0
2
2
3
4
2
3
3
3
1
-1
0
3
5
5
2
3
2
2
2
1
2
4
6
7
2
1
4
8
7
2
3
6
8
5
2
2
4
3
1
-3
-2
-1
4
5
4
4
2
5
7
6
2
-2
0
6
10
9
3
0
3
4
6
2
0
3
7
7
5
2
0
1
4
5
3
-1
-2
2
4
1
-1
0
3
5
0
0
0
3
5
2
0
3
2
4
5
3
5
2
2
3
1
5
0
0
4
2
3
-2
0
3
5
5
1
6
5
-1
0
-6
-4
3
0
0
1
-2
0
0
-1
3
3
3
2
1
2
1
3
3
-5
-2
9
3
0
3
-1
-1
-1
-4
2
7
0
-5
0
-1
-4
1
1
-1
1
-2
-3
1
-2
-3
1
-1
1
0
-5
-5
-4
-2
0
2
2
-1
-2
2
0
-3
-4
-3
0
3
5
0
-6
-3
3
1
0
2
2
-2
-1
2
2
1
2
1
0
-4
-5
-1
4
4
2
0
0
2
0
1
4
7
7
2
1
2
6
6
4
1
-1
-2
-3
0
1
2
1
1
3
-1
1
-1
-2
5
1
0
5
5
2
3
0
3
9
5
0
-2
-3
1
2
6
4
1
6
5
0
4
2
2
9
7
-2
-1
3
2
3
7
4
-1
3
3
0
-1
-5
0
5
2
1
5
3
5
5
4
5
3
3
1
-1
1
2
0
7
9
3
1
3
3
3
3
2
2
2
4
6
2
0
0
-1
0
4
3
0
2
3
3
2
3
-1
-6
2
2
2
3
3
3
-2
4
-1
0
0
-1
1
-1
5
5
2
-2
-2
4
5
4
-1
-1
-1
2
0
-2
-1
0
-1
-2
-1
-3
-4
-1
2
2
0
-2
-1
0
2
1
0
-1
-3
-2
2
3
1
0
-2
-1
2
8
7
0
0
6
5
-1
-2
1
0
4
6
1
-1
6
7
1
-1
-1
2
4
3
-2
-1
4
5
4
5
6
3
-2
-1
3
5
3
-1
0
6
9
5
4
5
3
0
0
4
4
0
-1
0
0
1
3
4
4
5
4
-3
-9
-6
1
3
0
-4
0
5
1
-3
2
7
6
6
4
-1
-1
4
5
5
3
-3
-3
3
0
-4
-2
2
0
-2
0
2
1
0
1
-1
-1
-1
-1
-1
2
3
3
5
3
3
2
2
1
2
2
-1
-1
4
6
-1
-5
-4
1
4
4
2
1
0
0
1
4
4
1
-2
1
3
5
3
1
0
-2
-1
2
6
6
2
-1
0
2
2
1
1
1
1
2
5
8
8
4
0
0
3
5
5
6
3
3
2
3
3
2
2
3
1
-1
0
4
7
8
5
4
1
-1
-1
1
3
5
3
2
3
5
4
1
1
2
3
4
4
4
2
0
0
2
2
0
-1
-1
0
-3
-3
-1
3
2
0
1
5
7
5
3
2
5
6
6
3
2
5
6
6
3
2
1
1
-1
-2
0
0
-2
0
1
0
-3
-3
2
2
1
1
0
0
-1
1
6
5
2
-1
1
3
-2
-2
1
4
2
-2
-2
2
4
5
0
-3
-1
3
4
0
-5
-4
-1
0
-1
-1
1
2
0
-4
-1
2
2
-1
-3
-1
0
0
-1
2
4
3
0
-1
-1
1
0
-1
-1
-1
-1
-1
1
1
-2
-6
-5
0
3
1
-4
-1
0
2
1
2
1
-2
-7
-7
-1
4
2
1
0
0
-1
1
-1
-1
-3
-2
1
-1
-2
0
5
5
1
-3
0
3
3
1
2
3
1
2
1
3
2
0
0
3
4
3
0
1
3
4
3
2
3
0
-2
0
6
6
3
-1
2
6
6
3
4
5
5
2
0
5
10
6
0
-1
4
6
4
2
2
3
5
7
6
7
7
9
11
9
7
6
8
11
13
11
6
5
3
6
7
8
6
6
5
5
3
3
5
3
2
4
10
15
11
4
-1
1
6
5
2
3
4
5
3
0
3
3
2
-2
-2
2
7
6
2
-2
1
2
1
-1
0
2
1
0
-2
-6
-7
-2
3
2
-1
-6
-9
-9
-7
-3
-2
-4
-9
-10
-6
-4
-7
-8
-7
-3
-1
-2
-2
-2
-7
-15
-15
-7
3
-1
-11
-14
-8
-4
-4
-1
1
-2
-10
-13
-8
-4
-5
-8
-9
-9
-7
-3
-1
-4
-9
-7
-1
2
-1
-3
-3
-3
-2
2
5
1
-6
-4
4
7
5
2
3
7
6
1
2
6
8
3
-2
1
8
9
3
3
5
5
0
-2
5
10
8
4
2
6
9
9
9
9
10
8
7
6
8
13
12
9
6
7
5
7
10
10
7
2
3
18
31
19
-2
0
22
43
46
12
-22
-4
39
37
8
8
14
13
37
62
39
-7
-31
-14
46
89
42
-152
-245
180
904
1087
370
-439
-627
-494
-263
137
423
198
-326
-527
-401
-193
-20
-62
-250
-236
251
780
797
363
-194
-534
-457
27
517
528
106
-404
-638
-512
-255
-97
-154
-273
-268
-69
229
348
185
-115
-296
-190
127
415
452
228
-82
-262
-230
-79
25
2
-91
-144
-98
-3
30
-51
-185
-235
-124
104
304
348
228
48
-56
-24
96
204
226
169
91
41
15
-25
-92
-152
-153
-79
30
104
87
-6
-101
-122
-57
45
135
178
156
93
43
37
47
16
-42
-59
-15
28
13
-59
-157
-229
-228
-164
-84
-28
-20
-43
-46
-38
-59
-76
-40
3
15
21
11
-49
-102
-93
-82
-153
-249
-245
-127
-25
-53
-192
-325
-337
-194
-45
-92
-262
-120
554
1313
1432
773
-48
-374
-124
328
611
558
182
-308
-609
-559
-329
-239
-377
-510
-385
-32
286
371
238
32
-90
-1
324
682
779
540
192
11
33
74
2
-124
-148
-21
160
213
23
-319
-563
-521
-203
210
445
342
33
-173
-133
52
208
229
122
27
81
211
217
36
-247
-490
-518
-280
6
77
-80
-329
-522
-518
-330
-130
-19
28
5
-70
-101
-64
-60
-96
-104
-131
-215
-186
6
18
-511
-1447
-1969
-989
1444
3459
3305
1463
-329
-1076
-702
364
1246
1259
535
-320
-756
-625
-418
-712
-1307
-1513
-1019
-66
810
1053
511
-340
-794
-489
354
1157
1443
1153
580
125
-29
-74
-276
-563
-693
-589
-309
-5
59
-252
-780
-1144
-929
-178
516
791
799
617
253
-87
-227
143
1257
2173
1713
592
66
-274
-857
-831
-215
-166
-628
-703
-528
-553
-582
-672
-1006
-865
154
1044
1161
1104
916
148
-438
-144
196
93
128
165
-260
-685
-882
-1251
-1480
-1182
-921
-924
-575
127
461
136
-566
-1170
-1091
-163
619
-294
-2759
-3619
475
7893
11698
6925
-2649
-7919
-4785
1942
5479
4321
1056
-2105
-3994
-3659
-1522
130
-590
-2862
-3728
-1291
2704
4550
2820
-456
-2474
-1958
665
3725
5117
3797
719
-1902
-2402
-1117
36
-322
-1618
-2262
-1498
-24
785
81
-1655
-3013
-2784
-807
1868
3519
3077
1190
-336
-371
620
1547
1785
1312
645
150
-603
-1233
-25
2187
1680
-1465
-2793
-1294
9
500
1149
691
-1277
-2254
-1169
403
1496
1754
490
-1133
-783
786
1040
352
234
-54
-786
-476
424
14
-1374
-2363
-2569
-1649
-66
375
-488
-1108
-1413
-1830
-1308
248
1016
407
-252
-280
-244
-533
-924
-1088
-975
-1212
-2881
-5125
-3397
5628
16301
17081
4838
-9214
-12021
-3223
6608
9075
4978
-517
-4469
-6136
-4786
-1394
235
-2120
-5282
-4334
1006
5931
5961
1428
-3400
-4633
-1704
3104
6707
6946
3774
-525
-2945
-2367
-509
102
-1125
-2576
-2584
-1120
463
636
-1085
-3572
-4816
-3385
375
4056
4965
2897
185
-943
-91
1473
2138
1762
1366
1094
382
-866
-2237
-2148
675
3333
1933
-1290
-1958
-1193
-1187
-386
1170
765
-970
-1160
184
1539
2182
1325
-617
-1256
56
1112
1069
1182
1171
-235
-1857
-1752
-745
-596
-1120
-1500
-1684
-1560
-1068
-704
-675
-701
-746
-787
-516
19
236
-243
-1063
-1517
-1205
-479
-209
-952
-2421
-3649
-3403
-1302
657
-277
-3241
-3417
2724
12797
18692
13131
-727
-10100
-7225
2231
8351
7529
2101
-3951
-7424
-7261
-4483
-1572
-1506
-4360
-5756
-2202
3770
6659
4291
-559
-3423
-2119
2073
6333
8200
6454
2121
-1834
-3072
-1874
-527
-949
-2602
-3390
-2677
-1495
-670
-1000
-2929
-4712
-3908
-776
2626
4888
4875
2608
525
398
1541
2773
3243
2610
1088
-429
55
2912
4553
1668
-3014
-3984
-1941
-1217
-861
582
17
-2515
-3131
-1543
221
1723
2311
1119
40
1316
2798
1964
1129
1262
-292
-1809
-269
1042
-393
-2178
-3451
-4526
-3962
-1982
-1228
-1921
-1834
-1189
-1207
-769
-125
-1009
-1895
-787
427
-161
-1106
-1377
-2200
-3345
-3359
-3018
-3096
-2007
57
-70
-2835
-3896
864
10788
19650
19351
8506
-3620
-6856
-1331
5390
7741
4678
-1732
-7101
-8340
-6566
-4400
-3536
-4890
-6740
-5083
567
5715
6740
4074
440
-1062
974
4983
8143
8507
5701
1419
-1501
-1954
-1491
-1825
-3108
-4204
-3899
-2316
-828
-967
-3170
-5598
-5752
-2984
1585
5524
6606
4746
1624
6
1285
3653
4611
3643
1559
312
1038
2735
4706
5153
1657
-5053
-8810
-6055
-1748
835
1541
-232
-3750
-5510
-3163
-217
1768
3226
2737
1855
2395
3914
3989
1979
371
-1210
-2475
-1786
-181
-228
-2639
-4756
-5550
-5150
-3473
-1879
-1505
-1480
-838
-649
-1005
-879
-740
-1314
-1385
-625
-409
-899
-1650
-2917
-3917
-2951
-2164
-2912
-2653
-792
249
-894
313
6745
15074
20633
18932
9366
-3938
-11833
-7392
3583
9897
6249
-2718
-9408
-11241
-8838
-5437
-3368
-3009
-4155
-3340
1439
7194
8401
4059
-162
-1137
1488
6340
9821
9603
5076
-748
-4683
-5187
-2648
-866
-1649
-3712
-4641
-3695
-2380
-1939
-2737
-3877
-3894
-1807
1869
5566
6875
5035
2262
931
1185
2147
2935
2735
4114
7490
7439
707
-5787
-4665
-1211
-614
-1029
-610
-1685
-4836
-4903
-2303
-527
-542
-1375
-661
1625
4780
5610
3170
1506
774
-87
-499
499
1532
-247
-2353
-3421
-4345
-4348
-3764
-3254
-3689
-3527
-1886
-1190
-1004
-822
-1309
-1311
-262
265
-1320
-2837
-2141
-1020
-888
-1677
-3416
-5186
-5257
-3915
-2504
-608
1734
2259
1258
3463
10299
16530
16799
10405
1284
-3766
-1468
3338
4498
1702
-2786
-7364
-9390
-7392
-4130
-3068
-4365
-5541
-3895
751
5052
5945
4132
2103
1369
2619
5656
8217
7636
4099
269
-1832
-2082
-1441
-1423
-2634
-4075
-4348
-3478
-2447
-1871
-2451
-3867
-4305
-2130
1556
4425
5104
4077
2695
1518
2218
3664
4304
3505
1209
454
1627
4958
8061
6703
586
-7250
-9169
-5449
-1762
939
527
-2932
-6325
-6068
-2414
607
2479
2039
694
1933
4507
6351
4965
1915
-721
-3201
-2717
-687
162
-1251
-4487
-6406
-7029
-5392
-2691
-1740
-1806
-2574
-2749
-2050
-564
654
-283
-1807
-1954
-933
-98
-170
-1580
-3745
-5093
-5214
-4732
-3565
-1258
406
-136
-929
836
5319
11050
15931
16303
10203
1717
-2404
-451
3304
4224
1290
-3322
-6766
-7664
-6471
-4604
-3730
-4656
-5689
-3877
824
4926
5754
3946
1832
1481
3461
6154
7351
6450
4188
1537
-494
-1425
-1778
-2256
-2975
-3521
-3419
-2766
-2228
-2201
-2691
-3473
-3603
-2059
738
3358
4658
4141
2613
1909
2641
3953
5474
6646
5660
2142
-1182
-1488
1074
3474
2470
-1806
-5816
-6867
-5286
-2676
-804
-983
-2436
-2885
-1424
964
2902
3275
1974
707
1312
3222
4352
3677
1527
-1183
-2911
-2612
-1456
-1449
-2920
-4847
-6111
-5786
-3870
-1987
-1409
-1803
-2126
-1916
-1342
-687
-53
594
603
-97
-1186
-1832
-2135
-2159
-1744
-2471
-3750
-4524
-3703
-2324
-2154
-3863
-5283
-333
8796
15403
11939
1588
-670
5779
12200
11769
6145
866
-4164
-5791
-3242
621
1180
-4755
-9857
-9169
-3434
1658
1556
68
-1336
-1051
944
4248
7879
7819
4938
1773
1388
3499
4566
3054
-95
-2305
-3210
-3305
-2466
-1316
-1905
-4186
-5235
-3795
-1267
618
1215
256
-826
43
2291
4171
4518
3137
1604
1589
3142
4355
2294
-1673
-1825
3898
9969
8732
1252
-4659
-7204
-7228
-2812
2438
2342
-1717
-4831
-5258
-3573
-911
685
216
318
2868
5277
5556
4448
1703
-2487
-4613
-2716
79
838
-373
-3060
-5696
-6086
-5006
-4417
-3995
-3536
-3534
-2474
548
2721
1549
-1474
-3335
-2863
-1143
624
2412
2952
109
-4172
-5861
-5242
-4705
-4331
-4371
-6091
-8082
-6762
99
11088
18700
15224
5505
1757
5991
10421
10466
7853
3986
-1232
-4783
-4380
-2802
-3184
-6690
-10642
-9168
-2995
1247
1516
71
-1113
-1018
1026
5049
8388
8129
5425
3286
3083
4089
4236
2269
-756
-2784
-3044
-2208
-1222
-1339
-3280
-5532
-5890
-4245
-1905
54
750
198
-148
751
2229
3296
3899
4338
4800
5224
4174
1088
96
4424
8744
5991
-724
-3839
-4235
-4801
-2748
226
-1029
-4160
-5575
-5627
-3672
-545
563
158
1374
4073
5143
4217
3670
2542
-521
-1856
-205
725
214
-1075
-3852
-6353
-7029
-6824
-5897
-4009
-2056
-1379
-1688
-1002
65
-470
-1353
-824
340
943
925
153
-1457
-2256
-1553
-1249
-2136
-3769
-5752
-6885
-5956
-3587
-3907
-9198
-12597
-5661
10627
25401
25821
11943
-1745
-4408
3103
13793
18703
13239
1706
-7614
-9619
-5773
-2043
-3165
-8687
-12270
-8381
-834
3505
3415
-100
-4206
-3891
1570
8435
12378
10904
6071
2172
1397
2778
3487
2235
-276
-2833
-3415
-1698
-731
-2656
-6011
-8277
-8064
-5013
-284
3028
2765
681
-324
311
2106
4031
4855
5112
5412
5474
5026
2703
-1488
-3446
546
6986
7569
2125
-2201
-4916
-7296
-5405
-866
71
-2259
-3968
-3931
-2372
120
1110
-492
-876
2110
4777
5461
5975
4778
13
-4136
-3879
-2018
-1343
-1611
-3460
-5938
-6369
-5524
-5046
-3727
-1453
-747
-1857
-1922
-503
580
1486
1709
-226
-1915
-1022
207
-54
-1495
-3428
-4289
-4264
-4387
-3450
-2639
-4637
-8576
-13732
-17120
-9450
11271
30070
30689
15245
-341
-4974
2057
14080
20063
14964
3834
-6659
-11015
-6982
-1910
-4434
-11553
-14450
-9944
-1819
3785
3685
-739
-5333
-5362
452
8564
13873
13137
7765
2984
2067
3464
3996
2488
-62
-2121
-2710
-1907
-971
-1829
-5320
-9253
-9821
-5871
-316
2988
2652
235
-1433
-350
3065
6162
6641
5010
3653
3780
4448
4216
2390
-857
-3965
-4090
129
5817
7755
3693
-3329
-8211
-8240
-4377
278
2705
1813
-918
-2802
-2423
-706
464
408
151
1070
3160
4837
4363
1351
-2660
-5061
-4217
-1047
1258
200
-3361
-6514
-7384
-5989
-3475
-1062
-311
-1466
-2036
-262
2658
3077
506
-2103
-3085
-2227
-584
-175
-917
-1538
-3290
-4272
-4814
-4397
-2262
-3095
-7283
-14552
-20100
-15178
8003
31379
32766
20141
-591
-9019
1463
13275
21353
19491
8247
-4744
-11130
-8959
-3781
-3850
-12191
-16351
-10911
-1925
4153
3905
-861
-5727
-6324
-475
9165
15309
14091
8169
3210
1934
3026
4485
4051
1084
-2443
-3876
-2685
-1278
-2278
-5803
-9488
-10332
-7205
-2193
1302
1388
-1062
-3124
-2173
1520
5311
7198
6940
5638
4897
4778
3979
2583
1021
-1639
-4213
-3801
-1310
814
3220
5030
2660
-2539
-5304
-4655
-2243
1817
5508
5002
668
-3412
-4734
-3077
269
2232
1276
88
909
2053
1890
569
-2461
-5808
-5191
-1072
503
-2081
-4344
-4948
-4890
-3675
-1776
-791
-959
-867
-304
132
610
-31
-2511
-3462
-1518
-555
-559
-430
-1445
-2299
-5405
-4182
-5144
-5695
-2289
-3828
-13417
-20180
-15622
5139
31519
32565
23716
-2293
-10915
-3357
11692
21089
22406
10718
-4884
-13582
-10159
-4429
-3676
-9770
-13469
-10015
-640
4666
2991
-2580
-9181
-9991
-2006
11049
18564
14906
7530
162
-1325
2679
6567
7126
4367
921
-1710
-2274
-2086
-3565
-6823
-8960
-7737
-3970
-305
243
-2158
-4938
-5263
-2106
2705
6096
6534
5218
4272
4665
5470
5146
3065
212
-1737
-1929
-908
-4
-120
-1040
-1762
-1455
-237
949
1212
541
-190
-43
1071
2154
1916
47
-2313
-3490
-2734
-826
668
705
-415
-1375
-1198
-383
-321
-1687
-3463
-4159
-3316
-1899
-1402
-1941
-2605
-2718
-2755
-2822
-2189
-869
-435
-1946
-3243
-2439
-458
-528
-1410
-1350
-1174
-777
-1161
-880
-1764
-3654
-5022
-5464
-7753
-14953
-19639
-14496
8795
32758
32767
16467
-4488
-10566
-1603
12593
24583
23627
10088
-5509
-10927
-7087
-1910
-2895
-9330
-11513
-7064
-1056
654
-1886
-6350
-10169
-8541
468
11224
14696
9374
2355
197
2449
5950
9222
10461
7447
1380
-2841
-2819
-1376
-2081
-4730
-6622
-6098
-3711
-1674
-2245
-5177
-7347
-5925
-1450
2784
4173
3128
1771
1843
4251
7962
9539
7061
2980
720
988
1728
-82
-4040
-4741
201
4918
4076
-75
-3577
-5308
-4151
-69
3102
2380
-297
-2596
-4269
-3840
-796
986
-42
191
2365
2625
1455
489
-2228
-5608
-5190
-2120
-22
1149
424
-3105
-5568
-4795
-3860
-3506
-1777
25
-62
-1247
-2830
-3120
-1616
660
237
-6
-698
-2573
-4618
-4185
-2910
-2718
-1950
-2820
-9918
-21653
-20103
-1184
26006
32665
24280
-2242
-14046
-5552
11419
23912
29538
18783
-1622
-16263
-12329
-3370
330
-3327
-6407
-6080
-3614
-3462
-6344
-9728
-10408
-7405
452
9298
12267
7433
911
-1422
1187
5754
9929
11725
10040
5442
463
-2461
-2899
-2559
-2583
-2324
-1594
-1968
-4311
-7305
-9396
-9485
-6440
-919
3461
3757
1278
-639
-197
2579
6266
8404
7797
5663
3663
2293
761
-1185
-636
4548
9130
6564
-537
-5587
-7397
-6586
-2554
1816
2335
-311
-3155
-4942
-4823
-2946
-1267
-12
2351
4508
3664
564
-1727
-2328
-1873
-413
1157
930
-1198
-3453
-4704
-4657
-3355
-1851
-1193
-1195
-1669
-2695
-3497
-3499
-3390
-3133
-1600
537
1056
-355
-2136
-3581
-4500
-4009
-2258
-1007
-1642
-5558
-13857
-20886
-13790
10632
32767
31098
7056
-12441
-10247
5504
18862
23429
19085
7349
-4469
-7062
-1627
1283
-2533
-6041
-3443
1220
820
-5372
-11610
-12582
-8281
-2147
3208
6146
5085
1352
-513
1259
3844
5692
8146
10347
9000
4238
28
-1507
-1589
-1005
600
1731
108
-3348
-5619
-6151
-6699
-6795
-4078
345
1796
-550
-3085
-3299
-1636
1135
4439
6125
5670
4060
2585
1782
1424
863
2785
9067
12240
8033
-1011
-6494
-6073
-3672
2492
5937
2746
-4197
-9064
-8361
-7169
-4240
-585
831
2047
2615
-73
-4599
-4912
-1088
2821
5341
4966
396
-4402
-4938
-3353
-1905
-118
982
-37
-1982
-3036
-3864
-4649
-5110
-4401
-1814
362
197
-3223
-5779
-5845
-5007
-4033
-1289
-80
-3010
-10300
-17387
-18866
-943
27815
32767
16895
-10030
-12462
2301
16021
20579
19625
10532
864
-1687
1097
-618
-4619
-5573
-621
5610
4499
-6741
-17291
-16225
-7406
-830
1891
1638
-1122
-3616
-2587
140
1970
3084
5004
8120
10572
8441
1942
-2292
-203
4463
7249
7008
2767
-3816
-7238
-5613
-2840
-2094
-3019
-3813
-3513
-2961
-3307
-4346
-4490
-2382
982
3338
3649
2307
896
1216
3440
6053
7344
6998
6097
5217
3769
1534
-307
-282
1424
2735
1637
-1913
-5862
-7706
-6581
-3907
-1858
-1487
-2269
-3218
-3859
-4204
-3937
-2395
171
2148
2089
-103
-2855
-3551
-1636
653
1848
1822
384
-1629
-2795
-3253
-3730
-3359
-1541
-283
-974
-2503
-4344
-6038
-6074
-4767
-3360
-1910
-1681
-4993
-12069
-18943
-15525
5433
29217
28042
2042
-14959
-4600
13433
19543
17575
13592
7479
4063
5741
5114
-514
-3807
-747
5196
7913
1506
-10483
-14570
-7799
-1144
464
-755
-4801
-8203
-6051
-2515
-2582
-2588
593
4604
7073
6103
1289
-2431
-448
4837
8701
9142
6377
2229
-318
-678
-23
710
1038
1323
967
-795
-3793
-5940
-5657
-2876
200
1391
307
-3319
-5062
-4117
-269
4369
4986
4545
3228
3854
5249
3958
2981
2332
3700
4860
3837
2120
-94
-1699
-2527
-2345
-1786
-1751
-2524
-3207
-3518
-4175
-4688
-4325
-3030
-1997
-1951
-2405
-2746
-3017
-3759
-4308
-3157
-847
433
22
-992
-1920
-1952
-1458
-1509
-642
1077
645
-2152
-3506
-3525
-3984
-3491
-1345
-861
-5126
-10500
-15101
-10814
7469
22068
14211
-8452
-13535
2644
13313
12179
9107
8544
6226
5339
8124
4767
-1419
-538
6387
10250
6222
-398
-6300
-6952
-1841
2615
2403
-1673
-3816
-4282
-4443
-4940
-5658
-3803
-1019
1468
1390
-1657
-4256
-4302
-1335
2381
4452
4154
2571
973
-113
-144
979
2842
4002
4271
3658
1822
-2
-1390
-775
1415
2918
2818
618
-1436
-3526
-4039
-1009
1846
2657
1405
764
632
-705
-219
453
398
1782
3054
2140
-794
-1409
-60
-317
-270
550
839
-474
-1472
-749
-1361
-1865
-1383
-1180
-1058
-1820
-2543
-3514
-3482
-2190
-2537
-3244
-3719
-3290
-2054
-1941
-1808
-1679
-1369
-1142
-1572
-807
-509
-934
-713
-1043
-1022
-1682
-2166
-474
-588
-3323
-6830
-8032
-1797
8104
10585
1478
-6953
-2884
5223
6752
3883
3239
3753
2837
5254
6653
1183
-3176
1286
8625
7483
1645
-278
-91
203
1463
2889
1479
-886
376
2022
304
-2698
-3627
-2083
-275
854
474
-1495
-3491
-3798
-2042
-214
213
14
-29
-649
-1438
-1144
-218
248
607
1197
1375
1049
579
769
1223
1837
2187
1318
588
421
569
104
-429
1051
2204
1126
-583
-1027
-634
-1023
-689
302
83
-691
-698
-353
-1506
-1933
-375
291
115
-24
86
157
-350
-578
57
629
485
375
121
-461
-588
-842
-1738
-1669
-486
-356
-1145
-1420
-1492
-1693
-1334
-331
389
93
-675
-903
-802
-638
-72
260
49
3
-76
-212
39
30
-273
-263
-306
-553
-755
-839
-611
-341
-440
-555
-192
352
99
-971
-1430
-698
262
677
515
-165
-879
-624
484
1141
934
643
665
894
1238
1519
1590
1382
1233
1167
975
805
774
1025
1106
923
909
938
844
424
-105
-330
-33
842
1385
1124
541
95
-73
-216
33
745
1251
1182
686
283
-161
-714
-702
216
1213
1123
-32
-1136
-1446
-1173
-730
-503
-553
-829
-975
-648
-557
-1014
-1524
-1343
-563
-83
-53
-448
-870
-743
-102
607
712
413
212
208
508
735
612
193
-207
-295
-341
-315
-370
-622
-564
-289
-242
-540
-522
31
227
32
-102
53
317
293
119
-127
-323
-328
-82
331
457
97
-506
-1006
-1151
-773
-74
356
198
-161
-124
171
83
-505
-931
-710
-138
215
131
-227
-527
-491
-223
-85
-176
-183
214
714
570
-204
-685
-362
300
703
769
543
-47
-608
-539
-11
515
893
806
157
-399
-404
-24
390
499
466
674
915
870
627
390
315
480
976
1551
1605
1090
473
177
415
780
812
625
351
102
59
46
-193
-536
-633
-318
94
81
-447
-983
-1044
-750
-507
-470
-575
-642
-482
-171
-48
-195
-303
-130
142
203
88
20
-19
-183
-412
-543
-607
-638
-544
-464
-528
-473
-289
-357
-628
-731
-458
70
341
166
4
5
-36
31
247
338
303
308
348
292
19
-258
-212
53
166
-19
-176
120
654
739
194
-361
-314
190
493
248
-191
-179
299
518
64
-504
-495
34
523
584
256
-148
-354
-250
112
432
344
-10
-87
171
246
-62
-373
-354
-60
275
376
64
-460
-731
-573
-205
103
189
129
131
153
16
-153
-72
214
564
1051
1291
717
-180
-554
-317
150
470
573
388
-182
-632
-541
-248
-38
96
143
60
-132
-278
-422
-595
-537
-330
-150
65
145
0
-179
-264
-112
214
423
416
279
150
94
40
-7
-52
-184
-336
-294
-29
181
79
-231
-473
-496
-353
-145
54
137
55
-91
-235
-348
-321
-78
212
229
-35
-227
-147
104
204
28
-118
-141
-168
-90
128
379
505
380
284
341
194
-61
-32
144
166
89
163
295
122
-288
-418
-69
346
400
179
-48
-226
-310
-155
222
517
465
147
-122
-175
-133
-134
-151
-37
163
259
63
-338
-614
-649
-419
-25
356
454
247
-94
-300
-188
186
744
801
568
367
249
144
-296
-233
-64
55
284
136
-259
-655
-464
-242
11
199
-41
-143
-253
-109
29
-191
-434
-495
-184
212
277
-45
-357
-406
-158
207
421
418
189
-82
-159
-58
-62
-184
-139
0
6
33
162
134
-37
-123
-119
4
257
305
29
-159
-91
-41
-17
103
154
35
-78
-47
96
201
71
-221
-323
-124
124
232
205
109
69
94
149
210
93
-207
-399
-202
238
551
424
-5
-204
-143
1
84
125
230
225
131
34
-57
-73
48
291
365
145
-99
-129
8
148
142
-78
-343
-451
-405
-307
-169
-32
-102
-229
-283
-270
-106
61
196
256
228
222
329
464
270
-102
-273
-210
-45
35
-30
-234
-525
-638
-378
-6
115
-55
-333
-419
-192
141
257
27
-300
-507
-355
109
387
313
95
58
140
171
216
180
94
101
223
288
138
-117
-282
-239
-29
155
135
45
65
118
211
331
252
5
-93
19
193
310
341
256
-16
-240
-67
324
413
70
-373
-451
-87
254
245
45
-84
-172
-159
-22
45
33
-30
-43
-17
-81
-258
-396
-117
301
354
177
-50
-110
-51
-78
-131
-143
-49
58
154
180
23
-183
-356
-268
68
243
183
151
92
-204
-506
-526
-350
-135
117
124
-157
-322
-245
-9
161
228
244
324
491
438
227
48
-49
-36
72
164
70
-113
-217
-259
-238
-158
-105
-62
-75
-201
-258
-173
-6
89
-115
-370
-280
-90
-107
-117
74
228
189
131
62
-48
22
231
343
349
234
16
-129
-143
-99
-16
93
135
52
-53
-48
50
146
177
184
221
192
85
12
-17
-21
77
253
276
86
-133
-138
62
171
33
-142
-68
123
288
169
-303
-449
-221
122
395
184
-107
-300
-191
226
59
-67
55
-392
-346
376
290
-52
-286
-603
80
442
49
139
-71
-100
33
65
377
-161
-352
184
-109
-257
-93
-258
-436
-459
-361
-211
-22
39
-16
-135
-88
47
107
235
217
182
154
-3
37
259
213
-33
2
132
0
-71
50
-15
-121
-53
49
165
136
-65
-300
-296
140
312
-8
-39
48
-35
69
3
-122
-49
17
245
451
303
-26
-75
16
81
63
44
176
124
217
4
-334
32
-18
-240
81
204
109
158
33
-336
-453
-346
6
198
-244
-307
-74
61
297
207
-4
-150
-44
129
139
143
-86
-119
165
324
141
-224
-392
-287
78
352
318
9
-361
-419
-255
-84
22
21
55
70
-21
-113
-179
-61
165
336
466
382
145
-5
-30
-3
-13
-58
-72
-11
-76
-375
-510
-311
-118
-171
-276
-183
38
146
23
-41
55
63
71
138
217
271
111
-64
-66
52
161
127
145
71
-224
-419
-260
123
250
122
-121
-215
-56
43
15
-61
-3
169
260
149
-46
-148
-74
118
164
174
188
172
146
72
86
133
179
206
162
79
-6
-27
-13
-42
-91
-16
178
278
132
-168
-363
-328
-171
-50
-63
-169
-217
-160
-45
116
204
134
31
-47
-121
-137
-63
65
182
184
58
-6
14
-5
-28
-27
-88
-203
-159
-15
-66
-290
-466
-376
-88
86
114
-7
-168
-207
-108
124
301
360
328
233
184
139
101
91
59
-12
-83
-90
-46
-102
-251
-400
-407
-159
11
-2
-31
-60
-30
79
155
98
106
182
252
298
172
12
8
230
412
272
53
-67
-20
59
-67
-173
-87
17
40
68
-12
-268
-319
-71
147
68
-114
-78
55
166
188
34
-126
-95
8
87
181
197
134
89
83
93
112
0
-199
-188
35
246
268
145
-127
-465
-478
-192
42
5
-208
-349
-350
-246
-168
-181
-111
58
192
245
108
-129
-177
-96
45
248
314
258
236
156
65
71
8
-110
-107
-66
-45
3
-11
-200
-464
-500
-241
37
147
64
-111
-194
-130
107
353
359
255
222
267
395
322
-24
-109
32
109
288
106
-394
-273
-138
-332
-85
-168
-475
81
223
-295
-66
177
-59
74
229
33
65
335
351
166
68
31
103
249
181
38
30
-17
-105
-94
-17
-7
-69
-71
-65
-154
-189
-131
-91
-28
45
79
130
115
-35
-143
-121
-21
153
279
229
113
88
92
-45
-168
-38
178
289
302
110
-160
-219
-168
-156
-169
-205
-133
40
0
-262
-474
-495
-284
-16
111
112
-8
-150
-111
-55
-126
-90
83
274
359
334
226
62
16
54
152
207
88
-33
-85
-106
-192
-252
-164
-181
-262
-242
-106
37
-27
-119
-135
-61
101
241
368
388
266
97
58
100
122
91
71
126
109
98
-17
-230
-277
-204
-67
59
80
-54
-184
-186
-164
-115
39
270
311
81
-73
53
192
209
174
83
61
136
197
114
-32
-197
-241
-23
204
243
-7
-200
-214
-178
-31
36
88
79
-39
-119
-95
-30
-60
-55
-25
61
216
225
25
-216
-263
-44
254
360
209
-151
-337
-189
59
231
106
-108
-172
-126
-96
-142
-161
-198
-193
-131
-143
-214
-238
-127
61
120
-66
-245
-241
-135
105
318
276
130
44
9
72
162
163
94
29
23
24
10
-35
-130
-171
-135
-130
-75
22
41
13
-82
-89
61
187
255
224
184
149
52
29
62
155
215
186
201
130
-11
-114
-206
-149
-14
55
117
150
45
-152
-220
-118
71
187
123
48
50
117
104
5
-24
-46
20
80
36
-55
-171
-165
-39
108
130
27
-84
-146
-60
53
15
-31
0
-1
27
51
-73
-174
-112
-6
64
98
13
-156
-186
-31
88
74
39
-12
-47
7
49
22
49
104
65
-9
-108
-137
-84
-39
-7
-58
-79
-105
-199
-203
-146
-74
-32
-23
-33
-70
-55
-60
-92
0
103
151
181
73
-51
-39
52
147
205
151
-44
-128
-62
7
2
-63
-39
12
46
35
-7
-9
3
41
95
188
216
109
30
-11
37
166
223
232
173
45
-4
26
5
-96
-126
-19
131
177
102
-15
-165
-244
-119
129
271
163
-6
-74
-76
-75
-41
67
118
46
-92
-161
-136
-125
-48
37
35
6
-82
-117
-97
-131
-118
-37
57
60
-21
-58
-95
-136
-116
-14
110
124
-24
-175
-130
6
72
84
37
-11
-21
-24
-1
21
90
152
66
-36
-78
-69
14
47
27
15
-45
-126
-78
56
35
-80
-70
-11
-28
-8
48
18
-56
-94
-97
-39
57
65
27
44
31
-20
29
114
113
64
4
-55
-65
-14
25
9
-7
-5
-26
-76
-67
14
101
163
133
56
-11
-77
-88
3
192
278
157
46
-17
-33
55
113
120
86
29
70
104
45
-47
-38
94
117
53
-3
-13
21
-23
-101
-89
-30
-5
34
58
13
-55
-119
-119
-33
70
69
-33
-106
-102
-69
-3
49
-51
-117
-86
-95
-91
-96
-122
-114
-42
-14
-48
-22
0
-54
-74
-29
37
104
69
3
-23
-40
-4
4
32
60
13
-41
-70
-4
122
133
8
-104
-118
11
149
85
-20
-49
-65
-39
0
37
72
38
-21
-36
-34
-36
-53
-31
72
166
152
43
-34
-14
30
66
64
31
51
71
61
59
11
-73
-98
-87
7
144
135
53
-30
-77
-75
-31
34
64
164
136
-30
-99
-96
-1
62
32
14
46
41
-42
-70
7
112
114
4
-41
27
34
-21
-27
-61
-94
-29
22
-12
-43
-56
-44
-5
-37
-99
-85
-43
-22
-23
-51
-68
-93
-112
-69
-10
23
-8
-57
-6
33
-24
-66
-56
7
108
113
44
-31
-74
-22
18
56
96
65
2
-101
-68
46
28
19
-7
-12
55
45
-7
-56
-42
15
36
51
28
39
83
49
20
37
51
48
27
-45
-86
-32
-54
-44
10
-25
-47
-61
-23
31
86
95
23
38
49
29
32
13
-41
-41
46
97
82
67
56
2
5
10
6
44
41
61
48
11
-42
-57
14
14
-7
9
42
15
-64
-119
-108
-17
39
26
-4
61
99
8
-27
-78
-77
32
38
0
-97
-154
-26
46
0
-57
-91
-102
-116
-73
6
5
-52
-72
-66
-35
-12
-44
-67
-3
100
120
33
-62
-63
-6
71
99
46
32
46
38
31
72
45
6
67
62
45
3
-22
23
14
19
0
-16
28
56
44
-2
-55
-95
-60
34
106
88
12
-1
30
72
114
68
-37
-80
-91
-76
1
58
72
46
-61
-155
-142
-59
42
97
64
15
-9
-46
-94
-115
-47
48
82
122
127
17
-58
-55
-26
46
90
79
52
-10
-63
-65
-23
14
11
39
38
-58
-68
10
7
-42
-57
-38
-8
-9
1
28
32
6
-17
36
89
26
-95
-75
0
33
87
35
2
-8
-109
-99
-37
-17
-6
-10
1
-52
-83
-67
-70
-10
16
8
31
32
-4
-37
-2
21
-31
-57
-20
35
99
97
29
-20
-46
-9
28
-7
-13
-2
-19
35
96
77
57
11
-6
-18
26
89
27
-14
-37
-25
36
37
37
55
76
50
23
-3
-39
-33
-22
39
125
95
-6
-45
-77
-75
-6
31
60
100
71
-20
-35
-59
-79
-28
-7
18
40
81
57
-15
-7
-27
-11
11
-12
8
18
-43
-97
-74
-2
50
-12
-101
-101
-71
-19
51
16
-97
-115
-37
63
71
-34
-91
-11
78
52
-16
-57
4
46
22
49
-1
-39
-40
-28
46
33
-20
-41
-35
-20
-12
32
42
49
20
-44
-24
-12
35
69
39
64
57
17
-27
-37
-16
6
84
116
30
-34
-41
-40
23
27
27
66
28
15
19
30
21
9
23
-29
-11
39
17
7
-34
-69
-19
55
56
-21
-51
-28
-9
-20
0
45
10
-21
-18
4
48
12
-21
2
21
48
0
-61
-15
3
11
32
14
-20
-70
-64
-49
-21
61
84
52
-18
-49
-29
-4
52
24
-10
-1
-55
-48
-7
0
-22
-52
-9
34
42
-10
-76
-63
-32
42
88
61
20
-59
-63
-17
23
71
44
31
42
25
-3
-53
-37
-12
2
23
20
-3
-85
-94
-114
-94
34
63
40
-25
-76
-54
16
87
75
31
35
75
13
-14
-1
-36
-31
10
69
32
-15
-31
-62
-8
30
77
118
30
-38
-55
-26
87
78
35
28
-24
-6
7
77
95
-29
-61
-42
27
51
10
22
8
36
53
28
2
-52
-49
-17
23
70
14
-24
-61
-117
-44
27
97
99
-36
-109
-115
-36
1
-51
-50
-24
26
46
6
-44
-55
-60
-23
71
73
-3
-57
-25
11
-18
-1
35
-7
-2
5
-36
16
-5
-60
-21
10
61
68
50
-27
-104
-26
77
104
48
26
50
30
6
-29
-27
10
32
29
38
71
-2
-67
-61
-17
49
21
11
-23
-12
13
-30
-10
-7
32
63
79
62
-49
-72
-51
-3
40
57
73
-5
-53
-40
-18
5
-8
44
54
10
35
2
-36
-44
-89
-55
56
74
0
-35
-19
-47
-78
-43
-35
3
71
22
-19
-6
-7
-10
-9
15
8
24
53
15
12
10
2
7
49
46
-18
7
14
-20
-32
-5
-4
-25
-18
-61
8
66
-30
-58
3
58
44
-13
-47
7
74
68
13
-47
-55
-40
-2
44
17
-20
-48
-42
14
19
-22
-48
-32
-23
-29
2
11
33
51
35
60
62
9
-50
-53
5
35
53
35
9
42
26
5
25
-15
-33
23
51
57
10
-59
-68
-31
56
79
49
7
-37
-23
-27
-30
-18
19
46
47
58
-6
-91
-72
17
108
111
53
12
-49
-64
-34
-44
-9
14
-12
2
-11
-22
-28
-61
-49
-17
-6
5
2
-38
-65
-47
-37
10
73
50
-15
-19
3
-21
30
56
1
6
0
-19
13
25
-14
6
36
4
-21
-29
-5
-10
-20
-13
12
62
28
-37
0
69
47
7
-23
-21
35
28
7
12
-2
0
8
35
26
-20
-38
-31
29
86
39
-37
-73
-67
-22
67
120
41
-17
-19
-37
-33
-44
-22
22
45
46
22
5
-23
-12
12
-2
11
48
35
-25
-64
-45
1
35
57
23
-1
33
20
4
-10
-49
-26
13
25
17
18
2
-58
-26
59
52
28
0
-52
-54
-12
2
1
25
39
6
-18
-7
-6
9
15
6
-3
1
-13
-88
-55
13
-1
38
38
-24
-25
-16
-15
16
63
52
-16
0
20
-22
-22
-18
-3
25
10
-27
-38
-4
-39
-69
-3
15
-23
-38
-33
-2
30
30
-12
-14
41
56
-1
-53
-40
-11
30
90
51
-18
-36
-58
-46
-3
44
54
34
21
-9
-10
-11
6
32
8
3
30
37
-2
-14
-5
13
67
65
3
16
43
-15
-33
-7
-2
18
28
6
11
48
7
-40
-38
8
68
20
-24
-23
-7
18
-8
-32
-38
-37
5
51
40
41
18
-67
-59
3
-2
-7
22
-7
-21
-6
-23
-2
12
36
15
-67
-60
-37
6
44
-9
-39
-38
-9
22
11
11
-27
-42
15
21
17
13
-14
-18
-3
-2
6
67
56
15
8
-30
-17
12
7
-22
-24
18
-6
-38
7
42
-8
-50
-25
7
70
84
7
-39
-25
17
58
71
35
15
21
-7
-14
-16
17
41
15
5
-15
12
43
8
-25
-27
-41
5
77
21
19
33
-21
-6
-6
-20
-20
-7
11
-2
31
47
-27
-44
-2
8
15
2
-12
1
12
-11
-22
8
-2
-23
-17
3
36
8
-44
-65
-23
58
18
-54
-53
-23
28
35
22
4
7
23
8
-6
3
19
6
19
21
-32
-26
-18
-39
1
59
-5
-69
-33
-21
-6
21
14
-11
-29
-7
11
-2
16
0
-43
11
32
18
11
5
25
17
-7
-47
-30
16
21
24
36
31
-32
-40
-27
-6
51
41
19
22
2
-35
-14
16
15
10
-2
9
22
19
-31
-57
-17
8
36
19
-13
-8
12
37
15
-16
1
29
46
43
9
-10
-2
-32
-40
15
22
10
31
15
-22
-14
28
30
23
20
-43
-44
19
33
26
-6
-20
-2
21
47
0
-22
13
-41
-49
0
-17
-18
0
-8
-34
-35
-10
-42
-20
34
15
10
7
-4
-7
-14
17
42
46
22
-47
-45
3
6
26
8
-24
11
16
-30
-40
-3
-15
4
29
-20
-3
24
-2
18
57
35
-14
-19
4
20
10
-8
-4
8
4
8
30
16
5
20
11
0
15
23
11
0
-8
-5
7
20
2
1
18
-12
-42
-34
-5
50
49
13
-27
-51
-40
-25
23
12
0
-5
-34
26
31
9
21
1
-14
-52
-41
0
-6
15
28
-12
-27
-7
0
13
45
41
4
-1
-9
-13
-6
-32
-41
-7
39
41
-9
-9
-7
-29
-7
-6
-5
-2
11
6
-44
-41
-6
17
19
20
34
-9
-10
33
17
-2
-3
-1
32
32
0
9
27
23
-8
-3
32
21
12
-17
-48
12
35
-6
-13
-13
-5
15
32
19
8
29
8
-35
-26
-11
-9
25
56
37
-5
-28
-11
22
33
3
-22
-15
8
23
20
-3
-9
-7
-25
-3
2
-8
25
12
-11
-13
-23
-33
11
52
7
-18
-1
-5
-21
-27
-4
16
24
35
27
7
13
4
-13
-20
-49
-41
-17
14
54
13
-3
-32
-53
-4
-13
31
24
-22
-15
-49
-32
9
45
18
6
32
-13
-31
-24
11
48
32
-14
-49
-53
-32
34
64
31
2
-29
-59
-10
-6
-10
5
31
26
-14
-4
-9
5
45
45
34
20
-5
-7
34
3
-25
-25
-4
6
-9
9
-10
-10
46
13
3
-7
-24
-8
12
34
17
9
16
10
-10
-22
-13
11
49
32
8
0
-5
-21
-6
-1
2
25
-5
17
25
-8
1
-19
-13
8
17
12
-29
-13
0
-5
-13
-10
-11
-21
-5
-9
16
32
26
13
-2
-7
-9
1
21
23
18
1
-43
-4
9
13
9
-19
-2
-9
17
33
24
-8
-26
-18
5
2
-7
-3
-3
-1
20
-1
-16
11
29
10
7
-24
-47
1
12
28
42
0
-17
-19
8
21
3
16
13
8
0
-9
-14
-14
-23
-10
44
12
2
16
-7
25
18
-19
-41
-6
33
10
18
-14
-65
-11
18
14
33
12
-16
-23
-23
-15
26
26
5
-21
-16
-20
53
27
-19
7
-32
-5
7
10
24
24
2
-43
-17
-1
32
40
33
-11
-17
5
-5
-1
10
-36
-32
-11
-1
1
20
16
-28
-28
-11
-31
-29
35
26
33
29
16
-30
-12
13
-5
30
1
-19
-17
-3
-21
-32
-21
1
-5
32
46
-8
-41
-33
-25
-6
36
30
24
25
-6
17
15
7
-6
-33
0
24
34
39
14
-31
-33
-10
4
34
41
22
-13
3
24
15
48
26
-19
15
22
-23
-13
47
19
-3
24
-28
-27
28
19
5
-4
-4
-9
4
19
-23
-39
-4
16
-2
-9
1
-18
6
27
1
8
-2
-13
-17
-39
-22
-17
4
23
9
23
11
-18
-36
-4
5
-10
21
-5
-6
25
-3
-35
-32
1
-15
-16
9
-12
-6
-4
-31
-21
42
39
-15
1
-22
3
62
17
2
15
35
15
-12
21
-9
-32
-1
6
22
53
25
-23
-15
16
2
-9
15
-1
5
18
-8
-16
-13
10
25
28
15
-15
4
26
19
26
1
-43
-18
7
-9
5
8
-5
16
8
-10
13
-18
-1
36
21
0
0
2
-1
11
12
-11
-6
14
9
-31
-6
20
-15
12
28
-8
-10
0
1
10
31
-15
-53
-12
-27
-27
14
26
0
9
8
-5
-18
-10
-31
-32
15
2
-6
31
4
0
11
-1
-32
-39
18
15
5
6
-13
-46
-22
-5
-35
-8
24
22
-9
-13
-9
-25
-23
10
17
16
40
26
6
5
-1
-11
13
46
26
27
15
16
2
-3
28
-2
-22
14
7
-37
-22
6
11
21
6
1
-19
-2
11
3
17
13
8
26
19
-12
-2
0
8
17
-3
4
-17
-6
3
3
-8
-11
-3
15
16
3
23
21
-13
-1
38
17
0
12
-4
1
-4
-17
-4
11
39
-1
17
12
-59
-43
-6
15
8
30
23
-1
-8
-10
-1
12
-10
4
10
-26
4
10
-11
-34
-36
-20
-10
19
35
13
18
-20
-44
-14
-21
-8
21
33
5
20
37
6
-9
2
-35
-40
18
11
-19
-3
22
-5
-13
2
-23
-12
-9
-1
3
22
17
-4
23
16
-2
27
41
-2
-5
5
-22
-5
9
26
12
21
18
-13
-2
-7
-10
7
25
6
2
-1
-25
13
21
10
-16
-22
-21
-19
2
-1
13
2
14
23
9
-3
-14
4
19
12
-5
-30
-22
5
0
12
-17
-3
1
-13
20
38
22
-31
-18
2
-2
21
-8
-24
-4
24
16
33
36
1
1
-7
-25
-1
-12
-1
10
6
18
1
14
12
-36
-7
9
-29
-38
-17
-5
11
36
15
-21
-13
-5
-16
5
-2
-9
1
12
12
9
2
-3
-20
-15
0
-10
-19
-20
-17
3
6
18
35
14
1
4
-13
-20
-18
-12
8
24
24
3
18
34
17
1
-8
10
26
31
2
-10
-5
3
36
16
-9
3
-1
-1
46
46
-1
-12
-20
-2
4
5
-10
-12
26
30
40
24
4
-18
-44
13
17
-18
6
15
2
1
9
-27
-5
4
-9
-6
7
-16
-6
1
-32
-6
8
-2
-9
13
-21
-47
-1
8
11
12
-1
-14
6
5
-3
23
40
-1
-25
5
1
-3
27
22
-14
1
4
-20
7
13
-16
-11
-2
-6
-36
19
28
4
32
-1
-20
25
22
-20
-13
-10
-8
-4
17
26
9
8
-1
-20
-8
-11
2
14
-7
-8
8
-10
-20
-5
-6
-8
15
37
12
-13
3
2
16
21
3
7
-9
-11
-2
14
2
6
8
6
3
5
13
2
10
0
-8
4
13
29
4
-5
2
29
34
14
5
6
7
-2
17
16
18
-23
-8
-2
-5
6
8
-9
-18
0
3
28
13
-7
3
-7
-21
24
-5
-28
4
-3
-9
-23
2
19
-3
31
10
-25
-12
-14
-15
7
14
-19
-17
4
-22
-1
14
-24
-15
5
3
6
-3
-2
-20
-24
-10
-10
18
24
14
10
-13
16
16
-9
3
-10
-3
18
37
9
-10
-18
-42
-13
-9
17
27
15
11
-29
2
6
-10
15
11
-5
-6
4
-10
5
13
-19
-31
9
7
29
20
-28
-26
38
52
-6
36
-12
3
-8
-13
0
-20
35
1
9
-12
-9
25
19
6
-17
9
-3
-3
3
15
21
-5
5
-2
4
-7
-4
6
14
6
-7
38
-5
-16
7
0
-1
7
-14
-7
20
22
20
16
-20
-30
-19
0
7
5
26
17
10
7
3
11
-1
9
11
1
-1
-12
17
16
1
4
-14
5
16
22
28
-10
-6
4
4
14
2
0
-5
-2
-10
-9
17
-3
4
8
-20
-14
-4
-3
-11
5
1
-1
12
0
-11
-22
-4
15
15
-1
-6
14
2
-7
10
-3
-8
-9
-14
-5
-13
1
16
4
24
18
3
4
-31
-21
1
-11
-10
-7
-1
2
9
3
-19
-1
11
-1
12
27
27
3
-13
-7
-23
8
42
31
18
-5
-7
-13
-38
-14
38
5
0
21
-28
-18
-16
38
-13
-1
42
-29
-2
-56
16
-21
-5
4
-4
39
4
37
-6
-7
-26
-15
-6
-35
-5
24
25
-29
-14
6
13
-3
10
4
-1
6
4
-8
9
-1
17
15
19
21
-2
6
5
-12
-23
-14
-9
-10
25
27
1
-7
-5
-17
-30
7
34
8
11
7
-6
-3
-4
2
-2
13
12
10
46
20
5
20
-4
-19
7
20
-6
6
9
-19
13
40
9
1
20
7
4
12
4
-14
-16
-2
-6
-1
-1
2
4
-4
2
-8
12
10
-35
-5
7
8
5
-12
11
-7
-2
12
-5
13
2
-9
5
8
-5
-27
-17
10
12
24
37
3
-1
-7
-35
-25
-9
12
-7
-4
23
2
-12
36
-1
-5
-15
4
-8
-1
33
0
17
-14
-3
-11
-7
-7
-12
13
18
23
-6
-6
9
-9
0
0
-10
5
18
-8
4
32
23
-18
-34
-6
-6
2
2
1
0
-1
15
9
-1
5
5
-11
-9
-6
18
39
-1
7
6
-32
5
8
-30
-14
0
1
11
20
26
9
-5
-10
-19
4
12
3
0
-4
-1
0
7
19
25
13
6
20
12
-3
2
0
-2
13
11
-7
18
23
-20
1
8
-31
3
10
-16
20
22
-19
-19
-2
-3
-1
0
-3
-5
22
30
-22
-12
28
13
1
13
27
-2
2
-13
-49
2
14
-2
16
7
-7
2
5
-15
6
26
-14
-17
8
-3
0
9
1
-3
20
24
-7
10
14
-17
-15
-15
-12
-12
0
5
-16
-2
-2
-3
22
19
-14
-5
-8
-25
-11
-12
18
14
3
-3
28
8
20
13
-9
-11
-11
-1
-11
2
2
4
-13
5
-17
2
24
-18
-5
13
7
1
22
-7
-21
15
-10
-13
-10
-2
-2
16
30
-9
-7
0
-19
-35
13
20
-4
35
21
-3
5
9
-16
-22
9
6
-7
-14
-1
-2
-1
0
-1
10
4
7
-8
-14
1
-4
8
4
-3
10
11
15
19
19
9
-5
6
9
5
12
10
-3
3
15
-2
-13
5
16
14
21
6
-3
11
8
1
1
3
6
2
5
-2
-11
1
12
9
-12
10
-14
-9
13
-3
0
5
-9
-10
-7
-11
12
12
7
0
0
-2
-16
-14
-18
-3
26
12
-3
1
8
6
2
13
18
15
9
6
5
-18
-20
1
2
12
17
7
-8
-9
5
-10
-16
0
6
8
2
-9
-12
-8
10
3
9
11
-6
13
13
-9
-3
2
-37
-15
-9
-5
10
18
15
-15
-15
-16
-25
0
-9
-4
11
14
12
4
-6
-14
13
8
-14
11
8
-7
-19
-16
-9
-24
17
18
5
14
7
-15
-5
15
18
7
-17
-14
-17
9
18
22
29
-4
-15
1
-18
-14
15
15
9
16
15
5
-13
-15
-9
-20
-10
24
4
19
13
1
-25
-31
18
19
12
5
-1
-8
-26
-3
3
-8
9
22
-2
17
23
-8
-16
-9
-19
-30
16
10
-9
8
-14
-6
9
14
-10
-23
1
11
0
3
-5
-6
3
1
5
-2
35
23
6
36
8
-2
11
-1
-14
-9
8
7
20
27
6
8
10
-11
-1
27
27
16
17
10
-17
-9
9
-12
-6
10
4
28
34
2
2
-10
-29
-8
12
19
25
23
-17
-18
-13
3
7
-10
-9
3
-9
16
23
4
9
-5
-4
4
12
18
-11
-19
-14
-6
-2
-10
2
3
4
-8
-34
-11
4
-14
3
17
8
-3
1
6
-24
-27
-20
4
-17
-20
7
10
1
-6
-4
-8
7
-3
1
34
9
-22
-12
7
-14
-2
3
9
9
-8
-10
4
14
12
0
3
-2
-10
-17
-11
-11
-4
14
12
20
0
13
16
-32
-11
-3
7
17
0
2
8
8
-12
-9
25
31
18
4
14
-8
-31
-15
0
22
11
34
56
5
-8
-12
-2
2
-14
-20
-5
29
12
-12
-3
7
9
14
22
13
12
13
4
-8
-14
-14
-6
-2
1
25
30
-4
-36
-18
13
-5
-27
9
38
-21
-37
-1
7
25
8
-3
28
13
-16
-22
-1
7
4
13
2
11
3
4
5
-12
-5
-17
12
40
2
-26
1
-24
-37
37
18
-11
-12
-16
-1
11
37
-15
-14
33
-17
-16
39
23
-25
-28
12
35
37
24
-4
-15
-1
-26
8
51
-43
-38
15
-9
-2
-13
4
-12
-20
14
7
14
14
-4
1
21
-8
-22
20
-4
-26
5
1
-22
-12
14
31
15
-21
-20
1
4
-13
-30
0
32
-3
-28
19
40
-3
-33
9
46
12
-15
-2
0
-2
-1
10
38
7
-57
-29
20
-9
9
61
13
-34
5
22
-7
-29
-33
2
57
38
-10
0
17
-24
-32
-1
-3
-15
5
43
11
-40
-64
-19
42
10
-51
-25
74
1
7
88
-2
-41
-39
92
17
-225
-227
24
308
224
-94
-67
68
-81
167
-82
76
536
-411
-626
136
372
-450
-239
-69
1042
3067
-33
-3047
-1651
2604
3130
-2287
-3482
341
2474
-83
-1874
174
2269
730
-2014
-1311
219
1262
-834
-1386
2091
1461
-944
-1307
-473
903
448
-1192
-1542
814
1521
-834
-806
466
1314
-570
-934
-143
763
-144
-556
-193
-126
1017
134
-424
-479
226
576
493
-1247
-703
854
511
464
-948
-926
1473
1307
-1804
-493
1028
712
332
-401
-1356
377
1789
-988
-515
235
1001
7
-2092
1085
1011
-271
-720
-178
577
440
83
-1745
927
716
-169
-184
-1340
2000
355
-1373
-684
432
2074
-1473
-1182
2354
-988
-943
1566
-1752
69
2713
-1273
-2875
997
1316
76
-290
-495
694
710
-584
-1461
-919
2862
1280
-3124
-1245
537
2182
2193
-3039
-3285
3202
2474
-1161
-1982
-955
3867
-866
-3585
885
3956
-580
-4988
3621
1188
-194
-1203
-3721
3298
3309
-1430
-4513
3287
1967
-911
-1332
-3764
4722
1088
-199
-1161
-4027
2204
2504
-472
-721
1021
-1340
-1078
-804
546
4148
1225
-4370
-7300
6185
9162
-5797
-4109
-2121
4616
6727
-6359
-6445
2866
9402
-906
-11470
2072
7755
1235
-4555
-5238
7603
-1792
-2714
-1396
6625
-1055
-5381
3773
-3798
2457
3748
-1004
-5299
2923
3111
-4443
2300
412
-564
2081
-6033
3170
4111
-2337
-4143
919
5726
-1613
-2715
-5885
5485
9269
-10961
-1516
2615
3931
3716
-8879
-1385
801
8203
3904
-12556
-5716
8915
12548
-11643
-9200
6451
5889
4798
-10796
-1514
-407
9536
-3142
-3505
2619
-1016
1727
-7559
6310
4239
-4105
-2149
1053
-1344
2314
675
-1778
3484
-688
-8587
3912
5510
5347
-8339
-11929
13095
3887
-850
-11571
4564
6005
2017
-6528
-10642
14928
3843
-519
-9293
371
8685
-9693
2335
1041
134
10366
-10220
-6180
6801
4002
4894
-17066
-392
17680
94
-10751
-7759
9141
10092
-1650
-17025
-3902
14225
12564
-9782
-11136
4199
3748
5103
-5278
-4933
1750
6437
1326
-13405
-1023
8873
2602
6711
-8587
-8089
4096
2049
3777
3345
-9490
-5451
11762
3879
-9406
-4255
8067
2413
-7910
1670
7569
-8148
-1375
-5515
7756
12724
-6200
-3520
-7210
4537
11340
-6641
-6163
-12612
14182
20682
-21745
-9909
6691
10504
9918
-19369
-10121
17752
2467
-3339
-788
-8930
11574
5974
-14493
-3133
16934
8791
-22273
-11050
5988
20222
12776
-27578
-12696
11815
13296
7481
-16095
-11619
7733
9041
4480
-10652
-15804
6475
19715
5116
-8981
-5601
-1771
2941
8842
691
-10812
-9884
2688
7760
3088
-1074
-2270
-4297
-5615
8207
10436
-3679
-16843
-5957
21036
12986
-10435
-22532
2085
21001
6151
-4555
-17957
-6425
16535
7278
-4180
-11235
-1545
8429
4309
5062
-6551
-4452
-14224
13206
15343
-5422
-17396
-285
17981
1168
-5947
-14651
9542
16903
-5520
-12285
-514
4570
2842
-7772
-2583
12873
5296
-12163
-9627
6698
9995
1435
-4733
-9103
-934
13934
8703
-18920
1032
3243
7910
-3151
-10132
-3290
9166
11008
-10546
-2325
910
729
-4160
7927
2804
-3746
2486
171
-9286
2848
10279
-5404
-2093
895
-14308
8995
12111
-2957
-5311
-19519
10093
18665
9292
-14042
-7814
-10454
3869
32767
-7765
-19703
-13090
4812
25859
-9839
-15499
16425
-774
-12267
-1048
3793
11483
-5179
-1492
-13585
5925
17146
4108
-573
-31738
9969
14903
8726
-3366
-20252
1035
2999
4978
2126
875
-157
-20407
15543
15440
-8203
-3322
-14989
7177
19770
4069
-17761
-13846
5445
24688
4602
-17093
-25848
10507
23002
6519
-11807
-9192
-7123
1916
27148
-6348
-8534
-9364
-604
14826
7917
-4700
-15255
-4737
9163
3521
1812
5601
-14468
3233
-3283
4377
14223
-5163
-8807
-9268
196
18455
9188
-7514
-14456
-13563
20620
3095
3411
-13869
-18987
28965
4471
-11208
-11434
-8961
24189
1919
-862
-14815
-397
899
-628
13308
-2960
-8640
5908
-7539
6140
6326
-7172
-5240
2633
2782
12073
7081
-26541
-8986
7869
20529
3566
-6805
-10876
-12527
8390
13605
9091
-8812
-8241
-13417
2077
15078
9989
8380
-21099
-21513
8457
16285
16774
-8474
-9080
-28167
8089
29945
1489
-7288
-17287
-4296
14234
910
7402
-4360
-5753
-3830
3063
3457
-2631
1591
7382
-5735
-10433
5699
-3307
8010
3359
785
-5763
-9430
-561
11808
4830
-1677
-4665
-11964
2838
3135
16348
401
-15928
-8501
5365
20583
-4567
-10682
-8505
5374
3384
4990
7653
-10835
-13013
2253
14224
14104
-8691
-23104
-8884
28311
9825
1706
-26784
-15972
23414
18673
-1238
-20787
-11095
15554
2352
5969
-3768
-2941
619
-15909
10318
11632
8534
-9315
-24750
2942
19058
14818
-2942
-30794
-4029
16299
19420
-5214
-11938
-12026
580
16639
8643
-8720
-13203
-7617
10881
16922
-1295
-12495
-10530
7017
9645
7402
-7588
-19608
5143
17561
9917
-5784
-25739
-6437
17585
21519
2545
-25073
-15901
9005
24360
7377
-16001
-10058
-9628
6346
20068
1439
-6571
-11585
-6061
8927
4131
6906
-2471
-11366
2389
-3316
2022
5300
1281
10530
-8570
-15389
2350
2557
13380
6405
-15612
-2527
1023
-1580
7177
231
-1950
4921
-5225
1311
-14821
1245
22643
1160
-3853
-15646
-7841
10529
12870
5587
-6028
-12560
-8208
4640
16548
7659
-8517
-15960
-3324
4406
9786
8803
-1848
-11658
-10072
8345
10805
8059
-7868
-15005
-4458
7854
15319
5095
-16360
-6242
-4243
7515
17008
-3103
-6213
-12868
-124
14927
7094
-3401
-14875
-4890
5686
10237
1279
-1346
-5314
-6623
1805
-1538
11420
4045
-5140
-8456
-6535
9392
7036
2457
-9764
-4258
2875
1660
5946
-2330
-5606
5183
-3493
166
-1075
2384
5375
-4480
-3326
-1022
1822
2476
327
1467
-2250
-1577
1015
-392
3445
-5915
2577
6716
-4515
-4086
-2627
4214
3283
2190
2037
-10347
-806
4102
-1427
5699
-270
-3932
-42
-2429
1668
-852
1339
-856
5685
4766
-7468
-8236
-5457
9957
8418
1984
-5860
-11564
4829
8219
5169
-6506
-11527
906
7744
9971
-412
-10887
-4777
126
8478
5588
-2813
-5475
-6579
813
8638
6648
223
-9841
-9695
2673
8044
7900
405
-8334
-3959
281
2813
3913
-1016
-1896
-3781
905
3432
2191
5269
-3516
-6358
-5294
-342
6740
9547
908
-7016
-8402
-3706
4445
10073
5059
-6938
-7061
-6054
3915
12782
4963
-6289
-12957
-4979
4642
15202
6030
-7193
-8214
-9206
2882
9171
6055
708
-2297
-6082
-4883
1056
5487
4888
820
-6836
-5265
501
4637
6352
-186
-4377
-3051
-2655
405
2435
2763
3657
-721
-2929
-4558
1104
-389
1311
1323
1690
1633
-2404
-1052
-1313
-1727
733
1929
3977
335
-2750
-3872
-1001
3835
3609
2456
-5689
-8510
176
6650
8981
2569
-5599
-10234
-4335
5529
6875
5514
-1873
-6973
-4844
549
6900
4158
-1376
-3982
-3267
522
1911
3291
1941
-1213
-3473
-3971
1795
3649
1684
705
-3231
-1293
761
455
1272
-1599
-2308
-305
2923
2577
977
-3564
-4784
586
4130
4297
-643
-3875
-3521
-154
5222
1796
-1346
-4575
-2503
4071
3765
2088
-2314
-4693
-2844
1047
5551
2798
-976
-2727
-2954
-560
2294
4412
-265
-2762
-3122
-1346
3099
3071
721
-1533
-2720
-920
117
305
1979
1804
1031
-1656
-2878
-1576
654
2555
2016
-36
-2771
-2921
1201
3807
2183
-1803
-4072
-3116
1293
5044
3686
-401
-4406
-5005
-711
4016
5134
1233
-3314
-4005
-2117
2832
3189
1867
-403
-2785
-2899
-69
2984
2880
181
-1780
-1947
-944
894
540
358
1008
180
-136
-1815
-1115
1222
1648
1442
-949
-2806
-1345
1599
2383
227
-1344
-1261
10
227
365
1235
313
345
-1648
-1706
516
1417
1746
-807
-447
-1356
-334
744
563
1336
-336
-451
-391
-1448
326
1432
1899
-772
-1881
-605
-19
1526
1232
-124
-1129
-2019
-308
1330
1415
518
-1105
-1501
-304
1318
1270
-811
-1495
162
804
587
-396
-745
61
180
1220
-256
-1340
-332
-209
1065
856
152
-389
-818
-340
-79
847
969
97
-987
-1116
36
932
1298
57
-1533
-1027
418
1258
119
-160
-57
-488
-709
-501
1161
675
906
-829
-1606
-330
838
698
7
-691
-220
583
119
-476
-218
1209
59
189
-1813
-453
1248
1077
145
-755
-80
670
530
-1808
-471
1685
505
-630
-564
164
564
-59
321
-771
-975
46
329
262
-262
870
-180
-1174
-1050
673
796
136
-113
-218
-250
57
721
156
-801
-283
272
186
426
926
-180
-975
-36
350
395
73
-570
663
-109
714
-50
-377
-1009
-327
1007
443
424
-1081
-648
340
609
175
-792
-613
74
1618
-64
-950
-847
175
1006
430
-1170
-521
407
1104
495
-248
-927
-475
391
360
487
-89
-43
-340
324
167
-93
-510
291
320
-9
251
-993
237
807
248
-852
-693
-310
681
1007
-250
-830
-776
423
962
146
-624
-808
353
624
163
-310
-662
112
723
-191
-91
-153
-343
985
435
-270
-879
-611
801
736
587
-838
-782
-31
869
607
-750
-340
-388
719
-136
113
107
-41
-344
-148
357
232
266
-707
-654
392
1093
-510
-556
-493
598
829
121
-623
-437
213
-49
321
414
208
-831
-167
-167
576
924
-232
-713
-687
206
753
144
-441
-394
-30
670
142
8
-781
-490
526
517
-75
-292
-86
-150
517
82
28
-562
246
226
-177
152
-664
404
588
-106
-301
-318
32
217
-81
58
331
248
2
-686
-220
-156
267
883
275
-739
-407
-420
598
705
-293
-258
-765
190
472
881
-149
-620
-611
-51
676
947
-368
-630
-275
252
336
57
-599
-92
573
70
-289
-327
184
454
221
-614
-231
-136
410
318
-117
-503
92
263
-13
182
-194
-324
171
527
33
-48
-362
-424
430
192
157
324
-627
-376
26
519
339
-181
-339
-1
-117
366
273
-316
46
-428
-98
363
151
170
-76
-377
-245
493
221
-337
-332
429
259
-167
-122
-348
97
119
257
137
95
-318
-340
136
166
236
230
-457
-641
81
932
639
-308
-1019
-620
493
982
471
-769
-742
265
534
138
147
-665
91
-178
174
369
7
-238
-388
310
-74
88
142
-121
-182
183
426
-395
21
-502
469
398
-352
-190
-214
293
380
-37
-476
-96
321
408
-362
-227
39
396
3
-648
402
86
58
-66
-398
69
372
218
-453
147
-226
-131
175
298
19
88
-349
-309
-94
433
661
8
-635
-426
23
575
422
-168
-697
-118
215
203
702
-310
-235
-744
129
571
555
124
-508
-667
-307
750
695
-95
-715
-521
-78
1054
325
-168
-579
-522
411
689
220
-341
-741
-47
564
45
-236
-26
-17
65
90
174
-232
-20
-11
-324
-169
-26
575
321
-263
-632
-30
269
402
-59
-248
-88
-57
288
210
-3
-366
-55
138
134
-18
168
149
-247
-120
169
-19
-132
6
103
61
167
-92
-115
345
-242
-579
103
289
286
-184
-488
-114
414
533
-111
-404
-402
-281
681
754
-238
-710
-478
368
293
518
3
-141
-451
-242
511
464
-126
-402
-399
-104
440
623
13
-771
-101
137
331
-152
144
144
-132
-345
-93
251
-11
94
61
-6
-301
-163
172
452
-90
-98
-232
-247
387
374
64
-380
-382
431
24
75
-226
222
26
-204
87
165
61
-62
-279
-386
459
347
45
-332
-409
221
461
-340
-96
251
-176
-131
48
327
11
-70
-336
106
116
74
13
-132
235
175
143
-719
-184
603
428
-30
-748
-261
369
508
2
-192
-665
-134
564
565
-176
-400
-95
-169
220
221
198
-25
-509
-233
137
538
-15
-131
-122
-51
-19
-10
309
-13
167
-514
-189
204
504
149
-395
-342
30
525
-5
-282
-235
218
305
-53
-304
-211
286
447
-118
-95
-272
-273
140
398
108
42
-436
-502
485
364
68
-223
-308
29
247
-3
145
-261
87
-31
139
-78
-149
270
-165
8
149
-202
-44
-74
314
151
-202
-203
-29
292
-168
63
-153
119
89
1
-85
-78
207
14
-440
22
409
477
-445
-769
288
405
321
-125
-575
194
35
155
187
-51
-139
-312
74
10
414
119
-382
-341
310
269
156
-369
-129
181
-224
207
44
114
-36
-135
-95
-129
44
308
172
-123
-233
-15
-21
48
137
160
-49
-244
-144
7
310
162
-8
-218
-504
223
467
89
-119
-280
-210
288
63
39
54
-408
216
122
187
-326
-44
154
-91
62
-41
-116
128
180
-15
-115
-186
314
-78
54
-93
-72
226
-124
-27
81
103
-140
-199
247
240
6
-461
-211
236
349
-1
-293
-218
96
399
-56
-278
-155
387
-29
-75
-268
187
223
-139
-34
-53
175
-170
-78
45
250
18
-218
-202
92
258
152
-207
-110
181
-36
-16
-10
118
82
-272
-63
59
307
34
-218
-156
-70
280
39
-24
-99
-34
-6
-124
159
15
40
-141
-164
199
48
65
-109
-126
240
107
-319
-91
194
263
23
-229
-108
-71
347
-156
36
11
-83
-22
186
-36
-85
25
-111
84
-84
293
-191
-66
142
-52
23
-85
-145
154
161
-60
-67
-124
121
50
-144
21
98
103
-105
-194
113
146
137
-15
-251
-139
133
207
170
-226
-213
8
303
165
-223
-77
-92
47
283
-34
-333
3
194
71
16
-151
-251
57
305
129
-192
-133
-134
129
216
62
-97
-137
-98
37
110
17
27
-51
-148
149
47
-5
-27
-57
54
25
62
-146
-54
103
-12
94
8
-84
-119
-62
127
161
177
-174
-286
-169
117
356
241
-283
-310
-26
18
381
20
-228
-91
-69
106
118
125
-21
-123
-4
-241
11
315
226
-159
-262
-40
115
140
109
-67
-82
-92
-67
225
-96
48
142
-201
-80
-17
99
160
-49
-161
-33
174
2
-15
2
-101
63
91
77
-159
-103
238
-2
-48
-67
-60
94
56
118
-22
-162
-31
120
35
65
-34
-76
-85
4
210
-81
19
-161
111
106
-13
19
-54
24
-26
65
-44
-13
-12
11
37
-45
85
73
-268
-67
187
128
-26
-31
-127
-34
185
95
-70
-119
-19
81
156
-115
-83
33
32
109
-88
-4
-189
62
147
208
-112
-395
-18
219
183
87
-181
-208
35
35
264
-27
-77
-51
-45
119
-6
61
47
-195
-46
149
73
39
-118
-98
151
-3
8
-75
-46
59
42
114
-117
9
-58
-77
124
10
19
-73
-38
40
29
-58
119
-107
-203
132
108
107
-111
-148
-15
68
57
36
9
-80
18
-134
182
-76
11
67
-95
19
-56
107
40
-58
-62
-17
21
41
69
-71
-44
101
-24
-61
-2
-66
137
-43
-39
33
32
-37
1
-28
-48
81
39
5
-28
-42
46
107
-109
47
22
-77
-68
48
35
94
-23
-158
27
78
21
19
-84
0
61
47
82
-152
-43
8
177
138
-182
-11
-69
146
94
-73
-145
-42
139
28
-18
19
-63
-60
77
19
-22
-54
-92
144
11
-1
-15
-37
65
-62
-10
89
10
-38
-3
-27
103
10
-95
-26
-1
151
82
-136
-43
-51
109
-42
-8
75
-14
-11
-60
16
64
-3
-92
-21
38
163
-41
-103
29
13
-43
-26
93
77
-10
-135
-11
19
122
14
-89
-2
-4
22
14
29
-14
-9
-22
20
-94
40
51
9
59
-123
-56
58
36
11
-25
-22
-50
43
104
16
-99
-73
-16
118
102
-92
-24
-98
-49
223
80
-121
-98
-54
41
139
31
-74
-80
-88
35
125
119
-49
-218
-13
55
80
113
-113
-107
27
150
53
-107
-36
-40
58
66
-43
-3
57
-15
-8
-34
-40
102
-25
0
-4
6
-9
2
-42
39
88
3
-122
-86
133
32
48
-62
-38
15
0
45
20
8
39
-49
-84
42
-27
105
-8
-40
15
-30
61
25
-137
-27
134
25
38
-152
-25
124
8
-17
-77
6
68
-37
34
15
25
6
-104
-43
92
125
-51
-111
-30
66
105
-3
-103
-70
60
24
64
3
-62
38
-51
-24
13
8
5
5
33
-67
-62
32
65
17
-24
-51
-9
67
-6
-4
-30
-43
57
13
44
4
-46
10
-37
53
-9
-44
13
-12
119
1
-65
-10
-71
7
39
61
35
-43
-53
-28
67
57
-26
-21
-39
-48
36
76
44
-55
-64
-22
31
92
-34
-63
-15
42
13
35
-62
-60
99
-5
-90
19
75
17
-17
-73
8
10
-1
66
22
-39
3
9
-12
7
23
-48
3
42
21
18
-71
-6
16
-17
-1
45
-6
-17
11
12
-19
21
2
11
-31
-42
99
54
-16
-59
-60
64
52
41
-12
-56
-11
75
28
-64
-46
9
107
-33
-20
52
-14
-49
-21
37
69
-9
-11
-11
-23
44
-55
-21
42
73
40
-63
-50
-36
96
6
-30
-34
-29
28
139
28
-159
-42
-25
91
65
24
-10
-84
-36
25
104
14
-46
-72
-60
55
88
53
-56
-138
35
114
-14
-25
-58
23
31
-35
13
5
38
-26
-8
-27
-16
59
-3
10
-21
-17
-24
38
91
14
-51
-95
-43
21
122
12
-57
-13
-11
60
31
-73
-23
-21
20
45
3
7
-35
-21
-9
-9
126
59
-128
-54
25
49
74
4
-54
-119
-32
129
117
26
-88
-108
12
79
42
-19
-39
-12
78
47
-78
-65
-57
49
109
52
-64
-42
-7
50
13
-61
-2
41
-9
21
13
-61
-20
33
25
3
-43
29
36
-23
-11
-17
4
35
-23
13
40
-75
16
7
39
27
-4
1
-83
-54
39
41
53
65
-4
7
-116
-138
-34
17
147
190
96
13
-216
-312
-144
136
340
246
-47
-239
-168
-55
28
98
215
45
-81
-168
-166
86
169
115
-8
-122
-54
-10
-52
74
33
29
36
-33
46
-7
-66
-35
-8
39
100
31
-89
-63
-40
79
75
12
-45
-53
37
-32
20
6
8
61
-40
-27
11
44
-4
-59
-40
37
120
45
-70
-94
20
80
53
7
-63
-28
-19
9
64
30
-21
-19
-26
-7
12
26
23
-20
36
-14
-8
-18
5
26
-13
-93
-4
95
60
8
-50
-57
31
65
25
-41
-53
25
25
-9
10
-25
43
-30
-3
16
-30
10
39
-16
-21
5
17
7
-58
19
-7
8
1
-34
18
26
18
-24
-16
-3
-36
0
21
35
15
-30
-21
2
9
-4
-7
-1
29
4
-54
17
27
15
8
-77
-4
97
97
-2
-119
-71
22
100
77
-18
-33
-73
17
112
0
-44
-44
5
85
24
-46
-12
9
23
-18
-67
29
65
24
-50
-29
-12
78
50
-45
-49
-14
-11
53
71
-11
-80
-50
7
80
-2
-17
-60
22
83
1
-68
-65
55
50
5
-47
-35
50
57
4
-79
-31
-1
38
-3
14
34
-30
-20
-33
52
25
-23
-49
-10
68
66
-29
-67
-35
31
77
-25
-35
10
3
-27
49
12
12
-28
-58
25
28
41
-38
-17
-40
24
24
4
15
-23
20
-10
12
3
2
-7
13
-2
15
-26
-43
23
46
28
-45
-26
2
43
-1
-7
-10
-6
-7
11
-2
-31
20
-27
26
16
3
0
-31
-21
17
-5
15
11
36
-6
-51
-25
-6
47
34
-18
26
-8
-31
9
-13
-11
13
20
40
-12
-43
-17
14
42
22
-50
-9
37
29
29
-36
-8
-14
41
-8
-12
24
13
29
9
-26
-41
17
17
30
-26
-28
33
40
-3
-40
2
25
-15
7
-42
15
75
29
-25
-63
8
5
-8
5
28
56
-28
-34
-6
28
46
-11
-6
7
-8
1
28
34
-5
-35
-25
19
38
-12
-7
7
-10
-7
9
24
8
-18
-22
7
18
35
-53
-12
18
49
-13
-49
10
39
29
-35
-6
-3
22
-22
-27
31
54
9
-62
-39
23
47
37
-47
-60
37
51
25
6
-60
-68
36
48
9
-19
-25
29
-2
-5
-42
32
29
-15
-28
-16
23
40
33
-79
-31
6
7
22
32
7
-41
-23
-13
31
-6
-5
-2
19
-38
1
-5
8
-8
23
3
-32
2
17
14
-47
22
15
-12
-21
19
20
11
-12
-48
36
20
-32
-3
26
43
-3
-38
-48
-2
48
33
-24
-40
6
23
12
-7
-13
-17
-9
-7
21
16
-27
12
24
-2
-10
-17
9
13
44
14
-74
0
44
61
0
-35
-36
12
72
8
-19
-12
-31
42
35
11
-17
-33
-6
20
37
-4
-31
-4
47
41
-11
-38
-8
48
19
-5
6
7
-22
3
48
7
1
-6
-22
0
28
26
-3
1
1
10
38
-11
-34
-29
1
48
32
-21
-39
33
9
-17
-22
9
52
13
-64
25
48
3
-34
-30
45
56
4
-86
-26
63
67
5
-67
-34
61
27
-26
-6
-12
-14
24
16
13
-5
-45
-13
12
30
37
-31
-45
6
33
6
-3
-34
21
7
-29
19
32
13
-15
-37
-2
30
26
-8
-2
-17
-40
12
46
19
-27
-26
-27
12
58
-20
-36
-15
-4
6
13
13
12
-1
-65
-38
27
54
16
-3
-54
-41
37
72
-12
-69
-37
19
34
29
6
-48
-60
-6
28
44
16
-55
-58
36
71
24
-57
-69
14
57
5
-29
11
16
23
-1
-6
-46
-16
34
25
38
0
-39
-2
11
23
-28
-13
29
41
18
-3
-12
-18
35
-28
-10
34
12
-13
-19
1
24
8
-13
-45
32
54
-3
-26
-41
-3
33
15
10
-8
-6
1
-6
23
30
-14
-25
-10
20
29
-6
-23
-33
9
38
-6
-10
6
35
21
-24
-13
-5
19
28
-6
2
17
12
3
-13
-3
35
27
-18
-11
14
24
7
-23
-25
9
32
-2
-20
5
26
30
-1
-13
10
6
4
-14
30
8
3
-5
-17
24
26
-5
-35
-2
3
35
40
-8
-13
-44
4
9
33
23
-32
-25
13
43
28
-34
-35
-14
20
28
8
41
-32
-30
-1
10
24
-11
-15
-24
26
17
9
-10
-38
2
-17
-15
34
26
-10
-27
-40
38
26
-15
-15
-23
19
39
27
-9
-42
-24
-9
39
66
-7
-56
-42
19
60
5
-34
-10
16
10
-6
-30
12
17
16
-11
-4
7
19
3
-35
0
-4
29
2
-12
3
-11
-7
5
12
19
-17
-35
-11
3
36
20
-21
-24
-27
16
19
11
7
-8
3
-18
-4
26
2
-19
-12
3
0
6
7
-8
-7
-3
-3
11
24
4
-13
-3
-1
8
-16
-10
15
13
23
-11
-13
-12
-11
22
8
3
-7
-3
-2
-10
23
34
3
-25
-29
-5
30
26
16
-21
-34
10
16
32
13
-29
4
12
23
17
-20
-5
-21
14
30
28
-24
-29
-11
16
35
7
-3
-11
-12
-21
19
33
12
-13
-5
-9
-2
17
-10
-11
12
16
10
13
15
2
-4
-32
-13
25
6
12
2
-5
21
11
5
-15
-9
26
14
12
3
-8
-4
-1
-9
-7
14
32
