9
8
-1
-2
4
3
0
0
0
0
10
13
2
-8
0
7
0
0
10
10
-3
-3
4
5
4
9
5
-1
5
9
2
-2
8
8
-3
-6
5
9
2
-3
1
5
0
-6
-1
7
3
-8
-8
2
4
0
1
6
1
-5
-2
2
2
0
-2
0
3
3
2
3
3
2
1
0
5
12
13
0
-1
6
4
1
11
13
0
-7
4
11
9
6
6
-3
-3
12
16
4
3
5
-3
-3
10
15
9
7
8
-1
-3
4
5
-4
2
10
2
-5
5
15
6
-4
0
3
2
12
18
1
-13
-1
10
-2
-11
3
10
-1
-2
7
0
-9
3
7
-5
-5
6
2
-8
3
10
-2
-3
11
5
-8
0
7
-7
-13
0
-1
-17
-10
0
-8
-11
-1
1
-5
-2
2
0
0
1
-1
0
0
-2
-1
1
1
0
-1
0
1
0
-2
2
2
-5
-7
1
1
-8
-16
-6
9
11
-1
-2
16
13
-9
-3
21
19
-2
-11
-4
18
36
18
-16
-21
0
31
63
57
-1
-44
-13
44
44
-32
-72
123
522
640
120
-563
-666
-258
81
213
276
102
-343
-587
-351
25
181
118
-30
-103
24
209
192
36
-36
-60
-108
-13
242
304
40
-218
-247
-184
-115
-3
66
-3
-111
-134
-87
0
88
75
-31
-58
40
127
151
156
98
-32
-83
23
150
167
96
-3
-79
-70
17
81
70
39
20
13
43
92
76
9
-4
41
66
97
168
176
70
-30
-30
27
82
115
90
8
-49
-39
-14
3
19
-11
-100
-147
-90
-13
-10
-64
-96
-69
-14
8
-4
-22
-69
-151
-197
-164
-101
-58
-47
-78
-125
-115
-66
-81
-174
-218
-167
-120
-107
-47
16
-89
-353
-542
-495
-262
11
175
131
-50
-142
-8
288
635
904
925
686
450
431
533
558
420
144
-101
-121
28
84
-62
-318
-517
-503
-247
64
208
161
58
40
161
357
517
576
521
393
264
175
103
6
-130
-285
-421
-480
-453
-416
-448
-530
-587
-566
-447
-237
-16
64
-54
-197
-145
-3
-68
-267
-239
-44
-77
-292
-378
-471
-850
-1234
-1164
-786
-628
-970
-1848
-2966
-3023
-455
3918
6488
4917
1197
-1028
-622
1098
2744
3524
2868
917
-1091
-1811
-1225
-694
-1320
-2561
-2959
-2017
-631
180
164
-493
-1401
-1682
-516
1612
3109
3099
2123
1163
762
923
1243
1349
1193
775
165
-205
-158
-321
-1136
-2003
-2112
-1437
-554
-15
-9
-338
-631
-538
168
1261
2009
1838
1026
402
405
714
746
297
-403
-977
-1181
-1031
-816
-897
-1329
-1752
-1776
-1384
-802
-259
65
134
84
45
122
370
539
359
117
171
208
-208
-889
-1481
-1924
-2166
-2244
-2456
-2680
-2088
-269
1960
3462
3835
3398
2800
2631
2902
3118
2992
2584
1870
885
-53
-776
-1506
-2315
-2889
-2999
-2694
-2130
-1598
-1415
-1515
-1483
-1079
-297
785
1838
2431
2558
2523
2382
2066
1697
1422
1156
740
191
-302
-698
-1195
-1811
-2284
-2462
-2350
-1968
-1504
-1173
-896
-524
-64
615
1619
2768
4141
5872
6911
5593
2171
-954
-2015
-1360
-237
264
-636
-2828
-4939
-5540
-4533
-2897
-1615
-1036
-741
-65
1006
1794
1930
1658
1186
718
804
1611
2385
2212
836
-1189
-2683
-2814
-2022
-1332
-1263
-1887
-2845
-3152
-2255
-1046
-750
-1501
-2641
-3273
-2450
-476
628
-31
-425
1141
3218
3979
4447
6781
10261
10682
5418
-1644
-4186
-1874
610
1310
1236
-526
-4780
-8165
-7281
-3964
-1948
-1735
-1740
-1103
259
1748
2366
2196
2004
1767
1906
3674
6139
6298
3559
375
-1455
-1971
-1586
-849
-696
-1570
-2888
-3843
-4190
-3965
-3206
-2444
-2120
-1501
15
1495
2020
2046
2022
1696
1618
2684
4139
4420
2947
473
-877
1246
5933
7635
2790
-3823
-6045
-4498
-1900
768
1425
-1202
-4755
-6182
-4469
-949
1695
1951
650
158
1946
4072
4173
3064
1579
-594
-1674
-199
1592
1074
-1418
-4086
-5458
-4525
-2062
-447
-860
-2114
-2570
-1780
-520
301
880
1014
45
-1280
-850
785
854
-471
-1728
-2451
-2949
-1891
279
314
-2189
-4642
-4331
-3925
-2773
3421
10218
11250
7291
4575
3500
1723
2051
4548
5987
4022
516
-1426
-2784
-3891
-4549
-5726
-5844
-4093
-2000
-1045
-1314
-1047
-975
-1714
-1329
1212
3992
4509
4587
4371
2825
1890
1720
1542
1101
926
626
-603
-1339
-1554
-2808
-4215
-4138
-3520
-3049
-2107
-1169
-566
567
1835
1639
1228
2974
5361
5686
4995
5227
5046
2963
601
-353
-659
-1330
-2210
-2819
-2913
-2914
-3478
-4037
-3496
-2250
-1263
-271
1112
2164
2169
1486
1070
1337
1717
1459
693
115
-97
-388
-966
-1447
-1542
-1512
-1741
-2247
-2647
-2542
-2033
-1487
-969
-626
-816
-1183
-1031
-573
-300
-319
-950
-1929
-2057
-1460
-1446
-1876
-2161
-2891
-4008
-4999
-6758
-8643
-6516
1733
11920
17103
13575
4447
-1973
-82
7237
12785
12572
7575
1130
-3528
-4801
-3602
-2776
-4487
-7530
-8357
-5504
-1586
-138
-1776
-4236
-4934
-2637
1987
6483
8304
6923
4022
2113
2591
4236
4748
3801
2456
914
-619
-1370
-1710
-2621
-3772
-4474
-4465
-3301
-1461
-624
-1191
-1945
-1898
-574
1787
3895
4902
4775
3497
2577
4368
7367
7229
3571
87
-1294
-1370
-973
-911
-2225
-4619
-6486
-6749
-5429
-3224
-1474
-1193
-1534
-807
1031
2638
3280
2981
1882
505
-211
295
1323
1204
-618
-2602
-3396
-3424
-3311
-3026
-2679
-2374
-2024
-2025
-2504
-2640
-2204
-2012
-1786
-417
1266
1100
-1006
-3141
-3910
-2636
400
2573
1343
-2121
-4908
-5649
-4837
-4834
-7347
-8138
-935
10968
16846
13142
6103
1502
283
2405
7788
13235
13907
8633
874
-4471
-5368
-4523
-4387
-3619
-1893
-1393
-2341
-3098
-3070
-2856
-3150
-2784
204
4441
6698
6216
4380
2496
1334
1743
3438
4461
4355
3654
1516
-976
-1544
-1444
-2348
-3052
-2778
-2263
-2154
-2603
-2987
-2740
-2168
-1414
-321
1121
2916
4349
4441
3361
1999
1168
1215
1682
1853
1315
149
-1059
-1824
-2100
-2150
-2308
-2607
-2789
-2495
-1694
-716
-72
-10
-305
-509
-285
249
838
959
591
99
63
296
55
-465
-1351
-2010
-2175
-1739
-1281
-1391
-1914
-3368
-3716
-3119
-2465
-1455
-1491
-1907
-2392
-2192
-1333
-516
171
-678
-1838
-2727
-3812
-3592
-2067
-441
-1523
-7323
-13128
-10591
4181
21475
24895
13344
166
-4141
-432
6578
13708
14910
8339
-931
-6682
-6101
-2512
-1209
-4522
-8197
-7297
-3376
-300
544
-526
-3239
-5360
-3250
3117
8707
9253
5870
2220
757
1840
4162
5562
4807
2397
-374
-1953
-1483
-420
-1368
-4136
-5590
-4193
-1757
-259
84
-506
-1537
-1431
905
4202
6232
6274
5557
5690
6419
5726
3091
574
-370
-337
-149
-466
-2167
-4794
-6449
-6203
-4770
-3169
-2228
-2266
-2451
-1755
-299
1026
1522
1034
148
-12
1009
1855
862
-1108
-1788
-1092
-1080
-2416
-3701
-3943
-3637
-3146
-2754
-2772
-2743
-2893
-3074
-2592
-1559
-1074
-1401
-1592
-873
-1284
-2389
-762
414
-570
-3678
-5022
-3144
-2209
-2059
-9711
-19435
-15132
7572
32278
32124
13449
-3253
-6996
1001
10795
20356
21323
9884
-4140
-11516
-7609
-850
-617
-5625
-10905
-8899
-2850
-406
280
-1882
-5736
-8329
-4213
7106
13392
12104
5644
-219
-327
2771
7157
8297
6260
2770
-1137
-2415
-1067
-7
-1837
-5075
-7534
-7224
-4005
-768
-1239
-4037
-4792
-2582
970
4324
6742
5316
2920
1584
3394
11749
18035
15054
3626
-5099
-5154
-3316
143
2046
-410
-5676
-10905
-10243
-7473
-4906
-3337
-4339
-2912
166
3748
4779
2383
839
-1242
-1747
981
4956
6279
2263
-3191
-6382
-6310
-4339
-2693
-2640
-3045
-3091
-3678
-4513
-4223
-2911
-3201
-4233
-2745
757
2384
622
-1490
-2097
-2673
-2534
24
1760
155
-4677
-8014
-5327
-328
-21
-11532
-26595
-22694
6341
32767
32766
15674
-5918
-12504
-4048
9470
24821
28650
14693
-5326
-13940
-7925
606
928
-6272
-11407
-9449
-4245
-985
668
-2011
-8323
-12411
-7031
6549
13993
13306
7229
868
-384
1814
6745
9663
9453
5622
-1277
-4215
-1235
1302
-1760
-6177
-7490
-6590
-4922
-2944
-3206
-5516
-5452
-2897
320
3935
6589
5241
2142
1975
4537
6985
10438
14974
13339
5293
-3730
-6899
-4560
-2392
481
-96
-3808
-8303
-11536
-9502
-6114
-3355
-2335
-1352
1542
3511
3398
1686
651
1314
2083
2012
3079
4271
1569
-3734
-6897
-6324
-3641
-582
171
-2704
-5380
-5428
-5027
-4629
-3095
-1651
-2583
-3006
-695
1474
1403
-179
-2138
-3586
-2092
546
3001
1242
-3915
-7771
-7980
-2720
-4331
-15441
-24256
-7636
22815
32767
25422
837
-12028
-3778
6533
21449
30455
22921
2172
-11956
-11393
-2403
2484
-3327
-10197
-12173
-5207
-1529
-1905
-2318
-6612
-10083
-8666
2818
13402
13710
7237
-34
-1164
2930
7880
9986
8995
5331
917
-1466
-1235
180
-451
-3554
-6635
-6879
-4639
-2750
-2888
-4562
-5898
-5016
-1317
3355
6104
5546
3378
2951
6021
11037
14246
12824
7222
820
-2819
-2685
-814
-279
-2352
-5575
-7763
-8258
-7847
-7154
-6240
-5134
-3578
-973
2019
2988
785
-1888
-1411
1933
4771
5281
4257
2198
-1479
-5531
-6846
-4510
-1250
-31
-1181
-3081
-4781
-5808
-5729
-4694
-3175
-2334
-2076
-1820
-990
-269
-1792
-4577
-4807
-2021
378
1428
-298
-2466
-2475
-1580
-3355
-13531
-24870
-19932
8729
32767
31326
13436
-8714
-12413
-243
13415
26738
28725
14357
-6405
-13394
-6697
-49
-271
-8531
-13609
-8171
8
761
-3219
-6746
-10500
-11182
-3280
9559
15854
11845
3638
-1408
-113
5826
11336
12016
8602
4137
174
-2338
-2483
-1659
-2349
-4424
-5802
-5255
-3686
-3265
-4638
-5979
-5640
-3059
1517
5578
6305
4243
1720
1617
7539
17040
19742
11374
391
-5055
-4805
-1270
2194
1233
-4236
-9792
-11907
-10336
-7401
-6362
-6993
-5472
-1061
2641
3288
2185
420
-959
-906
1462
5371
6680
3751
-1673
-5677
-6473
-4752
-2947
-1481
-1160
-3532
-4645
-6532
-6291
-5393
-5196
-1637
-998
291
-1303
-4573
-3180
-1532
18
637
-1015
-3754
-4884
-2562
-1821
-1615
-3663
-14062
-26379
-16471
15285
32652
31365
6727
-9514
-6661
3939
16860
28820
24844
8305
-9454
-11823
-624
3365
-2292
-12376
-14100
-4613
439
-433
-5997
-9711
-10558
-8617
673
10748
12579
6932
1392
406
3807
8237
9336
7051
5257
5452
3511
-75
-1332
-1910
-4088
-4568
-2491
-2543
-5300
-7320
-8127
-7806
-4458
380
2893
3388
3903
3698
2310
3168
9426
17255
18273
10603
1583
-2664
-2933
-1421
762
1095
-1988
-5831
-7600
-8184
-9003
-9133
-7468
-3919
737
3538
1795
-1803
-2616
-1536
-969
1101
5126
6199
2410
-1460
-2863
-3486
-3652
-2325
-1618
-3545
-5731
-5339
-3743
-3838
-4385
-4629
-4566
-4409
-1926
2004
1281
-1524
-4987
-7314
-4774
323
1940
-3110
-6679
-8231
-10031
-13466
-18937
-6713
17503
32767
31861
5494
-14178
-5208
8975
20756
28662
24292
7520
-6290
-8616
-2589
-56
-4567
-7305
-8310
-2176
327
-6369
-11609
-13528
-10364
-6032
2762
11095
9006
2340
-1257
1058
6524
11820
13516
11286
7597
4616
2265
-555
-2372
-3008
-2877
-2073
-1393
-2140
-4677
-7960
-10510
-10284
-6516
-1003
3154
3954
1925
364
2292
7198
12364
14524
11533
5972
2862
2352
1565
740
298
-1353
-3139
-3136
-3755
-6798
-9306
-9219
-7608
-5060
-2249
-949
-1553
-2834
-3716
-3336
-1565
683
2936
4207
3178
487
-2325
-4578
-5017
-2278
1015
1574
-1024
-5270
-8000
-6051
-1566
-89
-1349
-2785
-4809
-6988
-4340
-522
-2244
-4650
-5604
-4825
-2939
344
1475
-4993
-15972
-26959
-17202
12970
32330
31445
7673
-16114
-8681
10272
22430
29045
24545
7157
-7797
-7213
-668
1514
-4427
-10766
-10039
-1629
4569
-3240
-13282
-17369
-12646
-4217
3142
9815
6450
-794
-3232
-158
5780
10329
12571
11577
10300
9626
7089
2207
-1615
-2845
-2004
1280
3397
-80
-7492
-11926
-10808
-7289
-3579
-884
-697
-1934
-1673
183
2452
5466
9267
12374
13239
11228
7038
2877
813
1216
2994
4063
2520
-1562
-6152
-9128
-9723
-8721
-7361
-6020
-4381
-2682
-2037
-3101
-4789
-4936
-2269
1942
4678
3892
664
-2190
-2749
-1632
-618
-353
-280
-417
-1454
-2863
-4003
-3783
-3953
-4944
-4647
-3747
-3484
-4806
-5198
-4630
-3440
-2325
-2450
-4792
-5921
-4340
-7456
-13378
-24107
-15730
15449
32467
31155
4491
-21454
-12678
12261
29588
32767
27372
5886
-8798
-4778
4657
3324
-6577
-9483
-5704
3048
2259
-8592
-18909
-20938
-11030
-2055
5001
5848
-2252
-8303
-4665
3888
7401
7757
8068
7890
8055
9561
9327
5611
2021
1180
3897
6392
3534
-3922
-9904
-9927
-5265
-1482
-2633
-5693
-6083
-4964
-5219
-6033
-5811
-2546
6919
18414
19736
8188
-2800
-2859
3813
10503
14529
11561
1156
-7079
-7437
-6207
-6985
-5625
-2269
-777
-820
-2193
-7269
-13057
-13333
-7836
-97
6797
8342
1930
-6034
-7899
-4634
-609
3394
5841
3213
-2088
-5439
-6200
-5750
-2851
-260
159
1677
-203
-5888
-10950
-10527
-5549
-1991
1388
-313
-4129
-5958
-10411
-16901
-29315
-25888
6271
32304
32767
9610
-20495
-18098
9363
29333
32767
25943
10541
-2182
-525
5863
3986
-5471
-9474
-1997
7429
8111
-4644
-22475
-26759
-12825
3982
10189
4055
-7408
-14140
-11291
-2580
4242
5992
5553
7138
10984
12126
7352
846
-726
4175
11261
14799
11387
2360
-6069
-8751
-6159
-1782
135
-2939
-6613
-5111
-2412
-5279
-10188
-10075
-4264
5281
13877
12277
-33
-8579
-3484
7881
15211
16203
11114
2384
-2729
-2066
-2273
-4703
-2974
2330
4101
1117
-3978
-10419
-14710
-12086
-4893
1085
3426
2247
-1827
-6291
-7859
-6541
-3371
209
3073
3824
1937
-2653
-7859
-7839
-1951
3661
3432
1777
-1756
-5248
-4962
-4041
-1065
-1389
-1958
-4425
-6435
-5422
-8749
-17089
-28755
-14357
14999
32767
30310
-6816
-28343
-7490
19044
29984
26805
15334
1384
-427
10075
12676
-175
-8921
-2023
10750
15720
4320
-14800
-24832
-17306
-878
7687
3637
-5258
-11500
-11850
-6198
-205
184
-2096
329
6560
9091
5335
-908
-3879
570
10006
15557
12103
4228
-1047
-1669
341
2010
1740
856
1265
1736
-483
-5121
-8651
-8078
-3707
1216
3595
3211
1407
-1166
-2930
-1162
3159
6089
7084
7501
5583
682
-3284
-3591
-925
3667
7336
5821
-324
-5946
-8046
-7001
-4146
-1410
-299
-756
-2441
-5033
-7347
-8144
-6920
-3889
-688
366
-1323
-4382
-6712
-6427
-3563
-268
1692
1736
-397
-3850
-6282
-5449
-1272
2008
-642
-6297
-6738
-2318
-2244
-10897
-21746
-21176
324
29338
32767
4451
-21852
-13928
11954
24493
20917
13572
6084
2376
8631
14089
4831
-8240
-5017
10064
17432
9033
-7466
-17137
-13775
-1303
6057
1451
-5855
-9299
-5733
-2432
-3522
-5577
-6344
-1023
5747
6990
1053
-6224
-7181
-1988
5679
10790
9449
3103
-635
816
2714
1810
737
2162
4741
5638
3137
-928
-5392
-5213
-186
4206
4749
360
-1145
218
13
-1468
-2679
1061
4718
5466
4485
-253
-4486
-5928
-2230
3487
5119
4626
1093
-2073
-2965
-3582
-3078
-2704
-447
2011
1548
-1665
-6183
-7935
-5872
-2305
-295
-861
-2968
-4845
-4984
-4037
-3132
-2792
-2134
-847
-489
-1215
-2621
-3777
-3904
-1761
744
96
-2427
-4578
-3761
-3459
-4834
-8586
-13959
-9784
5726
20916
14608
-7509
-15862
-3786
13525
16726
11156
6303
2202
4878
9808
9148
1366
-3144
5237
13142
10584
2661
-4665
-6766
-3721
2823
5813
153
-4819
-3978
-1748
-2482
-4631
-3870
-1987
327
2278
359
-4163
-6851
-3981
839
2571
2257
414
-891
-1332
-823
428
180
900
2267
3743
3338
524
-1056
-1129
1649
4384
5100
3869
764
-1271
-1793
619
4367
5358
2742
29
835
1713
89
-1905
-2139
-874
1044
2923
1187
-3099
-5130
-4007
-1627
-391
797
555
-1525
-1334
-1404
-2651
-2556
-1806
-944
-243
1186
58
-3452
-4446
-2593
368
74
-775
-248
-89
-462
-2301
-1797
-605
-1397
-2454
-325
1530
-2160
-4732
-4055
-1609
-126
-1277
-2165
-2017
-1256
-2707
-4347
-3311
116
5003
5249
1039
-1718
-1204
1145
2105
2847
3205
1753
1162
2116
2717
685
-1040
751
3325
4142
3515
1900
-535
-1442
849
3893
3606
1509
900
1375
1604
842
422
108
393
2019
2550
852
-1780
-2614
-1562
-187
1375
2153
816
-1519
-2046
-911
-427
-683
-180
695
823
755
423
-1201
-2880
-1921
1006
2399
1467
343
-313
-1373
-2176
-1473
61
964
1174
1091
307
-1121
-2076
-1681
-406
815
1537
1441
503
-575
-1192
-1132
-148
914
1100
337
-358
-108
-210
-967
-884
408
802
333
372
-139
-633
-678
-12
519
-502
-1075
-494
28
-509
-1450
-1514
-1271
-1039
-409
199
-246
-1431
-2091
-1683
-779
-183
90
246
268
-78
-642
-853
-528
-101
-38
-292
-538
-689
-991
-1410
-1453
-816
55
344
-273
-1334
-1921
-1495
-393
504
726
597
749
1177
1125
501
75
720
2200
3153
2746
1260
150
117
547
1043
1358
1476
1314
998
761
412
319
623
1054
1538
1835
1778
992
-86
-437
144
1122
1512
1148
619
296
18
-405
-569
-215
281
534
617
386
-402
-1315
-1546
-987
-319
-95
-220
-315
-665
-1331
-1689
-1124
-112
35
-477
-862
-1002
-1197
-1412
-1115
-663
-406
-247
-230
-423
-608
-481
-292
-381
-589
-479
26
503
387
-305
-802
-546
217
780
794
424
107
106
250
231
273
717
1069
905
461
360
530
387
106
-118
-56
149
142
-78
-609
-1110
-1151
-585
132
162
-506
-1085
-940
-325
107
95
-24
150
552
761
485
23
-37
372
669
343
-343
-642
-480
-538
-878
-910
-550
-318
-613
-1146
-1268
-803
-161
242
378
468
477
288
198
499
889
943
850
1023
1303
1224
780
328
112
193
555
1027
1280
1064
443
-167
-285
105
497
548
506
616
607
249
-96
-67
104
161
267
474
458
107
-277
-497
-607
-562
-308
-57
-18
-96
-166
-358
-765
-1118
-1021
-466
4
-141
-753
-1236
-1289
-972
-415
47
41
-261
-338
-135
-83
-274
-264
144
541
497
133
-100
-96
-69
12
207
380
379
110
-289
-594
-694
-486
-174
-111
-136
-34
11
-137
-235
75
574
740
731
942
1149
1022
745
675
695
448
112
186
598
617
-87
-887
-1088
-777
-371
-94
-46
-272
-717
-951
-668
-79
354
296
20
-176
-134
131
342
368
239
108
90
183
144
-257
-747
-662
170
885
745
-86
-829
-801
-225
357
534
331
191
150
161
123
-9
-147
-152
338
1013
1124
352
-607
-820
-251
507
644
171
-190
21
327
-53
-697
-770
-197
328
268
-220
-893
-1312
-1060
-300
379
459
155
-138
-317
-336
-179
203
600
686
433
161
201
395
378
162
75
240
413
329
-25
-441
-738
-822
-618
-256
-134
-485
-897
-833
-304
198
312
195
137
299
542
809
973
803
440
145
242
532
717
449
-339
-789
-481
188
233
-405
-813
-740
-383
-135
1
121
109
59
-52
-115
-64
139
523
774
708
311
-5
-114
-287
-350
-279
-37
177
239
224
-170
-745
-1105
-916
-125
602
725
182
-463
-626
-471
-245
-33
199
396
442
355
15
-391
-487
-144
392
543
392
250
161
-29
-477
-624
-260
440
1076
929
-63
-1279
-1702
-1015
87
758
588
-62
-592
-764
-658
-303
188
501
428
166
114
305
418
370
462
647
638
444
340
282
-76
-415
-312
118
416
282
-136
-643
-867
-532
82
436
324
92
68
203
304
316
339
375
356
351
526
676
378
-286
-634
-176
508
556
-115
-879
-1089
-805
-342
-56
-117
-217
-113
105
37
-377
-663
-412
324
1022
1119
504
-322
-739
-613
-175
294
634
722
434
-214
-1034
-1320
-744
251
751
340
-372
-808
-863
-755
-284
73
314
431
350
206
-333
-485
-555
259
555
330
938
-179
-341
-48
-624
-290
-20
583
718
502
-138
-1126
-1325
-815
374
1099
916
111
-717
-970
-666
-106
295
484
469
474
430
182
-164
-280
96
709
1095
904
313
-202
-420
-410
-161
368
850
861
408
-180
-614
-672
-294
236
550
563
439
275
61
-126
-138
32
248
449
602
501
7
-540
-587
-114
311
313
86
-130
-396
-722
-846
-594
-208
-55
-140
-216
-245
-353
-451
-366
-152
85
312
374
169
-67
-139
-156
-130
117
528
617
120
-578
-831
-443
169
424
108
-411
-774
-778
-543
-296
-89
2
28
-35
-51
-119
-237
-7
419
742
668
346
161
99
107
61
23
138
415
590
297
-286
-754
-765
-304
287
731
612
-8
-544
-614
-237
140
286
218
83
178
375
254
-94
-105
318
663
522
77
-240
-294
-206
-103
-12
79
153
119
-58
-289
-359
-174
100
325
452
400
137
-85
-66
41
141
226
344
398
281
196
22
-243
-282
-69
302
455
314
-36
-502
-613
-306
115
221
-51
-327
-393
-202
-15
-42
-309
-499
-207
180
214
-21
-234
-227
-42
236
476
483
141
-302
-455
-339
-38
206
116
-75
-158
-240
-479
-719
-608
-200
217
297
-33
-506
-795
-560
-22
363
429
275
128
18
-22
44
93
76
211
450
449
182
-167
-449
-511
-203
317
631
447
-5
-270
-273
-93
96
212
279
307
382
419
294
72
-4
179
369
341
222
215
204
1
-305
-372
-40
301
268
0
-264
-397
-305
-94
103
265
314
199
12
-120
-125
-12
177
292
200
60
37
16
-90
-171
-185
-165
-50
114
39
-305
-493
-292
20
142
53
-197
-440
-374
-89
10
-177
-324
-259
-121
-42
-101
-181
-199
-71
293
529
351
-14
-262
-265
-64
126
204
254
209
61
-106
-299
-385
-233
74
287
151
-247
-484
-391
-188
19
95
6
7
107
229
244
50
-141
-127
214
610
684
335
-329
-704
-582
-79
585
680
210
-289
-464
-231
-1
42
-4
49
256
349
220
-25
-100
80
288
393
315
202
152
60
-96
-106
75
291
391
148
-166
-346
-391
-233
26
318
303
51
-39
82
173
-34
-176
-19
245
388
214
41
-83
-252
-201
-16
134
91
-81
-129
-112
-39
-50
-201
-238
-113
84
163
98
-101
-487
-701
-405
122
279
-14
-379
-482
-314
-91
54
3
-30
95
166
51
-175
-164
31
191
331
298
103
-167
-296
-138
40
181
167
-98
-344
-352
-156
14
57
-54
-162
-103
9
73
79
23
-1
174
423
503
271
-115
-359
-280
160
461
350
38
-152
-101
-71
-83
-38
105
247
195
9
-105
-25
139
252
266
180
79
116
251
212
-28
-127
99
408
471
218
-191
-457
-357
-18
201
163
22
-70
-79
-22
24
12
37
167
284
221
-52
-378
-502
-304
60
279
203
-46
-231
-258
-177
-89
-104
-158
-121
90
203
25
-168
-276
-298
-259
-88
22
-152
-274
-229
-153
-173
-202
-64
27
-77
-119
-15
-27
-112
-66
140
354
375
210
46
-46
-41
81
126
204
260
61
-221
-394
-279
-64
64
128
165
175
26
-157
-330
-265
92
385
503
412
161
-215
-423
-183
245
500
390
116
-23
-104
-273
-394
-247
93
400
378
7
-323
-422
-232
91
352
427
229
99
133
106
4
-77
57
361
531
361
-27
-303
-277
-20
171
260
258
79
-103
-245
-245
-104
116
338
372
277
54
-312
-561
-380
7
191
172
98
67
-85
-238
-276
-234
-25
231
343
139
-209
-368
-337
-241
-117
0
-4
-79
-138
-192
-296
-392
-318
-161
-123
-106
-31
-93
-278
-347
-174
148
333
232
41
12
95
126
35
-15
69
128
166
121
5
-85
-143
-126
-41
77
86
36
-20
-105
-58
102
284
356
202
-44
-130
15
209
332
324
196
143
124
-30
-182
-182
0
181
195
104
-117
-321
-332
-126
143
176
73
31
93
177
59
-124
-160
-3
260
364
240
9
-190
-231
-47
208
276
233
124
-106
-283
-304
-132
97
221
225
115
-13
-212
-355
-218
-63
8
51
70
116
63
-95
-263
-315
-69
304
450
229
-115
-214
-108
-82
-110
-72
-71
-55
11
-9
-176
-374
-337
-151
-76
-122
-122
-61
-71
-95
-62
-30
-44
-24
84
150
67
-84
-114
34
203
181
-34
-172
-61
133
160
7
-150
-160
-53
62
96
47
-18
-42
82
266
226
-16
-120
-2
251
450
335
127
105
166
98
-117
-151
25
220
248
84
-57
-202
-307
-198
13
166
170
7
-59
-2
91
188
100
-5
-39
75
235
146
-37
-148
-62
107
196
161
-47
-205
-248
-90
145
105
-49
-101
-51
-29
-90
-107
-58
22
-8
-85
-7
47
23
-53
-144
-101
-19
80
126
67
-9
-120
-134
-114
-120
-76
-35
26
30
-36
-141
-232
-196
-56
-27
-115
-83
7
-7
-82
-89
-62
-57
-33
73
187
42
-129
-111
-19
106
53
-75
-71
19
142
187
111
-97
-217
-99
42
152
155
82
22
-52
-46
-27
6
49
80
208
292
219
81
10
55
125
126
72
91
88
37
12
-61
-92
-122
-128
-32
31
79
50
-23
-6
63
157
172
163
156
113
116
65
32
64
80
126
138
79
-77
-216
-171
-25
66
-34
-190
-157
-31
-54
-159
-141
-49
-38
-97
-115
-139
-159
-61
8
49
16
-112
-115
-41
29
-13
-141
-175
-107
29
60
-18
-112
-181
-160
-31
111
85
-75
-163
-75
57
73
21
-17
-9
25
32
51
113
108
31
-43
-67
12
106
124
114
87
40
38
80
98
53
-9
-32
6
87
94
-4
-15
62
12
-122
-172
-136
-42
62
93
98
124
109
42
-33
-57
-36
3
111
214
151
12
-79
-122
-108
-72
-56
-58
-52
4
57
35
-29
-80
-25
139
288
298
99
-158
-200
-27
170
273
171
-78
-203
-50
183
197
-3
-146
-56
100
91
-56
-134
-90
-44
-32
-46
-86
-113
-60
63
154
65
-154
-202
-65
82
50
-94
-124
-112
-17
44
-28
-78
-84
-72
-96
-81
-51
-78
-74
-20
16
-36
-118
-125
-10
122
127
34
-57
-82
-34
38
100
123
66
15
52
79
34
11
81
189
200
96
-58
-125
-8
135
122
-20
-82
-47
22
49
-8
-15
-11
20
62
105
155
61
-18
-13
-2
38
42
41
92
114
36
-39
-58
-97
-127
-66
80
174
89
-116
-220
-131
-29
120
221
136
-9
-196
-201
-33
111
173
53
-140
-221
-95
88
91
-53
-98
-2
65
92
28
-57
-34
-34
-39
17
-31
-132
-89
35
74
-30
-111
-29
74
25
-118
-158
-70
-14
-15
-38
-38
45
79
-13
-68
-61
-62
-53
2
80
74
-35
-89
-31
19
13
-3
11
28
8
-21
-16
9
43
91
133
136
53
-32
-1
89
133
86
-20
-23
103
178
147
52
-83
-157
-116
-14
82
68
-28
-73
-35
5
13
8
10
-4
-82
-31
85
88
85
39
16
7
-10
22
29
37
50
81
59
-7
-8
-17
-37
-33
5
57
48
-27
-91
-87
-2
102
85
16
-8
-37
23
52
-34
-95
-103
-6
95
116
44
-57
-76
-111
-95
-46
-49
-44
-24
58
56
-93
-182
-175
-50
63
27
-6
-33
-26
-32
-117
-86
5
60
49
-29
-29
-5
4
3
-31
-32
-6
-7
-44
-26
44
36
-16
-40
23
36
-39
-49
-8
103
127
43
-16
-39
52
149
192
125
7
17
83
130
134
64
11
20
18
35
39
-8
-11
-13
-35
-12
37
37
-9
-47
-36
-27
-60
-80
-56
65
121
64
-18
-100
-53
-10
16
55
31
6
-64
-116
-68
-21
-46
-39
-7
-14
-5
-20
-47
-53
-89
-121
-32
61
50
13
-58
-21
12
-64
-4
59
93
159
97
-28
-113
-90
-17
-9
12
19
5
-26
-60
-50
-25
-22
-40
-6
73
72
-17
-80
-48
26
80
54
-14
-5
71
78
-1
-39
11
65
73
51
18
-18
-26
2
30
18
-25
-53
-41
9
30
-25
-96
-82
28
133
151
65
-63
-110
-8
121
158
112
-11
-76
-51
53
117
30
-8
-12
34
80
-14
-101
-101
-18
72
92
15
-61
-61
-54
-27
4
11
13
22
14
4
26
31
-23
-20
84
103
66
11
-26
-35
-80
-77
-70
-4
61
-3
-69
-120
-129
-82
-19
32
42
-30
-127
-107
-9
80
97
69
83
76
23
11
8
6
28
21
1
2
-13
-57
-100
-72
35
104
64
-45
-148
-164
-74
55
111
55
-13
9
76
87
40
-24
-56
-11
97
148
87
-8
-62
-63
-27
3
-19
-32
16
74
53
-44
-108
-94
-2
45
73
84
7
-12
-42
-17
95
108
52
8
19
28
16
-9
2
98
114
1
-83
-34
23
-7
-57
-51
4
39
32
28
23
-38
-27
23
34
25
-30
-28
6
85
132
57
-36
-111
-84
-2
49
46
-23
-61
-47
-44
-65
-75
-38
24
12
-59
-90
-65
-1
-7
-47
-29
-12
70
122
77
21
-56
-23
36
39
70
41
9
-46
-84
7
24
-35
-21
-19
-23
-47
-82
-57
-8
82
48
-43
-56
-22
105
83
28
67
57
25
-1
19
34
72
52
-15
-22
-39
-27
-21
4
3
-37
-20
14
49
-1
-79
-45
9
19
16
28
60
69
31
-33
-29
24
67
76
23
23
44
25
-5
-74
-36
45
44
29
-35
-39
-7
-11
5
-32
-89
-54
12
26
19
-19
-61
-16
37
63
67
-9
-57
-41
-27
8
21
19
27
26
42
-1
-67
-57
-22
8
16
-6
-57
-85
-39
-22
-12
36
48
63
51
-23
-90
-61
60
121
69
-16
-60
-39
18
35
18
24
14
-17
-41
-34
-45
-82
-96
-18
72
38
-15
-41
4
61
19
-25
-27
64
151
89
-14
-3
116
136
56
-13
-62
-27
11
27
45
23
9
-39
-68
-33
-10
14
24
11
9
46
94
62
-29
-85
-70
37
114
70
34
2
-31
-44
-70
-26
65
57
2
-8
-12
-14
-69
-118
-78
-16
43
-7
-61
-51
-54
-26
-7
43
88
44
-24
-55
-38
-16
-26
-36
43
92
70
12
-96
-80
17
34
13
-51
-108
-93
-30
54
47
-42
-81
-71
21
119
51
3
34
31
64
60
30
15
12
76
95
75
25
-30
-34
-16
-5
-45
-58
-26
-21
-37
-66
-41
-7
-3
-16
-52
-14
55
69
42
-8
-8
20
63
105
71
25
-14
-25
-19
-16
19
19
29
11
-41
-69
-69
-28
-51
-41
46
121
122
-4
-117
-119
-27
93
144
104
29
-25
-43
-6
3
-13
10
8
8
28
-5
-43
-41
-38
-27
37
79
23
-73
-91
-46
-36
19
76
79
73
-8
-52
-4
20
14
14
21
36
37
6
-22
-23
0
10
-26
-24
3
-38
-79
-64
-78
-86
-14
65
64
-31
-136
-134
-23
78
80
43
26
-6
-7
28
24
-6
10
55
74
26
-48
-73
-64
11
32
-10
-21
-32
7
3
-29
-43
-31
46
31
-9
5
35
75
95
55
-8
6
34
43
59
41
8
13
18
0
-4
-16
-12
23
15
-24
-7
44
58
44
12
-18
-16
26
31
4
-12
-50
-31
47
88
6
-74
-69
-7
98
42
-52
-84
-116
-57
-7
0
-11
-7
-17
-54
-34
-20
-15
49
86
44
24
8
-30
-14
9
-11
-15
-7
3
57
48
-33
-72
-82
-15
42
22
19
1
-49
-92
-84
-3
20
-40
-38
-10
28
88
75
1
-37
-9
71
132
94
-5
-11
24
9
3
-9
8
41
26
-22
-58
-34
-23
8
50
14
-34
-47
-7
6
-17
8
39
85
65
-14
-24
-10
24
52
71
64
19
-1
-48
-61
-41
-26
22
-3
-11
-3
-51
-30
-17
-21
-39
-27
83
81
32
12
-44
-62
-6
58
73
59
6
-39
-25
-4
15
25
46
40
-39
-94
-72
-16
-28
-51
-49
-41
46
64
33
-15
-103
-79
6
88
124
67
-40
-62
-9
12
27
20
21
21
7
-22
-47
-25
-23
-21
-9
-6
4
2
-1
-49
-87
-4
76
86
21
-75
-81
-33
29
65
71
58
-3
-30
8
-9
-2
39
28
38
-6
-42
9
56
51
-25
-38
-13
6
1
-50
-51
-13
40
81
81
33
7
-9
-13
29
48
69
46
6
-5
-24
-40
-50
-20
29
40
2
-5
16
0
-42
-63
-36
-9
0
19
53
24
-10
34
45
29
-14
-37
7
28
30
-5
-15
26
23
-13
-44
-42
-33
-18
48
51
-10
-17
-10
2
6
-9
-12
-4
22
15
-13
-26
-34
32
61
1
-18
-28
-2
21
-30
-42
-48
-12
57
53
14
-31
-55
-13
17
1
-5
0
37
23
-34
-36
-29
4
6
17
33
0
6
-13
-15
24
47
52
3
-22
-35
-25
22
8
-15
-27
-11
21
23
9
-40
-44
3
34
25
-25
-36
-21
24
80
50
7
-9
-17
-4
39
56
13
16
38
5
4
25
28
-8
-72
-83
-2
64
52
23
3
-15
-31
-29
5
31
21
-11
-30
1
37
10
13
19
-16
-30
-27
5
9
-7
-6
-25
-38
-36
-19
18
24
-28
-37
-11
-1
18
-4
-13
7
7
11
-41
-27
51
54
42
-11
-48
-35
-11
30
48
47
-30
-60
-19
-21
14
23
-2
-7
4
36
13
-2
5
12
47
51
36
-7
-27
1
37
52
8
-19
-21
-8
28
67
55
20
0
0
25
-21
-42
-17
16
42
24
2
-50
6
56
2
14
14
-17
-14
23
23
-37
-48
-10
22
55
23
-23
-23
-37
-20
-25
-24
35
30
2
-44
-31
0
-33
-15
7
-6
-22
-18
-5
7
27
27
15
-21
-28
3
10
18
40
9
-37
-29
4
16
-12
-19
8
23
5
-33
-28
-22
-8
14
-9
-21
-17
-12
16
34
32
14
-18
-22
-18
12
72
46
-7
-33
-25
11
18
3
-15
-4
-2
-20
-23
10
38
19
23
18
18
-8
-70
-37
32
85
74
-12
-55
-47
-17
30
15
-22
-19
-11
21
34
22
11
-11
36
54
2
1
-24
-20
40
54
64
50
14
16
15
4
-36
-45
33
87
58
2
-14
-13
-45
-22
25
5
-30
-44
-18
3
8
21
-20
-40
-5
13
15
-29
-25
-4
-18
5
-7
2
12
-11
-25
-27
24
42
31
-50
-88
-31
-20
12
20
4
-4
-12
-27
-34
19
19
-28
-47
-38
17
57
32
2
-1
-1
3
-4
-15
26
34
-1
-18
-49
-46
-7
10
-14
-13
11
14
4
-33
-38
-20
50
80
18
-24
-24
24
32
29
31
36
12
-24
27
25
28
8
-35
21
35
-7
-61
-84
-36
45
52
-1
3
34
62
26
-39
-20
35
33
22
34
36
7
-37
-18
7
42
49
-5
-16
-32
-23
-31
-32
9
-5
-4
6
-1
-17
-19
19
28
45
58
2
-31
-29
-44
-37
-33
0
33
7
-2
12
29
-15
-30
7
34
80
21
-35
-6
15
8
-45
-26
28
24
3
-40
-24
39
45
19
-8
-26
-18
-5
9
36
54
24
-8
1
4
-9
-9
-5
-4
24
36
10
6
9
-2
-5
-12
-27
-4
3
-16
25
31
-3
21
30
-8
-16
17
-6
-18
18
-5
-21
-1
34
50
-19
-44
-22
13
27
-22
-19
-12
-6
-10
-23
32
42
16
-10
-33
-26
-27
-21
9
31
11
-26
-14
8
8
4
-44
-54
-7
34
64
9
-20
-14
-41
-11
24
35
20
3
5
6
16
2
-3
5
-6
8
9
2
-23
-25
14
17
35
11
-34
-30
4
22
-22
-32
-6
31
19
-44
-54
-21
24
0
-7
17
-14
0
28
26
8
-2
22
27
8
3
11
17
-19
-16
32
4
-35
-42
-43
-32
-3
31
6
-28
-8
20
19
-14
-27
-21
17
88
69
20
-4
-40
-17
35
44
3
5
8
-25
-1
7
-7
19
32
11
9
-5
-40
-18
2
19
31
18
-3
-12
14
-4
-7
25
-3
30
55
23
0
-48
-42
-13
12
1
-24
6
7
3
-7
-29
-13
18
16
0
-1
-28
-24
6
24
46
29
3
-16
-13
-6
-25
-10
4
-6
11
16
15
-1
-32
-28
0
11
-1
4
16
1
-28
-25
17
40
21
6
9
6
-9
-29
2
16
56
57
-28
-46
-65
3
58
41
40
-25
-10
22
-1
-6
20
0
-52
-24
-49
-44
14
38
68
11
-44
-23
-18
21
-1
-62
-37
-2
13
14
10
38
35
2
-4
11
26
47
38
-25
-57
-29
14
43
37
33
29
7
1
2
-5
-13
5
14
-14
1
12
1
1
-31
-22
5
-10
-2
20
1
-54
-73
4
65
40
-8
-46
-48
-6
45
34
6
-3
-21
11
14
-18
-14
-13
-10
-8
7
4
-20
-13
2
1
8
28
41
20
-34
-21
19
37
54
18
-16
-18
-3
21
36
28
-8
-20
0
13
18
16
-27
-14
16
-3
8
-14
-7
0
-38
-22
-8
11
28
31
30
10
-20
-23
-1
0
13
13
-8
-14
8
-14
-42
6
31
45
10
-30
-23
-11
22
27
16
6
20
23
-1
-4
-27
-18
21
44
36
-9
-42
-37
-13
8
13
4
13
8
-9
-5
-13
-27
-21
0
11
22
14
12
35
27
-22
-42
15
17
-11
-19
-7
39
14
-5
-33
-11
37
1
-28
-39
21
45
6
-12
-9
-6
-36
-28
-25
-7
17
28
33
-21
-34
-2
14
36
17
-36
-14
28
53
51
-7
-1
10
17
-8
-32
-4
-18
6
19
5
-6
-28
20
28
18
14
-18
-9
15
41
1
-34
10
23
47
42
7
6
-16
-4
7
-6
5
22
27
-4
-28
-20
4
27
12
-2
-30
11
43
-2
-4
-33
-19
-8
26
10
-9
-11
-17
2
8
30
12
-37
-53
4
21
0
-45
-10
37
21
5
-22
-19
29
29
4
-10
-9
-20
-19
1
9
31
4
-32
-5
26
32
-28
-55
-15
-2
14
7
-13
10
22
20
0
-31
-14
19
27
8
-16
4
7
28
38
27
10
-22
-12
18
27
-12
-8
1
12
-6
-23
-26
-13
-31
-16
25
34
10
-39
-38
13
36
46
-11
-19
9
-10
34
28
-7
-2
-25
9
28
35
28
-30
-19
4
2
-3
-29
-19
-1
36
16
-25
-8
-3
-5
4
21
10
-20
-56
-17
-13
22
19
8
18
15
23
2
-27
5
-2
-9
8
-3
-7
-25
-44
-12
15
29
34
-3
-20
9
-7
-26
-2
14
15
14
21
19
-10
4
19
11
40
32
9
-17
-31
8
-4
-23
-3
-7
15
45
35
-36
-55
30
58
33
-2
-11
4
-3
-5
-3
13
8
22
24
-5
-4
-34
-22
-1
10
22
-2
-2
-13
-17
-7
7
27
10
20
27
-4
-17
-6
15
3
9
15
-15
-10
-6
21
36
-19
-20
9
25
34
-12
-19
-5
-24
8
15
-16
-13
0
30
40
19
5
-1
7
9
-18
-37
-10
19
25
15
7
27
10
-25
-27
-16
9
32
22
6
-22
-45
-24
-11
-13
-5
4
-2
-23
-3
10
7
3
-2
6
0
-1
0
0
30
27
-13
-15
15
13
-5
-7
-20
6
29
13
-2
-7
8
-10
-6
5
13
1
-41
-26
-20
4
26
39
53
25
-22
-45
-33
5
18
3
10
44
26
-11
-14
-25
-25
18
29
16
7
-39
-52
-21
-16
-5
-10
13
31
16
-17
-16
37
27
-7
-6
18
-24
-31
15
12
3
7
-16
-36
-2
17
21
10
-10
-6
1
6
35
12
-41
-20
-9
23
62
5
12
-10
1
24
-24
18
36
11
-1
-35
1
8
9
2
-46
-8
7
9
15
-43
-8
41
16
19
17
8
-24
-34
15
29
55
39
-8
18
12
1
-3
-1
31
14
-2
10
21
5
-32
-12
5
-22
-25
7
3
-7
25
-4
-15
1
-1
44
22
19
22
-27
-10
-6
21
34
-16
-4
0
1
30
-8
-30
-3
-13
-18
4
16
10
-4
-22
-50
-23
40
29
-22
15
63
23
-19
-41
-40
-23
1
39
22
4
5
-20
-15
3
20
24
4
-13
-4
15
-12
-15
7
-24
-1
43
48
33
-7
-25
-17
0
8
-6
3
19
5
3
10
-13
-9
7
1
10
16
1
-18
-27
-12
11
39
19
8
16
-15
-38
3
29
29
50
-5
-25
-45
-27
-3
-4
20
52
0
-6
-26
-33
-1
-7
-8
-13
-10
16
25
26
-6
-22
-14
-6
37
9
34
8
-6
-13
-5
21
-9
0
3
-9
5
20
0
24
-1
-32
-50
-32
39
59
54
-3
-28
-10
-40
-12
21
18
2
-4
24
19
-23
-26
2
7
12
-12
-11
5
-5
0
8
3
-28
-37
4
39
2
21
6
5
-21
-24
-16
-16
20
51
15
-29
-26
-8
39
1
33
35
6
-15
-31
12
20
0
-6
18
4
9
-3
-29
-9
4
2
-1
-23
-4
14
15
-17
-2
6
-7
38
37
15
-14
-5
20
-15
2
-8
-25
-22
-33
25
32
7
12
-7
-10
-29
-7
18
14
26
-10
-18
-13
-25
23
44
25
30
11
-19
-3
47
43
-19
-17
-3
-8
-7
-18
14
21
8
0
4
-5
-33
0
10
-4
-17
10
14
-35
-11
-9
-29
-5
27
16
-7
-8
-20
29
43
-6
-25
-25
-9
8
-1
8
25
4
6
-15
14
43
-27
-26
10
38
19
-4
7
-7
6
14
13
-8
-18
-10
8
36
18
-19
-39
10
26
9
2
-22
-30
-51
-8
16
-9
14
36
7
6
-7
-9
-11
1
5
17
26
9
9
-8
-11
-2
-15
37
46
-4
-7
-14
-31
-4
20
12
-13
-14
0
10
41
31
-4
-44
-6
42
33
-5
-50
-21
17
21
12
26
18
11
-11
-31
-14
15
16
7
-9
-18
13
23
0
-10
12
-6
-15
4
2
4
-17
-27
-20
12
18
2
-22
-7
0
-5
1
-33
12
38
23
9
-2
0
-17
-4
2
-18
-12
-15
1
34
16
-16
-41
-42
0
11
20
55
36
17
-11
-67
-30
6
50
29
-7
0
-17
3
10
-3
-2
14
18
2
-2
0
2
40
13
5
-21
-9
11
9
15
5
-7
-3
5
12
1
-23
2
-8
10
7
7
18
-3
17
-1
-26
-16
7
25
13
-4
10
4
-30
-31
-17
6
14
34
9
-26
3
-22
1
18
-13
10
49
32
0
-10
2
11
17
-2
-12
-23
-16
8
-2
23
24
26
11
-22
-17
-7
-13
-8
14
12
10
31
13
-1
-2
-16
-8
17
43
13
1
8
-25
-4
1
-21
-1
-5
-7
4
-22
6
19
22
12
-16
-6
1
-9
-6
-6
-9
-2
29
38
6
-33
-33
-6
-15
-8
24
2
2
-9
-7
-1
-10
0
9
3
-17
-9
-11
18
8
-7
28
8
-16
18
0
-18
-2
25
25
-18
10
19
-3
-5
3
16
44
12
-31
-18
5
30
46
19
-7
-30
-21
25
6
9
-24
-22
9
10
-5
-19
-10
-10
12
12
-10
12
-1
13
28
-5
-10
-16
17
30
-2
-8
-14
-8
-10
18
20
-9
-4
-31
-37
13
19
-4
5
-2
-5
23
12
-24
-34
-4
37
39
27
16
-24
-48
-13
17
3
6
25
16
-11
-28
-12
22
33
-10
-19
-6
-3
5
21
6
-10
-9
-20
13
42
23
-17
-1
-15
-24
8
9
3
-5
12
34
-10
-14
18
4
-14
-25
-13
18
25
36
45
26
-17
-13
24
0
-21
-31
-37
30
49
10
-5
-25
-6
8
-15
-20
-4
14
7
3
-2
-15
3
32
35
12
-13
-27
-28
2
42
51
-5
-50
-29
5
2
-1
18
19
3
-7
-11
-21
-28
2
38
6
0
-22
14
12
12
0
-8
5
1
14
-6
0
2
-14
13
-6
0
4
-19
-1
2
-5
32
-20
10
25
21
24
13
41
-6
-6
-29
-28
16
11
21
4
-12
-36
-14
8
3
-9
-3
23
15
22
-14
-8
29
48
5
-9
-5
4
30
20
-9
-19
-18
13
29
2
-29
-23
10
19
18
4
-31
-12
8
9
17
-24
-14
22
-3
-8
-2
20
52
31
-18
-55
-33
1
-9
19
49
11
-15
-14
-20
-25
-27
-17
-8
11
33
19
5
-44
-60
-6
15
51
48
1
-3
-3
-7
-1
48
39
-31
-39
-38
-10
23
5
8
13
4
-7
-33
-20
15
33
10
1
28
3
-15
-18
-46
-21
6
27
29
-7
-4
-6
-22
2
-1
-18
-1
-10
0
6
7
29
3
-3
-2
-14
16
23
-14
12
40
-3
2
13
21
30
-21
-38
-5
24
18
-18
-24
0
32
29
-4
-12
5
-28
-6
20
4
7
-25
-3
9
-1
-1
24
22
43
-6
-20
-8
3
50
-11
-49
-25
10
19
30
8
-20
-15
-9
6
2
-6
6
-9
-29
-25
13
28
-1
-17
-7
21
19
17
19
-15
-17
-12
20
32
32
8
-25
-9
-5
50
25
-10
-8
3
-6
19
2
16
28
2
18
-20
-17
-7
0
19
5
-1
-2
13
48
28
-12
-24
-3
-15
-29
-5
3
17
8
-11
-14
15
39
-18
-39
-11
-7
12
13
8
-6
24
54
2
-8
-8
-17
22
6
-8
37
34
7
-3
-29
-23
-3
4
18
6
-23
-34
-26
5
20
6
-16
-27
-12
11
15
-2
-19
-15
8
19
6
-16
-22
-2
22
19
-6
-22
-13
10
25
15
-8
-17
-12
-2
11
5
-20
-20
2
-7
-24
-4
6
-18
-13
13
-1
-20
8
23
-3
-8
22
14
-13
7
29
4
-3
25
12
-26
-16
10
11
12
12
-11
-22
-24
-23
14
43
5
-35
-22
-25
-43
-2
41
18
-5
22
37
18
-16
-46
-31
2
0
-33
-8
49
97
53
-42
-70
-9
14
-4
17
-45
-14
-3
16
15
-28
15
-28
69
21
-10
42
-5
30
-55
17
-9
58
-62
-440
-74
-235
1288
2326
-1017
-932
711
-693
-1303
-599
1307
1012
-685
-1327
-288
2026
1224
-1134
-2259
-657
2367
2271
-1012
-2975
-543
2121
1312
-824
-1181
-58
632
408
-453
-493
642
806
-312
-496
205
590
367
-420
-250
630
256
-549
-594
-255
144
43
-204
194
386
-194
-577
-50
617
287
-658
-852
34
913
379
-972
-853
463
814
142
-333
-200
386
-190
-567
654
31
-338
813
-1
-815
678
403
-996
-487
602
1955
-731
-1648
260
207
805
-51
-292
-806
1097
180
-1634
928
676
431
-1900
541
1288
-960
70
-623
939
-1444
463
2148
-1174
-977
-771
1918
556
-1058
-257
-453
1459
172
-1204
-209
592
958
-642
-1420
268
1650
-942
-488
1774
-1007
-160
239
403
107
-2238
1123
1816
-179
-1471
-1195
1850
1568
-2288
-2261
3051
1530
-2112
-21
-137
616
1040
-1802
-1826
1357
4186
-1887
-2512
-1681
1057
5742
-1244
-3980
-2860
4304
2157
-729
-3897
-997
5270
795
-2998
-2388
456
4363
-1795
-1463
1741
1698
-3674
-3294
4957
4151
-2168
-6029
-437
5422
1965
-1011
-4510
-1849
4221
2206
-167
-2512
-1965
1656
1202
413
-479
-250
287
-1651
-83
2836
-497
-1123
-940
-340
2119
-129
498
-1857
-1314
1887
2118
-629
-5036
2221
5179
878
-8973
-4680
12586
5421
-8236
-8919
3663
11146
-553
-9305
-4592
8581
7746
-6213
-8873
-1848
13048
3311
-8973
-4867
4187
5186
-1106
-2812
-511
1738
-4531
2078
5921
-47
-3943
-7079
2242
6695
4299
-1144
-13037
765
10007
4489
-5334
-7832
2930
2932
3517
-3523
-3226
4690
-2199
464
1437
-1329
-120
-2234
1272
3058
-12
-2642
-1679
2045
146
1339
-423
-3250
-549
3341
2734
241
-4207
-5114
6044
2139
351
-3270
-1992
3660
309
-2699
-2546
4971
3675
-6758
600
-1748
578
8566
-1712
-5248
-3071
2975
4311
-2012
-2702
-1655
6747
-814
-1948
-2320
-1168
6093
-1048
-3368
293
3264
1132
-7893
-1855
9587
1246
-3903
-1730
-1402
3135
698
-34
205
1391
-7624
-1369
12399
-2177
-3769
-5126
-1282
9119
1205
-2691
-3708
-4522
7199
6552
-2042
-6887
-4898
1327
6134
6171
-3234
-6786
-3149
3156
6439
1057
-1139
-8103
-1818
7977
3030
-906
-8056
-38
8195
4011
-6527
-10579
6992
7078
445
-2291
-8202
403
4316
4606
2308
-5073
-3115
-5214
4092
8853
2841
-6915
-7586
1968
139
9158
435
-2441
-9343
1399
9451
-712
2322
-11353
-815
8699
-1346
4043
-8190
1660
-2626
-15
6815
-1759
-202
-1364
-6488
5090
3762
4851
-9009
-4641
5988
1987
1091
-793
-1669
-5104
4903
830
1655
-2485
-2487
2408
-2049
3358
1045
-3182
-2476
950
10999
-8371
-3067
2249
4582
6269
-12647
-5697
7082
8843
-1624
-8027
-5111
3723
6845
-1100
-5257
7780
-7882
-5299
7712
6103
2863
-12333
-5261
8513
9464
2959
-18303
-5606
12070
3479
4747
-6712
-11350
7967
2435
6866
-7751
-3446
5020
-1757
1557
-2269
2271
-1286
-2177
-310
5606
4197
-9671
-2935
2241
2751
11715
-10863
-9164
11591
2565
-3238
-4930
1175
4872
615
-3149
-8450
4251
6636
3787
-6206
-7832
-4097
15206
10901
-11900
-12010
-6835
11147
19340
-4006
-18379
-4300
7615
13506
1099
-8653
-10994
-973
13147
5081
-2626
-8918
-6962
10667
1684
7031
-5685
-8388
3518
2590
-701
1322
-2626
-3302
3802
5184
-1713
-4791
-2696
1890
4952
-4939
7105
-493
-4841
-4301
4129
9723
-4111
-9251
468
3256
2506
6751
-14546
-1089
8300
5145
1134
-10737
-2990
2937
10625
-1896
-10131
-159
3510
2492
1012
-556
-2877
1500
974
-7356
5401
4264
87
-2294
-6305
5373
-768
4147
3448
-11517
4404
-1615
1674
-170
-1948
8070
-1895
-10120
2251
3838
5929
122
-13376
1288
8321
5197
-5956
-4016
1148
4069
2565
-3286
-1101
-2207
1500
4351
-3086
-2767
-840
-313
4982
1423
-6869
766
1980
1959
5070
-143
-5337
-7172
-2664
6709
14986
-5422
-17122
-1756
6593
14147
1646
-13383
-6095
1930
8752
3992
-2471
-5554
-4515
3960
-1478
8061
-2161
-6634
-2058
358
10376
2704
-8037
-6461
5302
9704
3959
-14158
-13597
12570
14745
-3226
-12566
-6345
4857
17017
-5203
-14595
3151
4558
6503
-7259
5079
4319
-5914
-1612
-9328
15061
4922
-9160
-4027
-8419
12351
10476
-9484
-6273
-2220
5353
6738
453
-14371
594
8466
5168
-3434
-6773
9480
-6216
-657
3239
-3115
7389
-2115
-10311
6040
6452
3895
-11003
-9467
5362
12290
6802
-9611
-12903
679
15195
286
-6701
-2491
-10584
11751
7953
-8679
675
-2754
-3564
10659
-6182
4544
3287
-11019
1800
3030
7294
-1847
-9854
2619
9853
984
-4531
-8023
-1397
9493
2100
-2367
-372
-7958
4062
-17
2466
6503
-5476
-10514
2896
7201
2136
-4158
-5150
2421
3668
2252
-4092
1391
-4408
2403
7155
-3422
1635
-7299
5277
39
1052
77
-7132
4238
-1990
5372
-2889
-6089
10074
-5568
1251
916
-962
2100
-9959
10927
3814
-6169
201
-9193
9538
-109
4082
-6021
-1090
4497
-3546
5737
-5783
-2296
7414
-2009
-6053
2292
1768
3251
-2767
13
1269
-2094
1544
-3096
-331
6836
-2628
-2760
-1697
1925
28
4709
55
-4375
-5467
4999
1457
332
2826
-4670
3571
-4938
-960
7618
-4306
-2817
4241
-1760
-1482
2307
1636
-533
-9659
4775
2228
3674
1429
-5025
-1064
-5564
4619
5848
2067
3920
-11304
-2881
320
6781
3292
-315
-5767
-4396
5420
-2045
5706
1091
-955
-2874
-2837
241
2669
7603
-8395
-4872
-1019
7871
2030
-2463
-1447
-6368
1439
5961
358
-766
2576
-5716
-977
6754
579
-498
-6151
-2813
6528
7767
-3458
-9667
3498
2335
-3466
1155
405
6475
-2997
-4620
-950
3253
-969
4594
-1069
-10098
9391
-1591
258
3805
-6811
-692
-1507
5429
-2163
-1051
1492
-4717
1176
1706
1743
895
3512
-6793
-7195
5368
7743
805
-447
913
-8874
-2026
5270
7508
2479
-8848
-10010
5617
7183
4403
-1355
-7744
-4230
-2802
7434
10690
-4678
-4893
-6421
825
12693
-2316
-4588
-1803
-5767
7452
4169
-3435
931
-2853
-1387
-1590
5568
620
-2574
2847
-4231
2332
-3196
3668
-537
3640
242
-6851
5547
-6043
2531
10891
-11649
1070
1995
-5363
9655
-5038
3667
-3611
-5292
2642
-1354
8905
-5167
-5179
-794
1978
8889
682
-4020
-6440
2348
-2781
7104
6840
-6349
-1879
-4056
3168
1687
3293
-517
-3762
-819
1673
3935
-3
-7185
2537
107
5068
-4473
-6128
6638
-5471
15573
-7340
-10821
8822
-2646
5126
-2934
-5083
2162
2247
2581
-6034
-2177
1499
3408
3792
-3366
-2379
-4026
-2223
3987
10067
314
-10293
-3536
-3848
10248
7134
-1681
-3695
-7269
-2922
9188
5610
1580
-6136
-6007
-581
8344
4807
-4259
-4444
-4581
1492
5770
2697
359
-7641
-4346
4067
4862
23
-6580
-569
-267
6219
1757
-3224
-2577
-2675
4985
-1391
2979
6616
-8469
445
-838
1893
5757
-5833
-132
-2328
2017
3393
-4057
5102
-1582
-2086
-1446
-5373
7839
4713
-2262
-3964
-3515
-2509
3241
9166
-3294
-2987
-2752
-2604
2963
3084
4533
-1382
-8383
-3172
9630
770
-2319
1043
-6266
3636
4027
348
-2007
-3653
3979
-1235
1703
-285
1831
-1818
-3563
4040
-250
-12
-155
-4927
1372
2007
3071
-391
-5365
-1059
-3038
2258
7674
400
-4713
-6882
779
6164
2327
971
-3490
-2660
1575
-841
4217
2151
-5976
-530
2240
957
2919
-1850
-6659
3999
4278
-3545
-163
-1645
1555
1876
-745
-1024
-3028
1771
2940
2584
-1799
-3361
-1476
-104
4888
372
291
-1359
-5196
3898
3047
-1031
-469
-4393
-357
3696
202
-3309
-2380
3253
916
-673
743
-3563
-821
2970
2505
-400
-4463
73
2880
4140
2450
-6265
-2371
130
942
5557
-760
-519
-1057
-5136
1099
5711
1958
-2899
-2116
-1953
1205
3652
1657
273
-3536
-3805
54
2395
3751
3939
-4433
-8150
-1883
4710
5537
-1365
-2381
-2302
-226
-1359
1464
3403
-3727
773
-346
3777
-1243
-7349
7566
3568
524
-1880
-4143
1892
939
3933
1486
-2799
-3600
-4001
2694
6353
1655
-4712
-7377
-1538
3796
3291
1648
-1654
-2084
-4194
-1655
2848
3314
2190
-2604
56
-2423
1211
2614
-1544
4808
-2694
461
-1651
-5247
7941
2707
2378
-2314
-7753
1776
1345
7885
1738
-6882
-2926
-4448
4714
3323
4295
-2055
-7631
-2183
-209
4889
3206
-3097
-3028
1038
1402
1711
-1229
-1136
177
-103
5120
-2861
-1226
1358
-3862
1986
2754
505
2971
-2011
-3719
1851
1888
6914
-1626
-6574
-2804
1483
3016
1093
-477
-2865
-810
-3237
-1217
929
4934
2851
-5195
-6390
-489
4383
3583
-1292
-1154
684
-4684
1481
2743
1794
4190
-2693
-3148
-425
3417
-1664
1447
1618
-2012
1067
-4125
1599
-774
47
1593
-3352
-429
403
3527
-570
-5811
2203
-1438
2502
4077
-1918
147
-2523
-275
1766
2371
1579
-2242
-1918
-985
2127
3102
899
-2189
-1892
-115
-486
270
2416
1487
-1779
-2732
-2563
1184
2927
1652
-619
-1985
-442
-1236
1508
2868
-2066
1448
1372
-1063
-1613
-5094
2868
2276
2996
294
-4675
-2103
-77
1763
4334
-141
2062
-2846
-9552
5072
4565
3257
-1458
-5391
-465
924
1966
-115
183
-1088
-770
64
-515
1323
1408
1123
-4137
-2680
1384
1201
2259
1366
-3524
1544
-2416
-1842
536
2725
3459
-365
-3208
-3641
2913
3600
-1304
1242
5
-1996
-1826
982
4086
1057
-855
-1583
-2497
395
1499
169
-1771
-920
954
-133
-815
-1404
1139
3145
-1020
-1406
-1105
-886
4020
1501
-739
88
-3375
-305
1961
828
1373
-426
330
-1006
-2041
952
-929
1996
1322
13
-1082
-4626
856
1262
1746
1067
-647
-3492
-505
998
1289
399
1283
315
-584
-1692
378
2641
1259
-2312
-2228
696
1343
785
1052
-105
-1276
-1785
-565
1749
1483
-1882
-1697
1527
3138
1192
-2794
-2539
-715
1578
1670
-259
300
-2685
-1641
2128
2191
2425
-2364
-3765
-725
2110
4033
-1718
-1397
1012
830
2851
-3425
-3873
581
321
2208
1465
-1349
-762
-949
-2225
1462
2646
-544
-3429
-2244
1354
2052
2007
-2532
-1643
2307
37
481
-403
173
3194
743
-2359
-2200
-100
1211
1803
2090
40
-2927
-2115
1202
754
2303
1273
-3273
-1046
-1220
1427
3626
-1821
-2349
-622
1555
1759
-827
-1693
-1472
-422
155
2176
1739
-3023
-3078
-140
246
2509
4664
-708
-3874
-1821
-750
3910
3710
-370
-2558
-2612
727
800
3077
2307
-1412
-3819
-4967
2505
4842
2333
-1135
-5197
-1366
436
1571
2852
-402
-251
-1425
-2396
1052
971
859
260
-923
469
120
572
80
-546
1017
802
619
700
229
-729
-1068
623
2500
397
-1316
-1519
-3368
2128
2893
-2256
558
-2689
-2184
3269
-248
682
-696
-2186
442
-307
1631
877
80
430
-810
-2169
114
3244
328
703
-719
-1780
526
1547
1983
-1526
-677
-43
288
2812
-151
-744
-750
-2296
-620
1135
1942
197
-1263
-2343
-2082
2273
892
-1561
210
-297
-723
-951
-358
2087
951
-1032
-824
-830
1959
2112
-680
-2120
-1539
879
484
2023
375
-500
768
-2773
88
853
827
3004
-917
-1277
-1492
-3034
1525
3475
235
-1281
-1797
206
165
-1688
-113
325
2140
3168
-527
-2047
-3417
-351
4713
2134
230
-3102
-1601
-1237
-1253
3666
5452
-1723
-5718
-3460
563
5706
3107
-69
-3099
-3368
-1633
-494
2720
3665
1013
-2370
-4927
-825
2861
3292
2608
-416
-1731
-2626
-875
1911
1510
2629
-66
-2885
-1814
-1438
1375
2326
452
-742
-1725
-508
782
439
-238
412
706
-958
-1592
-1290
1059
2317
797
-720
-1239
554
-1061
854
2101
-556
1186
-2346
-564
2459
1917
712
-2168
-732
198
1673
-542
-218
-943
-1268
312
185
27
355
-949
-963
-468
732
153
742
-193
-890
381
-411
-260
621
611
-663
-1864
-156
613
2824
2650
-77
-1719
-3704
-805
2535
4071
1226
-1578
-1954
-2312
306
705
265
-1039
282
-733
835
4
-1683
1209
512
-1888
-2045
-266
1356
3019
747
-599
-1731
-2243
-1232
-32
5928
3170
-180
-2358
-3546
179
1854
2144
1685
-475
459
-1885
-2768
-295
1154
2574
49
242
-2497
-2263
151
1278
1345
260
-1614
-2090
-36
738
1920
2287
-2370
-2883
-2347
2553
3800
2117
-257
-2366
-2420
-49
1234
2597
1851
-242
-1666
-2265
-723
1268
1340
-414
-599
413
-679
-313
-383
-2383
1177
1035
-225
1306
-2346
-695
-1182
1559
896
-690
765
-865
900
1368
769
-720
-425
-1472
143
3351
1161
619
-1961
-974
1046
-283
172
-492
-926
1683
158
-688
-1260
-479
-16
-502
957
-100
127
-604
-1505
-237
-274
828
749
1767
-1695
-1008
-634
-386
2122
1326
-1
-659
-1433
1055
1559
-75
593
-2758
-1222
676
1398
985
394
-228
-2150
-47
281
-377
626
661
927
-452
-352
-1315
-1232
1217
1433
2565
-119
-3527
-1188
816
1995
881
-532
-1359
-987
2258
1008
-1026
-734
-1197
173
535
-535
1499
1226
-1130
-277
-1358
-1327
573
934
1596
989
-10
-1588
-2453
-1036
1437
2733
347
-2054
-634
380
-305
821
-326
-662
775
423
1174
-365
-1372
-50
863
1120
763
-83
-1503
-1499
-343
2294
1203
-1341
-1962
-1410
1941
1173
667
25
-2508
-1273
-851
673
2990
1782
-690
-2731
-2001
1761
2125
-187
-197
-836
-238
646
-1252
-2
1253
-148
-624
-401
441
1105
1561
713
-1433
-1504
-603
82
27
10
956
419
1129
102
-390
-1552
-364
1179
598
658
127
-602
-59
816
1070
791
178
-428
-248
-869
-1034
66
360
-66
-382
-931
-561
-356
425
991
-1724
-1932
112
850
1554
579
27
24
-1419
-261
826
596
1298
235
-546
209
-188
-931
611
5
1227
-161
-2282
-304
643
1638
465
-1201
-1080
-496
294
475
-569
-501
662
155
507
-828
-634
490
15
0
-280
-151
-234
575
473
1253
-194
-1815
-798
203
1284
1170
-124
-251
-518
-730
-346
489
743
-13
-250
-343
-330
319
496
353
-266
-636
83
366
229
286
-550
-583
665
599
-20
-167
-217
-26
-68
112
544
25
-216
-3
-778
-307
1263
743
-614
-831
-813
210
1401
371
-313
-192
-23
94
-849
-2
1116
649
477
-586
-971
-265
46
808
1022
360
-977
-1856
-740
873
1550
663
-632
-989
-1014
-377
578
746
133
50
5
-512
300
63
-244
723
23
-259
-467
-803
122
727
654
275
-67
-767
-899
-323
605
1589
680
-896
-1125
-390
464
568
43
-119
-50
6
439
40
-796
-89
496
321
137
-442
-718
57
857
293
-64
-469
-683
-49
531
774
-261
-407
-851
-597
987
614
874
-21
-1376
-740
-146
933
920
351
107
-747
-424
467
544
-238
-1028
-408
683
1489
1003
-861
-1493
-567
394
272
-191
423
921
408
-477
-1206
-953
49
287
53
391
450
-179
-637
-369
23
35
-330
-578
507
1082
250
-425
-689
167
971
108
-819
-446
301
1003
682
-476
-630
-393
474
892
108
-301
-603
-132
528
709
361
-1120
-1059
330
899
909
-297
-1100
-214
575
667
121
-537
-461
31
308
370
79
-315
-141
-165
-201
171
228
354
-119
-730
-190
528
513
-316
-658
-293
-38
106
334
456
490
-10
-1214
-699
483
976
887
-264
-561
-393
-312
115
442
429
501
129
-594
-512
-351
492
234
-382
545
260
-225
-301
-404
-45
391
171
-456
-547
128
1076
531
-468
-704
-1122
-763
634
1438
1167
203
-1023
-1319
-366
54
656
615
372
32
-471
-242
-226
213
212
-22
-165
-258
-236
-354
388
576
218
-274
-593
-169
490
442
267
-168
-118
259
45
7
-111
152
508
179
-210
-719
-329
360
600
718
-155
-936
-811
-464
550
1241
563
-586
-1096
-936
312
1135
343
-2
-530
-158
207
4
-31
-128
32
80
243
535
371
-295
-777
-648
59
162
104
221
201
261
177
-409
-873
-510
369
562
560
-3
-702
-292
-14
192
133
-34
189
201
21
-257
-63
151
244
51
-193
-156
-173
433
513
98
-63
-625
-559
48
423
606
167
-460
-587
-286
147
426
292
27
66
-146
-197
-140
-80
28
220
522
-23
-261
-226
-74
-174
-168
0
288
336
261
110
-318
-511
-201
346
122
177
-1
-129
-400
-287
198
191
141
-116
-25
-159
183
359
80
-279
-416
120
461
371
216
-214
-117
-184
-39
207
237
126
-188
-149
150
136
-142
-327
-103
249
160
120
-438
-97
208
-31
-224
-447
30
637
577
299
-540
-874
-361
185
472
574
378
-194
-435
-324
-1
179
100
-69
78
392
73
-121
-285
-160
-114
5
36
477
412
-100
-296
-408
-133
95
329
335
246
-59
-223
-261
-83
58
-29
-65
-15
175
310
36
-191
-319
-444
-195
309
391
140
-7
-224
-252
-186
-146
130
141
160
246
188
54
-268
-502
-492
70
731
604
76
-199
-322
-302
70
181
34
210
175
-135
-141
-9
-97
-212
-120
162
489
341
4
-233
-454
-312
-223
92
679
533
108
-174
-417
-429
-192
137
270
312
72
-18
89
-227
-297
-323
-91
203
266
318
-48
-114
-44
-20
-212
-95
156
72
314
-51
-274
-178
110
417
107
-113
-308
-91
75
189
262
54
-135
-505
-331
37
373
427
-67
-238
-213
43
225
-5
-40
-56
-106
82
155
59
-47
-133
-87
156
344
181
-191
-405
-140
190
85
-86
-28
137
106
68
200
162
-1
-223
-390
-239
230
333
153
277
-35
-371
-324
-271
110
263
130
35
-143
-130
-28
80
-61
-203
-37
133
290
-86
-377
-107
107
241
-15
-209
37
219
99
-1
-59
-165
-114
-11
254
225
15
-55
-227
-94
25
53
140
-183
44
203
85
110
-133
-111
-253
-29
80
208
67
52
83
106
48
-240
-356
38
178
259
39
-179
117
132
17
-357
-140
-99
134
321
186
217
-76
-235
-420
-238
2
320
304
114
-136
-279
-138
68
206
72
-178
-128
55
126
115
35
-174
-245
-100
175
321
165
-13
-80
-225
-256
-99
106
351
158
-217
-141
16
199
227
-104
-287
-119
133
146
95
161
118
4
-45
-4
-53
-74
-132
-160
176
238
145
-19
-253
-110
-8
50
-29
-78
19
65
163
46
17
-60
-236
-41
142
187
55
-169
-176
-103
66
89
-4
65
-53
-55
4
-75
69
81
72
-34
-179
-30
68
180
59
-84
-79
-84
99
148
53
-3
-87
-145
-34
10
59
88
-29
36
-18
30
-37
-345
-49
85
28
163
7
48
12
-213
-290
-55
239
105
131
19
-13
-51
-209
11
16
135
66
5
81
-30
26
-95
-111
61
101
-67
75
267
124
2
-332
-328
-79
216
440
77
-76
-175
-268
7
48
121
65
-59
81
13
74
29
-172
-104
-35
106
63
1
121
78
62
-105
-254
-55
161
262
104
-38
-51
-164
-111
-13
109
206
66
-53
-130
-53
73
-14
-61
-14
-34
-61
53
118
134
107
-175
-363
-120
180
237
206
-32
-223
-122
28
115
63
6
-106
-40
43
-37
98
79
-60
-81
-17
43
-11
22
-15
-10
113
-9
-104
-18
79
136
-22
-186
-77
100
68
-76
-55
50
89
34
-86
-83
-9
35
35
3
-64
-21
39
-19
147
166
-99
-301
-183
116
114
158
28
-110
10
-75
-54
72
41
-169
-149
81
144
98
1
-52
-16
48
-141
-121
184
278
269
28
-195
-231
-184
21
205
163
67
-6
-94
15
-29
-138
-15
3
17
-22
31
208
73
-99
-232
-136
163
117
12
-27
56
112
-84
-108
-65
8
86
-3
43
138
78
-98
-242
-91
127
153
82
-124
-180
10
90
49
29
-39
-142
-10
81
128
154
-35
-127
-127
-37
-83
4
186
93
96
-35
-107
-87
-45
4
-89
54
92
62
57
-114
-115
-9
1
-24
10
23
54
125
-6
-110
-76
-40
18
62
155
84
-21
-97
-226
-48
166
99
-19
10
30
48
-45
-196
-15
142
93
-51
-87
-9
-57
-64
18
171
151
-59
-129
-80
29
53
-80
-102
15
68
93
5
-91
39
57
-103
-152
-82
96
232
155
0
-125
-130
-34
60
167
117
-73
-150
-99
78
172
23
-62
-58
-37
72
71
-4
-49
-121
-52
61
62
57
-37
-57
91
77
-30
-48
-57
-32
17
65
68
-12
-23
28
19
-25
-38
32
53
-17
-16
-9
-5
28
-48
-5
131
70
-34
-67
-125
-44
92
30
9
25
41
6
75
3
16
-33
-160
-12
74
354
151
-454
-197
-38
282
470
-215
47
-365
-70
-20
117
119
170
-46
-234
-21
125
264
-49
-222
-138
-125
245
137
85
-62
-262
28
42
216
24
-126
-22
-30
79
28
-11
-39
28
3
-68
-20
38
14
-18
-50
-34
-65
92
67
-80
-55
-38
24
-2
-63
5
-6
-3
-1
-6
85
28
-97
-123
-65
162
135
-16
-91
-160
-31
95
43
-10
87
2
-22
-148
3
108
59
-21
-53
27
-28
54
-3
29
68
-2
-38
-51
-43
44
41
7
-52
5
76
20
8
-45
-62
43
-18
-68
21
8
4
63
-8
-19
38
14
-21
-42
26
-3
-1
100
34
81
44
-138
-90
71
74
-24
-10
17
58
50
-13
-33
40
24
-147
-30
94
48
66
-23
-75
-30
34
18
-35
54
13
17
10
-51
-7
-49
71
21
16
89
-24
40
-54
-46
28
-50
-57
-6
77
19
-53
-88
-21
50
33
1
-32
-40
-53
-35
5
107
35
-44
-65
-25
172
30
-66
-73
-95
123
91
-24
-8
21
23
-28
-25
42
21
-17
-6
19
118
17
-3
-58
-19
28
-52
-42
-13
111
123
37
-50
-74
-42
-13
-16
4
-14
-34
9
42
34
49
-87
-118
12
21
20
-39
17
91
-20
-7
-24
30
15
-30
105
-33
-28
41
-3
68
-11
-50
26
56
-25
-31
-53
-23
86
25
56
-1
-48
-40
-37
68
76
9
-50
-50
19
127
28
-12
-45
-70
-11
62
30
-5
-70
-46
4
1
-3
21
-1
-58
-51
3
32
63
14
-28
38
48
30
-51
-88
-77
57
96
102
-16
-44
7
-15
8
-25
-46
-12
73
52
12
22
-74
-54
-34
-10
19
27
102
46
6
-21
-108
-29
40
32
22
0
-72
26
-5
42
39
-70
-40
-20
-3
9
-31
-39
38
60
-20
4
14
-21
11
-16
-44
25
-8
13
75
38
62
-33
-81
-10
-11
6
1
3
9
37
61
2
-16
-31
-84
-50
17
48
25
-44
7
53
40
15
-81
-44
-7
10
17
-24
48
39
8
-33
-96
10
97
11
-23
7
-34
36
78
25
-20
-80
-23
21
18
26
-9
10
-14
-42
15
3
-7
20
-1
-4
18
19
-24
-14
48
20
-12
-8
4
18
-10
2
34
21
21
-2
-46
10
19
1
31
-40
28
67
6
32
-39
-23
-9
-46
42
62
54
36
-61
-32
5
-34
49
13
-30
68
30
8
16
-9
-21
-61
7
78
30
10
-10
-43
-19
-4
9
8
-13
-7
-12
19
47
12
-15
-31
-19
12
5
-6
-21
-20
40
-2
-45
19
-6
7
14
-67
-17
-8
-13
19
10
72
28
-35
-42
-66
32
52
1
2
9
49
35
-24
-21
-3
-36
-31
-8
10
71
31
-13
-10
-71
-30
17
25
36
-25
-55
-15
28
6
19
-1
-45
-26
3
77
81
17
-47
-28
6
13
36
-18
-19
4
52
70
32
35
-49
-77
-23
18
62
-3
-51
2
28
36
12
-59
-62
4
51
55
-13
-7
7
-64
30
53
-10
15
-55
-34
10
-11
5
-3
12
8
-18
-8
-3
15
29
10
13
5
17
32
-17
-25
-31
-4
24
5
-10
-22
13
0
19
-3
-48
-22
-27
0
5
17
2
-46
-16
20
9
-10
33
-4
-20
16
-38
-10
29
8
-2
-25
6
2
-14
3
30
47
7
8
-8
3
-1
-38
2
30
50
11
26
-2
-21
60
-4
-31
-14
6
16
27
31
-22
-9
-5
13
34
15
-23
-51
-3
23
37
9
-30
11
5
-3
-16
-38
14
12
12
38
19
30
12
-19
-13
-13
-3
22
1
24
37
-5
-5
-47
-31
20
21
14
-11
-17
-10
13
-6
-9
7
6
11
-28
-18
33
14
3
23
11
8
-7
-6
47
6
-32
-28
-15
50
23
9
32
-11
-22
-39
-24
22
31
10
-34
-9
3
21
24
-15
5
-8
6
23
15
31
-10
-44
-10
24
25
45
-5
-39
-20
-15
7
1
19
7
6
4
-15
-44
5
20
12
-14
-2
-3
-26
-7
25
17
8
-1
-39
-13
25
30
18
-54
-18
41
7
12
-36
-15
31
-6
19
-23
14
26
-9
-21
-17
7
41
30
-47
-32
2
15
27
4
-7
3
18
-25
-9
1
3
-11
-10
24
0
14
-11
-21
-7
-9
10
3
4
-24
10
25
-2
-22
-32
-3
37
33
9
-18
