-7
-7
2
7
-1
-11
-7
-1
-2
-5
-2
2
1
2
2
-2
-7
-5
-3
2
6
7
6
4
-2
-7
-4
2
6
4
-2
-4
-1
0
-3
-1
0
-1
-2
1
3
1
0
-1
-1
2
2
-2
0
3
4
2
4
5
3
1
2
4
5
3
1
3
8
7
0
1
8
6
-1
3
4
-4
-2
6
9
4
3
2
1
0
0
-1
7
10
2
-6
0
6
4
2
5
8
6
6
6
4
2
-1
-1
2
1
0
6
11
11
9
7
3
-3
-3
6
7
5
1
-2
0
9
11
5
-4
-9
-3
10
16
12
5
-2
-8
-3
5
4
-2
0
5
7
9
13
13
8
5
1
3
5
5
0
3
9
7
-2
-1
-3
-6
-10
-9
-10
-7
-1
-1
1
2
-2
-12
-14
-9
-3
3
7
9
1
-4
-6
-6
-3
-5
-13
-16
-10
-4
-9
-15
-15
-11
-3
2
1
4
8
5
-3
2
13
10
-2
-1
8
6
-9
-19
-12
-1
5
7
11
15
7
-3
5
24
25
14
8
14
23
24
13
-2
-2
5
2
1
11
15
8
23
58
63
29
4
11
19
3
-21
-30
-31
-31
-28
-23
-16
-10
-4
3
3
-2
-7
-9
-13
-23
-32
-39
-42
-39
-31
-19
-9
-5
-8
-18
-26
-23
-8
9
7
-18
-56
-88
-99
-82
-38
5
24
6
-50
-137
-199
-163
0
214
363
397
354
270
155
31
-57
-84
-65
-31
4
24
0
-77
-164
-216
-207
-142
-31
104
228
294
293
233
136
57
42
87
131
154
152
95
-23
-82
-10
26
-99
-237
-150
-14
-29
-33
-21
-87
-181
-164
-105
-112
-88
-111
-153
-51
68
12
-105
-159
-212
-176
0
64
-55
-162
-165
-211
-359
-600
-931
-941
-301
739
1539
1695
1424
1001
540
99
-222
-355
-368
-297
-151
-26
-83
-369
-718
-898
-813
-536
-163
234
589
809
822
635
335
39
-130
-87
143
384
430
236
-78
-369
-582
-703
-711
-591
-363
-64
243
446
438
246
17
-107
-90
42
226
391
445
332
102
-147
-349
-438
-385
-256
-122
9
88
64
-20
-92
-157
-200
-135
75
328
397
190
-4
276
939
1248
829
252
59
-1
-173
-268
-350
-610
-769
-624
-408
-227
-138
-295
-385
-98
105
-21
8
199
178
156
266
158
-119
-246
-243
-121
16
-218
-668
-745
-568
-601
-756
-914
-1077
-743
467
1843
2412
2123
1537
1028
643
273
-139
-432
-447
-330
-261
-227
-404
-954
-1375
-1128
-623
-387
-178
283
784
1111
1157
809
272
-68
-109
105
490
731
568
139
-291
-624
-838
-917
-865
-677
-358
10
271
341
250
104
44
153
387
578
608
495
333
200
-12
-400
-641
-509
-272
-152
-302
-543
-107
1166
2200
2098
1308
679
73
-575
-563
-191
-326
-626
-741
-966
-1055
-919
-1091
-1218
-517
365
591
737
1077
947
467
133
-284
-771
-892
-792
-728
-525
-446
-776
-837
-413
-252
-394
-447
-557
-995
-2118
-3621
-3458
233
5732
8433
6470
3152
1546
673
-851
-1946
-1667
-1097
-1082
-835
-1
147
-1390
-3488
-3980
-2503
-794
360
1856
3492
3773
2583
1102
-151
-991
-909
57
1143
1528
828
-419
-1250
-1619
-2038
-2340
-2089
-1241
70
1431
2160
1982
1043
-268
-1050
-752
-78
270
553
877
810
385
2
-312
-631
-761
-555
-198
23
114
191
41
-407
-373
804
2052
1822
930
1425
2490
1594
-571
-1509
-1508
-1683
-1232
-222
-11
-330
-505
-915
-1102
-717
-870
-1185
-164
1140
1271
1176
1195
380
-678
-1117
-1505
-1822
-1403
-658
-57
447
322
-496
-776
-362
-607
-1397
-1183
-130
84
-1358
-4150
-6114
-3051
5173
11067
9145
4127
2349
2384
755
-1210
-1523
-1518
-2249
-2208
-644
441
-913
-3622
-4717
-3235
-1304
-448
778
3280
4852
3895
1953
616
-257
-621
-38
1027
1646
1222
-89
-1228
-1639
-2173
-3150
-3318
-2088
-474
843
2048
2689
1883
54
-1049
-513
645
1121
939
949
1179
650
-606
-1396
-1341
-812
-289
-330
-483
409
2098
2654
1194
-288
-362
-540
-919
519
2810
3323
1947
-194
-1746
-1615
-1092
-1462
-1386
-317
189
-58
327
887
-112
-1723
-1802
-1044
-630
121
931
957
805
354
-1169
-2382
-2031
-1499
-1266
-347
606
156
-873
-1088
-993
-1203
-1950
-2562
-2199
-1253
-1015
-1941
-4084
-4999
139
8759
13614
10492
4931
3737
2489
-381
-2202
-1990
-1786
-3082
-2539
-776
-560
-2831
-5507
-5464
-3165
-805
669
2855
5450
6001
4527
2912
1367
-341
-847
-63
728
839
-39
-1529
-2266
-2424
-3175
-3624
-2747
-1329
-95
1588
3477
3424
1374
-40
-148
-42
17
61
624
1214
830
281
-390
-1693
-2394
-1485
-364
266
893
1484
1094
-143
-432
-839
-1167
-1160
-239
2797
5017
5472
3351
664
-18
-199
-90
-706
-1217
-948
-768
-611
-748
-1166
-1911
-2313
-1592
-69
922
889
622
465
64
-1055
-2233
-2289
-1126
368
1045
816
47
-1163
-2171
-2519
-2224
-1963
-1599
-902
-152
174
211
51
-1364
-2099
-2372
-2422
-2353
-3376
-4698
-6427
-2691
7076
14663
13403
7351
6315
5869
2380
-954
-1647
-1257
-2796
-3217
-2196
-1349
-2339
-5230
-6592
-4425
-1137
-117
1205
4698
6780
5675
3935
2517
678
-288
84
774
1176
706
-755
-1698
-1652
-2442
-4057
-4169
-2271
-180
1183
2244
2861
2230
596
-487
-308
99
-28
-26
618
1108
681
-168
-674
-890
-944
-615
-72
396
870
1046
552
-21
-206
-248
196
1268
1906
2090
2858
3280
2008
461
103
-101
-778
-951
-451
-100
-357
-1277
-2502
-3221
-3041
-2225
-1015
307
1314
1670
1012
-292
-855
-248
406
132
-741
-1279
-1347
-1461
-1896
-2273
-2035
-2064
-2715
-2048
-400
122
193
320
-454
-1793
-3130
-3862
-3373
-3219
-5079
-7443
-6154
2093
13608
18215
12835
6676
5512
4205
614
-412
505
-1358
-3974
-3647
-2316
-2705
-5231
-8104
-7720
-3907
-257
2297
5372
8098
7735
4971
2901
1593
384
389
1029
1388
1885
1155
-1378
-2874
-2946
-4308
-5880
-4517
-1336
1236
3043
3750
2898
1430
3
-1152
-1120
-32
926
1349
1614
1382
349
-628
-1235
-1479
-1177
-270
498
1009
1405
1351
667
-657
-839
-522
482
2085
2346
3066
3855
3851
1876
-781
-1237
-1974
-3058
-3260
-2432
-1238
-840
-826
-1184
-1607
-1602
-1026
-246
234
69
-315
-296
138
943
1398
1068
-393
-2136
-2159
-1436
-1918
-2736
-3329
-3519
-2352
-1275
-1161
-940
-390
-127
-458
-1271
-2124
-2148
-2658
-4375
-7100
-9012
-4492
5635
14702
16288
10509
7202
7065
4272
39
-1700
-326
-1723
-3925
-3112
-2991
-3559
-5743
-7787
-6726
-3706
-280
1904
5666
9007
7702
5486
3388
1255
820
1673
2302
1355
224
-754
-2257
-3047
-3265
-3805
-4216
-3493
-1667
718
2781
3556
3285
2281
320
-1266
-748
370
906
1896
2339
1241
220
-33
-347
-864
-1104
-784
-61
1169
2222
1854
751
-495
-1885
-1029
2884
6238
6059
3231
458
-1290
-2444
-2983
-3105
-3333
-2943
-1438
-99
236
-118
-1094
-2912
-3452
-1747
-137
521
1337
2066
781
-536
-1163
-1477
-789
-1179
-1300
-1115
-1312
-1590
-2042
-1483
-2019
-3490
-3780
-2252
338
1383
888
-141
-1341
-2430
-3956
-5174
-5355
-6754
-7911
-1434
10906
17773
14598
8279
6864
6003
1549
-1782
-1460
62
-1320
-2848
-2439
-2121
-3201
-6940
-8980
-6283
-1617
1795
4521
7690
8128
5388
2987
1982
1159
800
942
1037
1350
967
-1061
-3274
-3718
-3740
-4676
-3951
-836
1332
1857
2611
2930
1863
567
-225
-391
331
1051
972
1131
1831
1551
-34
-1533
-1861
-975
21
203
503
1768
2727
2097
577
51
1711
3705
2861
477
350
1147
-412
-2315
-2105
-2018
-3149
-3149
-1714
-687
-514
-866
-1205
-578
507
637
260
406
176
-1149
-2172
-1971
-1308
-715
-249
-323
-1111
-1828
-1973
-2087
-1870
-1211
-1490
-1991
-1312
-938
-1094
-374
267
-349
-1547
-2592
-3396
-3448
-2391
-2227
-4914
-8142
-5963
4639
15167
14713
9095
8971
9012
3025
-1436
-100
248
-2846
-4398
-3040
-1464
-1403
-3556
-5871
-5038
-2916
-2228
254
5474
7909
6236
4542
3611
2238
1088
313
-181
377
848
-449
-1583
-967
-1250
-3340
-4283
-2939
-1183
-96
1532
3986
4409
1778
-292
-414
-665
-1453
-1181
224
1361
2142
2102
1136
270
-9
-802
-1212
-229
710
1647
1493
2154
3610
4530
4663
1473
-454
-825
-1459
-1806
-2475
-1742
-2833
-4262
-3163
-2066
-1289
-1012
-399
220
351
1216
1064
330
889
-45
-1957
-2659
-1882
-297
-240
-671
-1654
-2523
-2084
-1643
-805
-554
-1735
-2954
-2211
-1058
-635
-85
419
576
-1189
-2574
-3249
-3439
-2371
-2392
-3474
-7164
-8297
-330
10968
16491
11697
6434
7563
6626
2214
-179
1428
618
-4630
-5083
-2314
-1526
-2315
-4706
-6065
-5015
-2322
-145
2514
6672
6714
4202
3895
3472
1685
706
1171
865
402
133
-1287
-1901
-1608
-2822
-3963
-2249
-215
-60
325
1778
2844
2412
754
-697
-839
-83
607
901
1388
1672
648
-311
-191
-193
-239
-27
-259
-364
53
810
2923
5203
4126
698
-544
614
1296
982
145
-1123
-1872
-2187
-2971
-2845
-1657
-1942
-2510
-744
1204
943
-717
-1987
-1480
-314
-394
-803
-496
-379
-856
-1105
-688
-496
-1262
-2158
-2115
-1287
-623
-773
-1567
-2400
-2765
-2166
-544
638
-242
-1915
-1862
-920
-1468
-2657
-2748
-2300
-2516
-5061
-9196
-7599
3740
14928
14864
8413
7031
8875
5743
1290
1871
2639
-1042
-4872
-4656
-1641
-395
-3842
-7968
-7529
-4237
-1353
1859
5488
6907
5439
3784
3222
2462
1731
1657
1409
1289
1279
-11
-1454
-1215
-1172
-2772
-3570
-2428
-1476
-1136
347
2343
2658
1030
-727
-918
234
1059
575
118
924
1884
1287
249
145
50
12
-196
-734
-683
1644
5165
5517
4024
2897
1618
-68
-2398
-1986
-540
-2232
-3461
-3316
-3330
-2925
-1947
-1132
-902
848
2253
1026
586
1493
623
-1059
-1323
-1947
-3032
-2430
-1134
-989
-733
-610
-2172
-3254
-2184
-1243
-1991
-1555
-529
-853
-911
-1466
-2230
-2080
-932
-213
-1159
-1689
-2970
-3141
-462
-606
-4218
-9068
-9598
-1222
11051
16382
9781
5908
9262
7740
2598
1493
3792
961
-4550
-3802
-623
-41
-2856
-6462
-7071
-5304
-3450
-1973
2631
7517
6302
3388
3066
3089
2330
2408
2857
1871
773
308
111
493
-37
-3055
-5319
-3949
-1799
-1020
-131
1197
1500
1040
697
434
567
339
-783
-575
1504
2867
2488
956
-520
-504
244
106
-645
-437
1413
3560
4607
4069
1765
-277
75
784
-142
-1099
-1570
-2741
-3428
-2554
-1879
-1970
-1681
-1429
-1247
-103
810
267
-126
270
22
-508
-305
-380
-1103
-1270
-1086
-1637
-2223
-1840
-1514
-2115
-2489
-1881
-1307
-1736
-2408
-2106
-1367
-880
-265
256
345
-404
-2346
-3962
-3858
-2589
-1958
-4023
-7435
-7480
-690
10177
14797
9829
6651
9170
7868
2918
2215
3112
260
-2964
-2679
-703
-146
-2430
-6464
-8192
-5479
-2200
-914
1637
4993
4706
2935
3671
4632
3743
2531
1467
737
1564
2288
739
-537
-425
-1976
-4100
-3489
-1825
-1468
-1324
-134
1202
1524
1231
674
-254
-872
-894
-113
1744
2904
2260
1429
830
181
666
1148
-326
-875
2156
5131
4535
2717
2653
2543
-195
-3180
-3270
-2550
-3261
-3562
-2671
-2036
-1883
-1876
-1759
-719
987
1649
1100
1303
2170
1351
-544
-1193
-1512
-2489
-2580
-1660
-1544
-2050
-2095
-2537
-2757
-2025
-1978
-2489
-1934
-1585
-2173
-1317
663
1634
421
-804
-1672
-3267
-3475
-2338
-1128
-1526
-2296
-6122
-9031
-2031
8722
13698
8709
5930
8618
7454
4517
1634
2025
203
-4032
-2922
257
3300
926
-5163
-6873
-5700
-3291
-1551
701
3669
2606
1348
2890
4144
3647
1754
240
309
1894
2975
2742
2466
1625
-1353
-4350
-3960
-1986
-1224
-828
68
436
636
1426
1816
1402
353
-1310
-1981
-35
2356
2427
1464
1346
1152
398
405
1515
2743
3061
1898
228
187
2071
3463
2313
-536
-2738
-3518
-3788
-3580
-2487
-1888
-2698
-3117
-2063
-814
214
1145
796
-281
210
1384
1182
730
575
-921
-2535
-2144
-1655
-2269
-2158
-2075
-3314
-3507
-2073
-1397
-1319
-677
-589
-1409
-1387
-414
-216
-672
-1050
-2156
-3268
-2520
-958
-1063
-3488
-6860
-7360
-1037
8599
11899
8049
6294
8281
7111
3344
2933
3787
571
-3550
-2955
349
1620
-163
-3534
-5644
-4947
-3471
-2173
397
2714
2196
1081
2268
3866
3742
2865
1760
598
888
1911
1560
1254
1897
633
-2222
-2902
-1677
-1435
-1793
-989
153
392
520
1020
1124
764
-176
-1303
-1102
460
1821
2150
2125
1927
1370
765
736
908
1021
1511
1867
2862
3367
2347
234
-1882
-2192
-3152
-4006
-3308
-2363
-1631
-1500
-752
-783
-1899
-2260
-1721
-959
136
1455
1927
1739
1395
990
-763
-1814
-1613
-2055
-2663
-2792
-1101
-287
-799
-2297
-3960
-3509
-3422
-2781
-1451
9
1119
603
237
-151
-154
-1492
-4004
-3728
-1850
-194
-1803
-5291
-4661
10
6042
7041
4643
6948
8652
6148
3378
4082
5338
901
-2634
-2406
-948
630
-802
-2031
-2641
-2630
-2806
-3702
-938
1280
609
527
1757
3638
3981
2918
1889
785
496
225
-159
1422
2162
943
-265
-287
195
-762
-969
-703
-779
-720
-796
227
941
451
-806
-1619
-470
1184
1778
1501
1235
1539
2441
2926
2590
1943
652
-668
8
2528
3650
2177
-22
-2034
-3769
-4288
-3374
-2193
-1568
-1738
-2111
-1601
-195
577
-42
-935
-1350
-1242
-672
411
1491
1856
862
-725
-1485
-1848
-1843
-2143
-2365
-1992
-1677
-957
-1155
-1295
-1213
-2223
-2372
-1942
-1023
-648
-879
-15
-268
-655
-1075
-2003
-1616
-1524
-1406
-2898
-5018
-3362
487
5355
6477
5015
7021
7490
5573
3528
2963
2556
-1009
-1835
-355
968
2372
992
-1403
-3460
-3405
-2780
-3167
-691
1549
1428
1388
2143
3620
3479
2597
1145
-1073
-630
441
854
1705
1670
603
-1278
-1777
-840
-601
-213
322
626
766
767
795
500
-133
-1136
-1824
-1418
-375
442
867
1301
2041
2627
2036
891
581
890
1291
1983
2322
1693
994
186
-1579
-3020
-2908
-2863
-3702
-3639
-2318
-1155
-269
457
254
-527
-897
-902
-761
-268
407
574
313
409
337
-550
-1413
-2101
-2894
-2948
-2163
-1381
-902
-666
-450
-299
-647
-1235
-1187
-894
-1429
-1979
-1374
-334
421
600
-565
-1944
-2065
-1540
-1062
-1017
-1792
-2641
-1180
2571
4905
3859
2863
3728
3690
2918
2490
2849
2446
1088
471
-9
1232
1972
687
-651
-1234
-838
-1621
-1794
-325
580
687
630
784
1561
2131
1242
406
237
535
20
-378
236
450
930
271
-21
523
347
282
-156
67
-21
-916
-829
87
698
372
-207
-672
-571
157
543
447
978
1574
798
421
1832
2886
1991
657
105
-510
-1421
-1795
-1630
-1521
-1682
-2227
-2420
-1331
-22
161
-113
-97
-159
-290
-254
-26
143
-202
-980
-1687
-1634
-979
-790
-1157
-1092
-895
-1004
-876
-634
-69
207
-327
-877
-704
37
-86
-320
-193
-462
-681
-1002
-1030
-979
-918
-561
-723
-423
-43
-319
-80
73
-407
-1365
-1811
-1086
239
1599
1741
1248
1417
1954
2159
2157
2527
2428
1332
339
185
491
1046
1411
1043
682
728
417
-130
33
470
218
-119
142
584
968
1102
611
39
31
-97
-630
-670
-130
246
261
394
484
234
45
95
-147
-251
371
237
-243
-155
-166
-299
-357
283
608
472
756
794
535
110
188
418
-7
-187
-190
-435
-797
-1099
-1212
-1431
-1133
-369
-97
104
691
846
236
-184
-40
139
-218
-502
-909
-1248
-961
-1181
-1207
-1378
-1251
-782
-1050
-495
10
299
511
268
283
263
566
175
-452
-175
-127
-87
-358
-339
77
-581
-933
-685
-588
-288
365
781
407
281
381
353
332
84
-287
-764
-911
-519
-207
-272
-147
60
-254
-513
-434
-122
617
1116
1028
999
956
723
681
490
355
505
309
564
868
555
332
115
-36
-331
-187
251
183
460
790
880
965
959
1154
919
130
-318
-317
-77
131
-44
-316
-170
-54
-153
-363
-597
-262
-1
-144
83
579
564
378
251
253
575
63
-271
-279
-488
-465
-691
-130
126
-195
172
226
-94
-221
-190
-162
32
-280
-834
-587
-386
-494
-634
-528
-251
-380
-485
-561
-835
-740
-346
-155
-89
384
644
104
201
220
191
207
-847
-562
-30
-85
-98
-296
184
-149
-245
-116
134
732
151
-213
-185
-221
-347
-86
294
104
-143
-334
46
518
597
143
-77
511
367
411
868
840
880
251
116
133
-108
-38
-511
-206
-76
-204
-6
-59
-338
-327
83
-241
-63
-297
94
1333
885
-87
-115
458
167
650
511
-49
-17
-569
-195
-556
-179
81
-493
80
-44
344
627
-209
-383
-92
-479
-381
-11
-96
543
402
-409
-96
835
878
479
201
-367
-99
284
65
1
238
187
51
218
-574
-1195
-1084
-1049
-565
-674
-641
-14
-243
823
-17
-164
194
-479
120
279
576
-430
166
-505
764
268
316
102
-23
-587
-706
-208
123
-230
788
944
493
-79
-198
-334
24
-51
-79
384
-451
147
360
180
1007
-458
-683
270
472
633
276
208
267
-361
-47
-59
-450
516
-325
-436
391
-25
319
-616
-575
282
-142
558
224
-727
-748
-280
533
399
574
231
-245
206
214
-10
-276
287
49
49
421
-575
-235
-27
-403
-368
-818
-494
531
624
-223
101
-291
-536
-196
325
538
-32
-614
-592
1269
625
134
-613
-26
-882
1397
980
279
71
-961
458
451
686
-1106
-1364
-1774
451
173
-690
-902
-1242
873
906
642
-387
-905
-365
147
1099
125
350
-481
-247
866
179
74
289
-44
-703
-539
-444
466
730
361
-208
-851
951
414
-285
519
-56
297
-725
3
811
-611
979
313
90
307
-344
1128
815
731
143
-1363
-728
75
157
-55
546
-501
-941
1083
-1358
1206
233
-533
-226
-790
338
-8
598
580
430
-505
1050
442
-135
-662
-1202
118
884
-22
-608
-270
410
440
195
-788
-1431
-426
317
309
112
-679
-507
-193
98
246
-519
-831
83
1115
140
-595
-314
159
1672
186
-122
-192
-978
-55
204
671
639
34
-316
150
-595
932
-626
-213
-974
-1117
-456
-184
587
701
304
182
-531
-7
-359
269
871
-336
216
416
31
533
415
510
-1007
-1338
-763
193
1061
-89
-219
-161
146
1312
-63
163
147
-397
1254
-148
436
-138
-115
-519
463
-584
8
42
-79
835
444
613
611
-502
-415
-285
161
155
-549
-114
159
-358
-342
-586
1004
275
-1656
-81
578
711
-244
78
103
996
1041
-470
238
-1508
-225
-53
332
173
-367
-872
360
792
92
-175
-986
-792
257
-276
804
-212
52
-801
-146
398
344
-720
309
-515
23
-55
100
708
153
-1054
-419
705
450
637
-194
-990
-42
409
914
-236
-544
-982
-859
694
157
-82
-184
-484
-81
578
544
-77
440
670
-17
-545
-151
319
369
103
134
60
-397
54
156
-64
-443
-590
70
691
936
-199
233
-618
-344
947
-178
-76
-318
127
-398
534
-206
375
-51
397
-271
487
802
-243
1286
-40
236
-436
-295
-232
-1037
311
-290
-504
89
-500
1002
215
482
-340
-270
-321
600
9
239
27
377
-2
678
-494
-827
-125
-638
-50
1
-204
161
265
80
-112
731
-597
-470
-129
-560
962
597
-162
-400
-706
-429
-444
395
833
-49
-299
-688
-142
1083
-125
18
83
-1147
-391
639
1226
-72
-717
-367
-710
169
282
-193
490
-242
-830
-536
673
803
302
658
-436
370
-489
379
-210
426
-370
-714
180
689
400
-400
-253
-1032
731
-151
349
-393
-524
658
199
158
630
479
-63
-369
210
-227
713
636
-730
-783
-292
630
-161
436
-751
305
520
1364
272
280
-857
-679
-291
295
659
-771
-541
-820
586
-169
275
-93
508
-280
-690
917
5
-462
289
-197
1279
-175
-752
-528
-336
695
-93
-992
-807
-251
415
1484
634
-321
-254
-544
137
407
-367
-717
-27
564
-148
832
-239
-1057
66
-996
1126
-382
45
-566
-565
506
916
794
17
-1487
485
487
-192
-200
-454
748
-1037
625
-700
-828
932
1032
3
-848
457
-360
797
-179
158
174
-478
1001
-332
-286
-295
968
-96
-614
373
-248
1133
645
-832
295
-585
445
-490
673
152
-279
-367
1047
-146
-777
-286
122
1110
-79
134
-1075
342
424
-933
761
453
-265
1215
-784
-495
937
-118
435
-976
-814
663
-616
477
362
-1550
-468
1093
-222
1018
-825
50
-113
61
932
237
-1098
-571
143
333
-44
-183
-679
10
-310
-200
429
63
-498
286
1158
-1253
251
-116
516
1182
-434
-1121
-73
-862
1652
146
-1205
446
-882
454
463
-368
594
-33
-384
17
918
10
28
284
-677
-71
-641
498
559
-936
1202
-1052
367
-44
-298
443
-159
484
-78
-233
541
836
-517
39
-1223
-170
1340
259
-99
-716
467
-603
570
-663
34
763
324
270
-644
443
255
-273
240
-421
70
425
351
-1
-619
-269
588
-130
-719
55
301
573
214
-382
321
494
872
-641
-1639
-532
-629
522
270
-203
104
-228
200
289
-428
-963
104
373
-400
490
-387
53
975
354
1221
-1778
210
2
-216
910
-845
-1181
-21
417
-212
-502
-619
902
-23
819
311
-1121
876
-805
455
-45
22
131
-13
651
-810
-434
-825
503
202
405
-599
271
-94
618
690
-1018
785
-435
1272
1500
-1547
745
-1597
-1668
763
-11
1280
119
-680
-159
262
274
-395
598
-1128
191
305
-54
2211
-1059
-752
813
-604
525
213
-820
-588
581
744
286
789
326
-143
-531
960
-1345
600
-355
-339
743
-95
372
-486
-296
66
-897
1471
-91
-1837
423
1128
-198
-584
296
-978
159
-1132
-248
737
828
-24
-344
-664
-214
704
-768
219
387
361
-269
1060
-57
269
-230
-432
82
-1419
602
-531
-452
1461
-1012
263
-62
-693
716
-691
117
-500
202
-109
1541
82
41
-166
-1680
821
-489
-150
100
976
-107
-418
5
584
93
760
631
-1173
459
-357
346
-319
1190
-434
-718
1051
-1282
97
132
68
-460
283
102
-148
956
-578
165
-327
389
585
-802
-358
340
-121
342
-1457
-732
562
657
1087
176
-248
307
-631
275
862
396
511
-1039
-871
-25
71
643
445
-120
-537
-176
-214
617
21
-711
129
-737
129
744
702
-428
224
658
-785
723
271
-1028
-992
880
-595
1680
209
-1399
-413
-268
1376
-603
-842
555
-752
-294
1671
-424
-151
-949
-563
415
-62
1171
-462
-1772
203
705
841
-313
-38
52
-301
70
-1904
839
238
301
993
-2585
367
-846
920
1462
-949
-932
-499
-146
1730
1232
-416
-1068
-346
1333
225
318
-431
328
-703
527
312
404
376
-1303
992
-284
188
-529
-248
694
-122
-52
758
-481
608
656
-889
77
-612
449
-429
-442
-477
1229
210
-755
934
91
369
-20
-331
1101
-978
-229
485
15
674
-233
-287
-636
798
-993
382
-844
-736
1419
-294
-1034
300
-58
1221
-653
-587
579
-1259
1145
-1440
670
1135
-106
1853
-400
-449
-230
11
-944
88
314
-517
-13
-918
-500
-328
1061
-109
-231
362
116
287
-59
-275
-402
-888
1010
833
379
-1026
-1125
324
521
778
277
182
-46
-81
-171
-35
-12
85
916
72
-397
-946
-20
666
-99
-153
-1141
-63
763
659
1433
-159
-1314
-647
-69
336
1085
-200
-331
154
-886
-95
1552
679
-1088
-848
-913
1076
624
1145
-997
88
446
-723
1210
247
-191
-977
-2443
922
933
1265
-589
-689
258
177
1086
-679
764
-386
-494
393
-1440
1206
-517
-270
811
-448
1543
-868
-212
-613
304
-254
518
199
-993
-560
480
352
306
-991
-168
1058
-785
1350
254
-1686
-944
-403
-355
2970
-1017
-706
-112
-958
283
1755
-240
-564
-648
777
334
468
67
-1638
-624
386
634
-711
491
-760
552
1186
-1290
-897
1267
153
244
805
978
-258
-1754
-785
32
649
897
-1029
-83
128
-346
764
-298
1379
-172
-1205
1455
-1148
345
458
-984
768
155
306
-4
50
-95
-910
403
-249
494
25
-1262
359
-753
416
107
1182
783
506
84
-203
22
-363
-147
-1009
425
-365
790
-921
-1296
2930
-1387
-948
94
-634
1338
779
-848
84
-166
-342
-272
911
14
-520
-155
-369
6
-321
806
287
685
-1362
999
246
111
1241
-1147
-877
-657
727
791
-71
318
-1051
-25
897
-854
-1534
471
1399
-235
-1629
314
-285
1265
-475
105
-693
88
-114
26
1744
-357
-1272
-1023
1585
1062
1074
-207
-965
-167
-348
45
1311
-207
-671
-119
-905
-262
1196
-483
557
-531
-496
1954
394
-654
-1194
-186
-871
-593
772
1546
855
-1395
1031
133
63
135
-1195
-1744
1885
346
-960
1302
-901
-862
-190
-24
-333
394
120
170
653
-1199
754
412
841
-88
-2007
-403
1205
704
307
928
-975
577
-836
-49
2055
-814
-673
288
-1555
580
2134
1460
-518
-2244
-1023
1779
1465
-1061
-2619
-1400
1460
1990
1082
-339
-1922
-1197
328
1003
-116
-1765
603
1728
2846
-2597
-1451
1432
-229
1799
95
-2404
-1290
1404
418
-241
-682
-177
-1015
-251
887
-34
1212
345
-1508
841
848
725
-2625
-234
1450
-22
-911
-897
1104
232
-59
-1554
-104
1592
1674
-455
-253
440
-1667
2533
-432
-1207
-465
69
977
221
455
-1320
-1271
-689
918
894
696
284
-830
1039
491
572
-2288
-1161
592
1176
733
573
-1249
-1590
423
722
592
-340
-675
-446
547
452
1368
-578
-748
-610
234
1532
-1215
-1168
-1261
25
2728
290
1328
-1796
-227
-212
-296
584
-23
1685
1686
-261
-1353
-1596
177
866
-872
-1264
947
-723
-864
1952
730
678
-1973
-661
-921
-732
1712
904
669
-1726
635
1181
-465
455
-1305
-1056
634
779
766
520
-2012
-802
893
1381
-651
-799
-1285
-831
610
1907
1605
-2031
-559
369
1037
-655
678
-461
-157
-366
-542
517
2752
616
-3957
63
-202
920
2469
-1029
417
-961
105
781
-248
-904
-1072
8
477
1389
888
-892
-283
-1178
625
-312
766
1146
-237
-529
304
308
-45
-272
-400
377
-416
201
-580
752
503
-1293
-859
558
496
517
477
-1305
-233
-63
562
247
-261
-454
586
-220
-655
-63
-507
969
-579
468
266
-466
-134
-390
1885
348
228
-1246
-140
291
-1190
90
-121
-715
524
-251
1154
992
-695
-201
-148
732
756
-963
-1111
41
778
-39
-272
-543
-169
1406
-448
-81
1458
-1637
175
1267
-949
416
-1022
-442
746
-995
734
-91
-83
557
-809
1753
993
-1815
-264
-644
565
1304
-352
-432
-679
1232
-1226
-866
86
345
674
145
-489
-43
410
413
-85
-496
-651
1398
-523
1501
633
-1579
-692
1002
33
430
-365
-1065
1169
-790
-212
-612
-489
-324
32
685
-898
273
2200
-2
530
-532
-2111
1636
-493
-316
-798
559
2027
738
-356
-1527
-141
-140
935
-408
-1576
-950
1005
1035
867
-180
-1243
-4
-60
98
949
-88
-245
753
-121
-39
-802
463
-584
-544
809
-591
1078
-53
-394
-326
47
296
358
-236
-190
910
608
822
-1292
-2161
-395
958
1403
-1081
-1402
23
1084
761
336
127
-2120
-50
57
1844
1213
-1514
352
-578
-1643
739
953
675
-242
-1733
752
2446
504
-582
-1786
-713
590
-271
-159
452
1029
871
308
-46
-1363
-1358
-503
-638
507
-170
953
484
923
951
-139
-1092
-1500
355
680
73
-279
-891
277
1639
690
-844
98
-419
-588
-364
-107
1434
-154
-137
-796
97
210
499
330
-253
-1247
640
749
-523
-117
-553
57
395
58
1280
-46
-772
-1496
778
1699
-760
106
-516
-380
782
-500
-68
-623
-650
-574
-94
2033
404
-841
-620
-199
-614
-464
-540
669
362
109
1191
552
157
-43
447
158
-2647
234
831
-798
1456
-138
870
627
-2051
1613
157
-1004
-466
-497
-338
-328
113
286
1444
1593
-827
-1318
870
796
-228
-1814
-22
237
1171
731
-22
719
-2343
-28
275
-808
-88
370
1073
396
303
-1108
-608
2504
-1173
-922
-915
-198
758
109
-381
-431
396
-218
830
11
326
64
-63
-7
707
-462
-710
-520
-1054
448
1371
296
456
352
-2012
82
228
-623
1334
-145
-333
410
-459
869
43
144
-529
-876
488
-141
351
-200
-1141
-702
1743
585
484
-403
-573
364
-1155
1022
-466
60
776
330
732
-691
34
-731
-1190
-12
617
-224
349
688
-78
125
90
-62
-635
637
14
278
160
-338
235
-717
670
81
268
-913
-891
642
-591
745
-151
344
268
-920
-599
-56
1735
-698
606
137
-642
676
-675
600
94
124
-1081
-12
-417
2075
367
-1276
-873
383
339
22
-1459
-710
1353
441
105
92
480
-756
-392
-30
1056
-623
773
-289
-7
684
-273
-1287
65
1076
33
4
-902
-373
87
1615
296
-729
-1029
-1350
1681
1663
97
-3260
231
696
1108
-406
-471
-7
476
632
31
-291
-2153
1211
1198
175
-1394
142
-42
351
186
-33
-1237
-514
926
222
-289
-289
529
-133
1319
58
-1826
-1104
1168
315
-190
26
-735
-447
1044
648
-610
297
1142
-675
-1094
206
724
500
194
-599
-1094
205
1022
-547
-1031
377
1256
101
-440
145
-608
872
68
-787
1199
-1040
-706
921
-327
845
-1053
-1495
887
1782
2811
-1862
-1260
-943
-103
1686
-255
-787
-459
-698
415
402
956
-236
-180
-532
-40
142
401
226
119
1544
-2472
-714
791
1118
-87
352
59
-1330
566
-832
768
214
-260
-1245
-507
-358
1254
1183
46
-1115
801
174
-918
693
-356
-141
340
1049
-821
-539
-138
419
521
-663
830
-667
876
-578
617
-31
-518
54
-782
253
176
262
-963
-625
553
981
-63
-826
487
-117
298
-1041
627
269
631
961
-1087
163
-674
-1238
1121
517
1133
-900
-732
-140
1808
814
-1075
-720
-197
119
-330
1204
-752
-983
115
1276
-286
-904
-387
-332
774
1182
1195
-1203
-599
-934
330
376
8
217
-412
1103
189
-999
-1159
1119
635
302
-70
-2899
804
656
1055
502
-2203
73
790
1240
-1428
618
-7
-1326
1100
-374
1355
9
-800
-1168
1096
-150
948
309
-1309
115
-674
1071
716
-1390
-122
-497
187
1424
-902
975
-1009
438
-187
183
1539
-860
226
-935
-228
277
-47
403
-905
138
1566
42
372
-1472
-1150
1652
343
-918
-253
-314
561
331
-795
260
454
-579
-1031
-25
1106
616
856
-319
-1141
199
-385
-17
772
136
-880
-807
627
210
970
317
-412
364
-1292
-153
706
100
333
155
-340
-928
-125
-590
37
1427
-162
-614
498
1052
215
-970
168
127
-150
-682
-373
475
721
561
-1216
776
-800
-509
-538
441
2123
-130
-1628
573
11
-364
1057
-598
1106
-538
-1086
-410
1092
904
-316
-1033
-1004
1060
-96
-240
966
1009
-1025
-211
-201
-271
-817
707
607
-220
-303
250
-493
-651
925
373
424
-422
-830
1042
-750
223
852
-232
985
-764
-1409
-413
688
1525
-498
-313
-444
-840
582
278
477
-921
-896
1440
52
80
516
-867
-1006
788
1493
-1510
-1182
363
1194
1694
-393
-731
-936
-60
1040
510
-589
-1162
388
327
314
979
-940
-596
770
1444
-1526
-1441
2583
-100
332
-1142
-82
562
-547
945
27
-1362
-529
-918
1106
1073
401
-521
-990
-208
822
925
11
255
-624
-1129
852
-225
-1194
49
59
1199
681
-897
-203
-410
381
66
-266
1350
264
-169
130
-1188
-23
-125
606
-598
-766
1149
-1514
539
-58
450
408
-599
553
1175
140
-439
-796
-545
-401
1454
274
-189
-474
-63
808
364
-1359
-666
749
-283
176
274
1236
-606
8
-149
-28
-572
-221
384
-52
-924
995
1045
-125
-677
-659
534
-78
-312
-880
1498
678
-185
-1360
925
454
-753
352
-985
-19
1000
-148
-213
731
-913
340
-3
195
-601
486
284
-1204
902
-1031
-6
310
298
-39
-131
-203
732
-73
132
392
-576
546
-47
211
-1429
1057
227
-731
664
-413
-417
449
-656
633
400
-201
-792
-353
918
-10
-221
121
1104
-1303
344
-123
682
20
-381
310
-1063
580
703
-556
414
-181
-1053
-390
814
814
633
-845
-906
453
-399
870
-368
256
-1182
-330
254
489
200
-291
1097
-318
-476
866
-273
293
-607
-78
-648
-1339
1945
269
-598
379
-131
179
-98
190
-427
-17
-308
-180
-100
658
756
-703
-3
-265
1045
-231
-61
-388
-548
2006
-573
-357
-2053
-274
1545
786
1677
-2120
-684
-857
272
2408
-345
-1150
-382
1236
-303
-140
258
-70
453
56
-441
-656
249
-1065
1311
1446
-622
-1079
-1145
1065
1099
919
-2213
-1739
1097
1481
111
443
-616
101
-302
224
-41
-592
338
-130
-469
-299
-431
896
825
861
-100
-2337
-437
928
1248
1175
-1121
-834
-289
-228
459
133
237
96
-2087
1111
742
835
33
-1376
-838
872
639
-526
959
-727
675
-299
-616
-155
-50
1514
180
-467
-957
-196
1489
-578
641
-439
-117
-25
750
-624
400
-520
-1257
262
1214
615
-625
-51
86
1078
-724
-1081
-347
1103
-77
-274
-206
-532
-370
182
345
320
-675
-97
676
1697
368
-690
-1128
-468
951
-865
307
-188
-384
376
772
-76
492
-462
-360
-721
-331
-81
470
1052
824
-324
-1813
-71
558
-612
941
-590
-932
1238
1110
846
-295
-965
-256
226
895
-266
-663
226
-289
75
271
-207
-891
-766
1413
1042
67
24
-1286
-472
163
16
864
413
472
-77
-954
-284
623
162
-883
-656
353
827
1308
-247
-800
837
-977
47
-452
-190
-758
110
819
1352
789
-720
-807
-710
890
-815
298
-472
197
894
104
-553
-1055
572
1248
792
-268
-969
-1503
1013
154
649
-668
-923
1048
647
281
-485
-995
46
21
688
44
90
-567
-1188
1985
830
-870
-68
-1559
287
771
937
-297
27
-403
506
-237
9
-308
27
-44
-772
803
-458
-130
834
-1054
673
431
-299
-281
-840
1403
85
34
-446
-1053
794
-1322
1342
972
-798
-1099
322
1176
374
-727
51
-469
652
863
-1812
200
573
47
-1311
1019
661
-644
762
-219
-1172
-327
912
414
83
-671
-194
1195
87
-325
-1132
740
182
-1230
89
-716
1429
859
-1096
516
-14
299
-386
-113
1555
-1163
-131
250
-802
287
-603
810
1583
-903
-588
309
-299
1957
-823
-914
-635
-490
-72
808
574
-556
398
1063
-1074
-99
-220
-619
781
-692
513
1307
-308
23
-1028
503
213
-904
92
-499
113
409
142
323
668
-272
-1828
-200
925
1450
915
-2181
-1598
239
1651
702
657
-1008
-897
920
-593
277
156
-491
121
131
79
128
22
-196
457
163
-1853
522
1489
17
-345
-1364
-275
1625
-40
359
-782
-453
-489
1639
1544
-1444
-316
-893
-635
-372
930
2203
-43
-1376
-1133
-131
1429
-123
610
-297
-1049
239
-582
-98
1004
619
-351
-469
437
-489
-170
135
489
405
-1158
-179
-187
469
954
263
-1080
-25
-822
-197
884
830
-91
-140
-775
163
626
119
-13
-535
-144
311
-403
724
-290
117
114
-1131
924
698
-439
-901
989
379
-930
63
435
-383
-141
-633
-387
1633
172
-830
-18
352
-186
-150
-413
-166
396
543
-309
-249
175
298
160
210
-251
346
-768
-401
1842
-1623
-537
466
133
404
299
-651
59
-364
83
812
236
559
-179
-1906
-7
-11
2164
-117
-935
-1264
211
1271
-24
811
-430
-1034
-81
361
651
762
-1529
-620
-46
835
813
-325
-397
-550
238
438
-407
269
-1353
262
2183
-195
67
-508
-1020
-675
1153
3
302
123
3
-934
891
-727
139
1001
-970
345
-623
225
-570
800
714
-523
-483
-278
1014
1268
201
-418
-2040
-638
253
1818
1384
-1204
-1102
-278
622
1711
-670
-1425
-516
-450
1866
1435
-701
-833
-1434
910
672
-934
1090
-839
-19
-406
-193
324
1158
-102
143
-684
-1328
140
1470
1029
-644
-471
-53
-653
579
475
-194
-907
-1001
406
1243
1666
-937
-109
-1089
-257
111
344
2
-168
-53
-261
84
93
538
1149
-382
-1273
-56
0
-358
-79
-260
1391
277
-939
465
-64
-123
-363
295
737
-1078
-1
-68
266
1311
-735
-840
-287
1175
477
-715
691
-492
-272
-528
152
381
140
537
-809
-83
376
185
-468
-577
-878
868
245
975
-255
-362
-72
90
166
-564
-466
325
13
1388
-138
-1177
438
311
-455
-342
132
654
338
-1051
-329
-541
1677
588
483
-870
-717
-391
-137
219
375
235
-663
-353
-339
1637
514
-479
-672
164
-797
269
490
-906
149
561
450
-601
-543
406
495
339
-454
-1369
499
1794
-158
-999
-53
-32
200
203
243
-1118
633
765
-67
-681
-247
778
78
-775
-672
762
695
250
-291
-682
-125
480
519
-1019
202
-190
-88
570
734
-430
-1056
48
592
200
-519
11
751
-583
200
-52
206
840
-66
-723
-490
443
-256
-89
-107
-683
937
1440
-730
-1179
139
-130
601
906
-735
-949
-351
845
1119
-318
-695
-37
693
294
196
-1057
-369
-72
841
119
-239
-171
152
837
-408
-103
-944
-870
1134
1169
256
-830
214
-307
-489
400
-102
377
665
-10
-823
-636
299
577
-313
-58
181
-981
156
717
-221
939
-212
289
-274
-1471
1137
-372
569
-391
-402
183
343
418
235
-378
-136
-446
168
256
-614
1101
-1295
199
-314
1018
569
-1476
51
-735
1125
257
-117
-396
73
139
-131
-222
876
169
-532
-382
-173
818
-397
752
-582
-171
500
-277
-498
810
111
-559
502
-821
-50
69
-313
680
137
255
-850
-119
347
630
621
-1338
-760
379
599
-207
-164
59
-697
459
1044
-231
-217
478
-687
-501
565
-12
-67
430
-74
-133
362
-724
-205
594
412
128
-1065
-54
367
331
613
-214
-296
-589
-286
312
715
47
-1022
172
584
-586
-54
928
-263
-507
750
43
-835
122
385
-343
-254
-117
391
796
260
-590
-838
-95
360
267
75
-1111
88
1649
152
23
-647
-1126
-686
907
852
335
-486
-246
104
489
98
-780
310
-150
361
-752
118
939
-279
-646
-377
33
579
839
-356
424
-574
-546
67
-468
460
518
-62
244
-209
334
-578
-246
1101
-461
-703
1258
281
-463
-977
90
203
853
-576
-1104
462
-107
179
664
91
448
-598
-305
725
-191
-463
487
-232
-213
450
-1239
-571
1479
35
119
206
-361
433
-551
425
-6
-442
-524
23
7
130
544
-413
-110
967
-348
-248
-445
-347
-106
654
1536
-498
-1259
-176
89
680
271
-532
-245
-316
642
-479
583
283
250
-1040
-141
220
-315
805
184
-409
-269
-755
335
1411
29
-984
-842
1014
-432
74
664
-372
-2
-168
757
-242
601
-368
-1165
21
227
266
184
698
-162
-1203
-75
302
1397
221
-1141
-952
430
717
48
122
-986
-314
637
928
463
-1267
-48
634
-147
-229
-845
-94
1196
44
-30
-366
-402
623
-241
40
-116
601
-38
-617
-620
273
461
31
310
485
-1306
146
543
-858
713
-392
423
1071
-638
-968
184
366
169
-135
-82
129
-514
568
124
266
36
-684
-384
-312
970
-340
-26
745
-388
-416
571
-589
-77
760
-351
-240
-48
236
568
-225
-326
208
-118
-598
427
449
-247
-102
-200
-295
243
529
-23
-164
-257
-240
117
340
-60
-288
519
-201
-453
455
306
-515
-485
856
295
-216
322
-747
-838
683
38
22
674
-446
-709
16
189
690
-217
71
378
-1031
844
-238
352
197
-176
-885
537
321
-334
122
367
-530
59
321
-677
232
799
-108
-686
-424
-185
246
1208
-373
-232
-617
-55
914
-720
113
160
461
-289
-240
240
-338
1074
-648
-306
351
-305
281
-51
92
-391
191
-335
-119
167
524
134
-447
311
-368
163
-64
637
-1014
75
502
-245
-138
220
-369
841
-377
-668
-143
93
870
48
-163
214
-610
-205
213
695
76
-604
-408
-263
999
403
-189
87
-549
387
-297
-309
53
-335
887
384
-129
-941
-134
470
317
-17
-900
484
223
-39
-101
521
-639
525
-402
-222
-46
147
963
-255
166
-637
503
-306
-507
-23
74
1074
-529
-253
-428
409
134
641
-444
-486
-37
477
581
-475
-107
-249
178
594
-820
-7
321
224
-64
-875
695
601
-588
124
-353
145
227
-933
848
179
-30
-246
-815
1057
116
-232
-1108
566
413
616
-977
-522
794
289
77
-298
-47
-610
476
-233
377
16
-786
286
715
-250
-376
-237
606
224
283
-685
-245
555
-23
-243
-643
329
-130
711
-538
477
128
-35
-92
-30
42
-17
135
-219
-204
100
88
-444
662
-210
-323
-75
255
111
401
211
-103
-195
-525
964
-245
-5
-212
-240
566
-417
-405
121
491
93
-697
303
175
-180
-122
-92
-81
439
-108
-246
492
-353
213
-349
206
-175
-307
341
591
-389
-585
-495
509
470
-218
-15
-113
251
85
114
156
-94
48
-162
-805
467
-50
189
370
-368
-250
90
694
35
-326
-537
287
181
-42
202
-140
-99
-147
0
316
-118
-74
-15
-482
44
423
17
332
-294
324
207
-579
571
-665
60
-43
179
663
-685
164
-206
-75
308
-242
-5
656
291
-338
-245
-311
-30
401
59
-170
-169
-229
359
310
-113
-200
-494
-44
662
-29
214
46
-380
151
364
-27
-585
82
-279
320
451
-552
91
-292
372
269
-234
-90
-288
190
-166
388
419
-266
-443
-173
601
253
-281
-281
-205
-236
672
460
-524
102
-347
-120
518
-123
366
-298
-748
550
-177
117
525
-837
151
29
-339
561
-67
-120
-35
-13
-99
62
247
-52
-72
80
374
-715
-206
716
-183
-34
-473
297
613
-110
-228
283
-179
-635
160
43
584
-473
-51
-294
877
-446
252
-387
-683
738
-120
428
-327
-221
4
797
-254
-59
-260
191
209
-189
529
-218
-345
-19
151
314
-228
-223
-57
465
52
-270
-339
386
-45
-903
372
374
182
-58
-675
-183
736
-106
-813
693
182
-419
-59
435
155
-577
769
47
-641
524
-66
-214
406
19
-193
-30
-145
170
132
-279
-77
123
253
-31
-94
413
-9
-343
-95
193
286
-189
-194
-198
363
531
-973
-189
994
82
-321
-257
202
82
-433
-637
94
1014
-136
-661
933
-372
-153
490
-422
94
-508
303
127
558
-486
83
-427
248
148
92
-260
-412
153
722
-99
-26
274
-312
-488
136
164
24
-162
-45
36
408
-369
111
-89
-135
211
-454
241
-512
761
95
-108
-235
134
-69
233
-939
307
154
132
85
-381
720
-135
-105
311
-141
-135
-293
305
-155
288
-223
88
343
-580
-253
50
378
-196
420
111
-222
-24
-320
613
-519
408
144
-421
-277
-99
949
-399
-214
-144
549
-349
460
-458
262
-167
-249
474
-450
711
-636
-57
-24
37
500
-468
184
-227
273
-399
458
130
-159
-5
-90
-32
-176
789
-104
182
-772
848
-424
-605
1012
-319
-506
19
486
-224
217
444
-780
-93
-6
-6
342
194
-532
945
-837
534
139
-261
-692
28
902
-507
551
-672
41
257
18
-102
-312
167
381
29
-363
-266
510
-302
380
-298
-362
682
-205
53
-279
-26
359
-134
-243
-577
821
44
-956
540
326
214
-516
-129
433
-29
-92
17
306
102
-306
-573
258
309
-241
-29
77
126
233
-44
-321
-282
368
-303
-68
762
-226
-85
-158
56
66
176
-593
-101
526
-48
-287
109
460
-95
20
-302
211
-325
-12
307
-28
-394
0
378
219
-293
62
-206
8
265
-287
151
49
295
-144
-490
128
424
-390
-141
123
59
45
-164
132
366
236
-519
-34
-221
358
215
-188
-497
302
537
-220
13
-233
267
-130
-451
741
-268
-480
496
62
113
-239
-202
441
-116
-260
271
-378
-275
83
522
-37
196
-119
-393
-179
383
-258
473
-586
403
279
-637
184
-167
468
-208
-34
62
97
-510
-37
377
69
-34
-103
234
-225
182
122
-4
-1
-118
-273
187
-261
336
219
-273
-38
-469
498
266
-601
165
25
280
-122
-186
563
-507
137
-216
82
618
-827
546
-367
427
-199
-288
529
-595
-71
569
314
-580
-547
75
635
103
-120
-306
-261
434
637
-732
-71
-87
-384
686
46
19
-145
277
-498
59
256
-243
-179
371
-353
369
262
-772
-81
481
826
-387
-594
-141
594
84
-452
-387
856
-342
100
203
-445
255
-256
459
-483
48
220
-162
43
163
103
-128
-24
213
-160
-380
294
-45
525
-359
-238
275
-15
21
-148
40
262
-197
-326
249
242
-23
28
-434
77
213
-172
350
-3
-578
244
237
-484
393
-5
-517
239
455
-270
-203
499
217
-76
-916
499
-12
-476
137
419
52
-209
4
845
-473
-801
375
176
-130
221
-111
-192
512
-161
-476
223
-16
284
-537
-140
690
-402
55
107
123
-53
-140
84
-101
143
-99
65
94
63
-140
42
-43
253
-328
230
-65
707
-576
-43
593
-642
319
-23
-198
-625
794
425
-524
-121
-481
159
781
-299
-498
252
-496
434
128
64
194
-611
348
168
370
-430
-419
415
317
-536
413
325
-356
-170
232
-17
-225
194
-594
302
315
13
-269
235
-89
-170
-12
259
-74
79
119
-691
205
530
-210
71
-255
-293
545
-247
157
-166
-200
897
-694
-173
352
-351
225
176
-172
-163
-25
379
142
-293
385
-634
-28
733
-777
508
30
-399
385
-356
426
-347
-191
204
-39
-88
205
103
-442
238
46
-72
-394
817
-339
-1
249
-401
536
-595
339
-117
-14
154
-123
123
-185
161
105
-96
-18
-10
97
171
-193
54
-133
217
75
-392
231
75
-730
334
82
119
75
161
-279
187
-88
-178
677
-413
325
-185
-659
254
465
-437
-57
19
-74
399
-388
398
-43
-174
-28
-449
360
147
320
-769
285
91
128
284
-642
314
24
-270
-15
501
-143
-57
-8
147
260
-343
-353
358
-218
202
147
-203
144
-155
-92
519
-592
-7
407
-7
-292
183
145
-312
252
77
-515
-6
596
-483
183
274
-476
204
246
-209
-36
81
-308
-42
266
48
177
178
-776
740
227
-808
308
268
-478
209
-92
-1
-138
137
219
-270
182
-682
427
111
-82
320
-172
-34
228
-199
-239
343
-413
113
157
-92
347
8
-435
611
-15
-889
520
-38
85
-295
-261
572
325
-600
37
675
-560
-361
432
169
-574
324
81
-390
-44
405
258
-787
769
-177
1
299
-173
152
-371
164
-269
252
197
-113
-621
-51
558
-202
-52
-323
367
-234
105
230
-311
536
-357
425
-267
117
402
-690
-118
-61
556
-278
-97
433
173
-534
-108
155
460
80
-577
105
65
-121
290
-194
-90
385
-28
-445
9
91
35
70
-806
226
875
-525
18
209
167
-179
-340
507
-207
-204
-144
79
172
332
17
-517
399
93
-218
-408
597
-326
-25
371
-282
-445
320
100
18
-129
-281
401
-330
145
-443
950
-232
-572
249
295
-152
-45
115
-243
294
-251
308
-76
-221
157
-334
412
58
149
-405
87
235
-614
126
544
-299
-162
-28
-49
-222
528
63
-91
155
-241
-216
445
177
-426
187
-282
442
241
-675
132
374
-343
-287
129
427
-193
-366
63
706
36
-711
197
270
8
-348
85
80
-142
65
111
32
134
-140
-38
88
-62
4
112
-203
-135
165
-26
-72
70
-9
-34
138
112
-338
-58
363
-302
-258
677
117
-327
-72
109
221
-399
-166
436
-137
-152
111
61
234
-465
370
65
50
-68
-305
7
165
-108
-51
146
153
-555
284
52
-61
77
77
-551
-9
1020
-318
-626
30
448
48
-232
-42
411
1
-564
120
372
-27
-139
-187
135
94
-92
-122
46
326
-235
52
-390
243
235
-486
250
35
-31
-228
609
-41
-457
-288
46
961
-148
-551
60
441
-724
162
431
246
-423
-284
315
155
297
-1094
224
587
-22
-374
66
372
12
-444
186
278
-297
-159
74
-6
98
132
-242
600
-449
-466
177
488
-99
88
278
-831
312
146
219
-160
-163
-231
217
65
-43
217
-125
26
23
-170
-166
801
-565
-272
433
-136
-30
-355
404
248
-340
-102
320
222
-635
247
290
-396
-309
283
-104
114
243
118
-177
-141
367
-329
-56
18
44
-367
76
372
252
-101
-188
308
-305
-16
168
-320
-180
-22
567
14
-316
269
470
-532
-317
578
91
-291
-219
173
-345
143
409
188
-321
-797
627
507
-584
328
-31
-464
139
166
-33
-25
232
-328
-121
284
-263
-78
283
234
-133
-565
119
566
-456
42
258
-126
13
42
-283
464
-199
-98
32
-244
219
503
-249
-117
356
-97
-395
273
69
-29
20
-23
-178
-203
256
226
-43
-109
-140
159
303
-525
213
34
-210
293
-243
-99
469
-240
-148
171
65
-87
-229
453
416
-810
-173
761
-103
-339
180
-38
-230
26
228
-130
243
63
-332
258
-59
-107
169
-149
153
-250
-89
536
-514
206
-249
312
-132
-266
215
188
-207
-163
281
117
-376
-111
577
-228
-59
-18
534
-235
-294
399
-133
62
-376
75
100
38
2
-280
-147
29
439
-279
42
28
558
-293
-505
337
138
24
-605
526
-60
226
-66
-226
-29
133
245
-490
79
314
-123
-201
-289
636
-50
-454
158
-12
155
-213
160
-44
319
-223
456
-168
-629
359
262
-156
41
-396
158
441
-294
-321
-145
173
358
-581
-109
748
216
-783
-120
759
204
-552
-507
522
518
-449
-765
858
285
-189
-412
482
102
-111
-64
-134
28
73
39
-340
24
91
-180
131
145
147
-440
130
77
-293
696
-240
-588
393
318
-317
-178
569
-166
-625
495
148
-145
180
-629
315
257
769
-724
-754
832
207
-913
124
744
-639
139
-57
309
157
-452
-93
37
-66
291
-259
-259
447
-50
-212
-33
228
175
-169
31
-47
484
-266
-377
387
3
121
-724
-423
941
478
-541
-526
455
603
-287
-908
-44
794
259
-795
-374
1005
328
-607
-286
241
412
-36
-588
-123
905
-60
-774
425
376
108
-199
-803
522
663
-688
-263
312
272
228
-277
-203
149
-63
-196
-112
696
45
-969
356
584
-80
-277
-321
53
326
38
-487
459
209
-696
322
-86
80
288
-618
663
332
-784
11
532
-59
-899
328
724
-639
-258
726
78
-671
86
240
-45
55
-138
308
182
-471
110
475
-209
-215
187
-55
-291
239
139
-180
-70
27
185
-423
104
432
-147
-339
471
-61
-483
-5
635
-277
-486
-54
633
445
-775
-319
782
-12
-581
71
546
-322
141
-158
150
33
-294
323
-72
-73
15
33
-236
189
230
-49
-728
309
643
-92
-533
-118
510
-35
-297
95
139
-229
66
176
-300
337
-127
106
41
-44
-365
169
107
-235
533
-557
193
-83
48
-33
-318
7
603
-2
-924
629
581
-378
-341
60
310
151
-260
-131
274
-390
429
-206
-126
411
102
-581
-21
650
37
-572
-357
654
55
-423
226
275
52
-732
234
582
-405
21
15
213
242
-550
139
399
-540
-118
513
-241
34
-269
337
229
-438
147
262
-327
-271
421
161
-190
-167
-19
326
-257
-269
242
28
-13
397
-188
-97
-187
-27
135
25
-8
314
-91
-200
108
-439
259
-26
-42
187
-97
349
-47
-271
19
-152
51
-34
630
-563
139
140
-443
13
281
284
-223
79
-214
-60
-6
347
-460
-82
519
208
-121
-566
236
399
-150
-274
-25
1
192
-393
-1
588
222
-511
-579
652
256
-581
-406
710
367
-314
-379
362
240
-22
-532
3
484
-306
-6
27
-88
300
137
-529
338
217
-336
9
72
-78
-146
308
-35
-279
272
142
-528
29
411
418
-738
-382
513
155
-55
-251
186
550
-411
-664
849
418
-1092
162
656
-495
-429
508
363
-699
171
639
-449
-205
54
526
-268
-526
392
473
-267
-526
225
675
-397
-669
829
84
-537
138
236
103
-748
125
852
-286
-552
661
1
-605
336
20
-22
-322
-83
469
-33
-124
386
87
-324
-492
70
690
-102
-521
617
81
-515
-281
716
-9
-508
23
590
-177
-551
489
286
-452
-388
682
46
-357
-230
521
-89
-180
202
148
235
-316
-305
234
-124
212
-291
321
-24
-250
64
0
156
-183
-202
-57
96
-134
-403
487
357
-441
115
68
23
-550
-36
1047
-244
-544
166
284
207
-572
307
343
-235
-520
466
351
-420
-134
273
127
-255
23
97
275
-438
-246
713
-203
-127
-135
143
13
-431
391
-5
-138
241
-15
-13
-72
-232
264
283
-384
-48
182
139
110
-487
-148
634
-45
-578
222
696
-345
-104
115
57
213
-444
321
-318
-186
147
708
-403
-564
418
257
-201
-767
434
97
-125
582
-101
-536
94
267
-61
-324
118
287
115
-478
229
191
-320
80
142
-60
-322
421
153
-446
33
164
174
-201
226
-79
-438
423
36
-240
176
76
-82
-314
66
610
-25
-646
-124
740
-213
-194
-435
508
430
-508
-128
69
476
-206
-167
-240
8
887
-346
-476
148
528
-70
-557
91
148
693
-733
-552
383
173
-175
315
489
-469
-519
-17
297
164
-659
255
184
-195
487
-61
-258
-45
550
-294
-337
-83
392
335
-487
54
-95
132
684
-693
-249
182
264
33
-570
274
-112
323
-49
-167
430
-352
-423
443
485
-651
51
485
-201
-638
302
748
-639
-260
388
224
-552
71
329
210
-137
-513
475
6
-665
282
649
-139
-808
154
684
-137
-329
294
149
-594
-6
657
-296
-240
609
-195
-710
91
505
55
-115
58
-4
-242
-305
631
482
-507
-431
153
697
-359
-740
497
775
-387
-1124
486
907
-476
-275
89
403
32
-286
128
-291
562
-108
-685
-373
641
590
-668
-95
-232
714
-21
-697
53
413
180
-488
-200
-53
800
81
16
-579
-185
383
77
156
-218
74
-125
130
119
65
15
54
-175
-30
78
-148
-236
113
468
-96
-342
370
22
-428
-56
250
146
-170
276
64
-387
591
-31
-907
462
1021
-134
-698
-238
287
269
-193
158
283
-157
-423
393
541
-735
44
468
-266
-550
503
-156
-279
549
-384
-115
164
247
-18
-584
296
597
-323
-784
98
729
50
-379
-27
-70
689
-159
-935
236
321
436
-784
-410
818
377
-601
-495
501
374
-728
-44
994
-81
-603
-719
724
296
122
-182
35
434
-625
-179
649
122
-426
-59
248
-15
-352
211
16
50
-418
313
398
-492
223
251
-641
-68
525
-108
-297
419
-335
66
549
-587
126
405
-526
131
348
-81
-548
78
374
-481
195
312
30
-531
307
423
-87
-764
331
592
-636
-76
473
-14
-507
76
488
202
-61
-193
-5
118
10
-469
786
-60
-546
58
123
-93
-154
544
-398
-230
75
389
-321
-340
690
-129
15
-446
67
609
-416
-215
514
52
-809
269
259
26
-268
587
-213
-805
833
98
-569
99
675
-766
-244
608
-409
-103
279
120
-104
-34
96
-316
-195
559
172
12
-368
58
129
-144
-794
512
753
-611
-195
-76
695
159
-418
-269
378
-23
-168
114
261
-512
121
559
-381
-507
456
402
-233
-602
300
560
-599
81
104
375
-215
-860
175
609
233
-565
19
656
-678
-288
12
649
352
-562
-115
-106
347
125
-352
0
594
-496
-39
430
-202
-222
162
197
-337
-70
347
-2
-491
13
340
432
-562
173
349
-349
-53
269
-417
332
94
-398
201
119
262
-793
272
436
-220
-384
114
550
-70
-895
222
1182
-412
-681
322
434
-540
-512
543
498
75
-670
41
313
181
-111
-372
88
-162
202
-4
-12
156
-285
5
234
-194
299
183
-602
-292
558
93
-19
-215
108
518
-727
-374
797
443
-718
-339
538
28
-512
567
-93
-214
238
-109
-356
-180
996
-260
-321
362
-236
-87
-1
-52
-70
-118
203
23
244
-207
-229
216
-8
319
-87
-263
-297
147
706
150
-784
55
170
59
177
-541
-127
327
190
-283
254
255
-406
-301
376
453
-864
154
613
-296
-558
23
973
-137
-1093
460
586
-313
-416
228
442
-154
-546
446
-139
151
313
-466
-377
311
588
-194
-350
276
2
-220
230
134
-399
-370
172
468
81
-65
-404
306
-185
25
342
-68
-3
-117
-199
289
-201
-108
396
-88
185
-124
-213
-521
362
488
-68
4
-590
376
84
-13
68
399
-560
201
169
-193
76
-327
254
-43
-237
21
354
561
-251
-697
-4
339
-114
-174
29
563
-434
-348
716
159
-61
-929
126
656
-84
-709
613
159
-548
409
411
25
-836
-208
613
546
-732
-424
847
168
-731
-387
962
277
-939
-169
717
331
-572
-347
512
-22
-307
182
502
-459
-301
555
-26
-360
-290
456
295
-233
-68
4
5
174
-314
202
162
-214
-9
13
177
-147
-246
532
-99
-361
82
820
-604
-650
694
-2
-304
162
-337
-206
535
-78
-263
50
769
-504
-256
308
-96
-130
30
212
-31
80
-158
299
-302
-64
275
-12
-427
23
797
-436
-397
242
386
20
-956
-24
899
-248
-314
306
40
-135
370
-263
-325
564
50
-615
-64
647
-372
-81
380
-165
256
-133
50
54
-352
-10
738
-231
-589
68
292
-207
262
415
-734
-201
556
162
-614
97
382
-290
-64
-2
-378
255
408
-327
-419
240
-205
442
138
-308
-316
5
559
-148
105
24
-39
-266
-286
452
243
127
-674
-139
890
-47
-600
328
146
-201
-202
378
-21
-532
343
232
-258
-405
220
337
-210
-332
753
-168
-696
565
446
-249
-728
432
324
17
46
-12
-51
-272
192
319
-613
-118
639
-382
-22
375
249
-604
-299
836
27
-723
95
518
109
-510
173
391
-232
-244
391
-918
255
951
-620
-320
98
437
-269
-243
188
51
73
-173
233
-309
157
286
-249
-403
-248
816
125
-555
-29
143
277
94
-175
10
-561
238
488
-320
-223
312
326
-343
-215
29
501
86
-896
271
392
-319
-223
525
239
-156
-292
-85
152
421
-586
-324
760
-145
-164
-4
212
-172
-223
-20
327
327
-324
-444
201
436
-593
-1
778
-247
-339
283
260
-658
110
433
-499
-112
552
82
-583
145
415
85
-502
171
328
-399
-376
481
39
-168
330
-69
-837
372
627
-490
164
152
-155
-84
20
476
-425
-297
302
285
-19
-287
169
250
-14
-430
-103
188
131
71
45
95
-415
304
232
-277
10
90
136
-565
-64
990
-99
-1082
407
401
-428
-125
741
-432
-627
413
646
-288
-446
248
-35
-111
102
303
-610
129
367
-320
193
62
-234
-36
299
-343
-148
263
-41
-246
78
527
-268
-316
180
339
-183
-196
216
145
-412
167
444
-205
-318
373
364
-762
-135
736
-246
-325
357
381
-292
-442
537
46
-417
140
-127
-111
-44
237
132
-74
-223
344
-189
-73
269
30
21
-145
-127
298
96
39
-342
-335
549
99
-246
7
-109
230
-38
-163
-173
121
370
-300
9
127
-17
83
-397
-49
558
-81
-850
342
923
-617
-398
427
-15
-49
8
109
-328
-16
41
179
244
-374
33
-237
159
15
67
15
248
-489
39
235
-2
-243
81
513
-82
-197
360
-406
-168
192
141
-204
-73
388
-145
307
-255
-105
100
-322
317
-234
125
172
-205
25
494
-247
-178
-355
657
-152
-145
62
-7
158
176
-182
-235
367
-569
456
76
-404
-219
381
108
-490
237
161
140
-87
-38
-503
401
528
-537
-398
212
359
81
-298
231
69
50
-296
92
135
-682
274
466
-81
-506
542
144
-676
186
357
269
-832
194
133
385
-102
-474
-37
334
74
-364
111
207
-34
-37
57
222
-177
-137
138
-137
176
-90
24
160
-385
99
210
-145
255
-200
-373
299
255
153
-603
-343
333
168
81
-285
407
7
-167
211
11
-359
327
-14
-523
354
349
-113
-562
225
283
-175
9
-193
300
258
-374
-332
701
105
-413
155
43
-191
-140
43
336
-229
11
221
-40
-196
-456
392
398
-551
-18
459
-58
-330
198
309
-304
-313
216
474
-146
-532
319
210
-298
160
320
-23
-667
315
325
-469
360
-59
-283
269
269
-507
96
265
-270
-203
255
192
-83
-454
187
103
-224
-33
194
450
-420
-291
424
-20
-176
-91
182
-201
208
138
-555
424
211
-304
127
164
-219
-151
408
-312
-199
587
-168
-235
106
188
134
-483
2
355
-42
81
-66
-108
-58
81
156
-92
144
-153
-71
-31
-95
169
-61
26
-46
76
-99
113
62
-236
-266
385
29
25
-94
221
-26
-384
300
4
-145
285
100
-488
90
191
340
-45
-570
-165
605
83
-579
76
496
-346
-29
458
-151
-552
305
319
-388
-31
73
431
-208
-370
17
321
147
-100
-142
267
231
-227
-372
27
694
-480
-77
139
134
102
-294
-106
-146
209
35
200
3
-73
-439
43
450
64
-191
-119
137
-323
178
172
58
212
-473
-411
426
407
27
-213
144
-257
22
598
-450
-455
271
24
-117
-36
317
-161
-204
476
-31
-455
262
399
-571
-259
310
501
-274
-220
-294
37
575
-133
-259
-144
313
-114
44
324
-288
33
142
-245
-509
414
516
-310
-393
323
179
-129
13
-36
-97
165
-221
-11
102
-11
76
27
150
-137
-66
120
19
-132
53
-77
226
-299
94
50
32
51
-152
15
94
-179
-160
471
-46
63
-436
-374
551
153
-199
203
-98
-35
-1
24
-4
243
59
-608
290
367
-340
-51
93
158
-198
91
61
-171
-65
286
71
-61
-484
282
327
-416
-44
440
-188
-520
197
427
38
-503
-56
724
-285
-230
95
480
-489
-96
611
-245
-298
88
208
-210
12
132
74
98
-246
109
111
-53
21
-88
-1
65
-127
-17
32
129
-247
-174
210
135
61
-32
60
133
-296
-47
227
-33
-14
104
-51
-249
108
267
22
-363
115
91
-96
2
144
-10
-77
-45
26
68
-15
135
-30
-195
-281
234
228
-290
25
308
-296
-58
474
-64
-211
221
-55
133
-30
-298
-69
114
-192
125
180
-203
161
97
-194
-13
31
-216
238
92
-398
164
30
100
-65
-110
119
-109
144
-16
-10
-187
-9
382
-197
35
113
35
26
-300
365
115
-330
-174
160
-164
136
-3
-37
-144
81
321
167
-416
-84
66
-15
128
-39
97
-307
170
72
-46
158
51
-213
63
51
-255
316
-71
-72
-92
65
151
-73
-19
89
161
23
-403
208
495
-276
-259
123
82
-126
-86
298
-63
-284
163
83
-219
-83
197
126
-248
-131
389
144
-306
-185
75
404
-111
-444
335
39
-326
170
103
71
-60
-158
149
-18
-31
38
-229
119
4
-152
261
270
-213
-219
55
-47
102
-76
63
-96
357
-114
-262
292
101
-238
-3
-121
20
58
97
145
-378
68
361
-200
-257
109
373
-282
-120
0
207
-75
209
20
-290
62
49
92
-72
63
-178
13
189
10
-74
-236
352
-89
-201
166
-87
-139
213
21
-228
54
-250
356
129
-23
-26
-139
335
-294
-119
-190
174
427
33
-88
-63
-24
62
-62
-17
-166
-209
142
286
91
-91
-284
96
288
-188
38
-65
-25
121
-311
307
184
-14
-214
-152
351
-103
-30
139
-39
-344
319
188
-37
-222
223
14
-316
206
-147
296
-161
-144
259
-388
177
234
-201
-357
303
230
-315
-54
274
44
-199
-11
73
-47
-268
385
62
-188
191
183
-28
-400
-45
480
-211
-325
85
323
-160
262
23
32
-158
-300
55
115
-106
209
54
-344
66
404
-115
-356
159
180
-191
148
155
-96
-405
188
136
-260
339
160
-334
-498
395
217
7
-189
160
187
-248
-174
165
196
89
-402
131
197
-256
105
-36
246
-384
111
257
-158
68
-330
193
63
-165
48
123
18
-104
-152
-257
352
-5
-52
174
-65
-85
39
87
-328
89
47
170
33
-173
156
83
103
-309
102
115
-300
-25
460
-132
-247
273
-18
-284
280
191
-358
-216
320
-26
-292
219
173
-197
-258
190
306
-229
-29
94
-50
126
22
-128
-120
3
159
-21
-6
-19
59
66
-72
-28
38
-8
-85
129
22
158
-176
130
-50
4
-26
35
8
-135
116
-256
165
12
-164
175
142
-423
3
363
-134
-160
238
166
-147
63
52
-132
131
29
-80
44
119
-72
-11
174
27
-219
-74
242
-85
-23
50
-112
-63
-71
243
23
-143
-25
48
108
-88
28
-82
-112
129
-22
-144
116
215
-40
-34
60
12
-151
-141
205
176
-160
-68
203
12
-94
79
-76
-161
-190
186
417
-455
-185
524
-54
-362
74
384
-61
-498
178
292
-206
-183
240
136
-301
235
-143
126
-123
-112
62
-53
162
46
36
-347
296
185
-236
70
51
48
-307
121
167
-82
-118
20
79
13
-113
22
-149
55
133
-12
-160
-3
155
9
-72
50
-51
122
232
-470
-90
412
-40
-308
47
132
210
-34
-65
32
-143
-60
250
126
-177
-280
173
172
-161
-34
351
-374
-10
438
-184
-301
4
186
-96
213
20
-75
-59
120
44
-264
161
48
-95
-58
46
-15
-110
307
28
-273
32
93
-84
62
24
-177
196
167
-180
14
175
-40
-213
245
158
50
-410
-243
285
373
-170
-427
230
110
-156
-115
54
270
-175
-83
-71
-53
328
-65
-269
188
78
41
-240
211
134
-25
258
-152
-197
-139
289
44
-171
83
11
-93
13
246
-11
-265
46
19
-10
-154
40
45
-153
380
19
-266
68
192
-89
-335
102
222
39
-372
138
389
-229
-42
125
73
-261
-142
258
156
-259
-21
139
-256
254
9
-179
23
101
147
-378
45
117
-39
60
-29
107
-136
-91
240
140
-275
-14
204
-165
-46
146
70
-160
-30
121
-101
-49
149
79
-289
-116
358
-39
-265
199
64
-56
140
-35
-120
-97
169
101
-148
70
155
-23
-211
224
16
-232
293
-91
-81
170
24
-105
60
-190
-37
245
-224
172
11
46
-78
-13
-35
-6
72
128
-235
-91
71
210
-78
-192
-3
41
125
-110
-51
337
-87
-117
18
30
198
-62
-148
179
-56
-187
147
-2
-91
-12
170
-79
-4
111
189
-250
-144
220
-101
-83
-55
161
32
-67
-226
109
-68
114
57
-98
89
99
100
-365
25
322
24
-238
-62
291
-258
-48
175
66
-125
-153
152
-42
-135
272
31
-246
-39
383
72
-354
-121
112
195
-223
11
3
125
97
-25
40
-417
152
214
-236
44
164
42
38
-63
95
-109
-115
67
-128
40
172
-16
24
10
65
15
-138
-7
-58
17
80
-154
79
216
-75
-239
51
118
81
-69
-210
192
127
-127
-108
242
7
-325
-94
341
-64
-153
-24
168
-154
-194
270
91
-16
-174
135
-47
28
191
-127
-15
68
-256
36
220
-160
50
78
28
-92
23
-24
100
-160
82
17
-26
135
-239
78
223
-112
-130
162
126
-76
10
-15
-82
27
140
-148
64
70
-72
6
9
50
-116
88
-48
64
-32
59
51
-231
132
-175
241
57
-176
-10
127
-21
-230
192
-12
-30
46
71
-135
115
95
-148
20
-38
35
-14
147
64
-207
-89
236
-16
-321
144
160
-104
-112
193
-19
47
153
-178
-208
298
158
-278
-13
233
-195
-13
326
-264
-126
20
56
-51
141
-138
111
-64
-67
110
-42
1
80
16
-205
65
40
-125
100
189
103
-79
-259
182
-24
-12
-79
20
-72
-51
180
209
-24
-303
24
181
-189
45
-25
127
-99
74
241
-69
-142
-92
146
-127
-49
37
-28
92
-61
101
-159
-54
169
-89
-10
176
-122
-194
237
-40
-45
94
-30
11
-53
-101
-7
238
-55
-69
-7
14
38
24
50
-126
38
106
135
-247
37
50
0
62
-223
-40
98
102
-136
73
41
69
-35
32
56
-171
42
3
37
-14
-21
75
-53
-197
85
92
53
-58
24
0
-27
88
-168
141
91
-179
-93
101
15
175
-131
-117
90
127
-74
-50
132
-178
40
67
-8
38
78
-122
31
61
-4
-98
-64
79
80
-129
-8
40
-111
132
-87
149
-158
-103
343
-122
-145
105
57
-25
-33
50
121
-173
70
-17
33
105
-284
6
179
-51
13
47
38
94
-63
-191
85
89
-68
-2
73
-124
-79
169
120
5
-249
7
217
-128
-122
131
137
-199
37
251
-132
-106
93
41
-112
-112
189
133
-119
-77
141
10
-110
70
-188
50
52
-25
-109
132
132
-157
-1
56
-130
-66
108
-103
79
51
122
-65
18
111
-95
-26
-7
122
-146
-43
168
5
-47
147
-115
-36
7
-101
-24
61
-18
-33
48
24
-140
123
22
127
48
-331
143
119
-7
-214
67
107
-46
79
87
-35
-25
66
-153
-58
47
95
-9
-113
36
144
-112
32
31
-115
60
47
-14
20
10
-34
-49
91
30
-13
10
-81
-78
19
51
-10
-28
23
66
10
-31
-25
-9
29
3
-28
-69
36
71
-57
-35
38
-134
8
263
-151
-7
75
-136
92
-80
42
-2
-71
195
-2
-49
-118
-8
68
-109
146
68
-51
90
-87
-77
-69
70
80
-48
87
24
-138
-24
123
-19
14
-86
108
-76
11
160
-4
-125
15
21
-99
-70
241
-54
-209
156
164
-75
65
60
-205
-16
142
10
-119
75
-73
227
15
-272
26
58
-24
-139
137
-11
-4
188
-112
-139
203
-24
-179
160
-16
90
-92
91
2
-126
158
-90
-14
-6
-75
76
-16
100
67
-149
67
87
-166
90
-11
-125
10
103
-128
53
2
92
-27
-39
-65
-19
196
-172
-122
177
2
68
-69
-10
74
35
-9
-287
194
-4
-77
25
-20
74
96
70
-42
-88
-113
101
100
32
-154
78
34
-117
13
95
-114
-65
188
-190
150
162
-89
-79
68
-137
-72
251
-121
-12
204
-99
-133
181
-20
-20
21
-122
-86
124
111
-57
-152
37
213
-83
-104
218
-93
-165
62
80
-55
-108
165
97
-176
-68
189
160
-165
-259
277
-160
80
140
-172
116
-84
103
32
-154
104
81
-169
60
25
-96
53
97
-20
88
-19
-134
149
-12
-129
40
6
71
-15
46
71
-62
-11
18
-8
66
-6
-272
65
156
-130
-59
118
131
-212
66
118
-161
109
-15
-165
66
189
-121
-49
249
-141
-109
198
-125
-35
241
-184
-100
162
-32
104
43
-130
52
-162
-113
160
130
-86
-54
110
-194
178
96
-85
-62
39
54
-24
-25
40
46
-128
-218
251
69
-83
75
94
-194
-30
231
-84
101
-54
-210
26
179
-120
70
-37
-163
193
12
-141
-6
229
-10
-126
-67
210
197
-298
-94
195
55
-267
80
47
29
-17
-107
-5
111
-35
-14
127
-193
131
97
-72
-207
-45
162
-104
-85
115
-116
94
142
-24
-86
-99
59
55
-140
68
91
-188
99
142
-11
67
-36
-32
10
-43
-19
-15
-102
68
-21
178
-126
-19
98
-68
25
-59
43
7
-13
-8
93
-137
14
155
100
-187
-131
239
67
-159
-109
290
-43
-64
140
45
-177
-37
205
-84
-8
85
-99
165
-102
8
28
-3
-90
55
-28
97
32
-172
111
53
-19
-97
20
-16
-69
163
-51
-177
259
-24
-191
95
93
33
-83
18
102
-64
-77
-26
-24
-1
154
-85
111
-30
-5
-34
-72
27
-71
41
-10
-17
-29
41
-35
50
-44
-99
117
14
-107
201
-99
-186
158
162
41
-173
-38
225
-75
-126
121
27
-95
-239
262
65
-94
109
48
-145
74
54
-143
100
-59
-207
175
-28
-48
124
-15
3
10
-53
-5
131
-86
-104
30
-134
185
49
-137
29
70
49
5
-5
-115
-13
1
56
-136
8
32
-76
-11
153
-98
-28
-34
-10
155
-28
-74
65
28
8
-5
-71
-110
176
53
-248
106
130
-146
-64
-23
60
78
30
54
-24
0
37
-61
-10
100
-97
-147
118
-12
-34
53
-33
139
-4
-147
58
87
6
-20
-38
-100
29
129
77
17
-100
44
107
-112
-89
67
44
-30
102
45
-79
36
-58
-15
55
-13
20
-24
59
46
-30
-35
-88
94
101
-102
-48
42
37
-12
-17
-65
-42
181
7
-74
128
-1
-2
-67
-16
149
-134
-2
136
-171
37
-22
-42
74
41
74
-230
113
10
71
152
-124
-194
129
96
-190
3
77
-15
-42
92
-83
35
103
-89
-106
102
-28
-98
100
-30
-18
149
-110
-40
157
-99
-74
119
-176
47
210
-130
-84
107
82
-102
73
-25
-11
-115
47
8
-52
-25
6
99
-53
93
57
-48
-177
136
-8
-186
107
41
-167
39
85
-37
197
49
-25
-183
48
32
-23
-17
26
155
-122
33
32
-45
-18
14
-10
85
-103
-47
-29
-44
153
-107
-37
77
-126
148
142
-63
-55
-45
-21
18
75
-39
-100
44
90
95
61
-170
57
123
-222
-39
179
-55
-106
212
-142
25
205
-48
-135
154
-64
-13
81
-249
-49
307
-76
-142
149
22
-11
93
-155
-48
133
-111
-35
132
-7
-112
14
91
87
-33
-152
107
24
-164
122
23
-112
81
58
73
-175
102
67
45
-62
-115
74
95
-107
-182
147
-157
45
37
-32
128
-4
-19
26
-47
-39
22
87
42
-129
89
-32
106
-72
-106
122
-2
-43
65
5
-59
41
116
-100
55
-14
-29
41
152
-271
-69
233
16
-234
-18
58
71
73
-133
20
143
-66
24
-27
31
76
-111
-21
13
105
-38
-41
-153
99
123
12
-110
21
82
44
19
-143
26
-10
-27
-13
13
163
-156
-46
55
52
-28
-21
-74
91
-60
48
91
-15
19
-63
50
-36
127
-88
-89
92
-13
-47
-4
71
76
-86
31
30
-4
-48
41
-30
-72
96
-67
181
-149
-24
196
-68
-135
53
43
-109
109
-84
24
141
49
-25
-38
54
-127
56
-31
-66
128
-14
-97
143
-39
-85
81
-78
-50
151
-119
70
154
-51
37
4
-141
88
-86
-80
111
44
-18
-49
37
88
27
-5
3
-79
14
-28
-35
-3
26
15
-166
179
131
-23
-76
55
-72
-191
136
-124
110
136
19
-92
-2
57
-26
31
-60
-31
11
-7
36
-67
-51
50
86
3
-44
50
-208
-20
138
-98
36
115
-85
-122
119
-4
29
95
-55
-89
-29
-9
43
-117
-38
93
107
-22
-92
93
88
-75
39
-69
-43
45
-111
107
153
-157
-69
165
-92
141
-41
-162
-15
39
53
8
-108
86
92
-165
10
182
-133
-111
189
-33
-48
179
11
-48
-66
100
109
-188
17
52
1
34
-161
145
50
-99
-60
10
43
2
-29
68
-19
-59
-48
27
90
-98
79
32
-64
-37
26
45
35
2
26
74
-59
65
18
-145
-2
137
-137
-60
135
-7
-57
3
30
12
-41
29
49
30
-9
-4
48
-50
-25
-104
9
35
33
-9
-51
-9
75
13
10
-28
-93
190
-47
2
-80
-19
142
31
37
-213
75
64
-36
-63
32
87
-142
39
171
7
-131
5
147
32
-128
-55
51
33
-36
-12
49
57
-36
-61
0
91
-33
-56
-82
-7
116
-85
-17
14
0
1
-31
42
-107
31
111
-88
30
90
-149
-29
132
-59
-12
51
59
-95
-55
159
-131
-21
184
-29
-1
42
24
-16
-94
96
116
-187
-63
146
35
35
8
-88
-90
-18
77
-37
-92
135
60
-174
-102
158
7
-157
32
133
-33
-62
75
-19
93
-8
8
-88
28
81
28
-133
121
-30
-87
62
-102
-40
16
95
23
-39
-13
-34
187
6
-28
-119
-35
51
-10
156
-44
-17
-18
1
-24
68
-11
2
-136
13
72
9
24
-46
79
-106
96
-23
-53
54
-117
-54
-9
5
129
-12
7
23
-4
-11
-23
47
-15
-88
-65
12
58
29
-2
-18
64
24
30
18
-77
-69
41
34
32
67
-146
-76
54
128
-38
-16
42
-16
-14
-30
-22
65
37
-46
51
-69
52
14
4
65
-82
53
-7
-77
12
-41
101
19
-53
118
-31
-67
6
-64
50
-121
45
24
2
37
-66
40
33
38
-24
-30
49
67
-19
-20
-59
54
-42
-35
115
-3
-20
-75
60
81
13
11
-20
-100
85
25
-59
-13
-36
107
47
-79
42
-91
38
55
-87
4
-53
22
31
18
-12
-56
55
11
54
21
-77
15
28
-43
-18
12
49
17
-29
54
-54
4
79
-53
49
-23
-86
6
24
81
-12
-43
36
-24
-41
-56
-63
37
32
2
50
28
22
-35
-89
88
108
-8
34
-21
-49
4
-23
-15
-12
-68
-1
73
43
53
25
38
-40
-53
98
-67
-100
63
31
-25
-47
58
-9
-153
20
82
21
50
-8
-24
5
4
-18
-47
24
64
65
13
-2
39
-21
-74
-41
4
12
-26
10
96
30
-34
-27
34
-114
0
-25
-32
3
-20
44
-25
81
13
13
-64
-56
115
-38
-23
25
78
23
-44
9
11
-39
20
11
-11
35
-3
-125
38
5
86
16
-67
74
149
-81
-135
126
-41
-107
46
92
-116
-132
110
125
19
-159
-24
66
44
-51
4
39
-159
20
146
-93
-14
-1
98
-50
-116
113
54
-41
-182
12
136
77
-53
-73
-40
116
12
-118
25
28
-4
36
-10
-45
185
-33
-94
159
17
-137
-8
64
-9
12
48
-61
-5
-28
69
46
-242
74
126
-120
-94
115
99
-162
-53
67
208
-20
-75
29
-14
12
123
-4
-141
35
20
-86
135
89
-54
-176
61
127
-33
-104
-19
113
-33
129
12
-108
-71
25
90
-40
-126
19
39
15
125
13
6
-114
-18
81
-147
81
-3
-114
27
113
133
-27
-56
80
-38
-40
110
-78
-6
-98
-4
156
-101
-19
117
-58
-1
85
-18
-108
16
101
-14
-74
102
60
-170
14
26
-153
144
45
-89
38
-178
134
77
-84
44
38
27
-35
-49
115
-43
-110
82
-85
82
26
-25
37
0
60
-11
-136
24
111
-48
56
-116
-1
135
-74
-81
36
-22
-20
1
14
-76
12
84
39
28
24
-109
-17
112
56
18
-147
-16
25
-35
-64
39
41
72
-14
-108
-19
-12
37
-49
31
30
-26
17
-17
19
-13
-22
4
-68
51
-20
46
-24
-66
22
41
6
41
-116
33
69
23
-16
-72
60
32
47
-58
-43
10
71
30
15
26
-39
-9
67
40
-60
73
-42
-22
-18
-14
21
54
58
-11
11
-65
-25
56
10
-5
109
-16
41
-56
-58
-24
-1
13
-17
-1
4
25
-48
53
49
-7
-48
11
-20
11
-8
-57
-53
34
68
34
-27
-62
-33
12
-41
14
56
1
-18
-28
19
36
5
-59
5
27
-72
57
-2
-6
51
-79
38
76
32
0
-83
-19
41
36
-24
-37
-19
10
110
47
-1
60
-13
-23
8
-39
2
-29
17
23
8
38
-44
34
-3
-5
-86
44
-2
23
38
-89
3
19
71
11
-64
-9
46
19
3
-26
46
-23
-15
58
-31
-6
-33
-41
9
28
40
-24
20
6
0
-95
80
12
46
26
-52
61
-6
38
-75
-29
54
78
-84
-14
-24
33
-4
34
54
-70
-57
-51
45
-42
-40
-10
28
-12
27
70
-82
-36
53
67
-71
7
60
-81
-10
119
-44
-75
22
85
-38
-137
67
175
-105
-46
138
-47
-53
73
40
-77
7
58
28
-83
88
55
-102
-107
65
83
-18
-18
-11
-32
-24
126
-10
-92
-35
16
-16
73
-6
-84
-53
69
24
-17
57
17
28
-71
-5
-10
25
66
-34
-12
39
-22
28
39
-19
-81
-15
44
26
-44
-13
2
73
-16
11
-2
38
-27
-35
-32
11
100
0
-30
-36
6
1
-19
1
-42
87
-8
-12
83
-26
38
-49
-63
53
8
33
-32
22
11
9
21
-19
-17
-26
-52
34
62
42
-38
-6
79
11
-12
-7
-22
-65
41
10
4
-3
8
53
-6
55
19
-91
5
-22
-14
-5
-51
-10
35
28
-44
62
85
-18
-10
-62
-32
-29
-44
31
29
-11
9
34
14
22
37
5
0
-13
-10
-3
-28
29
33
-21
-39
56
23
-45
-41
92
54
-50
-12
-27
74
5
-3
57
-17
-21
-44
10
6
-26
-26
-62
-37
71
24
-19
-3
-14
25
60
-24
-31
-8
62
2
-53
24
17
67
-50
-30
93
60
-76
-36
23
-47
-61
16
67
31
-11
13
-33
-11
-26
24
-23
-40
34
-10
73
19
-12
18
-19
54
63
-16
-65
24
-12
-51
-10
-6
35
-19
-15
9
-27
6
58
11
-28
-2
-34
-24
-19
2
10
-12
7
2
35
11
-28
22
11
-60
-11
40
-7
27
24
2
33
37
-14
1
17
-35
13
-62
-26
11
-35
56
22
30
-14
6
12
-33
5
-40
19
-35
-14
57
-10
4
-2
-8
-54
-1
45
-17
-3
35
44
19
2
12
6
-23
-3
22
-39
-48
-17
2
47
29
-4
-1
26
4
-23
23
-11
-19
21
-21
-9
34
8
-25
-1
18
29
23
-35
97
-5
-5
-10
-94
1
51
16
9
31
-11
-5
31
16
2
-19
-22
-13
16
-6
60
-24
-13
13
-5
9
7
12
-15
13
-15
39
11
-45
51
22
28
-5
-3
-20
-24
-28
-39
20
40
2
-46
6
35
25
-17
0
-21
53
-18
-21
-20
-34
-39
-9
75
23
21
-38
-56
23
62
49
-28
-61
26
41
9
9
-1
-60
31
52
37
-2
-19
-40
16
3
-5
2
-8
-3
16
48
18
-22
-39
-64
-40
3
2
-13
-1
-3
53
-6
32
1
-16
-22
-37
11
18
2
-29
25
43
-1
-14
53
-24
-25
-2
-17
28
20
29
-25
-2
30
25
23
-48
4
35
-1
15
15
22
8
-3
-6
21
33
-28
3
-22
38
-80
17
27
34
-41
-27
53
2
22
8
11
-25
-26
36
-7
8
21
24
-18
0
-6
-18
-3
-45
10
-3
-40
17
14
23
1
-28
17
14
-20
-26
7
34
0
5
1
-10
26
33
22
-20
-20
19
28
26
-29
-11
-60
11
54
-24
37
1
-18
-39
-8
-15
15
-38
15
-13
54
18
53
29
-57
