0
2
0
-3
-2
1
4
3
1
1
3
5
3
2
0
-2
-5
-7
-4
2
5
3
-3
-6
-5
-1
2
0
-4
-8
-6
-1
0
0
-3
1
4
6
4
3
2
2
3
4
2
2
0
-1
-2
-1
-1
-2
-2
-1
-1
0
2
3
5
5
0
-5
-6
-7
-4
-1
-3
-2
-1
2
4
2
-2
-2
-1
0
-1
-3
-2
2
1
3
2
5
4
-3
-6
-6
-2
1
1
1
0
0
2
3
3
1
-3
-4
-5
-4
0
2
3
3
2
4
4
6
5
3
4
3
0
-1
0
2
4
6
7
6
4
2
5
10
11
7
2
2
3
4
3
2
2
1
1
4
9
10
8
5
8
9
9
3
3
6
9
11
8
4
3
4
7
8
7
4
4
4
3
-2
-1
3
9
10
7
4
2
-1
-1
0
0
-3
-6
-3
0
4
5
5
4
2
3
3
2
1
2
3
2
2
3
4
3
3
4
5
4
2
4
3
1
-1
1
7
8
4
0
1
4
5
5
3
-2
-5
-3
0
-1
-6
-8
-6
-3
-2
-6
-8
-6
-3
-1
0
-1
-2
-4
-6
-7
-6
-1
2
0
-3
-1
3
3
1
1
1
0
-5
-6
-5
0
1
2
4
4
3
2
2
-2
-7
-7
-4
0
-2
-3
0
7
9
9
8
7
5
4
3
1
-1
-1
2
6
9
7
5
2
5
6
8
8
8
8
7
3
2
2
2
2
2
3
3
2
1
1
6
7
3
-3
-6
-5
-3
-6
-8
-7
-5
-1
1
2
4
3
2
0
-3
-7
-10
-9
-5
-3
-3
-2
1
6
7
5
5
3
2
-1
-4
-6
-4
-2
-1
1
5
6
5
3
3
4
4
2
0
0
-1
-1
2
1
4
6
5
7
8
6
4
1
3
5
5
0
-2
2
7
6
2
3
7
8
4
0
1
0
-2
-5
-4
-2
1
2
6
7
7
6
5
5
2
0
0
-2
-4
-2
2
6
7
5
3
4
6
6
3
2
3
6
4
0
-3
2
6
7
6
3
5
6
2
-1
0
0
1
2
0
-2
-4
-2
3
6
7
8
7
4
1
1
1
4
3
3
2
0
2
3
4
4
6
7
6
4
2
2
4
3
0
-2
0
1
3
2
1
-2
-1
3
7
5
-2
-6
-6
-5
-6
-8
-9
-7
-6
-2
-1
0
-1
-1
-2
-3
-4
-5
-2
1
3
2
-1
-1
2
3
-1
-5
-6
-4
0
1
2
5
10
8
4
-2
-2
1
2
4
3
1
0
2
3
3
-1
-2
0
0
-1
-2
2
1
-1
-1
2
2
0
2
6
7
3
-1
0
2
2
0
-2
-1
-1
0
-1
2
5
7
5
5
4
6
5
2
2
2
0
-3
-4
-1
2
3
2
-1
-4
-3
1
1
1
3
2
-2
-6
-6
-5
-4
0
3
3
0
1
3
4
0
-1
2
3
1
2
2
2
0
2
7
8
6
5
5
4
1
2
3
3
2
3
5
5
3
3
8
7
3
-1
-1
0
3
5
8
5
0
1
7
11
10
11
10
8
4
2
-3
-4
-5
0
4
3
5
5
5
4
3
3
4
5
1
-2
-4
-4
2
9
10
8
6
3
2
2
1
-3
-7
-5
-2
1
4
6
5
7
10
9
6
2
-4
-8
-4
1
3
1
3
5
3
3
8
4
1
2
4
1
0
0
0
-2
0
-2
1
2
3
5
5
2
1
0
0
-2
-1
1
5
11
10
5
5
9
7
-1
-2
2
6
1
-2
0
7
7
2
2
6
10
8
1
-2
3
5
-1
-4
1
5
6
4
5
1
-2
1
6
7
1
-2
-1
-3
-5
-9
-10
-7
-4
-2
-3
0
2
-1
-4
-5
-12
-12
-3
6
0
-11
-3
19
18
-22
-58
-28
85
142
25
-168
-192
51
271
169
-136
-263
-67
155
143
-3
-79
-35
5
-6
0
26
20
-30
-53
-7
34
17
-43
-68
-8
69
65
-32
-97
-64
32
70
15
-20
-13
28
9
-9
14
67
107
-6
-144
-179
125
490
369
-104
-499
-271
335
594
297
-251
-419
-190
75
213
126
-62
-194
-208
-121
-33
29
-31
-168
-175
-53
35
-36
-173
-158
31
171
95
-70
-144
-72
92
222
178
22
-39
-36
58
182
192
113
-51
-77
35
132
108
-41
-47
61
113
36
-76
-60
28
67
20
-27
-21
-2
-21
-35
1
38
19
-35
-42
13
44
1
-55
-38
29
64
20
-51
-74
-12
72
75
-21
-112
-92
11
72
32
-51
-95
-82
-34
19
37
-9
-82
-107
-55
19
42
3
-54
-76
-54
-13
13
7
-15
-28
-22
0
26
44
41
15
-18
-29
-9
21
24
-3
-23
4
63
91
43
-39
-66
10
118
136
29
-91
-87
46
164
144
30
-32
21
93
86
12
-14
43
107
94
21
-6
45
125
156
122
62
25
9
9
56
86
89
8
-75
-54
3
94
90
40
-21
-105
-96
-44
27
17
-87
-158
-171
-137
-110
-83
-57
-89
-202
-294
-248
-96
-25
-190
-445
-525
-347
-69
-42
-265
-485
-479
-224
-58
-112
-334
-520
-330
58
338
271
-138
-382
-126
542
1010
776
219
-41
262
785
949
699
387
284
325
388
429
413
310
180
95
72
82
33
-72
-101
-15
45
-24
-133
-101
82
210
110
-78
-28
298
536
378
4
-130
132
445
426
102
-177
-175
24
156
70
-180
-408
-463
-337
-179
-185
-402
-662
-725
-557
-337
-285
-422
-589
-668
-633
-576
-569
-567
-521
-517
-578
-636
-561
-362
-475
-911
-1242
-1049
-350
-4
-179
-316
132
1049
1120
124
-567
262
2277
3383
2518
617
-615
8
1806
3149
2839
1075
-591
-890
77
1141
1267
409
-691
-1254
-1041
-515
-365
-701
-1056
-1041
-822
-772
-1005
-1227
-1063
-404
273
339
-110
-536
-408
247
999
1383
1100
454
10
233
797
1171
1334
1071
712
559
437
563
558
369
487
723
747
68
-939
-1099
-401
370
461
-339
-1195
-1318
-846
-247
33
-163
-586
-876
-796
-439
-43
95
-111
-272
-262
-263
-235
-256
-327
-219
-145
-384
-775
-1018
-931
-662
-525
-675
-1132
-1633
-1723
-1260
-689
-816
-1919
-3011
-2675
-577
1978
2867
1004
-2068
-2982
-39
4421
6193
3751
-139
-1536
561
3669
4882
3622
1507
318
477
1184
1504
1125
355
-305
-548
-570
-851
-1513
-2034
-1739
-788
-349
-1221
-2670
-3135
-2062
-502
321
18
-871
-1312
-825
258
1239
1438
954
529
499
997
1516
1459
1091
892
1107
1327
1095
452
216
722
1401
1613
792
-146
-613
-487
369
903
847
-9
-1181
-1279
-559
421
710
6
-586
-799
-624
-376
-209
127
400
369
-94
-517
-582
-330
125
402
240
-448
-1224
-1428
-913
-222
-21
-471
-1201
-1666
-1618
-1175
-757
-715
-980
-1406
-1813
-1952
-1572
-681
-193
-820
-1997
-2408
-1469
-346
-890
-2403
-2206
378
3411
3209
-197
-2597
-1161
3404
6271
5009
1637
-740
152
2641
4257
4133
2530
873
51
386
1310
1567
867
-278
-897
-536
-274
-840
-1556
-1489
-696
-199
-725
-1840
-2264
-1512
-301
429
389
-236
-837
-577
215
1164
1621
1275
804
502
774
1096
1371
1518
1341
1171
760
615
729
895
767
322
261
408
522
-25
-813
-822
-305
133
-18
-579
-837
-766
-680
-419
-250
-169
-221
-522
-467
-239
-52
98
44
56
58
-88
-251
-356
-280
-219
-379
-586
-789
-885
-855
-853
-830
-963
-1334
-1670
-1711
-1248
-873
-1106
-1519
-1764
-1466
-1027
-1175
-1410
-1352
-1055
-994
-1668
-2281
-1888
-422
920
726
-425
-838
437
2408
3036
2189
1326
1653
2848
3413
3046
2446
2250
2435
2386
2107
1839
1575
1215
750
425
227
-123
-625
-895
-760
-590
-851
-1440
-1782
-1631
-1279
-1118
-1161
-1167
-1035
-874
-689
-328
198
617
664
523
617
1035
1410
1443
1225
1092
1172
1248
1304
1269
1082
754
369
377
628
650
247
-353
-384
-17
72
-330
-784
-452
77
22
-695
-1417
-925
74
520
221
-560
-768
-354
187
655
695
443
-1
-450
-265
178
430
199
-576
-917
-818
-662
-794
-1165
-1118
-950
-1076
-1472
-1741
-1718
-1347
-1062
-1223
-1456
-1743
-1673
-1412
-1175
-1065
-1351
-1385
-1171
-994
-1026
-1512
-2244
-2707
-2015
-46
1989
2130
-112
-2295
-1662
2082
5622
5637
2564
-391
-86
2607
4856
5062
3362
1535
826
1487
2411
2353
1424
460
182
441
333
-565
-1484
-1622
-765
-23
-347
-1551
-2686
-2408
-1240
-125
189
-486
-1133
-1151
-278
954
1627
1206
278
62
680
1482
1776
1382
802
595
709
959
1051
798
410
191
282
389
507
214
-386
-716
-479
926
1693
535
-1328
-2152
-175
2310
2294
408
-1723
-1625
334
1389
1385
354
-499
-139
131
435
356
-73
-225
-642
-579
-415
-767
-995
-1140
-830
-308
-595
-1492
-2087
-1878
-1112
-677
-1064
-1687
-2078
-1952
-1569
-1202
-630
-689
-997
-1571
-2202
-1627
-909
-382
-704
-1737
-2140
-1985
-1374
-1281
-2093
-3326
-3379
-644
3118
3796
-29
-3821
-2544
3176
7552
6253
1782
-517
917
3653
5151
4863
3770
2594
1589
1267
1777
2373
2096
1049
257
234
340
-250
-1181
-1295
-465
38
-634
-1881
-2575
-2245
-1287
-429
-116
-389
-1001
-1351
-852
302
1158
1053
368
-96
117
653
869
705
585
710
886
913
788
751
611
554
619
572
542
176
-233
-314
119
453
535
529
-100
-447
-750
-365
666
876
660
-377
-1124
-745
-40
663
655
-8
-466
-762
-765
-244
-46
175
-170
-973
-1159
-1209
-696
-423
-621
-813
-1157
-1220
-1487
-1532
-1286
-1077
-706
-968
-1345
-1593
-1554
-1095
-992
-790
-928
-1087
-1299
-1783
-1368
-861
-596
-771
-1676
-2425
-2047
-895
-521
-2180
-4766
-3298
2539
6704
4139
-3416
-6213
-329
7672
10221
5144
-961
-1897
1212
5043
6339
4984
2740
692
452
1545
2876
3024
1104
-162
163
855
738
-1063
-2209
-1472
-49
583
-846
-2597
-3280
-2595
-791
333
297
-838
-2044
-1760
-73
1622
1751
449
-632
-287
974
1776
1383
700
610
1042
1389
1016
544
491
859
920
639
198
-222
90
288
632
579
-316
-625
-657
-208
1
-472
-434
-368
-205
-283
-632
-349
-327
-311
-177
-333
-203
-417
-592
-298
-261
-98
-86
-511
-626
-818
-611
-111
-373
-617
-1095
-1350
-1148
-1143
-815
-825
-1116
-1248
-1231
-987
-935
-1261
-1431
-1107
-659
-595
-1317
-1788
-1702
-908
92
-324
-1499
-2503
-1901
-171
289
-1603
-4652
-3611
2339
6765
4236
-3096
-5946
-379
7582
9857
4520
-1214
-1523
1924
5281
5720
4313
2542
723
624
1975
3281
2729
219
-1035
-81
1295
940
-1171
-2430
-1697
-152
423
-575
-2200
-3139
-2537
-903
387
225
-816
-1623
-1444
-49
1217
1626
634
-403
-233
565
1567
1194
413
-99
81
829
750
735
410
216
33
-87
441
648
653
96
-311
-230
19
351
-33
-523
-560
-539
-369
-129
-460
-821
-835
-781
-354
-123
-425
-545
-290
-61
-149
-353
-187
174
111
-340
-599
-386
-175
-335
-523
-514
-507
-666
-863
-941
-940
-863
-645
-450
-651
-1163
-1448
-1140
-780
-755
-947
-1245
-1285
-1142
-1019
-1035
-973
-1115
-1543
-1945
-1675
-636
-724
-2183
-4450
-3507
2077
5953
3818
-3151
-5987
-614
6889
9496
4704
-606
-1140
1911
5104
5890
4736
2700
1136
860
1803
2807
2534
934
-364
27
908
595
-885
-1917
-1450
-304
48
-836
-2108
-2775
-2451
-1412
-314
35
-749
-1969
-2194
-764
1132
1579
242
-1108
-824
637
1520
1086
360
384
893
1039
702
613
988
1184
949
671
815
1205
954
112
-334
92
953
833
-570
-1491
-1130
-148
512
-92
-1304
-1717
-1242
-400
71
-191
-599
-809
-785
-394
114
428
375
2
-299
-353
-298
-242
-213
-158
-124
-197
-364
-618
-843
-848
-584
-253
-215
-565
-1052
-1373
-1305
-903
-508
-511
-1084
-1781
-1948
-1503
-960
-927
-1214
-1416
-1813
-2088
-1678
-998
-688
-1698
-3711
-3647
150
4576
4518
-711
-4774
-2213
4450
8394
6008
924
-871
1191
3919
5164
4634
3286
1904
1092
1609
2721
2786
1513
152
60
895
979
-159
-1361
-1497
-655
-82
-694
-1878
-2686
-2519
-1338
-307
-253
-1015
-2035
-2251
-1029
577
1235
513
-743
-897
-3
1180
1493
806
327
147
588
1186
1410
1147
560
410
809
1725
1695
222
-1072
-772
1164
2175
873
-1528
-2738
-1188
943
1235
-119
-1961
-2421
-1289
168
933
148
-1055
-1488
-949
400
862
204
-425
-519
127
500
64
-551
-683
-62
432
296
-335
-1168
-1361
-959
-285
120
-316
-871
-1334
-1432
-1113
-853
-550
-896
-1596
-1910
-1895
-1441
-1142
-1251
-1379
-1489
-1744
-1871
-1684
-1225
-1129
-2612
-4038
-2194
2456
5175
2027
-3756
-4614
1193
7620
8276
3187
-1361
-737
3137
6099
6189
4030
1705
837
1481
2828
3510
2527
707
-266
123
744
326
-895
-1462
-913
-247
-532
-1676
-2488
-2511
-1677
-765
-484
-690
-1563
-2152
-1724
-285
1179
1098
-36
-928
-614
666
1638
1484
722
385
482
743
969
1022
908
870
1069
1291
1057
309
-218
256
1537
1807
407
-1520
-2090
-663
753
901
-339
-1804
-2170
-1650
-599
138
-8
-729
-1198
-914
-298
135
121
-15
37
144
82
-216
-369
-231
79
256
-21
-506
-843
-759
-576
-376
-277
-450
-475
-684
-921
-1178
-1328
-893
-511
-517
-1171
-1928
-1995
-1624
-1115
-858
-1308
-2098
-2533
-2288
-1319
-899
-2111
-4024
-3684
511
4541
3649
-1502
-4773
-1421
5112
8201
5327
328
-1133
1307
4570
5944
4811
2940
1584
1292
2136
3081
2835
1362
150
233
955
832
-459
-1533
-1187
-103
96
-962
-2168
-2407
-1770
-1049
-694
-733
-1124
-1668
-1736
-854
454
956
276
-655
-610
426
1289
1263
640
311
569
1028
1154
995
810
924
1469
1586
1160
32
-613
204
1342
1907
576
-1265
-1863
-1125
444
874
80
-1250
-2152
-1828
-827
104
204
-452
-1105
-1042
-433
61
64
-148
-55
194
170
-256
-636
-549
-56
324
224
-240
-720
-829
-678
-466
-388
-490
-710
-770
-677
-587
-652
-1255
-1535
-1365
-948
-701
-1155
-1543
-2133
-2035
-1146
-830
-1070
-1978
-2282
-1751
-1561
-2367
-3796
-2258
2175
4581
1917
-3357
-4294
605
6381
7632
3670
-272
-694
1994
5042
6020
4826
2574
1044
1153
2389
3300
2798
1153
-55
274
1070
688
-707
-1336
-639
13
-445
-1535
-2268
-2258
-1655
-893
-489
-738
-1416
-1874
-1487
-332
624
544
-275
-778
-371
580
1258
1236
789
461
505
834
1227
1417
1309
1175
1332
1569
1292
467
13
671
1722
1625
19
-1626
-1690
-309
875
605
-785
-1998
-2149
-1386
-481
-121
-458
-1102
-1426
-1087
-366
84
-58
-394
-319
103
271
-83
-519
-416
105
355
27
-510
-669
-441
-282
-367
-636
-807
-725
-702
-593
-411
-767
-1350
-1550
-1290
-788
-966
-1865
-2248
-1740
-842
-602
-1734
-2945
-2757
-1436
-382
-1304
-3877
-4664
-1134
3983
4792
-84
-4609
-2861
3540
7894
6195
1285
-1009
1012
4381
6067
5193
3054
1675
1752
2716
3331
2624
1177
265
512
1340
1231
-212
-1475
-1199
-32
203
-877
-2025
-2398
-1898
-1033
-574
-628
-1044
-1579
-1646
-892
180
736
464
-197
-519
-73
861
1269
1091
907
925
946
836
852
948
1522
1888
1709
1097
79
-117
406
1623
2008
514
-1149
-1868
-766
521
256
-983
-2158
-2213
-1475
-897
-732
-894
-1270
-1366
-1056
-572
-213
-420
-735
-480
183
499
-39
-849
-867
5
761
596
-189
-692
-600
-323
-239
-360
-511
-601
-658
-619
-573
-767
-1204
-1448
-1164
-696
-691
-1443
-2191
-2058
-1254
-749
-1037
-1987
-2604
-1952
-1177
-1238
-2884
-4738
-2887
2005
5228
2454
-3840
-5338
62
7061
8571
3543
-1147
-1143
2443
5790
6048
4253
2087
1165
1848
2925
3603
2744
1046
255
636
1318
764
-620
-1310
-741
176
-175
-1439
-2378
-2358
-1465
-598
-429
-985
-1623
-1806
-1328
-222
769
811
-72
-824
-646
424
1410
1353
816
478
611
751
812
1082
1172
1427
1548
1576
1252
352
-74
260
1504
1996
625
-1272
-2119
-917
730
874
-390
-1962
-2447
-1634
-664
-171
-570
-1445
-1636
-1175
-307
35
-481
-852
-678
20
368
-92
-649
-708
-147
382
278
-283
-792
-803
-358
19
-58
-424
-676
-487
-309
-534
-877
-1209
-974
-744
-1065
-1295
-1697
-1704
-1298
-1278
-1356
-1793
-2246
-2067
-1590
-1298
-2049
-3955
-4511
-1070
3757
4809
388
-4933
-3822
2702
7839
7132
2002
-1010
336
3578
5707
5473
3981
2447
1770
2051
2859
3061
2233
1227
889
1220
1034
-71
-1089
-946
32
409
-492
-1902
-2575
-2125
-1121
-417
-461
-1142
-1928
-2106
-1345
-98
602
190
-794
-1135
-379
783
1332
975
466
438
850
1116
1011
864
1184
1717
1874
1510
578
107
200
920
1693
1070
-271
-1677
-1555
-132
620
235
-1261
-2198
-2007
-1265
-568
-597
-1030
-1353
-1164
-614
-203
-268
-513
-477
-153
143
23
-329
-501
-283
117
259
77
-206
-330
-200
-92
-198
-381
-429
-258
-48
-122
-655
-1305
-1268
-697
-552
-745
-1299
-1944
-1961
-1716
-1328
-988
-1356
-2423
-2853
-2062
-1152
-1692
-3990
-3791
614
4301
3258
-2112
-4917
-503
5732
7723
4339
109
-300
1980
4605
5784
5089
3397
1467
976
2432
3913
3612
1826
247
179
911
868
-29
-694
-502
-205
-623
-1344
-1708
-1785
-1710
-1454
-1218
-1120
-1313
-1789
-1908
-1076
133
632
85
-771
-769
172
1088
1179
720
485
821
1195
1232
1246
923
923
1416
1732
1714
669
-44
322
993
1681
869
-674
-1396
-1091
239
592
-339
-1520
-2361
-1887
-961
-398
-458
-1136
-1506
-1215
-546
-125
-249
-522
-482
-123
196
85
-295
-394
-235
65
263
28
-285
-319
-292
-370
-415
-274
-35
-3
-412
-1016
-1296
-924
-362
-432
-1025
-1577
-1752
-1560
-1343
-1454
-1642
-1825
-2026
-1795
-1821
-2488
-4048
-4609
-1121
3505
4302
-398
-5640
-3996
3203
8505
6939
959
-2105
134
4265
6747
5754
3207
1498
1205
2746
4014
3770
2332
583
463
1265
1506
573
-849
-978
93
548
-713
-2499
-2985
-1925
-656
-331
-1054
-2114
-2483
-1887
-732
201
220
-538
-1038
-697
72
706
834
601
344
398
681
1060
1329
1350
1124
988
1598
2002
1788
870
65
690
1466
1590
318
-1167
-1118
-336
330
-249
-1348
-1750
-1490
-992
-938
-1208
-1439
-1388
-1061
-603
-376
-576
-911
-913
-331
298
354
-121
-465
-174
356
489
144
-228
-174
67
0
-384
-644
-467
-83
111
-61
-723
-1323
-1061
-546
-369
-977
-2266
-2593
-1571
-430
-488
-1988
-3642
-3449
-1619
-555
-1365
-4184
-5271
-1057
3938
4256
-934
-5596
-2761
4252
8336
5754
103
-1638
887
4775
6489
5207
2880
753
800
2745
4361
4054
1515
-628
-104
1616
2300
724
-1394
-1357
-193
451
-550
-2233
-2628
-2040
-880
-243
-770
-1799
-2488
-1981
-497
630
430
-800
-1614
-766
518
1091
720
32
283
660
966
1162
1141
1519
1449
1339
1618
1683
1659
1004
533
916
1155
898
-94
-757
-363
58
-58
-887
-1567
-1441
-1123
-869
-932
-1167
-1294
-1470
-1212
-587
-165
-240
-853
-963
-351
234
320
-197
-376
-43
146
-13
-447
-370
183
364
-57
-840
-993
-409
101
253
-328
-998
-1148
-970
-625
-734
-1029
-1406
-1863
-1701
-1453
-1352
-1600
-2200
-2021
-1692
-2392
-4211
-4115
363
4643
3561
-2470
-6260
-2080
5327
8401
4954
-270
-1578
1136
4620
6245
5570
3463
1366
724
2028
3831
3986
2188
200
-66
1055
1468
313
-970
-876
38
67
-1198
-2447
-2605
-1720
-589
-407
-1243
-2178
-2493
-1641
-212
568
234
-861
-1634
-816
770
1416
942
-51
-91
569
1272
1625
1198
1126
1126
1503
2036
1833
1277
458
553
1406
1726
899
-569
-1028
-209
621
260
-931
-1765
-1637
-1034
-744
-934
-1394
-1702
-1582
-1052
-502
-427
-857
-1171
-787
-4
374
-35
-672
-679
-80
402
259
-213
-310
-140
-109
-216
-406
-472
-407
-455
-369
-366
-809
-944
-698
-488
-712
-1448
-1726
-1332
-861
-968
-1643
-2403
-2514
-1814
-1361
-1907
-3966
-4618
-1053
3374
4166
-589
-5624
-3509
3270
7945
6425
761
-1947
-159
3502
6320
6007
3759
1254
353
1835
3590
4130
2513
330
7
568
1000
465
-468
-400
-174
-39
-635
-1831
-2216
-1881
-941
-318
-679
-1574
-2397
-2281
-1008
516
910
-121
-1476
-1495
-34
1438
1542
458
-500
-328
869
1782
2137
1628
940
900
1217
2066
1981
1155
551
568
1296
1017
-109
-990
-826
93
291
-467
-1425
-1703
-1287
-737
-573
-853
-1353
-1708
-1438
-671
-84
-318
-1061
-1284
-635
127
124
-496
-833
-459
112
178
-221
-539
-446
-234
-319
-547
-558
-285
-148
-308
-682
-834
-655
-523
-525
-953
-1303
-1469
-1384
-1183
-1407
-1717
-2133
-1756
-1307
-1959
-3433
-4879
-2649
2345
4497
1241
-4535
-5046
1160
7157
7516
2480
-1519
-577
2814
5742
6105
4234
2034
740
1522
3401
4195
3261
994
-130
693
1303
975
-379
-975
-46
444
-226
-1833
-2758
-2236
-1187
-311
-375
-1347
-2292
-2259
-1176
79
503
-20
-806
-980
-224
684
1019
693
285
346
592
897
1276
1514
1719
1598
998
815
1161
1468
1511
1064
596
388
-74
-385
-29
488
421
-614
-1783
-1760
-714
89
-187
-1193
-1827
-1584
-862
-279
-174
-471
-912
-1137
-824
-156
245
38
-444
-616
-381
-186
-325
-557
-470
-142
-97
-625
-1198
-1075
-328
151
-278
-1018
-1258
-907
-617
-806
-1200
-1339
-1088
-890
-1006
-1604
-2010
-1842
-1331
-1314
-2583
-4196
-4138
-240
3783
3352
-1509
-5680
-2501
4166
7695
5174
-11
-1331
802
4070
5728
5084
3414
1448
876
1968
3514
3830
2357
485
125
991
1306
339
-1000
-942
164
518
-416
-1776
-2382
-1900
-956
-241
-281
-1208
-2069
-1835
-655
427
487
-318
-974
-760
102
751
699
478
588
778
912
1075
1260
1553
1716
1403
941
880
1169
1315
1110
846
619
233
-196
-356
-137
173
1
-822
-1615
-1560
-773
-245
-601
-1375
-1653
-1198
-617
-478
-690
-866
-831
-644
-389
-198
-255
-563
-759
-514
-69
-30
-541
-999
-822
-245
-50
-522
-1053
-1013
-564
-318
-433
-577
-623
-761
-1019
-1176
-1078
-723
-482
-780
-1582
-2273
-2150
-1365
-769
-1438
-3513
-4850
-2517
2477
4888
1306
-4672
-5233
868
7237
7559
2124
-1980
-1097
2932
6268
5999
3722
1298
400
1932
3637
4103
2642
475
52
1018
1851
992
-829
-1257
-205
617
-45
-1497
-2332
-2100
-1305
-570
-373
-995
-1880
-2073
-1114
247
659
-49
-850
-811
-1
845
859
370
259
425
880
1074
1129
1314
1137
1382
1452
1172
1215
1069
1328
1286
618
190
-332
-215
185
239
112
-779
-1587
-1606
-865
72
-34
-1107
-1986
-1733
-663
45
-268
-993
-1256
-930
-387
-99
-185
-540
-915
-936
-486
-23
-127
-794
-1304
-936
-159
122
-418
-1301
-1466
-740
-206
-352
-860
-1344
-1289
-1068
-970
-796
-716
-937
-1386
-1666
-1614
-1031
-947
-2016
-3419
-4330
-2236
2091
4118
1595
-3654
-5032
-15
6036
7646
3579
-1015
-1440
1506
5103
6380
4944
2345
441
791
2618
3837
3165
1274
93
529
1297
874
-378
-1035
-530
138
-185
-1342
-2212
-2076
-1347
-722
-554
-984
-1689
-1860
-1172
-203
442
111
-830
-1128
-345
829
1143
640
32
122
678
950
1408
1434
1250
1157
665
1071
1623
1573
1324
346
-9
359
591
573
-210
-686
-485
-313
-509
-1086
-1215
-726
-386
-643
-1141
-1322
-1013
-605
-459
-486
-593
-628
-518
-291
-77
-88
-307
-502
-467
-280
-261
-529
-780
-738
-530
-426
-527
-758
-899
-734
-456
-456
-672
-815
-749
-690
-905
-1152
-1095
-790
-767
-1235
-1769
-1814
-1116
-772
-1634
-3113
-3873
-1667
2207
3520
724
-3536
-3553
1386
6043
6172
2016
-1248
-474
2821
5643
5615
3470
1196
544
1930
3551
3872
2415
511
-6
835
1679
1102
-399
-1219
-741
146
70
-962
-1864
-1905
-1299
-659
-501
-951
-1525
-1559
-855
-35
123
-405
-892
-723
-23
610
797
619
365
294
404
688
1277
1758
1520
770
311
721
1622
1831
1012
153
123
714
916
231
-544
-583
-150
5
-422
-1001
-1126
-822
-569
-644
-934
-1084
-1021
-902
-650
-435
-569
-746
-614
-306
-111
-280
-629
-688
-408
-108
-98
-447
-839
-864
-453
-92
-224
-638
-878
-760
-509
-392
-384
-499
-801
-1060
-1191
-1052
-750
-771
-1047
-1471
-1714
-1434
-1030
-1139
-1972
-3368
-3395
-402
3055
3325
-820
-4598
-2729
2953
7002
5160
417
-1654
267
3845
5474
4725
2712
1027
892
1995
3321
3354
1884
295
104
1051
1503
566
-826
-1078
-182
480
-120
-1415
-2131
-1751
-793
-168
-353
-1168
-1919
-1853
-761
396
494
-448
-1239
-939
2
752
801
358
20
191
622
1063
1365
1295
1025
442
760
1642
1727
1139
-83
-158
742
1178
676
-624
-982
-433
85
-65
-776
-1247
-1210
-776
-661
-889
-1038
-1009
-890
-705
-524
-562
-740
-806
-499
-18
111
-269
-705
-663
-233
46
-138
-535
-680
-495
-365
-428
-543
-660
-693
-632
-501
-483
-791
-1023
-860
-728
-787
-850
-933
-925
-1156
-1622
-1589
-1017
-713
-1323
-2665
-3655
-2204
1444
3806
1908
-2836
-4409
-317
5383
6930
3160
-997
-1455
1490
4653
5556
4237
1936
391
740
2470
3693
3054
1098
-249
152
1222
1208
-46
-1050
-841
-114
-70
-948
-1896
-2057
-1413
-611
-307
-775
-1651
-2016
-1319
-31
744
280
-813
-1239
-530
531
1044
812
314
-10
53
567
1107
1656
1806
1197
654
636
1298
1759
1288
707
321
406
561
120
-239
-289
-56
-16
-595
-1039
-1070
-713
-330
-510
-1006
-1211
-905
-519
-395
-441
-530
-635
-581
-294
-84
-204
-527
-584
-242
52
-120
-593
-861
-681
-267
-88
-390
-943
-1179
-899
-396
-171
-526
-1077
-1263
-896
-470
-468
-872
-1248
-1461
-1459
-1130
-940
-808
-1261
-2303
-3219
-2919
-16
3048
3020
-692
-4312
-2763
2609
6533
5278
863
-1550
-306
2973
5171
4877
3092
1150
513
1370
2814
3432
2336
669
-146
308
948
506
-523
-808
-103
322
-368
-1512
-2007
-1553
-697
-159
-332
-1057
-1778
-1759
-803
286
574
-7
-767
-952
-312
590
962
721
324
118
236
783
1504
1763
1357
721
459
815
1412
1585
1231
663
195
29
-83
-27
129
112
-54
-703
-1322
-1418
-997
-144
62
-564
-1393
-1779
-1108
-243
103
-178
-858
-1078
-752
-177
109
-242
-740
-823
-429
-49
-204
-703
-896
-668
-300
-330
-720
-926
-790
-377
-296
-597
-951
-1125
-783
-311
-249
-770
-1425
-1553
-1185
-877
-896
-1027
-1228
-1536
-2213
-2924
-2017
724
2946
2021
-1605
-3656
-1254
3548
6116
4150
485
-1082
352
3240
5083
4740
2780
812
346
1547
3141
3387
2069
452
-83
445
806
352
-347
-510
-352
-304
-816
-1614
-1806
-1429
-723
-325
-668
-1299
-1741
-1317
-391
172
207
-307
-635
-410
66
634
874
656
330
236
482
1047
1644
1945
1658
771
292
801
1642
1872
1145
239
-41
69
169
234
198
-64
-602
-1123
-1198
-862
-498
-437
-699
-1040
-1191
-1017
-641
-343
-279
-450
-710
-765
-492
-165
-179
-520
-702
-370
74
-117
-839
-1158
-699
-83
9
-503
-1159
-1273
-725
-156
-135
-570
-1089
-1335
-1076
-622
-490
-785
-1211
-1529
-1565
-1283
-954
-791
-1276
-2480
-3460
-2419
897
3407
2158
-2009
-4173
-1211
4108
6601
4103
23
-1494
459
3788
5506
4733
2397
495
526
1987
3441
3403
1789
203
-87
673
1047
396
-451
-653
-287
-168
-763
-1605
-1912
-1449
-653
-196
-509
-1374
-2006
-1662
-447
595
519
-505
-1280
-898
318
1186
1046
420
48
262
738
1127
1381
1458
1369
982
715
849
1118
1430
1321
750
201
-189
-154
233
395
178
-462
-1159
-1287
-938
-330
-74
-480
-1060
-1380
-1057
-403
-54
-210
-663
-917
-770
-407
-129
-112
-311
-500
-480
-283
-182
-421
-814
-917
-563
-109
-177
-775
-1226
-980
-387
-193
-457
-890
-1105
-993
-773
-704
-841
-1113
-1441
-1349
-1072
-1016
-1142
-1559
-1973
-2440
-2277
-417
1808
2101
-263
-2806
-1893
2021
5100
4628
1581
-471
155
2362
4247
4515
3359
1660
694
1105
2313
3117
2476
929
-26
256
744
490
-257
-632
-331
-251
-705
-1398
-1702
-1398
-963
-521
-408
-781
-1384
-1619
-1025
-48
452
106
-533
-702
-160
579
936
799
491
352
495
838
1192
1424
1286
1021
941
1081
1255
1016
741
696
779
675
167
-182
-157
27
1
-370
-769
-966
-877
-626
-456
-572
-907
-1151
-1042
-625
-243
-165
-396
-631
-592
-314
-113
-227
-520
-641
-426
-134
-138
-512
-895
-935
-635
-360
-466
-829
-1076
-951
-579
-337
-524
-949
-1207
-1065
-698
-688
-928
-1257
-1436
-1371
-1400
-1258
-1167
-1191
-1590
-2452
-2140
-208
1862
2056
-315
-2402
-1265
2134
4662
3915
1200
-163
677
2802
4240
3984
2772
1373
948
1716
2763
2982
1898
581
203
650
895
399
-364
-615
-336
-166
-528
-1221
-1614
-1434
-882
-391
-393
-964
-1574
-1507
-719
127
374
-74
-736
-729
-19
721
938
524
119
184
706
1181
1373
1285
1067
1038
883
954
1106
1061
1145
833
392
-28
-247
208
353
21
-491
-914
-846
-779
-661
-574
-592
-745
-1120
-1081
-725
-417
-355
-484
-523
-528
-447
-276
-160
-297
-539
-543
-292
-136
-343
-636
-670
-442
-268
-387
-768
-1061
-898
-371
-44
-404
-1138
-1563
-1239
-502
-165
-656
-1356
-1570
-1431
-1175
-1121
-1019
-1028
-1473
-2111
-2665
-1858
227
1997
1722
-750
-2414
-1022
2453
4665
3648
1108
-250
719
2846
4201
3967
2728
1543
1118
1638
2496
2792
2029
847
320
463
754
403
-227
-379
-270
-145
-617
-1225
-1484
-1424
-896
-495
-478
-1018
-1680
-1555
-668
251
326
-316
-780
-534
129
592
671
545
440
328
409
816
1256
1504
1243
936
759
675
976
1246
1402
910
8
-378
-222
290
373
-53
-600
-1030
-1049
-763
-407
-332
-622
-1014
-1114
-862
-517
-324
-355
-446
-510
-491
-357
-184
-181
-353
-444
-260
-8
-148
-581
-755
-429
6
54
-389
-903
-1095
-851
-281
-41
-222
-816
-1525
-1448
-855
-201
-142
-932
-1606
-1859
-1384
-719
-807
-1160
-1554
-1754
-1875
-2092
-1325
546
1983
1184
-1211
-2101
-102
2904
4171
3014
1099
344
1134
2662
3889
3946
2747
1266
792
1600
2717
2929
1913
564
1
336
777
715
220
-266
-465
-517
-709
-1028
-1190
-1048
-765
-638
-843
-1259
-1504
-1246
-553
73
100
-464
-983
-796
88
930
987
299
-330
-132
795
1619
1643
994
463
590
1184
1592
1415
833
373
297
446
501
218
-146
-417
-467
-384
-497
-673
-898
-917
-740
-653
-671
-884
-1001
-854
-509
-191
-236
-542
-727
-535
-195
-89
-256
-389
-345
-293
-318
-323
-212
-107
-163
-346
-507
-576
-532
-385
-254
-269
-530
-931
-1170
-989
-524
-232
-526
-1231
-1665
-1412
-702
-495
-1061
-1692
-1880
-1603
-1569
-1768
-1206
274
1496
819
-1087
-1603
227
2909
3922
2620
822
275
1310
2863
3777
3559
2374
1216
1060
1878
2692
2561
1481
415
204
639
856
438
-166
-434
-412
-452
-675
-966
-1154
-1122
-929
-803
-934
-1172
-1259
-1066
-624
-134
-20
-387
-699
-500
183
616
503
243
245
707
1013
952
807
858
1204
1366
1263
1010
763
663
690
781
647
155
-354
-419
-148
-63
-400
-831
-973
-869
-730
-685
-774
-971
-1098
-931
-537
-272
-360
-610
-679
-472
-199
-103
-230
-411
-440
-296
-163
-151
-186
-173
-165
-273
-451
-517
-386
-211
-125
-199
-448
-773
-959
-806
-465
-228
-452
-1075
-1523
-1280
-715
-585
-915
-1445
-1560
-1464
-1446
-1715
-1979
-988
743
1851
751
-1494
-1906
294
3440
4238
2510
405
-111
1369
3191
4204
3652
2156
992
910
1880
2825
2758
1553
326
88
616
916
524
-111
-452
-419
-438
-721
-1057
-1216
-1178
-1054
-870
-765
-971
-1340
-1380
-792
-65
62
-468
-847
-572
74
552
464
280
195
429
912
1041
992
732
811
1232
1367
1226
748
484
495
522
507
348
168
-74
-350
-528
-524
-499
-620
-837
-956
-885
-809
-809
-812
-739
-628
-559
-529
-521
-520
-458
-266
-61
-59
-291
-497
-386
-18
248
150
-188
-454
-448
-280
-108
-28
-137
-382
-602
-587
-420
-356
-528
-719
-792
-809
-817
-968
-1023
-1097
-1093
-1048
-1366
-1598
-1681
-1593
-1720
-2075
-1487
-26
1287
889
-1035
-1868
-362
2394
3664
2604
1039
308
1036
2450
3575
3765
2711
1535
1082
1607
2482
2632
1865
809
348
520
709
492
45
-279
-370
-434
-701
-1072
-1340
-1299
-1007
-748
-790
-1136
-1448
-1298
-673
-53
56
-448
-850
-704
-48
610
677
419
66
41
431
900
1235
1166
976
1007
1195
1184
921
555
556
965
997
584
-94
-510
-351
-60
-10
-354
-812
-1152
-1128
-753
-455
-513
-894
-1151
-987
-569
-323
-416
-618
-634
-383
-90
-16
-190
-352
-281
-45
100
55
-89
-236
-275
-155
36
35
-263
-585
-542
-213
-52
-309
-787
-975
-851
-668
-640
-923
-1148
-1157
-1054
-1053
-1294
-1490
-1538
-1358
-1391
-2018
-2188
-1132
676
1559
217
-1670
-1710
544
3318
3913
2225
347
1
1517
3400
4119
3290
1728
939
1321
2300
2838
2259
1167
335
305
800
915
461
-187
-444
-331
-407
-779
-1137
-1185
-1013
-875
-890
-1013
-1141
-1151
-941
-567
-261
-276
-485
-500
-198
205
450
427
250
226
525
963
1207
1127
876
798
1074
1396
1284
765
375
459
758
784
392
-113
-334
-207
-60
-191
-533
-825
-915
-829
-699
-678
-799
-916
-869
-678
-524
-540
-635
-604
-402
-193
-160
-301
-411
-301
-37
116
48
-108
-170
-81
24
-19
-180
-303
-367
-351
-245
-160
-282
-601
-835
-853
-671
-467
-540
-944
-1280
-1313
-1138
-1054
-1339
-1518
-1464
-1345
-1535
-2223
-2102
-713
1027
1490
-216
-1849
-1304
1207
3557
3444
1711
315
437
1908
3222
3692
3068
1766
899
1131
2139
2733
2101
868
213
435
1021
896
227
-361
-609
-452
-525
-577
-779
-1179
-1358
-1293
-765
-449
-690
-1173
-1341
-790
-70
181
-136
-520
-506
-33
506
702
533
319
469
924
1269
1177
802
643
981
1537
1690
1119
220
-190
270
1061
1259
504
-606
-1145
-780
-56
200
-328
-1193
-1659
-1385
-693
-248
-423
-946
-1207
-910
-389
-174
-368
-619
-607
-361
-126
-63
-158
-243
-119
168
306
62
-335
-405
-46
300
190
-307
-602
-411
-66
-9
-391
-878
-949
-621
-390
-568
-1153
-1557
-1470
-1273
-1283
-1411
-1437
-1530
-1736
-2257
-2384
-1198
752
1826
382
-1836
-2037
274
3242
3930
2348
612
241
1315
2851
3767
3446
2308
1191
928
1710
2601
2483
1427
519
401
737
776
312
-196
-328
-242
-354
-733
-1114
-1246
-1099
-811
-586
-620
-940
-1284
-1253
-731
-96
113
-235
-714
-758
-242
422
740
598
273
136
388
918
1325
1235
746
470
854
1548
1719
1052
188
-17
507
997
784
-1
-672
-766
-438
-164
-250
-636
-1041
-1194
-1015
-675
-463
-542
-784
-904
-758
-475
-282
-274
-362
-395
-313
-170
-71
-77
-134
-118
-1
75
-5
-176
-275
-252
-169
-133
-136
-139
-271
-549
-726
-639
-474
-460
-654
-951
-1203
-1254
-1104
-1124
-1258
-1364
-1465
-1445
-1496
-1640
-1967
-2134
-1139
663
1652
452
-1903
-2246
342
3458
4115
2109
125
10
1464
3115
3865
3448
2146
908
747
1677
2643
2593
1522
396
87
542
929
634
21
-335
-418
-494
-687
-850
-984
-1158
-1054
-657
-477
-689
-1091
-1230
-699
71
289
-144
-703
-763
-173
589
942
701
244
120
449
845
939
885
1030
1220
1018
513
315
715
1218
1184
589
-57
-334
-234
-21
32
-172
-536
-886
-1089
-1070
-827
-554
-549
-824
-1022
-854
-492
-344
-455
-513
-383
-268
-323
-363
-203
-22
-26
-182
-265
-48
184
95
-90
-219
-232
-108
-46
-37
21
-96
-451
-736
-683
-402
-361
-592
-992
-1306
-1206
-945
-850
-1128
-1542
-1768
-1501
-1026
-1068
-1770
-2557
-1596
892
2375
1168
-1840
-2603
218
3666
4624
2360
-27
-251
1187
3120
3954
3464
2098
664
510
1502
2556
2598
1433
225
36
640
893
332
-231
-328
-340
-267
-315
-744
-1168
-1378
-1093
-439
-154
-542
-1328
-1521
-794
107
545
79
-706
-771
-91
656
981
895
519
130
125
607
1179
1327
898
361
379
881
1176
888
349
66
129
238
129
-166
-468
-638
-650
-601
-643
-822
-1007
-1027
-862
-677
-633
-734
-820
-746
-533
-332
-258
-293
-339
-324
-246
-142
-72
-77
-120
-112
-46
-30
-138
-260
-241
-85
20
-72
-293
-472
-498
-435
-401
-434
-551
-749
-980
-1093
-977
-773
-793
-1062
-1337
-1351
-1038
-852
-1113
-1740
-1923
-692
1144
1789
342
-1634
-1409
1057
3440
3624
1826
260
175
1408
2922
3538
2940
1491
403
647
1781
2518
1981
671
-150
82
685
690
65
-438
-434
-273
-316
-583
-879
-1015
-895
-589
-375
-499
-866
-1093
-906
-364
191
316
-94
-495
-255
456
874
672
268
184
497
887
1047
911
600
349
389
728
1021
877
341
-94
-40
310
411
26
-508
-738
-616
-451
-482
-659
-818
-895
-900
-834
-719
-633
-626
-632
-572
-490
-469
-457
-326
-121
-66
-250
-460
-423
-158
38
-45
-292
-431
-347
-163
-62
-116
-261
-380
-366
-217
-103
-241
-556
-782
-751
-604
-597
-764
-1002
-1131
-1077
-944
-896
-879
-889
-1027
-1360
-1617
-759
926
1797
733
-1228
-1310
718
2919
3366
1860
473
313
1287
2540
3058
2795
1741
759
681
1291
2079
1989
1011
104
-90
355
498
173
-151
-315
-276
-353
-694
-911
-939
-751
-473
-420
-487
-745
-914
-703
-315
68
55
-191
-214
34
382
530
393
198
264
583
842
863
747
556
357
391
709
1012
919
396
-123
-167
212
453
209
-288
-611
-638
-565
-548
-563
-558
-609
-763
-899
-863
-678
-518
-495
-548
-588
-584
-530
-376
-145
-23
-171
-463
-558
-314
-17
-27
-295
-467
-341
-134
-171
-388
-500
-357
-109
-21
-218
-535
-744
-711
-521
-418
-423
-663
-981
-1069
-999
-769
-706
-847
-901
-968
-1038
-1191
-907
289
1362
1168
-190
-1029
58
2029
2962
2207
891
441
1010
1975
2621
2589
1914
1036
632
993
1793
1995
1242
239
-196
214
618
511
-4
-505
-538
-402
-365
-536
-778
-844
-751
-529
-431
-601
-807
-758
-422
-33
119
-79
-387
-365
193
731
661
150
-229
172
856
1033
920
563
263
251
413
834
1060
743
131
-301
-124
308
380
98
-362
-626
-610
-585
-468
-469
-558
-630
-783
-802
-735
-600
-461
-444
-460
-479
-514
-544
-462
-283
-149
-234
-417
-437
-253
-130
-256
-447
-429
-144
-43
-239
-549
-640
-294
-23
-13
-304
-627
-690
-627
-410
-333
-504
-794
-1045
-1025
-788
-568
-597
-794
-994
-1193
-1247
-654
678
1647
1026
-709
-1419
113
2494
3369
2172
462
-61
847
2175
2867
2593
1682
744
398
902
1763
2033
1296
179
-341
-25
489
521
65
-384
-511
-460
-486
-625
-747
-739
-580
-385
-360
-579
-829
-785
-340
200
339
-58
-522
-455
214
891
907
295
-208
-32
643
1196
1173
606
26
9
556
1074
1016
414
-147
-177
183
417
274
-111
-445
-501
-370
-363
-529
-635
-630
-613
-588
-574
-629
-676
-605
-432
-278
-297
-497
-604
-446
-232
-189
-274
-385
-439
-362
-252
-256
-327
-340
-291
-256
-323
-462
-459
-296
-230
-381
-572
-659
-651
-524
-406
-482
-677
-820
-906
-896
-814
-737
-614
-649
-921
-1364
-1351
-134
1375
1724
303
-1430
-1032
1223
3053
2933
1273
41
267
1332
2422
2798
2254
1196
352
522
1337
1935
1706
696
-95
-108
375
573
220
-155
-261
-241
-340
-597
-799
-727
-503
-358
-339
-455
-663
-762
-571
-175
174
214
-148
-519
-342
331
860
783
219
-231
-40
627
1126
1072
556
-7
-61
522
1102
973
223
-414
-357
230
599
339
-201
-572
-655
-465
-182
-141
-415
-720
-780
-579
-304
-241
-466
-641
-565
-385
-220
-250
-490
-569
-431
-306
-202
-223
-430
-533
-460
-403
-307
-128
-150
-474
-765
-754
-412
-1
-30
-469
-824
-832
-515
-154
-171
-563
-917
-938
-669
-469
-508
-739
-852
-674
-639
-1035
-1230
-199
1362
1707
167
-1606
-949
1475
3139
2700
778
-155
464
1595
2460
2408
1864
1031
372
647
1365
1859
1466
397
-179
86
552
520
90
-269
-382
-322
-248
-338
-600
-789
-705
-351
-118
-332
-696
-794
-529
-58
368
371
-154
-546
-233
533
951
632
-12
-148
356
828
1020
765
418
168
211
748
980
820
179
-390
-194
198
395
102
-272
-440
-528
-441
-320
-244
-314
-564
-805
-736
-447
-292
-396
-561
-542
-396
-297
-395
-504
-373
-244
-289
-408
-513
-410
-261
-432
-614
-424
-94
-32
-360
-729
-724
-350
18
-95
-521
-789
-772
-521
-274
-270
-558
-800
-852
-771
-530
-507
-570
-643
-865
-1014
-1358
-882
798
1820
1186
-913
-1920
67
2629
3514
2089
21
-281
635
2014
2822
2463
1533
383
158
864
1835
2156
1230
56
-347
164
651
514
-24
-313
-375
-316
-148
-365
-588
-797
-756
-380
-138
-209
-665
-811
-554
-167
156
31
-319
-314
165
580
609
232
-168
-47
489
974
1091
736
163
-88
288
973
1190
635
-148
-500
-149
449
520
107
-252
-425
-446
-369
-333
-277
-236
-454
-754
-760
-524
-296
-251
-374
-447
-418
-440
-509
-470
-311
-217
-315
-454
-463
-377
-359
-464
-537
-440
-240
-182
-383
-651
-666
-373
-108
-168
-471
-629
-567
-475
-514
-547
-536
-549
-533
-722
-886
-768
-394
-241
-766
-1423
-1460
-15
1776
1812
-24
-1991
-1287
1553
3442
2940
668
-667
-39
1437
2776
2871
1944
717
85
666
1696
2184
1541
416
-227
20
705
777
215
-256
-269
-144
-181
-350
-557
-695
-643
-372
-121
-176
-576
-851
-566
-23
276
127
-371
-652
-235
501
894
609
-127
-457
95
909
1264
952
184
-341
-79
709
1270
1007
125
-528
-422
196
565
290
-194
-455
-471
-301
-207
-306
-347
-356
-514
-600
-516
-402
-323
-391
-485
-384
-303
-452
-620
-480
-125
-109
-463
-680
-609
-336
-154
-270
-423
-470
-446
-315
-255
-386
-514
-430
-188
-308
-571
-558
-551
-578
-578
-546
-502
-460
-689
-876
-674
-537
-367
-453
-773
-1228
-1417
-153
1413
1735
363
-1524
-1166
1087
2829
2746
1113
-45
61
1030
2296
2617
2035
991
123
469
1345
1848
1572
635
-83
-42
516
658
320
-20
-237
-206
-136
-166
-314
-603
-717
-426
-76
-71
-486
-857
-620
-127
209
269
-190
-578
-203
416
668
451
-41
-197
230
786
1001
759
276
-90
6
594
1132
1001
221
-525
-539
76
542
372
-166
-532
-575
-504
-433
-301
-171
-256
-571
-795
-705
-464
-359
-411
-440
-398
-412
-514
-545
-390
-188
-181
-379
-533
-467
-316
-325
-474
-486
-280
-127
-266
-564
-653
-382
-34
-1
-292
-596
-702
-624
-408
-261
-356
-548
-680
-707
-626
-444
-295
-312
-569
-968
-1255
-844
550
1598
1098
-649
-1617
-113
2161
2958
1788
107
-151
676
1820
2476
2095
1371
558
272
860
1602
1855
1112
154
-94
274
753
654
123
-249
-326
-205
-122
-270
-443
-560
-575
-329
-181
-336
-516
-527
-312
-7
189
55
-363
-423
83
566
656
299
-147
-72
418
813
851
574
223
-14
139
696
1013
693
-36
-568
-348
243
414
109
-331
-611
-617
-505
-372
-246
-285
-515
-719
-655
-390
-254
-353
-482
-461
-362
-363
-457
-488
-428
-362
-351
-384
-408
-403
-417
-489
-494
-332
-109
-98
-390
-695
-635
-214
52
-92
-399
-559
-612
-512
-261
-213
-311
-541
-706
-709
-503
-184
-248
-366
-630
-884
-862
-631
434
1381
1009
-416
-1352
-138
1812
2577
1806
333
-103
519
1475
2117
2018
1452
635
259
616
1360
1708
1148
300
-93
134
476
483
186
-131
-230
-148
-94
-228
-412
-513
-498
-343
-183
-241
-447
-519
-375
-77
192
98
-298
-389
21
398
378
146
-3
80
309
485
595
646
428
46
26
424
696
547
154
-185
-238
-43
67
-56
-220
-308
-398
-480
-445
-318
-274
-432
-652
-677
-490
-339
-360
-441
-464
-461
-476
-438
-291
-166
-253
-502
-635
-495
-272
-247
-415
-504
-353
-156
-186
-401
-515
-367
-146
-118
-277
-438
-441
-332
-252
-263
-310
-360
-371
-382
-420
-411
-436
-384
-309
-455
-725
-856
-230
865
1167
306
-890
-761
808
2099
2058
865
20
209
966
1767
1965
1657
948
345
408
980
1543
1365
658
82
53
399
555
376
111
11
-36
-164
-283
-298
-284
-300
-259
-220
-306
-465
-492
-313
-59
84
-18
-271
-351
-88
253
339
209
117
178
285
350
417
503
462
238
73
215
542
652
320
-161
-297
-35
185
98
-140
-318
-405
-445
-476
-438
-283
-194
-384
-662
-656
-403
-246
-311
-421
-424
-385
-406
-418
-338
-249
-285
-431
-502
-435
-388
-431
-462
-359
-154
-114
-359
-603
-561
-261
26
14
-266
-516
-530
-361
-192
-147
-242
-410
-544
-537
-359
-160
-159
-371
-588
-681
-620
-253
446
955
612
-370
-803
76
1502
2048
1348
358
60
546
1306
1801
1742
1203
553
292
645
1214
1364
936
326
20
144
367
351
166
27
-54
-158
-272
-314
-258
-200
-233
-303
-344
-377
-404
-332
-184
-83
-73
-125
-134
-2
163
211
135
15
28
228
394
382
307
297
274
177
166
306
429
388
109
-198
-211
-17
122
83
-128
-335
-381
-355
-350
-313
-241
-249
-414
-572
-540
-339
-232
-331
-436
-437
-367
-332
-309
-288
-276
-302
-413
-410
-374
-378
-363
-369
-275
-191
-239
-386
-485
-392
-194
-84
-181
-350
-396
-313
-239
-211
-239
-304
-323
-320
-361
-366
-193
-44
-106
-390
-648
-444
217
868
796
55
-514
-242
810
1597
1453
720
155
227
777
1359
1530
1164
595
309
486
916
1102
836
426
185
221
387
416
210
22
-55
-65
-34
-123
-215
-260
-241
-175
-178
-199
-290
-337
-257
-128
2
13
-81
-114
-21
115
184
160
135
160
215
280
299
319
341
265
135
76
169
345
344
69
-240
-291
-76
109
76
-89
-265
-350
-343
-284
-136
-35
-150
-395
-544
-418
-159
-86
-222
-382
-445
-360
-238
-214
-295
-408
-426
-347
-305
-371
-461
-447
-350
-241
-201
-313
-470
-456
-316
-192
-161
-287
-398
-417
-368
-280
-242
-219
-263
-295
-244
-243
-185
-109
-109
-141
-232
-258
-87
284
603
479
99
-90
189
807
1126
945
545
324
483
763
1029
1089
853
535
330
426
685
792
578
216
31
94
243
239
124
21
-52
-90
-143
-136
-95
-108
-116
-144
-137
-134
-183
-110
-6
78
54
-78
-64
33
167
217
131
96
65
116
214
285
348
249
144
103
133
224
211
183
75
-79
-172
-197
-65
7
-38
-178
-314
-341
-305
-166
-73
-91
-212
-416
-483
-349
-145
-70
-185
-388
-501
-429
-286
-209
-299
-465
-535
-495
-358
-263
-306
-431
-548
-492
-311
-168
-203
-425
-561
-479
-254
-109
-183
-333
-426
-385
-257
-138
-74
-146
-277
-325
-191
19
87
-16
-100
32
344
548
432
207
217
560
904
913
679
449
446
629
814
916
816
572
350
293
470
657
641
409
115
21
120
236
229
90
-21
-77
-92
-63
-24
-7
-89
-175
-132
-5
57
-43
-119
-38
94
143
71
46
120
190
194
127
128
179
195
191
177
199
182
120
71
60
99
85
9
-66
-119
-123
-155
-205
-213
-180
-158
-231
-302
-285
-238
-209
-210
-210
-228
-278
-340
-343
-249
-174
-213
-355
-450
-411
-323
-265
-316
-383
-395
-411
-422
-413
-353
-292
-299
-349
-394
-379
-333
-311
-310
-285
-240
-242
-280
-326
-299
-198
-135
-107
-104
-90
-106
-152
-71
163
430
494
295
83
134
483
864
968
739
424
315
478
759
952
916
631
295
192
393
670
716
463
136
6
121
294
325
174
-40
-164
-144
-48
18
-12
-112
-207
-221
-135
-6
70
47
-27
-71
3
133
242
236
113
29
56
226
364
336
205
62
48
122
211
241
171
46
-82
-136
-99
-40
-46
-135
-244
-298
-265
-203
-180
-220
-290
-321
-290
-219
-203
-260
-306
-282
-220
-222
-288
-334
-319
-258
-229
-239
-260
-273
-286
-313
-330
-314
-276
-261
-306
-376
-407
-364
-327
-344
-366
-358
-331
-342
-350
-303
-239
-220
-264
-291
-233
-115
-22
-12
-47
-58
-9
88
215
344
411
375
291
296
463
699
804
691
491
412
519
692
758
657
488
382
389
420
426
393
329
254
167
139
161
165
109
7
-30
8
46
24
-36
-49
4
56
40
-12
-12
82
198
237
176
91
78
158
275
348
295
148
41
77
201
275
209
53
-59
-57
10
45
-4
-123
-232
-251
-210
-201
-244
-298
-340
-374
-379
-343
-293
-288
-344
-387
-351
-291
-292
-320
-290
-227
-221
-284
-336
-317
-252
-195
-187
-235
-311
-348
-329
-305
-314
-325
-304
-293
-354
-446
-460
-373
-282
-271
-315
-349
-343
-313
-262
-188
-117
-98
-131
-131
-43
86
163
187
233
309
340
322
363
531
709
721
577
470
538
704
794
747
637
555
530
546
579
588
529
410
307
297
359
377
283
134
54
86
159
166
81
-22
-67
-33
33
75
60
-9
-77
-78
0
82
81
5
-62
-56
0
43
39
0
-38
-58
-58
-34
-8
-27
-79
-127
-145
-156
-173
-187
-189
-204
-248
-298
-322
-317
-312
-317
-332
-335
-322
-319
-351
-382
-356
-293
-257
-269
-294
-310
-319
-305
-252
-194
-200
-287
-380
-390
-314
-235
-224
-288
-365
-392
-352
-296
-262
-240
-222
-227
-262
-266
-187
-72
-18
-42
-62
-20
60
125
173
226
280
318
348
383
430
483
538
590
618
617
587
559
565
618
678
677
586
461
403
446
521
525
426
293
206
188
210
242
246
186
63
-42
-41
53
130
106
19
-40
-24
30
65
54
20
0
12
40
51
18
-37
-70
-59
-27
-16
-38
-77
-125
-165
-162
-114
-88
-143
-229
-260
-224
-197
-213
-239
-266
-306
-346
-327
-251
-204
-245
-322
-342
-289
-230
-218
-243
-258
-249
-234
-239
-254
-268
-274
-272
-262
-252
-262
-292
-316
-302
-247
-190
-185
-250
-320
-296
-171
-59
-60
-149
-212
-199
-138
-60
28
99
99
18
-49
9
188
347
365
266
181
192
287
393
461
447
359
264
260
370
502
531
449
354
338
383
415
408
402
408
375
277
185
181
245
278
237
163
109
82
87
131
188
190
112
20
1
61
125
126
56
-31
-74
-46
7
23
-22
-82
-108
-95
-79
-83
-103
-129
-156
-178
-194
-202
-204
-199
-199
-226
-260
-255
-209
-173
-187
-221
-226
-208
-194
-191
-180
-175
-203
-247
-250
-199
-153
-165
-209
-227
-206
-176
-165
-176
-191
-192
-182
-196
-221
-221
-191
-175
-198
-212
-175
-122
-116
-137
-111
-36
2
-21
-36
5
66
85
71
69
88
103
97
97
128
165
174
163
171
203
231
227
203
199
237
287
290
251
231
255
287
285
264
268
295
304
280
251
240
239
238
243
243
226
185
154
152
166
176
171
149
123
115
128
134
109
71
45
26
11
-2
-13
-25
-54
-98
-130
-110
-58
-39
-87
-159
-182
-140
-90
-101
-162
-212
-214
-195
-197
-216
-233
-236
-226
-209
-202
-207
-208
-193
-172
-168
-182
-188
-163
-144
-165
-200
-204
-184
-169
-155
-126
-106
-121
-159
-167
-133
-81
-53
-56
-92
-138
-160
-130
-75
-39
-36
-51
-60
-46
-5
42
65
57
41
39
59
88
117
140
141
115
91
111
174
228
224
186
173
213
261
266
227
176
150
166
201
214
188
144
107
96
123
170
187
155
111
104
138
162
145
113
107
113
101
82
95
130
128
79
36
48
85
92
60
21
-3
-20
-36
-48
-57
-68
-87
-100
-98
-91
-104
-137
-146
-104
-42
-28
-79
-145
-166
-131
-76
-56
-93
-160
-210
-210
-171
-137
-143
-177
-189
-176
-167
-175
-171
-147
-124
-131
-152
-150
-115
-75
-57
-62
-67
-63
-55
-47
-30
-4
18
3
-55
-101
-78
-9
27
-9
-67
-83
-41
29
78
89
67
47
56
96
134
146
125
94
78
84
97
102
98
97
113
139
144
122
109
135
173
179
153
130
121
110
98
93
86
71
64
78
91
77
55
67
103
121
106
89
83
74
56
57
79
88
60
14
-13
-8
19
37
21
-24
-69
-79
-51
-25
-41
-81
-103
-97
-73
-44
-31
-51
-92
-94
-45
-7
-36
-103
-136
-115
-89
-100
-133
-152
-150
-146
-149
-141
-110
-78
-78
-103
-107
-63
-8
0
-50
-102
-96
-44
-11
-49
-122
-162
-134
-65
-12
-15
-65
-96
-64
-8
24
17
-8
-25
-1
53
76
42
-9
-7
46
86
55
-10
-25
24
72
75
59
52
55
67
93
123
125
95
78
106
158
190
183
152
132
140
168
185
173
130
79
59
87
132
153
123
66
31
61
120
130
80
40
56
87
81
39
-2
-30
-55
-74
-91
-112
-126
-114
-97
-108
-130
-108
-46
-6
-27
-59
-56
-40
-59
-87
-77
-52
-63
-106
-130
-118
-98
-102
-113
-102
-80
-88
-120
-120
-76
-37
-50
-92
-112
-97
-78
-72
-68
-61
-48
-44
-43
-29
-19
-15
-41
-65
-51
-19
7
-12
-36
-21
27
59
44
30
46
80
99
88
53
35
48
67
68
62
57
42
17
6
26
66
87
69
32
23
53
94
109
81
26
-9
4
55
97
91
57
47
68
93
106
113
110
91
62
53
73
99
90
49
8
-8
-2
21
53
65
38
5
17
59
76
42
0
-2
20
12
-38
-79
-87
-71
-71
-82
-80
-74
-76
-69
-44
-15
3
-10
-38
-39
-15
16
8
-58
-107
-78
-21
8
-7
-56
-76
-36
7
-1
-54
-91
-85
-70
-71
-81
-93
-99
-105
-109
-107
-82
-52
-57
-68
-23
32
38
7
-20
-10
6
-14
-41
-44
-44
-40
-20
11
30
11
-27
-10
62
89
32
-18
9
81
118
99
61
62
101
130
124
92
68
79
100
111
108
79
49
38
21
1
-2
2
21
31
20
26
62
95
109
95
65
71
95
84
44
8
-18
-23
-2
11
-21
-87
-123
-107
-62
-22
-22
-58
-81
-56
0
44
38
-29
-82
-51
11
28
-8
-64
-85
-67
-67
-86
-98
-93
-88
-98
-90
-49
-30
-50
-67
-54
-29
-17
-28
-48
-44
-6
29
17
-18
-44
-38
-13
12
26
24
-9
-57
-56
16
87
73
-2
-38
-5
31
33
3
-15
3
14
-9
-27
-8
36
56
26
2
30
80
93
71
71
98
99
65
39
55
82
80
42
17
39
85
100
83
69
71
68
46
28
42
73
79
48
15
11
24
33
29
11
0
-1
0
7
17
12
-21
-67
-74
-34
-21
-50
-72
-77
-62
-26
-11
-9
5
1
-15
-23
-34
-30
-24
-60
-110
-118
-95
-57
-43
-63
-73
-54
-35
-29
-37
-41
-21
-18
-40
-46
-36
-35
-55
-81
-94
-93
-61
-26
-42
-93
-110
-51
18
14
-26
-35
-20
24
69
71
54
25
-1
36
109
125
80
15
-6
38
62
38
12
-3
21
71
85
87
96
91
79
66
53
65
62
28
1
-5
-3
15
44
63
62
36
24
48
91
99
35
7
36
64
80
55
15
-6
-5
8
43
67
32
-2
16
63
85
47
-21
-49
-33
-19
-26
-56
-78
-68
-55
-54
-28
11
5
-53
-94
-67
-15
-10
-68
-126
-134
-97
-36
-44
-87
-91
-91
-79
-44
-18
-9
-19
-43
-32
-3
-8
-29
-55
-65
-41
-22
-18
-35
-51
-30
-23
-49
-47
0
4
-30
-49
-44
-33
-43
-31
-15
8
31
39
65
77
78
58
28
53
118
98
21
19
42
50
40
36
33
18
27
49
84
89
66
71
92
108
107
68
28
57
74
43
-3
-21
48
73
13
-16
6
37
28
-4
-4
30
48
38
13
5
47
73
27
-17
-7
-5
-39
-40
17
37
-16
-62
-53
1
36
-7
-61
-74
-69
-38
-27
-53
-52
-61
-92
-70
-31
-51
-90
-76
-36
-30
-30
-7
-1
-27
-61
-60
-34
-39
-42
-19
-16
-31
-40
-49
-44
-5
36
22
-19
2
40
22
11
31
26
-2
-11
10
24
14
-5
-19
-24
-9
29
37
-15
-37
0
14
16
34
36
27
24
45
71
38
-7
-7
-3
0
24
34
20
4
31
95
109
65
34
8
5
59
75
-5
-47
3
26
3
3
7
-12
-34
-27
13
34
18
6
9
28
60
60
15
-13
6
26
7
-21
5
18
-33
-34
26
22
-35
-64
-52
-30
-5
-4
-37
-25
4
37
32
17
11
18
-3
-24
-10
-31
-32
-31
-52
-64
-58
-38
-51
-68
-89
-40
-1
-1
1
17
31
40
28
-4
-16
-1
-19
-44
-40
-28
-18
-8
17
54
56
32
21
46
77
71
26
-5
16
28
36
4
-37
-28
9
-14
-22
20
25
-23
-32
2
22
22
-1
-15
8
12
-1
-24
-19
22
7
-35
-37
3
-13
-10
-6
-17
-20
10
17
26
36
12
1
4
22
28
21
2
25
29
11
41
50
33
17
26
20
37
22
-36
-42
-3
13
-28
-50
-57
-54
-30
-8
-4
-31
-42
-2
42
33
-16
8
21
29
34
17
2
-12
-26
-42
-34
-44
-45
-73
-74
-27
-19
-24
-19
-5
5
12
22
48
51
21
-10
-9
14
25
-13
-34
4
13
-14
-13
-8
-6
17
29
19
19
40
66
63
46
54
56
39
51
49
6
4
43
34
-21
-35
7
35
17
8
5
-9
14
16
-3
9
22
-11
-28
-25
-2
12
-13
-29
-13
19
1
22
36
40
40
8
-2
4
24
20
0
-12
12
13
-2
11
32
23
1
-3
-15
-8
27
-5
-54
-25
-19
-52
-32
-12
-28
-29
-7
7
-6
-13
20
25
-12
-4
11
-28
-46
-23
-38
-76
-55
-16
-45
-79
-27
16
-11
-28
-33
-38
-13
3
-29
-60
-27
1
-20
-48
-3
17
-15
-48
-13
20
12
-2
11
22
9
1
-5
14
5
-2
-2
-1
2
32
37
12
48
76
48
42
82
74
44
32
37
33
18
7
11
34
30
26
25
7
28
48
18
8
50
46
26
51
52
26
18
7
-13
10
13
-19
-12
0
16
24
3
-1
16
11
6
15
-7
-15
1
-11
-29
11
25
-21
-25
11
28
0
-7
7
-25
-21
29
28
-32
-33
0
-13
-24
-12
-38
-75
-26
-9
-51
-46
-35
-62
-91
-53
-23
-79
-111
-56
-9
-25
-35
-22
-33
-25
22
6
-34
2
18
-17
1
50
48
-9
-17
41
36
-16
-4
12
-10
-14
12
10
-12
22
42
-5
-3
32
6
-22
1
36
22
-14
13
24
-20
-4
35
2
-43
-14
39
31
25
78
77
35
76
123
89
53
75
63
-1
19
65
18
-18
18
18
-17
-1
23
25
-5
3
41
15
7
38
21
-12
3
24
0
-23
-14
0
-17
-22
17
11
-33
-4
31
-14
-20
16
-14
-35
8
23
-2
-16
0
-17
-43
-15
3
-52
-72
-26
-21
-30
-23
-32
-53
-32
-17
-24
-34
-41
-45
-39
-29
0
15
-27
-37
17
32
2
-5
1
-10
-15
-3
18
16
17
17
1
16
59
47
-21
-2
26
-2
-38
-7
-8
-58
-46
-10
-27
-31
4
-14
-50
5
39
13
-15
29
26
-10
19
54
12
-30
6
5
-14
12
21
-31
-47
21
22
-1
15
41
17
20
68
60
18
22
46
8
1
18
3
-18
-9
-2
-4
3
2
-8
2
24
33
27
23
19
18
10
8
19
20
6
-9
1
24
15
-10
-6
12
0
-3
26
40
21
8
38
46
3
8
31
-8
-29
-19
2
-2
-1
-37
-29
-1
-3
-11
-6
5
-2
0
-1
13
24
5
-20
1
31
17
-23
-38
-10
-24
-61
-29
-3
-51
-58
-7
0
-16
-9
8
-11
-5
42
25
-6
13
22
-8
-28
-12
-29
-66
-56
-26
-43
-55
-24
-5
-22
-25
10
15
-1
11
35
32
13
30
35
-3
-3
26
10
-24
-8
1
-20
-19
15
25
2
17
51
32
10
41
41
-6
-5
34
7
-40
1
19
-22
-18
23
-17
-41
35
19
-22
4
46
27
15
28
24
20
7
2
9
26
11
1
-5
-2
16
2
-21
-3
26
-5
-14
17
30
13
3
3
16
21
1
-10
-18
-13
3
-25
-48
-9
-3
-35
-18
1
-2
0
-5
5
28
31
20
23
30
27
16
7
-4
-2
-6
-21
-30
-13
-2
-32
-38
-15
-3
-21
1
7
5
19
20
16
22
21
-2
19
20
-1
-3
17
-1
-29
5
5
-36
-28
27
8
-22
17
41
3
-3
43
33
-4
28
53
5
-11
41
29
-25
-4
29
-19
-48
1
12
-47
-50
10
-5
-57
-21
16
-34
-43
14
-3
-51
-6
18
-48
-49
29
6
-68
-24
38
-24
-55
19
23
-46
-26
31
0
-30
20
24
-34
-10
47
6
-32
13
30
-12
-15
18
10
-22
-13
13
-4
-18
12
17
-22
-11
35
11
-31
15
51
-3
-6
64
49
-8
28
57
11
6
44
28
7
40
47
11
20
56
27
-9
30
58
6
-6
46
36
-1
25
32
-1
20
39
-8
-14
34
14
-31
-1
19
-3
-16
-7
17
11
-22
6
25
-19
4
46
-2
-18
36
18
-41
-17
24
-23
-64
-17
-1
-52
-39
0
-40
-48
11
-5
-58
-14
31
-11
-41
-6
13
-16
-32
-17
-17
-37
-36
-27
-47
-52
-24
-30
-51
-16
8
-35
-43
9
21
-12
-8
18
7
4
30
12
-22
6
27
-15
-24
12
2
-32
-21
11
4
-13
-3
15
11
3
19
33
19
21
43
26
6
44
53
-3
7
53
10
-21
33
39
-9
13
55
26
8
51
57
22
41
68
38
26
56
53
21
31
43
7
-11
15
10
-21
-14
1
-11
-22
-16
-6
-10
-24
-17
-4
-17
-12
4
-19
-28
0
-4
-31
-19
4
-7
-20
-14
-4
-15
-32
-26
-10
-20
-34
-17
-5
-23
-22
-5
-13
-15
-2
-14
-24
-5
-1
-30
-34
-5
-6
-38
-30
-7
-14
-23
-11
-1
-5
-6
0
-4
-5
14
14
-7
-2
18
13
-4
4
23
18
5
5
12
11
3
0
3
2
6
14
1
-10
8
20
-3
-7
19
13
-8
6
24
9
4
19
16
5
8
14
4
-1
17
29
0
-14
19
21
-11
4
29
5
-3
26
18
0
19
26
3
5
24
22
7
7
22
12
-8
8
16
-6
0
16
-7
-14
13
6
-19
3
24
-1
-5
25
18
-1
14
21
4
8
22
4
-8
12
13
-8
-4
8
2
-2
0
4
11
4
-7
7
9
-12
-6
12
-6
-17
5
-4
-33
-12
12
-21
-31
9
1
-33
-6
18
-18
-29
7
1
-27
-8
8
-26
-26
9
-6
-32
-6
5
-23
-20
0
-12
-24
-9
-4
-17
-17
-7
-2
-3
-1
1
0
-6
1
14
7
-7
9
23
5
-4
23
18
-9
10
34
9
-4
23
24
-5
2
24
7
-15
5
22
2
-2
25
17
-8
-1
16
5
-11
1
16
0
-8
15
22
0
-2
21
23
7
18
31
8
2
31
28
-5
3
32
17
-12
-2
12
-11
-25
0
9
-15
-21
2
0
-17
-3
7
-13
-13
5
-11
-18
8
6
-19
-14
0
-5
-6
3
-6
-7
5
-7
-22
9
19
-12
-15
7
7
-1
2
1
-10
-2
11
-6
-23
3
13
-17
-16
14
6
-14
5
19
6
10
26
17
3
15
24
4
0
29
17
-21
-5
23
-2
-20
9
9
-18
7
31
-2
-5
37
25
-8
24
52
6
-22
19
30
-9
-9
15
-2
-25
-7
18
-3
-18
19
22
-23
-4
36
-1
-37
8
23
-25
-24
22
2
-41
-5
18
-29
-31
18
-2
-41
-4
22
-24
-34
10
0
-36
-8
14
-16
-20
13
7
-16
-4
12
-4
-18
-2
1
-18
-17
-4
-12
-25
-14
0
-6
-12
0
4
-8
-5
22
24
-4
6
29
12
0
25
25
0
14
40
14
1
34
32
-1
14
43
19
-2
16
20
-1
4
20
-1
-13
20
29
0
6
40
26
2
24
31
0
5
29
12
-4
21
18
-14
5
35
8
-14
19
30
-1
-6
15
7
-9
10
11
-20
-18
4
-12
-25
-10
-10
-23
-20
-12
-6
-12
-23
-17
-5
-14
-24
-13
-7
-20
-19
-9
-28
-31
-3
-11
-32
-15
-8
-25
-25
-15
-22
-32
-25
-18
-24
-22
-14
-19
-15
-6
-11
-14
-1
-7
-12
2
7
-2
-2
7
4
1
15
20
5
7
22
20
12
21
26
18
17
22
24
15
14
22
22
12
15
21
16
14
17
21
20
16
21
26
23
22
26
26
20
24
29
17
13
24
19
11
15
15
8
10
15
8
0
7
10
-1
0
0
-3
-1
-2
-9
-8
-2
-3
-11
-10
-3
-6
-11
-11
-10
-11
-12
-16
-14
-13
-20
-17
-7
-21
-26
-4
-8
-32
-14
3
-20
-24
-2
-2
-19
-12
0
-9
-13
2
-2
-13
-1
3
-3
-5
-3
3
2
-4
-3
5
3
-3
3
8
0
2
11
6
0
6
3
0
2
1
4
6
1
-1
6
6
-7
4
22
10
6
29
28
9
21
30
14
14
27
17
4
14
19
5
1
12
12
4
2
5
6
1
-3
2
4
0
3
8
6
6
13
10
3
4
5
-3
-5
-4
-8
-5
-1
-9
-8
6
2
-8
5
13
1
0
16
6
-5
10
14
-8
-6
10
-5
-22
-5
-1
-18
-19
-5
-8
-16
-7
-2
-7
-8
1
5
-4
0
11
6
-4
5
11
-2
-4
9
7
-4
1
8
0
