2
-3
-2
-7
-4
-2
0
2
-2
-1
-4
-3
-3
0
0
-1
-1
-4
-3
-3
0
-1
1
-3
-1
-2
-5
-1
-4
-3
-1
-7
-7
-5
-2
3
4
1
-1
-2
-3
2
0
-4
-1
-1
3
9
6
-2
-1
-8
-10
-2
-7
-2
5
0
5
-1
-4
-2
0
3
2
2
-5
0
-1
-1
4
-2
5
1
4
1
1
4
4
8
6
5
3
4
3
5
4
5
7
2
6
-2
2
-1
0
6
-2
7
-1
2
2
6
5
11
0
5
4
5
8
3
5
1
13
3
8
-8
-7
6
10
27
12
5
-1
6
16
14
20
3
-7
-2
13
6
-8
16
-2
13
1
-7
-1
-5
6
-14
-4
1
3
13
3
7
1
8
-3
8
1
2
13
-3
6
-2
-7
16
8
13
0
4
5
8
0
-11
9
-18
-2
1
-4
24
-3
2
-7
-6
-10
-14
14
11
17
11
-1
-6
-5
-3
-4
10
6
2
10
0
0
-5
-2
-8
-1
16
-1
2
-20
-1
8
4
-1
-4
-6
-2
-2
-23
-10
2
12
3
-12
5
-15
-11
19
-1
13
-8
4
-3
-9
7
-32
3
10
10
24
5
-17
-6
-3
10
8
-23
6
-13
10
15
-1
-23
9
6
-22
0
2
-2
16
3
-5
30
-4
2
-12
12
1
15
8
-6
-9
4
17
4
1
-8
-5
-12
0
11
5
16
-1
-21
32
7
20
-12
0
-1
8
26
-1
4
-8
8
7
30
-15
-8
-11
3
12
19
16
-11
-13
4
-7
20
13
6
-12
-7
-1
-9
25
-26
-1
8
0
13
4
10
3
11
0
-5
16
-37
7
18
-2
13
-32
18
-2
14
-5
3
-15
-11
7
-11
23
-10
-7
9
2
-14
0
-9
-26
16
25
-7
14
-22
-4
16
-3
17
-11
-2
3
-17
30
22
-5
-17
-17
-27
-5
24
22
-10
13
-8
6
17
-41
-2
30
-1
17
-33
25
-2
-6
30
-40
59
-41
6
-10
-9
34
-30
29
-33
39
11
-29
0
-1
18
-2
11
-12
-5
-9
-5
6
5
25
-3
3
10
-25
11
31
-1
-2
0
-3
-14
13
-25
-5
31
-11
2
-9
11
-9
-26
-4
10
37
-12
5
-7
18
31
-44
31
-25
35
22
-42
28
-51
28
7
13
6
-30
31
-14
44
-3
7
39
-8
34
-29
0
-6
-3
-2
10
6
5
-10
-41
33
1
-1
-26
16
-2
4
2
-7
29
-4
-12
13
-1
7
-4
-12
-7
15
9
20
-19
-70
-6
-4
-8
35
-7
-2
27
-9
39
-32
-1
5
-4
-9
-9
3
-18
51
5
-1
23
-11
-27
41
15
-3
14
-29
-2
26
-35
4
-5
34
-43
29
-2
-49
51
-44
38
7
-21
0
-64
26
-4
43
10
-34
30
-32
90
9
-21
-7
-41
19
-1
58
-14
-16
18
-39
6
-39
29
-9
0
-30
-9
42
-46
66
-6
10
17
-25
13
-49
21
-14
29
20
-19
31
-55
-14
39
-49
58
-47
15
30
24
3
-20
55
-54
56
-22
-35
51
-57
31
15
3
29
-28
23
-57
55
-51
23
28
-35
45
-34
-21
1
10
11
25
-12
-4
19
27
-23
4
-15
4
1
-27
25
-2
26
-43
0
-20
36
0
-5
43
-42
42
-1
-2
-3
-25
8
2
51
-56
10
-21
-10
53
-17
22
-8
8
-63
46
-48
36
-5
-8
30
-28
27
-41
42
-31
30
14
-20
15
-55
38
6
3
28
-20
-12
56
-43
71
9
-17
50
-10
41
-62
49
-69
70
12
-41
37
-35
28
13
-42
-16
67
-46
13
12
-44
58
-11
-21
39
-17
-24
38
-7
3
27
-36
21
6
34
-17
12
-36
53
-20
-12
64
-65
93
-56
-8
66
-38
27
-29
26
-27
18
-30
-22
56
-8
51
17
-16
-33
2
-6
22
13
10
-26
-23
17
30
11
3
-37
-7
-7
57
23
-4
22
-55
9
27
-23
43
-39
19
24
-27
14
-41
19
-36
64
-60
12
7
-80
87
-49
38
63
-62
30
-39
60
-70
82
-52
-28
25
-114
57
23
2
20
-24
-59
36
8
-38
34
-40
13
35
0
-12
31
-72
9
50
-37
64
-16
-20
26
-8
-71
53
-23
5
28
-24
18
-4
-20
12
52
-20
30
23
-71
66
-1
-36
5
-23
-12
99
0
-43
64
-80
71
-12
-45
49
-59
42
-31
20
-22
20
-17
-49
94
-79
82
-1
-65
80
-45
-3
34
16
-5
-14
-39
74
22
-37
80
-37
18
56
-14
-2
2
-3
33
22
-49
20
-6
9
25
14
22
-19
-13
-59
67
27
-21
16
-90
40
15
-8
52
-29
9
-26
-8
45
31
-1
-67
44
29
6
-11
-60
26
21
23
11
-39
44
-21
29
37
-40
43
-75
54
-52
52
-41
-17
35
-31
6
48
-45
-5
2
30
-7
27
-26
-15
54
-23
66
-35
-35
-3
-20
-33
82
-39
74
-56
-16
97
-92
87
-118
129
-109
41
-43
-28
63
-72
93
-118
86
-92
122
-85
23
-46
-46
45
-50
144
-121
54
-2
-21
31
-39
6
-81
73
0
-28
105
-111
48
-6
15
33
-29
-7
-29
80
-98
76
-26
-26
98
-53
-25
29
-43
8
43
-34
41
14
-25
-63
56
-57
35
74
-115
114
-67
-66
50
-18
32
-13
-7
-3
-6
72
-2
-33
17
-73
184
-162
158
-27
-123
206
-194
144
-22
71
-86
24
19
-92
128
-147
95
-56
-7
-3
-57
116
-161
152
-65
37
95
-156
271
-185
109
31
-188
212
-187
117
-45
-48
138
-165
144
-84
69
-9
-55
74
-118
119
-111
74
-24
5
6
18
18
-98
74
-47
68
-42
39
-2
48
17
-49
23
-152
90
-13
138
-62
12
13
-35
67
17
-30
-12
-59
66
6
-3
-27
22
9
-74
40
-21
61
-56
59
-32
2
-43
-52
67
-58
98
-91
44
-22
-57
149
-143
29
69
-56
47
-6
-14
64
-35
17
-103
109
-63
-32
122
-117
121
-97
-30
110
-108
143
-65
-2
22
16
-31
0
32
-72
162
-66
-32
-6
10
-35
145
-102
70
-137
1
48
17
79
-78
39
-49
84
-27
27
0
46
4
-37
-50
74
12
-30
74
-104
17
66
-108
107
-66
83
-94
104
-30
-12
49
-124
137
-46
42
11
-162
188
-147
156
15
-100
68
-80
74
-30
169
-211
138
-148
14
106
-71
41
-90
47
-12
53
-60
8
25
21
-25
51
-67
126
-115
-16
148
-113
144
-175
73
10
34
6
-44
10
-14
25
-8
-35
50
-84
38
14
-114
204
-199
85
-41
18
-43
-29
51
-110
199
-112
45
-30
-34
10
16
55
-9
-17
29
-74
12
14
-24
91
-157
115
-121
83
20
-69
96
-65
18
54
-58
15
20
-125
152
-127
177
-195
164
-63
-60
188
-176
101
-84
7
31
31
46
-10
-32
3
-35
26
105
-91
62
-45
49
-18
86
-68
-60
91
-161
209
-115
95
-59
-57
94
-71
100
-163
151
-94
19
162
-206
212
-154
-27
132
-57
85
-1
-53
75
1
67
-60
-49
32
-31
36
13
6
2
-28
77
-68
64
87
-142
73
44
-78
119
-7
-135
133
-115
55
-23
57
9
-32
67
-160
162
-33
-24
19
-102
116
-47
-21
112
-130
140
-188
104
41
-107
212
-211
103
-37
17
50
-73
130
-139
210
-246
153
30
-212
280
-240
-4
230
-270
235
-177
176
-184
91
4
-108
164
-185
157
-81
48
-53
3
10
38
-78
124
-146
98
-109
134
-161
97
13
-159
107
-44
48
-180
161
-184
105
17
9
-97
184
-203
52
120
-200
220
-176
138
-220
350
-260
66
123
-222
235
-120
-11
59
57
-281
357
-179
105
-63
63
-85
0
162
-259
307
-301
326
-269
240
-35
-179
247
-325
326
-108
-48
49
-38
-45
53
70
-111
95
-104
3
80
-74
89
-46
8
-88
188
-239
138
146
-453
500
-250
40
89
-88
-70
94
-57
-24
79
-87
25
-56
143
-187
248
-334
259
-224
150
45
-269
405
-330
220
-75
24
-73
91
43
-90
238
-208
143
-122
40
56
-51
210
-326
376
-347
151
154
-318
290
-191
52
-11
-57
71
-135
196
-145
-43
336
-565
585
-438
295
-27
-219
395
-488
419
-185
-13
85
-150
233
-280
365
-292
123
16
-169
350
-234
-3
157
-173
11
339
-512
493
-387
207
42
-198
291
-461
660
-697
553
-222
-233
614
-752
603
-286
-17
222
-231
263
-343
524
-642
690
-674
551
-235
-141
439
-535
561
-585
657
-657
598
-420
132
62
-144
274
-313
385
-497
567
-551
559
-459
235
8
-247
614
-903
981
-962
693
-307
56
184
-516
683
-793
925
-818
607
-360
122
120
-223
247
-255
163
-38
25
23
-33
-102
366
-640
818
-779
541
-359
46
301
-424
471
-546
548
-418
208
-15
-234
363
-376
413
-383
280
-147
-105
410
-654
669
-492
324
-137
53
14
8
4
-93
237
-296
230
-94
2
1
84
-219
269
-178
106
12
-53
16
79
-147
162
-62
-39
49
22
-139
145
36
-266
556
-711
567
-362
122
51
-154
237
-324
352
-238
37
159
-226
189
-82
-72
90
-54
-21
128
-268
371
-335
319
-350
280
-288
282
-290
311
-294
133
147
-439
411
-329
205
-101
108
-206
175
-83
40
20
9
19
-108
207
-290
395
-437
423
-274
130
143
-393
518
-496
371
-281
155
2
-96
120
-91
67
-88
55
34
-70
42
5
60
-158
222
-252
251
-168
87
57
-162
276
-266
241
-147
-16
224
-332
338
-301
211
-48
-63
4
127
-170
142
-47
-3
-36
90
-149
258
-114
-32
183
-281
341
-345
354
-382
360
-187
-108
356
-413
443
-419
291
-88
-26
63
-53
79
-58
6
29
-16
5
-45
81
-44
-20
68
-69
99
-122
196
-268
325
-280
183
-71
-42
147
-170
76
46
-140
104
4
-167
208
-118
22
0
65
-71
27
28
-84
75
-107
97
-51
87
-120
113
-104
165
-121
51
11
-38
67
31
-52
116
-126
69
-60
-17
174
-163
75
-102
252
-349
378
-256
82
7
-91
79
38
-71
67
-11
-79
97
-84
91
-134
143
-198
219
-126
16
-45
-34
65
-36
70
-119
142
-191
170
-125
136
-44
-92
146
-155
183
-42
44
-17
28
-6
18
-23
46
-133
158
-160
75
85
-98
74
-76
77
-100
158
-201
228
-177
188
-143
26
108
-242
295
-299
283
-168
-24
70
-18
-44
166
-210
133
-40
-8
44
30
15
-42
108
-144
72
-15
14
-58
107
-46
-97
169
-217
204
-159
178
-67
-60
-14
41
-10
-3
96
-118
86
-91
41
44
-75
38
-58
62
-129
110
-5
-125
313
-362
363
-314
216
-106
-3
88
-134
161
-149
134
-120
89
-71
-35
153
-186
82
-4
-3
-54
89
-81
15
25
12
-85
195
-263
186
-71
-39
74
-95
177
-354
447
-458
341
-172
60
15
-50
63
-45
43
4
-99
189
-230
284
-218
56
138
-284
351
-291
293
-229
183
-107
20
69
-116
125
37
-141
133
-129
153
-219
205
-114
32
52
-75
122
-96
118
-125
100
-75
19
-30
59
-73
140
-183
237
-345
389
-355
367
-220
54
-50
62
24
-92
204
-266
265
-292
334
-302
357
-339
262
-243
320
-278
192
-46
-24
144
-225
355
-418
406
-362
270
-140
102
51
-117
164
-170
136
18
-127
216
-278
251
-170
93
78
-179
190
-164
144
-99
195
-175
114
-38
15
99
-125
181
-212
216
-172
82
75
-256
281
-263
200
-149
85
-95
40
-16
-21
22
-31
54
-128
186
-245
268
-245
187
-119
13
70
-169
195
-222
138
-19
-91
188
-225
183
-96
19
7
-89
73
-122
135
-158
124
-97
95
-188
140
-107
45
2
-86
141
-232
224
-191
169
-137
140
-59
-133
170
-192
133
-30
38
-20
-38
16
-33
19
94
-147
180
-133
70
70
-89
159
-150
170
-206
108
-8
2
-13
-39
-44
166
-102
47
26
-104
91
-52
37
48
-51
35
17
-19
15
50
-7
-49
82
-64
-1
51
-43
94
-23
-6
5
33
-63
109
-99
84
18
1
124
-150
178
-84
40
24
-46
14
22
-70
98
-84
70
-111
110
-68
59
29
-47
103
-75
55
-36
114
-126
120
-164
108
-67
61
-51
29
3
-71
142
-217
222
-155
46
80
-89
140
-166
60
-12
11
-9
15
-49
40
-52
82
-24
5
93
-104
120
-152
88
-59
4
53
-101
67
-126
94
-74
124
-80
47
-62
50
-107
44
-35
5
10
4
-23
-12
-35
30
32
-69
104
-219
138
-118
86
-72
70
-113
51
-12
20
65
-68
50
-35
96
-116
78
-140
120
-107
120
22
-121
174
-214
223
-223
167
-111
93
-76
15
-34
49
-2
14
9
-132
128
-76
82
-44
79
-45
31
-44
77
-18
45
-48
31
-30
17
23
46
1
-6
32
25
-72
92
-18
-43
108
-76
128
-107
98
-100
124
-36
71
-10
-20
7
23
54
-83
64
-16
67
-57
25
-3
-11
32
-17
43
18
-39
42
-89
151
-132
92
-49
-62
108
-63
105
-31
-10
14
31
-52
79
-98
126
-131
93
-98
38
-34
-47
99
-123
51
-109
80
-61
120
-35
56
-131
102
-77
63
3
-31
117
-157
155
-121
72
-56
34
72
-96
23
-124
131
-98
70
9
-18
3
-99
126
-152
180
-141
9
-49
56
30
-110
163
-165
54
80
-107
83
-58
-22
49
-46
50
-61
50
-78
37
-51
116
-118
138
-83
-24
40
-123
134
-173
247
-245
212
-150
15
76
-84
153
-246
211
-241
250
-142
73
-6
-12
77
-202
149
-29
52
-7
8
56
-84
180
-162
80
48
-128
224
-185
124
-78
-27
142
-156
257
-212
147
-182
139
-44
-25
127
-249
218
-135
125
-110
99
-73
169
-223
181
-67
26
83
-72
62
-57
121
-151
217
-126
28
-11
23
-9
52
3
-112
121
-139
161
-158
127
-131
62
31
-31
58
-53
-3
-51
135
-37
38
-9
-65
105
-71
41
7
39
3
-63
93
-84
183
-190
145
-176
120
19
-75
126
-125
98
-82
81
-27
19
-37
0
20
-19
-9
-22
-42
61
-60
39
-12
-67
9
41
-103
67
-58
35
-31
-27
29
4
-70
-18
22
-43
7
66
-137
117
-114
34
84
-89
47
-40
8
-52
120
-167
164
-105
38
15
-33
37
-39
4
38
-89
106
-98
69
7
-10
-96
148
-119
61
37
-22
70
-49
3
0
71
-67
67
-111
11
62
-124
184
-142
101
-43
23
-29
57
-46
-26
141
-169
228
-254
272
-210
172
-59
-39
129
-138
226
-134
94
-76
15
41
-11
-51
123
-170
161
-65
30
44
-77
51
13
-3
72
-85
32
-11
-19
98
-4
-84
8
40
-82
148
-126
100
-114
124
-125
141
-32
-111
220
-152
76
47
-98
66
64
-73
135
-174
115
-70
155
-217
254
-241
184
-85
-37
60
-46
215
-285
322
-393
288
-143
27
28
-79
68
-41
41
28
-12
-78
81
-29
67
-58
17
-150
142
19
-222
206
-201
21
21
-45
24
42
-142
58
-9
26
-30
-127
81
-52
69
-75
19
29
-64
56
-54
62
53
-36
52
-44
-54
78
-99
134
28
-158
136
-144
145
-69
29
-24
50
16
-90
100
-132
142
-146
61
-13
64
32
-61
101
-131
126
-191
234
-190
160
-140
72
-33
100
-84
0
68
-123
212
-201
162
-156
171
-147
115
-15
-23
48
-105
2
42
-24
88
-38
-85
161
-181
45
19
-84
74
-44
54
57
-106
68
-74
67
-34
101
-65
-12
72
-50
45
-92
154
-103
137
-70
-1
-49
76
-168
258
-53
-98
191
-257
315
-282
159
-155
162
-83
49
-44
-43
-23
66
67
-149
218
-235
246
-267
269
-201
193
-121
58
88
-143
189
-323
414
-356
287
-262
136
68
-47
47
-114
24
-85
108
28
21
-99
64
-90
111
-22
25
-158
135
-128
176
-45
-71
48
-69
89
-17
21
-31
-77
-14
114
-100
117
-157
23
-1
29
-43
33
59
-75
4
-55
163
-120
262
-350
181
-83
6
83
-90
177
-222
195
-244
207
-202
198
-138
90
-100
166
-132
43
7
-48
187
-176
81
-135
163
-168
315
-178
72
-71
7
118
-60
73
-98
-12
216
-177
111
-86
138
-79
97
-99
19
181
-247
142
-21
97
-39
-101
169
-125
215
-85
-88
197
-218
281
-221
104
-49
40
76
-123
83
-87
61
66
-56
40
1
-28
-14
24
86
-69
-7
-41
-17
6
24
-68
133
-100
64
-151
217
-267
246
-96
43
-15
-163
240
-275
223
-268
194
-49
78
-65
-58
108
-189
190
-114
47
139
-153
46
-107
97
-54
-29
54
7
18
-170
198
-190
147
-192
102
17
58
-87
-83
-8
-47
241
-401
310
-294
267
-128
34
-6
-9
-22
56
-3
-115
150
-122
92
-106
143
-249
267
-244
31
141
-178
276
-36
-116
165
-273
172
-11
-57
77
-142
167
-133
114
-140
138
2
-152
245
-385
305
-87
12
113
-93
-66
159
-71
-29
60
-126
346
-443
255
-48
-64
188
-88
12
-58
-26
-4
93
-48
-38
92
-75
169
38
-123
-44
16
-74
121
-23
-60
220
-176
122
18
-116
104
-45
53
56
80
-226
201
-81
76
49
-23
-30
24
68
-71
156
-188
189
-129
53
-63
94
-95
74
7
14
106
-89
30
-135
76
-76
185
-26
-100
292
-317
342
-295
187
-90
10
63
-72
180
-69
-76
31
-55
82
-71
111
-69
-106
195
-126
19
7
-91
153
-32
-54
103
-148
277
-263
225
-321
134
19
12
-138
123
11
-29
115
-241
190
-89
87
-92
133
-86
43
-85
95
-81
145
-188
155
-115
131
-5
-106
-101
-106
288
-276
289
-168
4
-110
122
-112
-75
159
-72
-61
293
-232
154
-137
-50
188
-345
366
-339
101
210
-96
101
-187
46
-85
68
-13
-13
127
-254
151
76
-39
184
-210
160
-213
91
-136
55
95
-109
238
-320
241
-388
300
-148
-8
68
29
57
-64
63
79
-132
98
8
-224
363
-272
156
-117
225
-92
58
-15
6
-79
133
13
-47
58
-199
120
-111
192
-224
286
-202
-49
195
-221
272
-334
212
-108
230
-73
8
-67
-47
101
-200
244
-79
19
-120
147
-17
53
-2
-184
136
-19
25
124
-201
294
-198
47
-199
326
-170
82
-68
-50
212
-63
158
-261
61
-118
247
67
-26
-129
-64
19
-49
76
82
-145
130
-89
-65
42
22
107
-227
-5
-141
364
-151
51
56
-256
354
-246
215
-54
-67
131
-48
-241
314
-267
233
-154
112
-167
270
-308
5
183
-156
121
-213
174
6
142
-205
183
-95
231
-59
-92
66
-11
-4
72
-169
29
52
-182
337
-115
72
-84
7
99
-62
111
-352
217
-229
167
182
-322
329
-37
-249
275
-262
187
77
-119
104
-320
286
-225
300
-141
89
3
-332
337
-294
34
208
-171
149
-39
-132
-129
414
-250
83
-230
206
187
-153
129
-287
164
27
14
113
-7
-150
-65
201
-166
194
3
-295
231
-201
177
50
-135
93
-2
56
-172
8
23
37
98
-127
-19
6
103
70
-166
52
124
-214
244
-149
57
53
-99
-57
179
10
-291
206
-158
134
-115
247
-201
282
-86
-155
320
-267
122
91
-264
39
74
38
-109
-21
158
-266
300
-468
274
70
-252
136
-66
96
-221
137
-86
114
-3
-131
146
-199
425
-300
269
-100
-144
67
-157
155
-40
25
-180
288
-26
95
-79
-193
311
-47
-50
147
-189
82
205
-247
27
-84
128
-339
353
-7
-124
129
-313
125
-3
89
-20
-191
124
-70
10
181
-163
-70
103
255
-249
415
-391
172
-125
-41
174
-128
50
-136
370
-69
-106
13
-38
-52
174
-84
99
-136
22
258
-225
194
-105
-81
247
-258
111
216
15
-2
-225
49
-299
351
-118
222
-143
-119
138
129
1
-171
-2
-104
336
-356
279
-349
150
-12
52
-63
-24
122
-526
318
122
-156
338
-80
-228
276
-330
405
-228
85
186
-234
87
-126
85
76
-100
66
-44
238
-192
-85
319
-142
99
-70
-258
99
154
-214
199
-247
55
83
-179
191
-113
162
-62
180
-201
-46
-62
89
32
129
-5
-91
-180
12
88
-52
288
-441
225
-283
171
144
16
-55
-38
-127
173
11
-100
-1
-110
301
-152
104
-260
145
44
-12
-19
-78
7
-54
-7
92
113
-106
20
-204
138
30
-90
-43
-86
-68
71
125
-126
291
-144
97
123
-253
168
38
-87
95
-157
127
103
-132
169
-99
-60
31
-45
95
-35
90
-81
4
130
71
-106
67
-309
276
-174
-84
4
32
111
94
-192
-39
149
66
-63
85
-107
-40
-141
144
190
-60
-26
-165
393
-195
57
-147
-4
-120
119
127
-189
81
19
-149
329
-134
0
-70
-170
-36
46
360
-163
3
-169
-54
134
74
134
9
-126
-17
123
151
-196
16
-82
4
-24
143
28
55
71
-290
334
-298
-77
90
39
175
-129
-114
18
125
6
-87
68
5
144
-179
108
-90
-252
70
-129
186
151
-149
42
-187
237
62
30
-125
51
3
10
52
-246
234
-308
176
-55
127
-114
-94
113
-156
250
-244
117
196
-119
-72
-55
-31
204
-212
77
-80
105
-155
73
262
-117
393
-350
17
-73
82
-149
145
64
-285
312
-372
308
-241
117
-168
34
128
-84
212
-209
112
40
211
6
-80
0
-34
21
281
-275
207
-84
-91
134
-239
218
-433
413
-154
77
229
-137
106
-193
220
-202
190
-102
140
-4
17
-99
74
-24
-301
239
-129
358
-160
18
-38
51
-50
-12
157
-152
89
-187
261
-65
-4
-72
208
102
99
10
-94
-183
-10
221
-175
75
-104
-94
254
-189
94
-151
50
30
24
65
-159
48
-23
76
-30
181
-17
125
-183
176
-103
2
202
-424
92
-206
189
-141
245
-237
153
-106
146
62
-177
198
-270
63
-169
109
15
51
149
-341
116
-83
-6
130
-155
-45
247
-138
214
-32
-323
30
-58
112
-108
103
-270
56
189
-107
-4
-62
-29
-5
-68
-21
145
-141
126
-86
-93
188
5
-93
81
27
30
40
-57
-6
98
-82
47
15
-41
84
-164
47
-34
79
62
-211
126
-223
95
68
-67
132
-166
216
57
285
-101
-89
61
-267
118
-32
-37
-50
-5
117
0
-121
386
-345
361
-177
132
-145
448
-154
85
136
-220
202
6
-69
-128
146
-84
131
23
-164
63
175
-130
89
19
-152
87
109
125
-110
38
-105
-39
154
-273
279
-431
495
-361
182
166
-373
518
-327
431
-413
503
-264
54
147
-397
628
-461
157
36
-105
-76
225
71
-124
-73
8
-313
193
-223
-54
78
-95
60
-7
48
28
-65
87
48
-12
16
-8
-204
371
-336
206
-183
46
-132
54
-70
-104
263
-330
-119
28
-248
72
-13
-35
-110
45
-185
-51
140
-204
438
-137
16
77
52
252
-35
-161
-34
36
8
-113
87
-365
104
10
-261
64
-71
-142
-200
307
-222
37
24
4
96
-68
-70
-24
59
-209
218
28
82
71
-87
214
-146
71
231
-135
-108
387
-184
-26
192
-294
-147
271
-125
-39
114
-138
77
123
-44
68
-59
-31
-6
41
31
56
-91
37
23
38
221
-227
0
47
116
-90
77
-304
122
199
-234
110
274
-193
250
-6
-286
419
62
83
-19
188
-166
153
140
-231
362
-314
-10
90
18
343
-138
-28
112
78
-100
263
-30
40
156
-312
120
237
13
60
103
-220
272
158
-80
55
-52
-141
76
28
79
-11
-172
-39
-163
-99
278
-176
-238
133
-266
14
414
-187
-188
53
-354
-61
446
-173
-95
216
-399
25
400
-183
-41
39
-316
26
260
-193
-153
58
-205
-131
52
-23
-85
-72
-78
-112
112
67
-149
-101
-94
-12
57
67
-71
-152
-19
-74
120
250
-124
-87
113
-73
95
268
-131
16
346
-1
200
379
-47
150
152
-46
321
314
132
120
-80
-161
74
64
-134
-5
-60
-209
-97
-46
-19
-29
-197
-256
158
380
112
22
-288
-326
-36
-54
99
-145
-393
-567
-494
-180
-387
-357
-636
-683
-379
-330
-325
-384
-34
-326
-531
-269
-201
197
68
-142
-134
-2
293
-27
-96
-149
-192
160
56
59
298
616
511
445
735
520
669
548
330
697
532
400
436
388
420
336
46
-329
-26
336
258
116
-51
141
242
302
229
133
315
325
529
687
702
497
301
419
671
1068
823
384
372
472
573
461
269
221
73
-185
-180
-159
-220
-398
-779
-908
-732
-721
-824
-780
-974
-1013
-874
-1036
-1024
-812
-717
-977
-965
-597
-476
-414
-575
-604
-394
-507
-659
-562
-500
-753
-1117
-1308
-1232
-867
-713
-1399
-2111
-1967
-1483
-945
-815
-1577
-2408
-2767
-2274
-50
2987
4600
4069
2718
2483
3538
4333
4005
2944
1966
1762
2498
3581
3835
2608
608
-891
-1202
-663
-288
-834
-1970
-2515
-1940
-1101
-960
-1465
-2096
-2538
-2534
-1840
-641
377
587
145
-61
532
1425
1781
1493
1112
1177
1817
2676
3171
2905
1987
1046
750
1076
1364
1020
35
-859
-755
281
978
388
-959
-1973
-2170
-1653
-921
-503
-542
-909
-1210
-989
-392
-154
-835
-1866
-2189
-1558
-450
81
-423
-907
-961
-878
-446
-229
-605
-1049
-1478
-1498
-841
-446
-738
-1531
-2606
-2994
-2537
-2100
-2015
-2240
-2642
-2896
-2670
-2036
-1663
-2669
-4628
-5225
-1860
4808
9374
8251
4199
2870
4963
7517
7718
4770
2863
2960
3761
5644
6737
5564
2029
-2553
-4897
-3024
-191
-222
-2650
-5193
-5233
-3124
-1795
-2154
-3419
-4747
-5390
-4398
-1265
2336
3425
1249
-1234
-704
2427
4492
3854
2246
1727
2887
4318
5605
5835
3990
1110
-1205
-632
1422
2050
580
-1791
-2277
-1084
-9
-139
-1431
-2523
-2988
-2578
-1347
230
884
-426
-2084
-2251
-98
1909
1465
-583
-2284
-1492
-285
189
-31
-981
-1765
-2559
-1984
-1217
-1121
-1595
-2820
-3385
-3044
-2137
-1935
-2723
-3674
-3803
-3335
-3065
-2883
-3028
-3123
-3967
-4716
-3883
-2898
-2098
-2172
-3659
-6711
-9159
-4147
7678
17204
16560
8152
3267
5587
10410
11634
8560
5821
4350
3916
5696
8771
9234
3381
-6032
-10448
-7103
-859
1289
-2781
-6665
-7075
-4952
-2459
-2101
-2946
-5212
-7049
-5364
-368
5887
7603
3869
-555
-1532
2243
5387
4948
2670
1614
3058
4350
5595
6397
4622
279
-3583
-3296
316
3105
1959
-1768
-4172
-3453
-1283
-104
-795
-2826
-4168
-3083
-84
2472
2716
962
-917
-1225
207
2064
2668
1432
-517
-1383
-601
584
477
-1493
-4307
-5953
-5119
-2574
-603
-882
-2837
-4423
-4443
-3444
-2320
-1906
-2698
-4070
-4405
-2840
-828
-257
-1801
-4443
-5782
-4219
-1809
-1534
-3538
-5943
-5669
-3297
-1543
-3631
-8972
-7369
5076
19087
21882
12486
4303
4682
9363
11585
9383
7270
7233
6083
5333
6454
7671
4832
-4352
-11177
-10665
-3605
1836
-1225
-5367
-6781
-5002
-3751
-4278
-2951
-2814
-3736
-4416
-2441
3613
7292
5411
935
-1116
1310
4267
5141
4406
3229
2866
3397
4385
5232
4044
462
-2793
-3452
-679
1806
1363
-952
-3318
-3192
-2437
-1660
-869
-646
-332
-733
-265
1429
2858
2767
1021
-79
626
2183
2833
2107
743
-319
-801
-914
-899
-1445
-2787
-4262
-4581
-3443
-2273
-2286
-3286
-4119
-4168
-3823
-3083
-1914
-1284
-1862
-2895
-3337
-2742
-2158
-2401
-2929
-3590
-2895
-1772
-2702
-4440
-6277
-6183
-3715
-2034
-3136
-9521
-12669
-868
18547
28350
18975
3254
-564
6146
14028
14969
10254
6404
3279
3184
7027
10583
8492
-2522
-13480
-15016
-7173
2759
3017
-4107
-9542
-9617
-5074
-2317
-1368
-2469
-5807
-6738
-3633
4170
10459
8806
1791
-3190
-952
4796
7592
6014
3529
2654
3045
3856
4869
5008
1919
-3356
-6165
-3524
1787
4059
1269
-3315
-5329
-3693
-735
638
-305
-2008
-2382
-584
2475
4879
4921
2574
16
-116
2250
4177
3101
-80
-2323
-2137
-819
-397
-1572
-3701
-5625
-6176
-4892
-2865
-1976
-2849
-4230
-4642
-3839
-2477
-1378
-1044
-1554
-2277
-2276
-1323
-379
-755
-2422
-3837
-3670
-2761
-2230
-2392
-3124
-4042
-4906
-5301
-5525
-5099
-4953
-8100
-13368
-10030
7494
25626
27305
11918
-436
1584
10294
15534
12753
9238
6741
4948
6162
7893
8801
2262
-9888
-16816
-13169
-1048
4940
185
-7347
-10836
-7405
-4322
-2819
-2294
-3888
-4616
-3646
1897
8995
11192
6355
-1578
-3660
1786
7965
8543
4853
2129
2818
4832
5166
3630
940
-2138
-4368
-3474
685
3922
2158
-3175
-6414
-4569
-498
1211
-280
-2407
-2926
-1531
962
3373
4281
3000
687
-287
1260
3794
4512
2273
-1238
-3372
-3158
-1794
-1119
-1909
-3451
-4354
-3878
-2696
-2149
-2826
-4012
-4552
-3825
-2096
-449
-79
-1050
-2104
-2191
-1450
-808
-1052
-2021
-3119
-3652
-3081
-1969
-1432
-2101
-3804
-5644
-6688
-6518
-5536
-5140
-5170
-6780
-11359
-12239
-1089
19199
31208
22138
4148
-1574
6299
15902
18096
11865
7350
5536
5137
8177
9283
5318
-5784
-16264
-16849
-7208
4341
4191
-4993
-12005
-11151
-6098
-3130
-2267
-3068
-4723
-4707
-343
6728
11281
9033
1146
-4562
-1880
6071
10018
7029
2737
1509
2325
3374
3973
2703
-806
-4300
-5120
-2369
2110
3612
-694
-6489
-7216
-2886
1176
1906
504
-903
-1401
-666
1714
4914
6033
3275
-583
-926
2727
5889
4566
-96
-3645
-3703
-1842
-585
-716
-1827
-3485
-4833
-4805
-3490
-2435
-2798
-3925
-4303
-3108
-1080
438
236
-1413
-3138
-3302
-1490
137
-216
-2213
-3299
-2560
-1144
-1370
-3618
-5893
-6526
-4278
-3185
-4052
-5816
-6527
-5053
-5082
-6711
-11591
-9865
6457
25672
30979
16485
2619
1942
8476
14536
13399
11223
9267
5890
5108
5458
6387
1316
-10814
-17946
-14956
-3557
3979
-170
-8010
-12494
-9668
-5116
-3898
-3144
-3337
-2749
-925
2992
9530
11457
6542
-942
-3376
2701
8829
9446
6531
3614
2810
2748
2493
1534
-410
-2398
-4245
-4494
-1443
1975
934
-3997
-7391
-6049
-2189
398
795
497
967
1888
2179
2470
3874
4996
3629
1150
1167
3822
5276
3092
-814
-3037
-2706
-1725
-1774
-2597
-3207
-3252
-2906
-2547
-2532
-2973
-3666
-3931
-2965
-1165
-94
-508
-1690
-2668
-2803
-1788
-652
-865
-2134
-2741
-2209
-2011
-3146
-4707
-5280
-5054
-4140
-2611
-1799
-3017
-5663
-7215
-6984
-5452
-4514
-7176
-12200
-8753
9616
29396
31954
15359
746
794
8993
15892
14758
11192
8028
6062
5756
4817
4578
-887
-12341
-19900
-15025
-1484
6068
1562
-7838
-12153
-9583
-4995
-2564
-2075
-1669
-952
1096
5536
10899
11904
5561
-2563
-3794
2852
9905
10984
6664
1826
-122
314
757
129
-1265
-3357
-5354
-4894
-1367
1816
839
-3944
-7890
-7024
-2387
2196
4191
3482
1879
1273
2508
4593
4980
3215
1308
953
3068
5683
4635
-125
-4534
-5761
-4055
-1867
-1442
-2699
-4159
-4726
-4328
-3682
-3640
-4227
-4454
-3783
-2483
-700
806
488
-1594
-3341
-3165
-1399
342
395
-1362
-3222
-3434
-2126
-979
-1156
-2539
-4317
-5506
-5490
-4328
-3769
-5750
-7919
-6822
-4674
-6420
-11673
-11376
3092
24192
32422
20802
4315
576
8751
15403
14784
11451
8857
6628
5216
5704
5754
703
-9859
-18821
-17266
-5449
4689
2983
-6322
-11608
-9424
-5344
-3251
-2198
-1415
-1083
301
4451
9753
11711
7369
-309
-3701
1028
8274
10113
6567
3229
2021
1013
-97
-467
-1097
-3057
-5111
-5114
-2372
1042
1327
-2520
-6210
-5363
-1055
2634
3865
3220
1555
225
903
3497
5528
5002
2372
239
842
2899
3029
-72
-3727
-4945
-3626
-1973
-1349
-1828
-3223
-4351
-5162
-4425
-2924
-2436
-2609
-3449
-2517
-874
-227
-570
-2144
-2839
-2742
-1919
-463
781
606
-1577
-3390
-3198
-2488
-3313
-4626
-5558
-5198
-3511
-2425
-3795
-5887
-6409
-6238
-4672
-5338
-9400
-11917
-2258
19792
32767
29192
10419
-1437
2932
12493
17276
13868
10636
7623
4134
2510
1817
807
-6632
-16414
-19681
-11945
426
3906
-2155
-9778
-12085
-8773
-4823
-1551
1046
1756
1626
2078
5917
11206
10870
4547
-2546
-2640
4375
10022
9626
4401
-74
-1380
-1398
-1152
-890
-1266
-2887
-4878
-4623
-1212
1614
1133
-2476
-5121
-3605
224
4139
4861
3002
733
-226
2235
5223
5922
2956
-1183
-1610
761
3270
2532
-1294
-4644
-6591
-5339
-2152
124
-546
-3643
-4945
-4375
-3235
-2277
-2105
-2530
-2980
-2453
-776
1030
1353
-623
-3877
-4482
-2399
-414
-69
-1564
-2861
-4059
-3341
-1130
-1196
-3491
-6482
-7061
-5440
-3430
-2090
-3825
-6376
-6897
-5949
-6616
-9368
-4990
11576
29688
31950
16067
1854
2148
10593
15147
12557
10028
7734
4315
1898
1080
1340
-3888
-13092
-18014
-14412
-2807
4368
326
-8055
-11756
-8136
-4790
-2835
404
2365
2945
2793
4676
8348
9285
6060
-382
-2706
2854
9280
10360
5983
1669
-520
-2351
-2587
-1529
-781
-1505
-3511
-4318
-2301
1069
1492
-2427
-5884
-4122
1113
4906
5192
2951
256
-926
528
3647
6063
5889
2819
-948
-1970
193
1664
-532
-4444
-6231
-4939
-2446
-764
-923
-2690
-4577
-5086
-4095
-2491
-1130
-571
-900
-1431
-1275
-350
298
-579
-2771
-4211
-3185
-758
389
-722
-2779
-4320
-4670
-3634
-2027
-1480
-2375
-3608
-4612
-5677
-6545
-6640
-5839
-4338
-3922
-7723
-13140
-8456
12190
32767
32767
13255
-1271
2117
12802
17307
14882
10651
6882
4190
3561
4360
3048
-3844
-14416
-20249
-14318
-1075
6114
580
-9589
-13118
-9218
-4236
-1165
925
2030
1825
2140
4877
8738
9766
5557
-656
-1938
3904
10323
10207
4772
-4
-1625
-1368
-623
-448
-1348
-2528
-3241
-3326
-2211
-423
-480
-3129
-5304
-4062
-95
3542
4564
3107
808
-832
-500
2307
5486
5771
2659
-870
-1401
1298
3196
563
-4633
-7502
-6535
-3449
-336
514
-1784
-4808
-5827
-4730
-2520
-273
291
-1196
-2675
-2226
-240
1167
232
-2484
-4245
-3233
-375
1200
-122
-3041
-5195
-5154
-3717
-2177
-1761
-3170
-5333
-5958
-5324
-4336
-4087
-6043
-6775
-5882
-6014
-9036
-10818
1205
22293
32767
25485
5387
-2321
5693
15503
18492
13316
9439
5716
2581
2690
2231
835
-7132
-16471
-18503
-10208
1937
3507
-4292
-12029
-11455
-5302
-1306
174
1194
2439
2537
3381
6551
9758
8981
3432
-1947
-1012
6074
10824
8261
2490
-1215
-2175
-1557
-256
342
-426
-2194
-4079
-4412
-2144
352
-456
-4050
-6245
-4270
513
4483
5102
2740
-246
-1655
-543
2780
6493
7545
4448
-97
-1832
-332
891
-454
-3073
-4646
-4164
-2166
-410
-651
-2837
-5211
-6031
-4677
-2051
-20
193
-891
-1866
-1852
-1127
-649
-1135
-1967
-2164
-1496
-510
-626
-1979
-3396
-3593
-3450
-3807
-3695
-2795
-1843
-2062
-3424
-5040
-4572
-4845
-6853
-6947
-4675
-1996
-4060
-9057
-11293
2543
26301
32766
21099
578
-2956
9365
15583
15545
11570
7549
3137
-696
-336
2399
1390
-9222
-20774
-20607
-6887
6478
4926
-6730
-13123
-10304
-5602
-1475
2721
4808
3538
1940
3094
7143
11017
9013
1160
-3938
-489
6680
9709
6838
1812
-1331
-1870
-1563
-1350
-1068
-1629
-3712
-5352
-4006
-458
1327
-1116
-5187
-5849
-1687
3601
5720
3936
780
-721
787
4175
6504
5447
1758
-1245
-1177
1057
2561
1204
-2651
-6149
-6136
-2633
531
-44
-3353
-5806
-5857
-4669
-3054
-809
958
358
-1861
-2683
-1215
295
-53
-1825
-3410
-3427
-1785
-158
-221
-1886
-3606
-3804
-2580
-1817
-2732
-3884
-3153
-1575
-1705
-3449
-5448
-6868
-6704
-4584
-2874
-6298
-13080
-9671
10866
32276
32767
14302
-3495
-3284
9058
16880
16101
12584
8051
2535
-819
-56
2033
-927
-11212
-20340
-17153
-2932
7586
3624
-8178
-14169
-11112
-5183
-459
3248
5249
4381
2501
2725
5997
9686
8674
1971
-3052
130
7240
9949
6916
1898
-2315
-4283
-3677
-1542
758
1328
-1365
-4949
-4736
-697
1964
-209
-4636
-5781
-1588
4206
6813
5310
1774
-1114
-1163
1758
5333
6686
4179
-634
-3082
-922
2096
1651
-1905
-5662
-6877
-4161
123
1377
-1402
-5029
-6796
-6053
-3237
54
1527
287
-2165
-3280
-1991
21
163
-1753
-3515
-3199
-1080
607
252
-1916
-3893
-4558
-4157
-2488
-329
-68
-2557
-5074
-5583
-4019
-3045
-3961
-5292
-5555
-4038
-4553
-8835
-10851
3520
26400
32216
19671
1779
-2590
8116
15663
14893
11415
8247
5059
3132
899
750
-243
-7427
-16618
-19569
-7946
5924
6926
-3541
-11986
-10091
-5894
-2232
780
2634
3815
3739
3271
4111
7512
8391
2784
-3705
-2844
4568
10467
9806
4054
-1098
-2746
-2412
-1728
-572
396
-547
-2890
-3713
-1478
1159
358
-3648
-6288
-4222
962
5220
6026
3636
258
-1335
348
3921
6021
4586
1013
-1457
-1176
524
1050
-788
-3836
-5852
-5375
-2876
-565
-643
-3103
-5545
-5756
-3957
-1825
-227
625
-44
-2009
-2748
-766
1273
16
-3099
-3857
-1606
289
-309
-1700
-1904
-1985
-3175
-4052
-3041
-1473
-1890
-3736
-4462
-3765
-2887
-3130
-4752
-5598
-4564
-3724
-6353
-12059
-10780
6018
27516
32767
19200
478
-3783
5553
13768
14714
12576
9905
5869
1717
749
2434
1302
-6477
-16403
-17986
-7677
4149
5446
-2709
-9999
-11080
-8448
-4525
513
4716
5087
2284
807
3801
8612
8909
2520
-4291
-3678
3723
9981
9999
5666
847
-2662
-4063
-2698
414
2265
425
-3775
-5667
-2472
2296
2479
-2472
-6403
-4574
810
4735
5405
3905
1312
-1130
-1345
1504
5248
6285
3192
-1231
-2555
-97
2070
491
-3483
-6002
-5337
-2942
-1121
-875
-2010
-4063
-6142
-6402
-3640
513
2559
879
-2310
-3626
-2338
-549
-144
-1067
-2308
-2961
-2420
-709
822
498
-2096
-5040
-5503
-3055
32
836
-1023
-3466
-4460
-4530
-4846
-5415
-5533
-4323
-3860
-5853
-10711
-12315
-853
19616
32421
24496
5900
-2891
1610
10472
15209
16002
13835
7215
993
-779
2182
4353
-1026
-11254
-18059
-12977
-600
6050
2755
-5733
-11525
-12185
-8093
-1334
3564
4544
2698
431
537
4002
7255
6185
343
-3212
-223
5694
9775
8740
5385
883
-2773
-2910
-1337
942
1792
212
-3129
-4766
-1518
2526
1913
-2957
-6600
-5104
365
5057
5754
3455
315
-2212
-2678
201
4574
6197
3296
-1272
-3304
-1887
154
-92
-2567
-4994
-5313
-3358
-789
510
-208
-2509
-5160
-6166
-4082
-126
2154
624
-2762
-4281
-2901
-894
-312
-905
-1657
-2180
-2113
-972
859
1629
-287
-3831
-5490
-3483
-297
455
-1702
-4234
-4591
-3001
-2653
-5131
-7608
-6882
-3608
-2151
-5865
-10702
-6697
10002
27301
28022
13328
1146
1011
6926
11530
13673
13588
9644
3039
-971
74
2932
2330
-4269
-12904
-15474
-8868
293
3239
-644
-5539
-8117
-8774
-7052
-2235
3003
4571
2026
-901
-30
4813
8518
6427
1022
-1381
758
4181
6976
8735
7544
2762
-2122
-3449
-1489
1207
2098
-126
-3383
-3876
-1624
-235
-962
-1971
-2338
-2312
-1395
664
2670
3249
2254
616
-295
408
1970
2418
841
-1344
-2247
-1732
-945
-653
-1067
-2377
-4283
-5295
-3930
-940
749
-734
-3745
-5022
-3475
-992
106
-514
-1450
-1618
-1263
-907
-360
260
102
-884
-1603
-1295
-234
602
65
-1646
-2915
-2577
-1607
-1504
-2105
-2926
-3970
-5054
-5628
-5419
-4113
-2254
-1712
-5083
-11249
-11180
978
19077
28273
20347
6144
-887
2452
10013
13811
13674
9483
3570
660
1000
4731
6645
2612
-6873
-16332
-15035
-5225
3373
4412
-951
-5773
-8984
-8909
-5077
-1084
1556
983
-1247
-1868
1057
6986
9348
5457
-29
-2390
-492
3646
7752
9232
6746
2145
-1532
-2588
-668
2339
2436
-1406
-4952
-3860
191
2185
609
-2181
-3984
-4128
-2684
-399
1731
2880
2182
-173
-1708
-469
1582
1370
-741
-2206
-2001
-804
435
771
-224
-1832
-3076
-3566
-3038
-1584
-490
-913
-1914
-1851
-1148
-1447
-2753
-3316
-2174
-423
350
-8
-453
-507
-601
-1112
-1600
-1519
-1073
-914
-1503
-2108
-1635
-253
-22
-2071
-4687
-5155
-3011
-1286
-1796
-3868
-4567
-2981
-1741
-3031
-7278
-8930
-2628
10525
21318
20425
11771
4563
3292
4898
6511
9452
11143
9345
5294
1549
710
2600
4197
492
-8106
-12988
-10239
-4050
684
1924
251
-3981
-7798
-8237
-5789
-1690
947
679
-951
-453
3483
6481
6108
4027
2117
470
-316
1541
4844
6849
6678
4567
997
-1726
-1544
-80
-50
-1479
-2491
-2193
-1152
-495
-532
-456
-452
-1824
-4029
-4399
-1927
1163
2133
762
-884
-1151
-418
130
195
85
-184
-759
-1321
-1272
-600
-65
-279
-1008
-1653
-1971
-2017
-1839
-1553
-1405
-1497
-1563
-1264
-637
-204
-439
-1204
-1840
-1809
-1127
-385
-225
-701
-1250
-1278
-796
-462
-761
-1273
-1531
-1828
-2187
-1824
-731
-110
-600
-1621
-2415
-2523
-1937
-1236
-931
-1429
-3553
-6492
-5734
1966
11809
15280
11181
6026
4049
3716
3420
3987
5549
6547
5744
3345
1158
1453
3632
3580
-939
-6446
-8195
-5916
-2500
145
1390
657
-1844
-4483
-5465
-4119
-1311
869
817
-580
-884
638
2362
2963
2669
1823
378
-1012
-1172
173
2191
3686
3544
1666
-299
-573
381
832
506
280
88
-545
-1029
-631
253
744
272
-1192
-2696
-2957
-1836
-397
387
346
-146
-745
-1350
-1663
-1275
-489
-75
-284
-789
-1007
-451
464
806
565
143
-646
-1424
-1141
-142
223
-181
-662
-999
-1040
-655
-259
-200
-369
-704
-1074
-1110
-745
-322
-171
-404
-711
-688
-589
-813
-966
-589
-94
44
-21
-60
-87
-9
172
131
-418
-1315
-2091
-2256
-1609
-760
-1135
-3416
-5786
-5049
-416
4899
7087
5923
4111
3399
3262
2980
2844
3219
3762
3838
3176
2318
2285
3151
3438
1915
-621
-2478
-3099
-2858
-1932
-574
457
499
-406
-1619
-2267
-1921
-1117
-899
-1603
-2256
-1675
-144
1058
1575
1791
1394
138
-961
-809
470
2019
2831
2281
1060
476
577
503
166
-38
-378
-1131
-1538
-755
687
1337
520
-1091
-2262
-2127
-855
269
373
121
284
435
100
-205
-159
-100
-232
-393
-447
-335
-117
-126
-282
-335
-289
-525
-861
-1042
-1011
-394
152
344
-50
-725
-1142
-1037
-173
192
455
274
-433
-256
-97
161
465
81
-291
-97
330
667
801
338
-310
-942
-1446
-1360
-1324
-1525
-1283
-1084
-1415
-1639
-1642
-1584
-1578
-1872
-2023
-1643
-1218
-1301
-1837
-2384
-2252
-719
1736
3666
4559
4688
4216
3462
2756
2378
2498
2722
2599
2072
1315
981
1629
2573
2567
1214
-760
-2230
-2714
-2312
-1196
-85
299
52
-506
-827
-562
-193
-61
-230
-668
-755
-211
430
692
577
370
-69
-810
-1213
-1013
-392
319
445
37
-156
64
359
199
-357
-365
395
1022
1056
739
341
87
131
292
266
82
-58
-282
-398
112
774
757
36
-897
-1159
-624
-142
262
565
170
-450
-757
-793
-331
146
8
-291
-421
-137
825
1467
1055
232
-635
-1090
-385
826
1385
1065
122
-665
-827
-769
-363
218
-118
-1055
-1534
-1477
-951
-398
-303
-390
-831
-1413
-1140
-597
-802
-1430
-2075
-2240
-1631
-1152
-1238
-1411
-1512
-1276
-832
-897
-1100
-940
-1021
-1424
-1608
-1183
315
2406
3693
3799
3429
2903
2104
1390
1329
1742
1986
1760
1223
961
1427
2152
2334
1586
154
-882
-910
-556
-208
131
220
66
-270
-661
-693
-416
-182
-107
-181
-259
-236
-196
-63
233
490
459
126
-195
-159
171
470
417
1
-312
-195
254
780
896
525
256
243
236
207
135
255
631
669
341
157
113
-14
-260
-606
-604
-215
-75
-198
-398
-557
-532
-366
-300
-93
106
57
260
466
810
924
608
73
-402
-172
-63
219
248
-137
-406
-985
-862
-654
-977
-1346
-1565
-1543
-1450
-1186
-1083
-809
-598
-794
-756
-724
-393
181
198
-106
-371
-366
-167
-28
-379
-545
-446
-737
-584
-739
-853
-644
-987
-1321
-1965
-1914
-1167
-950
-921
-1243
-1328
-596
917
2592
3445
3608
3075
2264
1612
1399
2012
2503
2432
1723
857
638
960
1616
1817
1364
630
-163
-808
-1146
-871
-284
4
-121
-351
-582
-714
-542
-378
-574
-826
-666
-300
0
324
640
728
529
173
-137
-141
116
406
650
933
1109
879
284
-314
-456
-59
533
744
407
-277
-896
-858
-268
293
90
-502
-672
-522
-240
-20
524
810
375
-5
-205
257
1041
1284
849
-118
-482
-306
-308
-147
39
194
-50
-954
-1455
-1473
-1169
-740
-867
-1113
-1103
-667
-273
-352
-181
236
223
-282
-488
-294
87
402
227
-128
-396
-247
-229
-653
-844
-941
-797
-770
-1220
-1381
-1327
-1156
-1060
-1373
-1470
-1339
-1134
-1024
-1233
-1107
-856
-657
-665
-1232
-1431
-833
604
2408
3687
4323
4236
3695
2714
1637
1280
1324
1501
1377
1067
1061
1028
1169
1080
457
-468
-1482
-1828
-1479
-548
457
739
365
-96
-132
53
108
107
104
28
-1
57
126
188
183
230
138
-242
-445
-372
-225
-27
92
155
189
119
-42
-213
-65
531
926
929
688
235
274
617
747
741
290
-244
-473
-278
288
630
652
57
-615
-831
-969
-504
-194
-165
74
108
125
-246
-432
-143
70
-28
-423
-352
-71
45
17
-42
-67
-196
-447
-829
-903
-644
-423
-304
-327
-582
-652
-719
-1204
-1327
-941
-612
-615
-920
-1332
-1118
-444
-449
-860
-1311
-1267
-731
-483
-343
-542
-618
-430
-544
-351
-347
-588
-530
-659
-718
-834
-1188
-1492
-1276
162
2308
3759
3657
2815
2196
1877
1799
1876
1989
1880
1640
1386
1266
1427
1495
1310
848
111
-362
-521
-756
-784
-555
-195
255
239
-215
-621
-797
-456
45
75
-70
-155
-369
-623
-555
54
696
552
-218
-696
-399
385
922
811
292
-106
-107
116
467
1034
1331
687
-288
-784
-562
95
401
336
172
172
286
309
125
75
317
80
-139
-257
-171
285
392
490
278
-246
-384
-434
-751
-505
-100
-367
-473
-623
-565
-507
-950
-1323
-1443
-1041
-704
-592
-717
-853
-548
-460
-406
-626
-1059
-946
-738
-201
370
171
-329
-973
-1192
-766
-422
-177
-289
-846
-1102
-981
-900
-865
-898
-994
-1124
-1260
-1252
-1093
-728
-468
-814
-1680
-2421
-1906
270
2868
4449
4516
3769
3402
3262
2675
2126
2048
2135
2050
1708
1346
1265
1425
1435
831
-269
-1169
-1509
-1525
-1426
-1041
-334
210
172
-329
-844
-897
-342
351
514
104
-302
-353
-199
41
436
816
756
93
-769
-1142
-685
210
695
391
-147
-212
146
487
751
963
818
256
-154
96
755
1100
739
59
-222
69
482
613
427
163
-1
-181
-434
-520
-296
-97
-264
-463
-448
-592
-870
-783
-299
-84
-475
-769
-755
-776
-538
-413
-809
-880
-604
-393
-61
26
-142
-295
-592
-563
-119
13
-163
-447
-873
-1170
-1176
-1048
-1000
-1090
-1195
-1156
-901
-805
-1251
-1757
-1765
-1425
-1004
-681
-794
-1308
-1583
-1326
-1022
-1153
-1881
-3063
-3626
-1902
2191
6211
7639
6538
4807
3729
3306
3254
3466
3653
3318
2306
1216
1019
1938
2782
2013
-388
-2717
-3466
-2856
-2050
-1410
-597
9
-391
-1358
-1596
-881
-90
170
-111
-526
-411
316
935
1144
1324
1361
757
-146
-493
-166
296
605
816
884
711
389
38
-258
-196
369
779
382
-260
-262
198
515
587
399
-118
-653
-818
-529
95
656
674
232
-269
-640
-656
-201
245
206
-146
-576
-943
-855
-263
178
59
-329
-712
-985
-899
-421
-57
-235
-761
-1233
-1579
-1741
-1402
-666
-312
-682
-1255
-1609
-1658
-1258
-712
-726
-1171
-1366
-1326
-1215
-763
-227
-328
-1029
-1804
-2322
-2116
-1053
-199
-645
-1918
-2692
-2451
-1883
-2164
-3763
-5183
-3474
2390
8926
11331
9298
6602
5270
4215
3130
3177
4175
4667
4008
2568
1347
1618
2905
2334
-1524
-5731
-6670
-4960
-3566
-2715
-814
1046
377
-2025
-3192
-2291
-569
753
902
374
893
2591
3538
3200
2909
2734
1467
-603
-1724
-1018
746
2071
1868
280
-1305
-1654
-1225
-1272
-1574
-990
-20
-115
-798
-401
997
1760
1074
-249
-772
-11
1060
1582
1857
2036
1581
494
-451
-639
-118
338
103
-269
-136
3
-153
-153
-279
-1012
-1589
-1415
-1111
-994
-739
-558
-801
-1337
-1893
-2199
-2020
-1454
-766
-315
-549
-1166
-1270
-930
-897
-1075
-1107
-1238
-1435
-1320
-1221
-1579
-2001
-2022
-1877
-2038
-2494
-2687
-2250
-1706
-1786
-2370
-2759
-2576
-2429
-4063
-8012
-10015
-3790
9620
19853
18989
11036
5053
3655
3802
4212
5866
7886
7718
4577
834
-55
2337
3662
-510
-8194
-12549
-10455
-5490
-1472
1464
2954
1111
-3079
-5820
-5164
-1702
2718
4801
3156
1503
3206
5788
5884
4438
2957
584
-2408
-3451
-1444
1839
3906
3196
-126
-3627
-4770
-3834
-2711
-1889
-875
-56
-60
-385
21
1275
2025
894
-1382
-2280
-417
2837
4949
4774
3246
1837
899
29
-600
-339
616
984
-3
-1453
-1978
-1544
-1341
-1999
-2885
-3147
-2669
-1746
-606
271
206
-793
-1896
-2364
-2010
-1120
-216
313
318
-265
-1090
-1592
-1899
-2235
-2156
-1833
-2107
-2485
-2097
-1845
-2514
-2972
-2615
-2406
-2701
-2915
-2874
-2798
-2828
-3046
-3132
-2742
-2134
-2723
-6094
-10141
-7545
6222
22575
26989
17093
5196
957
2453
4902
7363
9714
9091
4944
-580
-3671
-1446
2372
1132
-7556
-15134
-13659
-5889
1350
3700
3212
654
-3646
-6475
-5584
-304
5456
7627
5649
2234
2509
6051
7527
4918
752
-1570
-2611
-3206
-1367
2000
4178
2736
-1721
-5891
-7515
-4915
-991
474
-117
-408
554
539
-192
503
1965
1882
-158
-1548
-396
2704
5419
5299
2171
-861
-1225
-254
158
375
688
-36
-1541
-2044
-1360
-602
-188
-538
-2051
-3120
-1885
206
699
273
330
-269
-2021
-2767
-1495
46
449
-163
-1201
-1782
-1569
-1391
-1786
-2160
-2263
-2143
-1716
-1372
-1459
-1863
-2382
-3203
-3842
-3698
-2793
-2065
-2536
-3661
-4306
-3549
-3033
-3368
-3652
-3846
-4930
-9317
-12131
-4298
15315
31492
27776
10795
-1108
-236
5267
8528
10373
10133
6956
1913
-1727
-2127
350
1926
-3442
-13918
-18480
-11104
576
6287
4277
-435
-4553
-6255
-4508
-765
3792
7012
7300
4512
2088
4339
7965
7634
2615
-2768
-4487
-3251
104
3464
4139
1657
-2924
-6502
-7640
-5731
-1978
-228
-1023
-1777
-302
1645
1654
867
639
631
429
675
1439
2368
3505
4009
2451
-148
-777
734
1857
1484
647
49
-622
-1445
-1913
-1730
-1525
-2067
-2821
-2224
-185
1383
935
-867
-2168
-2378
-1932
-1297
-362
583
560
-829
-1844
-887
188
-188
-2097
-3696
-3277
-1041
1538
754
-2365
-4203
-3919
-2653
-2087
-1893
-1942
-2261
-2879
-3075
-2788
-2798
-3778
-5573
-6129
-5340
-3375
-3147
-7574
-10630
-2404
16854
30262
24794
8919
-513
1236
6549
9760
10662
9478
6062
1648
-2225
-3689
-1534
-105
-5832
-15547
-17486
-8060
2939
6380
3054
-1731
-4628
-4614
-1841
2705
7097
8809
6739
3254
2567
5704
8331
5834
-256
-4198
-3454
-463
1710
1774
-253
-3211
-5376
-6169
-5720
-3646
-764
135
-1506
-1966
887
3764
3277
880
-230
574
1859
2549
2856
3413
3645
2281
-164
-1373
-341
1168
933
-956
-2310
-1701
-191
278
-648
-1759
-1920
-1046
176
911
611
-647
-1976
-2165
-853
893
1636
1045
-58
-895
-1444
-1872
-1941
-1512
-1232
-1684
-2212
-1648
32
1314
633
-1591
-3365
-3351
-2060
-1031
-1176
-2319
-3165
-2543
-1602
-2078
-3400
-4115
-4412
-5584
-6837
-5066
-1346
-280
-4711
-13185
-16226
-3948
18865
32767
26006
6833
-4246
-97
7654
11185
10912
7813
3382
-781
-2364
-1058
1522
468
-8761
-19216
-17866
-4198
7893
8296
1045
-4689
-5669
-2589
1888
4866
6492
6659
5383
3906
5021
8994
9237
3126
-4349
-6905
-3023
1769
3885
2207
-2234
-5690
-6895
-5639
-3833
-2381
-1145
-1848
-2469
-370
3687
5698
2904
-706
-1463
483
3508
4854
3626
1520
1012
1721
1506
1171
1762
1672
-268
-2435
-2694
-987
411
-712
-3346
-4347
-2565
-45
1169
952
-155
-1660
-2661
-1995
312
2224
1580
-1110
-3015
-2393
-422
585
-131
-1303
-1817
-1603
-971
-26
707
288
-1713
-4005
-4528
-3120
-752
-53
-1490
-3474
-4045
-3007
-2681
-3273
-3761
-4194
-4453
-4607
-3724
-2022
-1808
-5889
-13307
-12803
2110
24790
32040
18985
-96
-5344
3016
10658
11301
6942
2779
280
-786
-1052
-493
-629
-4933
-12749
-17046
-9080
3771
9184
3899
-4465
-6582
-3422
1700
5254
6070
5784
5095
4729
5448
7800
8897
4766
-3095
-7530
-4658
1651
5254
3086
-2678
-6905
-6642
-4168
-2677
-2009
-1678
-2574
-3450
-1229
3569
6450
4379
-523
-3050
-396
4699
7207
5353
1574
-895
-905
534
1904
2341
1471
-561
-2517
-2705
-1010
550
-112
-2653
-4334
-2900
829
3636
3083
-276
-3638
-4437
-2161
1466
3674
2634
-815
-3612
-3346
-774
1098
398
-1735
-2771
-1660
394
1701
1649
271
-2182
-4601
-5063
-2779
424
1460
-750
-3956
-5113
-3615
-1562
-1464
-3552
-5288
-4563
-2729
-2420
-3554
-4273
-4262
-5097
-8159
-11702
-8844
6227
25640
30652
15634
-1601
-3644
5091
10767
9626
5886
2845
1983
2606
1800
-1062
-4311
-8814
-14336
-14081
-3985
6982
7400
-709
-6552
-5318
-206
4307
5708
4499
3949
5736
7793
8425
7784
4667
-1600
-6476
-4563
2005
5753
3221
-2472
-6446
-6138
-2879
-959
-2775
-5489
-5216
-2229
1009
3400
4169
2219
-1351
-3128
-904
3950
7342
6196
1954
-1098
-762
1522
2927
1984
112
-563
-454
-642
-273
477
-690
-3510
-4642
-2814
47
1673
1050
-770
-1516
-810
-359
-674
-695
-187
37
-248
-292
358
655
-651
-2599
-2788
-763
1287
1343
-168
-1435
-1626
-1585
-1905
-2025
-1828
-1792
-2166
-2828
-3631
-3763
-2838
-2133
-3012
-4375
-3977
-3084
-3184
-4100
-4660
-3868
-2506
-1666
-5376
-12491
-11972
3772
25017
30667
15804
-2018
-5425
4140
12620
11943
5772
1189
509
1473
1358
-10
-3557
-9615
-14586
-12764
-2498
7003
6582
-1693
-7325
-4062
2692
6355
4996
1937
2084
5205
8295
8849
7121
3707
-2105
-5969
-3183
3200
5966
1456
-5164
-7618
-5125
-671
41
-3407
-6070
-5253
-1958
1259
3718
4257
1542
-2130
-2776
1230
6646
7980
3764
-1299
-2022
1404
4370
3408
-207
-2786
-2414
-286
1388
1427
-267
-2824
-4437
-3475
-340
2294
1943
-856
-2910
-1921
872
2279
1117
-737
-1317
-827
-375
-68
429
430
-981
-2630
-2030
721
2387
1059
-1398
-2126
-697
487
-721
-3059
-3545
-2264
-1557
-1906
-2575
-3178
-3483
-3502
-4003
-4208
-2835
-1308
-1873
-3753
-3928
-2832
-1773
-1815
-3561
-7247
-11486
-8341
5915
22937
26196
11876
-2872
-3298
6962
12370
8456
1852
-742
1969
5147
4383
-1522
-7362
-10679
-11253
-7385
304
6174
3372
-3314
-5355
-661
4715
4476
546
-1688
2134
9001
11891
8402
2566
-914
-2088
-1694
569
2870
1639
-2580
-5115
-3523
-185
650
-2516
-6588
-6613
-1930
2605
3023
759
-761
-749
-82
1271
3302
4356
3150
1185
940
2495
3395
1618
-1944
-3939
-2141
1524
2977
995
-1795
-2931
-2518
-1428
-181
288
-508
-1319
-788
700
1807
1468
-357
-1936
-1231
1144
2464
1450
-481
-1274
-498
379
69
-798
-987
-690
-658
-677
-298
-242
-1575
-3555
-3926
-2006
-172
-641
-2665
-3692
-2714
-1488
-2057
-3919
-4324
-2706
-1287
-1252
-1261
-1138
-2371
-4327
-5023
-3313
-1535
-2300
-6834
-11960
-8303
6777
22257
21556
5982
-5150
-899
10333
12864
6136
-141
-256
3741
6181
4765
-573
-7189
-11613
-10617
-3561
5128
6934
-581
-7589
-5730
2221
6029
2779
-1538
-1826
3373
9511
11033
6934
1294
-2031
-2902
-968
3074
4618
694
-3999
-3713
-5
1551
-1180
-5572
-7640
-5049
321
3593
2510
-368
-1754
-1161
311
1713
2353
2047
1391
1177
1736
2481
1986
-274
-2452
-2235
128
2070
1812
193
-809
-693
-616
-1297
-1972
-1758
-846
84
803
1245
868
-602
-2016
-1653
425
2020
1487
-64
-325
975
1686
294
-2003
-2845
-1625
31
437
-368
-1343
-1993
-2460
-2669
-2250
-1462
-1322
-2106
-2535
-1806
-1200
-1985
-3158
-3084
-1931
-926
-597
-644
-705
-894
-1776
-3377
-4504
-4202
-3322
-3491
-5609
-9151
-10228
-2971
11143
19646
13750
1935
-1110
5777
11356
8805
2792
907
4055
7036
5686
772
-4243
-6797
-6438
-3830
-196
1621
-1027
-5257
-4465
1500
4967
1853
-2909
-2873
2514
8327
9437
5822
2015
989
1629
2168
2121
1115
-913
-2566
-2084
144
1171
-1243
-5190
-6425
-3739
-386
292
-1232
-1967
-467
1664
2184
896
-499
-461
1022
2688
3240
2337
699
-438
-143
1348
2482
1748
-479
-1997
-1193
855
1459
-492
-3151
-3830
-2002
377
1306
728
0
32
575
1047
1285
1308
1052
699
829
1629
2215
1436
-582
-2256
-2293
-1257
-849
-1790
-2914
-2732
-1485
-953
-1989
-3295
-3308
-2199
-1175
-699
-388
-109
-299
-1024
-1584
-1643
-1638
-1574
-955
-196
-317
-1457
-3165
-5113
-6421
-5981
-4231
-3288
-5101
-9187
-10864
-4071
9554
18085
13138
2622
427
7215
11914
9051
3869
2318
4641
7557
7301
2486
-3811
-7260
-6768
-3573
221
865
-3157
-6644
-4004
1804
3441
-392
-4170
-2832
3206
8816
9246
5189
1542
1076
2255
2870
2341
759
-1111
-1612
-255
1089
427
-2181
-4894
-5565
-3670
-1307
-1011
-2392
-2612
-480
1651
1151
-1116
-1998
-311
2055
3151
2863
1762
456
164
1590
3191
2815
667
-1068
-893
619
1439
167
-2124
-2970
-1622
266
941
343
-371
-314
278
572
382
338
782
1294
1455
1280
833
106
-664
-1024
-697
-115
-363
-1767
-2943
-2595
-1392
-868
-1395
-2253
-2581
-1892
-602
79
-489
-1570
-2076
-1702
-898
-356
-603
-1466
-2135
-2157
-1870
-1718
-1927
-2785
-4111
-4833
-4206
-2997
-2568
-3638
-6183
-8506
-6659
1323
10255
12230
7358
3953
6344
9499
8145
4372
2881
4329
6369
7061
5284
1089
-3253
-4970
-3724
-1709
-1432
-3460
-5352
-3923
305
2899
1095
-2495
-3278
-237
3536
5166
4855
4146
3634
3274
3080
2630
1300
-543
-1591
-1017
496
1152
-227
-2723
-4174
-3679
-2568
-2449
-3082
-2959
-1618
-253
55
-450
-915
-880
-280
704
1597
1932
1776
1630
1731
1789
1596
1342
1149
951
982
1456
1767
1122
-257
-1407
-1766
-1483
-920
-262
404
742
405
-248
-411
-12
250
132
209
801
1365
1235
569
95
36
-72
-540
-1087
-1370
-1486
-1693
-1914
-1779
-1308
-992
-1173
-1492
-1579
-1434
-1164
-1053
-1039
-1026
-1009
-1217
-1454
-1748
-2324
-2798
-2745
-2005
-1826
-1855
-2149
-3005
-3473
-3450
-2386
-2249
-3214
-4671
-5681
-3689
1179
6741
8173
6064
4732
6110
7722
6092
3787
3073
4517
5907
5816
4916
2602
68
-1636
-1646
-874
-1120
-2460
-3656
-2791
-256
1306
176
-1897
-2276
-760
944
1617
1686
1805
2071
2226
2237
2118
1500
295
-643
-440
369
500
-358
-1316
-1543
-1126
-985
-1828
-2960
-3030
-1930
-721
-69
-44
-620
-1308
-1313
-540
278
560
372
306
782
1483
1763
1303
557
303
812
1521
1904
1808
1196
290
-446
-448
-347
-401
-252
-186
-278
-697
-739
-391
-373
-517
-589
-16
817
993
372
-308
-126
501
581
-46
-725
-905
-593
-351
-643
-1026
-974
-799
-934
-1041
-836
-831
-1257
-1577
-1308
-715
-581
-1066
-1541
-1475
-1271
-1337
-1472
-1357
-1153
-1276
-1439
-1600
-1450
-1246
-1144
-852
-821
-770
-1029
-1228
-1010
-210
1236
1930
1793
1282
1328
1509
1225
1045
1251
2158
2564
2414
2164
2064
2258
2262
2231
1562
425
-233
-37
681
1169
1175
820
652
849
940
499
-253
-812
-959
-702
-345
-146
-146
-324
-665
-985
-980
-661
-380
-350
-286
128
662
785
478
285
478
726
658
334
34
-131
-200
-241
-349
-592
-902
-1117
-1186
-1126
-890
-501
-183
-105
-40
322
874
1146
1067
1067
1371
1753
1797
1493
1123
926
855
778
510
67
-220
-296
-125
-197
-393
-477
-879
-1278
-1445
-970
-456
-701
-1038
-972
-294
242
6
-659
-1147
-981
-490
-244
-392
-604
-749
-887
-948
-823
-768
-1087
-1393
-1289
-781
-253
-108
-500
-866
-650
-120
118
-62
-150
-352
-447
-211
209
361
-499
-1575
-2495
-2674
-2166
-1582
-836
-399
15
105
42
19
-181
249
1280
2280
2499
2425
2868
3427
3520
2913
2011
1358
1252
1414
1467
1355
1144
853
352
-280
-700
-596
-248
-294
-762
-977
-650
-335
-405
-491
-271
-15
-34
-192
-167
170
565
635
372
186
293
408
257
2
-93
-122
-335
-620
-639
-416
-320
-468
-529
-187
393
717
587
380
548
1009
1355
1304
853
326
231
699
1215
1132
326
-690
-1200
-965
-426
-161
-336
-714
-946
-844
-511
-173
-11
-113
-313
-235
141
413
379
212
66
-66
-243
-542
-930
-1251
-1440
-1471
-1232
-808
-626
-885
-1201
-1054
-433
186
389
187
-102
-161
187
760
1087
807
117
-510
-687
-292
236
263
-517
-1591
-2226
-2051
-1422
-1008
-1222
-2036
-2734
-3059
-2537
-1303
-7
734
395
77
102
600
1284
1770
2230
2080
1997
2175
2521
2653
2209
1727
1093
639
454
561
824
762
364
15
99
427
578
365
211
193
416
410
-105
-294
-171
102
-63
-426
-413
-411
-360
-456
-522
-383
-181
42
200
381
561
708
786
934
1046
912
546
270
304
479
474
202
36
-176
-427
-849
-1275
-1218
-1159
-1031
-970
-849
-411
-78
227
208
-47
-131
-47
155
272
429
681
1007
1197
1039
743
280
54
49
59
102
-108
-21
128
25
-206
-690
-997
-1130
-960
-605
-490
-454
-270
50
144
-88
-316
-196
185
508
598
453
203
-103
-375
-513
-514
-429
-375
-463
-666
-784
-699
-663
-941
-1404
-1658
-1542
-1163
-843
-927
-1459
-2106
-2286
-2148
-2038
-1893
-1470
-564
202
501
423
210
276
605
1255
1979
2379
2386
2249
2333
2514
2422
1944
1330
936
939
1154
1216
1109
989
866
668
343
-106
-483
-446
-128
-6
-156
-198
-35
12
29
120
313
466
334
148
73
370
773
755
598
621
882
826
258
-165
-287
-227
-403
-838
-1029
-943
-633
-610
-924
-1096
-982
-702
-612
-573
-451
-307
-245
3
478
842
919
570
240
-2
124
565
881
1082
1017
982
812
532
323
114
66
112
304
470
464
179
-206
-434
-326
-38
-94
-411
-811
-845
-474
-145
-29
-294
-576
-655
-521
-200
80
164
-1
-227
-305
-228
-181
-274
-447
-595
-680
-756
-805
-801
-787
-803
-929
-1200
-1529
-1681
-1539
-1387
-1444
-1610
-1639
-1553
-1457
-1402
-1289
-1075
-751
-119
429
783
777
511
570
843
1619
2352
2491
2171
1645
1608
1670
1530
1275
918
663
560
637
716
735
763
810
788
681
554
477
601
856
953
681
190
-99
-53
77
-26
-374
-654
-771
-754
-494
94
532
331
-348
-820
-670
-318
-9
-125
-326
-204
-110
79
33
-148
-475
-874
-752
-405
89
399
201
-239
-521
-323
72
389
612
740
671
512
467
494
459
327
240
241
339
576
809
812
569
304
155
58
-62
-150
-134
-41
32
59
113
182
81
-307
-748
-825
-430
31
69
-311
-616
-495
-173
-132
-536
-1073
-1299
-1080
-598
-137
3
-275
-797
-1138
-1002
-563
-160
-121
-436
-672
-611
-419
-236
-338
-734
-977
-1167
-1237
-1103
-968
-896
-1111
-1384
-1588
-1588
-1288
-974
-580
-73
457
707
674
701
815
1048
1457
1810
1797
1627
1705
1982
2118
1944
1605
1273
1017
866
846
874
748
482
338
398
466
323
68
-68
44
201
135
-212
-618
-697
-442
-76
-73
-381
-600
-535
-37
415
614
446
183
90
-5
246
484
365
-35
-402
-297
-73
127
113
-244
-427
-382
-252
-154
-111
140
379
388
196
-59
65
370
554
568
408
400
418
361
338
261
220
33
-197
-109
194
517
463
11
-247
-104
281
418
143
-121
-237
-71
144
48
-309
-780
-893
-719
-513
-364
-407
-510
-656
-728
-710
-712
-787
-859
-800
-531
-72
175
81
-228
-439
-393
-234
-87
-140
-243
-246
-245
-351
-395
-447
-728
-1070
-1285
-1279
-1256
-1100
-977
-1185
-1479
-1576
-1296
-1002
-715
-411
-160
208
514
751
842
921
975
879
1154
1682
1919
1735
1370
1217
1102
1023
1042
939
773
589
497
495
491
542
593
529
442
574
772
707
418
329
434
325
-20
-175
-26
32
-53
-303
-448
-412
-283
-160
-280
-125
145
322
392
295
281
171
196
227
288
557
725
658
289
-23
-173
-303
-432
-545
-596
-575
-486
-524
-637
-601
-392
-240
-386
-591
-381
152
487
477
370
407
573
697
695
597
509
503
485
415
380
268
-99
-540
-760
-708
-549
-550
-769
-925
-866
-719
-598
-572
-661
-730
-632
-370
-19
256
249
39
-24
104
200
172
68
-21
-32
9
-51
-218
-449
-617
-681
-785
-929
-909
-683
-745
-1015
-1238
-1251
-1005
-882
-726
-750
-932
-1011
-986
-844
-731
-474
-424
-557
-581
-402
58
345
504
701
889
1004
1062
1355
1748
1834
1588
1361
1359
1458
1477
1323
1105
917
847
821
658
413
145
111
194
222
342
315
144
-121
-194
22
170
347
491
585
634
594
498
343
331
485
566
452
219
-3
-176
-380
-562
-601
-599
-615
-755
-1020
-1028
-813
-700
-626
-454
-277
-178
-143
-126
141
466
514
470
396
490
589
436
239
-12
-32
120
18
-151
-282
-228
-128
-257
-361
-379
-244
12
157
161
77
64
109
72
-50
-212
-303
-142
107
209
109
-177
-342
-342
-328
-201
-97
-281
-528
-643
-604
-409
-351
-401
-509
-519
-408
-400
-293
-218
-205
-290
-429
-345
-192
-82
-144
-347
-601
-696
-608
-449
-367
-519
-660
-892
-1083
-1129
-1066
-810
-626
-475
-414
-388
-230
23
379
595
626
760
966
1117
1357
1616
1757
1749
1477
1131
968
979
1106
1221
1179
1025
895
823
753
621
505
524
561
424
250
197
144
62
-79
-351
-513
-420
-271
-210
-227
-254
-145
-50
-98
-201
-193
-33
117
137
15
-14
2
64
109
14
-54
-282
-462
-540
-468
-334
-500
-569
-588
-552
-470
-546
-606
-678
-445
-16
185
322
363
356
361
316
410
564
699
706
471
371
384
390
384
230
132
48
-27
-2
-47
-90
-250
-460
-565
-753
-756
-592
-411
-207
-250
-390
-461
-415
-187
19
69
-35
-193
-240
-69
249
467
316
-174
-557
-562
-357
-192
-187
-319
-484
-485
-341
-219
-281
-587
-907
-878
-360
-18
-125
-365
-624
-680
-645
-560
-521
-490
-306
-289
-318
-235
-145
-72
16
112
126
216
519
889
1047
1013
965
890
790
703
707
905
1147
1110
843
602
479
473
485
408
281
250
354
439
456
504
500
334
154
99
165
320
500
566
433
166
-113
-256
-195
-82
-100
-262
-455
-533
-474
-400
-444
-597
-634
-473
-303
-154
-6
48
59
38
-109
-271
-247
-49
154
249
257
133
-117
-231
-65
166
174
-64
-270
-184
68
195
128
-42
-226
-367
-373
-188
52
185
195
57
-118
-164
-128
-50
103
215
163
-64
-340
-422
-293
-209
-341
-518
-477
-271
-90
-38
-53
-189
-331
-306
-130
140
304
374
228
49
87
153
166
-4
-108
-117
-210
-287
-365
-287
-232
-301
-365
-513
-468
-296
-247
-212
-129
-9
-66
-223
-308
-311
-334
-409
-326
-190
-32
40
-70
-293
-528
-509
-232
204
593
762
668
504
394
392
598
821
1000
1030
1039
1040
915
777
646
610
536
475
351
167
163
234
291
212
42
-168
-145
15
66
124
55
-12
-47
22
117
34
-177
-337
-347
-317
-99
19
-69
-204
-275
-213
-227
-163
-190
-192
-69
-58
-73
-63
24
60
11
-116
-257
-254
-111
20
6
67
73
-36
-172
-408
-528
-476
-466
-465
-413
-390
-307
-244
-178
-161
-211
-30
192
346
374
339
491
623
634
459
272
265
305
363
386
359
291
79
-198
-249
-129
-108
-212
-287
-193
-21
57
-27
-198
-225
-69
77
169
250
286
215
55
16
146
171
11
-182
-283
-180
30
25
-259
-562
-701
-656
-508
-425
-403
-375
-513
-721
-614
-363
-397
-621
-734
-643
-451
-354
-387
-399
-296
-158
-68
8
121
287
497
671
778
840
877
968
1099
1091
945
811
702
604
524
432
365
301
149
35
47
59
39
29
-5
-60
-109
-118
-87
13
164
166
-27
-120
23
243
297
114
-93
-93
86
269
253
20
-175
-247
-322
-340
-239
-191
-260
-339
-361
-279
-163
-221
-446
-566
-424
-158
-1
-19
-133
-188
-135
-38
20
23
35
69
138
141
87
46
-43
-120
-137
1
128
101
59
59
181
307
383
442
416
403
417
332
261
347
364
201
26
-24
-5
-8
-34
-64
-86
-143
-195
-279
-293
-150
13
138
51
-65
-29
43
103
79
-31
-197
-351
-440
-331
-125
-51
-116
-276
-413
-526
-556
-579
-639
-529
-440
-484
-520
-512
-500
-593
-711
-799
-696
-412
-264
-257
-339
-290
-125
10
228
428
555
484
428
576
688
734
718
647
582
613
716
808
850
798
746
681
585
520
505
510
440
244
7
-146
-198
-213
-257
-354
-451
-445
-301
-150
-119
-202
-300
-289
-128
78
207
252
213
113
82
176
239
172
66
-2
5
67
40
-170
-400
-474
-432
-377
-365
-456
-550
-477
-329
-229
-153
-102
-36
74
159
238
315
258
156
198
311
392
430
400
303
232
201
158
108
115
219
315
292
179
71
26
71
134
71
-35
-129
-168
-150
-118
-16
-58
-193
-256
-284
-246
-228
-240
-210
-119
-76
-120
-187
-235
-202
-136
-91
-61
-24
-44
-69
-116
-185
-159
-137
-82
-55
-43
-9
-69
-154
-280
-376
-391
-412
-451
-463
-381
-303
-340
-417
-384
-267
-179
-130
-61
62
196
272
237
135
83
140
252
341
368
374
384
358
305
240
185
173
227
357
367
221
113
167
337
409
356
267
188
190
282
337
224
-8
-213
-183
62
186
72
-181
-361
-252
35
178
70
-48
-88
-44
133
299
350
261
111
44
84
156
190
154
75
5
-64
-138
-178
-171
-165
-190
-216
-210
-162
-91
8
67
65
28
-36
0
116
208
175
80
89
145
171
118
8
-74
-57
61
161
120
-53
-229
-279
-154
-36
-33
-87
-78
-4
-25
-94
-170
-168
-68
53
133
82
19
-21
-1
60
102
61
-110
-211
-199
-163
-170
-201
-197
-208
-209
-253
-281
-173
-44
39
15
-156
-248
-181
-128
-155
-248
-251
-202
-242
-311
-450
-551
-521
-507
-488
-503
-526
-443
-350
-312
-295
-205
-30
157
318
408
403
332
327
455
652
723
584
387
312
394
439
394
309
202
196
319
475
499
416
378
374
342
272
215
232
322
400
357
216
100
58
17
-42
-75
-81
-77
-104
-103
-34
39
10
-185
-281
-150
65
182
144
86
7
-64
-31
88
96
-153
-455
-520
-328
-77
35
-131
-421
-571
-489
-329
-230
-170
-214
-268
-262
-187
-63
51
122
48
24
138
290
357
253
145
168
300
296
142
-8
-103
0
143
138
71
-34
-125
-136
-122
-120
-95
-23
44
72
42
-20
-40
-28
-27
-45
-62
-85
-124
-141
-126
-88
-89
-182
-287
-315
-269
-242
-291
-281
-150
-60
-23
5
-18
-44
-44
-17
76
159
167
138
69
-33
-123
-211
-258
-203
-112
-104
-169
-212
-224
-232
-205
-175
-188
-175
-59
133
350
427
306
192
207
308
390
362
217
93
103
267
477
460
274
109
36
135
271
281
144
18
88
232
287
226
109
0
-41
30
96
176
210
52
-120
-171
-82
61
85
2
-42
9
79
83
36
1
-8
4
50
143
239
236
122
24
25
72
57
-13
-52
-47
-46
-95
-146
-166
-230
-350
-412
-355
-228
-161
-236
-284
-240
-150
-56
-13
29
41
14
-56
-32
138
236
161
-37
-127
-103
-65
-11
-39
-145
-289
-373
-350
-313
-331
-433
-484
-390
-280
-245
-221
-155
-118
-116
-58
-39
-54
-31
-26
52
158
180
139
71
78
168
259
228
73
-67
-84
19
208
372
259
-3
-129
-61
130
247
237
154
96
167
304
314
150
6
-21
78
255
349
262
113
80
152
212
198
100
21
59
115
125
161
206
172
24
-137
-94
48
117
101
-19
-127
-151
-85
4
-5
-81
-116
-89
-66
-17
29
-8
-53
-71
-31
103
239
273
232
160
122
144
178
210
206
189
160
53
-49
-80
-126
-167
-161
-134
-93
-99
-180
-244
-238
-173
-112
-112
-158
-232
-262
-192
-109
-137
-221
-248
-250
-257
-252
-195
-127
-136
-178
-270
-339
-281
-204
-189
-226
-221
-159
-159
-176
-132
-98
-78
-72
-67
-13
40
69
52
24
29
-4
-28
-8
36
128
199
145
31
37
136
182
165
161
190
247
311
337
361
394
376
313
290
321
353
316
180
66
105
213
200
58
-72
-127
-124
-76
-11
62
122
66
-111
-252
-237
-95
3
-55
-152
-136
-40
30
14
-49
-52
-28
-57
-43
82
164
89
-64
-171
-142
-20
41
-21
-102
-105
-19
95
135
112
95
137
167
104
72
96
139
164
189
258
261
191
121
98
78
18
-20
10
92
152
106
-42
-145
-142
-119
-108
-122
-221
-328
-276
-152
-111
-168
-261
-338
-326
-183
-95
-139
-201
-243
-232
-171
-88
-128
-322
-376
-249
-109
-6
-54
-175
-177
-105
-70
-96
-114
-134
-94
13
30
15
-44
-135
-103
11
141
212
177
124
153
204
237
283
297
302
351
412
422
365
319
285
222
198
186
127
93
72
16
48
118
47
-89
-167
-175
-100
0
-8
-104
-186
-202
-165
-126
-64
-49
-83
-75
-37
44
105
71
-70
-174
-132
-55
32
114
106
10
-73
-62
7
82
83
-33
-134
-87
41
123
104
24
-7
56
186
294
237
81
28
115
245
291
217
102
67
149
204
109
-11
-80
-104
-39
24
29
-9
-57
-52
-80
-124
-169
-221
-192
-130
-73
-44
-97
-170
-181
-126
-80
-150
-212
-181
-158
-132
-120
-117
-126
-163
-153
-118
-85
-69
-93
-99
-57
-32
-67
-93
-73
-32
-2
19
12
-11
13
82
97
43
25
50
147
200
142
94
89
172
221
196
163
124
81
41
108
154
139
70
-11
-12
35
94
13
-108
-141
-95
-21
-56
-140
-184
-137
-55
-35
-60
-57
-1
24
-3
-61
-91
-46
8
7
-17
-7
19
38
55
65
47
18
2
-18
-19
31
76
54
17
43
119
156
103
17
-1
62
163
209
158
93
93
132
156
145
95
67
87
112
119
112
79
24
34
49
51
74
40
16
-24
-46
-33
-73
-45
-25
-61
-57
-93
-105
-109
-168
-211
-250
-222
-145
-134
-198
-271
-293
-254
-178
-125
-126
-155
-168
-90
59
137
87
23
28
73
106
104
84
82
120
160
155
118
76
27
-17
-43
-50
-49
-65
-107
-151
-184
-185
-125
-46
-41
-106
-171
-136
-6
79
55
1
-4
63
103
69
66
112
123
121
111
80
50
30
0
-26
6
72
61
-13
-83
-93
1
87
73
16
-45
-71
-50
-38
-24
-7
-38
-48
26
106
110
56
24
86
198
272
276
234
217
233
217
160
94
26
-13
12
74
121
108
36
-44
-89
-107
-130
-122
-70
-29
-10
-2
-17
-51
-122
-176
-146
-66
8
50
49
73
140
168
112
12
-52
-38
5
47
88
87
20
-66
-133
-184
-224
-226
-162
-99
-76
-51
-57
-80
-59
-49
-68
-42
17
87
146
139
81
31
24
46
49
15
-46
-106
-105
-27
48
48
-31
-173
-293
-273
-155
-79
-75
-123
-146
-104
-46
-88
-186
-220
-187
-64
32
62
76
33
-25
-85
-79
-30
1
16
-6
21
118
139
77
16
-15
7
55
89
125
135
165
224
210
156
103
37
10
41
100
157
151
107
84
91
92
64
43
46
61
86
126
154
140
97
73
88
89
70
46
68
130
116
55
-29
-85
-97
-91
-89
-141
-155
-100
-74
-81
-70
-71
-81
-43
-20
-31
-28
-24
4
67
88
38
-9
-31
-54
-28
69
128
90
13
-40
-9
50
36
-26
-65
-34
71
147
130
72
0
-17
14
62
90
46
-29
-122
-139
-77
-35
-40
-109
-207
-280
-260
-204
-189
-219
-226
-194
-177
-137
-131
-121
-93
-95
-85
-73
-70
-74
-67
-56
-48
-72
-97
-102
-140
-137
-142
-130
-44
-9
-20
4
49
74
83
76
61
125
186
193
202
187
191
186
213
270
247
199
158
138
145
172
167
130
102
96
123
147
209
237
202
139
83
120
155
163
131
42
12
19
2
-13
-46
-127
-209
-228
-165
-124
-150
-199
-241
-195
-100
-75
-102
-141
-137
-24
82
112
97
9
-18
59
127
111
16
-39
-20
76
128
51
-19
-29
-9
17
49
85
120
165
179
171
162
134
105
107
110
89
47
-6
-18
14
10
-55
-129
-158
-155
-131
-121
-179
-225
-191
-168
-186
-196
-182
-140
-112
-117
-119
-101
-59
-61
-143
-188
-175
-174
-170
-167
-164
-123
-91
-112
-155
-212
-254
-228
-149
-55
22
44
10
-42
-78
-28
106
203
212
205
226
270
304
252
122
56
112
183
209
205
182
163
139
113
104
103
118
163
198
199
195
214
203
109
28
27
50
63
26
-41
-58
-58
-99
-144
-138
-102
-111
-149
-148
-126
-86
-34
-26
-31
-15
-14
-6
43
98
91
28
-19
0
54
71
20
-51
-81
-64
-36
-35
-43
-31
4
59
95
94
97
100
99
137
194
215
208
200
197
204
182
108
37
-7
-40
-52
-34
-34
-60
-99
-141
-157
-154
-166
-205
-240
-209
-148
-137
-131
-124
-142
-144
-150
-182
-208
-240
-225
-129
-71
-113
-204
-256
-206
-123
-105
-150
-206
-191
-85
21
42
-4
-49
-33
21
70
109
124
118
122
140
179
203
142
63
27
36
90
111
87
102
144
189
196
126
80
100
113
150
220
267
268
212
130
71
40
17
-13
-46
-56
-19
38
36
-50
-148
-185
-165
-128
-112
-108
-74
-25
16
62
64
13
-13
8
56
88
61
41
71
100
82
20
-38
-69
-66
-27
-7
-14
-13
-23
-8
35
43
13
-43
-69
2
89
117
90
39
54
111
109
74
57
53
53
59
64
71
58
40
39
13
-33
-61
-58
-41
-70
-108
-119
-110
-64
-74
-133
-128
-115
-121
-112
-133
-106
-23
-47
-142
-210
-230
-189
-153
-134
-126
-115
-73
-23
-14
-47
-85
-100
-55
33
95
103
95
105
89
61
53
24
7
30
51
85
115
83
25
7
20
47
53
41
60
69
74
93
79
47
18
24
71
95
72
63
47
-9
-35
-10
24
37
17
-13
-27
9
51
23
-10
11
20
14
26
43
66
92
111
112
77
33
17
27
58
92
91
39
-7
-7
44
77
31
-54
-107
-51
31
33
0
-70
-122
-106
-91
-65
-34
-39
-47
-37
-23
-12
4
-26
-57
-43
-20
-42
-92
-95
-56
12
40
-3
-69
-98
-64
-27
-11
-19
-15
18
51
61
21
-76
-157
-119
-39
16
33
-31
-54
-11
9
-5
-26
-48
-77
-52
30
95
101
57
33
18
-8
0
30
56
70
60
44
39
15
-21
-4
40
34
1
-11
-21
-15
21
32
-8
-48
-51
-18
13
-1
-64
-111
-80
-12
-10
-58
-65
-30
12
29
-12
-59
-36
35
91
122
76
-5
-5
41
82
95
63
51
68
108
128
91
34
-16
-28
6
50
87
74
49
51
57
70
68
18
-30
-17
15
38
56
66
51
5
-48
-60
-18
21
11
-38
-69
-44
-18
-39
-65
-74
-100
-137
-150
-143
-100
-51
-82
-141
-140
-131
-121
-64
-27
-37
-38
-20
3
18
4
-15
-4
35
81
89
50
55
100
120
101
55
27
44
86
112
112
100
85
88
92
78
78
80
57
31
-6
-11
26
11
-37
-77
-112
-102
-51
-2
24
-16
-73
-73
-41
-9
13
23
17
-2
8
30
10
-41
-125
-190
-167
-115
-78
-78
-112
-131
-140
-134
-110
-80
-46
1
32
11
-28
-34
4
60
87
65
60
94
126
156
150
115
83
87
133
152
129
80
48
73
98
95
80
72
107
110
51
20
12
17
47
39
31
31
8
16
16
-15
-37
-30
-7
-17
-39
-32
3
35
-1
-93
-148
-123
-62
-47
-88
-96
-53
-42
-74
-114
-147
-147
-123
-108
-80
-61
-66
-40
-13
-9
-9
-31
-29
35
76
69
50
27
31
72
108
122
125
125
92
40
33
73
95
54
-6
-8
26
46
47
1
-68
-105
-91
-37
1
4
-8
-40
-70
-57
-29
-11
-4
-20
-25
-23
-25
-3
45
56
-1
-49
-64
-29
14
-13
-49
-66
-58
-49
-58
-76
-87
-73
-40
-24
-28
2
17
30
56
47
46
41
36
47
69
90
106
112
106
87
49
55
72
81
92
75
89
108
74
18
0
27
53
43
3
-15
-13
-9
-13
-34
-43
-22
5
32
46
32
11
1
12
48
70
63
40
11
-5
-9
-34
-59
-64
-74
-71
-47
-21
-12
-50
-105
-114
-93
-68
-52
-71
-86
-72
-60
-45
-19
-5
-14
-40
-59
-63
-57
-33
-5
-2
-5
-1
2
18
31
21
-2
-21
-6
47
90
98
78
49
38
36
25
24
21
13
13
15
15
-1
-42
-74
-75
-57
-42
-43
-46
-35
-12
10
23
27
20
-5
-32
-29
12
62
77
44
-4
-22
7
45
55
17
-38
-64
-39
11
41
31
0
-22
-26
-17
2
31
56
53
33
24
46
77
77
36
-4
-7
28
63
62
33
13
28
61
61
16
-43
-58
-16
39
47
-3
-55
-55
-8
25
0
-55
-86
-63
-12
22
28
23
25
31
29
18
13
23
42
53
58
60
62
55
31
1
-14
-9
1
-10
-36
-55
-57
-52
-63
-95
-122
-121
-93
-60
-47
-55
-72
-78
-70
-52
-30
-8
11
25
40
60
81
92
82
59
47
56
83
95
74
32
0
-4
8
10
-7
-34
-53
-53
-41
-27
-26
-34
-46
-51
-47
-39
-28
-20
-19
-19
-10
13
35
46
37
23
21
34
45
38
22
20
37
56
50
23
-2
-9
-6
-2
1
9
18
20
15
14
18
26
24
13
4
6
12
18
15
9
-4
-13
-19
-24
-25
-17
-6
1
-9
-35
-57
-60
-45
-30
-24
-22
-12
0
0
-12
-16
-6
3
4
-3
-1
11
24
27
18
10
8
11
13
8
-3
-11
-4
12
20
9
-10
-20
-14
-3
0
-5
-15
-17
-7
7
17
17
9
0
0
5
8
8
8
14
20
23
24
24
25
23
16
7
3
-1
-5
-9
-12
-8
4
12
5
-17
-37
-36
-14
10
18
8
-6
-11
-1
8
8
-1
-9
-2
16
35
39
19
-10
-30
-28
-11
-2
-13
-31
-31
-9
14
18
3
-11
-4
14
34
39
31
27
35
53
66
61
41
22
14
16
16
11
8
12
17
15
1
-15
-29
-36
-33
-17
0
12
11
0
-11
-14
-13
-12
-13
-11
1
19
24
7
-20
-33
-24
-6
-7
-25
-41
-34
-14
-6
-20
-43
-50
-34
-14
-7
-18
-30
-25
-10
-5
-14
-27
-22
1
25
29
16
3
8
33
55
54
33
18
26
46
58
54
39
27
24
22
12
-3
-13
-7
