11
-26
35
1
-5
-24
9
43
-27
54
-16
-33
6
-17
4
12
20
-39
33
-2
-25
19
-14
30
23
-39
-32
21
1
20
-14
15
5
-6
2
-17
-19
1
40
-10
-1
-23
-3
-11
48
29
-8
-13
-46
53
32
-9
5
5
-15
-18
-5
18
3
-12
-39
-5
20
18
32
-10
6
-32
-11
52
-51
-10
26
3
46
-35
-22
-10
-43
67
12
-6
-17
-1
-12
34
13
-44
13
-11
-6
18
44
-25
-15
2
7
14
8
4
-17
-18
20
8
-15
24
9
-22
19
-9
-30
4
0
11
9
-30
8
30
-32
2
1
6
32
-13
-39
-19
32
-1
16
9
-21
-13
30
-12
42
-29
-22
29
1
6
-22
0
9
-12
42
-3
-39
38
42
-13
-11
-16
6
34
-5
-5
-23
48
-34
30
-7
-19
55
-21
3
-2
9
29
4
-3
-6
28
1
-10
-18
30
30
-46
45
-27
19
8
1
13
-36
37
19
5
-56
-11
48
11
-8
-1
-4
21
14
-31
-8
-2
5
38
-8
-22
32
0
-32
49
-17
-12
-17
20
-2
-5
18
-21
16
8
-6
-8
16
2
20
-20
-10
4
10
7
-1
-18
-4
45
-19
-9
0
-37
40
15
5
19
-45
13
8
23
-29
3
-8
0
18
-39
27
15
32
-25
1
48
-11
-35
4
50
-12
12
30
-62
48
-25
-1
14
-24
19
-8
-32
16
0
33
-16
7
14
-52
12
19
36
-31
17
5
-33
24
-16
-3
21
-59
-6
36
3
-30
-11
-4
16
24
-2
-20
-21
54
11
-13
38
-29
-21
-7
17
20
-44
8
26
4
-4
-23
-5
23
17
12
-28
-37
-20
16
34
-2
1
-104
84
27
31
-20
-54
32
-22
65
-8
-38
28
30
-7
22
-40
-6
22
35
5
-35
-16
33
5
37
9
-33
-2
-14
15
-3
-9
-23
92
-54
-3
25
-23
-3
7
22
-14
40
-34
23
-11
-4
-3
-29
19
34
-9
9
-20
-27
14
-3
30
19
-10
11
-28
22
-4
-21
20
-4
26
25
-27
-31
4
-6
5
1
-6
44
-14
-26
-11
-27
52
41
-50
-20
5
2
13
19
-19
9
16
-30
-5
3
47
-67
44
-11
-17
1
5
23
-23
68
-14
2
12
4
-11
23
28
-63
10
5
23
-29
13
-15
6
46
-7
-14
9
-26
-5
16
20
-29
-38
-8
25
57
3
-29
-39
-2
51
-10
-1
23
-6
-19
4
52
1
4
6
-33
23
36
36
-48
-71
33
47
58
-22
-65
19
21
-10
18
15
-28
17
4
-22
41
-9
-17
-7
-3
21
-12
29
-41
-24
39
-33
22
46
-3
-37
40
-26
-45
81
-18
-22
-43
34
25
-30
46
-13
-10
1
-4
-29
27
-5
47
-32
21
-27
-43
49
29
6
33
-82
-16
43
-15
45
48
-26
9
-35
-21
32
-9
2
0
-80
46
29
-37
58
-23
13
-19
3
24
44
-58
3
-17
41
24
-45
7
44
-18
2
25
-35
-2
-12
33
-53
33
-14
5
2
-2
40
-24
-32
22
-47
-12
16
10
-1
14
-15
-31
62
35
4
-31
39
-77
6
40
22
30
13
-12
-36
14
-73
17
31
24
-59
7
22
-15
-10
-49
32
9
-2
-13
-33
25
-10
7
-11
-23
1
30
-4
12
6
-40
56
-18
-32
38
6
24
23
4
-27
-1
-11
-13
10
35
50
-27
-73
14
94
-26
-29
-38
-23
79
-18
27
-26
-22
33
-59
60
61
22
3
-32
-52
37
46
-15
31
-61
44
53
-39
-28
65
-71
55
82
-94
-58
53
-7
-11
111
8
7
-104
49
45
-98
66
-53
-11
111
-45
31
-77
39
-9
53
98
-136
-53
98
-22
-18
2
-73
142
-14
-61
50
21
-44
33
36
-53
-19
-22
62
29
-35
33
98
-73
16
4
3
-3
4
-10
-25
42
5
-1
11
-38
-105
-26
86
39
-68
-74
63
-48
17
123
-33
-31
-45
14
27
37
150
-159
-22
39
9
21
-22
35
-78
10
-3
16
8
-24
15
35
130
-33
-60
-80
-71
39
86
-25
32
48
-73
97
-104
-43
23
94
105
-29
-59
-75
6
-50
37
13
10
107
-119
-14
-14
-67
114
38
-53
36
30
-50
30
74
-35
-83
18
16
-59
72
111
-39
-85
-21
16
-10
-3
72
32
-103
-91
26
103
57
-27
-26
7
11
-55
-29
67
31
17
35
-56
22
71
-133
25
71
-90
32
-41
19
88
1
-22
18
-50
-75
20
20
186
-50
-128
-60
-53
126
162
-29
-40
-113
-67
79
148
-24
-79
12
-4
75
16
-73
-6
-21
1
75
9
-41
-62
22
130
135
-134
-206
106
-23
116
-49
-32
-42
10
47
14
71
-5
-109
-4
5
42
-22
55
88
-120
-21
6
19
90
-69
53
78
18
-205
35
20
95
50
-62
-67
48
5
-8
35
-38
-19
29
-13
30
-29
-21
-42
55
137
-77
3
8
-14
78
-36
3
-106
1
116
8
-12
-131
-20
36
42
93
-72
-59
104
-23
-83
63
-29
-32
72
98
-109
-159
142
89
-40
-62
-24
42
74
-3
26
21
-166
117
42
-18
121
-100
3
-1
23
-48
45
35
-45
20
-122
91
91
122
-131
-38
-41
117
51
-136
127
-93
-39
54
-17
-53
43
38
-60
107
-37
-85
-52
177
64
-40
-117
-146
166
6
30
28
20
-40
5
-49
-26
-54
110
20
-38
87
-127
86
59
-114
-38
98
-43
74
-43
39
26
-78
-11
-11
55
20
-65
37
14
90
-24
-98
-24
22
119
-91
-92
-117
-34
282
100
-20
-170
-75
131
78
12
-100
-11
-24
-12
73
31
-19
29
45
-27
-25
-124
-53
93
77
16
66
10
-94
49
-134
-132
40
3
66
-62
7
134
22
-137
-258
46
270
61
-54
-30
-178
-92
88
229
209
-121
-67
14
-89
28
74
-89
34
-103
173
-39
-2
-8
38
113
-128
-48
-83
-47
35
126
-1
-27
146
-101
25
-15
-139
2
-52
-4
71
32
-40
95
-16
-167
179
7
9
-115
37
-46
5
74
-36
-24
104
46
-28
107
-67
-23
80
-78
58
-12
-43
43
40
11
50
-20
-31
8
-41
51
7
-109
3
51
151
41
-114
20
30
90
-45
1
-181
-65
-7
277
125
-219
-69
27
175
101
-263
-9
35
19
34
-89
77
89
-3
-94
-56
144
79
-113
-156
8
166
13
-89
0
3
28
48
-28
-44
1
-11
138
-33
-49
-139
137
-51
-67
59
-86
100
-44
13
-49
58
17
-128
-46
68
52
67
31
-54
0
98
13
-87
-31
37
50
-16
-154
6
149
47
48
-18
-98
-56
-47
128
60
-203
31
120
-62
74
78
-32
19
-1
-34
-33
31
55
-102
-42
72
-58
-16
-36
-57
118
32
-12
-25
-149
-49
109
157
78
-96
-169
53
179
75
-16
-311
-252
271
323
57
-158
-181
90
133
-34
-117
-115
38
64
7
41
-25
-31
6
-3
63
-22
-66
4
-42
-11
67
114
84
-33
-78
17
98
-47
-145
4
111
-4
-8
30
-59
97
126
-124
-76
-91
-169
167
268
10
-81
-103
23
104
-57
6
53
19
-9
-127
29
-31
-45
36
32
135
-125
-20
31
-34
95
-111
-30
130
-30
6
115
-85
-178
64
66
-80
-19
92
131
-111
43
-113
37
15
9
43
138
126
-246
-17
-62
76
119
-27
-198
21
58
64
166
-215
-22
93
46
116
-91
-15
-40
35
115
65
-19
-140
-89
82
164
-91
-187
-99
-53
228
324
0
-211
-172
11
235
64
-133
-28
17
-20
-61
-93
30
152
-48
14
67
-132
10
-29
-38
70
-33
-83
-23
186
229
-30
-243
-71
12
-108
37
163
102
-17
-134
-165
47
116
56
62
-51
-38
-29
44
38
-89
36
-48
33
87
-6
12
-122
6
80
5
133
-13
-166
96
-42
31
-83
69
-143
-37
158
-76
134
-111
2
94
15
-5
-92
-30
143
128
-8
-213
-180
46
256
131
-67
-171
-109
16
-1
166
-5
-149
35
-98
62
152
-70
2
-8
-71
129
28
-136
16
77
-3
-113
-51
93
244
98
-220
-215
40
264
70
-132
-21
-25
42
-4
-190
-11
34
212
-70
-126
-43
106
3
93
146
-157
-51
-107
33
31
157
-29
-50
59
-23
120
52
-68
-74
-168
-69
134
119
29
-63
-168
-11
158
200
-116
-169
-9
-103
111
148
90
-31
-289
-55
258
155
31
-92
-190
35
99
-92
-44
58
180
42
-169
-15
-58
83
-32
171
116
-30
-209
-135
-62
179
300
-15
-47
-138
-159
38
70
194
-47
-258
-72
48
169
184
-94
-78
-36
-88
83
147
126
-71
-93
36
-35
-60
-100
-75
151
155
-83
-132
-47
26
171
26
-82
85
-109
55
13
-60
-200
197
160
-79
9
-24
-105
108
204
-58
-115
-187
-46
188
5
64
-69
-121
193
-50
-18
179
37
-39
-196
-76
30
169
-97
72
3
-38
-31
-90
177
101
-119
-67
19
-82
29
-92
54
-52
-36
191
4
-29
-48
-156
66
240
-5
-150
-79
-99
227
236
-82
-129
77
-33
40
90
-245
40
52
34
35
4
-71
92
79
59
-83
-22
50
46
-126
-130
39
45
174
125
-210
-182
-130
94
254
46
36
-98
-124
206
228
-29
-269
-105
131
42
-26
42
-7
-69
-4
64
54
-183
-186
39
192
180
-139
-77
-17
54
-8
-31
87
-111
-60
-2
79
74
139
-134
-83
-44
81
115
-49
-134
-8
24
-96
60
236
-175
-2
129
-103
-18
30
12
41
-65
-290
99
298
24
-41
-338
-85
226
82
-28
-35
-86
54
112
-194
69
101
55
-102
-172
30
335
173
15
-393
-167
247
-41
119
-78
-46
-10
168
128
-145
-202
21
238
-32
-55
-104
-136
-6
89
115
-84
63
9
-90
-41
46
71
-40
-39
-47
107
95
73
-58
-194
99
117
78
-32
-146
38
39
66
18
-45
-26
-54
123
-27
-172
-93
110
298
16
-19
-116
-142
90
-6
-26
66
54
21
112
-63
-89
16
-45
123
-27
-87
99
83
26
-7
-107
-1
8
-167
166
40
-23
165
-127
-26
60
-46
-76
2
-67
15
89
-206
112
271
77
31
-152
-119
139
118
-47
-23
-109
-5
7
-20
114
29
-42
-102
74
-14
-92
136
58
-45
27
47
-182
15
110
13
84
-103
-73
-73
84
201
-19
-139
-128
104
35
-31
47
-134
-23
177
3
-51
37
-15
59
48
-74
-33
-50
8
90
-57
14
-58
-44
95
8
-24
2
56
-76
7
-47
23
-41
-15
-111
126
190
42
-63
-28
-140
-110
157
127
-23
-83
-76
-44
46
148
-105
-13
116
-91
18
22
-126
31
163
36
-87
-27
-11
15
32
-15
-51
-40
-23
53
90
58
-65
-47
-8
-34
88
-201
127
89
-67
-75
-23
111
-26
10
-45
-26
-37
-23
-52
124
215
-52
-41
-58
196
-71
-193
-24
-7
131
31
35
-32
131
-33
-79
-74
-54
62
50
-36
32
73
-9
-24
-13
-70
71
79
-65
-13
28
19
16
28
-25
-118
10
35
-36
21
53
7
-13
1
25
58
11
-60
-104
-52
93
111
15
-28
19
-13
90
105
-45
-113
-84
22
55
148
-43
-44
-81
27
0
-138
43
62
-9
-27
22
-43
28
-19
-93
11
65
46
48
-47
-23
-102
-6
218
50
-23
-107
-42
17
68
54
12
-92
-10
102
11
-10
2
-55
-31
-132
42
42
126
94
-52
-108
-101
21
40
63
39
16
-88
19
58
14
-25
-40
3
-80
-42
31
-15
113
-37
-54
50
5
145
-45
-16
-8
-107
47
18
33
4
39
-80
-55
4
36
46
66
-69
-2
74
7
66
-64
35
115
12
-68
-57
-58
32
97
20
-85
-57
-77
-2
227
73
-144
-104
1
146
68
-68
-141
-56
85
93
47
-78
-13
14
-57
26
14
21
-8
-18
77
-3
-40
-17
-58
-28
33
-7
-39
42
88
7
2
16
13
-29
-109
19
6
67
-31
10
7
-10
22
-40
39
-54
18
9
-42
-32
-31
115
24
68
6
-69
-14
2
55
31
-22
34
110
-25
-38
-42
19
-28
8
-1
-37
107
27
-69
34
-41
9
6
-91
22
44
-41
-31
11
-50
56
64
-68
-49
-63
73
32
-19
-58
-21
35
-11
26
43
-19
4
77
-24
-67
-83
-66
24
9
115
75
-47
-57
-18
-37
-36
12
-19
16
-46
4
66
5
56
63
6
-16
43
6
-29
-54
-16
54
53
28
35
-59
-23
60
7
-3
-43
-73
-40
-32
42
48
11
44
49
8
-17
-24
-8
28
43
8
-54
-21
-2
11
94
71
-6
-61
-27
30
43
64
10
-47
-27
7
-9
39
69
-28
-74
-56
-40
-1
101
112
-8
-56
-69
-15
68
17
-43
-38
-20
33
36
19
27
-11
-7
-11
-12
65
28
-28
17
-17
21
108
3
-35
-1
-38
30
88
25
-16
-9
-7
-24
7
-14
-48
33
34
6
2
8
46
21
35
12
-8
1
-2
35
-2
0
-20
-24
25
-12
-12
42
82
61
41
22
-15
1
0
-21
-7
10
9
11
-4
-13
15
11
0
13
17
4
-15
-15
5
16
9
-8
-22
-25
-22
-5
13
18
5
-23
-5
34
15
-2
-8
-47
-7
23
-4
-26
-41
-64
-33
-34
-80
-15
1
-52
-87
-62
-97
-51
-83
-75
-79
-40
-9
-2
30
-20
-52
-22
-9
-1
2
9
-22
-44
-57
-50
-38
-25
-2
14
32
29
5
24
51
24
26
42
2
2
47
59
79
108
87
68
48
27
45
43
34
41
57
38
63
104
71
76
52
44
48
32
59
51
56
59
37
29
24
55
58
12
10
23
4
3
-15
-36
-1
-11
-65
-69
-69
-80
-73
-81
-80
-70
-105
-113
-89
-106
-95
-52
-45
-34
-11
0
3
-22
-59
-71
-101
-162
-203
-206
-199
-190
-165
-150
-145
-126
-122
-149
-177
-219
-294
-365
-409
-441
-427
-299
-59
246
564
832
1038
1221
1345
1318
1136
885
610
297
-43
-341
-519
-563
-509
-403
-270
-119
30
133
165
171
158
67
-94
-214
-239
-215
-152
-28
140
321
502
643
706
687
591
425
217
4
-192
-342
-422
-432
-373
-264
-142
-39
43
108
124
61
-68
-205
-312
-393
-484
-555
-557
-468
-347
-267
-193
-112
-36
-14
-47
-97
-149
-216
-355
-436
-465
-459
-413
-392
-311
-257
-261
-338
-477
-592
-701
-768
-803
-826
-822
-766
-778
-873
-967
-996
-750
-160
671
1445
2033
2581
3113
3498
3521
3206
2686
1947
998
-18
-900
-1508
-1752
-1755
-1656
-1433
-1087
-704
-371
-104
92
133
-54
-361
-606
-679
-598
-457
-261
52
479
895
1236
1522
1715
1701
1467
1091
641
240
-41
-173
-164
-25
207
379
527
649
685
573
257
-152
-574
-928
-1167
-1274
-1205
-983
-645
-239
178
522
735
783
659
385
-7
-447
-864
-1183
-1367
-1413
-1340
-1172
-923
-612
-271
36
222
227
72
-176
-451
-712
-911
-1018
-1036
-976
-839
-661
-550
-552
-603
-681
-883
-1258
-1700
-2082
-2388
-2602
-2483
-1683
-170
1578
3076
4333
5521
6484
6820
6382
5401
4096
2490
631
-1227
-2621
-3248
-3331
-3244
-2978
-2384
-1552
-796
-302
19
230
167
-262
-846
-1196
-1141
-870
-555
-106
598
1433
2190
2780
3160
3216
2853
2091
1099
165
-489
-888
-1195
-1379
-1254
-816
-264
246
733
1204
1458
1296
814
254
-185
-491
-780
-994
-964
-732
-450
-154
210
593
803
685
297
-175
-612
-1073
-1582
-1930
-1960
-1798
-1600
-1307
-838
-310
70
184
77
-136
-406
-746
-1104
-1354
-1446
-1448
-1476
-1476
-1266
-889
-667
-731
-885
-1046
-1368
-1906
-2463
-2804
-2976
-3272
-3595
-3030
-860
2184
4665
6205
7540
8957
9767
9370
8017
6272
4287
1905
-780
-3173
-4575
-4884
-4721
-4518
-3991
-2974
-1989
-1409
-935
-366
-80
-411
-1148
-1704
-1611
-918
-98
593
1353
2329
3330
4137
4636
4702
4272
3415
2171
672
-672
-1523
-1957
-2087
-1841
-1344
-866
-327
471
1270
1591
1344
805
356
239
320
226
-40
-89
140
287
252
244
218
-55
-531
-1021
-1462
-1767
-1826
-1761
-1730
-1657
-1482
-1336
-1201
-914
-620
-641
-893
-1049
-1105
-1207
-1244
-1086
-905
-843
-850
-915
-1005
-998
-1019
-1373
-1940
-2273
-2330
-2416
-2567
-2640
-2737
-2907
-2928
-2949
-3647
-4917
-5069
-2478
2077
5978
7977
9476
11777
13717
13577
11724
9549
7115
3615
-712
-4497
-6660
-7249
-7093
-6799
-6156
-4867
-3395
-2256
-1117
277
1142
747
-429
-1321
-1289
-476
408
1019
1838
3100
4268
5042
5672
6093
5812
4566
2489
162
-1633
-2710
-3472
-3962
-3827
-3169
-2355
-1239
409
2146
3259
3446
2804
1848
1390
1588
1584
861
83
-155
-211
-355
-310
-149
-284
-688
-1204
-1862
-2315
-2202
-1941
-1890
-1709
-1309
-1105
-995
-586
-84
81
-151
-690
-1300
-1559
-1435
-1372
-1501
-1491
-1277
-1105
-967
-746
-595
-586
-698
-1125
-1864
-2511
-2771
-2813
-2947
-3147
-3353
-3599
-3671
-3591
-4015
-5224
-6127
-4688
-85
5405
8825
10575
12805
15167
15666
13960
11286
8259
4450
-265
-4955
-8237
-9352
-8964
-8305
-7399
-5568
-3417
-2164
-1530
-443
771
900
-141
-1339
-1715
-916
474
1650
2821
4466
5931
6481
6545
6517
5875
4239
1866
-711
-2815
-4084
-4769
-5084
-4756
-3709
-2352
-920
610
2079
3266
3837
3412
2260
1247
927
1022
929
745
751
662
512
536
420
17
-461
-1078
-1902
-2610
-2874
-2772
-2426
-1718
-857
-389
-275
-78
175
137
-251
-876
-1670
-2359
-2456
-1958
-1376
-825
-262
5
58
230
290
-77
-753
-1429
-1961
-2532
-3201
-3634
-3630
-3414
-3296
-3434
-3798
-3972
-3724
-3818
-4964
-6309
-5644
-1297
5227
9970
11760
13263
15625
16683
15031
11862
8439
4546
-260
-5397
-9349
-10834
-10203
-8985
-7799
-6081
-3972
-2493
-1678
-591
772
1389
831
-244
-779
-159
1284
2718
3847
4890
5736
6043
5881
5492
4681
3050
552
-2335
-4751
-5938
-5926
-5372
-4552
-3173
-1408
90
1281
2659
4035
4603
4125
3059
1941
1243
1264
1747
2109
2054
1642
1050
521
150
-297
-1079
-2150
-3200
-3854
-3873
-3283
-2313
-1213
-205
551
957
1039
907
616
48
-859
-1875
-2637
-2930
-2709
-2035
-1108
-255
233
395
530
706
574
-71
-960
-1784
-2536
-3212
-3620
-3735
-3738
-3695
-3667
-3757
-3669
-3034
-2256
-1990
-2338
-3431
-5056
-5040
-994
5601
10455
12048
12720
14200
15214
13962
10593
6479
2285
-2322
-7234
-10967
-11915
-10386
-8293
-6654
-4846
-2640
-996
-201
654
1797
2251
1403
-100
-770
433
2671
4136
4632
5235
5816
5496
4517
3584
2577
986
-1353
-3901
-5544
-5706
-4981
-4070
-2946
-1552
-194
906
1866
2908
3981
4573
4221
3193
2334
2164
2449
2662
2513
2016
1283
413
-493
-1253
-1788
-2320
-2944
-3335
-3272
-2881
-2117
-941
198
894
1182
1077
632
258
79
-363
-1180
-1840
-2036
-1931
-1646
-1122
-419
224
534
354
-31
-216
-404
-1102
-2046
-2681
-3136
-3608
-3860
-3833
-3610
-3173
-2868
-2924
-2877
-2709
-2961
-3192
-2692
-2171
-2815
-4477
-5301
-2673
3710
10015
12699
13156
14308
15368
13868
9985
5659
1616
-2589
-6923
-10371
-11644
-10426
-7968
-5699
-3669
-1552
-71
226
280
1044
1898
1652
354
-555
221
2306
4197
5081
5269
5135
4625
3668
2517
1446
259
-1399
-3139
-4131
-4217
-3744
-2834
-1584
-331
574
895
928
1518
2732
3388
2970
2482
2646
2963
2902
2666
2610
2555
1854
345
-1216
-2136
-2502
-2687
-2859
-2888
-2394
-1392
-477
220
1119
1948
1954
1257
536
-2
-505
-1072
-1707
-2198
-2303
-2122
-1928
-1710
-1336
-878
-549
-423
-493
-649
-929
-1370
-1715
-1845
-1880
-2184
-2601
-2729
-2544
-2459
-2520
-2699
-3063
-2948
-2817
-2669
-2696
-2650
-1934
-2024
-2917
-4615
-5205
-1983
4068
9607
11696
12023
12829
13149
10953
7356
4027
772
-2517
-6232
-8667
-9138
-7642
-5038
-3172
-1348
59
272
-537
-1121
-396
521
560
-54
-229
785
2921
5110
6216
6156
5419
4310
2878
1609
691
-445
-1954
-3222
-3853
-3936
-3413
-2307
-1001
145
939
1146
1002
1287
2193
3019
3327
3333
3108
2560
1963
1640
1495
1289
817
-78
-1007
-1340
-1251
-1307
-1350
-1108
-975
-1116
-1066
-650
-140
238
268
-125
-582
-812
-1039
-1460
-1866
-2055
-2088
-2049
-1912
-1663
-1336
-890
-327
112
192
9
-201
-423
-746
-1124
-1521
-2087
-2884
-3525
-3620
-3340
-3125
-3104
-3140
-3061
-2807
-2614
-2643
-2512
-1961
-1678
-2639
-4513
-5055
-1884
4399
10065
12545
13049
13513
13428
11494
8040
4136
161
-3693
-6844
-8723
-8981
-7616
-5325
-3051
-1225
-265
-703
-1887
-2143
-935
561
1215
1141
1403
2888
5165
6890
7373
6797
5270
2940
566
-988
-1703
-2270
-3062
-3600
-3425
-2865
-2377
-1864
-1088
-121
602
554
103
500
1918
3053
3443
3828
4131
3610
2549
1889
1870
1945
1302
-270
-1777
-2177
-1825
-1668
-1745
-1586
-1273
-1192
-1291
-1156
-644
-96
70
-125
-264
-152
-176
-629
-1087
-1124
-1255
-2062
-3024
-3155
-2418
-1561
-954
-420
78
213
-98
-565
-916
-1142
-1638
-2580
-3242
-2994
-2426
-2372
-2640
-2826
-3126
-3205
-2715
-2487
-2760
-2797
-2571
-2417
-2846
-4302
-5297
-3155
2763
9596
13551
14102
13514
12819
11052
7622
3516
-146
-3419
-6301
-7956
-7896
-6513
-4594
-2878
-1558
-558
-431
-1585
-2783
-2395
-592
1356
2680
3315
3876
5030
6236
6352
5244
3451
1314
-623
-1625
-1583
-1080
-786
-965
-1229
-1190
-1161
-1555
-2126
-2383
-2101
-1490
-988
-457
878
3042
4936
5793
5744
5033
3899
2851
2097
1301
338
-533
-1249
-1798
-1861
-1395
-978
-914
-965
-1112
-1497
-1800
-1643
-1132
-456
270
718
685
381
71
-255
-727
-1394
-2137
-2709
-2912
-2743
-2306
-1714
-1088
-551
-268
-361
-740
-1070
-1153
-1173
-1363
-1644
-1844
-2006
-2297
-2737
-3062
-3022
-2859
-2928
-2914
-2401
-1766
-1460
-1107
-445
-257
-1537
-4077
-5733
-3563
2774
9388
12206
11824
11554
11905
10513
6648
2309
-825
-2932
-4669
-5860
-5739
-4189
-2308
-1182
-704
-582
-1400
-3307
-4788
-4082
-1390
1298
2571
3018
3905
5195
5835
5400
4368
3055
1408
-176
-830
-370
257
161
-454
-964
-1415
-2278
-3453
-4132
-3693
-2346
-859
271
1218
2417
3858
4953
5163
4514
3448
2337
1426
957
979
1142
1024
591
68
-480
-1105
-1645
-1872
-1905
-2040
-2183
-1927
-1205
-424
86
343
341
-67
-828
-1523
-1792
-1639
-1332
-1182
-1366
-1797
-2065
-1904
-1477
-1254
-1259
-1175
-997
-827
-785
-656
-501
-571
-1124
-1761
-2064
-2242
-2380
-2764
-2712
-2743
-2669
-2255
-2138
-1644
-1376
-701
-504
-904
-1449
-3410
-5986
-7355
-3738
3711
10485
13276
12567
12009
11333
9556
5553
1359
-932
-2289
-2954
-3261
-2491
-1645
-1742
-2113
-2234
-2368
-3698
-5824
-6766
-4887
-951
2815
4997
5750
5869
5524
4780
3783
2670
1387
16
-719
-22
1669
2689
2091
583
-823
-2027
-3358
-4684
-5296
-4527
-2576
-338
1480
2635
3105
3152
3151
3090
2768
2261
1817
1688
2115
2954
3515
3200
2019
349
-1331
-2506
-2914
-2749
-2298
-1695
-1152
-961
-1123
-1380
-1586
-1696
-1596
-1337
-1172
-1120
-953
-634
-328
-133
-197
-744
-1620
-2304
-2453
-2126
-1485
-734
-190
-17
-114
-363
-756
-1260
-1843
-2412
-2656
-2343
-1757
-1290
-962
-839
-1211
-1938
-2504
-2694
-2519
-2068
-1760
-1778
-1623
-1316
-2055
-4217
-5503
-2671
4302
11005
13184
11568
9778
8953
7527
4922
2293
466
-645
-1134
-907
-264
-140
-1361
-3411
-4656
-4546
-4492
-5396
-5785
-3941
-371
3059
5066
5330
4227
2632
1437
1144
1688
2334
2426
2364
2977
3957
3946
2300
-132
-2172
-3497
-4247
-4244
-3404
-2223
-1192
-259
585
929
501
-234
-382
479
1859
3045
3935
4681
5106
4934
4173
2914
1225
-679
-2315
-3084
-2847
-2303
-2132
-2204
-2204
-2259
-2489
-2767
-2936
-2716
-1921
-875
29
718
1011
735
201
-270
-806
-1436
-1847
-1833
-1428
-820
-315
-138
-282
-670
-1234
-1864
-2377
-2500
-2097
-1480
-1090
-1029
-1193
-1398
-1419
-1394
-1699
-2120
-2114
-1696
-1150
-557
-182
-297
-748
-1626
-3457
-5709
-6067
-2357
4512
10360
11929
10443
8979
7973
6110
3648
1972
1405
1333
1419
1700
1832
790
-1965
-5122
-6681
-6442
-5851
-5544
-4635
-2435
410
2695
3711
3372
2033
485
-217
555
2443
4312
5250
5361
5219
4688
3140
682
-1768
-3465
-4143
-3747
-2536
-1141
-294
-446
-1222
-1590
-1273
-1209
-1755
-1744
-350
1640
3250
4400
5058
4890
3969
2862
1959
1281
731
36
-761
-1052
-962
-1404
-2514
-3610
-4159
-4164
-3768
-2829
-1484
-353
315
571
460
151
-331
-1013
-1451
-1215
-640
-387
-491
-581
-694
-980
-1253
-1340
-1302
-1240
-1238
-1337
-1345
-1057
-771
-837
-959
-810
-635
-742
-1006
-1179
-1228
-1217
-1201
-1118
-853
-794
-1462
-2463
-3050
-3286
-3957
-5069
-4411
181
6843
11012
10672
8101
6329
5633
4928
4287
3967
3350
2313
1824
2300
2498
852
-2496
-5495
-6207
-4964
-3696
-3269
-2914
-2014
-926
-125
358
520
213
-299
-61
1539
3776
5255
5349
4540
3465
2333
1239
357
-142
-370
-669
-861
-642
-418
-731
-1674
-2766
-3256
-3098
-2558
-1567
-229
1092
1986
2304
2427
2582
2568
2277
1980
2054
2239
2068
1642
1007
163
-639
-1501
-2435
-2942
-2914
-2720
-2496
-2146
-1789
-1679
-1733
-1727
-1688
-1636
-1421
-1007
-574
-286
-148
-141
-273
-510
-756
-868
-748
-493
-299
-192
-119
-140
-333
-650
-904
-1060
-1287
-1500
-1482
-1366
-1330
-1306
-1238
-1293
-1590
-1828
-1828
-1961
-2163
-2016
-1986
-2852
-4170
-4129
-894
5069
10073
10515
7330
4594
4271
5142
5585
5184
4255
3068
2164
2273
2776
1842
-1226
-4653
-5857
-4612
-3015
-2527
-2850
-3057
-2798
-2234
-1185
113
527
-167
-656
259
2255
3861
4165
3569
2862
2385
2122
2056
2058
1721
904
133
-23
135
-297
-1546
-2757
-3104
-2769
-2399
-2074
-1359
-226
729
1059
994
969
1013
1027
1243
1857
2457
2445
1909
1451
1198
698
-156
-876
-1159
-1289
-1523
-1714
-1733
-1783
-2015
-2246
-2289
-2236
-2185
-2031
-1712
-1332
-970
-595
-213
70
126
-17
-118
-38
118
232
263
148
18
72
67
-310
-816
-1119
-1280
-1280
-1102
-1034
-1436
-2096
-2478
-2549
-2515
-2574
-2464
-1925
-1257
-1257
-2140
-3455
-3942
-1335
3943
8794
9286
5657
2524
2084
4230
6330
6919
6235
4426
3249
2924
2726
1704
-371
-2288
-3306
-3148
-2349
-1903
-2519
-3850
-4872
-4626
-3002
-1191
-550
-1289
-2092
-1642
40
1874
2918
3160
3093
2998
2942
3001
3025
2656
1837
1066
892
1097
811
-232
-1268
-1725
-1837
-1783
-1535
-1397
-1555
-1599
-1240
-699
-137
398
689
736
912
1270
1446
1314
1059
785
664
872
1005
505
-301
-667
-638
-667
-787
-911
-1174
-1642
-2167
-2418
-2131
-1520
-1169
-1278
-1467
-1446
-1238
-970
-781
-670
-590
-388
124
571
391
-220
-659
-592
-249
-39
58
-11
-420
-806
-1073
-1434
-1546
-1330
-1292
-1526
-1912
-2463
-2701
-2271
-2004
-2676
-3668
-3679
-1376
3322
7276
6878
3227
746
1541
4321
7027
7950
6499
4096
2527
2218
2682
2800
1680
-43
-1172
-1261
-897
-1204
-2621
-4509
-5478
-4482
-2470
-1390
-1872
-2946
-3197
-2309
-898
714
1951
1999
1201
856
1576
2471
2532
2052
1863
2339
2954
2704
1667
816
446
275
128
82
248
301
-248
-1232
-1827
-1480
-528
197
187
-179
-246
-258
-610
-833
-570
-55
428
648
559
299
20
-145
-90
329
800
597
-127
-659
-941
-1036
-841
-686
-839
-1123
-1489
-1956
-2235
-2077
-1592
-1188
-1088
-1060
-899
-737
-795
-1074
-1223
-943
-405
47
205
70
-170
-351
-459
-509
-580
-817
-1157
-1417
-1619
-1783
-1838
-2057
-2791
-3614
-3305
-796
3233
5664
3962
130
-1212
1375
5120
7039
6444
4462
2797
2397
2903
3501
3674
3113
1938
960
748
655
-516
-2676
-4053
-3359
-1554
-749
-1735
-3434
-4310
-3844
-2528
-1069
-96
138
-351
-776
-467
268
1083
1553
1754
2013
2549
3062
2604
1512
992
1457
2173
2402
2188
1627
762
-129
-617
-420
379
1019
664
-399
-1157
-1294
-1284
-1386
-1406
-1118
-549
-166
-399
-891
-947
-495
96
639
998
872
185
-598
-807
-345
185
286
79
-215
-668
-1304
-1818
-1844
-1339
-753
-568
-788
-1183
-1637
-1971
-1858
-1332
-800
-619
-801
-1047
-936
-391
0
-206
-628
-706
-672
-962
-1432
-1694
-1545
-1218
-1086
-1642
-2482
-2866
-2386
-376
2562
4258
2754
-347
-1437
627
4186
6215
5550
3523
2396
2937
3736
3921
3529
3058
2578
1867
1309
748
-238
-1616
-2454
-1787
-574
-318
-1641
-3732
-4708
-3929
-2420
-1484
-1371
-1619
-1720
-1411
-934
-366
283
727
988
1434
2059
2421
2083
1233
970
1932
3191
3333
2305
1373
1334
1692
1734
1381
953
692
477
42
-505
-822
-960
-1216
-1358
-940
-340
-411
-1203
-1889
-1842
-1177
-431
-127
-326
-612
-701
-647
-452
-67
271
291
41
-148
-203
-312
-616
-1031
-1007
-417
111
-96
-932
-1765
-2026
-1717
-1259
-755
-857
-1281
-1587
-1667
-1283
-840
-367
-683
-1287
-1624
-1743
-1371
-1117
-886
-1032
-1279
-1869
-2705
-2977
-2174
602
3507
3921
938
-2129
-1532
2210
5782
5925
3871
2131
2240
3425
3764
3533
3325
3435
3422
3055
2428
1383
5
-1149
-988
247
849
-428
-2947
-4637
-4342
-2853
-1825
-1811
-2269
-2541
-2286
-1964
-1584
-1152
-687
-28
496
1228
1666
1379
899
904
1959
3081
3402
2766
1723
1501
2237
2932
2628
1766
1497
1738
1484
713
9
-378
-411
-427
-550
-601
-756
-1265
-1825
-1868
-1384
-991
-1076
-1384
-1496
-1228
-789
-587
-635
-594
-425
-356
-283
-88
-45
-233
-338
-328
-340
-327
-352
-627
-1019
-1187
-1091
-896
-746
-738
-850
-936
-1048
-1180
-1213
-1155
-1078
-1224
-1526
-1710
-1629
-1399
-1278
-1430
-1503
-1419
-2029
-3019
-3533
-2389
526
2996
2730
-497
-2737
-1166
2821
5575
4999
3119
2110
2920
3957
3732
3227
3278
3950
4221
3791
2851
1448
160
-400
222
1249
1249
-462
-2842
-3973
-3506
-2266
-1708
-2109
-2386
-2344
-1991
-1923
-2111
-2009
-1604
-719
41
431
532
212
-147
143
1404
2729
3019
2317
1631
1672
2284
2763
2583
2124
2033
2239
2154
1727
1407
1226
872
397
163
224
202
-354
-1364
-2072
-1947
-1345
-1054
-1369
-1804
-1862
-1607
-1317
-1259
-1353
-1241
-1020
-881
-785
-802
-861
-810
-662
-357
10
132
-119
-560
-767
-650
-472
-294
-222
-387
-647
-957
-1147
-981
-682
-635
-1003
-1622
-2074
-1910
-1365
-1125
-1477
-2044
-2483
-2709
-2856
-3220
-2550
-218
2051
2173
-158
-1940
-825
2324
4584
4032
2453
1956
3019
4233
3968
3121
2987
3871
4558
3941
2831
1721
1028
804
965
1587
1713
766
-942
-2198
-2111
-1417
-1259
-1913
-2518
-2343
-1713
-1637
-2294
-2825
-2571
-1593
-674
-494
-788
-920
-687
-119
546
1064
1468
1661
1623
1672
1942
2203
2225
2110
2291
2870
3328
3176
2364
1362
839
927
1271
1461
1042
81
-825
-1348
-1406
-1182
-1119
-1310
-1589
-1847
-1983
-2053
-2170
-2271
-2161
-1756
-1308
-1144
-1355
-1673
-1577
-1059
-568
-290
-232
-244
-247
-492
-898
-952
-562
-96
58
-225
-547
-655
-675
-807
-976
-1052
-1056
-1127
-1449
-1663
-1732
-1604
-1514
-2033
-2784
-3346
-2651
-384
1834
1990
-605
-2914
-1974
1386
4066
3607
1549
617
1833
3738
4019
3191
2562
3194
4348
4500
3584
2064
1340
1371
1818
2404
2413
1678
20
-1420
-1674
-1015
-587
-1191
-1995
-2134
-1688
-1464
-1967
-2760
-2940
-2122
-1016
-479
-734
-1153
-1186
-778
6
602
1005
1180
1188
1413
1502
1626
1549
1458
1876
2423
2768
2388
1830
1829
2073
2023
1505
994
876
1048
941
216
-667
-985
-759
-662
-970
-1438
-1700
-1704
-1767
-2090
-2397
-2318
-1954
-1737
-1828
-1908
-1679
-1342
-1248
-1293
-1087
-654
-427
-627
-914
-868
-473
-159
-204
-381
-453
-390
-379
-484
-748
-1007
-1058
-877
-810
-1197
-1522
-1569
-1301
-1395
-2163
-2770
-2417
-323
1753
1792
-485
-2785
-2031
1000
3607
3361
1368
476
1467
3187
3586
2834
2280
2780
3863
4126
3231
1977
1375
1479
1886
2341
2550
2024
651
-786
-1362
-898
-235
-291
-979
-1508
-1437
-1220
-1396
-1950
-2317
-1930
-1079
-503
-660
-1170
-1347
-991
-341
139
485
588
479
657
931
1229
1419
1266
1160
1334
1924
2377
2204
1717
1317
1429
1739
1986
1725
995
450
106
107
46
-175
-456
-790
-1073
-1345
-1452
-1632
-1683
-1795
-2011
-1890
-1732
-1779
-2086
-2202
-1925
-1517
-1190
-1167
-1272
-1215
-1035
-960
-960
-870
-667
-453
-453
-667
-819
-754
-653
-660
-656
-643
-714
-961
-1296
-1416
-1150
-660
-706
-1610
-2544
-2138
-118
1848
1843
-440
-2472
-1724
1125
3500
3249
1313
398
1341
2891
3261
2543
2132
2589
3382
3452
2835
2128
1613
1465
1620
2065
2353
1898
698
-541
-886
-347
192
-4
-773
-1351
-1284
-1006
-1243
-1831
-1967
-1451
-939
-897
-1148
-1316
-1207
-805
-245
186
260
133
203
547
854
995
1146
1367
1535
1573
1518
1480
1460
1330
1248
1586
2126
2063
1159
153
-182
219
853
1056
496
-442
-1101
-1286
-1199
-998
-872
-1068
-1503
-1827
-1959
-2020
-1953
-1730
-1527
-1414
-1342
-1422
-1687
-1833
-1593
-1107
-758
-745
-910
-959
-880
-832
-853
-781
-562
-433
-546
-827
-938
-833
-741
-874
-1042
-1020
-863
-808
-1374
-2077
-2148
-817
1253
2016
728
-1676
-2212
-146
2561
3691
2520
1107
763
1805
2837
2791
2488
2454
2861
3001
2772
2380
1886
1590
1545
1848
2241
2208
1375
78
-784
-653
127
519
25
-932
-1487
-1416
-1353
-1521
-1686
-1471
-1058
-1020
-1257
-1523
-1367
-840
-425
-165
1
245
294
62
87
639
1371
1672
1517
1343
1419
1585
1591
1472
1478
1668
1761
1562
1162
740
418
250
250
280
154
-164
-620
-1124
-1541
-1620
-1322
-1043
-1256
-1813
-2158
-2106
-1869
-1798
-1712
-1547
-1491
-1536
-1693
-1642
-1461
-1286
-1066
-949
-780
-703
-745
-855
-1063
-913
-454
-93
-219
-675
-747
-620
-687
-984
-1143
-812
-547
-934
-1920
-2483
-1502
600
2036
1300
-834
-1908
-612
1786
3042
2453
1201
774
1358
2154
2540
2583
2648
2588
2463
2416
2464
2461
1993
1490
1401
1774
2085
1610
653
-190
-359
71
470
314
-410
-1122
-1355
-1295
-1348
-1400
-1297
-1065
-1138
-1443
-1521
-1362
-1063
-840
-295
272
215
-310
-633
-78
780
1438
1618
1370
1227
1275
1485
1480
1472
1782
1978
1798
1246
858
817
790
701
401
180
138
-61
-533
-1169
-1436
-1232
-971
-1004
-1408
-1789
-1932
-1961
-2033
-2078
-1919
-1627
-1515
-1766
-2091
-2128
-1772
-1298
-1009
-814
-744
-729
-846
-994
-796
-399
23
-11
-492
-884
-940
-622
-477
-669
-915
-985
-977
-1273
-1691
-1442
-157
1299
1528
101
-1396
-1251
669
2740
3198
2278
1112
812
1393
2178
2833
3073
2930
2445
1901
1653
1871
2143
2021
1594
1260
1465
1580
1144
331
-225
-38
306
350
-16
-513
-898
-1181
-1304
-1230
-1032
-886
-989
-1453
-1811
-1685
-944
-223
-189
-569
-792
-244
389
584
409
255
583
1036
1377
1208
995
1076
1316
1596
1671
1625
1234
970
954
1146
1367
1203
710
-65
-439
-394
-198
-145
-544
-1054
-1487
-1589
-1516
-1487
-1535
-1703
-1884
-2072
-2179
-2135
-1950
-1806
-1801
-1793
-1610
-1296
-1128
-1203
-1298
-1160
-799
-481
-371
-434
-545
-601
-605
-537
-435
-373
-486
-767
-1039
-1105
-1046
-1177
-1280
-936
177
1278
1244
88
-1148
-875
790
2648
3362
2561
1290
474
763
1686
2726
3267
2986
2236
1425
1245
1554
2096
2262
1833
1422
1215
1159
827
299
-59
-70
217
395
242
-230
-832
-1327
-1464
-1190
-712
-384
-550
-1102
-1531
-1484
-1122
-724
-359
-58
116
136
27
-108
-14
428
957
1233
1261
1217
1125
983
935
1070
1318
1521
1507
1231
886
700
615
489
348
286
240
25
-420
-911
-1173
-1164
-1075
-1105
-1270
-1474
-1660
-1821
-1979
-2040
-1926
-1704
-1545
-1557
-1718
-1816
-1643
-1376
-1091
-942
-916
-931
-999
-911
-872
-720
-420
-286
-343
-580
-694
-696
-644
-560
-582
-760
-1064
-1295
-1052
-131
946
1472
901
-164
-664
2
1532
2648
2845
2092
1275
1046
1320
1960
2553
3044
2856
2110
1354
1137
1582
1995
2030
1499
1100
1015
985
671
20
-318
-309
91
289
75
-308
-754
-1066
-1340
-1266
-803
-341
-367
-718
-1081
-1263
-1153
-880
-311
112
302
245
-89
-268
-172
187
708
1333
1675
1548
816
190
330
846
1700
2033
1657
1006
304
10
39
459
855
883
518
-239
-949
-1262
-1081
-753
-630
-815
-1209
-1636
-1931
-2015
-1971
-1769
-1459
-1327
-1563
-1922
-1990
-1717
-1406
-1279
-1234
-1093
-943
-964
-1148
-1225
-1031
-722
-471
-386
-410
-517
-657
-868
-969
-721
-280
-59
-550
-1164
-1349
-630
724
1598
1526
365
-453
-277
850
2289
2863
2796
1855
952
862
1454
2509
3171
3199
2438
1441
833
897
1511
1907
1776
1233
678
326
208
204
121
-88
-325
-392
-312
-265
-413
-740
-1081
-1242
-1045
-542
-98
-127
-633
-1181
-1301
-895
-252
281
496
338
-72
-415
-323
312
1181
1702
1471
713
127
202
831
1535
1873
1670
1058
383
-12
64
536
988
945
324
-459
-872
-801
-531
-411
-617
-968
-1244
-1459
-1591
-1611
-1600
-1569
-1535
-1529
-1498
-1500
-1571
-1648
-1698
-1609
-1278
-883
-741
-938
-1261
-1418
-1285
-946
-600
-396
-380
-535
-736
-824
-763
-599
-377
-229
-344
-688
-971
-896
-323
622
1440
1484
697
-153
-259
565
1817
2727
2829
2170
1282
803
988
1786
2765
3174
2755
1834
950
660
1022
1574
1856
1631
1059
475
-3
-258
-174
56
149
-37
-407
-653
-716
-819
-963
-997
-882
-605
-338
-336
-609
-955
-1043
-743
-227
224
412
243
-108
-354
-278
113
523
918
1184
1263
1076
555
232
337
928
1597
1774
1479
800
130
-262
-260
171
666
811
335
-524
-1267
-1503
-1214
-782
-455
-551
-1020
-1625
-2160
-2174
-1805
-1269
-915
-975
-1245
-1655
-1840
-1724
-1435
-1035
-710
-624
-822
-1145
-1353
-1260
-928
-543
-419
-412
-451
-613
-680
-711
-613
-492
-364
-270
-494
-725
-762
-342
582
1400
1586
832
-134
-333
403
1706
2619
2740
2182
1349
875
936
1621
2568
3145
2962
2030
975
499
825
1498
1898
1785
1284
602
-54
-414
-353
11
313
204
-298
-833
-1088
-1070
-960
-866
-760
-580
-371
-323
-565
-872
-904
-617
-187
151
262
202
190
273
310
274
370
683
903
1007
935
776
686
644
778
811
922
1133
1053
663
126
-183
-214
-56
65
1
-294
-681
-1056
-1440
-1467
-1265
-963
-824
-1086
-1481
-1874
-1939
-1721
-1447
-1192
-1072
-1104
-1290
-1478
-1498
-1296
-979
-701
-586
-649
-772
-881
-932
-892
-747
-542
-368
-302
-405
-622
-787
-766
-592
-365
-200
-147
-59
275
782
1122
1040
637
324
492
1143
1884
2301
2245
1854
1419
1200
1301
1708
2266
2628
2448
1770
1053
751
904
1241
1489
1478
1146
512
-179
-602
-598
-298
21
57
-276
-754
-1172
-1267
-1168
-953
-606
-328
-182
-458
-851
-966
-762
-252
165
364
307
127
27
31
257
640
933
939
739
536
477
598
809
981
1025
981
850
651
468
356
304
187
-16
-170
-266
-348
-446
-678
-984
-1169
-1215
-1181
-1139
-1154
-1229
-1355
-1518
-1670
-1705
-1536
-1283
-1149
-1177
-1246
-1226
-1147
-1068
-946
-821
-734
-696
-789
-931
-939
-809
-591
-395
-345
-411
-511
-615
-671
-633
-524
-377
-216
-69
103
419
858
1134
1025
680
484
716
1311
1912
2225
2193
1907
1552
1269
1230
1554
2012
2294
2188
1661
1112
813
761
992
1235
1211
995
552
-45
-489
-611
-387
-48
40
-182
-563
-889
-980
-927
-819
-633
-498
-540
-661
-729
-618
-294
17
97
14
-2
191
480
637
640
583
540
537
576
667
813
934
848
613
383
319
420
520
562
396
122
-128
-369
-519
-567
-473
-380
-468
-718
-1048
-1247
-1251
-1135
-1031
-1015
-1052
-1191
-1380
-1536
-1516
-1327
-1109
-959
-1049
-1114
-1096
-1001
-816
-752
-729
-742
-733
-740
-673
-529
-479
-407
-392
-462
-523
-491
-426
-369
-345
-353
-296
-204
102
533
954
1092
862
658
620
919
1344
1711
1939
1904
1792
1623
1384
1267
1415
1662
1861
1801
1495
1216
974
893
866
817
826
752
519
141
-223
-410
-373
-276
-320
-364
-450
-560
-615
-765
-808
-720
-669
-619
-578
-461
-276
-146
-147
-154
-73
57
217
336
424
515
556
526
446
379
413
523
578
508
337
216
234
266
262
240
141
6
-141
-294
-346
-294
-304
-393
-551
-751
-875
-944
-949
-968
-986
-964
-1018
-1094
-1171
-1167
-1125
-1068
-981
-980
-949
-863
-760
-692
-704
-740
-724
-701
-675
-542
-458
-400
-356
-422
-488
-532
-465
-383
-352
-295
-314
-289
-244
-200
48
394
778
1017
971
792
672
766
1023
1342
1568
1662
1680
1613
1460
1275
1183
1238
1428
1529
1469
1313
1107
851
636
593
550
534
419
225
78
-93
-128
-165
-275
-424
-534
-508
-478
-443
-495
-590
-608
-542
-433
-367
-279
-130
16
93
92
92
142
224
297
394
498
555
506
351
263
211
225
298
287
290
231
122
-2
-79
-75
-71
-49
-184
-352
-447
-527
-493
-523
-598
-670
-788
-837
-889
-895
-846
-832
-830
-879
-910
-883
-830
-839
-888
-904
-837
-668
-572
-558
-620
-643
-596
-560
-459
-422
-357
-270
-309
-324
-305
-287
-240
-220
-162
-83
-96
-93
-58
-6
197
443
613
724
737
742
767
790
871
974
1074
1219
1359
1337
1253
1133
995
972
999
1100
1121
1027
929
731
562
515
491
412
323
220
62
-47
-71
-50
-89
-188
-265
-317
-325
-357
-428
-399
-328
-299
-247
-164
-116
-88
-80
-59
-23
-34
12
74
154
206
199
205
167
149
73
51
55
60
134
64
27
-22
-110
-169
-251
-285
-282
-274
-332
-364
-418
-423
-390
-475
-481
-484
-527
-605
-709
-659
-585
-571
-512
-489
-568
-643
-705
-731
-643
-536
-457
-416
-490
-544
-554
-526
-375
-268
-230
-229
-294
-298
-287
-179
16
77
8
-75
-63
-45
-53
-54
-10
64
177
302
298
332
409
550
688
727
769
770
824
845
872
944
948
938
928
903
841
839
800
688
589
576
585
491
460
386
330
280
97
25
-16
-4
71
22
-40
-122
-200
-225
-247
-205
-130
-83
-83
-98
-124
-107
-59
-54
-28
13
124
149
121
117
40
57
57
70
78
-4
-14
-3
-33
-56
-60
-127
-182
-212
-257
-273
-278
-273
-294
-333
-398
-431
-405
-363
-370
-423
-451
-524
-516
-466
-455
-427
-503
-547
-540
-552
-499
-467
-514
-507
-431
-379
-334
-367
-413
-317
-227
-180
-99
-107
-175
-154
-99
-19
39
70
96
36
-9
6
27
39
51
64
151
197
93
89
86
86
214
346
502
565
557
574
546
523
550
590
629
658
630
574
555
587
646
608
497
457
451
433
409
330
238
240
258
250
225
129
43
-40
-62
-51
-46
-18
-73
-95
-130
-119
-48
-89
-172
-199
-73
13
79
114
-17
-56
21
96
98
61
13
-46
-54
-47
-40
-63
-105
-113
-121
-167
-190
-215
-280
-278
-255
-244
-198
-243
-325
-381
-431
-390
-382
-390
-377
-419
-396
-403
-417
-381
-449
-444
-348
-344
-406
-412
-366
-311
-177
-119
-135
-151
-192
-98
-23
-18
27
26
56
49
32
44
-12
23
88
109
95
-6
-64
-98
-39
43
-24
-48
-24
31
77
69
77
72
83
87
150
214
256
355
374
388
387
352
387
405
425
486
514
502
482
483
493
481
492
556
566
500
395
319
364
357
321
298
218
152
90
68
30
18
-30
-78
-1
-23
-52
-91
-140
-159
-209
-202
-203
-180
-58
-58
-243
-207
-171
-236
-179
-262
-250
-210
-269
-219
-258
-260
-122
-137
-231
-282
-279
-167
-53
-82
-165
-224
-242
-269
-320
-185
-181
-219
-261
-338
-349
-285
-289
-276
-249
-222
-192
-141
-130
-194
-213
-84
-50
-20
-91
-89
1
132
135
111
40
6
77
74
47
-6
-11
19
52
81
53
104
62
30
30
18
89
112
136
139
83
59
101
122
144
204
193
182
166
133
147
161
206
269
255
224
208
205
287
372
425
442
352
250
223
250
287
290
277
207
110
134
160
89
48
21
8
41
76
95
-19
-97
-38
-37
-79
-102
-151
-113
-74
-166
-88
4
-45
-148
-143
-205
-156
-207
-195
-150
-202
-243
-242
-147
-145
-162
-206
-194
-221
-209
-210
-193
-144
-157
-176
-234
-188
-144
-72
-30
-68
-147
-208
-163
-151
-160
-96
-66
-26
-132
-67
-63
-70
-43
-40
-54
-17
54
7
-23
-29
1
96
104
46
130
109
75
66
28
54
128
144
64
50
33
78
162
103
151
149
80
99
56
72
109
93
70
42
40
-2
17
94
98
49
9
41
69
98
122
145
141
147
196
135
66
32
105
178
159
208
140
59
21
-20
53
143
209
175
52
-20
-70
5
53
49
96
72
-44
-110
-63
-38
-5
-68
-75
-90
-131
-102
-62
-206
-130
-123
-161
-178
-176
-97
-50
-122
-130
-138
-109
-32
5
-76
-194
-106
63
-10
80
91
-181
-93
-61
-178
-134
-223
-137
35
41
21
-80
-77
-21
-96
-104
21
7
-121
-75
-95
-36
133
125
31
-35
-20
-34
62
10
-27
86
61
117
59
110
228
184
90
0
-52
-90
85
128
146
150
26
90
38
-15
7
5
12
-28
62
42
72
61
-121
19
-38
-40
129
102
213
157
21
-17
-1
-55
-59
11
-21
159
171
37
-59
-90
91
161
107
-18
-129
-154
-60
51
95
201
164
79
74
-45
-88
-2
16
-24
7
4
-131
-141
-125
-67
136
66
-48
-48
-184
-187
-110
-31
128
32
-144
-90
-43
-33
-4
-51
3
63
86
69
-93
-117
-189
-117
-3
40
15
-129
-115
6
39
43
-66
-116
82
-18
-42
36
-40
28
16
32
79
44
-80
-92
-99
59
134
82
116
21
-17
-5
38
-9
-8
-24
-61
10
68
15
44
17
19
-17
-100
-33
105
136
55
-86
-94
-37
46
121
23
3
35
54
-45
-10
-17
-24
114
131
59
-56
-146
-69
85
12
54
38
-39
22
19
28
56
-35
-93
-74
114
186
109
77
-23
-19
34
3
20
139
140
71
41
117
-1
-66
-96
-60
91
-5
-129
-97
-41
18
-40
-34
20
37
25
-39
27
-29
-140
23
-22
-61
79
32
-19
-47
-5
14
-25
-60
-165
-113
-33
29
79
-9
-96
-39
41
30
50
48
66
7
-93
-33
15
29
48
10
-77
-45
-17
-12
28
-24
18
5
-38
-37
-119
-57
10
-17
34
70
48
35
12
-20
30
66
-12
-15
63
73
88
97
95
65
-49
-41
72
27
-71
-34
36
70
52
-67
-93
-32
-82
-73
-25
1
38
-65
-61
29
-94
-110
-79
-53
131
74
-4
108
108
71
106
13
-134
-165
-83
126
194
60
-19
-60
5
150
29
-58
-84
63
-140
-122
30
-2
-40
-106
104
192
184
25
-38
-128
-137
-73
-59
-49
54
102
62
86
-111
-95
38
-60
45
8
-75
-98
-92
57
124
152
157
108
17
-34
-42
-94
-66
-6
66
106
134
134
-41
-8
17
-100
-14
-55
-147
-123
-13
26
-72
-49
72
164
69
-43
-116
-280
-271
-56
215
296
123
59
2
57
17
-60
37
63
120
-9
-86
-50
190
126
109
170
-100
-257
-72
-132
-48
53
23
89
63
-36
-39
-95
-230
-151
-11
11
106
28
7
63
-16
-76
-130
-1
71
24
67
5
2
34
130
290
146
-57
-78
-21
-39
-36
56
-6
-53
-12
13
-23
-44
-1
26
17
-124
-90
-1
27
32
-59
-41
-40
1
16
-106
-166
24
-26
13
57
-119
-14
88
140
99
25
37
42
101
95
16
20
126
62
78
126
47
8
21
-25
-24
-55
-41
-72
-78
21
-151
-133
60
-17
54
7
-158
-113
-55
-73
-1
-52
-82
-83
-43
-57
50
98
-60
-46
-17
84
130
57
-31
73
91
28
24
-47
52
32
17
59
-51
72
-17
-83
-127
14
137
19
55
-32
-108
34
72
100
-14
-55
-19
66
180
84
41
-39
-24
19
37
28
-48
-44
74
57
-29
-121
-85
-24
-12
-6
-32
-46
-3
-38
21
72
67
56
-60
-64
-85
-48
-10
-56
44
32
20
22
31
-2
-79
8
20
-1
-29
-68
37
142
108
54
50
-37
0
140
58
-21
5
28
63
67
8
-54
3
24
-45
-26
-53
-73
11
59
27
0
1
-174
-208
-66
-59
1
-84
-57
48
-36
-17
-61
-95
-122
-30
85
-22
-16
-28
-36
54
87
72
5
56
153
25
9
93
-6
41
69
96
136
-29
-32
58
52
43
71
16
-41
-2
-1
59
22
11
87
-11
-32
-55
-56
85
75
69
6
-138
-15
159
-1
-103
18
-134
-65
45
-61
60
15
-85
-31
43
-105
-107
9
-59
60
73
51
-121
-177
-18
-6
141
58
-132
-155
-17
136
165
27
-151
-80
38
288
212
-8
15
-192
-115
96
43
155
175
-100
-101
-15
-13
146
98
5
-3
-78
-192
-263
-135
82
127
-15
40
-28
-221
-94
77
82
6
-68
-257
-147
45
61
167
-27
-128
-33
-37
-34
-37
-61
-49
72
101
58
21
45
9
-11
60
-10
87
91
-58
-2
-36
70
337
202
-36
-54
-143
-179
-101
124
313
259
176
-29
-60
91
138
96
63
-25
-218
-175
-57
194
242
72
113
-169
-198
8
-17
121
-68
-257
-240
-248
-56
9
68
42
75
54
-35
116
-38
-28
-139
-380
-266
-95
132
164
193
90
47
-37
-189
-39
-126
-66
81
70
179
103
-46
-32
8
61
173
165
119
72
-49
-56
-28
-4
-6
-28
79
55
-26
-22
-14
59
0
-84
-186
-239
89
194
180
62
-275
-153
-163
-105
49
-64
-44
2
108
-37
-60
-41
57
190
-67
43
17
-86
-117
-161
21
153
187
100
131
39
-28
-49
22
4
-140
24
42
145
54
72
48
-122
-46
-185
299
699
543
4
-484
-342
-354
-32
267
240
210
-115
-223
-6
48
2
49
-82
-145
-93
-78
7
102
186
140
4
-139
-43
-53
-199
-250
-206
-33
-26
129
187
-2
-43
-180
-131
-30
-18
101
91
78
-83
63
23
124
146
91
-72
-191
-90
-45
144
113
55
43
13
-39
61
9
-21
-2
-52
-28
-100
1
-56
29
59
-56
-78
-140
13
16
70
-20
-117
23
81
66
28
-77
35
26
-8
-25
-70
9
-64
-51
67
67
125
-21
-115
-74
38
108
82
11
-103
-31
10
93
48
56
-25
-10
44
31
-74
-42
-45
74
38
25
47
-61
64
32
21
102
-30
50
60
46
-56
-117
91
-25
43
-93
-140
4
112
62
109
34
-183
-77
-2
-33
-11
-42
1
22
0
11
38
-57
-4
-84
-67
-10
-41
34
42
66
-51
40
-29
114
10
29
-28
11
44
55
114
32
-59
-68
-137
127
77
-52
-67
-225
-85
152
135
-26
-77
-95
-137
-53
-25
-2
-85
-48
0
20
15
54
60
41
177
-16
3
-29
-60
-69
85
-172
-75
23
67
94
-196
11
54
156
41
13
11
42
72
-6
-48
-34
110
50
-46
160
-83
-149
14
-95
15
85
97
111
129
-88
-151
120
-5
20
27
-98
183
143
2
-24
3
98
-26
-15
-142
28
-52
60
18
61
66
-61
-19
7
-84
-33
-57
16
-50
-47
15
-18
-53
121
49
-24
35
-145
-61
-53
-93
-33
-48
120
-2
-30
16
-129
-91
-87
-82
76
72
-5
28
16
34
37
74
35
5
36
38
17
-31
34
-19
79
38
-47
-57
-63
19
74
-62
-57
-39
52
76
27
48
3
113
16
35
47
9
50
-9
45
-85
-155
-12
-58
0
64
-34
-24
72
41
-15
32
-43
20
2
-22
5
34
80
51
-166
-167
103
111
133
-5
-90
-24
-20
-47
58
-70
-35
17
-126
40
77
-42
-46
-46
-22
99
48
-16
-6
77
-77
-62
66
54
19
52
2
-66
-19
-43
66
9
-7
78
-82
-104
-56
-19
104
53
-5
-112
-167
-51
124
216
199
77
-152
-81
-51
11
91
-84
40
94
24
185
19
-94
-98
-65
1
33
144
-156
-57
-80
81
8
-1
63
-42
27
38
-100
-56
-75
126
91
21
-33
-80
43
13
-8
-40
-11
71
81
75
-65
16
64
2
68
-102
16
-13
11
185
10
-1
-123
111
42
56
-63
-84
-34
-31
-3
30
-1
-60
51
-60
-15
-148
-78
-4
90
76
-78
-74
13
73
29
-12
8
-40
89
112
-8
27
-28
-71
99
103
13
-20
3
4
-25
20
-69
-67
39
-18
9
37
60
-9
-79
-67
-25
0
15
63
-31
-9
-47
65
-46
-73
16
33
55
-34
-66
-53
21
-59
63
13
-135
-10
42
220
126
-121
-206
-61
173
223
87
28
18
38
-17
-37
-2
71
-46
41
-34
24
4
-53
24
5
3
-77
-78
-62
41
75
82
-7
-34
-62
-74
-21
68
98
49
-1
-101
-82
-16
49
50
-17
54
-10
-77
-14
14
6
12
74
-22
-60
-50
-136
18
42
117
-16
51
-128
-91
31
103
160
0
16
-102
13
-149
-89
37
29
133
6
-81
-108
19
36
44
2
18
55
-121
-104
-7
-11
109
13
-4
-24
-6
64
24
60
17
-43
22
-14
-19
10
19
-66
77
111
-47
-11
9
83
-61
59
38
11
117
32
22
67
-11
2
-16
3
-84
-6
38
-15
35
-77
-36
35
-61
-7
-7
-6
-15
11
17
-34
-30
-5
74
5
-35
-52
-10
55
-54
86
80
-85
-80
-128
-28
103
98
-4
-62
9
45
91
-35
-14
87
-47
25
-28
68
41
-44
7
-125
71
83
88
0
-18
-80
-55
-5
65
163
-5
-16
-79
-71
14
5
49
88
12
-42
-34
80
21
29
25
-70
-104
-13
47
77
39
-100
-76
-4
-9
51
55
-205
-32
-4
-1
103
38
-91
-30
-13
-115
-77
66
93
93
-51
-184
-19
95
173
184
-94
-26
-54
-177
-14
143
151
18
0
-199
-75
71
68
74
46
-129
-121
-114
-105
86
63
58
-21
38
47
43
59
-81
-74
5
-34
23
73
109
22
-49
-65
-36
4
-131
-40
155
139
53
-27
2
21
53
85
4
12
-63
-32
9
18
188
84
-20
-126
-59
29
77
-38
-31
-88
-64
78
-5
6
-37
-66
114
-76
33
10
-46
46
-97
-57
-64
94
112
147
40
-159
-33
-103
28
83
62
-23
43
-89
-63
15
52
242
-21
-178
-90
-80
-27
52
19
-29
-94
7
19
57
10
-69
-21
8
20
-2
32
137
77
9
-32
-43
-9
-13
48
-37
8
26
146
17
0
17
53
145
-18
-26
64
16
4
118
72
-108
-45
-44
-47
60
-64
-73
58
-71
81
25
-1
-110
-37
-24
7
-44
-23
-24
36
-32
-96
37
-17
-46
-53
59
104
17
-97
-109
84
93
193
2
-118
-105
-142
53
89
50
75
93
-64
69
11
-64
-38
-120
-62
54
56
75
108
94
1
-18
-114
-77
30
-77
-3
-50
81
79
74
-6
-65
6
-13
-39
59
102
-80
26
-7
-96
-77
50
-29
90
-35
-5
29
20
116
-58
-115
-89
72
70
81
82
-24
-3
-16
-73
2
74
175
63
-56
-102
-87
135
20
114
-64
-179
-123
43
38
19
71
-140
-141
-52
76
163
122
-82
-123
-169
19
212
82
-41
-18
-3
81
109
31
-114
-153
-184
19
200
12
-53
-2
-17
-26
-82
-86
92
119
-70
-63
-50
15
90
-27
-14
58
53
41
-46
54
92
3
-6
-40
-66
-75
-3
42
93
-101
42
60
7
30
-31
-33
-24
23
10
22
-15
24
4
33
62
-31
-27
-60
-35
45
-15
95
-56
-12
-30
32
118
21
-44
-85
-116
47
56
122
14
-153
-33
96
139
28
12
-57
57
-7
-9
26
31
5
-1
-57
-36
5
45
100
-44
17
86
-114
-69
-89
-11
128
-93
18
-12
17
-6
1
24
-51
19
-45
-29
20
108
62
-10
-13
0
8
-5
23
26
-95
-13
-14
45
-29
-64
-121
38
37
8
86
-28
99
80
-41
-90
-47
48
127
37
-194
-105
111
44
35
-79
-137
-13
17
108
45
23
17
-163
26
32
62
-27
-79
24
170
150
-97
-151
-102
98
162
105
-74
-127
30
-36
-5
31
127
86
48
-23
-106
-22
-49
40
7
0
9
-26
-38
40
-99
-58
11
-23
24
-89
-6
70
-24
-28
22
191
143
43
-14
-51
2
-4
-18
19
-13
-3
157
25
-125
-80
8
54
-51
-59
-142
-33
151
168
121
-136
-99
9
-54
-31
-54
17
64
-79
-73
55
78
106
-14
-210
-104
11
27
67
-26
-78
-61
-74
-11
104
94
-9
-46
-78
28
97
-20
61
43
14
57
-122
49
61
-95
95
15
-12
32
-25
-80
-64
74
89
21
-43
-14
-68
73
85
-40
64
-170
-79
47
-11
-108
-21
111
-74
-39
-157
-3
-5
92
-55
49
109
-11
49
-69
17
104
127
-92
-39
81
54
-15
-95
-36
-156
142
194
174
-60
-164
11
31
169
31
-77
-106
-38
106
-10
-49
5
5
56
-10
8
-133
-185
-41
118
58
2
-136
50
115
138
62
-141
-110
61
60
5
55
-63
-36
23
50
37
59
-54
50
-75
-68
16
7
42
-39
13
-128
67
71
-17
-9
-61
13
-39
-78
60
83
-24
-72
-149
-51
20
110
21
-32
-31
-23
17
-35
7
48
-1
-86
-32
42
71
143
7
88
67
-51
50
-7
2
39
29
18
48
53
-33
-38
-26
-11
-23
96
84
-126
10
13
-63
106
-9
-14
145
50
16
-26
-38
15
-50
-37
-13
-26
17
79
-5
-92
-73
-37
36
61
7
-58
-164
-134
15
110
46
-145
-17
-101
-3
65
116
85
49
37
-13
-115
-57
5
-64
78
41
-66
-100
12
40
155
29
-134
-107
23
-37
94
148
9
110
-91
-16
-11
-16
-12
-54
96
44
-35
-53
-60
-86
41
98
94
60
-14
-32
-52
34
-23
45
6
37
-2
7
80
19
-85
-92
-89
-5
117
0
-6
-39
-9
-20
33
24
42
-44
30
80
-2
27
-2
-59
-40
61
-19
-84
14
-36
8
38
-12
-7
15
19
-12
87
64
-76
13
-6
56
-23
-34
-131
-26
122
56
-47
-126
-28
19
42
-78
16
32
168
34
3
44
-205
28
121
39
-11
-10
-97
-12
113
106
10
-90
-108
-53
17
33
-61
79
59
52
7
-42
-90
-119
60
63
84
26
-62
-90
14
5
77
-21
-51
32
13
-13
3
-8
33
-17
-36
-45
-24
17
85
98
-12
-126
-101
76
83
90
28
-136
-76
37
89
-14
-90
-61
-17
98
100
-12
-115
-15
80
41
162
-4
-24
-91
-4
-26
17
55
-18
19
-29
2
65
1
79
65
-30
-72
-64
20
65
-19
-210
-42
44
156
89
-18
-69
-37
61
2
47
-46
-38
-17
-46
-105
-6
43
117
171
36
-47
-73
-16
68
17
-92
-72
-18
25
77
-50
101
163
-12
16
-61
-24
31
45
-19
-28
55
13
18
-18
-93
-58
82
-32
138
60
-87
-2
-2
5
-9
-125
3
-38
-97
18
111
20
-66
-78
-38
96
164
-45
-183
0
-64
54
23
-29
43
64
46
12
6
-68
18
-34
26
-1
-94
-26
-42
40
63
55
-49
4
-6
19
87
-23
-71
30
28
-31
-73
15
40
30
-8
-86
-10
48
112
117
-68
-135
-55
-19
-26
42
74
98
14
-26
1
26
104
59
24
-90
-73
-76
11
26
98
66
23
-15
-77
-6
-94
-18
22
88
116
7
21
-61
8
-28
20
-5
-41
28
-75
36
67
87
36
24
-12
-56
55
-30
-5
-70
-64
-19
42
94
20
-69
32
88
76
-76
-96
-4
76
86
-21
-109
-94
-28
-16
61
-18
54
49
54
-39
-11
-51
-86
71
-27
56
-14
-62
33
-40
-60
44
39
82
42
-3
5
-49
-81
-6
-55
-78
83
61
15
71
55
-8
-1
-73
21
81
-22
127
-35
-104
-34
24
26
37
-102
-40
63
168
94
-29
-84
-62
60
88
-7
-62
16
9
95
-13
-55
-73
-24
-36
63
-43
-146
86
119
141
37
-151
-81
-31
30
50
14
-93
-44
56
-25
16
23
-27
-1
-10
10
61
-18
-51
-51
-40
-34
-97
50
-31
9
64
88
-18
61
108
-71
68
-2
-75
-138
-90
20
12
100
65
68
42
60
-57
-43
39
38
52
63
-66
-94
-29
90
45
-113
-2
-18
183
104
-83
-141
-33
101
52
-17
-229
-67
94
82
27
-95
-73
73
90
68
-13
-102
-99
-23
-41
54
55
25
70
-119
-5
49
-21
3
-24
59
74
-21
-111
3
59
126
-85
-63
33
-42
32
7
-10
99
-40
18
101
-2
-13
35
-88
6
6
54
66
21
-76
35
-3
-21
-36
-149
-58
64
57
-10
-67
-22
-9
90
57
-64
-13
-16
39
107
22
-24
-35
-21
59
127
39
7
-49
-88
48
48
3
-46
-31
3
50
117
45
-14
-82
-100
-49
104
63
-31
-30
-125
65
93
27
-5
-56
52
32
74
11
-3
37
-72
-48
-34
2
74
-40
-81
-57
-43
89
25
-90
26
-18
-19
64
-60
36
-69
-24
32
43
4
71
-7
-42
67
-9
-2
5
-28
70
13
-66
-68
32
95
-36
-32
-45
11
50
-34
18
59
50
-31
40
-144
-41
84
44
-4
-75
-47
23
43
31
-17
-24
-120
7
-2
106
40
10
80
-29
82
-129
-48
-2
79
86
39
3
-70
101
47
27
-72
-105
68
61
65
26
-103
10
37
30
-29
-20
19
34
56
-84
-107
37
70
65
-63
-153
-66
27
72
52
-21
-69
-109
-13
114
44
44
-28
-69
24
-64
20
76
-28
84
-35
-66
54
-12
51
-33
12
-9
72
-10
-5
74
-2
-10
-80
-76
20
56
-4
11
-87
5
84
34
-20
-95
-15
2
-1
100
23
-13
90
50
-16
-64
-19
135
21
20
-63
-89
0
126
-38
-39
-32
-28
121
-12
-75
42
-56
-45
-45
-27
55
86
45
-83
-35
13
34
34
-66
-8
9
-39
-16
9
-3
-17
-32
-74
17
93
-18
-79
-41
-7
43
101
3
-73
-6
-6
20
-41
-31
3
-26
44
-23
26
-7
-22
147
64
37
6
-113
-128
-37
92
72
-2
-2
4
-5
-8
68
30
10
9
-39
47
11
-5
-81
4
-14
77
20
-23
7
-25
82
3
11
-89
-72
115
108
2
27
-29
-10
-45
9
79
-41
76
-6
-59
-30
12
1
28
-82
-8
116
-15
-45
-110
-11
-36
91
107
35
31
-86
-14
46
-24
41
-6
-26
38
43
-5
-74
-63
6
132
54
-22
-51
-97
-14
72
140
-34
-53
-81
-31
52
76
-19
23
0
42
34
-35
20
40
-1
-12
-8
38
48
2
-22
-23
-7
39
-71
-13
4
107
-2
-53
-76
-39
23
21
50
-36
31
36
-6
-56
65
94
-21
-34
-76
-5
55
-47
76
-70
-41
-20
-27
-51
-40
-10
28
80
-32
-88
-108
0
16
71
-8
-56
18
-7
-9
-17
-45
39
85
24
-17
-47
44
116
3
-55
-117
29
-4
29
-42
6
46
3
47
48
15
-22
41
-86
-48
-50
-63
41
43
30
25
-73
-26
16
1
32
24
62
81
-44
-65
-18
-39
28
88
35
45
52
32
71
-28
-64
-37
-5
62
70
1
-70
43
21
1
-42
8
67
104
-72
-52
-58
37
122
-29
-64
-35
-38
21
33
92
21
-68
-58
-19
77
-18
-59
-75
12
5
88
-39
-121
7
68
141
2
-40
-90
29
48
-66
5
11
36
-30
7
-48
14
-59
-41
62
77
74
12
-29
-55
1
-16
-40
38
6
-16
-8
12
12
22
-49
14
62
-67
-30
-74
43
90
8
-16
-31
-22
-10
104
-50
-4
-14
32
33
-57
-53
-70
-84
159
68
47
49
-102
-19
-21
22
69
8
-79
0
-42
74
82
23
19
-30
2
-58
61
-26
-9
-43
6
44
-7
20
9
51
-7
71
4
-6
26
-70
44
16
11
-83
-2
-19
59
98
-1
-69
-47
38
111
50
8
-81
-36
-31
-55
29
116
47
0
10
-52
-35
23
-30
-45
-26
55
3
75
104
-139
-7
17
14
-55
-75
-21
18
25
-16
-29
35
0
24
16
21
-6
-53
-129
-56
-12
148
-14
-35
-20
-79
30
45
35
18
-61
8
-44
-30
20
30
59
-34
-21
10
19
39
-40
69
-4
-43
-57
25
8
108
-35
-40
63
-31
21
-15
-48
85
98
19
-88
7
85
50
80
-42
-79
-42
49
-55
-5
-61
15
85
1
11
-89
-23
-23
39
14
37
-14
-13
14
-96
10
101
54
51
14
-33
-11
-22
-57
13
10
10
59
47
-96
-29
73
-61
25
45
-16
-1
-27
-19
-3
-8
-53
59
5
-79
29
-7
43
84
-22
1
0
-10
-23
-9
-41
23
100
-64
39
-76
-46
17
-21
17
71
25
7
-4
22
-4
-5
6
50
-50
-27
64
22
54
1
-33
28
-21
25
-46
21
84
-69
-17
-65
15
45
68
-28
-52
-70
22
78
35
19
-108
-7
61
88
25
-123
-106
10
12
21
78
62
-42
21
-21
69
-5
-15
-37
-9
-14
10
84
-3
3
-41
32
-39
-43
78
-22
74
22
-5
-58
-31
17
-26
-42
-46
33
-9
51
8
-2
-33
19
63
3
-63
-46
-44
55
93
-30
30
-113
56
19
-26
94
-14
56
-42
-91
-63
48
38
-19
53
-81
7
24
65
-15
-35
48
-30
40
-10
-51
-40
53
19
-74
-33
-73
67
102
-73
-7
-40
37
5
9
-41
-2
-43
-27
-31
6
49
33
9
-63
15
21
33
10
51
-33
-23
23
-4
26
-9
-9
12
34
61
66
-22
-88
-50
55
141
-13
3
-127
-63
66
47
-24
-13
-82
25
103
16
13
-10
-101
8
71
74
5
0
-23
-65
39
17
-27
11
27
30
20
66
-30
-52
7
-1
91
-18
-6
-89
-21
51
70
-51
10
-9
-61
38
-79
-25
36
45
36
-48
70
41
-28
-58
1
34
-32
31
99
70
-37
-10
-16
-20
-18
22
40
-3
48
-27
0
-101
2
-12
44
45
-30
-5
-64
44
-4
-16
-37
-26
28
-20
24
50
-34
-9
2
20
-6
43
-62
27
32
-50
50
-35
-31
-19
-5
-36
96
41
-58
23
41
-73
-24
-66
54
111
1
-25
-64
-70
1
77
39
7
23
-89
-45
47
36
23
19
-23
32
74
-98
-1
35
-31
41
-21
-28
47
34
-51
5
-3
53
-26
10
-19
11
-5
-66
-40
9
65
-20
62
22
32
-66
2
30
-2
6
-71
12
10
56
21
10
49
-48
-22
-51
34
49
101
6
-167
3
-10
42
60
-41
56
33
-83
-61
-15
4
61
1
-55
-23
22
45
-5
-38
-18
10
-18
0
-8
-5
45
21
58
15
-2
15
-30
3
4
10
3
-25
9
39
17
-18
-7
-3
-7
-24
13
88
35
-31
-14
-25
-5
27
-31
3
53
41
31
-56
-83
-2
21
-8
39
6
-51
20
39
41
-8
10
56
-43
4
-5
-21
74
-14
-2
-5
-15
58
-38
-31
-13
-3
31
2
-8
-71
-49
-11
26
11
-73
33
98
-2
-45
-78
-79
35
-1
-11
85
-4
-6
26
-22
16
20
13
-12
-15
40
34
-32
-14
-6
60
54
10
32
-48
42
-10
36
-56
-52
26
24
26
12
25
-67
21
5
-22
-11
28
88
-46
-12
-29
-17
-76
-15
39
37
46
-29
-6
22
96
-21
29
-104
-16
-61
-33
26
107
77
-74
-126
-31
95
0
-10
-28
25
55
13
-13
-2
-5
0
-9
74
76
-34
-40
-21
56
95
-58
-80
-25
10
83
-9
-39
-38
-73
55
15
-19
35
-1
47
29
-24
38
-23
-10
36
-16
-23
-35
-14
22
-5
-44
22
-73
92
75
35
-59
-87
-8
-32
70
78
54
-47
-13
-68
-56
-16
86
96
18
-30
-127
-9
49
52
-3
59
-31
-36
25
7
-35
-28
33
-17
67
22
47
-32
-77
-19
-48
85
21
38
-55
-18
4
45
21
-50
-37
-59
27
69
40
-18
-70
-25
15
99
128
21
-64
-19
11
-27
53
26
-27
52
-34
-27
-45
-16
-53
-2
-110
-12
62
-23
-30
6
36
36
-33
-13
-9
1
16
2
13
-35
-55
5
-21
24
68
4
-11
0
-15
-8
-17
-35
-6
-13
-36
24
59
31
-12
-30
84
89
-49
-70
16
17
40
54
-12
7
54
32
-40
11
66
20
-6
76
-31
68
-60
8
22
-92
65
-36
5
11
17
-40
45
23
-59
55
3
-77
5
45
-11
-20
45
14
-40
-59
-15
4
15
49
-45
-55
37
34
50
4
-91
-100
37
69
2
88
-14
-44
58
-60
10
27
-42
46
-26
-3
1
-88
56
77
-70
-13
34
-30
53
45
-20
2
-32
21
22
2
-4
-10
-22
-5
11
33
7
-71
38
-17
-6
-16
33
-4
-11
-83
-35
66
33
47
7
-108
24
50
20
-15
-20
-9
-18
30
9
-25
-22
36
-30
-37
60
-14
49
33
-25
-9
-63
13
40
-38
-30
41
12
-53
-1
-23
-37
14
-9
59
64
-29
-25
-28
-24
69
56
26
-2
-15
-35
25
38
-7
-45
-106
259
241
148
-110
-94
-115
-19
14
65
62
-157
-95
-147
94
71
146
119
-17
-107
-32
45
-30
33
9
-6
7
-4
71
36
51
-38
-105
-42
-3
26
24
-18
-89
-58
50
71
27
-11
11
15
-37
-48
15
91
19
-51
-10
-84
-124
12
64
-24
-56
-40
10
19
32
51
-26
24
13
-14
82
10
-62
-39
-14
-9
10
-18
38
38
-33
25
-36
24
36
78
61
-46
-61
-7
34
13
31
-33
-61
-50
-1
29
40
17
-58
-31
-8
52
40
5
-63
-79
-9
15
58
16
-58
10
-31
23
65
-28
17
26
-51
-31
46
12
3
29
-41
-48
3
38
61
35
14
12
-8
-17
-34
-12
-3
16
46
29
18
-4
-76
39
-41
28
100
-54
48
13
-19
-15
3
-16
11
55
1
57
16
29
-44
-2
38
6
45
-16
-63
-63
31
82
31
38
20
-31
-37
21
6
-26
3
-2
-2
32
2
-26
52
39
-57
-36
-20
-35
19
12
6
14
-25
-36
-12
-16
24
45
-10
-15
-65
-27
4
9
-4
38
13
0
2
32
-27
-42
25
-8
6
6
-58
-25
21
21
13
18
8
7
18
-25
0
44
2
1
10
31
-11
9
18
7
-33
14
-15
-42
-4
-10
58
-7
-13
2
11
-16
7
61
-25
1
-44
-6
49
-20
-13
44
21
-5
19
-8
-48
70
52
4
-51
-30
-48
-16
20
-4
14
-11
-36
-21
46
-30
12
54
-4
19
20
-36
-4
-27
-18
85
25
2
17
-54
-10
25
27
35
15
-19
-24
-7
-16
8
-11
-13
42
-31
-25
45
9
24
26
-3
1
-5
7
-6
-9
-6
-34
16
60
3
-11
-2
-7
31
51
37
-31
-38
-5
-49
-16
50
17
-23
-21
-25
4
45
15
-2
-11
-9
30
-9
-58
3
13
-12
30
10
-28
-3
24
4
-2
-4
-5
27
14
-21
24
-23
-25
46
-11
0
12
18
-64
17
52
-29
-20
-21
19
29
-36
-49
-21
47
12
65
-35
-21
27
38
11
-55
13
7
-31
-12
-23
-29
3
-5
23
18
65
28
-54
-48
-18
17
42
27
-22
-14
28
23
-12
-8
68
33
-43
-30
15
71
40
6
-10
-19
18
-14
-3
-4
-45
17
32
-4
-38
-7
2
-51
-32
7
47
-7
-26
4
-30
6
25
19
1
-40
-20
3
-15
-15
35
23
-14
-9
-42
19
62
20
7
-14
-32
-34
53
40
-26
11
1
21
36
31
-43
-70
25
36
40
22
-11
-29
-22
33
51
34
11
-3
-12
-7
10
29
6
-13
2
-7
-2
-8
9
27
9
-20
3
19
-37
6
3
-21
-2
-34
22
40
-19
-15
25
-18
-13
45
32
11
-44
10
49
-3
11
21
13
-22
-43
-44
-13
7
74
73
-67
-64
-31
-16
33
56
11
-55
-20
-25
-30
33
61
4
-39
-13
-13
-15
11
23
-5
22
-14
-33
11
-39
-8
20
-5
-35
-26
5
-15
4
-11
16
-7
-58
1
-5
-8
7
30
56
34
10
-18
-23
-21
5
48
32
-2
-35
-2
-5
-16
52
30
37
30
-6
-30
-35
11
5
39
-5
-44
-10
-26
-11
14
53
48
2
-42
-12
10
-1
43
35
19
-26
-17
-1
-11
37
47
33
2
12
35
19
-28
-10
30
-11
1
-19
18
40
-4
-26
-55
6
40
69
3
-76
-18
-9
-13
-1
20
20
30
-12
-44
-19
-4
54
33
3
-31
2
25
-7
17
-38
-1
48
4
4
-3
6
-4
-1
7
-32
-19
28
34
-63
-60
37
0
19
30
3
-32
-26
2
-6
9
63
-5
-48
-64
-32
15
34
65
-7
-4
31
-14
-20
-3
43
17
-6
7
-12
-5
34
52
2
-17
-1
7
17
-23
-1
2
0
-40
14
38
-3
-12
-17
-12
-1
26
3
-14
-14
-6
5
-29
5
-2
8
37
6
-22
-44
-14
21
-9
-15
9
-1
-26
-19
10
-15
-38
18
27
-2
14
-8
36
-8
-5
-19
-44
26
12
0
-2
1
-35
5
10
-4
47
17
-5
1
17
12
-13
11
21
6
21
16
-27
5
44
0
-30
-22
-21
-4
21
31
24
-28
9
55
-3
15
12
-27
0
11
27
15
0
22
15
-8
-24
2
37
-4
4
25
-33
-32
-3
-1
-1
-4
2
4
-2
-3
14
-1
9
29
5
11
-11
-30
-5
22
-21
-42
2
-18
-3
46
33
-25
-43
-7
-7
6
-3
-1
39
32
-8
-78
-49
22
9
37
21
-43
-32
36
32
-42
2
30
11
23
13
-1
-30
20
53
-10
-13
12
-7
22
39
-12
-31
-15
21
16
-10
-16
-30
3
29
4
11
4
-29
-13
23
18
16
29
-9
-50
-30
27
39
0
-6
-8
-6
17
-19
-17
23
14
19
14
-16
-35
12
36
-16
-22
5
24
-7
-29
1
-5
-5
21
36
7
1
29
3
-21
2
15
24
35
-27
-42
5
-14
4
43
29
-4
-17
-4
-11
-21
13
17
-31
-7
20
-12
-36
-17
-12
22
51
-46
-47
31
25
14
2
-6
-35
3
52
2
-22
17
44
27
-9
-25
13
44
22
6
-22
-27
1
5
20
-13
-13
44
9
-18
-22
-9
38
10
-32
-23
-6
27
32
-3
-13
-11
-25
7
57
15
-47
5
29
-11
-18
-13
-27
-19
57
49
-22
-15
11
18
-3
-12
4
-4
-13
-16
-22
-7
-6
-30
-28
34
54
-29
-25
-11
-22
30
36
32
-22
-10
36
-39
3
50
-6
-1
41
5
-8
-8
-58
-25
7
12
30
7
-20
-9
1
-15
47
61
-12
-22
24
4
-34
0
13
-1
-13
3
-1
-50
3
43
-17
-10
23
-21
-8
44
2
-5
42
17
-13
-15
23
39
-2
7
0
-40
-20
32
13
-9
29
2
-31
-1
-5
-22
2
26
6
-20
-2
17
-11
-12
25
28
22
26
-3
-47
-41
10
40
20
-6
1
-1
-32
-14
31
26
24
37
-8
-62
-41
18
58
32
-20
-35
-16
26
31
-8
-37
9
47
39
14
-37
-1
32
0
13
14
-21
-14
24
3
-29
-19
23
46
5
-29
-40
-31
2
54
48
-22
-41
-28
5
25
18
32
14
-5
10
0
-15
1
27
12
15
37
-16
-29
40
21
-57
-7
55
45
9
-52
-70
-49
42
46
-45
-32
9
-3
-25
35
3
-60
13
25
-23
-25
20
-2
-46
5
7
-33
9
48
-20
-90
-32
51
68
50
-27
-74
-25
16
14
-3
-29
-11
30
35
7
-32
-27
19
58
45
6
-21
-28
-1
-5
3
21
28
35
-7
-8
8
6
51
47
-24
-52
-13
16
45
31
-31
-16
30
-8
-22
1
-24
2
65
50
-5
-39
-13
20
36
44
-2
-16
-4
-43
-14
37
8
-15
-6
-2
-38
-19
21
-57
-56
29
43
11
-38
-41
-8
32
62
28
-28
-7
18
3
6
12
39
27
10
6
-46
-17
21
5
21
21
22
1
-30
24
26
-14
37
54
18
-8
-15
-4
16
50
1
-68
-22
13
-8
-14
-9
-2
34
44
-14
-37
9
3
-25
-15
-4
25
27
1
-3
-23
-9
5
-9
18
-8
-25
1
-13
-23
-28
1
25
16
-10
-20
-20
-41
6
14
-5
15
27
-4
-24
14
-6
-2
46
45
-14
-38
20
5
-6
13
4
0
9
32
2
-25
-14
-9
-8
8
30
