4
6
6
3
-2
-4
-4
0
4
2
1
-3
-2
1
2
4
3
0
-2
-1
4
4
0
-2
0
2
2
1
2
3
1
-2
-2
-2
0
0
-1
-2
-4
-3
-1
1
3
3
2
0
-4
-5
-3
1
0
-4
-6
-4
0
3
2
-2
-1
1
1
-2
-3
-2
0
2
1
1
3
5
4
2
1
1
0
-1
-2
-1
-1
1
0
0
4
8
9
2
-3
-1
7
8
1
-3
0
6
7
3
0
0
1
1
2
2
0
-1
0
5
8
7
3
1
2
7
7
7
8
10
12
8
4
8
11
10
4
1
5
6
6
6
11
13
10
7
5
7
10
12
12
14
11
5
1
1
8
15
14
6
3
9
15
13
8
8
13
13
5
-2
-2
4
9
10
9
9
9
10
10
8
4
2
6
13
11
3
-2
3
7
6
-1
-2
2
4
3
4
9
8
-2
-14
-12
-2
9
9
0
-8
-10
-5
4
10
10
0
-9
-7
2
6
4
0
-6
-13
-17
-8
2
6
-1
-9
-14
-16
-13
-6
5
4
-11
-20
-15
-1
1
-9
-19
-12
4
10
2
-7
-7
-2
-1
2
2
-4
-11
-13
-8
-5
-8
-14
-15
-14
-15
-14
-9
-3
-4
-11
-15
-11
-6
-5
-8
-8
-7
-9
-8
1
9
6
-3
-5
1
3
-1
-8
-3
3
1
-7
-11
-9
-6
-7
-6
-4
3
6
5
2
3
3
1
-2
0
4
4
3
5
7
3
-2
7
19
26
25
19
17
39
62
37
-16
-25
19
52
44
26
36
85
109
60
-29
-84
-52
81
202
113
-169
-248
277
1096
1193
239
-658
-562
-32
193
334
456
44
-714
-956
-548
-105
-22
-245
-495
-406
-21
159
13
-47
28
-83
-179
162
581
443
-104
-476
-488
-332
-307
-596
-904
-607
458
1571
1712
592
-871
-1352
-473
891
1635
1404
585
-227
-632
-534
-163
51
-116
-395
-387
-72
169
-8
-510
-883
-792
-309
322
859
984
564
-38
-324
-140
329
718
727
472
254
78
-96
-166
-215
-397
-538
-407
-71
167
-45
-598
-797
-376
74
179
295
861
1885
2613
1958
108
-1254
-1167
-328
493
1073
907
-301
-1669
-2196
-1976
-1439
-751
-365
-383
-86
430
188
-413
-344
-57
-39
362
1093
1335
1015
136
-1237
-1802
-726
341
-912
-4509
-6732
-2322
7870
13572
6648
-6429
-11654
-4868
5147
9082
6128
1124
-2158
-3218
-2648
-648
1388
744
-2373
-3585
-655
2675
2256
-1040
-3791
-4143
-2123
1248
4153
4753
2492
-1040
-2916
-1615
1154
2596
2184
1247
428
-317
-552
-246
-484
-1775
-2944
-2466
-280
1800
1750
-325
-2363
-2793
-1596
459
2254
2687
1680
458
257
819
853
66
-459
-13
920
1426
714
-1023
-1773
97
2612
2285
-429
-1775
-853
23
269
602
33
-1494
-1910
-1053
-318
442
816
-371
-1410
-554
246
-38
283
672
-460
-1466
-746
245
364
-100
-1081
-1748
-792
614
227
-1360
-2176
-2273
-2213
-1331
-208
-693
-1450
1374
7330
10321
5988
-2239
-6234
-2243
4705
7316
4630
767
-1924
-3757
-4334
-2960
-1108
-1020
-2491
-3138
-1567
730
1049
-923
-2474
-1655
484
2478
4160
4871
3432
702
-812
-158
1333
2055
1508
255
-794
-1325
-1680
-1975
-2133
-2526
-3126
-2811
-1087
574
602
-620
-1528
-1169
247
1870
3023
3456
2979
1768
888
1016
1204
545
-211
-247
28
57
-610
-2362
-3645
-1527
3139
4935
1656
-1897
-1861
-567
5
1400
2767
1512
-752
-1485
-1387
-769
171
-847
-2658
-1134
1808
1541
-317
-1025
-1974
-2979
-1958
-51
894
987
-137
-2074
-2377
-1063
-796
-1385
-659
384
-635
-2884
-3988
-3673
-2750
-1291
407
2019
4511
8190
10402
8072
1905
-3311
-2824
2894
7979
7665
3007
-2102
-5438
-6736
-6238
-4517
-2718
-1970
-2202
-2204
-1477
-1021
-1573
-2200
-1359
1255
4285
6076
6169
4966
2824
629
-195
683
2137
2801
1896
-66
-1787
-3203
-4812
-5448
-4222
-2749
-2266
-1739
-828
-597
-1042
-1423
-1230
276
2932
5012
5440
5007
4183
2404
825
895
1169
481
-657
-1945
-1324
2939
6451
2924
-4975
-7433
-3066
187
1070
3249
3598
-223
-3406
-3684
-2772
-94
3031
2420
363
1492
2130
-842
-2471
-1335
-1808
-3076
-1409
1315
1439
-951
-4406
-6740
-5267
-1390
587
401
292
-483
-2321
-2998
-2202
-2303
-3328
-3796
-3811
-4003
-5005
-4495
2663
17009
26289
17696
-2015
-13228
-3240
17859
26405
13004
-7770
-15872
-10453
-3464
-497
-660
-4175
-10697
-14016
-8328
1764
4822
-1605
-7630
-5248
3102
9620
10258
7771
5523
2968
1154
3634
8337
8553
3079
-2502
-4325
-3523
-2849
-3642
-5123
-5903
-6201
-6540
-5536
-2952
-1495
-2661
-3638
-1694
2379
6008
7220
6235
4526
4081
4312
4023
4010
3760
2625
773
-678
-2698
-4830
-1430
5880
7940
1405
-5901
-6552
-4521
-1936
2581
4493
1741
-1825
-3134
-3084
-1566
990
557
-1309
377
3500
2665
-379
-1686
-2763
-3593
-1866
415
148
-1646
-3245
-4464
-4478
-2978
-1472
-1074
-1163
-1861
-3427
-3552
-1323
-58
-1729
-4387
-5757
-5070
-4136
-6198
-8025
663
20052
31639
21061
437
-7683
-251
8185
9674
8508
7034
1544
-7306
-11821
-8430
-4013
-5837
-10115
-8109
-736
2594
-1095
-5164
-5103
-2957
-145
4655
10390
12809
9405
3209
386
2545
4634
3473
2229
2834
2126
-1434
-4770
-5711
-5891
-7133
-8020
-6025
-2121
-180
-1289
-2874
-3061
-1820
503
3240
5686
7236
6961
5342
4434
4354
3533
1765
-360
-634
4582
11846
10683
300
-7687
-7775
-4972
-1987
1500
2211
-1648
-5928
-7157
-5753
-2653
94
-271
-1447
1080
4505
3211
-524
-2064
-2427
-2274
416
3510
3189
185
-3683
-7203
-7450
-4303
-1977
-1465
-616
-854
-4122
-7174
-5962
-1371
2213
1563
-2225
-5137
-5116
-3549
-2172
-2051
-4890
-10559
-12388
-1357
19574
32151
23550
3964
-7081
-3988
5395
13631
16892
12706
2634
-6845
-9974
-7169
-4395
-6237
-9582
-7942
-1879
1229
-1676
-5860
-7065
-5722
-2463
3097
8824
10848
8157
3767
1714
3245
5781
6495
5565
4226
2302
-339
-2560
-3728
-4738
-6259
-6983
-5234
-2064
-785
-2768
-5611
-6174
-3902
-278
3219
5198
4744
3351
3595
5237
5516
3264
1817
6703
16200
18697
8947
-2240
-5575
-5183
-4606
-1352
1630
-1224
-7348
-10836
-10051
-6441
-3367
-3488
-3567
282
4024
2588
-366
-704
-250
-242
1518
5139
5612
1991
-2631
-6126
-6280
-3132
-1092
-1865
-2968
-4419
-5171
-6432
-4989
-3094
-4696
-4128
-2915
-1556
-2634
-2369
-3342
-6006
-5293
-9231
-14456
-19940
-5188
22781
32365
30888
10272
-14317
-12383
3936
17575
25592
24689
10951
-6502
-15966
-13085
-6367
-6634
-11851
-12326
-4255
2049
-1593
-9900
-13457
-10823
-4396
5058
13824
17039
12745
4519
286
3326
8064
9423
8904
8594
6791
2261
-2485
-4827
-5595
-7129
-8617
-7095
-3585
-2574
-5383
-8942
-9734
-6512
-970
3511
5297
5586
5365
4817
5451
7435
7252
5165
8327
17103
19598
10258
-1133
-6192
-6526
-3985
563
2125
-2206
-8362
-11790
-11220
-7344
-3694
-3484
-3837
-967
2226
1553
-799
-1078
-318
159
1989
5062
5677
2276
-2585
-5923
-6429
-3995
-1536
-1939
-3074
-2976
-3326
-6322
-8102
-6552
-5542
-3200
774
1645
-839
-5437
-8569
-7215
-2225
-161
-7509
-17369
-19498
1526
26876
32767
29199
1928
-17126
-4667
12089
27051
28973
17385
-1189
-12803
-11852
-8134
-3419
-7766
-14839
-11713
-1850
1492
-3871
-9805
-12982
-9249
-921
8235
13951
12759
7249
1968
1035
5375
10972
12048
9332
6183
3746
1868
75
-1863
-4241
-6605
-7534
-5394
-2706
-3774
-8372
-11702
-10399
-5157
1716
5021
3576
1575
2126
3929
6258
7008
6327
12650
20281
18796
6388
-4295
-3511
-1412
2640
4892
1983
-2777
-9670
-12768
-12312
-7651
-3492
-5236
-5835
-1694
1370
-2466
-7471
-6390
-771
4214
6931
7696
5496
1372
-2880
-4829
-2677
217
423
-1420
-2562
-3017
-4919
-7880
-10242
-10395
-7975
-1933
2914
2601
-3192
-10902
-13011
-9224
97
1630
-8055
-21885
-24219
5692
32766
32767
20421
-6582
-12332
4276
19815
28058
24288
11761
-2355
-9360
-6058
-823
-2216
-11549
-16066
-8013
2033
1785
-8912
-17053
-15535
-8073
1580
9809
12267
8209
2323
27
3504
9300
11884
10356
8366
7584
6488
4313
1069
-2705
-5022
-4165
-1919
-1579
-3752
-7507
-11579
-12966
-9693
-4318
-108
2358
2745
1327
898
2103
2409
4425
13460
23337
21249
9190
1227
937
1813
3186
6382
6298
582
-6009
-10684
-13085
-11455
-7868
-6798
-6245
-2877
-719
-3330
-6482
-6373
-4187
-470
4643
7157
4997
1829
-284
-2393
-3297
-1379
-293
-1105
-716
-1144
-4101
-5767
-4605
-4565
-6187
-7023
-6096
-3607
-667
-3005
-10046
-11115
-9800
-7874
-11886
-23466
-11651
16554
32767
32726
5824
-14591
-3661
14305
24975
27712
22864
11723
-1024
-7483
-5405
-1077
-5212
-11778
-9142
-29
1815
-9916
-20359
-19642
-12179
-3280
3403
5932
4832
2163
112
1607
6012
8700
8643
9766
12547
12917
8790
2482
-802
467
1830
563
-1003
-2651
-6599
-10261
-9906
-7685
-6738
-6028
-4185
-1753
-69
-1068
-4453
-5119
2136
15008
23080
18419
7254
2468
5170
7470
8263
9785
8575
3027
-2900
-7472
-10338
-10231
-9145
-9346
-7507
-3110
-2507
-6653
-9302
-7840
-5305
-2209
1726
5166
5513
1961
-1795
-3041
-1676
-874
335
1555
1735
-612
-4340
-4713
-6244
-5429
-4694
-5324
-5355
-7270
-6417
-7198
-4765
-5082
-12433
-22454
-32665
-10339
24895
32766
27320
-6821
-22428
35
22241
30998
25950
17644
7161
1496
1093
30
598
-7255
-9531
-1785
6168
1447
-15994
-23370
-19503
-8466
698
2199
-372
-3501
-3759
-3277
-678
4157
8414
9781
10660
12366
11695
8091
3642
1535
3222
7138
7658
3075
-1161
-3052
-5783
-8619
-8098
-5826
-4698
-4248
-3902
-4782
-7207
-7827
-1060
11752
18558
11983
1687
115
5601
9857
10884
9921
6498
2452
791
-186
-3090
-6216
-7734
-7228
-3407
532
-2463
-10120
-12917
-9743
-5944
-2364
779
996
-1117
-3349
-5423
-6290
-4908
-2922
-261
2023
1715
-2391
-7023
-7301
-4762
-1544
-245
-1117
-4041
-6422
-6657
-4605
-4204
-10640
-21156
-28972
-6811
26743
32766
17082
-19076
-23621
8570
30305
29369
17717
11170
6815
6115
6075
3364
122
-4480
-3991
2917
10632
3300
-15769
-22381
-12605
-369
3546
-786
-5556
-6087
-5046
-3468
-2135
-1282
1529
5831
10067
11753
7920
1158
-2264
1212
8146
12286
9554
2206
-2404
-1568
1761
116
-4450
-4598
-980
2776
361
-5044
-9330
-9639
-440
9637
11548
5602
832
2096
1992
1992
3623
4507
5670
6484
6388
684
-6457
-6840
-4007
-325
1460
278
-3689
-8357
-7344
-5282
-4032
-1868
-1450
-1370
-1992
-2394
-4787
-8319
-6951
-3989
-1393
387
-183
-3628
-9022
-10225
-6471
-1549
-224
-2981
-3858
-2867
-1498
-3736
-13784
-27000
-23138
6241
32767
31755
1194
-23989
-9719
19634
27903
16375
9668
10543
11349
10005
2840
-3722
-6896
-3494
5885
11623
8910
-6173
-21307
-19702
-6363
3291
1067
-3503
-4140
-3413
-2414
-4063
-5071
-1952
4114
8679
7764
3878
277
-1233
283
4805
8864
8254
4912
2520
1471
8
-1425
-1613
-872
2089
4573
2385
-2764
-5448
-5880
-2324
7845
12867
7788
-2104
-4291
793
2325
4278
2632
1734
3541
2419
228
-5032
-6630
-4042
-250
3189
1549
-3011
-6528
-6168
-3381
-1354
-1542
-2216
-1504
-1158
-2019
-4086
-5916
-5593
-3137
-272
-1020
-5364
-8804
-7581
-5311
-5007
-4916
-6473
-6342
-5771
-3374
-407
-3873
-10746
-21313
-18842
7022
32767
29919
-4310
-21698
-954
24269
25953
8717
3066
11763
18157
14953
347
-7947
-3950
6184
13172
8312
-378
-9203
-12621
-7977
-2295
-978
-4406
-5570
-2792
-1451
-5364
-10377
-9500
-1793
5900
6500
1908
-2239
-2601
-158
2372
4045
4801
5010
4850
4246
3060
1017
-719
-385
2169
5053
5880
2739
-1857
-4002
-3141
2478
8468
8784
2937
-3332
-931
2989
1472
-384
258
4125
4400
55
-3425
-6863
-6153
-1920
1269
2112
-1142
-4453
-5484
-4511
-2942
-3045
-2672
-385
1273
-133
-3494
-6196
-5510
-2070
827
1845
903
-2684
-6229
-6361
-5386
-4021
-2920
-2669
-3726
-5962
-5007
-4406
-5820
-8492
-14619
-11825
5831
22905
16950
-8968
-17223
1271
20022
18376
4040
1676
10130
16583
12319
-877
-5712
1826
13179
15439
5759
-2601
-5123
-2599
1229
1259
-1230
-4189
-2999
76
-2346
-8299
-10099
-5937
-575
1572
-85
-3200
-5410
-3112
-1058
-1190
116
1667
3545
2231
476
-161
-248
1941
2566
2939
3109
2818
2735
1914
674
44
1189
4170
7298
6972
3211
-1921
-1703
2089
3325
3643
2446
2173
282
-2656
-4621
-6627
-3511
1157
2604
-144
-3567
-3734
-3438
-2907
-2960
-1512
1719
1158
-265
-1176
-3964
-4350
-1983
1230
2343
-303
-1428
-2140
-2918
-2400
-2024
-436
-82
-840
-1187
-1706
-1731
-2250
-2657
-2165
-1712
-1540
-3716
-8446
-7608
393
7529
5849
-3274
-6094
-832
4484
4364
237
441
3433
5528
5309
1961
-439
331
4273
7267
5267
2198
1449
2488
3211
1455
-386
-792
442
2633
1841
-1146
-3597
-3675
-1422
-261
-706
-1699
-1912
-948
-693
-1651
-2522
-1840
205
1859
1747
224
-1172
-1521
-870
-126
149
331
779
1549
1559
421
-519
-6
674
323
34
318
2048
2966
1731
-646
-1707
827
2343
2468
1873
208
-780
-612
736
665
92
-102
1139
2477
1259
57
-1569
-2161
-122
1721
1760
971
-628
-2034
-1661
-1595
-1128
-184
35
137
-98
-653
-1308
-963
-346
-609
-1068
-977
-454
-734
-1682
-1970
-1363
-1045
-1491
-1914
-1722
-1323
-1371
-1598
-1764
-1912
-1979
-1556
-865
-677
-1142
-1281
-458
75
-100
-704
-452
740
1170
985
378
543
1216
1091
630
21
172
892
1409
1404
855
604
756
869
724
567
618
1076
1718
1771
1016
93
-200
105
599
1063
1309
1215
847
354
-62
-16
588
1107
852
166
26
661
1214
792
-361
-967
-180
1236
1706
699
-690
-1067
-229
744
763
-101
-838
-693
24
363
-228
-1193
-1323
-81
1446
1726
654
-590
-930
-368
435
828
723
476
470
629
591
449
232
331
590
779
996
488
-467
-1170
-977
-171
173
139
-277
-727
-884
-1007
-1097
-933
-517
-405
-771
-1308
-1767
-1985
-1756
-1100
-411
-211
-833
-1710
-1863
-1261
-671
-415
-275
-321
-818
-1549
-1801
-1176
-249
-34
-660
-1178
-957
-490
-387
-469
-337
-16
292
417
193
-189
-211
198
564
645
679
855
1004
752
81
-292
382
1733
2455
1815
503
-158
383
1442
1985
1705
1136
1004
1532
2168
2040
1008
22
195
1335
2044
1424
71
-618
-244
296
160
-262
-189
377
635
75
-681
-1052
-610
95
484
786
678
379
-92
-443
-425
-336
197
733
761
355
-132
-476
-915
-1171
-888
-306
25
-58
-448
-886
-979
-637
-126
228
388
430
392
237
-126
-559
-742
-583
-283
-38
34
-165
-608
-993
-919
-389
45
-132
-708
-1060
-933
-567
-458
-880
-1382
-1282
-575
1
-135
-607
-806
-692
-384
-141
-196
-282
-199
-95
-195
-656
-1051
-823
-317
-129
-292
-534
-618
-406
-32
55
-295
-743
-786
-198
609
747
190
20
538
1050
825
350
470
1159
1785
1515
969
827
1056
1323
1238
978
543
421
722
1012
975
618
412
263
321
564
536
251
-18
98
593
887
709
641
987
1273
1019
371
-32
79
448
735
629
168
-165
-284
-504
-797
-945
-732
-216
158
161
-178
-655
-806
-627
-512
-455
-199
198
242
-270
-916
-1315
-1133
-322
283
127
-413
-853
-970
-854
-705
-671
-779
-818
-606
-473
-676
-966
-1029
-776
-499
-228
-115
-122
94
102
-290
-756
-696
-172
204
365
107
-353
-513
-331
-81
81
146
31
-117
-64
29
-242
-559
-520
-50
397
165
-346
-478
120
770
661
162
-38
445
1011
1021
700
574
828
1022
822
412
259
535
952
1079
781
350
93
86
195
304
365
353
327
380
491
510
353
196
294
583
765
744
692
713
674
423
81
41
415
623
276
-142
-146
65
12
-350
-629
-616
-306
148
250
-138
-621
-973
-911
-348
138
113
-212
-358
-287
-444
-919
-1110
-675
-79
-46
-601
-937
-887
-756
-850
-993
-856
-782
-652
-491
-462
-625
-844
-636
-212
25
-152
-490
-625
-348
-33
-28
-12
92
316
250
77
-59
-285
-214
87
499
432
-72
-464
-474
29
474
480
52
-181
178
630
650
359
281
557
885
927
775
517
410
506
722
1026
927
491
70
143
640
782
516
122
-102
-104
86
428
495
125
-277
-266
72
401
558
495
247
41
241
734
840
263
-392
-313
402
893
558
-221
-641
-459
-52
-51
-319
-523
-553
-408
-426
-444
-396
-204
77
23
-276
-598
-525
22
492
350
-407
-1026
-1000
-568
-119
203
225
-162
-635
-776
-625
-517
-519
-532
-425
-185
-139
-411
-679
-677
-395
-62
141
328
335
-103
-495
-339
8
163
259
330
275
174
-47
-452
-568
-67
502
512
58
-363
-369
-63
141
181
232
327
475
502
262
102
203
312
434
636
657
408
191
171
209
239
295
286
181
114
115
56
-89
-130
74
311
282
65
-1
122
166
92
158
384
495
414
350
389
417
356
281
364
554
487
72
-230
-170
-75
-146
-215
-216
-257
-313
-314
-341
-424
-510
-473
-203
179
251
-97
-458
-538
-376
-225
45
266
159
-54
-323
-480
-531
-378
-120
-20
116
13
-408
-857
-1070
-818
-351
-18
87
31
-168
-437
-574
-396
-42
243
447
494
270
-173
-508
-384
121
584
572
80
-348
-393
-298
-217
-101
74
240
246
109
5
-50
-74
8
233
534
740
658
323
8
-39
196
536
738
600
220
-2
55
114
24
-117
-145
10
172
190
99
-53
-138
-62
80
209
283
293
334
397
351
225
237
495
791
786
425
53
22
213
210
-37
-164
-17
122
9
-237
-402
-446
-419
-316
-165
-38
-29
-228
-506
-581
-396
-99
75
10
-115
-123
-99
-63
-5
-37
-100
-115
-201
-344
-392
-373
-379
-429
-426
-345
-408
-508
-490
-369
-160
-57
3
14
-66
-64
-11
17
42
186
342
305
132
-17
-132
-247
-235
-169
-123
8
106
-40
-358
-504
-277
36
107
70
199
391
354
40
-174
15
423
707
635
382
191
212
448
522
317
33
18
297
448
308
-50
-233
-66
152
219
65
-55
21
172
406
513
425
353
316
259
226
379
573
541
285
-39
-140
-67
24
79
-53
-236
-364
-356
-201
-170
-310
-483
-423
-165
-88
-248
-381
-263
-196
-417
-453
-119
309
530
305
-169
-465
-352
-86
-7
1
-56
-231
-423
-593
-582
-486
-444
-296
-159
-147
-311
-512
-458
-204
115
249
152
168
356
452
238
-1
-23
98
319
327
112
-5
-103
-365
-622
-438
-46
85
-2
-106
-47
27
-94
-223
-58
248
485
572
393
156
0
60
338
514
430
221
229
352
282
65
-94
17
201
218
82
-151
-221
-139
-5
139
176
178
155
126
175
370
622
629
415
230
156
183
315
387
249
73
34
57
-24
-231
-399
-329
19
120
-291
-718
-627
-93
187
1
-343
-505
-342
-63
146
151
58
28
91
111
-39
-217
-191
-6
-10
-129
-184
-175
-143
-335
-568
-596
-457
-232
-119
-101
-238
-483
-480
-214
48
50
-23
45
152
180
14
-96
25
161
54
-167
-173
93
247
8
-166
-142
-120
-115
-134
-22
177
256
74
-163
-148
18
240
379
292
180
194
261
294
339
225
44
86
284
510
379
-17
-249
-160
91
130
98
91
118
55
-152
-138
159
447
416
225
192
343
358
163
43
145
398
397
186
14
-67
23
170
206
-4
-324
-428
-174
118
4
-373
-562
-393
-101
77
28
-68
-62
-22
-56
-160
-20
179
123
-47
-143
-72
-5
-21
-118
-233
-213
-151
-179
-309
-445
-498
-402
-173
-89
-223
-433
-427
-117
36
-113
-292
-141
219
258
-50
-382
-367
-17
205
121
3
39
63
23
-83
-234
-204
-29
68
33
-12
34
137
288
270
40
-98
-28
348
686
528
204
92
276
469
337
32
-150
12
259
223
48
-17
20
72
40
-60
-11
178
296
153
-34
-21
126
294
243
204
320
356
166
-112
-141
-40
159
355
384
305
25
-255
-270
-91
38
-65
-145
7
63
-60
-213
-334
-223
-101
-110
-28
110
64
-227
-351
-111
217
322
107
-136
-147
-52
-115
-296
-350
-195
-39
-101
-301
-436
-444
-390
-256
-102
-94
-176
-141
-55
-97
-241
-344
-218
46
253
231
-17
-152
-177
-195
-162
-85
-3
-17
-39
-87
-139
-85
-105
-140
-61
103
239
225
173
81
45
135
228
360
424
349
227
225
334
283
85
-52
0
238
342
97
-145
-135
10
138
69
-65
15
182
210
149
82
35
62
192
319
320
276
197
112
125
183
190
117
107
159
111
-12
-132
-186
-186
-123
22
123
25
-208
-364
-343
-157
-8
-88
-187
-108
8
9
-68
-118
-94
-64
-66
-60
-77
-82
-41
-63
-147
-206
-251
-298
-275
-225
-211
-161
-101
-64
-111
-233
-273
-224
-82
71
107
33
-78
-82
-48
-63
-35
30
84
11
-131
-138
-44
32
0
-122
-204
-97
124
247
231
105
-52
-73
40
116
151
202
264
315
251
47
-156
-128
67
164
216
223
143
100
94
36
-88
-62
134
302
363
171
-82
-127
28
243
320
261
183
199
244
146
-58
-86
101
245
276
208
87
5
-46
-119
-114
14
140
204
167
59
-77
-143
-62
22
83
89
-52
-161
-154
-178
-163
-151
-219
-190
-74
-17
-138
-275
-282
-218
-131
-128
-140
-141
-113
-128
-225
-234
-210
-173
-124
-57
-35
-93
-136
-151
-80
20
18
-105
-177
-130
-94
-121
-149
-122
-121
-122
-56
50
75
-46
-76
15
83
123
94
132
268
301
206
88
70
151
242
215
103
60
3
-22
16
13
3
-22
-55
-35
-30
-2
94
118
59
-7
25
77
80
117
146
281
366
291
120
-4
178
360
398
295
105
59
91
88
41
96
153
84
-19
-83
-85
-121
-195
-160
57
233
144
-73
-174
-126
-41
15
46
77
68
-17
-103
-114
-117
-204
-235
-112
30
53
-102
-335
-412
-330
-229
-155
-117
-68
-28
-120
-294
-376
-317
-107
128
169
-29
-271
-352
-223
-30
17
-20
-75
-89
-78
-101
-84
-164
-187
-28
77
106
89
48
32
60
101
140
140
133
201
218
172
116
2
-18
108
215
198
75
0
47
66
6
1
70
147
167
142
122
80
62
24
76
262
311
199
42
92
251
222
111
59
95
108
36
-54
-54
17
-8
-79
-69
-31
-47
-52
-10
51
80
25
-51
-5
93
32
-28
25
56
0
-49
37
87
49
-93
-245
-233
-170
-75
-37
-80
-140
-236
-258
-224
-187
-59
45
2
-55
-133
-185
-37
150
156
44
-45
-55
-13
-9
-107
-204
-151
-51
-88
-152
-181
-271
-286
-124
-46
-107
-153
-197
-109
73
104
16
20
170
240
220
166
26
0
70
136
187
107
29
-8
-65
-98
-96
-22
-1
-56
-50
-20
21
93
79
-53
-71
121
302
302
208
145
145
171
194
283
425
385
135
-14
48
107
103
95
58
25
6
-53
-137
-144
-53
-13
-4
29
65
36
-7
-13
-48
6
8
15
160
184
62
-96
-155
-114
-17
48
-17
-82
-67
-112
-214
-185
-117
-72
-106
-186
-189
-111
-16
-85
-138
-159
-137
-62
-54
-12
-82
-142
-104
26
101
-39
-169
-194
-90
-58
-53
-41
-119
-121
-102
-15
106
83
-107
-209
-29
156
165
82
-2
-24
20
18
3
55
85
71
42
26
29
-10
-103
-159
-109
24
120
101
56
-26
-20
70
138
201
140
92
129
175
213
199
168
118
159
221
144
64
35
27
57
139
119
-30
-92
-57
64
156
82
-40
-57
77
93
18
13
37
147
181
96
-1
-99
-145
-94
43
137
87
-55
-135
-102
-60
-100
-178
-152
-38
23
-28
-115
-157
-151
-125
-73
-7
14
-25
-80
-106
-123
-147
-158
-133
-98
-87
-109
-148
-184
-203
-189
-144
-87
-42
-20
-28
-56
-84
-88
-58
2
71
125
144
129
102
83
77
70
54
39
47
71
75
27
-56
-111
-93
-20
38
18
-66
-136
-130
-43
52
101
95
67
76
129
188
206
176
123
116
159
207
206
143
46
21
30
38
70
22
70
121
131
115
41
-60
-81
80
112
193
88
110
4
212
29
466
-18
-311
654
-466
673
-545
264
402
-917
769
-379
-149
281
-627
344
-404
-46
122
-577
207
-331
-79
-108
-386
85
-184
-34
-55
-198
-1
-116
18
-90
-111
-91
-131
-27
-83
-44
-32
-21
-42
-47
-97
-162
-71
-75
-59
-6
-36
-23
57
-35
-94
-19
5
82
117
48
27
7
-55
-77
-36
45
93
67
6
-47
-53
-27
-10
25
74
115
138
132
114
92
71
71
101
147
167
138
87
46
13
-28
-55
-24
56
113
80
-10
-77
-58
29
105
108
46
-6
4
47
67
58
76
131
171
137
59
27
73
125
104
42
9
26
20
-21
-72
-103
-94
-115
-112
-101
-92
-102
-119
-114
-116
-47
-59
-14
38
-9
23
-43
-75
-23
-4
0
16
15
-53
-52
-62
-85
-73
-54
-96
-147
-137
-115
-47
-53
-68
-105
-108
-14
-38
-44
-41
4
73
78
119
62
-18
-21
-15
47
43
20
21
-21
-37
-43
-35
-52
-92
-58
22
94
91
45
10
56
105
153
133
96
126
111
152
119
52
-2
114
122
67
4
-19
-10
-19
42
14
-3
-5
-17
-41
52
116
45
39
77
63
67
29
27
47
75
112
112
104
-29
-145
-62
23
53
-4
-85
-93
-49
-8
-43
-35
-26
-75
-46
-8
47
58
-9
-20
-30
-1
33
26
32
-29
-60
-81
-101
-41
-27
-50
-92
-142
-147
-126
-70
-106
-117
-66
-49
4
-23
-62
-90
-32
24
4
119
126
26
-42
-24
45
63
34
-86
-73
-21
-34
-63
-114
-115
-126
-55
-38
-127
-108
-46
-21
41
104
69
72
121
87
108
140
112
125
158
181
157
132
69
21
106
132
95
15
-113
-87
17
41
-59
-144
-89
-18
48
29
-1
56
140
229
190
143
106
5
64
192
166
91
31
-56
-53
18
3
-73
-112
-143
-180
-136
-88
-92
-63
-72
-118
-60
-1
-39
-49
-1
35
39
42
37
11
38
52
-34
-77
-9
12
-22
-61
-125
-150
-133
-98
-105
-72
-10
-53
-55
-46
-61
-68
-56
-12
17
136
149
-29
-86
-19
1
14
59
39
11
11
-48
-43
-14
-39
-37
5
62
30
-36
-89
-54
95
120
73
46
19
59
70
85
96
91
97
53
108
139
45
-10
-1
49
65
49
-17
-48
13
16
26
82
49
14
55
21
33
100
88
75
65
60
1
5
97
45
-4
4
-31
-53
-63
-42
-47
-80
-66
-57
-9
27
-28
-76
-83
-2
56
44
59
9
-26
-20
-38
3
5
-5
11
-26
-43
-94
-129
-110
-107
-49
-24
-38
-40
-66
-89
-77
-17
28
16
15
53
73
31
-18
-32
-1
22
31
49
19
-9
-51
-76
-66
-79
-40
-44
-58
-61
-88
-70
-57
-2
36
5
-25
-26
12
19
7
36
106
160
150
108
136
165
107
94
127
130
115
47
-36
-28
24
21
-13
-42
-51
-79
-69
-14
2
-37
-42
26
43
26
-24
-20
50
79
117
86
91
80
68
79
8
-5
-30
-15
25
36
19
-76
-92
-88
-97
-87
-67
-29
-13
-26
-48
-22
40
76
45
31
-16
-28
67
73
28
-45
-64
-31
-41
-27
-65
-93
-43
-51
-154
-168
-87
-64
-42
-47
-70
-52
-16
3
9
34
63
50
67
96
44
54
53
6
38
10
-56
-82
-15
42
-7
-26
-58
-79
-43
1
-6
-53
-5
32
20
54
22
25
86
94
152
198
164
77
9
40
22
19
13
-78
-36
39
14
-2
-3
-2
33
41
-26
-43
22
84
89
34
-3
31
49
19
6
23
58
62
30
22
37
-6
-68
-43
23
55
-20
-67
0
54
89
21
-41
-10
2
39
25
-24
-55
-76
-44
13
75
6
-96
-86
-94
-44
-38
-104
-97
-110
-101
-24
29
-11
-60
-38
-4
35
39
14
-9
-13
-12
-30
-25
15
27
12
-6
-44
-67
-45
-68
-79
5
45
-22
-78
-71
-56
27
57
-19
-18
14
65
68
15
-20
25
106
83
47
42
85
110
109
84
13
53
63
24
25
33
49
42
26
-2
-7
-20
-67
-37
38
65
18
-40
-53
-22
79
111
45
9
-5
42
106
91
30
-27
-38
-16
-24
-43
-32
-13
-11
-78
-130
-107
-94
-74
-39
9
10
-26
-25
-57
-6
112
76
6
10
46
98
100
39
-13
0
8
-17
-23
-42
-74
-94
-119
-164
-165
-65
-25
-56
-58
-54
-53
-42
-21
-8
30
117
145
140
80
-11
22
59
73
93
19
-47
-7
35
-15
-70
-106
-73
-30
-63
-83
-107
-83
-69
-42
43
57
55
30
53
90
55
77
53
72
192
190
132
58
12
29
23
11
0
6
7
-31
-61
-59
-49
-53
-16
-17
-23
31
2
-2
33
26
18
62
151
94
40
64
30
16
15
-1
-14
-10
-41
-34
-24
-45
-41
-66
-33
-15
-12
-5
-23
1
4
26
19
-45
-43
25
28
-37
-36
-23
-10
-3
-64
-89
23
67
-30
-79
-64
-43
-17
33
22
2
46
40
30
16
21
-33
-60
32
25
-1
-18
-57
-30
-5
-47
-74
-60
-38
-39
-74
-44
-20
-31
-44
-79
-69
-7
109
97
33
25
-10
47
93
77
78
85
110
80
40
36
40
47
36
19
21
26
-52
-69
15
-5
0
-14
-74
-34
-18
1
46
71
64
53
101
74
41
65
55
63
50
60
59
14
7
-58
-101
-77
-56
-49
-63
-88
-115
-112
-93
-78
-48
-11
-9
-16
7
38
72
97
83
59
62
78
64
63
79
49
0
-81
-118
-90
-58
-84
-130
-100
-88
-52
-56
-110
-57
-16
-2
-16
-17
49
84
88
68
18
18
70
90
88
54
7
0
-24
-52
-18
0
-38
-25
21
-12
-61
-67
-86
-78
-3
26
-13
-13
16
36
83
98
54
53
77
41
40
78
40
4
43
45
-15
-56
-68
-34
70
95
-8
-79
-89
-28
20
-3
0
-1
28
25
14
54
26
11
27
26
37
74
49
-1
-13
-63
-62
-34
27
80
24
-15
-88
-144
-45
11
-7
30
1
-22
10
-5
-27
-51
11
65
47
24
-31
-33
-9
-3
-27
-16
71
57
0
-24
-55
-13
41
11
-19
2
27
3
-35
-25
-37
-46
36
53
1
-6
-26
-42
-33
11
22
7
16
-36
-60
-33
0
24
55
68
9
-5
27
5
-14
17
13
17
63
18
-25
-13
-9
20
45
50
26
-12
-19
5
24
-8
-57
-35
21
70
83
23
-29
-38
2
4
4
64
70
65
0
-76
-59
15
67
34
43
23
1
13
-29
-23
14
23
-22
-37
-15
-45
-42
-25
3
14
-26
-16
-25
-2
45
7
-9
30
44
1
15
35
-12
-16
37
62
27
6
-67
-80
-5
13
-33
-108
-77
-38
-31
-18
-60
-55
-19
-3
-4
7
0
-28
2
-18
-35
53
88
72
70
29
-11
-6
39
51
40
44
-2
-36
-27
-22
-51
-47
-8
-7
29
14
-37
-10
-23
-13
-7
-40
-8
17
39
53
56
66
44
42
24
7
1
-3
14
34
45
-9
-24
-11
0
-15
-53
9
11
-7
3
-8
29
50
23
-24
9
45
31
68
55
26
42
26
13
7
1
-11
-6
-14
-30
-2
-4
-25
-44
-44
-6
-16
-11
-4
-19
-20
-4
19
-4
-16
-12
-27
-2
-18
-51
-35
-4
9
21
42
6
-20
-37
-41
-4
0
23
25
-18
-38
-28
6
37
47
9
-26
-27
-6
24
-12
-38
-17
-20
-11
-13
4
5
6
39
-4
-5
40
30
23
-6
-8
31
28
-6
-13
21
24
30
27
-10
-32
7
41
16
26
-1
-22
-12
-17
6
0
36
53
35
41
27
14
-33
-27
0
-29
-1
-5
-16
21
12
3
19
21
11
12
-3
-11
23
23
-7
-13
-14
-23
4
4
1
51
26
-18
-26
-31
-19
12
55
21
-21
-18
9
41
16
6
5
22
48
-2
-26
-48
-81
-53
-31
6
-7
-44
-43
-60
-42
-16
-26
-23
15
43
10
-14
-38
-41
16
39
32
26
27
44
60
84
41
-33
-41
-19
14
24
25
-15
-46
-7
-18
-10
10
-26
-51
-21
8
-5
6
-28
-56
5
58
48
20
47
20
3
62
57
51
63
20
-27
4
49
15
0
0
-19
4
4
-43
-52
-13
-19
-37
22
7
-35
15
16
-6
42
63
8
-24
25
32
22
31
-15
-28
55
53
-9
28
32
-10
-21
-7
-57
-55
27
-38
-41
-5
-14
-26
-56
-62
-77
-4
5
-6
32
-9
-45
-49
20
60
43
22
-20
-18
18
28
5
-3
9
30
30
-2
-27
-15
24
21
-14
-41
-68
-47
21
29
-20
-30
-10
27
52
9
-47
-20
18
15
49
44
18
3
25
62
58
43
-44
-18
55
7
8
37
8
-29
3
10
12
18
-6
-4
2
28
-6
6
16
-48
-36
-6
29
35
13
-5
-28
-24
-18
-7
24
35
11
11
-7
36
55
2
51
40
-20
5
36
46
8
-5
-32
-47
43
42
-14
-8
-3
-25
-21
-6
-68
-26
66
19
-16
-13
-15
-11
20
-15
-40
27
33
13
-4
-44
-71
-90
-59
-4
-7
13
-8
-65
-8
21
39
59
30
32
6
8
22
6
25
-8
-9
46
26
-4
-2
-22
-38
-14
-14
-71
-79
-20
-16
-56
-29
-5
-20
18
37
-3
-36
-39
-21
41
82
68
63
35
24
27
36
27
-32
-21
5
-16
17
33
1
7
-37
-69
-20
2
5
-29
-20
5
15
27
-21
6
44
37
47
59
29
-13
32
76
65
5
-19
9
-7
5
-13
-9
26
-14
-25
-14
-25
-31
-56
-77
-77
-39
1
-6
-12
15
54
30
-11
7
32
17
-18
-35
-8
21
7
16
15
-6
-1
17
13
-17
5
6
5
52
16
-30
-23
-15
-26
-20
18
8
-11
-9
-20
14
23
0
-24
-40
3
62
63
17
9
6
-8
15
42
16
-28
1
22
34
33
1
-16
-21
-23
-50
-39
12
7
-10
19
0
-33
50
55
-25
18
63
57
46
2
-52
-40
46
56
9
22
15
0
36
39
-12
-28
-12
-15
-24
-30
-25
-42
-51
0
23
4
15
-13
-42
8
0
-48
-36
7
50
48
30
-2
-2
33
25
3
2
24
22
-18
-27
-28
-36
-41
-67
-27
21
-10
-12
-15
-15
11
9
-7
-15
0
-9
-11
23
36
51
45
23
16
2
-5
1
-1
-20
-10
10
-10
-5
23
17
-24
-31
-21
-44
-9
17
-26
-9
-1
-35
-28
-9
5
17
28
20
11
42
19
-10
20
37
50
68
30
-27
2
47
19
-27
-16
-2
9
11
-42
-54
-5
29
18
5
-8
-52
-22
22
-4
20
37
34
50
41
7
-23
0
-12
-18
57
26
-23
-12
-18
-18
-42
-39
-26
-11
-4
-60
-31
32
10
-13
1
-2
-24
-21
-1
34
49
54
27
8
36
17
11
-14
-38
-12
-34
-8
14
-6
8
-8
-6
-27
-40
8
-9
-7
17
-14
-11
22
16
5
-7
-29
20
47
-2
-12
68
53
-7
41
20
13
40
26
3
-16
31
10
-22
10
8
-1
5
-4
-28
-23
-24
-30
1
1
-40
-38
18
37
25
42
17
-29
-11
22
10
28
21
-45
18
81
41
11
2
-9
-19
22
-23
-39
14
-7
24
-11
-59
-28
-15
-7
16
18
-1
1
43
40
-59
-34
3
-1
90
102
28
-58
-25
9
5
27
-41
-63
-14
51
1
-31
-8
-68
-22
3
-26
-13
-19
-20
-2
-16
-27
3
20
26
-2
-2
-12
-24
19
26
35
9
16
17
-12
5
-1
26
12
-29
-22
2
-2
-2
2
-26
8
4
9
18
2
28
-3
-8
-28
-71
-19
26
25
24
5
-5
32
33
9
13
6
-2
-4
3
39
58
3
-31
-11
-20
-24
5
11
13
29
8
-26
-31
-25
-8
16
39
57
45
25
28
9
-30
-33
-12
39
104
67
-6
-22
-52
-61
-5
12
5
29
17
-32
-45
-18
-35
-50
13
16
-47
-24
8
-9
-2
-17
-42
-3
35
5
-23
-10
0
9
32
6
-24
12
8
-59
-64
-12
16
27
29
0
-19
-6
10
5
18
32
-2
-15
-21
-22
34
56
32
13
-8
-6
-1
12
20
-2
15
17
-2
19
7
-15
-30
-53
-47
1
45
29
12
26
3
-21
16
22
45
50
-25
-19
3
10
7
27
19
-16
53
58
14
-1
2
-13
-6
53
-2
-19
8
-23
-16
-7
-2
2
20
23
-16
-11
-15
-38
-6
2
-2
16
6
15
8
17
35
-7
-18
-40
-51
13
47
31
9
-10
-20
-13
-6
3
15
14
17
12
-15
-38
-38
-11
13
39
49
-18
-49
4
-9
-29
12
32
24
5
-33
-46
-4
5
-17
-10
26
42
29
27
-12
-27
27
40
2
-19
-19
-28
-7
37
24
9
37
11
-27
27
44
-1
2
-13
-20
18
44
35
-1
-4
-28
-34
22
3
-7
-3
-48
-27
14
8
1
18
31
13
11
6
1
32
23
10
10
-7
-8
-6
9
-8
-31
-2
4
6
3
-25
-46
-22
-4
14
60
26
-13
-13
-7
18
36
11
-25
2
-28
-62
-28
-6
-4
-7
2
-13
11
16
-25
-16
-16
-18
21
51
9
-13
16
31
41
17
-4
-1
0
13
-22
-57
-16
8
-5
-19
-38
-31
5
14
20
49
41
4
-8
13
5
-17
3
9
-3
3
16
14
3
1
1
1
1
0
0
1
1
-2
1
0
0
-1
0
1
0
0
0
2
1
0
0
0
0
0
0
0
1
1
0
1
-1
0
0
0
0
0
0
0
0
0
-1
-1
-2
-1
0
1
2
1
0
0
2
3
5
7
7
2
-6
-14
-22
-17
2
5
1
-16
-28
-10
12
46
80
81
46
-16
-69
-79
-67
-59
-106
-73
88
117
95
99
20
58
65
-95
-42
59
-9
-68
-83
75
69
-274
-146
388
1246
2554
1628
-2465
-4285
-845
2533
1455
-1437
-1959
-43
1233
334
-812
-62
1097
550
-816
-936
331
793
117
-242
63
350
-36
-414
-297
70
384
180
-159
65
89
-45
45
-89
85
-64
-147
32
-98
77
-174
-215
379
542
-228
-718
36
1007
895
-975
-1422
124
936
625
-651
-828
266
742
264
-365
-62
304
410
86
-539
46
440
-4
-517
-709
258
315
-492
-282
-54
198
373
-216
-421
181
570
-95
-917
-8
796
-333
-994
276
1147
156
-669
-494
251
800
756
-162
-1614
-482
1642
1154
-955
-1894
285
1847
199
-1135
-541
612
696
-95
-752
-343
750
228
-775
-393
765
721
-536
-660
-79
643
437
-734
-548
413
804
-116
-627
45
584
-47
-315
82
120
-212
-565
568
750
-82
-322
78
-1356
643
1709
-26
-1649
-330
568
311
599
-293
-313
27
-254
-312
836
623
-978
-458
472
1426
-1030
-918
647
-75
749
-797
124
556
-756
263
-250
331
780
-680
-1147
471
1543
-765
-651
724
-614
-558
285
1117
515
-1321
-987
1372
957
-294
-1889
-2
1186
882
-25
-2558
-247
2504
422
-642
-1784
162
1158
1345
-832
-1843
490
1371
813
-1623
-1364
789
2125
603
-2827
-1273
2433
1077
-431
-1431
-1603
589
2632
785
-2982
-1736
2579
2482
-1528
-3432
1049
3408
-1205
-2578
1564
2692
-1353
-3126
183
2646
1653
231
-3284
-2765
1791
4335
24
-2660
-1696
-570
3450
1440
-2227
-1922
65
2136
1038
-1924
-688
1293
364
-500
-688
153
942
-1200
232
1172
67
558
-1683
-397
729
519
561
-536
-377
-1563
999
1885
719
-2508
-1316
2074
-355
844
-613
-1052
-406
1457
1549
-464
-2090
-808
-37
2830
2446
-2453
-3472
1088
1875
1342
-688
-2994
1261
547
1430
-1701
-1383
2870
115
42
-1034
-1664
-292
2031
2001
-1668
-2318
385
1547
1255
-2241
-950
2233
1085
-1356
-2511
-120
3478
968
-1847
-2339
-1596
3329
4155
-1133
-5428
-1507
3319
2617
814
-2393
-1192
456
-429
2158
1053
-1069
-2581
-1603
3366
2477
-235
-6407
-498
5579
2354
-1032
-5132
-2204
4689
2904
649
-3843
-4408
1336
4596
3191
-2478
-2672
-2629
878
4229
2855
-3289
-3072
139
-362
2835
2813
-2348
-1533
-1437
-1003
4078
1678
-2815
-2030
-540
2245
1468
255
-822
-1305
380
4
-446
-100
1664
1299
-1944
-4163
1163
5647
-591
-2368
-1059
100
1951
-414
-2804
866
5468
-2234
-5350
2212
2456
-1
-1316
-1620
1200
2054
-972
-2158
804
1739
302
-316
-1284
-317
1925
926
-2548
-2008
3176
3484
-2486
-5732
298
6475
2688
-3550
-5792
234
6954
-385
-5662
181
3836
3491
-2987
-5282
511
3861
4335
-4041
-4754
4450
733
-2541
-355
677
2725
65
-2605
-262
863
-38
868
1440
-694
-1701
-1348
-363
3801
3928
-4667
-6759
1909
6206
2508
-4576
-4830
2195
2915
963
28
-1947
-2250
133
3099
1172
-2265
-1187
560
1681
3502
-3169
-7488
2703
6784
1928
-3130
-6859
-523
8081
3328
-3096
-4758
-2987
4050
3326
579
-2850
-3016
2123
1465
1550
-3203
-1758
3879
1188
-1693
-4131
1074
3915
1560
-1927
-3531
1619
669
887
2260
-1674
-2744
-2488
2407
4262
-1487
-2659
-453
3675
641
-6147
-1011
3826
5533
518
-7907
-3999
2388
7283
3727
-5413
-7389
235
9451
3938
-4027
-9379
-3222
10907
5704
-3917
-7463
-3757
5991
5632
473
-3274
-6918
-177
7339
3459
-476
-4904
-3864
3615
2715
168
-2575
-2698
2480
2397
1532
-2736
-2871
2003
112
3921
1351
-5778
-2496
-69
2293
3542
1266
-1842
-4450
-2468
3782
6544
809
-6978
-3788
5194
2790
-3215
-3467
1474
6274
-236
-5303
-2740
-115
3744
3404
2650
-3465
-8183
92
5436
6356
373
-4948
-5243
-793
6501
2104
-1701
-4071
1331
4567
-6462
-132
3447
-86
4187
-7158
-6381
9032
5363
-3085
-6252
-2340
4852
4036
-751
-3063
-1770
139
745
4263
611
-6311
479
1561
1917
995
-3596
2864
-1177
-2557
1897
2618
2556
-4322
-2623
1100
1468
1803
428
-1362
-3379
321
2685
1291
69
-2853
-2054
2348
3114
2025
-4455
-6241
3325
6682
4657
-5055
-9423
554
5156
4807
1076
-2956
-5485
-3403
3693
7635
5153
-7434
-11419
1813
11667
6533
-6552
-12255
-3578
10567
13446
-1331
-16111
-8791
7252
13809
6051
-11220
-10613
1212
6211
9116
-1753
-11695
-2152
6822
7844
-1724
-8878
-4138
4292
6072
2263
-2156
-7679
-1406
1125
7030
4774
-2949
-8202
-4773
6654
7848
-1079
-8931
-1753
6253
4865
-3662
-4854
276
2703
2911
38
-2377
-1928
-1335
3418
2000
79
-402
-7257
-288
7987
1426
-3054
-4917
-782
34
7285
5107
-3486
-9450
-4462
9483
6357
-1674
-6141
-4148
3198
5632
-545
-2657
-1794
1409
2928
-2171
-47
-2265
301
732
3282
-1842
-2862
2867
-3159
1296
3070
170
-1585
-5798
2568
6189
-71
-4971
-2193
3834
4259
-23
-4963
-4005
2121
4895
3255
-2082
-6265
-423
3955
1086
-1643
-1891
3033
1452
-3547
339
-105
-1491
3438
3558
-3959
-6514
2220
4444
2364
-720
-5844
1273
3148
-1690
1756
2187
-912
-6073
-2651
7886
6553
-2188
-9370
-8777
5861
14561
1007
-9069
-7518
-475
8956
4556
-5110
-667
-942
2707
-3866
562
4058
-448
-1102
-5317
8495
-17
-6041
-3623
2402
10378
3521
-8444
-12209
-3496
18652
9460
-10316
-8516
-4524
4768
4568
6238
-106
-10276
-3508
4982
7660
912
-8181
-4305
5430
6970
-5052
-6049
3572
3711
2025
-6274
-6370
7751
6311
-635
-8498
-7781
5945
8316
4955
-4122
-10458
-2606
7885
8629
-835
-5203
-7654
-1007
5805
3845
2237
767
-7505
-8656
7522
8949
2236
-6583
-5905
-2979
5488
7503
-2335
-4351
-4309
4244
5157
-6070
-967
-899
5236
3542
-4321
-3919
-4843
9852
10381
-9745
-12027
-762
11465
8863
-4837
-12382
-2654
11911
4981
-5253
-4920
-1584
-346
8496
3713
-6810
-5025
1083
-465
6635
6407
-5637
-8509
-4418
7003
11425
-2416
-10156
-4777
6617
11051
-761
-10862
-7897
3535
15162
3776
-10180
-9145
-3277
9302
7804
2524
-7516
-9645
4404
5130
2491
-1535
-28
-2299
-2803
-4776
5779
9912
-4345
-6306
-5440
1732
8809
2467
-2601
-6585
-4059
8857
8620
-2002
-11773
-6565
4923
8879
6301
-6873
-11326
1420
4032
8183
3030
-4958
-8953
-2382
6586
5585
2581
-6359
-9675
4897
10191
1259
-7435
-2766
-261
6004
-206
-3597
3503
1187
-2357
-772
-4115
3578
4897
-955
-5202
-2618
8310
-1780
-4615
-2170
4325
8948
-2092
-8488
-7424
4216
11512
4234
-7855
-8303
2359
6485
375
-2154
-502
-6505
-472
4968
5106
3180
-6110
-11139
-2149
13055
8447
-1915
-9673
-9375
3584
12043
4010
-6560
-7612
-921
7224
4938
-4430
1851
-972
-5682
-2746
5370
6626
2966
-1404
-8324
-11629
3382
15460
9887
-5437
-14750
-10380
8520
16397
2455
-9012
-9635
-3089
7825
11962
-1199
-9264
-9750
2877
9108
8958
1776
-13726
-12501
3687
17934
6850
-9746
-12092
-2789
8715
6819
-988
-5110
-3730
3421
1968
-320
-1921
2529
-721
-123
-2806
-1251
6015
2667
-1828
-6304
-4787
3743
6504
3330
-488
-8423
-3574
1738
3651
6124
1182
-4576
-2651
-3267
-2608
8487
6372
-3124
-5463
-7706
463
7557
8941
3148
-10613
-12770
-1319
14597
13366
-5372
-13694
-7315
5628
9471
2258
-3154
-5210
-788
3594
2081
-1717
-2171
876
-235
1249
2728
-2235
-3036
378
4552
4914
-5991
-7344
2978
4052
3686
-665
-3811
-2353
-3407
7838
8804
-6537
-7324
-3044
996
8521
7003
-6656
-11010
-4
6459
9612
-2071
-12481
609
5839
2282
-2493
-3986
467
3348
3815
-1430
-5087
-4282
1277
7546
2241
-1907
-5322
-7013
1511
8074
9019
-149
-9891
-11935
4138
11077
5464
-2063
-8805
-6826
556
8497
9531
-222
-8139
-12412
441
9125
12835
-779
-11757
-7050
519
10608
7785
-2915
-10339
-3355
1732
2946
5929
1854
-2290
-8733
-4694
6218
9276
236
-7616
-4897
3990
8008
1307
-4007
-5604
-5063
5592
7882
4127
-8097
-6630
-2696
5724
10543
-2730
-4736
-3441
-3701
4788
6075
523
-1467
-8239
-3639
7534
6267
-723
-6951
2050
1050
-2847
-2071
-18
10665
1369
-7490
-5846
-1566
6954
9038
-32
-9721
-9456
3503
11781
2136
481
-7927
-8033
1851
8445
7659
-3941
-11052
-5392
7029
9279
3072
-6073
-9960
-767
11387
6419
-708
-14541
-9533
7597
11389
7323
-2681
-8683
-13105
-1577
13713
10132
5055
-10730
-21194
3
18773
9365
-1826
-10803
-5097
-250
4998
8181
3705
-2754
-9493
-5739
4028
10529
2143
-5088
-4672
-1802
185
4320
2307
-1058
-1219
-4188
-14
3993
-1380
-1725
-931
448
2618
1796
-366
-6382
-466
8612
1238
-4359
-5159
-3630
6420
7559
-1275
-4730
-2410
427
1900
2321
2577
1117
-3258
-4615
-3936
6703
7708
1351
-8837
-5951
-1115
5177
7094
1438
-6530
-8936
5514
7153
1719
-4985
-4273
245
1582
3540
-1470
-5961
2961
5174
2112
-796
-7474
-4979
8052
4653
1563
-2182
-4922
-2515
40
3699
-1687
2125
-1941
1824
-932
-5037
3241
3077
4889
-4140
-9704
2218
8929
3639
-2203
-5090
-1282
-460
202
5259
4142
-2560
-5568
-6711
2312
7592
3592
-3286
-11039
3343
8157
3926
-5042
-7869
-853
2019
5266
4630
-1390
-2035
-3237
-3485
124
6409
5756
-3512
-6455
-606
1878
1612
2950
-2486
-912
3172
-2042
-87
-1956
39
5436
50
-2387
-2224
-837
3311
2845
-2964
-3232
-2611
-1084
7243
7486
-5256
-9426
21
1947
6870
3587
-10544
-6431
3161
6620
2776
-1061
-2901
945
-2346
-8163
6677
9271
1578
-5115
-7246
-259
4255
6598
13
-6943
-5656
3263
2544
2209
8042
-1933
-8277
-6762
-38
9320
3414
-2111
-1055
-840
-2164
-3465
-1513
5377
9029
-111
-5783
-11142
-1550
6026
9394
5132
-2977
-12021
-4273
2923
6245
8879
3653
-9414
-15183
-2374
14424
16561
-1943
-11717
-14513
-3683
10684
13584
6120
-8804
-15315
-8183
10923
14596
4400
-6199
-15725
-4558
7906
13616
6689
-12363
-12135
584
8035
9988
-185
-8254
-1874
1079
2000
815
-1252
2434
-621
-2961
679
-1710
-262
2661
774
-3446
-2895
1783
824
2699
-1439
-270
363
3989
273
-8869
-102
7951
1063
-711
-5663
-5000
4930
8901
2890
-5290
-8664
-3951
8943
10579
-2062
-6442
-10829
-5027
11466
12163
978
-8202
-11591
-4475
11792
10885
855
-9638
-7958
-3679
4192
11823
3987
-4018
-8379
-6515
2980
11050
3248
-4498
-6660
-2719
5079
3793
1441
-3899
-1084
-2043
1953
5686
397
-4429
-4681
1616
3967
1752
1306
1630
-3213
-2868
-1248
931
6910
-1191
-1380
-5801
-6090
2780
9797
7224
-2090
-11513
-10022
2600
8639
7926
-111
-5138
-6521
-3154
1573
9146
5170
-4149
-7217
-5908
2533
10669
4462
-8651
-3884
823
3956
-2081
-2964
5562
4083
-1257
-4311
-4752
4073
2860
-598
1374
287
-2261
-5420
-2035
2667
4911
5454
-5988
-9881
100
6267
6414
3455
-3159
-9135
-6784
2626
11303
6699
-1710
-5386
-8789
-3393
5594
11655
6743
-6048
-12111
-7684
6295
14549
5558
-8281
-10455
-6651
3629
11832
4676
-2240
-7565
-9346
-2661
7481
13126
4435
-8044
-11031
-5713
3253
10558
7072
-2364
-5812
-6336
-2149
3846
6193
5076
-2614
-3336
-3105
-6422
3699
8993
4312
-1406
-9331
-6506
4601
7933
2656
-2959
-8246
-4213
2090
6815
7274
-1163
-4441
-6192
-5086
1635
8742
4689
1206
-6474
-7950
-253
6127
6035
328
-5012
-2818
1877
3586
2335
3364
-3638
-8734
-5095
9151
11146
360
-9808
-9863
-2949
9654
9151
60
-3063
-4627
-2736
428
-1050
4785
1642
1337
-4550
-3160
4176
2868
-577
-4569
659
601
3406
4346
-3877
-6370
-4096
-486
6933
5043
3173
-3336
-9750
-2818
1580
5810
4064
1976
408
-8256
-1564
-1474
339
11135
57
-5390
-3398
-2245
4240
3890
2040
-5698
-6486
-375
2313
10865
5808
-5930
-9470
-5017
3098
6222
6782
-976
-4366
379
-3527
-2471
3299
4170
3234
498
-5009
-6110
2668
3780
4393
-155
-6023
-7189
2565
7833
6280
-2903
-10511
-6924
3919
10167
6075
-2540
-9283
-8774
3972
7539
3420
1046
-6771
-6070
2176
7897
3076
-677
-4654
-3866
1091
8693
1005
-5388
-3490
-1118
3503
4187
-674
-3331
-2536
-3213
929
5308
2102
-1048
-3667
-2493
-2051
-400
7365
3273
6561
-6754
-12544
579
3553
10289
4154
-6382
-9449
-2574
3586
7045
6059
-5292
-8346
-1334
2983
5910
705
-1123
-2292
-2522
1293
1344
4213
1604
-3183
-3469
-2848
207
714
2524
4298
290
-2294
-1743
-4554
-1950
5436
4413
1770
-232
-5732
-5977
-565
5420
9966
3621
-10532
-11064
62
7002
8900
1809
-5016
-3538
-1698
811
2461
2605
972
224
-2272
-4252
1062
1539
1049
2637
-975
-3009
-2574
-2158
2143
5549
1883
-2771
-5864
-3889
2880
6706
4056
-1927
-5235
-5382
-1939
3076
8861
4205
-6813
-6991
-1935
4825
4685
664
-1559
-1187
619
-4465
362
6447
3262
996
-7384
-7976
2099
7076
7306
867
-6603
-8095
-3727
5230
9252
3943
-3071
-6287
-5883
2253
6397
-999
-3448
-232
304
695
1836
-400
1428
239
-5137
-1058
4022
6156
244
-4944
-4888
-2820
5451
5766
-366
-4303
-1820
-440
-141
4782
322
-1950
989
-593
-1268
-2139
709
2824
-811
24
1124
-3145
-3955
2285
6301
1937
-932
-4499
-6464
2464
5374
2860
-813
-5615
-1477
1655
2719
2490
-1997
-1408
1282
133
-1173
-3074
-251
5768
3531
1133
-5745
-7855
2744
3438
2245
2075
-1815
-3137
-665
1683
1841
2508
-1682
-2657
-2219
-1259
5684
4153
-711
-4811
-7231
-1839
2466
7866
6642
-5488
-7392
-4754
972
8811
5236
-2446
-2875
-717
-1887
-3069
-865
4738
3086
2866
-1246
-3944
-6648
2516
8850
2606
968
-7557
-9015
-976
7214
8134
1634
-5923
-8288
30
3730
7519
2085
-4344
-3981
-1317
2104
1392
1069
-2556
759
1683
-1466
-2114
1807
-1652
58
4732
-1570
-3795
-3177
-450
5912
3890
-1562
-4922
-1282
3634
3379
3389
-2642
-8434
-1129
5898
5860
1827
-3843
-5667
-2466
1778
3330
4829
1906
-4801
-5757
-4734
2652
9118
1182
-3130
-3507
-3688
106
3602
5161
1781
-2597
-4664
-6854
573
9527
5669
637
-9596
-3199
2926
4763
2799
-1960
-1242
-3677
-462
200
2589
4828
-1168
-7168
-3426
3763
3975
-751
-851
-2437
-1021
2110
1511
-534
55
-583
-715
34
-2948
-880
2786
3633
-307
-5390
-1435
3730
5932
2255
-5005
-6624
-758
5526
5795
1532
-4812
-6680
-1802
4607
6584
1950
-3920
-6634
-4830
3902
9926
3399
-3601
-6905
-6566
998
7783
8756
350
-8009
-6768
-3710
3267
9673
3410
-4493
-5196
-4132
801
4316
2395
3032
-104
-5008
-2003
-363
1102
5168
1673
-2282
-3864
-3443
4256
6040
1850
-3064
-5651
-2895
-228
6383
7878
94
-6934
-7438
-1724
4575
5870
1876
210
-4189
-5033
-1412
47
3990
4280
138
-4398
-2396
-495
1577
2888
451
2355
-1932
-3956
-2457
1117
7215
3734
-2355
-5925
-4590
1309
7237
3960
583
-1505
-7613
-3688
721
5472
6625
-401
-2951
-4634
-4101
525
2710
2802
4294
-194
-5199
-4103
-1780
3994
5382
1276
-2389
-3493
-2860
-2591
2046
5663
2619
-2427
-5779
-3581
2993
5885
3595
-665
-5008
-4537
-186
3736
6359
3006
-2327
-5786
-6745
263
6407
6882
3048
-3566
-7466
-5251
1638
4332
5293
3160
-3062
-7970
-7722
2963
8641
4290
-1977
-5811
-1615
1263
3415
3968
-938
-2192
-2805
66
3005
2196
2103
-2604
-4157
-2052
791
3528
2281
1011
-1920
-2706
-795
-624
97
787
1997
2651
-1259
-3925
-1407
261
3155
4211
-2227
-2609
1904
627
-1148
-1285
-361
-753
-353
682
487
934
-1196
-596
853
-299
-890
-39
431
-75
4309
2753
-4033
-3791
-2575
-385
3754
4412
1323
-1297
-2534
-2508
-551
1124
2529
677
-1561
1399
992
-1500
-1224
-1483
1428
3175
309
-2113
-2541
364
1779
1791
761
-4093
-3550
727
1844
3107
3944
407
-4617
-5115
-651
3609
3904
2925
-1303
-3635
-4629
-3946
6108
7838
2579
-2158
-7387
-4899
1491
6847
4134
-1068
-1413
-2235
-3163
-548
3259
2815
848
-905
-2845
-4089
-750
2567
1952
938
-2738
-3631
-997
2908
4113
702
-2834
-4586
-924
2356
4251
3625
-511
-3319
-4080
-521
1667
2919
3319
525
-1397
-4375
-3292
1891
3357
4291
3645
-2991
-7631
-4108
2257
5263
4760
344
-4874
-3499
-993
510
2522
2352
1142
-2349
-2763
-345
1132
2779
1509
-1229
-2805
-1249
354
1992
3852
493
-2130
-3854
-5256
637
7292
7411
1268
-6843
-9009
-5059
3691
10790
6816
-1339
-8001
-8319
-434
5483
5556
1795
-1095
-2826
-2455
53
228
1060
1311
-237
-1174
-251
1285
313
-622
-683
-689
148
197
-1421
-603
2424
3066
209
-3139
-2883
-1281
2436
5162
1668
-1729
-4431
-5271
507
7148
7511
238
-7792
-6886
-1039
4295
7491
3427
-2838
-6510
-5302
768
5562
6722
903
-5247
-5901
-3450
3379
7523
4893
-2346
-8185
-5664
-283
5238
7177
1852
-3771
-6680
-4872
1423
7214
6351
-562
-4366
-5270
-2977
2592
4985
4363
1043
-2637
-4381
-4237
-321
3388
4433
2639
-1342
-4101
-3833
1423
4192
510
-1398
-704
1452
1480
-757
-1310
-2451
-1064
1607
3061
3514
623
-3940
-5823
-1769
4060
5869
420
-4521
-3360
-730
1863
2928
2541
-1093
-2764
-1694
-725
2751
3893
2453
-2853
-6485
-1801
2350
3116
2513
990
-1707
-2989
-1629
-1590
1534
4970
1873
-2451
-4010
-1954
697
2707
3046
1071
-1137
-2340
-981
-1111
755
3549
1705
-232
-2788
-3111
316
1424
165
416
347
-748
-10
491
-365
-53
-501
-609
1540
1117
536
54
-2805
-1943
1033
1673
1990
-1030
-632
-454
-101
1524
-593
-1681
-1623
1421
2322
639
-120
-1417
-311
1223
142
-375
559
-673
-368
-423
-56
1233
1139
1068
-443
-2301
-2339
-683
2936
1748
278
-1267
-2049
-1664
485
3378
3280
-986
-4652
-4824
1193
6432
4785
-810
-6256
-4219
493
2918
2945
3109
41
-3448
-3250
-1676
1155
3847
2372
-889
-2685
-1862
-376
1641
1942
83
-662
-935
68
1237
388
-1172
-1359
-839
641
1848
66
-187
-579
-947
322
362
-694
-911
1491
1828
1436
-24
-3605
-3118
1142
4763
3680
-405
-4313
-4187
-1517
1393
5601
4142
-1476
-4776
-4668
-207
4737
3270
-881
-1705
-2315
-917
1205
1134
2257
1741
-1769
-3016
-772
1497
2414
2079
-620
-4333
-2400
2385
2386
1113
-660
-2582
-2318
2
2412
1979
453
-1649
-2360
-610
1640
2272
183
-1013
-2055
-547
3586
1825
-1250
-2402
-4016
-780
3488
3925
3210
-373
-5175
-5347
-843
3566
4582
2978
-512
-3745
-3256
-1531
710
3391
3167
1126
-1897
-3901
-2917
346
3311
2633
1090
-1291
-3508
-1235
1736
3936
2247
-2467
-3126
-1200
863
1498
1627
1055
-1295
-1875
-1235
-479
850
1827
2559
-209
-2319
-3448
-877
-2
1591
4637
1816
-781
-4235
-4115
-899
3097
5258
2540
-2009
-4275
-2865
-42
2634
2657
-3
-681
-1096
-2072
-421
1850
1196
-335
278
-1127
-1289
628
1171
511
-1869
-288
1212
1770
339
-1515
-1814
-733
1760
2377
215
-24
-1094
-1845
-559
1026
940
377
140
-1342
-1880
-801
1636
3087
601
-1994
-3876
-1885
1994
3561
3321
31
-2408
-4419
-1942
3354
4708
3163
-1059
-4133
-3593
78
2760
3885
486
-2558
-2316
-1211
404
2973
1717
-660
-2547
-2086
14
914
1393
126
108
-606
-1034
-574
1370
2097
325
-1521
-1562
-79
1294
1862
-675
-2197
-1588
959
1426
1136
757
-1165
-1882
-1223
1208
2026
426
569
-1129
-1741
-19
346
1023
467
-307
-743
-696
62
-43
363
-186
120
564
-388
-446
-286
402
574
37
-594
-490
744
1072
835
-237
-1377
-828
-566
-348
1687
2579
238
-787
-589
-1879
-785
709
145
175
892
1883
769
-2412
-3672
-1324
2173
3283
1737
-977
-3348
-2961
-71
3016
3012
1044
-1184
-2731
-1788
678
2757
1408
-206
-1279
-508
-273
299
100
276
899
228
-980
-1667
-734
2620
3299
658
-2396
-3286
-886
1682
2326
749
-1014
-1074
-1330
-1036
164
1514
1112
-35
-399
-1275
-823
177
513
1895
231
-1058
169
-1035
-437
-1344
313
2242
2051
606
-2187
-2545
-1634
387
2585
3206
1132
-1958
-3595
-924
2522
2802
-279
-3063
-2212
1677
3267
1633
-895
-3626
-3144
-261
1555
3967
3928
-423
-3681
-3873
-2008
1585
2982
2057
993
-1039
-2103
-2399
-920
608
1462
3174
1114
-1616
-3000
-2472
-25
1991
3594
1840
-885
-2373
-1686
414
1810
2338
670
-1061
-2281
-2362
1069
3555
2643
-996
-4052
-3354
-654
3038
4374
2107
-2466
-3906
-3438
-213
3475
3721
1116
-1589
-3610
-2453
884
2456
2120
1623
-1042
-1632
-1812
122
731
972
2022
429
-1481
-1982
-860
67
1015
242
-219
349
746
8
-420
-110
-22
-409
-180
320
323
432
204
-307
-86
-133
-104
-51
-515
-254
46
18
642
406
-359
-506
-660
-1
1108
1371
716
-1125
-2295
-1520
15
1656
2279
1893
433
-2741
-3654
-976
1433
2926
2271
-781
-2070
-1019
334
938
672
469
-171
-1382
-1343
-279
1108
1490
-319
-659
24
37
440
-85
-411
-412
237
1193
271
-811
-941
-569
743
1429
369
-651
-2055
-1051
1314
1566
1644
-405
-1705
-1259
-274
986
427
52
-911
-54
1632
785
-239
-1568
-1744
-279
1609
2335
791
-1292
-2338
-756
1396
2090
1272
-1662
-2428
-459
1039
2092
1106
-1025
-1605
-819
-10
622
1160
947
103
-1067
-1399
-488
957
2079
1174
-1058
-2117
-1288
769
1813
664
-311
-693
-1169
-438
597
578
-267
-664
388
727
39
-192
-865
-690
129
305
1565
1682
289
-1262
-2476
-1143
655
1718
1544
62
-1135
-839
733
76
-968
-857
-113
1471
880
-95
-511
-1728
-915
1096
1804
1295
-564
-1964
-1023
1110
2109
836
-1017
-1781
-1235
338
1562
1513
108
-1910
-2248
-513
1372
2836
2148
-564
-2576
-3344
-1115
2074
3304
3076
-159
-3770
-3562
-354
2454
2891
1243
-1247
-2090
-1240
224
1621
1361
-64
-924
-802
-341
555
1064
322
-164
-956
-1096
-118
297
1518
1199
-995
-1712
-1156
317
1380
963
-360
-1390
-923
373
1038
1073
698
-176
-1035
-916
69
410
986
626
-697
-398
42
410
-20
-635
-4
347
386
12
-252
-255
-171
48
11
208
48
-253
426
820
-266
-1527
-1689
-249
2323
3205
1277
-1595
-3484
-2283
1296
3363
1698
-1183
-1885
-606
809
518
-219
-543
-288
539
152
-7
-181
-385
7
-190
168
-121
-400
128
4
827
676
-337
-474
-772
-405
-349
260
1166
1131
698
-714
-1817
-1423
532
1796
1665
169
-1713
-1835
-710
1016
1311
830
-341
-1118
-193
-113
656
1069
-24
-633
-934
-296
1005
1323
480
-936
-1716
-581
667
827
630
-50
-406
-419
-530
-53
366
230
397
425
-141
-405
-198
189
477
272
-151
-538
-676
-109
384
252
575
440
-911
-1083
117
615
648
715
-112
-966
-1001
-590
359
1577
1589
-423
-1971
-1843
-125
1935
2268
923
-1687
-2496
-1092
859
2586
1655
-678
-1965
-1709
-478
1123
1919
822
-514
-1578
-1409
669
1625
710
-768
-1778
-964
1409
2066
156
-785
-1175
-810
527
645
837
372
-659
-925
-701
435
1403
1002
-119
-952
-853
182
375
341
708
596
253
-697
-911
-504
72
883
631
16
-400
-658
-773
-185
944
1171
289
-1130
-1608
-487
1116
1520
380
-494
-936
-1095
-57
703
887
948
-178
-1101
-964
-290
519
997
896
-541
-1116
-210
536
1037
68
-1110
-998
-93
1337
1405
-391
-1654
-1168
444
1597
926
-192
-882
-993
28
780
586
31
-300
-333
-175
474
633
-156
-756
-538
130
491
329
-108
-393
-433
22
475
-142
-482
-480
-318
1099
1552
303
-968
-1570
-857
809
1866
1127
-336
-1338
-1742
-893
602
1854
2016
483
-1337
-2358
-1638
523
2139
2259
384
-1864
-2116
-774
1208
2211
1024
-697
-1707
-1449
-220
1047
1839
839
-530
-1140
-1395
-317
1145
1489
473
-593
-1084
-1140
-7
1028
943
503
-333
-1213
-934
-34
742
955
256
-677
-1048
-146
668
909
597
-395
-854
-850
-55
655
781
608
-179
-667
-637
-80
311
262
165
8
2
113
95
-150
-116
-61
79
107
-192
-112
-114
173
661
205
-544
-845
-546
450
1076
495
-427
-786
-294
638
670
79
-247
-530
-190
525
538
92
-145
-295
4
268
-322
-230
-64
-207
136
382
486
-384
-992
-333
266
529
382
-168
-850
-303
855
508
-37
-245
-628
-220
521
800
496
-100
-552
-644
-50
371
323
381
1
-771
-1114
-529
819
1409
693
-308
-939
-689
-13
285
446
720
215
-553
-495
-405
445
1121
281
-685
-1311
-415
955
1187
837
-741
-1657
-631
444
862
455
-74
-365
-551
-328
-233
188
548
216
206
-10
-367
-188
111
427
262
-199
-364
-137
302
257
174
206
-285
-664
-460
286
825
349
-408
-727
-380
329
618
314
-109
-155
-170
-372
-88
303
243
149
-182
-71
368
66
-262
-345
394
642
-132
-624
-644
216
898
665
-241
-721
-656
309
749
115
-522
-493
-247
157
471
394
126
-219
-495
-87
64
226
436
231
-130
-703
-479
161
413
379
34
-253
-308
-58
32
139
19
-295
6
40
63
226
-264
-263
123
153
150
-79
-223
-187
53
362
98
-129
-194
-129
339
391
197
18
-460
-489
-56
186
474
657
309
-217
-600
-579
-103
269
316
285
215
19
-173
-377
-478
-185
382
754
694
108
-814
-907
-136
611
830
340
-340
-795
-529
-73
111
351
187
-146
-264
-210
100
358
130
-352
-501
-332
48
403
425
314
92
-280
-422
-236
55
332
386
81
-136
-157
-110
0
36
93
165
265
22
-248
-369
-263
470
472
-230
-649
-382
157
388
568
161
-194
-324
-374
76
375
438
330
26
-466
-600
-70
435
619
268
-471
-790
-359
279
618
425
-260
-654
-424
-20
251
401
474
69
-378
-479
-486
135
650
456
157
-328
-574
-466
-77
656
865
365
-469
-971
-463
424
876
585
-147
-651
-482
107
177
-34
24
42
5
-88
-197
-242
-3
189
98
145
15
-41
-58
-95
199
359
329
-122
-514
-206
88
272
405
154
-148
-215
-213
-115
126
288
41
-485
-439
73
473
690
135
-570
-630
-273
327
552
430
65
-326
-395
-262
198
361
173
8
-205
-99
26
118
105
-93
43
42
-10
68
63
-28
-129
-46
-86
-21
24
-69
-12
-55
-170
-242
-16
168
266
364
-229
-662
-269
253
520
353
22
-281
-363
-48
258
435
165
-387
-469
-157
369
513
166
-115
-443
-533
-177
393
686
430
-130
-652
-630
-118
564
778
361
-177
-674
-573
20
452
620
371
-308
-755
-521
41
483
484
94
-360
-487
-192
222
471
343
-99
-649
-654
131
682
619
145
-391
-465
-207
187
232
78
261
86
-312
-341
-118
331
636
389
-303
-596
-256
49
251
202
74
-5
-230
-226
-37
151
220
83
-273
-387
17
248
358
166
-348
-308
-26
148
371
291
-16
-216
-326
-254
39
441
588
242
-301
-683
-534
34
543
520
-9
-251
-137
-63
-18
-83
-82
35
98
117
120
158
22
-274
-353
-133
188
334
281
106
-129
-326
-286
-6
189
261
29
-277
-27
172
56
-30
-223
-193
121
214
93
17
-80
-184
-69
76
118
28
-126
-32
84
108
87
-60
-95
-16
80
121
81
-19
-137
-165
-80
240
317
-21
-196
-232
-82
142
180
179
-40
-171
-3
61
-61
-160
-22
154
163
-21
-124
-87
22
204
64
-150
-275
-241
12
236
463
246
-317
-547
-383
100
587
547
54
-405
-566
-263
292
579
307
-207
-530
-424
35
434
536
110
-304
-411
-299
124
352
357
109
-142
-261
-380
-42
316
431
338
-89
-405
-292
21
170
164
76
-84
-191
-90
186
303
31
-377
-304
141
339
166
-219
-281
45
159
192
98
-216
-231
-74
55
192
269
119
-290
-400
-144
266
393
45
-180
-237
-94
109
140
71
-52
-101
-132
1
108
5
-35
-68
-93
-11
39
11
77
141
5
-217
-257
-46
182
276
107
-241
-330
-119
76
273
366
121
-187
-323
-230
192
498
295
-63
-305
-289
3
152
132
40
-158
-68
219
185
-36
-146
-225
-147
87
223
213
22
-163
-229
-44
202
201
112
-140
-251
-38
113
123
35
-78
-52
46
31
-20
-52
-77
-20
56
118
76
-77
-133
-66
119
297
196
-170
-408
-245
94
356
341
108
-200
-400
-218
34
247
274
8
-120
-75
0
31
-14
-141
-172
83
275
154
-98
-261
-239
41
351
299
-44
-340
-343
-35
295
378
220
-87
-387
-344
37
287
345
207
-229
-403
-203
69
317
273
57
-208
-300
-48
23
33
128
62
81
10
-210
-207
36
360
290
-76
-274
-314
-77
142
182
174
-42
-122
-24
45
114
-13
-189
-160
61
236
175
44
-156
-261
-83
88
249
319
8
-335
-356
-96
250
377
263
-20
-357
-316
-13
171
299
191
-149
-278
-149
88
291
257
24
-294
-390
-71
253
376
247
-144
-403
-274
37
240
245
43
-185
-170
-50
27
66
39
9
26
16
-138
-156
51
168
137
-47
-172
-124
35
201
238
162
-123
-288
-165
1
225
262
13
-277
-316
-20
186
194
71
-74
-81
-70
-33
-20
13
91
104
62
-59
-91
-51
-15
57
48
30
-20
-67
5
-9
-20
5
-4
21
19
-4
-5
-9
-35
-1
50
18
-45
-68
6
70
67
105
94
-72
-209
-156
5
220
277
114
-113
-225
-165
-4
129
149
104
-48
-109
-151
-79
21
86
109
90
-70
-113
-26
18
90
140
46
-105
-156
-39
88
117
102
-13
-144
-138
-50
49
81
59
44
33
-45
-98
-65
56
67
39
-102
-57
71
87
51
-20
-37
-102
27
49
16
70
92
50
-159
-180
-123
61
247
192
1
-142
-199
-107
74
186
101
-49
-103
-117
-22
170
146
-46
-100
-68
-47
68
81
-33
-32
37
39
-19
-45
-38
16
28
27
40
-24
-38
-66
-7
55
-16
32
75
42
-50
-88
-60
-36
101
117
5
-47
-90
-83
24
101
72
52
-37
-164
-82
18
85
163
17
-137
-111
-52
56
146
109
-24
-134
-42
21
-18
66
18
-61
-33
-37
24
62
86
32
-79
-91
-102
-3
138
161
80
-97
-163
-110
68
206
105
-52
-203
-149
64
173
155
9
-144
-214
-113
84
188
181
60
-95
-192
-120
66
147
130
35
-62
-139
-113
19
59
84
46
-23
-83
-110
13
81
85
8
-78
-37
-28
0
20
16
44
13
-24
-62
-59
34
90
103
49
-65
-104
-31
43
63
29
-36
-47
3
95
98
20
-60
-88
-56
-10
113
105
44
-2
-119
-52
49
27
23
67
6
-137
-71
6
72
168
20
-146
-198
-11
212
162
48
-166
-187
7
106
120
57
-42
-147
-36
113
103
91
-30
-196
-179
6
194
254
94
-152
-282
-203
64
237
184
-1
-206
-260
-78
143
253
193
-73
-286
-237
-10
236
303
94
-146
-215
-168
-8
127
217
175
-23
-158
-168
-52
43
150
153
14
-32
-75
-54
-37
23
86
11
-31
-89
-29
93
86
54
-106
-218
-79
72
188
211
6
-210
-206
21
196
137
9
-88
-111
-5
81
72
41
-10
-45
-47
-39
16
65
80
35
-50
-80
-60
12
95
93
-23
-79
-57
-61
-7
52
85
27
-62
-66
-71
9
90
45
-5
-33
-50
-14
48
62
45
-25
-93
-59
53
139
80
-71
-96
-50
-45
56
96
20
6
-62
-88
-31
35
112
50
-47
-95
-95
48
135
87
1
-89
-136
-72
82
178
165
27
-161
-223
-126
90
273
196
-46
-184
-203
-53
151
171
85
-67
-158
-113
-3
167
162
45
-43
-158
-126
3
131
138
32
-52
-124
-74
-23
37
117
78
3
-64
-32
27
58
30
-71
-100
-5
103
129
33
-135
-127
8
88
107
42
-72
-116
10
59
35
25
-67
-60
-31
-4
85
80
26
-58
-114
-83
10
132
93
-1
-20
-59
-53
14
67
38
-9
-6
-58
-34
15
25
61
-5
-16
-14
-82
-44
41
71
63
27
-34
-23
-47
-40
49
61
77
17
-64
-87
-46
43
83
82
-14
-87
-85
-55
42
140
99
-24
-58
-50
-12
41
53
3
-13
-27
-78
5
82
88
12
-78
-61
-19
65
94
5
-95
-89
-11
75
104
15
-44
-94
-41
74
58
33
-42
-102
-28
45
22
-9
34
-2
-48
-6
7
27
7
-31
-37
-40
52
58
-1
5
-62
-60
13
62
57
-8
-42
-68
3
51
52
59
2
2
-19
-15
-5
-4
40
3
-2
21
-5
-17
1
13
13
27
-29
-55
-3
18
63
54
11
-42
-58
-1
1
46
32
-25
-37
-26
37
27
16
-33
-38
36
43
25
-19
-5
16
16
19
-48
-52
48
72
-12
-33
-25
-56
-17
35
48
56
14
-79
-105
-5
64
91
60
-41
-90
-71
31
42
36
44
-39
-36
0
20
42
40
-23
-36
-7
-7
18
15
43
1
-32
-28
-54
28
43
12
-33
-40
49
31
-4
-27
-33
12
-5
1
26
17
11
-18
-30
-16
10
20
17
-11
-6
40
-11
-40
-37
-13
30
10
29
8
-35
18
13
7
31
-44
-68
-6
23
50
87
25
-131
-112
-29
20
110
68
-23
-86
-62
18
19
31
2
-27
-2
18
2
-22
1
-19
-26
2
-15
-9
28
30
19
-13
-42
-25
2
56
72
29
-17
-79
-69
18
95
116
32
-62
-72
-29
25
53
51
38
11
-60
-59
19
69
106
47
-61
-96
-40
61
108
91
2
-80
-112
-38
93
109
65
-13
-107
-94
-4
60
95
68
-8
-90
-118
-9
61
99
88
-47
-95
-71
-16
76
104
72
-62
-150
-75
-1
78
141
45
-90
-115
-46
60
146
101
-60
-118
-46
2
82
138
46
-58
-86
-43
22
84
70
-18
-51
-57
-27
39
49
23
-32
-38
-26
-30
38
53
-4
-10
-11
-42
-26
38
50
49
17
-41
-62
-23
41
43
62
14
-73
-67
-54
4
63
63
-7
-93
-89
-41
43
80
15
-36
-75
-81
-12
63
76
27
-21
-68
-51
23
63
84
24
-54
-85
-73
17
47
57
51
-44
-57
-18
3
26
38
33
-3
-14
-6
-29
-14
42
19
-8
-4
-36
-34
19
33
23
46
-15
-81
-47
-17
6
49
69
-26
-57
-20
-53
23
83
26
-10
-43
-32
-6
34
48
-19
-27
-28
-31
29
66
38
-26
-37
-28
-19
37
37
-8
11
-10
-36
10
3
-5
16
13
-2
5
2
-23
5
-16
4
39
8
32
-22
-54
19
25
21
14
-24
-17
-5
16
62
16
5
-3
-46
12
41
23
-5
-13
-15
7
68
22
-18
-4
-10
7
0
31
15
-39
4
-17
-7
39
26
8
-4
-6
-27
-2
12
-8
2
11
5
-1
5
-6
-5
-6
12
9
-1
15
2
21
16
15
-8
-19
25
1
14
26
16
27
-23
-28
16
-9
-3
28
-28
-15
17
-7
-11
0
29
-6
-10
8
-19
19
-16
-30
37
16
17
6
-2
-9
-31
5
8
21
9
-11
27
-8
-13
-16
-3
14
-14
25
21
24
50
-108
-179
-25
130
196
93
-83
-201
10
72
90
14
-162
-130
12
120
137
49
-48
-116
-66
28
67
32
-38
-59
-34
20
77
57
-2
-53
-71
-38
26
38
22
18
-11
-10
31
18
4
1
-36
-21
23
26
31
12
-19
-10
6
13
9
-4
-15
-16
23
31
-10
6
-8
-40
18
23
-17
9
9
-15
7
0
-16
-5
6
8
-11
15
10
-3
35
8
-13
4
35
17
-20
10
-5
10
20
-27
-14
-17
9
29
6
4
-35
-28
-6
-5
16
-12
-15
3
26
20
-31
-6
6
17
39
-3
3
-6
-15
17
14
28
23
8
2
-9
4
7
6
-7
-5
9
-17
6
20
6
10
-25
-18
6
-25
16
-13
-3
17
-22
2
-18
8
25
-11
-2
-4
-2
-3
10
13
-7
-29
-15
22
9
2
-7
-21
2
10
10
7
15
9
-10
-29
5
22
24
4
-10
14
-27
-4
-12
12
29
34
19
-22
1
-11
-18
15
14
5
5
-7
