3
-10
1
15
20
-4
-13
-16
21
43
1
-25
-11
25
21
-4
3
10
9
-9
-1
23
12
-5
-11
27
14
-1
-32
16
17
-3
9
-5
-4
5
-1
18
10
-28
-10
-21
5
19
10
-14
-7
-15
-13
2
9
34
-31
-3
16
-1
-10
-38
12
18
36
-10
17
4
-13
21
10
16
3
-14
10
57
-7
2
5
6
3
-25
0
-7
7
-6
-14
-14
-19
-24
7
21
6
3
10
12
7
-19
24
19
-7
3
-18
1
20
15
13
6
12
-34
-34
-19
-2
38
-28
-16
25
11
-5
13
6
17
-10
-17
-24
-3
-12
-8
32
-9
-25
23
10
-10
28
-11
-3
13
17
-25
16
-9
-19
26
36
-9
9
-11
-6
2
-33
-15
-5
22
-12
9
8
-9
7
-22
-35
49
-1
-20
27
-29
-14
77
0
-44
17
-59
12
47
-10
20
1
-11
-22
90
-39
-25
-47
8
15
17
-1
-63
41
-28
3
56
-33
-75
80
9
55
-2
-63
33
42
24
-29
43
-53
33
-12
22
20
-64
34
0
-12
-2
6
36
35
-25
58
-71
59
2
-42
70
-41
49
-1
4
-60
36
29
33
22
-48
19
-20
67
34
10
-8
-22
-6
3
-32
4
31
-29
-40
73
-21
-24
60
-58
25
31
26
-30
35
-39
36
37
-33
-4
-56
149
-48
33
-24
-57
76
-50
20
-18
-33
41
9
-35
-17
32
-41
19
-16
-39
67
-23
-1
44
-35
4
5
10
-45
-7
14
41
30
-43
20
1
38
-47
43
-47
-13
43
-54
53
-52
-68
55
-46
26
-24
6
-17
-14
22
-49
8
-21
7
25
-29
-12
-26
-26
32
33
-23
-8
21
14
-93
90
47
-23
11
5
-12
66
7
-67
42
-66
102
56
-90
-10
18
-6
37
-29
-23
37
-84
38
21
-31
13
-32
-71
124
-65
-84
107
-85
133
-66
-100
134
-116
59
7
-33
88
-103
63
-18
-6
-46
27
-17
20
-40
-64
176
-47
-35
52
-32
27
33
-60
110
-53
5
50
17
-33
-70
68
46
-12
48
-90
104
34
-141
70
-19
2
25
54
-65
12
-44
77
88
28
-42
-14
105
-68
1
1
75
-9
43
-18
41
82
-108
30
49
-40
5
2
0
-9
33
-35
-46
-24
-59
39
56
-56
-16
6
12
68
-10
-5
25
9
85
20
17
-36
-110
96
-14
-45
54
-127
27
57
-52
13
-25
35
-34
-8
36
-85
69
-29
-58
141
-12
-45
50
-63
38
96
-57
29
66
-73
-11
56
-156
141
-87
30
-34
-92
123
-136
108
-162
82
-54
95
-123
34
58
-127
229
-184
78
-5
-23
34
73
-109
51
15
-113
149
-76
30
-25
-31
41
-36
100
-94
69
-112
39
12
19
45
-45
50
-88
30
64
-109
75
-72
2
-14
16
14
-7
16
-68
154
-91
52
-81
35
12
1
97
-93
36
-27
-13
106
-34
-48
46
-76
88
-35
52
-76
2
15
-12
108
-91
53
-67
84
5
-47
59
-93
50
-1
-26
32
52
-49
-1
67
-82
95
-22
-11
84
-44
17
-57
152
-90
40
39
-107
134
-112
44
-16
20
18
-62
104
-146
91
-1
-68
114
-110
74
-29
70
-56
-18
96
-106
112
-40
8
9
22
-38
-9
14
-64
83
16
-28
-3
30
-77
75
-99
16
-15
51
-9
-92
155
-162
215
-160
122
-101
73
-22
21
142
-170
118
-113
73
-49
101
-110
121
-46
-91
164
-133
59
-103
48
-39
84
-91
75
-53
25
41
-12
-8
-19
-7
68
-23
-82
144
-192
231
-24
0
24
-35
-53
127
-97
26
-11
-20
30
2
18
-76
92
-101
131
-72
64
2
-86
100
-43
7
15
-83
132
-57
47
-106
27
-32
28
80
-33
18
-68
99
-70
64
-79
45
-74
16
-2
21
15
12
-24
6
79
-54
41
24
-1
-28
35
-55
77
-66
22
-28
107
-142
116
-82
78
-57
17
85
-102
88
-112
85
-12
47
-23
29
-2
-57
79
-15
-28
101
-142
111
-102
47
19
-67
51
-56
73
-38
-33
-23
11
-11
-37
143
-99
90
-118
21
-17
43
-3
-53
6
-36
143
-121
102
-123
56
59
9
32
-27
-45
-4
73
-74
25
7
-65
68
-60
48
-1
-11
-6
-55
78
-31
89
-126
54
-45
84
-52
40
38
-89
119
-107
60
-2
28
-82
89
-60
-13
39
7
-13
38
-101
118
-88
73
-78
42
-39
9
8
34
-4
-78
115
-103
79
-21
-4
123
-86
-3
34
-19
66
-6
6
34
-14
-47
34
-70
59
-45
102
-17
-42
31
-33
7
11
2
-11
6
0
70
9
-86
9
-82
122
-4
-44
-24
-40
-43
148
-18
-11
-91
-64
163
-6
-54
-17
-20
-23
136
-80
68
-91
60
-30
108
-76
-29
20
-49
113
-86
76
-115
76
32
-21
89
-70
-65
-35
85
10
74
-62
-45
34
43
-31
2
-25
-26
69
49
-112
30
-41
23
67
-16
-49
1
-16
55
-62
31
-12
-15
89
-36
49
6
-59
44
54
-62
90
-132
62
7
-14
28
-30
10
-22
78
-68
60
-87
75
-69
72
-10
-52
12
-38
2
56
-23
-56
59
-66
69
67
-54
52
15
-38
141
-66
51
-32
14
13
15
-42
4
12
25
33
-76
15
-37
30
-21
0
10
59
-26
23
-55
-11
76
38
-66
111
-81
-3
86
-69
53
-107
26
18
-13
9
-54
-7
37
-29
-18
144
-126
1
81
-169
173
-82
30
91
-110
23
-3
62
-36
-66
-3
76
-47
81
-62
-61
142
-184
159
-59
-54
24
39
31
-61
119
-172
93
-51
-36
83
-41
5
7
-19
8
-11
-23
-30
-4
31
29
-6
-47
-15
53
33
-50
81
-28
-69
74
-12
-6
59
-60
-33
49
-17
10
51
-17
-135
92
-66
137
42
-78
-8
-79
112
-7
-3
-10
-116
59
-22
18
70
-57
-2
63
-13
51
-36
23
7
-70
85
-16
-99
113
-71
61
47
-75
78
86
-85
25
37
-55
122
-182
75
30
-135
149
-96
70
45
-99
53
-11
62
13
53
-63
88
-99
37
103
-180
96
-22
19
134
-114
3
80
-116
126
-36
-64
59
-94
13
135
-117
1
62
-121
160
-66
-37
132
-120
110
18
-85
91
-151
51
118
-78
2
20
-112
177
-77
26
57
-136
35
73
-35
-22
82
-181
86
56
-123
59
-29
-11
35
-27
116
-32
29
-62
-33
87
-50
34
-91
82
-28
29
-66
32
25
-57
19
8
-76
37
-71
23
9
-125
101
-6
-29
-40
-18
31
47
-15
-13
-61
53
-15
10
9
-45
-32
59
49
-76
104
-118
16
33
-99
72
80
-164
75
-34
-7
164
-217
135
-30
16
47
-26
-68
73
-27
71
57
-83
43
-102
15
26
21
6
37
-128
92
78
-158
185
-153
53
106
-102
102
-21
-60
52
29
-118
98
-114
86
9
-10
-26
39
-125
53
-26
6
90
-57
79
-53
-54
100
-59
61
37
-76
20
85
-18
51
-18
-11
-3
16
52
-32
-9
46
-44
37
17
-39
52
-14
-23
26
-83
34
91
-106
94
-4
-25
65
-65
1
88
-99
77
-17
-54
130
-164
125
43
-109
127
-128
47
81
-52
22
-25
-56
104
-27
39
-30
46
-95
195
-128
-83
161
-139
132
53
-163
104
-22
-66
159
-154
177
-113
96
31
-137
125
-9
-59
126
-69
-49
107
-161
169
-94
-63
56
-88
119
21
-96
90
-157
132
-47
-28
40
-124
40
15
-74
40
41
-1
16
-24
-61
63
-40
-65
104
-66
-19
90
-94
40
67
-145
131
-55
-2
141
-179
146
-96
-32
120
-213
163
-119
-59
168
-47
14
56
-82
40
-56
-17
78
-59
8
-51
3
53
2
-72
84
-39
-5
43
-41
18
58
-82
25
36
11
91
-3
-35
39
62
-88
43
-18
-79
3
23
31
92
-31
-71
56
92
-50
16
21
-120
50
-38
38
33
-35
6
17
-18
102
-95
98
-81
-15
28
-5
21
-13
-11
39
80
-38
-62
58
17
-13
41
-56
-13
-19
72
9
14
-19
14
46
56
-73
26
79
-124
35
57
-143
129
-32
-69
133
-81
-18
37
-15
68
-40
16
26
-130
48
4
3
108
-122
-19
54
22
68
-136
15
62
-106
79
34
-9
-8
70
-65
23
32
-65
50
11
-142
14
25
-4
41
-2
18
-69
7
-82
57
-51
-5
-22
114
-55
7
48
-124
86
41
-162
107
24
-67
82
-74
-15
13
16
-17
9
-43
-43
96
-64
27
54
-70
-7
9
26
-77
53
25
-88
97
59
-90
32
-42
-67
155
-82
-20
30
1
-34
41
48
-116
64
0
-21
69
-41
-39
-17
33
6
20
75
-36
-41
92
-52
4
22
-6
109
-41
24
-73
-7
66
-50
105
-35
19
-12
-105
42
-23
-13
65
26
-57
-37
101
-2
77
-58
-10
-14
104
21
-61
65
-102
115
20
1
-26
-40
127
70
-77
-56
-49
35
60
-46
-11
-34
22
10
54
28
22
-118
14
-12
59
80
-68
5
16
71
-41
-62
10
77
-66
102
-148
7
123
-115
18
58
-140
18
116
-185
115
-13
-31
72
-86
41
22
70
-21
-16
18
-43
-96
39
-45
66
36
-29
28
-56
18
43
17
-75
37
-68
98
-18
1
-26
-19
78
-85
79
-23
-36
39
-30
28
22
-29
-9
-17
12
11
-6
30
-16
33
-6
81
-39
-84
20
-41
100
-42
-14
-36
-19
38
-20
28
-2
5
43
12
11
20
-21
-30
6
-62
72
54
-112
67
3
9
117
-41
78
23
-50
78
-103
22
76
-18
41
-60
-17
-46
1
24
-89
-53
74
-22
84
-59
22
-39
34
36
-60
47
-57
8
83
-34
-34
-10
-85
67
93
-85
-26
92
-172
88
-1
-16
30
-37
19
5
-39
2
0
-49
109
-110
76
7
26
-51
6
-12
3
56
-152
18
19
36
19
-3
-28
-49
96
-99
33
47
-77
53
-18
-11
7
-61
-1
8
-58
67
-117
97
-17
33
9
30
6
62
30
-95
3
46
87
-52
-33
-76
177
-33
126
6
-68
44
-5
49
11
-15
-6
65
-15
-10
-23
30
-71
10
135
-61
-63
64
-33
83
56
-122
-47
105
2
1
111
-141
-31
74
-30
35
32
22
-10
95
-29
33
-10
-99
28
34
-96
70
68
-153
128
-38
-96
155
-44
-51
31
5
-28
80
-19
-69
46
-49
-38
58
22
-65
-27
140
-60
92
33
-162
35
32
-153
149
-29
-155
180
-95
71
89
-148
68
48
-130
187
18
-128
70
-130
64
24
-82
107
-112
96
-48
-52
48
-2
-69
57
76
-31
96
-118
-72
-24
65
7
100
-85
-32
1
-8
81
-88
-68
40
-14
29
-16
-66
71
-49
28
60
-40
-57
42
15
-90
47
-49
5
-18
-48
46
59
5
-29
-32
56
2
16
5
-20
-22
19
53
-40
8
15
-58
83
4
-32
44
-50
66
-11
-94
85
33
-41
110
-82
-7
11
-32
70
-74
172
-107
-1
-113
142
-80
96
-20
-126
173
-114
69
53
-28
-52
198
-117
22
86
-125
92
65
-17
26
-31
-30
3
37
61
-12
-36
-59
10
149
-121
130
-168
75
-115
75
-69
-1
-41
-32
-58
97
48
-151
175
-139
71
79
41
-154
129
-95
-12
186
-39
-72
147
-144
47
51
-66
45
-25
0
-138
255
-214
73
-20
-50
-70
135
-95
45
-118
120
-112
150
16
-64
69
23
11
14
4
-259
274
-72
45
40
-74
13
-8
49
-23
131
-164
26
-40
75
-52
-43
-10
27
-10
10
-73
37
163
-249
226
-138
63
46
-72
15
47
-107
11
140
-89
168
-166
123
-60
-27
14
26
-94
222
-181
156
-42
-77
-20
116
-111
-74
128
-125
281
-149
-44
95
61
-113
41
-68
58
29
-197
86
-53
39
-97
150
-94
63
-113
255
-56
46
-47
-105
49
51
61
-32
116
-175
73
-42
41
55
-95
-8
60
50
23
20
12
-75
9
45
12
-133
-63
92
39
-24
53
-104
103
-27
-32
241
-229
-22
-64
51
21
79
-191
57
67
6
-54
43
43
-65
-14
103
-49
50
35
-72
95
2
-47
126
-149
-32
-53
75
39
-76
62
-146
108
-35
35
60
45
-209
145
-106
74
-1
-68
39
52
-65
123
45
-106
72
-81
85
101
-6
-221
184
-228
297
-188
-11
72
-88
19
69
-32
40
5
-132
168
-117
90
81
-200
20
-22
-2
195
-56
-96
-90
150
-33
137
-177
73
-45
43
-8
78
-62
-76
68
-199
207
-98
64
8
25
-202
271
-197
37
50
-174
182
-7
-46
-86
45
-34
31
28
24
-78
100
-71
-8
160
-64
18
69
-119
-2
56
30
46
8
-29
9
22
35
27
-2
-76
-69
78
52
-43
-110
-134
138
93
-112
94
-95
61
115
-116
70
8
-160
28
96
-16
-89
-91
168
-209
290
-29
-28
29
39
-161
136
-52
97
-130
52
49
-128
182
-99
70
-32
-9
-70
180
-83
73
-131
169
-100
-13
105
-115
44
9
-64
52
83
-186
228
-319
265
-292
25
14
32
24
-27
-53
138
56
-93
47
-69
55
-53
149
-71
124
-124
-7
133
31
-110
24
46
89
-160
113
-42
-211
269
-40
-77
325
-267
28
73
-239
256
-80
-6
-58
-31
-30
81
-85
27
-38
-34
125
2
-84
69
-75
49
160
-198
-17
21
-20
109
-59
130
-278
108
38
14
-2
-19
-53
62
89
-80
94
-67
124
-155
51
52
-107
105
-7
-154
135
-79
-84
88
-78
83
139
-49
42
-37
65
-55
-62
76
-71
-11
79
-53
71
114
-311
182
-50
-44
47
111
-112
112
93
-215
165
-224
202
74
-124
86
-132
-11
12
117
-104
150
-129
22
-14
-15
2
-205
90
30
-73
216
-138
-38
128
-161
20
136
-40
-36
46
8
-7
102
-23
-42
-53
72
85
75
-23
-72
-19
-12
84
-111
95
-149
-33
-77
305
-98
-134
121
-30
141
-68
11
-68
35
-125
155
54
-144
1
-7
62
-5
-147
-18
148
-32
25
88
-170
107
30
-106
57
147
-211
142
-203
218
-148
49
315
-326
178
-239
-19
336
-182
-206
254
-190
175
67
65
-201
198
-135
11
249
-94
-138
79
-28
-135
123
-80
20
-177
230
-54
49
82
-261
297
54
-210
26
123
-166
330
-101
-140
380
-394
-89
176
-251
335
-69
-136
65
-144
129
-70
65
-29
-221
101
56
231
-300
231
-149
-81
103
-198
193
-42
-255
359
-50
-12
77
-296
83
135
-145
8
214
-47
-230
94
-84
162
97
-251
206
-48
38
153
-200
208
-147
-255
299
109
-135
-24
-208
-8
219
-54
-11
207
-168
-221
463
-229
122
-50
-66
20
-84
229
-152
17
156
-152
16
-9
160
-382
241
-46
-151
615
-442
138
138
-331
303
-233
271
-166
124
-26
-174
215
-239
343
-218
133
44
-308
602
-498
-55
236
-323
221
115
-114
27
-37
-109
176
42
20
-126
196
-47
-251
206
130
-353
427
-115
-343
646
-627
29
11
184
45
50
-76
-324
253
-108
221
87
-279
-33
214
-59
124
39
50
-166
45
8
9
188
-216
-267
303
-72
252
-101
72
-89
-84
324
-340
202
-10
-229
118
-42
-204
304
4
-75
281
-89
-190
213
-57
-391
438
-211
70
157
-464
44
143
-141
297
-210
103
22
-267
318
-227
141
-160
-167
83
123
31
-160
126
-62
-276
556
-185
-94
200
-328
248
56
-225
256
-205
-150
166
-122
109
172
-66
14
163
-445
483
54
-40
-157
-160
139
68
176
-193
-91
-121
272
46
-208
191
-134
-85
460
-549
416
-49
-283
187
96
53
31
56
-333
169
141
-257
266
-104
-382
131
72
209
130
-296
317
-527
189
448
-585
563
-558
-37
552
-297
251
-337
-66
71
-77
150
-191
92
64
-280
403
-440
152
180
-426
462
-283
288
130
-220
377
-312
51
-55
86
9
211
-155
-88
-96
-7
254
-445
-30
58
64
120
-88
-114
-184
-25
101
80
14
61
-192
199
42
-32
54
177
-115
-172
-56
56
250
-102
-127
11
8
-65
-150
103
18
-40
-98
35
-69
174
-32
-94
101
-535
529
9
-203
468
-757
149
555
-61
-265
-40
-98
75
330
-286
279
-110
-221
105
109
266
-32
-273
346
-377
142
304
-567
270
116
-334
714
-278
-523
361
43
45
383
-239
-305
501
-324
-44
270
-75
-51
182
-301
5
36
-266
443
50
-46
-259
-190
165
57
60
24
-220
102
122
15
66
-8
-164
171
327
-250
-92
-97
-37
486
-124
-233
316
-490
131
506
-457
177
-400
185
217
-150
176
-231
132
185
-423
300
88
-368
-2
254
-327
312
-57
-314
630
-214
-225
400
-178
-364
546
-380
143
-105
-53
122
-69
25
-336
217
-36
-127
-70
222
-274
96
127
-140
93
73
-346
-35
463
-211
-165
12
-118
-86
250
-121
13
62
-77
-127
179
102
-137
46
-70
124
103
-6
171
78
7
-34
219
97
-163
-117
71
173
208
-28
-416
332
144
-344
435
-260
43
-9
65
-233
-1
162
-190
175
173
-143
-223
401
-277
-18
177
-56
193
-183
-300
-30
594
52
-270
165
-248
-138
470
-193
-57
223
-509
178
258
-94
-233
126
-75
-79
214
-256
-106
101
-118
59
151
55
-362
-91
202
-303
30
343
-95
-109
24
13
143
245
-296
-243
345
-57
12
350
-401
-373
57
142
190
-99
-188
-145
182
138
-90
157
-83
-231
319
-340
279
-191
-391
240
205
-27
-410
495
-185
-251
416
-67
-283
331
-246
-164
694
-60
-234
256
53
-474
243
247
-426
424
-256
-359
582
-83
-345
48
-75
-116
384
101
-408
225
-260
169
106
92
-281
39
363
-603
336
125
-471
250
329
-633
259
274
-131
-179
217
-224
-83
330
-581
-180
294
0
-323
93
116
-355
100
103
31
-64
158
-332
21
273
-206
20
-179
3
-265
59
141
-52
-226
3
119
-81
-8
-59
-3
199
105
-42
265
28
-319
361
170
-9
288
319
264
129
-24
-238
203
269
-55
85
180
253
53
86
342
230
63
137
297
198
7
-21
133
312
-9
-299
211
27
-217
440
89
-186
135
-56
72
312
-110
-333
63
28
-154
110
249
-303
-124
167
-753
-106
309
-560
61
228
-790
-151
517
-925
-393
409
-801
69
451
-865
-189
319
-553
70
322
-769
-457
101
-395
-463
-63
-607
-761
-38
-279
-563
-219
-363
-734
-223
-217
-832
-218
-268
-1016
-273
-109
-942
-249
272
113
820
799
479
840
1107
933
922
1270
1047
1069
1378
1224
1152
935
441
382
597
389
277
458
215
-164
-60
8
-249
-344
-515
-581
-270
-373
-400
122
28
-223
107
59
-138
31
84
186
356
280
255
422
405
182
202
286
170
212
101
-170
77
59
-483
-344
-214
-618
-356
-313
-796
-343
-362
-944
-223
-89
-597
40
-198
-920
-426
-406
-459
-168
-915
-954
93
-32
-283
163
-326
-817
-13
349
-136
-147
-327
-935
-630
-148
-709
-1115
-1003
-1173
-819
-219
-773
-1300
-1114
-1287
-1004
-311
-859
-1554
-1369
-841
950
2805
2308
1495
1836
1854
2050
2665
2613
2192
1680
1727
3043
3673
2291
626
-26
27
320
522
344
-322
-1034
-1056
-477
-336
-1144
-2170
-2415
-1708
-794
-363
-360
-526
-701
-512
165
659
346
-186
96
1141
2056
2287
1875
1186
751
919
1430
1657
1330
789
524
711
998
717
-176
-956
-1171
-990
-689
-526
-738
-1122
-1261
-1289
-1146
-535
-269
-684
-714
-260
30
208
241
-277
-1216
-1336
-285
17
-779
-901
-854
-1110
-342
105
-816
-1176
-1356
-1649
-601
-151
-978
-998
-1282
-1819
-1097
-1066
-2017
-1971
-1711
-1722
-871
30
-404
-1466
-2022
-1974
-1467
-1308
-2466
-3896
-3642
-825
3740
6491
5001
2677
2879
3972
4700
5413
4957
3548
3275
4440
6129
6412
3416
-224
-1072
-337
408
683
-387
-1714
-2140
-1878
-942
-1096
-3306
-4882
-4318
-2491
-448
449
-202
-1306
-1518
-317
1169
1551
739
-179
269
2122
3579
3381
2273
1578
1450
1562
2100
2607
1998
627
131
852
1399
839
-388
-1530
-2015
-1627
-885
-603
-1035
-1838
-2337
-1935
-941
-434
-807
-1298
-1135
-334
520
765
201
-717
-1240
-894
-139
-105
-1082
-1995
-1895
-1054
-519
-1062
-2210
-2523
-1760
-1184
-1045
-884
-1183
-1858
-1937
-1579
-1556
-1754
-1904
-2119
-1914
-1324
-1455
-1573
-972
-1530
-2688
-2288
-1785
-2038
-2056
-3280
-5610
-5155
-259
6112
8941
6551
3872
4689
6268
6508
6408
5820
4542
4151
6051
8656
7911
3140
-1183
-1880
-543
129
-365
-1355
-2490
-3032
-2280
-1160
-1668
-4432
-6930
-5938
-2312
212
571
276
-276
-871
-70
1825
2379
1043
-73
756
3054
4546
3626
1659
1151
2254
3359
3522
2580
910
-177
347
1648
1869
360
-1598
-2315
-1560
-552
-455
-1360
-2459
-2762
-1940
-688
-39
-400
-1198
-1451
-812
58
208
-531
-1248
-1016
69
1075
961
-500
-2357
-3143
-2332
-1170
-1033
-1788
-2413
-2402
-2306
-2187
-1418
-1161
-2435
-3397
-2514
-891
-720
-2213
-2817
-2258
-2492
-2255
-1011
-1441
-2787
-2554
-1968
-2093
-2184
-2483
-2416
-1410
-2436
-6853
-9142
-3451
7516
13661
10304
5213
5246
7429
8574
9001
8534
6679
4252
5070
10024
11371
4710
-3045
-4889
-2189
-130
-462
-1654
-2913
-4074
-4271
-2521
-1044
-3884
-7989
-7108
-2514
1300
2268
797
-574
-793
183
2568
3921
2608
834
1238
4129
6528
5381
1848
-557
-481
605
2052
3907
3724
751
-1307
-211
1829
1310
-1937
-3960
-2886
-950
565
925
-1072
-3434
-3802
-2461
187
1649
-409
-2614
-1764
429
1345
474
-1010
-2447
-2513
-246
1432
798
-1106
-3409
-3228
-812
-616
-2437
-3673
-3660
-2651
-1961
-1420
-1110
-2931
-5075
-4479
-2387
-1272
-1677
-2551
-2822
-2181
-820
-522
-2356
-3573
-2449
-1243
-893
-678
-1883
-3818
-3126
-1576
-3896
-8992
-10518
-2971
10006
16089
11617
5935
5247
7546
9360
9513
8898
7167
4770
6109
11773
12924
4305
-5369
-6937
-3344
-1160
-989
-1895
-3150
-3879
-3742
-2336
-1303
-3965
-8715
-8247
-2874
2877
4056
1648
1397
360
-215
1296
3310
3206
1553
1689
4575
8660
4893
1459
-225
-2990
2440
-400
-3618
3822
2270
1258
2652
-601
-780
-617
-1835
-3363
-805
729
-1235
565
1280
-54
-2449
-2903
-74
854
-21
-332
432
671
371
-1579
-2751
-658
-105
-1123
-628
-564
-1126
-895
-2665
-4391
-3099
-2839
-2888
-1178
-1881
-3252
-1536
-1410
-3601
-4184
-3493
-1804
-555
-2050
-3346
-2026
-472
-746
-2342
-3326
-2979
-2374
-2137
-2046
-1900
-2349
-3382
-3010
-2086
-5187
-11197
-10259
2580
16377
17376
8742
4617
8495
11506
9754
8319
8429
6095
3709
7595
13639
10533
-1316
-8858
-6202
-1327
-981
-2448
-2747
-3792
-5421
-3959
-713
-1777
-7193
-9534
-4909
1656
4204
3185
1741
1060
1169
2222
4096
4646
2493
839
2359
5535
6942
3928
-781
-2538
-1873
-732
299
1014
1518
661
-1021
-945
674
1325
-944
-3285
-1095
2183
2265
1701
1125
-690
-2185
-2198
-275
2063
1243
-1256
-794
1564
1757
-363
-2274
-2463
-1509
-595
134
434
-523
-2425
-3430
-2810
-2729
-4007
-4353
-3157
-1861
-1470
-1822
-1734
-1787
-2599
-2414
-1469
-1143
-1186
-2076
-2931
-1827
-581
-1101
-1702
-1544
-1892
-2285
-1600
-1012
-1223
-1416
-2159
-3202
-2721
-2895
-6993
-11433
-9058
2837
16277
17360
7905
3691
6932
9285
9535
9242
8214
6098
4354
7108
11714
8750
-1753
-8918
-6892
-1392
704
-783
-3509
-5380
-4801
-2506
-520
-1425
-5877
-8567
-4728
2152
6107
5004
720
-1640
94
2798
4426
4325
2516
1490
2747
5466
6583
3183
-1572
-3212
-1542
1316
1893
-85
-1895
-1944
703
2699
1394
506
-428
-2485
-696
3445
3771
630
-2393
-2878
-973
709
557
-841
-1938
-1986
-1115
336
701
-1169
-3560
-3913
-1346
1654
1475
-1356
-3195
-2621
-1471
-1155
-1360
-2554
-4321
-4087
-1632
59
-1288
-3975
-4514
-3216
-1415
92
-1200
-3433
-3557
-2955
-985
1181
117
-1558
-2141
-2517
-1749
-900
-1256
-2892
-4046
-1982
125
-744
-2839
-6735
-11908
-12756
-2511
15343
21997
11557
2850
5683
10816
11432
9164
7024
5168
4130
7027
12309
11522
801
-10365
-10629
-3200
845
-1139
-4222
-5267
-4781
-3544
-1649
-1488
-5446
-9634
-6968
1790
7664
6588
2739
598
963
2926
4541
4637
3495
1286
1380
4886
7602
4478
-2461
-5069
-3165
-187
589
-878
-406
1170
688
-1686
-1089
1681
408
-2840
-1347
3181
3689
122
-1907
-607
-790
-2288
-1264
1607
2225
-1366
-2901
-777
580
-1297
-4348
-3596
-813
257
-467
-945
-947
-2591
-4318
-3325
-1333
-2023
-3878
-2921
-282
64
-2001
-2987
-2222
-1854
-1920
-1023
89
-151
-1217
-1645
-950
-517
-1129
-1593
-1391
-209
-172
-2072
-2216
-1518
-1858
-3166
-4629
-3712
-2706
-3031
-6333
-13941
-14652
-1609
15427
20463
10404
3398
6705
11180
11717
8971
8036
6044
3450
7332
12673
11027
-1011
-11376
-8788
-2334
926
-457
-3654
-4774
-5434
-3788
-1691
-2273
-5498
-9845
-7215
2175
8165
6428
1904
623
1909
3345
4501
4686
2930
1281
2544
5599
6705
3131
-2835
-5512
-3236
-290
327
241
1227
1540
-726
-2054
641
2471
-359
-2588
-244
2619
2344
503
-611
-1364
-2718
-2968
-306
2433
1457
-1457
-2083
-646
-514
-2581
-4203
-3050
-563
459
375
375
-724
-2849
-3517
-2318
-1479
-2267
-3178
-1926
-5
-721
-2654
-2830
-2264
-2151
-1698
-592
505
386
-789
-1494
-1469
-1574
-2326
-2537
-924
606
206
-1540
-3236
-3125
-2387
-3413
-4335
-3106
-1306
-1995
-6907
-12722
-11913
294
16289
19716
9625
3050
6963
12099
11908
9317
7628
5345
3436
6521
11657
9194
-2357
-12113
-10388
-1733
2225
-1046
-5095
-5977
-5226
-4132
-2238
-1323
-4418
-8089
-4959
3639
8881
6965
2199
-187
831
2756
4280
5012
3651
1502
1415
4298
5638
2019
-2984
-5436
-3624
-1292
-368
2193
3549
947
-2897
-2861
1568
2804
-133
-1279
514
2490
1658
137
-193
-1746
-3517
-3580
-412
3040
1745
-1649
-3158
-1657
-678
-2076
-2773
-2444
-1438
-411
511
767
-1217
-3908
-4154
-1668
-57
-980
-2088
-1577
-825
-1061
-1681
-1973
-1804
-1900
-1974
-926
542
105
-2230
-3695
-2748
-1483
-1574
-1493
-1108
-865
-1437
-2495
-2183
-1619
-1628
-3384
-5688
-4556
-2167
-1390
-4766
-11220
-10711
2257
18834
20437
7697
2061
7607
12398
10531
8658
9876
6338
2358
5729
10985
8505
-3564
-11907
-8639
-1772
1138
-2283
-5762
-5848
-6393
-5226
-2489
-1013
-3224
-6554
-3494
3584
8396
6934
1976
-36
1168
3652
5225
5386
3783
1442
1331
3451
4630
2040
-2655
-5561
-4644
-1722
1597
4936
4085
-1820
-5244
-2532
1473
2536
664
-1276
-1141
300
1831
1877
-524
-3696
-4966
-2480
2293
4189
852
-3694
-4569
-2127
-334
-777
-1987
-2894
-2716
-317
2834
2529
-2041
-5826
-4835
-1304
611
149
-938
-1471
-1588
-1651
-1570
-1231
-1426
-2782
-3437
-1200
1721
1193
-1904
-3476
-3091
-2786
-2338
-821
253
-1078
-3691
-4439
-2423
-569
-1927
-4776
-4903
-1915
586
-1350
-8300
-13690
-7480
10347
23057
16908
3679
1934
8673
12022
11400
10608
7884
2156
872
8179
12654
4004
-9512
-13575
-6881
43
170
-3286
-5532
-6399
-6191
-3832
-916
-1476
-5099
-5413
561
7580
9582
5843
931
-86
1946
4273
6732
7016
3795
1248
2074
4128
3679
-680
-5264
-5818
-2949
-135
1021
1459
755
-2095
-3659
-800
2689
2244
-638
-1856
-121
2118
2364
1059
-774
-2510
-2674
-479
2504
2470
-1627
-4723
-3697
-1099
459
-494
-2604
-2499
-695
852
1475
-476
-3992
-4567
-1370
1206
338
-1752
-2456
-1982
-1525
-1819
-2403
-2224
-1482
-955
-683
-387
-447
-1528
-2910
-3535
-3273
-2423
-1952
-1899
-1488
-1684
-2609
-2751
-1611
-29
-730
-3824
-4392
-1373
890
-1088
-8248
-14270
-7409
11959
25290
18360
2401
-1854
6304
12715
12382
9814
6037
746
-311
6387
11807
4898
-9617
-15761
-8126
1853
3266
-1745
-5898
-6870
-5755
-2861
334
327
-3468
-5318
101
8818
11716
6260
-609
-2325
674
4402
6717
6410
3099
177
391
3146
3741
-304
-5182
-6787
-3637
-292
1230
2772
1850
-2052
-5349
-2337
4026
4522
1094
-1495
-436
2267
2441
2161
-326
-3638
-4018
-1574
3126
3875
-383
-4707
-5708
-1968
1039
-253
-2675
-3219
-1149
1167
1837
656
-2202
-4102
-3020
-687
204
-742
-1951
-2245
-2500
-2830
-1957
-759
-1413
-3144
-2825
-832
97
-992
-2906
-4131
-3098
-690
-276
-1295
-2050
-2117
-2731
-2101
786
734
-2074
-3940
-2254
-66
-155
-2462
-10337
-15522
-6050
14156
25028
15235
830
-1507
6471
12590
11171
7997
5060
1163
1676
8101
11534
2504
-11876
-14430
-5139
4789
4903
-2786
-7346
-7320
-3814
-1005
161
-401
-4699
-5775
291
9423
12176
5466
-2102
-3594
801
5968
7842
5704
1911
-532
155
2932
3297
-1175
-6868
-7484
-2399
2356
2306
-239
-1138
-952
-1791
-1582
1940
4338
1811
-485
1918
4906
3590
-814
-3386
-2256
-422
347
973
1038
-882
-3854
-4202
-1272
302
-1918
-4576
-3596
364
2347
636
-1746
-3270
-3717
-2367
-236
487
-883
-2572
-2709
-1804
-993
-891
-1441
-1703
-1516
-1287
-815
-166
-251
-2060
-4390
-4562
-2504
-280
409
-515
-1250
-1657
-2720
-2896
-1866
-1855
-2860
-2904
-1245
538
-933
-7627
-14118
-8490
10417
24032
18035
3315
-1754
4129
10216
11342
9509
5915
1546
1056
6891
11402
4712
-9104
-15238
-8318
2036
5313
813
-5380
-8097
-6442
-2432
1098
1086
-3010
-5392
-533
7368
10134
5913
-423
-2940
-437
4219
7657
6760
2232
-995
-292
2577
3439
-310
-5300
-6405
-3435
119
1693
1856
1717
-268
-3670
-3221
2087
5135
2352
-133
2227
4499
2384
-493
-1412
-2136
-2367
-593
1935
2541
-256
-4322
-5500
-3145
-727
-889
-2091
-1646
-142
443
36
-847
-2272
-3460
-2911
-845
593
187
-1238
-2344
-2681
-2340
-1378
-562
-869
-1475
-1097
-346
-248
-600
-1285
-2845
-4130
-2959
-622
-133
-1511
-2752
-2309
-1041
-741
-986
-1914
-3932
-4785
-3032
325
1601
-3737
-12351
-13317
-272
18201
23629
11491
-1548
-1471
7650
13680
12563
8474
3342
-274
2796
9441
9560
-467
-11993
-13070
-3877
4210
3909
-2267
-7770
-8787
-5672
-587
2653
674
-4048
-4703
1458
8898
9598
3260
-2568
-2821
1404
6405
7829
4559
415
-1012
683
3149
2934
-930
-5458
-6213
-2097
2911
4233
860
-4216
-6404
-4007
779
4349
4327
1536
-784
244
3351
3526
-70
-2939
-2867
-775
2012
3414
1589
-2825
-6090
-4933
-1221
522
-867
-2842
-2834
-858
846
514
-1480
-3330
-3311
-1167
1373
1684
-885
-3255
-2952
-1661
-1009
-660
-870
-1586
-1762
-828
435
-14
-2440
-4342
-4294
-2795
-818
219
-37
-729
-1696
-2598
-2398
-1273
-403
-618
-1685
-2580
-2796
-1979
-1150
-3918
-10351
-13302
-4882
12694
23226
15173
292
-3158
4688
10885
10243
8310
7154
4046
2445
6275
9117
2961
-8416
-13163
-6654
2525
4054
-1655
-6724
-7323
-5833
-3545
-167
1303
-1589
-4540
-1689
5199
8661
5001
-972
-2839
437
5425
7783
6552
3570
1076
-152
756
2422
723
-2912
-4588
-2214
1887
2958
543
-3056
-4828
-3846
-1252
1507
3411
2871
123
-871
733
2316
997
-1721
-1922
-433
1505
2816
1842
-925
-3815
-4248
-2432
-1054
-668
-1562
-2394
-1454
-126
-44
-1809
-3202
-2628
-1304
-128
-52
-279
-642
-1901
-2638
-2228
-878
90
-118
-424
-613
-134
-881
-3121
-3611
-2210
-730
-841
-590
54
-548
-1269
-1672
-1461
-1736
-1593
-920
-625
-1034
-2889
-3895
-3406
-2015
-3107
-8345
-10286
-2118
12545
19694
12852
2854
331
3961
7430
9520
11239
8654
2158
-267
3969
7704
2957
-6592
-10615
-5961
997
2140
-1213
-4075
-6005
-6967
-5506
-1186
1603
90
-1876
-747
3315
5818
4308
1456
-109
1017
3363
5692
7112
5704
2049
-1458
-1903
39
767
-610
-2086
-1798
-615
54
137
-625
-2536
-4117
-3237
411
3959
3790
721
-1725
-1776
-240
534
290
648
897
160
82
986
739
-1658
-4215
-4264
-1936
218
563
-146
-939
-2122
-3023
-2014
5
352
-1209
-2171
-1166
138
-128
-1591
-2703
-2818
-2243
-703
1155
1133
-673
-2126
-2526
-1753
-255
129
-950
-2177
-2066
-381
1105
707
-1031
-2344
-2865
-2270
-715
356
-717
-4041
-5644
-3661
-577
110
-4365
-10526
-10327
1003
15946
19329
10141
927
-312
4620
9188
11074
10074
5101
403
814
5278
6996
1624
-5854
-8939
-5698
-547
1409
-211
-3833
-6884
-7446
-4289
537
2247
204
-2103
-1230
2549
5373
4996
2852
843
689
3016
5733
6599
4555
292
-3079
-2754
456
2664
1383
-1623
-3291
-2703
-757
636
-213
-2679
-4165
-3029
-44
2804
3550
1428
-1683
-2593
-424
2296
2665
744
-929
-767
355
962
587
-689
-2509
-3701
-2996
-639
1426
1443
-320
-2052
-2441
-1647
-616
-240
-806
-1669
-1822
-923
287
360
-1248
-2802
-2327
-730
-178
-554
-558
-358
-522
-627
-467
-527
-939
-1191
-793
-27
122
-584
-1098
-829
-569
-1137
-2280
-3072
-3006
-2674
-2799
-3054
-2878
-2478
-2451
-3673
-6134
-6225
403
10579
14690
9662
3436
2891
5614
7220
7993
8548
6920
3267
1281
2720
4440
2417
-2888
-6642
-5778
-2876
-1775
-2394
-3013
-3882
-5146
-4792
-1714
1546
1784
-260
-959
1104
3750
4662
3927
2722
1657
1273
2016
3415
4073
2541
-346
-1706
-691
815
844
-870
-2533
-2590
-1493
-458
-310
-991
-1883
-2345
-1394
1009
2977
2613
190
-1666
-1114
579
1550
1200
-17
-685
-185
451
447
-100
-988
-1881
-2177
-1482
-206
692
516
-728
-2241
-2870
-2148
-730
65
-523
-1553
-1569
-694
-91
-373
-1191
-1563
-1082
-263
515
922
552
-129
-477
-452
66
710
596
-44
-515
-868
-1110
-1181
-1338
-1666
-2034
-2194
-1934
-1521
-1641
-2393
-2785
-2294
-1573
-1130
-1239
-2191
-3928
-5476
-3924
2463
9502
11063
7004
2902
2615
4378
5312
5550
5645
4552
2184
708
1548
2777
1534
-1826
-4266
-4025
-2279
-1221
-1406
-1790
-1958
-2296
-2459
-1522
448
1742
1207
268
483
1306
1716
1631
1749
2394
2481
1513
975
1569
2044
1350
-168
-1142
-878
-431
-446
-330
-138
-568
-1565
-1835
-554
633
147
-665
-133
950
961
226
0
-95
-569
-693
-187
605
1090
420
-913
-1380
-732
-68
-353
-1227
-1325
-532
36
124
-147
-850
-1311
-1045
-590
-490
-858
-1362
-1375
-729
-19
-72
-778
-894
-16
852
1152
1037
547
-121
-519
-319
82
-250
-973
-944
-476
-400
-739
-1377
-1933
-1884
-1404
-939
-765
-967
-1339
-1732
-1829
-1085
-160
-356
-1274
-1561
-978
-309
-658
-2455
-4037
-2803
1407
5523
6447
4355
2180
1699
1951
2415
3785
4858
3749
1521
532
1280
2538
2678
1255
-471
-1348
-1332
-927
-627
-391
-466
-1355
-2001
-1028
597
1072
262
-558
-258
666
1072
864
758
911
935
740
430
323
17
-455
-448
181
947
521
-432
-602
-47
757
927
519
122
256
814
1046
913
441
-421
-1289
-1386
-809
-321
2
-188
-499
-397
-297
-278
-780
-1442
-1324
-529
42
-268
-516
-550
-619
-261
-68
-191
-504
-750
-459
294
1247
1064
-129
-700
-443
314
760
383
-332
-862
-883
-328
281
-40
-935
-1588
-1708
-885
-192
-490
-1474
-2286
-2216
-1535
-714
-518
-383
-555
-929
-278
307
329
-300
-977
-1037
-1052
-1014
-1030
-1323
-1940
-2369
-2619
-3040
-3009
-1539
1165
3205
3702
3205
2525
2330
2493
3087
4301
4911
3831
2152
1514
2158
2907
2627
1391
-17
-1081
-1792
-1748
-592
466
27
-1347
-1967
-1136
-59
-85
-670
-805
-557
-95
505
983
1380
1332
468
-166
178
609
575
472
487
563
613
614
546
415
351
496
881
911
280
-313
-445
-374
-36
178
-343
-942
-1280
-1114
-452
61
-57
-829
-1268
-1205
-777
-412
-439
-124
24
-225
-214
374
997
589
-268
-385
38
380
408
125
-10
-32
-378
-569
-237
172
114
-454
-820
-737
-768
-1227
-1707
-1798
-1554
-1120
-826
-456
-255
-300
-133
-260
-461
-640
-692
-490
-385
-181
-284
-759
-944
-636
-492
-843
-1049
-1224
-1504
-1404
-1167
-1229
-1252
-1294
-1707
-2150
-2171
-1161
955
2691
2979
2732
3109
3721
3590
2844
2468
3018
3678
3342
2252
1514
1210
887
443
-376
-1072
-1295
-1140
-928
-601
197
148
-744
-1179
-713
319
804
665
385
336
534
649
715
860
799
230
-110
134
401
404
14
-422
-232
192
53
-326
-231
410
967
891
514
290
53
-286
-289
110
191
-379
-872
-758
-421
-276
-470
-775
-716
-471
-418
-344
-253
-326
-199
189
686
988
757
396
479
672
453
175
-334
-800
-849
-756
-317
-435
-1215
-1569
-1059
-383
-443
-789
-1104
-1112
-632
-267
-434
-428
-41
-294
-659
-576
-495
-660
-951
-674
-295
-264
-479
-1129
-1079
-943
-818
-566
-793
-789
-1247
-1336
-958
-403
-252
-609
-989
-701
-615
-1077
-1404
-1431
-365
1143
2516
2787
2467
2081
1467
1366
1552
2249
2561
2439
2009
1512
1025
1221
1648
1356
659
-86
-610
-496
-62
167
96
-150
-578
-777
-276
642
1008
529
-149
-372
-128
205
454
562
366
23
81
546
736
306
-332
-537
-292
12
160
288
350
243
108
141
289
-109
-561
-438
67
434
13
-390
-532
-543
-195
174
533
477
153
256
668
719
106
-674
-831
-326
49
71
269
154
-63
-303
-657
-516
-464
-731
-897
-589
-667
-660
-857
-946
-996
-762
-507
-658
-585
-255
-371
-429
-518
-630
-567
-255
191
-27
-387
-340
-577
-762
-794
-796
-677
-480
-507
-1000
-1069
-694
-547
-359
-349
-752
-984
-794
-541
-525
-869
-1232
-1315
-1454
-1614
-1068
478
2100
2741
2469
2048
1974
2128
2191
2252
2497
2543
2036
1397
1234
1483
1569
1097
289
-213
-214
-187
-421
-515
-227
-3
-95
-148
47
298
434
507
479
243
23
-166
-395
-266
154
384
367
-25
-561
-631
-475
-403
-321
-332
-443
-538
-297
458
1193
1281
915
540
489
757
1078
1369
1134
512
-161
-522
-244
4
39
-346
-727
-483
-69
244
-35
-418
-355
-328
-308
-344
-130
197
-86
-442
-485
-132
44
-653
-1144
-771
-179
-47
-462
-772
-695
-540
-282
-490
-801
-491
-370
-294
-562
-665
-253
-168
-61
-161
-440
-796
-452
22
-544
-1159
-1304
-1089
-1198
-1189
-1240
-1398
-951
-711
-560
-414
-239
-372
-658
-292
-105
-117
-261
-700
-991
-1258
-686
972
2229
2477
2195
2032
1840
1394
1213
1495
2134
2611
2150
1125
812
1238
1424
1098
566
-91
-774
-952
-432
421
761
46
-975
-997
-184
302
145
-386
-736
-882
-617
-84
47
60
-169
-327
-135
309
745
408
13
359
1079
1334
877
416
310
348
303
366
534
387
-283
-821
-424
525
955
380
-539
-836
-415
-154
-194
-149
-194
-315
-202
284
560
281
-570
-942
-146
432
390
-49
-151
204
235
-118
-741
-725
-492
-634
-521
-378
-505
-745
-775
-683
-742
-804
-764
-653
-329
-511
-1101
-731
-158
-363
-895
-1104
-991
-787
-519
-433
-504
-742
-506
-181
-418
-388
-318
-361
-342
-318
-351
-564
-676
-845
-1001
-815
-731
-901
-1170
-1822
-2030
-669
1649
3301
3148
2046
1579
1921
2040
1821
2148
2516
2280
1822
1403
1282
1509
1402
499
-536
-886
-865
-1186
-1352
-681
-15
-245
-854
-921
-382
151
403
602
715
457
155
459
1140
1364
965
437
177
297
541
461
36
-282
-334
-327
-333
-274
-176
-216
-367
-385
-155
-13
-287
-727
-645
197
1071
1318
844
331
331
595
821
632
323
166
247
633
805
486
-273
-803
-606
38
503
212
-593
-912
-469
-13
-19
-582
-920
-1037
-1064
-522
-308
-490
-727
-890
-863
-935
-891
-704
-456
-550
-767
-383
278
482
34
-372
-322
-188
-110
69
9
-455
-841
-935
-753
-566
-768
-1093
-1052
-805
-603
-618
-954
-1090
-1008
-1096
-939
-510
-988
-2327
-2931
-1758
855
2967
3470
2793
2225
2409
2347
2309
2654
2794
2123
1127
1106
1464
1623
1676
1129
-55
-891
-888
-899
-1021
-579
52
-23
-583
-804
-464
100
365
266
198
265
196
63
327
969
1292
831
3
-367
-27
393
195
-413
-740
-676
-499
-212
29
-167
-509
-443
-234
-162
123
514
496
427
887
1273
907
422
567
1060
1298
1116
740
317
-93
-228
-214
-432
-610
-569
-712
-833
-427
-86
-573
-1248
-1167
-695
-575
-686
-549
-238
-207
-321
-140
19
-223
-461
-335
1
171
-130
-650
-736
-312
35
-86
-481
-783
-847
-702
-416
-110
-7
-289
-734
-920
-874
-758
-541
-544
-1006
-1368
-1331
-1221
-1055
-850
-986
-1403
-1553
-1265
-1013
-1353
-2268
-3212
-3381
-1827
1307
3871
4107
3030
2399
2307
2380
2900
3709
3795
2933
2215
2067
1896
1704
1448
494
-703
-1136
-1154
-1429
-1509
-931
-373
-619
-1250
-1287
-633
39
331
337
175
-64
-81
298
829
1254
1233
454
-379
-303
311
504
77
-376
-272
167
472
605
556
310
-32
-372
-392
132
752
886
550
167
34
277
730
783
181
-267
227
1158
1412
754
-116
-645
-797
-632
-265
-40
-169
-384
-344
-168
-166
-355
-472
-308
9
91
-216
-602
-640
-346
-116
-133
-302
-508
-680
-731
-508
-140
-35
-316
-743
-767
-271
-1
-168
-369
-505
-386
-180
-317
-514
-667
-1012
-1346
-1531
-1594
-1597
-1548
-1369
-1309
-1352
-1252
-1324
-1536
-1579
-1647
-1518
-947
-788
-1739
-3310
-3944
-1810
2602
5892
5841
3864
2486
2513
3188
3872
4365
4196
3169
1977
1480
1860
2307
1662
-153
-1925
-2632
-2493
-2200
-1821
-1205
-756
-952
-1478
-1514
-867
-205
-40
-72
181
606
857
1042
1434
1827
1702
1013
487
732
1209
985
317
143
394
323
-74
-284
-238
-297
-628
-948
-868
-497
-309
-459
-639
-502
-56
204
-23
29
1181
2559
2638
1641
949
810
575
281
303
298
-200
-863
-1103
-831
-413
-366
-890
-1358
-1071
-467
-405
-638
-430
-56
-149
-373
-161
178
125
-178
-401
-480
-389
-231
-391
-784
-810
-532
-567
-766
-687
-812
-1434
-1634
-979
-466
-729
-1259
-1581
-1623
-1316
-919
-933
-1303
-1448
-1191
-1025
-1262
-1472
-1231
-900
-919
-992
-799
-902
-2190
-4292
-4684
-998
4912
7843
5899
2896
2303
3042
3334
3827
4790
4527
2629
1279
1792
2717
2171
-25
-2491
-3522
-2769
-1620
-1280
-1253
-953
-1284
-2358
-2395
-968
184
278
295
868
1422
1631
1867
1931
1507
1157
1101
850
655
1030
1292
622
-277
-491
-544
-1062
-1498
-1412
-1184
-1028
-892
-805
-669
-479
-551
-863
-618
534
1335
911
549
1291
2325
2991
3345
2915
1521
281
-78
-69
100
378
-21
-1203
-1984
-1551
-638
-529
-1134
-1516
-1444
-986
-324
103
182
-49
-391
-441
-215
125
398
111
-683
-1102
-739
-217
-193
-583
-1118
-1620
-1674
-1083
-416
-389
-893
-1265
-1337
-1286
-1064
-865
-983
-1227
-1276
-1185
-1200
-1217
-1062
-1145
-1557
-1596
-1327
-1579
-2080
-1840
-1072
-991
-2386
-4723
-5353
-1387
5401
9163
7453
3920
2469
2925
3708
4782
5829
5305
3234
1756
2044
2741
1834
-881
-3611
-4390
-3037
-1353
-820
-1000
-1144
-1733
-2701
-2312
-315
830
256
6
1113
2370
2629
1991
1161
597
446
708
1160
1584
1501
444
-810
-875
-97
-44
-990
-1813
-1815
-1484
-1063
-533
-422
-988
-1342
-938
-245
528
797
671
501
781
1614
1944
2300
3161
4045
3477
1653
824
835
641
-223
-734
-759
-1172
-1455
-1401
-1193
-1549
-2198
-2287
-1804
-774
148
118
-476
-495
-29
212
272
450
427
-90
-389
-45
232
-213
-1067
-1639
-1529
-955
-516
-439
-717
-1405
-2156
-2168
-1357
-651
-725
-1220
-1719
-2035
-1768
-1390
-1308
-1337
-1546
-1595
-1537
-1351
-925
-1252
-2123
-2609
-1976
-1544
-3457
-5374
-3922
2253
8866
9862
6074
2162
2014
3840
5290
6612
6654
4915
2399
1566
2356
2259
45
-3393
-5058
-3473
-768
6
-1166
-2443
-3058
-3135
-2560
-1119
385
869
471
659
2134
3452
2924
1093
30
577
1679
2108
1698
864
-159
-1204
-1684
-1037
-83
-480
-2010
-2671
-1920
-1013
-611
-638
-1136
-1458
-800
372
1036
1107
845
359
569
1829
2938
2894
2604
2952
3312
2709
1562
1100
373
-683
-1173
-925
-662
-1433
-1730
-1846
-2131
-1743
-1430
-1182
-839
-239
-150
-387
417
1265
943
205
153
539
793
580
-42
-535
-816
-1186
-1528
-1354
-983
-1129
-1699
-2021
-1806
-1529
-1655
-1890
-1683
-1179
-812
-687
-794
-1146
-1582
-1843
-1699
-1084
-490
-635
-1394
-1971
-2090
-1994
-1601
-856
-437
-1254
-3453
-5763
-5423
-475
6599
10012
7525
3360
2246
3898
5539
6142
5848
4477
2718
2208
2971
2830
318
-3253
-5151
-3967
-1110
461
-580
-2589
-3336
-2611
-1564
-823
-389
-266
-107
908
2737
3815
2919
892
-428
-167
1182
2267
2031
889
-77
-642
-845
-448
-99
-809
-1961
-2137
-1273
-327
-53
-690
-1600
-1632
-467
1087
1925
1446
330
110
1145
2188
2298
1724
1233
1580
2797
3665
2972
1068
-610
-1109
-658
-141
-117
-549
-1059
-1122
-658
-464
-1073
-1706
-1526
-782
118
1005
1238
397
-637
-821
-341
136
362
202
-412
-1031
-1194
-1158
-1385
-1760
-1868
-1571
-1039
-605
-559
-936
-1595
-2234
-2249
-1327
-246
-86
-796
-1477
-1705
-1656
-1461
-1267
-1257
-1210
-913
-753
-999
-1349
-1691
-2075
-2047
-1762
-2701
-4868
-4984
-301
6659
9691
6519
2134
1583
3618
5131
6012
6394
5010
2495
1619
2731
2658
-435
-4084
-4831
-2424
350
679
-1547
-3776
-4087
-2998
-1467
-29
361
-437
-683
1072
3462
3744
1707
-203
-324
1049
2604
2845
1493
-178
-1030
-1051
-646
-267
-609
-1710
-2285
-1401
-24
282
-659
-1713
-1888
-1041
315
1322
1321
500
-187
94
1257
2331
2369
1434
820
1833
3997
5118
3804
1249
-372
-410
298
718
244
-999
-2146
-2270
-1511
-1074
-1596
-2527
-2794
-1641
130
846
324
-374
-609
-276
480
1130
945
50
-456
-138
225
-200
-1303
-2123
-2084
-1533
-891
-422
-588
-1595
-2483
-2030
-943
-800
-1376
-1574
-1172
-558
-221
-419
-1064
-1753
-1936
-1522
-900
-515
-731
-1472
-2045
-1822
-1120
-766
-962
-1860
-3934
-5545
-2982
3865
8971
7452
2782
1545
3813
5285
5182
5024
4271
2715
2304
3400
3368
467
-3441
-5033
-3148
-4
870
-1336
-3665
-3576
-1952
-748
-346
-407
-834
-751
985
3388
3970
2008
-464
-845
1076
2873
2707
1272
57
-324
-132
2
-264
-903
-1626
-1561
-419
422
-133
-1281
-1816
-1422
-301
937
1411
1014
584
681
1135
1483
1350
970
974
1273
1344
1679
2992
4039
2924
519
-484
285
702
-220
-1260
-1490
-1308
-1180
-1179
-1367
-1790
-2231
-2016
-770
652
961
75
-620
-46
939
1071
684
470
222
-55
157
532
37
-1343
-2296
-1930
-1103
-1188
-1917
-2036
-1730
-1940
-2106
-1524
-1201
-1667
-1811
-1271
-860
-668
-268
-54
-387
-499
-90
-170
-864
-1155
-1091
-1417
-1765
-1465
-1140
-1494
-2383
-4077
-6008
-4983
521
6259
6937
3494
1433
2666
4230
4423
4325
4288
3749
3437
4112
4101
1481
-2224
-3678
-1979
542
980
-1157
-3489
-3706
-2284
-1167
-958
-1146
-1422
-1115
600
2795
3144
1229
-420
143
1843
2723
2328
1523
1054
845
773
747
319
-499
-936
-528
161
-64
-1406
-2382
-2023
-1000
-391
-375
-440
-249
405
1183
1454
905
88
-138
807
2253
2919
2988
2645
2353
1668
703
530
243
-26
-413
-567
-279
-578
-1056
-1882
-2487
-2119
-1116
-215
-223
-596
-444
346
993
916
346
9
284
767
987
619
-263
-1193
-1622
-1444
-1163
-1313
-1924
-2467
-2317
-1528
-905
-1060
-1580
-1782
-1354
-478
76
-56
-456
-504
-298
-30
219
205
-415
-1212
-1048
-827
-1041
-1598
-2179
-2356
-2662
-2103
-1621
-2353
-3849
-5308
-4173
77
4912
6238
3727
1969
2923
4242
4414
4752
5236
4434
3253
3572
3942
1674
-1880
-3285
-1964
-311
-206
-1479
-2879
-3279
-2550
-1471
-833
-844
-1152
-885
665
2710
3335
2016
513
445
1392
2115
2182
1798
1270
968
997
865
112
-932
-1522
-1295
-528
-39
-527
-1522
-1757
-1045
-502
-595
-607
-127
456
833
979
803
391
248
819
1888
2582
2321
1792
2103
2884
2612
1124
-20
-39
144
-143
-446
-532
-830
-1345
-1566
-1464
-1487
-1666
-1485
-631
415
797
286
-368
-332
284
721
644
260
-103
-226
-193
-311
-869
-1757
-2312
-2154
-1583
-1171
-1272
-1599
-1743
-1713
-1423
-955
-632
-427
-425
-638
-568
-205
-143
-434
-514
-294
-309
-561
-911
-1593
-2189
-2184
-1820
-1335
-1093
-1521
-2162
-2422
-2864
-3966
-3906
-739
3338
4470
2925
2205
3530
4611
4181
3944
4620
4726
4021
3764
3641
2020
-719
-2144
-1392
-224
-406
-1663
-2526
-2481
-2087
-1777
-1705
-1691
-1365
-621
587
1920
2439
1864
1086
1060
1716
2211
2136
1879
1784
1723
1357
569
-298
-775
-728
-421
-326
-685
-1264
-1537
-1339
-952
-872
-1037
-911
-312
429
706
523
114
-191
-35
792
1536
1531
1313
1176
1722
2051
2019
1684
532
167
172
283
72
-503
-485
-847
-981
-864
-1040
-1264
-1284
-825
-316
-56
-168
-513
-670
-169
343
470
221
-273
-428
-535
-527
-743
-1204
-1490
-1603
-1273
-870
-753
-885
-864
-810
-871
-852
-612
-258
-501
-655
-335
-171
-296
-720
-837
-639
-665
-758
-898
-1134
-1268
-1609
-1927
-2173
-2451
-2140
-1666
-1271
-1540
-2772
-3889
-4147
-2369
976
3804
4418
2976
2390
3517
4439
4097
3286
3314
3746
4045
4171
2969
354
-1614
-1311
-55
-129
-1420
-2534
-2708
-1868
-742
-575
-1454
-2091
-1447
454
2406
2925
2001
1190
1484
2226
2402
1905
1236
1005
1578
2266
2032
855
-607
-1470
-1139
-318
-200
-887
-1566
-1534
-1000
-830
-1348
-1900
-1688
-699
412
975
733
46
-344
69
1081
1747
1383
789
1231
2381
2807
2123
1131
420
136
192
162
-192
-613
-838
-839
-888
-1248
-1774
-2034
-1554
-635
-112
-79
-366
-696
-545
-89
98
-30
-344
-356
186
602
622
-47
-858
-929
-763
-516
-330
-282
-407
-632
-459
-479
-972
-1305
-1205
-713
-290
-293
-498
-1085
-1297
-903
-1089
-1216
-1084
-724
-515
-1016
-1068
-1230
-1769
-2083
-2020
-1349
-1038
-1294
-1637
-2017
-2423
-2022
-127
2465
3071
1905
1872
3130
4003
3052
2534
3098
3473
3077
2834
2506
1372
-310
-560
606
994
-463
-2007
-1866
-672
-40
-157
-453
-693
-709
-59
1094
1745
1322
721
1000
1771
1966
1376
571
167
414
943
1010
529
-43
-462
-508
-210
-253
-1000
-1567
-1234
-635
-398
-656
-1013
-1238
-991
-577
-227
121
-35
-240
-96
753
1234
1193
815
886
1060
1359
1605
1584
1356
311
-83
54
160
-363
-879
-535
-455
-657
-1087
-1088
-1192
-1202
-1039
-562
-183
-187
-300
-161
323
614
452
231
346
715
911
759
273
-399
-991
-993
-818
-733
-891
-1063
-844
-907
-1192
-1566
-1586
-1051
-726
-631
-687
-562
-339
-352
-505
-501
-373
-463
-541
-415
-113
-168
-769
-1298
-1523
-1401
-1303
-1306
-1193
-1434
-1891
-2299
-2592
-2233
-1104
555
1859
2058
1876
2177
2693
2668
2232
2467
3353
3639
3273
2638
1810
1021
522
687
845
293
-544
-898
-394
123
-139
-745
-986
-567
220
771
1010
816
472
537
724
946
830
406
313
630
966
695
139
-369
-606
-456
-261
-122
-440
-927
-878
-390
-108
-393
-848
-909
-441
78
246
25
-319
-503
-310
265
702
491
-46
-56
377
775
723
449
471
496
562
576
541
385
-5
-335
-413
-69
-79
-432
-566
-678
-660
-547
-406
-234
-128
-146
-27
296
384
52
-444
-500
-213
-187
-339
-496
-668
-733
-750
-806
-852
-912
-892
-692
-380
-212
-374
-475
-286
-114
12
111
74
25
-27
-168
-329
-539
-748
-764
-712
-853
-1155
-1428
-1435
-1202
-1122
-1282
-1297
-1120
-1010
-967
-1024
-1182
-1164
-694
159
1084
1573
1548
1605
1769
1728
1618
1897
2293
2347
2300
2026
1749
1562
1249
1224
1325
985
295
-101
-45
121
146
66
16
-139
-220
-18
245
444
455
171
-12
197
398
367
320
304
206
154
228
294
338
317
95
-69
22
78
9
22
26
-114
-202
-207
-255
-388
-575
-769
-876
-827
-746
-611
-510
-435
-388
-307
1
73
120
515
916
1124
980
626
357
359
379
347
524
583
281
-64
-218
-284
-338
-452
-556
-545
-453
-365
-373
-418
-468
-486
-596
-633
-478
-344
-174
-119
-105
-166
-291
-277
-259
-82
66
28
102
220
195
44
-183
-382
-383
-402
-634
-827
-802
-721
-729
-864
-1102
-1207
-1192
-1149
-950
-681
-581
-550
-497
-451
-441
-682
-743
-517
-407
-348
-497
-787
-935
-615
11
322
422
491
673
1003
1238
1464
1915
2257
1967
1571
1647
1902
1952
1622
1320
1063
614
379
507
710
507
96
-125
-172
-74
-54
157
494
472
316
257
248
287
414
545
514
323
185
102
83
226
231
-3
-243
-433
-461
-294
-222
-324
-501
-759
-916
-791
-618
-656
-798
-851
-739
-458
-126
52
0
-156
-190
0
271
424
497
637
739
659
538
438
270
141
119
105
57
-63
-235
-337
-347
-326
-371
-479
-453
-288
-182
-137
-129
-249
-412
-450
-302
-10
231
197
-15
-136
-179
-214
-171
-145
-258
-386
-420
-355
-215
-212
-421
-571
-612
-662
-595
-391
-268
-322
-410
-359
-321
-431
-467
-399
-373
-316
-265
-366
-558
-698
-751
-787
-851
-911
-967
-974
-953
-993
-1052
-1047
-853
-347
306
726
825
856
972
1164
1545
2125
2495
2383
1998
1668
1595
1694
1605
1200
764
450
291
380
553
466
78
-190
-124
90
300
412
321
251
283
192
221
298
282
238
147
229
190
14
-74
-150
-160
-309
-581
-670
-524
-379
-277
-185
-355
-601
-613
-370
-128
-173
-248
-331
-433
-488
-539
-322
-28
157
210
267
397
244
108
269
508
591
477
297
156
162
219
174
-12
-299
-531
-481
-205
-58
-121
-228
-297
-292
-177
-38
28
41
23
-32
-98
-167
-296
-452
-530
-517
-475
-456
-476
-526
-558
-527
-456
-367
-246
-76
74
143
94
-26
-135
-100
84
110
-116
-320
-351
-427
-539
-509
-429
-468
-601
-630
-650
-535
-495
-658
-688
-686
-621
-635
-541
-435
-574
-587
-449
-89
282
649
869
820
896
915
1032
1417
1703
1695
1491
1280
1150
1317
1460
1152
782
603
485
377
463
639
465
222
177
194
275
364
447
500
491
377
207
168
56
-146
-179
-117
-115
-242
-341
-305
-210
-225
-370
-479
-468
-409
-351
-211
-266
-433
-481
-568
-496
-382
-416
-467
-493
-447
-419
-335
-187
-124
-90
1
224
369
325
351
519
707
619
348
233
213
279
342
290
101
-213
-434
-455
-299
-136
-193
-322
-371
-361
-312
-264
-250
-309
-356
-282
-172
-135
-188
-264
-193
-23
-36
-151
-129
-76
-56
2
57
45
2
-38
2
107
21
-151
-164
-61
-113
-325
-434
-535
-596
-645
-553
-405
-496
-583
-591
-454
-392
-357
-174
-180
-273
-335
-382
-428
-403
-316
-325
-373
-402
-393
-304
-13
358
546
638
776
933
1114
1274
1292
1152
962
1000
1366
1581
1272
795
621
605
472
435
596
599
383
284
377
472
432
302
251
305
241
36
-98
-152
-244
-315
-356
-483
-608
-595
-547
-495
-386
-364
-489
-521
-347
-189
-195
-227
-164
-146
-164
-74
40
64
-81
-315
-421
-352
-306
-240
-56
52
-7
-137
-43
65
104
143
126
191
67
60
226
275
89
-220
-175
-70
25
62
28
-7
-195
-207
-73
134
255
124
10
7
-13
-68
-28
3
-35
-72
-120
-195
-269
-291
-243
-122
-7
37
4
-80
-135
-105
-10
70
60
-33
-90
-77
-109
-161
-181
-284
-345
-198
-77
-110
-187
-303
-377
-297
-201
-269
-418
-460
-469
-514
-522
-608
-749
-760
-751
-777
-723
-624
-499
-289
62
467
637
538
517
766
1125
1361
1469
1457
1234
1013
1089
1330
1306
934
680
688
610
499
476
334
137
45
36
109
81
-119
-161
-74
-159
-297
-326
-337
-273
-67
55
-102
-382
-467
-299
-92
32
28
-76
-148
-158
-139
-83
-83
-212
-368
-454
-438
-327
-258
-378
-549
-583
-539
-461
-296
-147
-105
-66
-6
18
69
167
241
338
496
572
528
477
432
351
321
325
287
265
257
212
120
52
64
102
100
-27
-127
-101
-63
44
68
-12
-82
-195
-138
-12
56
50
-46
-38
-15
48
65
-53
-127
-145
-65
46
62
-66
-150
-103
-61
-50
-130
-305
-412
-356
-297
-297
-310
-411
-532
-493
-441
-579
-727
-792
-761
-700
-670
-658
-755
-778
-715
-674
-582
-473
-381
-379
-233
188
482
500
447
603
857
1032
1202
1265
1253
1039
801
924
1115
998
654
502
440
310
236
241
278
145
54
139
175
109
-42
-89
66
157
113
116
59
-130
-242
-199
-200
-310
-303
-266
-311
-215
-115
-208
-288
-282
-245
-232
-312
-350
-330
-415
-485
-364
-226
-316
-517
-488
-333
-277
-205
-62
51
41
37
186
433
502
469
549
650
610
465
633
646
463
481
443
445
285
273
308
122
109
58
119
180
104
77
93
158
118
7
-65
-44
25
84
85
35
-61
-216
-256
-162
-83
-178
-398
-471
-408
-310
-148
-107
-268
-359
-331
-263
-200
-235
-314
-398
-443
-421
-432
-510
-561
-543
-448
-421
-577
-683
-714
-677
-496
-317
-404
-607
-641
-735
-677
-543
-466
-407
-394
-233
-269
-28
255
73
167
450
661
728
785
843
831
905
827
712
815
786
483
447
639
552
357
342
403
368
251
204
304
393
276
88
66
102
-16
-89
69
113
-54
-75
-18
-132
-260
-265
-278
-202
-120
-148
-112
-154
-273
-269
-117
-52
-129
-156
-226
-200
-27
-36
-191
-213
-126
-96
-62
14
39
25
55
100
132
161
134
178
433
660
677
631
542
367
327
487
607
571
396
276
278
285
269
140
63
50
-15
-5
-9
-92
-211
-295
-231
-134
-81
-96
-171
-160
-183
-233
-155
-117
-162
-249
-256
-224
-235
-206
-298
-356
-317
-273
-275
-309
-270
-336
-386
-349
-269
-292
-388
-350
-391
-408
-422
-549
-690
-759
-718
-718
-702
-698
-784
-855
-801
-687
-674
-694
-662
-523
-266
-42
38
114
258
346
427
651
919
1003
957
1025
1122
1079
1052
1128
1131
942
660
466
428
367
246
222
208
80
-78
-30
60
30
26
37
160
239
234
223
196
187
148
211
195
75
36
70
119
0
-151
-192
-167
-90
-6
0
-69
-107
-163
-189
-154
-168
-248
-343
-350
-194
-29
-37
-146
-190
-117
-14
39
80
117
140
166
210
283
373
414
401
415
442
444
461
531
537
435
351
353
338
285
328
303
130
-25
13
143
72
-53
-140
-190
-202
-270
-314
-311
-255
-272
-367
-336
-282
-321
-361
-347
-326
-375
-438
-361
-256
-266
-290
-316
-337
-308
-297
-313
-334
-414
-542
-595
-522
-523
-661
-708
-692
-761
-756
-642
-600
-600
-569
-569
-528
-380
-280
-270
-191
-94
-182
-290
-133
130
246
260
232
223
315
465
681
886
803
532
521
762
861
769
732
746
633
489
491
562
547
469
478
546
465
278
245
345
392
386
368
321
273
210
123
51
-44
-156
-164
-69
-26
-116
-266
-332
-307
-254
-154
-61
-25
-18
-46
-58
-2
16
-19
-31
-20
-16
-74
-178
-196
-171
-172
-174
-131
-64
-84
-113
-37
28
19
79
187
325
509
566
461
283
303
343
317
487
485
289
68
43
152
28
-105
-139
-92
-101
-184
-169
-151
-267
-428
-342
-165
-178
-311
-207
-60
-92
-146
-205
-246
-333
-283
-252
-277
-398
-498
-516
-371
-315
-479
-652
-637
-515
-455
-529
-459
-329
-283
-299
-262
-234
-282
-257
-205
-106
-112
-189
-316
-261
-198
-236
-222
-143
-120
-159
-141
-210
-249
-288
-246
-225
-196
-165
-182
-94
106
262
351
524
710
645
585
759
964
970
878
889
912
869
740
640
615
444
340
420
420
227
83
129
172
157
105
74
58
83
171
217
233
132
6
72
189
212
182
112
86
82
51
90
80
-56
-192
-180
10
89
13
-39
-104
-199
-232
-254
-349
-361
-233
-191
-240
-244
-241
-319
-327
-213
-176
-177
-133
-54
39
54
28
5
43
134
220
282
224
109
63
46
59
137
239
223
103
40
31
44
21
-50
-134
-221
-244
-240
-227
-190
-234
-346
-394
-388
-378
-306
-193
-135
-161
-248
-249
-136
-37
-6
-50
-67
-84
-158
-153
-94
-90
-55
-47
-100
-146
-196
-160
-117
-117
-184
-312
-306
-265
-292
-327
-302
-360
-495
-465
-368
-283
-206
-180
-252
-302
-250
-209
-69
130
144
7
-4
135
301
508
668
658
500
437
517
686
861
812
655
611
576
502
524
558
438
347
378
363
279
244
268
257
254
215
100
118
188
174
182
185
149
88
48
111
175
150
68
28
106
181
114
8
-33
-102
-207
-252
-285
-317
-337
-394
-451
-501
-504
-529
-491
-437
-505
-519
-548
-545
-446
-281
-138
-130
-127
-151
-61
83
127
119
78
161
250
279
289
273
238
134
106
176
169
95
48
40
17
7
-39
-76
-85
-158
-119
-49
-67
-110
-142
-75
-72
-157
-207
-209
-140
-7
140
159
48
-51
-85
-28
22
-5
-92
-116
-54
-35
2
-48
-126
-104
-151
-181
-156
-146
-146
-187
-214
-247
-230
-207
-251
-248
-272
-347
-407
-320
-124
-107
-170
-242
-352
-330
-206
-124
-69
-2
-6
-35
1
52
135
324
463
450
447
470
457
539
716
756
614
504
534
583
573
568
549
477
375
295
270
262
249
255
342
307
176
128
124
156
113
111
93
0
-34
-54
-49
-110
-185
-232
-166
-87
-179
-211
-288
-391
-337
-287
-245
-242
-316
-377
-359
-302
-330
-327
-277
-291
-284
-318
-367
-371
-309
-204
-228
-214
-140
-137
-132
-114
-23
-32
-73
-31
76
234
236
170
131
181
191
113
203
281
243
240
271
254
197
178
163
171
131
28
20
44
33
-55
-120
-126
-147
-135
-121
-13
16
-34
-71
-124
-55
-72
-69
-9
-45
-63
-59
-41
-22
-21
-91
-81
-53
-73
-129
-184
-87
-56
-125
-250
-260
-213
-252
-223
-191
-203
-317
-283
-135
-71
-111
-207
-135
-112
-80
-7
-12
43
65
18
11
94
130
202
364
431
462
508
507
505
563
561
496
490
533
526
481
462
414
339
241
182
127
79
95
97
157
91
-87
-83
17
57
-13
-62
-102
-143
-92
-42
-48
-67
-112
-171
-126
-64
-108
-177
-193
-251
-339
-328
-314
-333
-382
-415
-420
-409
-415
-483
-429
-391
-402
-355
-276
-144
-134
-192
-157
-79
-77
-21
141
230
196
88
151
250
260
298
307
312
288
300
360
330
242
213
244
240
221
198
184
163
94
67
88
33
-37
2
26
-11
-28
-3
25
32
31
37
41
24
25
-38
-97
-80
-57
18
31
-52
-126
-130
-113
-95
-51
-92
-139
-175
-163
-114
-139
-170
-210
-213
-246
-319
-342
-320
-299
-332
-304
-226
-197
-148
-80
-34
-34
-30
-22
-16
117
225
143
44
36
73
114
224
325
261
159
136
203
263
255
287
344
342
242
199
247
215
202
219
183
74
-11
58
136
149
100
24
21
-19
-35
56
97
5
-121
-124
-112
-148
-141
-132
-130
-130
-124
-145
-183
-160
-189
-209
-143
-185
-286
-302
-298
-317
-296
-264
-255
-245
-233
-203
-185
-210
-223
-128
71
155
134
124
94
163
242
298
398
422
368
312
363
419
372
263
163
192
253
271
260
238
195
112
65
74
53
-8
-16
-16
-33
-58
-36
7
0
33
26
-12
-30
-38
-46
-26
28
-29
-73
-13
46
6
-130
-169
-158
-195
-238
-235
-172
-185
-234
-217
-173
-139
-178
-213
-184
-156
-133
-148
-196
-201
-165
-152
-162
-173
-216
-235
-160
-40
3
-74
-130
-85
10
66
60
29
-23
-91
-130
-58
9
20
61
67
100
121
96
147
240
294
283
271
270
261
202
217
275
230
185
129
81
70
82
79
59
72
26
-65
-73
21
40
2
-2
-1
31
31
22
13
-13
-92
-131
-21
-8
-75
-131
-140
-109
-74
-81
-115
-112
-125
-42
-29
21
-4
-11
-3
25
39
-5
8
10
26
20
85
80
26
-56
57
171
157
71
37
126
129
192
202
211
177
178
204
208
192
105
67
68
110
60
30
27
39
46
-26
-76
-90
4
-21
-11
-6
-59
-53
-69
-29
-71
-68
-112
-70
-22
-60
-98
-118
-142
-130
-78
-64
-116
-147
-171
-120
-4
-14
-93
-110
-116
-81
-48
-39
-92
-158
-155
-141
-129
-224
-349
-326
-247
-245
-323
-321
-270
-207
-187
-186
-191
-202
-72
-17
-78
-122
-182
-135
21
167
207
140
115
175
206
276
286
204
213
224
249
255
199
154
140
182
161
83
77
135
167
173
191
154
99
82
153
274
268
164
120
148
194
185
98
28
28
31
21
3
-16
-44
-56
7
13
-56
-154
-176
-68
-15
-52
-90
-95
-117
-160
-76
14
-6
-9
-82
-60
8
63
22
13
13
62
118
143
204
86
78
115
190
171
101
180
175
148
32
48
75
49
18
29
70
57
18
-1
15
28
-1
-35
-29
30
62
65
62
61
31
-25
-58
-39
9
18
-21
-63
-92
-116
-84
-39
-63
-117
-200
-305
-349
-283
-251
-209
-166
-258
-281
-257
-234
-221
-264
-267
-239
-215
-232
-260
-246
-249
-321
-353
-257
-207
-224
-212
-205
-195
-180
-158
-112
-103
-126
-117
-57
30
65
103
199
215
189
202
186
225
336
356
303
316
381
359
338
439
427
292
279
303
308
359
364
313
255
230
222
152
131
162
121
104
88
3
-17
16
34
63
67
34
15
64
122
83
49
50
-10
-18
39
-4
-88
-90
-36
-17
-68
-127
-175
-210
-182
-147
-171
-208
-208
-195
-160
-117
-128
-184
-192
-127
-86
-73
-25
6
-43
-52
20
46
28
17
92
161
141
124
41
17
69
74
98
87
75
66
15
48
97
59
27
-12
-7
15
-25
-2
-11
-54
-70
-115
-111
-110
-129
-165
-208
-178
-122
-106
-126
-149
-171
-179
-170
-143
-99
-64
-67
-118
-188
-216
-182
-126
-127
-185
-248
-296
-312
-285
-220
-177
-170
-171
-146
-127
-137
-136
-125
-38
35
57
65
42
72
76
123
203
219
238
230
238
265
315
374
363
352
355
329
297
301
302
243
192
195
214
203
217
236
178
137
133
177
191
158
168
132
135
114
55
67
86
111
72
31
47
44
16
-6
-19
-45
-23
-3
-31
-12
38
26
-19
-64
-104
-80
-54
-109
-150
-146
-114
-44
-22
-91
-151
-178
-180
-128
-57
-19
-11
-27
-47
-44
-21
-22
-4
69
126
103
66
53
-8
-38
15
45
14
-70
-101
-94
-94
-79
-115
-144
-123
-121
-159
-205
-156
-105
-127
-122
-149
-159
-114
-118
-89
-54
-76
-97
-145
-188
-224
-254
-219
-165
-153
-192
-217
-197
-201
-182
-133
-127
-141
-141
-121
-109
-103
-58
-56
-46
-4
22
40
23
28
2
21
120
204
236
209
247
265
268
309
353
392
378
347
301
310
297
282
336
321
299
287
232
194
216
214
171
151
135
139
152
116
40
35
83
121
109
30
-1
3
3
-2
12
52
9
-64
-86
-86
-74
-56
-32
-51
-104
-150
-171
-151
-160
-168
-188
-178
-162
-218
-217
-231
-228
-210
-225
-174
-131
-129
-176
-186
-135
-63
-67
-71
-17
-25
-5
-1
4
11
-40
-43
-17
30
27
-4
14
40
66
79
87
68
40
49
78
75
40
49
86
90
70
52
38
8
2
35
79
65
-11
-66
-102
-63
-26
-21
-28
-55
-35
-74
-73
-26
-51
-55
-67
-116
-165
-142
-96
-67
-75
-126
-166
-194
-146
-140
-158
-121
-126
-93
-80
-107
-84
-78
-40
4
43
101
49
-11
14
50
84
103
109
97
87
73
72
75
29
30
50
92
126
80
98
149
200
226
233
273
258
270
306
311
299
249
207
218
250
240
244
263
236
172
125
97
103
116
81
42
10
-13
-99
-122
-45
-69
-122
-179
-171
-126
-154
-176
-183
-146
-117
-102
-76
-68
-69
-83
-113
-163
-206
-216
-176
-114
-121
-185
-226
-210
-149
-107
-111
-85
-64
-99
-102
-51
-25
-31
-28
-1
-7
-64
-100
-78
-20
19
37
43
1
-26
5
8
3
25
15
2
-1
-11
-22
-47
-40
-25
-63
-79
-56
-73
-80
-60
-49
-36
-5
20
20
-1
-28
-63
-69
-16
30
12
-15
-7
-2
-20
-15
9
24
47
92
122
120
110
107
107
136
203
226
203
205
219
204
154
104
85
88
99
139
157
116
57
25
58
82
85
95
78
95
122
131
123
100
107
116
109
64
23
40
95
127
97
53
17
3
3
-9
-38
-68
-84
-101
-126
-132
-122
-133
-150
-198
-221
-175
-148
-125
-138
-153
-143
-161
-160
-142
-134
-131
-112
-121
-132
-84
-47
-62
-82
-86
-102
-100
-44
14
13
-15
-17
10
2
-65
-51
0
9
3
-25
-30
-26
20
69
58
18
-26
-30
-6
13
-10
-38
-49
-39
-12
-5
43
64
53
68
82
75
43
64
105
103
58
5
-11
31
77
61
37
14
-19
-2
40
46
19
-6
21
63
45
63
89
72
97
136
144
105
64
68
70
58
22
42
104
67
-5
-44
-45
-7
11
29
13
-63
-75
8
77
71
19
-34
-53
-8
67
87
48
14
18
62
99
72
26
15
21
4
-5
5
-11
-46
-71
-93
-123
-135
-129
-122
-122
-110
-74
-81
-83
-70
-84
-81
-89
-53
-16
-38
-84
-100
-53
-21
6
20
-39
-70
-35
4
3
-12
-31
-43
-35
-40
-63
-45
14
32
38
41
-23
-64
-51
-10
30
31
56
59
29
4
-34
-23
11
31
41
19
-21
-51
-47
-32
6
25
-6
17
38
63
106
93
103
113
87
70
65
79
65
54
87
100
56
22
40
71
60
22
6
23
84
118
75
45
42
49
78
78
60
58
45
43
63
34
-10
-17
-38
-61
-62
-49
-53
-52
-57
-98
-113
-137
-130
-91
-49
-27
-49
-61
-98
-77
7
9
-41
-37
-16
1
30
11
32
31
-3
-1
-31
-9
-2
-42
-61
-75
-25
-7
-26
-27
-70
-84
-34
0
-25
-53
-43
-44
-45
-38
-41
-29
3
18
4
-2
1
15
43
58
48
-12
-68
-25
42
50
41
37
23
6
0
36
66
42
8
-5
4
6
-17
-12
8
3
9
40
70
76
64
78
88
49
19
22
44
69
43
3
43
110
105
69
33
-3
-9
9
20
39
70
50
50
59
30
37
26
29
39
-2
-52
-76
-53
-65
-105
-79
-11
9
-26
-37
-36
-26
-17
-20
4
-10
-42
-47
-51
-53
-56
-51
-70
-97
-76
-82
-61
-19
-39
-41
-44
-53
-51
-46
3
3
-27
-25
-23
-27
-23
-1
19
29
42
27
-12
38
106
112
81
25
33
84
124
127
49
-15
4
75
64
-4
-13
5
26
17
-19
-31
-51
-27
26
28
5
-56
-73
-21
-1
-3
-25
-28
-57
-108
-68
-47
-59
-30
-24
-52
-62
-40
-20
-28
-48
-43
-23
-8
2
30
33
-19
-26
32
57
22
21
33
27
60
80
86
49
21
33
30
65
83
73
87
95
70
45
73
112
112
105
107
90
68
52
57
67
23
-11
11
35
48
17
-43
-57
-43
-31
-19
-17
11
18
-36
-65
-42
-26
-23
-37
-45
-41
-19
-6
-38
-88
-102
-84
-82
-50
-45
-51
13
11
-28
-52
-77
-52
-5
25
-2
-44
-62
-38
3
-1
-29
-36
-17
-28
-58
-41
-18
-3
18
28
41
53
27
-6
-6
6
0
-21
-24
-1
29
27
-10
-19
-1
6
20
24
9
14
23
30
49
55
24
-16
-14
14
11
-7
7
14
-1
-18
-16
0
-16
-21
-2
-9
-20
-49
-60
-35
-1
6
-18
-28
-16
12
41
26
-26
-50
-24
-3
26
60
65
67
58
43
34
46
74
68
69
72
57
48
55
84
91
57
-3
-38
-15
16
48
85
81
15
-44
-37
3
24
26
14
-22
-33
-10
8
6
-11
-36
-34
-8
18
32
27
15
13
8
-2
-1
5
6
-1
-11
-33
-47
-39
-22
0
14
-20
-79
-100
-61
-27
-37
-50
-71
-93
-75
-24
-17
-35
-20
-7
-14
-41
-57
-53
-50
-27
-29
-42
-39
-48
-36
-10
3
6
-4
-24
-22
8
17
15
22
25
20
22
57
61
44
49
28
4
2
18
32
26
39
38
33
46
48
57
58
33
2
-15
8
39
32
6
5
4
-5
-16
-22
-35
-60
-45
-11
4
1
-36
-98
-120
-79
-38
-18
6
-9
-29
-5
42
80
74
67
56
49
42
82
108
107
103
94
81
48
39
35
44
48
47
35
45
64
41
10
-2
-16
-11
-3
16
29
46
43
0
-28
-47
-29
-6
4
20
22
14
3
8
-2
-27
-42
-26
18
6
-42
-71
-57
-33
-41
-70
-90
-110
-124
-82
-49
-37
-42
-46
-48
-72
-80
-74
-51
-25
4
16
-36
-51
-32
-15
-8
-4
-5
-14
-18
-6
16
18
10
-5
11
42
72
75
72
60
33
12
8
17
38
55
43
38
45
38
52
51
33
21
-5
-1
20
27
26
30
34
16
1
-5
19
25
21
27
-1
-9
2
13
7
-35
-76
-90
-78
-54
-28
-36
-58
-45
-2
8
-24
-34
-3
16
8
17
14
9
11
8
20
23
16
4
12
35
42
59
52
23
5
4
12
8
16
41
37
31
38
60
77
39
-7
-11
3
27
32
14
-2
-38
-65
-52
-48
-55
-42
-24
-28
-46
-52
-52
-51
-42
-27
-20
-40
-23
23
38
38
15
7
9
8
6
0
0
-13
-15
8
21
15
-14
-47
-42
-11
-8
-13
-8
-8
-7
1
4
5
10
16
11
4
4
3
-6
-2
6
3
15
18
12
8
2
-6
-13
9
22
29
32
4
-8
-3
-1
13
35
60
59
38
26
22
19
23
13
-19
-20
5
10
2
2
-9
-34
-30
-6
-9
-36
-33
-20
-31
-22
5
29
41
30
28
29
44
49
41
36
20
25
30
4
7
8
9
27
31
20
-1
13
40
33
27
22
3
14
32
18
23
46
46
20
3
2
1
1
-8
0
-15
-49
-51
-40
-14
-26
-51
-49
-37
-16
-26
-41
-46
-56
-53
-58
-65
-47
-40
-44
-40
-29
-28
-37
-27
-17
-23
-29
-18
23
43
28
7
-9
-8
-13
-14
3
9
-1
-3
7
16
14
-5
-14
-4
-10
-8
6
5
3
10
21
14
10
20
30
35
20
18
34
34
23
22
32
29
15
2
-2
3
28
45
21
-21
-36
-18
-4
-16
-33
-39
-42
-28
4
9
-13
-28
-32
-23
-15
-21
-8
20
25
21
32
43
47
49
41
36
46
55
43
29
39
64
66
52
48
61
75
61
32
31
45
36
22
18
18
32
42
29
21
17
10
32
73
88
59
15
-7
-1
1
-7
-21
-37
-33
-22
-43
-75
-84
-75
-70
-62
-70
-80
-63
-40
-34
-59
-88
-98
-84
-44
-39
-61
-48
-38
-35
-34
-51
-59
-47
-30
-24
-17
-16
0
20
18
3
-19
-21
-8
-12
-23
-32
-18
-9
-7
7
18
28
31
31
32
24
34
42
24
9
2
11
15
2
-7
7
17
14
5
-8
-10
7
22
25
18
23
28
14
-2
1
17
25
23
11
9
7
2
-9
-13
-4
-6
-7
13
24
13
0
6
38
65
63
58
56
45
48
54
41
28
23
23
25
28
40
44
20
4
20
27
17
17
34
44
31
22
28
20
7
8
4
-2
-3
-12
-1
22
17
8
17
14
3
-3
-3
9
18
-2
-24
-36
-42
-47
-57
-72
-88
-89
-70
-58
-62
-69
-74
-65
-57
-61
-49
-28
-30
-32
-30
-45
-43
-12
-2
-13
-3
5
0
4
7
8
3
-21
-29
-21
-21
-11
2
2
2
-2
-6
7
15
13
18
20
15
1
-10
-7
6
20
31
22
3
-2
7
16
23
33
42
41
32
36
52
42
19
22
35
39
38
20
14
27
20
3
3
10
12
1
-6
2
13
16
7
-12
-20
-15
-5
1
6
24
33
12
-11
-13
4
16
9
13
23
24
28
26
15
10
11
14
23
24
19
19
25
29
23
15
14
17
13
12
23
31
25
18
18
13
2
1
6
6
6
6
0
-20
-39
-30
-12
-9
-14
-24
-31
-26
-22
-31
-48
-51
-39
-39
-39
-38
-40
-35
-40
-54
-47
-29
-23
-27
-39
-36
-19
-10
-17
-27
-38
-43
-44
-42
-38
-31
-26
-23
-24
-25
-23
-12
5
20
14
3
12
24
14
4
12
20
21
24
34
46
47
35
32
32
37
38
38
41
53
54
38
32
43
47
30
10
5
6
4
8
19
16
-1
-11
-2
7
5
5
20
35
32
19
11
9
12
10
-1
-9
5
22
14
3
3
1
-12
-14
-11
-14
-16
-13
-14
-20
-19
-13
-24
-37
-26
-6
-14
-37
-40
-24
-4
8
14
0
-19
-23
-10
5
18
34
38
26
16
15
19
28
39
50
50
43
39
37
31
24
19
11
2
2
6
6
6
5
-8
-20
-15
-8
-23
-44
-44
-37
-33
-33
-32
-36
-36
-31
-37
-59
-66
-54
-47
-52
-47
-33
-32
-46
-52
-39
-21
-7
-3
-4
-3
2
3
2
11
27
29
17
10
12
23
36
40
39
42
48
47
44
52
57
43
31
42
55
52
45
47
48
42
32
23
19
8
-4
-7
1
8
9
0
-17
-18
-3
0
-13
-17
-7
0
1
5
10
8
-2
-13
-19
-18
-10
-2
9
