-1
0
2
0
0
3
2
0
6
13
8
2
1
4
4
2
1
2
1
-2
-2
1
-1
-3
-2
-1
-2
-4
-5
-6
-3
0
3
2
0
-1
1
5
8
5
4
2
0
-1
-1
-1
0
0
-1
0
0
-1
-2
0
3
4
2
1
2
2
1
-1
0
1
3
8
10
9
4
2
0
2
0
0
-1
0
2
2
-3
-4
0
3
3
3
1
2
3
3
2
3
4
5
5
4
4
4
7
7
7
6
3
-1
-1
2
7
6
1
-1
-2
-2
-1
4
8
7
1
-3
-1
4
6
4
3
5
6
6
4
0
1
4
6
4
2
2
5
4
4
3
6
7
6
3
2
1
3
4
7
3
-1
-1
2
2
-1
-4
-3
1
-1
-4
-5
-4
0
5
4
2
2
3
6
3
1
5
9
10
6
0
0
0
-1
-2
-3
-5
-6
-5
-2
-4
-8
-8
-3
0
-2
-4
-3
0
1
2
1
2
0
-1
-3
-2
1
4
6
4
-1
0
1
5
2
2
1
0
-1
-1
1
0
-2
-4
-2
-2
-1
3
4
2
-3
-3
3
5
3
1
1
2
2
3
2
2
1
1
1
0
-1
1
2
1
0
1
2
1
0
2
4
6
4
4
6
8
6
4
4
5
6
5
2
4
5
6
1
-4
-6
-2
2
0
-3
0
1
1
-3
-2
1
3
1
0
4
8
8
7
10
10
9
5
5
6
7
7
4
0
-3
-3
-2
-2
-3
-4
-5
-2
-1
-1
-1
0
2
4
4
3
2
6
10
7
4
4
6
6
4
2
2
4
0
-5
-6
-3
-2
-1
-4
-5
-4
-2
0
0
0
-1
2
5
5
5
3
3
3
6
9
7
2
1
1
2
3
4
0
-3
-4
-3
-1
-1
0
3
4
3
1
3
6
6
1
1
5
4
1
1
4
5
3
-1
2
5
3
1
-1
3
2
3
3
5
7
11
8
4
3
0
5
7
2
5
5
0
-1
-3
-2
1
-2
-4
-4
-2
-3
-3
-1
0
-3
2
-2
-4
3
3
4
9
5
3
4
4
3
3
3
1
2
4
-1
-2
1
0
4
6
2
1
-2
-6
-2
0
1
3
1
-1
0
1
0
-2
2
0
0
4
-2
-2
4
3
6
9
3
0
1
1
4
4
5
4
3
2
-4
-4
-2
1
1
3
-1
-1
0
-4
-2
1
1
-1
-2
0
2
2
-1
-1
2
4
2
2
2
4
6
4
4
5
3
2
2
1
2
2
-1
0
3
0
2
7
5
-2
-1
1
1
3
3
0
0
3
5
2
2
4
4
2
3
0
0
6
5
-1
-6
1
2
-2
0
2
1
0
-2
-1
1
0
-3
-1
5
1
-5
-2
-1
-2
5
7
4
7
6
4
8
7
7
7
4
4
6
5
5
3
-2
-1
-2
-2
-4
-4
-2
0
-2
-2
-1
1
2
0
2
3
4
7
10
10
10
8
4
4
7
6
4
5
1
-1
2
0
1
1
-5
-4
0
-1
-5
-1
-2
0
1
-5
-4
-2
1
-1
0
3
-2
3
1
-2
6
2
3
6
1
0
3
4
6
8
6
5
5
3
2
-1
1
2
-3
-5
-3
0
-1
-1
-1
-1
-1
-1
0
0
0
-1
1
0
2
6
7
8
2
4
5
5
6
3
3
3
-2
-1
-3
-1
2
-1
2
-1
-2
-1
-2
1
1
4
5
2
0
-1
-1
-1
0
1
0
-1
-3
-2
-2
-1
-2
-2
0
1
1
-1
-1
2
3
3
3
1
2
2
3
4
0
2
8
1
-2
0
-3
-3
0
0
-2
-1
2
1
-4
-2
0
2
0
-5
-3
2
1
4
6
4
5
6
7
6
6
8
7
4
4
5
6
3
1
0
-1
0
0
-2
-3
0
-5
-4
3
-1
-5
-2
0
-1
3
1
-1
4
1
-2
2
5
3
7
9
1
-2
3
3
5
8
2
-2
0
-3
0
6
2
-5
-2
5
0
-7
-2
2
7
7
-2
-2
7
7
5
7
5
3
5
7
4
4
2
0
2
0
-2
-1
-3
-5
1
2
-3
-4
-3
1
4
2
2
7
7
2
3
12
9
5
6
3
4
6
0
4
7
-1
-2
0
-2
4
3
-2
-1
0
2
7
4
0
4
8
6
3
6
7
8
8
3
5
9
5
2
2
2
0
2
4
0
-2
0
0
2
5
1
0
1
-1
4
5
1
1
1
3
5
1
0
3
2
2
2
1
-1
-2
3
2
-3
-3
-3
0
3
-1
-7
0
6
1
-3
-3
-1
7
7
-1
-4
0
3
4
3
0
-1
3
1
-3
1
4
0
-2
-1
2
5
2
-2
2
3
0
-1
-5
-3
2
-1
-5
-4
-4
-4
1
2
-1
-1
1
2
6
11
6
2
5
6
6
7
6
1
2
1
-3
-1
2
-3
-7
-4
-3
-1
1
-6
-7
2
3
-1
-1
0
3
6
4
4
7
5
1
4
10
12
8
5
3
2
6
3
1
5
9
0
-4
1
5
2
-2
-2
2
6
-2
-8
-3
-2
-5
-2
0
-4
1
1
1
6
6
-2
-1
3
5
8
9
7
4
6
3
3
10
8
1
2
5
4
4
1
1
3
0
-3
2
6
2
2
4
0
2
5
-1
0
8
1
2
12
4
-6
-1
2
3
4
-1
-2
3
5
-3
-4
1
-1
0
6
2
1
2
-3
2
5
-3
-4
3
0
-2
1
2
3
2
-8
-14
-3
2
-2
6
9
-2
-1
7
1
0
8
7
2
3
4
5
6
0
-2
3
1
0
7
10
4
-2
-7
0
9
5
-1
1
5
3
1
4
3
0
-1
-5
-1
7
2
-3
0
0
-1
-3
-5
-3
4
5
-3
-6
1
4
6
6
0
3
6
3
3
3
1
7
7
6
8
7
2
0
0
-2
-3
-2
-3
-1
3
-4
-7
1
4
2
1
-3
-2
8
9
3
0
1
2
2
4
-1
-1
5
1
-4
2
5
0
1
-3
-6
-1
3
-2
-1
5
-3
-4
3
3
6
4
-3
-3
6
7
0
-3
2
3
2
-1
-5
-5
0
-4
-5
-2
1
2
2
-5
-5
1
6
9
3
-2
2
8
4
1
9
11
2
-3
2
9
9
4
-3
-2
6
3
-2
0
2
-2
-5
-2
0
2
4
0
-3
-1
4
7
6
2
5
5
0
2
7
10
2
2
6
4
4
5
2
1
5
7
0
-2
-1
3
6
5
2
4
7
8
8
10
8
8
7
3
3
8
8
1
-3
-2
0
3
1
-4
-4
0
-1
-2
0
1
1
1
0
0
5
7
3
1
5
6
5
6
3
2
0
-2
0
1
-3
-10
-10
-5
-4
-8
-9
-7
-8
-7
-5
-1
-1
-5
-7
-3
4
7
3
-1
0
1
0
2
1
-1
-6
-7
-3
1
-1
-5
-6
-7
-6
-5
-5
-6
-5
-2
-2
-3
-2
-4
-5
-3
0
0
0
4
7
4
3
3
-2
-5
-1
4
6
3
0
-1
-1
2
4
2
1
0
-2
0
8
11
8
6
5
3
0
3
7
10
6
5
8
9
7
1
0
3
1
8
16
14
1
-2
2
8
10
7
0
5
10
6
4
7
6
5
11
13
8
11
14
9
1
5
14
16
8
-3
0
10
10
4
4
13
9
0
1
5
8
7
3
3
7
6
4
4
1
4
11
8
5
4
1
3
7
2
0
4
3
3
1
-3
-4
-5
-9
-12
-11
-5
-1
-3
-7
-9
-6
-6
-8
-3
3
-3
-5
-5
-3
0
-4
-12
-8
-2
-7
-10
-4
-5
-5
-6
-14
-13
-4
-9
-12
-7
-8
-8
-10
-13
-10
-10
-9
-9
-6
2
-3
-7
-5
-6
-2
8
5
2
1
-4
-2
-3
-9
-7
-1
4
-1
-5
-2
0
-1
-10
-15
-4
4
4
1
-1
2
0
-7
-2
5
3
-1
6
18
20
11
8
11
7
-1
0
12
12
0
-4
0
3
0
-2
7
14
7
2
3
5
5
5
8
8
10
9
10
10
9
10
9
9
5
4
2
1
0
0
-1
0
0
3
4
5
7
7
8
9
9
8
8
7
7
5
6
7
9
10
7
6
5
5
6
4
0
2
8
12
7
-4
-4
7
19
21
12
3
4
14
24
10
8
38
65
70
46
16
19
27
35
58
19
-52
50
405
719
561
58
-244
-308
-403
-362
-77
39
-140
-230
-139
-128
-179
-174
-203
-207
-50
138
258
341
259
-21
-221
-236
-210
-159
-54
-27
-120
-161
-99
-60
-94
-259
-531
-602
-374
-136
91
436
626
467
275
264
283
271
284
271
210
163
140
98
-21
-248
-485
-573
-472
-267
-73
21
5
-32
-21
24
69
102
144
230
342
413
385
266
105
-39
-140
-183
-151
-104
-95
-95
-77
-131
-258
-281
-154
3
88
186
276
261
158
132
202
146
20
-115
181
893
1073
181
-771
-442
93
-52
-203
-7
-21
-548
-492
-51
14
-121
-303
-414
-289
206
528
487
304
-87
-409
-324
-66
-64
-154
-197
-315
-340
-144
-28
-174
-319
-345
-327
-252
-143
-151
-370
-739
-1015
-787
178
1633
2757
2574
1327
692
1036
519
-1113
-1571
-369
309
-276
-600
-227
-421
-1445
-2063
-1504
-342
358
549
1051
1546
1043
224
245
514
326
297
693
902
715
313
-275
-882
-1315
-1511
-1232
-553
-77
-15
67
191
61
-150
-134
51
185
447
904
1258
1127
667
261
13
-128
-395
-354
-123
102
58
-564
-1174
-1380
-185
1481
1815
734
-198
511
984
489
227
361
-168
-1227
-895
89
304
-126
-829
-1365
-1172
-420
40
439
764
311
-248
88
387
-165
-651
-780
-955
-835
-337
-100
-194
-413
-859
-1104
-766
-434
-472
-326
131
366
113
-562
-1152
-425
2135
4806
5285
3614
1667
121
-1576
-2645
-1789
-292
-333
-1125
-796
-122
-587
-1552
-1955
-1889
-1435
-282
1410
2883
3142
1919
482
-9
25
165
700
1216
977
302
-47
-263
-1003
-1925
-2242
-1903
-1131
-221
440
801
660
-164
-743
-430
40
368
947
1510
1640
1365
879
462
142
-252
-636
-738
-459
-132
-108
-525
-1339
-1440
193
1963
1825
903
1225
1863
1118
166
240
-44
-1093
-1296
-546
-50
-165
-811
-1640
-1809
-1294
-821
-132
1048
1533
932
554
554
-56
-897
-1208
-1370
-1390
-825
-298
-242
-119
-214
-888
-1264
-1096
-1030
-1008
-912
-903
-454
727
1232
-149
-1779
-1033
2268
5879
7097
5003
1613
-653
-1544
-1696
-1230
-611
-713
-1448
-1761
-1210
-680
-1146
-2274
-2780
-1995
-302
1646
3182
3550
2557
1087
262
337
841
1256
1218
673
61
-250
-486
-988
-1685
-2291
-2459
-1865
-621
560
966
592
-42
-463
-407
108
689
1114
1436
1769
1930
1534
573
-513
-915
-816
-832
-489
417
517
-498
-1616
-2171
-274
3309
5161
3489
665
150
-164
-735
343
1307
160
-1573
-1397
-906
-1055
-1124
-1989
-3132
-2786
-1171
475
2378
3439
1784
-760
-1077
-91
-97
-642
-1279
-2104
-2122
-1020
-342
-544
-1062
-1794
-2264
-1985
-1157
-675
-626
-2252
-4374
-3125
-100
1154
-117
-943
1718
7783
13160
11529
5206
774
-1459
-2963
-2240
755
1929
-456
-3366
-4269
-3682
-3229
-4064
-5052
-3998
-1670
739
3745
6033
5160
2073
-147
-219
1456
3673
4551
3528
1792
31
-1571
-2544
-2929
-3280
-3721
-3447
-1922
-86
1048
941
-616
-2220
-2177
-522
1773
3290
3233
2622
2262
1769
1125
623
265
133
-14
-545
-813
-365
-335
-1136
-1954
-2913
-2975
520
5795
7479
5400
3516
1730
-1246
-2371
-724
-147
-1218
-1559
-1592
-2035
-1999
-2139
-3361
-3786
-1970
436
2503
4209
3545
581
-1648
-2710
-3256
-2349
-745
-267
-457
-411
-887
-1776
-1921
-2395
-3822
-3767
-1752
81
1234
1389
-679
-3888
-5493
-4754
-3137
-2418
-2537
868
10801
19318
16667
7415
1740
-848
-4246
-4454
1032
4732
1430
-3406
-4577
-4113
-5080
-7254
-8134
-5919
-2036
1747
5762
8528
6794
1826
-1212
-577
1190
2879
5040
6035
4253
1506
-528
-2331
-3966
-4942
-4828
-3266
-1194
243
1072
837
-959
-2921
-3240
-1594
743
2309
3290
4118
3777
2067
528
-17
-35
80
317
454
295
384
523
-663
-2417
-3134
-3614
-2667
2494
8166
7943
3620
1709
1814
-350
-2241
-526
712
-652
-1275
-955
-1310
-1859
-3126
-4900
-4245
-1335
487
1626
3315
2646
-702
-2424
-2044
-1963
-1246
236
60
-830
-580
-1022
-2326
-2482
-3016
-4412
-3083
32
543
-86
620
-43
-2744
-4270
-4507
-5154
-5630
-5812
-5829
-2276
7842
19256
21457
12499
2828
31
29
-525
1735
5253
3525
-2061
-5091
-5195
-5613
-7184
-8726
-8105
-4529
-446
2680
5812
6805
3214
-706
-725
1258
3593
6121
7065
5754
3395
1013
-819
-2278
-3980
-5488
-4879
-2028
-104
105
363
-697
-3529
-4337
-2390
-507
1000
2510
2879
2586
2714
2581
2140
1916
1350
865
1399
1685
962
426
-488
-2360
-3225
-3377
-4143
-2428
3473
8238
7042
3404
2311
1373
-1047
-1150
246
-174
-881
-895
-1202
-1545
-2286
-4098
-5397
-3900
-848
932
2232
3366
1871
-1137
-2743
-3110
-2340
-350
741
76
-673
-1422
-2903
-3841
-4059
-4318
-2905
287
1940
931
-738
-1745
-2679
-3694
-3619
-2963
-3364
-4911
-7402
-9496
-7400
1582
14961
23444
19207
8267
2622
2844
2738
2348
3452
2990
-193
-2596
-2888
-3035
-4979
-9178
-12455
-10762
-5416
-95
4589
7213
4724
-20
-934
1530
4046
6422
7897
7234
5289
3131
1627
825
-945
-4174
-6341
-4949
-1514
29
-432
-1211
-2905
-5035
-5452
-3443
-515
1817
2802
3349
3988
4000
3166
2159
2122
1826
1828
1898
1839
2257
941
-1141
-3329
-3987
-4336
-4485
-328
5131
7484
4926
2253
1564
-434
-2105
-1835
-28
886
843
536
-642
-1835
-3266
-4718
-4438
-2182
-459
496
1916
2158
92
-2264
-3126
-3068
-2483
-1636
-857
76
366
-1082
-2968
-3394
-3291
-3603
-3284
-1486
279
712
490
-224
-1792
-4083
-5086
-4446
-3927
-4797
-6177
-7546
-7186
1070
14254
22366
17818
7510
3414
3093
3848
3681
4469
4410
-189
-3896
-5245
-4330
-5286
-8547
-10060
-8885
-4875
-530
3972
6361
4626
1233
-183
1737
4856
7301
7550
6152
4558
2863
1095
-9
-1102
-3467
-5118
-4128
-2115
-931
-719
-1553
-3268
-4268
-3567
-1871
248
1860
2511
2897
3603
3500
2506
2158
2513
3094
2361
1690
1927
2299
1767
-1017
-3469
-5116
-2729
3185
5629
3476
881
1153
-292
-2200
-999
-439
-1077
-908
190
-170
-693
-698
-2356
-3765
-3286
-2091
-580
1467
1791
-72
-1459
-1933
-2204
-1583
-125
278
-661
-1455
-2142
-3298
-3714
-2635
-2098
-2356
-1933
-1470
-897
-28
-2
-1529
-2808
-1832
-1745
-2922
-3081
-5076
-7834
-9568
-7127
3988
18026
23575
14474
4924
3486
2379
1411
2452
5424
4072
-30
-2005
-2532
-1957
-5623
-10438
-11653
-8972
-4625
220
6177
7568
3889
-253
-1379
404
3161
5881
6924
6483
5370
4085
2431
325
-2287
-4934
-5731
-4067
-1458
461
1209
5
-2882
-4783
-4379
-3277
-2196
-7
2773
4130
3859
3307
2851
2337
1977
1518
1074
1459
2674
3654
2995
504
-1513
-519
2517
3328
491
-1707
-1105
-1138
-2482
-2146
-1053
-1824
-2890
-2175
-759
153
250
-786
-1635
-795
197
56
377
1090
42
-1742
-1913
-1527
-1962
-2289
-2255
-2403
-2362
-2407
-2847
-2405
-1468
-1978
-2517
-1447
-974
-1843
-1987
-1495
-1544
-1543
-1079
-985
-1398
-2450
-5867
-10687
-10609
-1137
13222
21422
17431
8079
2906
1931
1498
2387
4685
4215
323
-1724
-359
101
-2625
-6871
-9856
-9388
-6007
-1745
2739
5881
4845
975
-914
142
1608
3148
5260
6249
5481
4551
3732
2332
283
-2671
-5247
-5066
-2617
-212
1168
1347
-221
-2928
-4238
-3585
-2710
-1509
200
1473
2596
3176
2617
2164
2027
1495
1317
2182
3210
3205
2245
1052
444
1765
4228
4496
1980
-558
-1766
-2395
-2755
-2636
-2624
-3304
-4116
-4175
-2932
-794
450
-139
-965
-427
736
1411
1756
1275
-529
-1875
-1494
-775
-1079
-1944
-2358
-2688
-3262
-3190
-2957
-3110
-2628
-2475
-3329
-2909
-1142
-33
211
-472
-1925
-2393
-1369
-436
-717
-3001
-7969
-12662
-10729
455
14837
21342
15588
6369
3074
3311
2604
3617
6355
4722
-627
-2225
497
1805
-1021
-6428
-10198
-9480
-6184
-2126
2602
5262
3025
-1326
-2438
-222
1725
3377
5466
5805
4533
4070
4242
3675
1802
-1343
-3868
-3634
-1616
276
1657
1457
-1176
-3766
-4001
-3051
-2251
-1510
-795
-51
1000
1789
2172
2516
2316
1615
1182
1553
2625
4105
4142
2539
2128
3548
4111
2142
481
-662
-1422
-1632
-2261
-2164
-2513
-3035
-4126
-3892
-2087
-1831
-907
-23
306
-11
-167
646
697
939
186
-1565
-2172
-1434
-1411
-2255
-1805
-1588
-2763
-3526
-3188
-2899
-2620
-2507
-2987
-2763
-1267
-321
-711
-931
-1186
-1924
-2760
-2560
-1234
-1978
-4827
-8295
-10011
-3935
7973
17576
17484
10418
6391
4098
2957
3123
4128
4266
1055
61
555
1665
439
-4184
-7751
-9511
-7426
-4680
-1037
2744
3036
1369
-257
15
571
1593
2810
3511
4707
5551
5322
4460
3626
1461
-1528
-2979
-2512
-1353
-48
871
211
-1272
-2606
-3709
-4151
-3429
-2524
-1518
129
1234
1296
1345
2745
3301
2407
1897
2704
5272
6100
5147
4520
4271
2874
-931
-2612
-1851
-2478
-3440
-2785
-2249
-3073
-3464
-3599
-3872
-3052
-1648
-1049
-148
1651
1957
809
581
544
-761
-1511
-1082
-1070
-1162
-973
-1357
-1862
-1696
-2054
-3035
-3123
-2652
-2594
-2293
-1732
-2313
-2893
-2176
-973
-799
-1574
-2365
-3162
-2971
-3091
-4630
-7931
-8700
-1879
8890
16881
15235
9442
7230
6153
3929
2518
5067
5219
1110
-1359
-589
1394
169
-3112
-6413
-7981
-6997
-6176
-3001
1782
3024
763
-1256
-467
-154
167
2717
4372
4659
4619
4755
4618
4202
3295
686
-1415
-1423
-1074
-745
662
1259
-278
-1799
-2621
-3589
-3822
-2633
-1579
-977
73
819
937
1454
2315
2580
2366
2625
3302
3354
3531
4888
5428
3700
1548
301
-712
-1705
-2111
-2249
-2824
-3410
-3615
-3811
-3592
-2815
-2810
-3414
-2586
-658
266
698
1532
1328
154
-45
128
-742
-1230
-667
-603
-1259
-1480
-1681
-2542
-3104
-3082
-2859
-2630
-2132
-2037
-2250
-2189
-2177
-1847
-1679
-1284
-1825
-2437
-2029
-2520
-5022
-8738
-6181
2612
11235
14154
10697
8689
7860
5734
3112
3196
5650
4227
455
-998
593
1392
-291
-2921
-5588
-6669
-6684
-6069
-3460
452
2070
945
36
80
166
245
828
1600
2697
4105
4406
3778
3873
3841
2375
871
-80
-1123
-1163
390
1489
888
-386
-1794
-3190
-3797
-3392
-2903
-2549
-1744
-664
618
1911
2656
2481
2267
2270
1800
1082
1775
4615
5773
4595
2871
1587
784
-1103
-1784
-2178
-3394
-4133
-4569
-3803
-3179
-2952
-2976
-3223
-2721
-2159
-1817
-1145
121
1098
1297
1022
799
708
182
-702
-1463
-1615
-1289
-825
-695
-1008
-1540
-2264
-3147
-3749
-3212
-2298
-1876
-1826
-1629
-1762
-2248
-2455
-2748
-2433
-2661
-3779
-6008
-5988
74
7357
10993
9099
7488
7911
6315
4212
3622
5444
4548
1486
650
1239
2023
932
-994
-3242
-4988
-5613
-5877
-4673
-2110
-59
71
-354
-113
272
269
258
825
1698
2581
2993
3105
3543
3799
2959
1789
1346
906
222
345
865
548
-19
-150
-700
-1711
-2193
-2285
-2478
-2211
-1199
-150
352
448
727
1493
2128
1942
1476
1905
3440
5092
5673
4783
2926
833
-1043
-2377
-2961
-3036
-3120
-3398
-3573
-3352
-2870
-2506
-2437
-2535
-2529
-2152
-1305
-219
647
956
712
208
-199
-343
-257
-189
-398
-836
-1263
-1502
-1475
-1278
-1341
-1614
-1851
-1936
-1886
-1729
-1465
-1483
-1629
-1799
-1994
-2065
-1707
-1577
-2264
-3593
-5415
-4544
-249
4896
7037
5889
6670
7668
6207
3791
3316
4453
2844
855
1178
2407
2947
1963
6
-1892
-2774
-3737
-4943
-4207
-1409
326
-53
-390
-44
149
-77
-267
3
790
1429
1239
1103
2045
2875
2202
1213
1063
784
152
364
1203
1496
1180
405
-681
-1142
-824
-785
-1024
-873
-824
-1104
-817
-44
130
-144
145
990
1835
2777
3854
4314
3578
2095
601
-613
-1501
-2018
-2121
-1907
-1803
-2169
-2572
-2361
-1835
-1746
-1961
-1741
-1004
-438
-354
-240
219
517
194
-475
-971
-1156
-1150
-1030
-913
-841
-838
-876
-702
-395
-448
-926
-1360
-1525
-1451
-1336
-909
-288
-224
-379
-399
-549
-1017
-1455
-1783
-1653
-1374
-1516
-1919
-2835
-2219
197
2919
3734
2697
3554
4090
3093
2054
2236
3543
2696
1215
896
1243
1531
1059
581
323
0
-849
-1532
-1042
185
746
482
364
454
589
573
404
487
812
644
-145
-567
-215
249
420
578
754
630
229
-89
-74
183
362
256
117
245
398
321
225
87
-426
-954
-897
-397
215
895
1407
1515
1313
894
584
705
800
336
-260
-535
-809
-979
-898
-1026
-1310
-1223
-1209
-1440
-1092
-396
-16
-132
-47
65
-327
-230
-39
-213
-587
-1080
-1250
-1366
-1451
-1221
-875
-723
-395
-409
-612
-189
-119
-244
-229
-231
-147
-205
-129
-99
-228
-85
15
-191
-432
-748
-786
-555
-47
551
252
-196
-386
-555
-647
-881
-1016
-1324
-1360
-764
206
1259
1383
1319
1429
1128
1018
1058
1401
1483
1164
1281
1358
1411
1474
1607
1518
1039
919
831
646
373
102
-132
-611
-523
-88
-1
15
-151
-226
-328
-613
-395
-69
265
739
677
482
422
215
180
158
-74
-260
-361
-383
-328
-16
335
162
-178
-341
-390
-17
169
313
400
95
57
-197
-451
-267
24
9
255
117
202
-226
-569
-219
-158
-194
-141
195
147
77
-552
-1091
-1461
-1618
-1527
-1329
-732
-384
-563
-414
-292
-485
-109
-189
199
211
-76
-59
-100
-150
270
377
912
484
218
73
-538
-240
-484
-452
-178
-276
-95
-38
-129
-26
295
209
-292
-367
-629
-548
-367
-236
-79
170
380
856
713
723
524
428
402
174
161
148
240
112
262
329
426
102
16
39
-313
-528
-266
406
576
590
281
149
368
500
543
735
590
625
524
67
158
283
248
159
18
78
209
344
272
173
-170
-316
-361
-383
-110
-14
-116
-621
-502
-467
-255
-48
-393
62
31
461
877
1061
737
57
-149
-169
-16
180
231
205
-275
-857
-994
-1304
-1088
-762
-585
-698
-534
-877
-830
102
-269
93
258
-540
99
717
488
405
98
-107
230
509
315
215
51
-30
-459
-1264
-113
-225
484
-69
-130
-108
-575
-534
-234
137
196
131
-617
-36
-735
558
503
183
1129
408
927
1057
808
511
373
-145
233
726
100
982
-192
-509
-694
134
-147
-689
-704
-313
176
-397
-26
-197
-115
-557
-447
464
1010
675
-59
260
65
-34
15
385
-829
473
-168
286
1655
-492
-602
-351
-554
-356
-244
-266
250
-272
5
-530
-115
-101
-295
323
659
912
876
363
463
355
501
-45
-399
9
-249
253
495
-439
-820
-1075
-1127
-483
-155
-649
-1047
-756
28
-216
-58
389
-27
-107
-141
299
479
685
259
672
1121
133
180
-545
443
-32
-873
498
-664
-275
189
214
230
-203
-180
-833
-5
-65
-155
134
-424
442
387
-215
40
19
516
734
488
597
454
424
582
672
192
79
628
-127
-525
-176
-799
-521
-723
-387
-136
-27
506
-24
-230
302
320
-359
179
-42
1079
-597
634
10
2
451
-396
-522
190
19
-69
220
181
-246
40
-375
-57
182
-316
-778
-671
123
-678
-94
287
-801
541
155
134
148
525
290
-178
239
281
941
-13
861
-565
735
8
-315
-256
-1029
-412
-562
-421
-488
-219
-348
-340
-858
143
-253
895
675
-872
368
-452
653
396
896
1015
-1203
610
-275
660
490
-960
-252
-500
1166
376
356
50
-805
407
-332
-559
-539
-138
482
640
-226
-622
-128
594
50
-57
802
194
1605
596
37
-259
200
1167
345
-104
-1052
-670
-425
-111
-103
-87
-735
-1087
832
109
354
-577
53
-130
-198
805
-686
108
1232
144
596
-171
-633
-119
58
-479
236
53
-65
-109
-725
118
292
-212
-563
-425
47
-310
107
-1013
-384
775
-1099
-270
-973
783
1078
-659
715
698
19
2
-636
475
-245
384
735
236
887
-365
-1243
36
137
-166
-663
-691
216
-652
70
82
-165
-179
188
-383
152
254
229
794
-13
-359
976
195
-795
458
255
-502
533
152
-412
197
126
-225
-174
-87
316
165
-83
494
378
68
98
-116
51
563
-164
-579
757
586
159
-4
197
640
-39
746
580
195
139
-543
-66
-445
-384
-879
-1042
327
-93
-315
237
-384
-118
5
-313
807
-119
220
306
394
771
-991
1218
-859
-1515
163
-868
935
-906
129
-94
-419
29
-795
408
-573
318
-112
1231
-95
-507
-1277
55
289
-652
292
-482
869
304
304
500
-497
-615
25
300
512
309
378
-735
-406
274
737
-321
-1590
-734
602
693
178
-316
-1104
334
1244
155
912
-310
-583
640
-421
755
-393
44
662
110
922
-649
728
-403
-1395
480
357
-144
543
-699
658
-1423
231
296
1117
837
-313
-1060
-376
637
947
-107
-168
457
171
453
-2010
1343
408
-70
801
-96
513
307
-1072
205
-713
307
88
-931
154
23
-201
101
-573
-194
532
637
45
-107
451
-336
614
-743
-157
743
-1062
614
265
982
-1833
-645
-1237
-311
24
-12
-404
436
208
-448
845
-20
209
-606
-541
-188
319
499
12
-883
-1173
740
1320
682
-641
105
-1700
370
1261
557
684
-1035
-203
-855
491
243
-216
95
-1706
379
-128
463
75
320
632
-260
1146
-692
-388
911
1337
-378
701
-1320
95
721
77
-1005
301
1060
-475
-73
-435
283
-33
-946
507
254
336
38
98
-174
-633
-1151
1992
466
156
375
-496
364
-66
-753
469
67
-1062
-299
2316
216
358
806
76
-1208
-251
-1398
-153
18
-359
394
816
-43
-1191
-1075
738
772
-611
-566
-108
410
658
287
869
-91
-364
-432
-764
-310
-128
-368
-709
553
15
337
695
-968
-260
-126
758
-180
-575
-951
-1124
667
930
1355
-29
-186
-490
201
-601
-666
-179
1184
83
1488
369
-26
-321
-1156
-1302
-322
1418
-757
1230
-145
-632
757
-72
-337
15
-153
-194
-25
648
-446
843
1164
-651
-1223
-299
1336
870
377
-220
-681
679
-638
543
-533
14
196
997
-49
-1896
188
1144
917
-358
-178
-1281
266
1671
97
783
-1081
-579
-225
-463
267
488
-1307
237
2230
437
348
-941
1026
-1457
-1339
1146
576
321
-1479
-1015
491
-400
-475
-61
1100
992
-664
-1191
-935
-164
1363
1098
-253
-539
-55
-421
-869
-235
-126
-406
-245
131
525
986
257
-624
-828
-1022
1580
925
-479
1079
-957
903
863
-2833
-373
-170
-94
1590
1
153
-104
-1611
1589
393
284
-377
-3346
1295
1231
2109
-111
-653
356
-1689
-36
561
133
-342
-1298
1676
1006
320
-948
-449
-189
78
1010
1497
-1183
-301
-659
-258
1945
420
-698
-1490
926
262
-45
-487
-365
2614
-1169
360
-2309
-179
2677
-773
675
630
-1299
630
-158
-1392
1345
323
-52
-320
-134
1345
-2126
-1063
383
1691
1227
156
-1237
-1215
1928
108
-1932
65
-537
756
395
1010
-865
792
-705
-2507
1150
-840
194
8
159
2211
-1264
-1446
878
-428
894
-1193
-1124
48
-130
2069
-564
-1030
516
113
-747
984
-955
-164
623
171
966
516
-340
-737
-611
151
247
-1605
-225
-733
2186
1909
-253
-819
-1538
1319
-300
1138
-878
-809
694
491
476
879
13
-742
-636
-178
-535
618
180
896
356
-1118
-806
1089
-675
846
-538
1194
-980
-569
174
831
390
-1667
254
-1377
2475
1723
-229
-511
-1129
-724
499
824
-435
255
1418
-2147
1085
759
216
1184
-1954
-6
-896
259
-687
434
-319
178
1310
585
-2040
947
878
-1448
440
-321
-115
-857
1115
1317
1050
-1925
-559
-1003
-559
55
325
-455
1165
233
-381
102
-2358
-234
1701
-1203
479
-582
690
-316
-626
545
-256
88
-269
-1095
2135
990
-855
324
-1801
1566
1211
-994
-441
-1227
575
-226
1185
-43
-1970
-577
1762
1243
652
-1178
-1279
635
-544
963
1113
-1412
-1531
960
1001
2458
-742
-1640
352
-728
1690
1226
82
-1107
-1380
56
2108
224
-1221
111
-1442
-14
2410
-1265
-1061
-17
143
1584
-857
-793
675
834
1150
-1637
719
-484
-1696
2067
-449
1952
595
-1358
-72
535
-1166
97
809
-1926
542
-739
1360
619
-365
-473
-1184
561
446
-351
-225
808
-399
2104
-616
-2005
-280
428
540
417
393
-1719
-4
1300
2171
-26
-1193
-718
-1551
11
-14
-439
581
-367
519
-1870
465
-57
-274
1160
-859
301
-1528
1947
255
-890
1164
73
-809
1748
-288
-984
439
-1575
437
609
2429
-1323
-412
-323
-941
2265
-9
-224
-111
-69
844
-506
-626
310
-65
909
702
-1114
-539
-1649
838
850
524
937
-970
524
-409
139
399
-238
141
-491
-967
1307
464
-567
-487
-574
63
-343
92
1155
1403
-809
-202
-154
337
-190
-557
-335
386
498
-80
1892
-1706
187
121
-1628
2051
843
-472
-1586
249
-1734
761
-152
-1336
1514
-240
927
-19
-61
417
-1315
-857
1
-281
2419
-880
-637
1571
-1263
-331
1730
515
-195
-1802
-345
1263
319
621
-1288
-614
-255
1044
-1299
-1046
-223
-142
1031
717
-604
-877
573
-673
967
-315
-408
1271
1027
-149
-1099
697
-614
237
193
-1142
-156
-569
-16
1679
1609
-1235
-723
16
2627
-2108
-787
716
414
2235
-1643
-1193
-338
452
980
365
-470
-1194
-1123
2147
2166
-957
262
-976
282
836
-1249
1370
-1130
-1907
1056
-106
1371
436
-1134
157
-887
1066
378
-1606
576
1093
-566
1271
-1023
40
1193
-756
-575
-1126
740
-74
684
154
-1861
258
-92
1029
785
-587
-1813
-572
1353
427
-541
-415
195
-488
766
-848
-347
930
-831
820
-345
-683
1443
-943
607
-805
-214
-315
1923
1451
-1364
-686
-1931
1330
1059
-874
-754
-407
708
-49
1033
-865
-1371
435
900
-55
810
-90
-396
416
-1654
1093
-61
-500
1256
-207
1019
-614
-459
1075
-1314
289
-753
441
1535
236
228
-51
-669
912
-1389
848
-116
-868
447
-1372
483
1687
645
-885
322
-2089
2149
-1408
137
662
-512
1064
-244
431
-600
-444
64
1456
-247
-2310
-649
2273
811
1419
-2249
-290
67
-32
914
573
737
-1556
-573
484
-15
743
92
-1628
1757
-811
-456
762
-885
-134
507
368
-74
-1157
-996
923
1707
-807
-615
-1636
1306
-209
-195
-285
1347
33
-651
-633
-132
456
-645
-352
-272
1078
156
-573
-3
1528
-1463
-748
1235
-1795
1369
172
621
-747
-1157
568
-1114
1842
1814
-1148
37
-647
155
927
60
908
-2226
754
420
-1533
986
46
1066
-1496
-1339
2690
-145
-900
-384
905
804
-2442
173
2042
-330
1539
-1006
-964
-298
702
544
361
1101
-1017
200
-124
-303
706
-345
-654
1
30
968
-322
-956
690
-757
-1582
915
-186
2243
-1127
-1098
-429
1425
-782
47
227
-591
939
957
130
-1778
870
927
532
504
-733
-1395
-587
932
405
-19
-1480
617
66
-1308
141
-9
252
978
222
-1529
896
-661
193
968
-1485
-825
1161
888
1227
-811
-527
807
-1036
1051
-2040
-597
1831
637
-40
-1196
-102
114
806
-388
-1163
-132
-262
-1140
1488
892
-1415
1096
125
675
-243
355
-823
-314
955
-116
451
-75
-688
778
955
-1513
-894
388
2031
-693
-965
-1511
-166
1320
550
25
415
-577
-303
1424
-630
-852
-62
361
-752
1001
293
-263
482
1396
-305
-1553
338
1
-237
1325
-962
-247
1023
-1716
507
900
-907
-345
-915
2004
820
-1929
981
-279
-298
1390
-1669
-453
584
1090
-983
-376
-1790
251
2539
605
143
-1011
-468
120
752
-1410
-478
-958
2934
1037
-1389
-300
-1109
752
1307
-1451
-248
-370
-600
142
1284
120
231
501
-1034
-1167
-406
1555
721
-1317
-603
549
-670
1240
104
-1747
1514
-1403
172
141
1400
-1334
121
154
-1030
1147
659
-1084
587
458
-2230
2428
133
1766
-1239
-928
1200
-426
590
-596
-1789
-1762
2158
1394
1661
-161
-1492
-2730
52
388
2151
-50
429
-887
-621
1471
-1241
-264
-2181
2412
791
102
22
-820
1253
-46
-727
55
2164
-1944
-991
61
770
3029
-1386
-1340
-1308
369
102
13
51
514
-668
-193
1037
-1529
1230
753
600
-2990
543
-128
-982
3674
-643
-1432
1659
586
-432
-1832
-794
274
1278
31
-1140
649
101
210
-449
-1165
1893
-385
-1591
117
-475
1149
1879
-1915
-974
1556
-169
1320
-317
-1234
-660
755
749
-84
-1623
-73
326
269
2395
-1465
-276
294
-1415
368
77
414
-1129
-1207
6
2257
388
-658
1808
648
-958
-1457
-409
-17
1780
376
85
356
33
-1160
-1177
375
229
695
-943
-586
829
-689
-78
1419
1552
-1368
-1879
-570
222
158
2426
682
-525
-1996
-274
-59
1214
1538
-1176
74
1033
-1083
-1701
1101
521
502
-534
-1531
-300
2475
1081
-501
-2105
-879
535
56
1230
10
-612
705
-505
-318
431
-664
-1151
218
933
1045
-638
-1325
738
1202
825
-426
-1011
1038
-823
-29
418
-1613
1144
-623
424
334
-12
153
-529
-1161
827
1435
-39
860
-1678
-505
-444
272
-618
1166
485
-1248
1056
-1343
45
1070
303
455
-801
-1115
39
2089
1702
-3141
-824
1420
-663
2037
-456
-1771
-349
792
-108
1071
900
-1410
-1050
470
123
1553
392
-2241
-1538
221
1745
1759
-147
-1214
-616
614
18
39
1064
-535
-91
-1194
509
428
255
-456
700
268
-1438
345
-372
679
1422
-236
-400
-645
-97
-23
650
-974
-432
270
-287
986
39
-414
469
-475
148
-547
-822
1246
-296
772
-1042
1395
-419
-168
-671
958
-847
395
-902
-1438
2865
413
1772
-2088
-669
-371
-1583
596
880
-118
-18
-1128
848
1706
-754
306
-1139
-70
-25
1128
282
-2417
1454
-380
527
583
-1656
1933
-243
-285
1059
-813
-743
261
446
-760
363
167
-509
590
-953
1401
520
-1146
260
-1126
108
-515
831
890
1146
-202
-174
-522
-810
662
-940
547
1042
636
-439
-2213
30
2227
1201
-428
-507
-1287
-92
-885
585
1612
277
-217
-1021
-854
-900
2412
613
-945
-1582
-1985
2979
2525
-384
8
-1216
672
-1096
-327
566
85
-611
477
-190
-232
472
149
214
-546
331
-35
-507
-1191
2230
-269
-911
725
-1180
42
313
-252
64
1886
-1348
896
737
-2001
-175
-505
893
615
-935
911
-575
103
58
-38
-877
224
960
-950
645
796
-505
-226
-231
-1032
1037
794
91
1633
-1336
-1972
-842
741
2307
-559
-1369
-421
385
1869
1
-1157
-579
1696
-765
-933
-1202
446
1441
339
963
-448
-670
-2104
184
1694
2434
198
-2192
-1088
-58
1478
-234
-840
1770
-1119
81
-346
-1108
2097
-385
246
-1304
-2213
1140
2101
1406
658
-3324
-183
1295
847
185
-1246
-414
341
-1055
0
2161
-471
-233
-221
392
-553
-879
-539
1599
735
-873
-788
972
422
-243
207
-1175
1260
-497
-1122
-554
811
1229
-661
-605
-505
-1107
1399
999
835
-781
-1850
654
1908
44
-679
-816
-365
111
-424
1353
-1121
122
-225
210
1056
-494
274
8
34
-1295
6
306
625
1133
-471
-1266
-1201
2124
373
-1171
-972
-163
2083
1247
-850
-1403
-850
815
195
1366
683
-1062
182
-778
-990
1444
670
-1414
-481
-556
717
2461
230
749
-2143
-835
-207
1457
914
-1497
-1191
2188
2121
480
-2953
-1204
136
-220
665
-720
1757
-141
-466
-553
-738
591
-448
-1369
535
-262
2276
1060
-369
-800
-873
-175
-611
966
787
-399
-347
750
1991
-27
-1136
-1383
-158
652
-1179
201
1214
63
477
-313
-274
-161
-707
-1166
663
52
1850
85
-262
-492
-1293
169
194
881
-406
985
-950
-169
-720
902
-932
719
-416
-372
2369
-167
-839
-625
2210
-622
-1838
-201
802
754
-1959
1015
790
1201
-651
-1785
-446
1535
724
-517
-880
-469
948
-1728
947
112
66
1066
-746
-867
-844
1237
1353
450
-1514
803
-526
-1466
338
334
212
1394
1101
-970
242
1260
-2666
-892
4
1111
145
-751
1367
19
269
36
-749
-828
384
702
220
-1501
-384
64
1255
-250
251
265
-1329
1461
-56
-992
2013
-688
-35
-1327
-1657
546
419
2741
-315
-1142
-234
-631
1054
-182
-610
-1251
222
1687
900
-1282
-1044
612
160
1712
-433
-1812
-651
1253
1953
-1112
-1379
-950
876
1842
-1118
-189
151
-25
1414
-642
-1604
-286
503
453
1477
-1159
-798
-339
1714
1512
-171
-839
-752
-1662
-182
721
-565
1063
698
-59
1072
-1190
795
157
-2104
1120
-1642
1004
878
-796
1480
524
-413
-609
-1169
46
1233
232
-419
-1275
641
-106
131
1685
-1381
-281
23
109
-1332
-217
28
1804
678
-1758
-283
-440
2312
573
-158
514
-462
-1020
101
197
49
-195
-64
-16
44
102
780
-539
-846
-5
48
-1159
-762
1532
-1063
2266
-424
-814
1735
-403
-547
-1049
446
836
-1168
498
197
-1251
1233
106
539
-590
612
-17
-501
-1058
748
609
-617
-381
-71
-83
452
2037
-1449
-737
-1446
755
794
523
1005
-2013
139
-391
2666
-209
-1831
202
676
-412
-507
731
-252
-647
847
496
-689
-1066
185
497
793
-184
-881
-125
-449
568
1240
-235
430
-1095
-1577
2070
648
849
-921
-1509
322
792
1033
-622
-630
-737
-556
-856
805
779
101
737
-39
2595
-2767
16
-1542
305
2063
-1231
-649
350
-103
1316
483
-1637
374
-1701
-271
1144
1245
2253
-1272
-1388
-363
1512
-436
-482
-77
-1757
-323
202
1744
-553
1989
-856
-1442
1196
-2179
-152
438
940
1322
-724
-290
-634
1445
465
-265
-1406
-344
360
-1176
129
1870
234
863
-2063
-772
210
2418
563
-1343
-706
-1245
70
-414
3191
1736
-3388
-2283
478
2908
-98
-323
-629
61
-534
607
-799
336
2124
-170
-940
-599
-601
-587
866
-408
322
429
-655
22
775
397
15
814
-414
-909
-736
471
624
617
-582
-66
-450
-975
293
624
1582
943
-1457
-1348
-1294
2064
419
133
-893
1125
-185
-555
-757
706
208
-1887
-693
2157
1134
-262
-2
-662
246
519
-639
641
-432
-387
-22
-1339
-178
1448
841
-455
-574
237
322
355
549
-1131
-374
198
-1434
1127
416
-722
1527
-248
-890
145
51
-63
-317
737
351
-828
123
289
-271
244
323
-857
-563
1117
253
-1066
1143
-63
-967
1274
377
-1352
-732
-375
584
2463
364
-181
-2311
1359
-468
-835
300
-403
1204
-1815
-454
-52
2070
1084
-743
-166
-2228
1038
-780
2366
-106
-621
-2363
1512
1217
192
630
-1633
101
-2017
1720
536
1677
-159
-2296
139
707
975
-1467
1244
487
-296
-1765
554
365
-1211
-275
1275
531
1441
-1870
-1602
432
1295
1808
-46
-1819
-1469
193
117
855
323
1195
-1247
297
-1048
-860
929
1570
-468
-189
-435
-828
595
352
964
-1103
-513
209
-719
372
264
799
148
-436
-589
-1767
1259
-389
2731
1007
-1838
-544
-281
701
-672
-361
356
976
-652
-1082
-637
375
1365
-298
1273
-403
-825
-231
-18
435
-455
-226
-2083
398
2855
-244
534
-1330
-714
-754
863
671
1422
-448
-1252
1430
-360
-175
575
-711
-82
-331
-714
704
-1343
944
982
528
-2
-594
-246
-1463
1115
541
-22
-381
84
721
-272
-317
1865
-1794
-960
750
554
382
-607
-141
97
-601
-1786
1935
1245
814
-1937
-2359
3044
195
-1233
1411
-1518
550
173
-708
808
384
972
-1651
-2709
373
1315
1751
-30
-1081
309
-596
-548
1052
846
-752
-1365
212
1142
926
-573
-1111
203
-232
-1471
1143
828
341
933
-490
-472
-72
96
-1992
1227
-425
1236
-363
-73
287
-214
624
-1816
615
-1187
902
2117
34
-195
-503
-733
-307
279
-1340
2506
-1124
-219
382
395
-141
-1582
928
276
-15
1014
-787
-745
269
671
-134
-680
420
305
-889
604
-690
437
1852
-1504
-728
-276
530
1112
-603
633
156
-1323
-762
-707
1016
3389
-564
-2970
-1334
178
2938
504
-1269
65
-122
-58
28
112
-222
-194
-66
-274
329
-708
-419
839
-339
94
232
887
389
935
-893
-523
-300
122
-836
-278
1243
-623
1089
-157
-462
-538
292
-75
-697
-569
-699
2319
2044
-1310
-694
-102
-176
-45
-1289
1281
1866
-1758
-743
-51
308
1202
-307
-177
-947
-1693
617
889
1926
-502
295
-2037
-678
3766
-585
-1742
-1065
-6
857
1130
-500
-786
1182
-599
-194
-845
891
449
-1902
769
1913
-238
-1187
998
376
-811
-832
1572
186
-2101
-795
1587
830
170
387
-517
-72
-711
-1059
1800
809
-1059
-549
-1145
1171
1344
-913
-842
-966
216
1804
1161
-1552
-732
-1165
1377
9
-411
1104
-609
-237
581
-269
-626
663
-812
658
572
-547
-189
-423
642
-601
-1005
2707
722
-1276
-1545
430
-721
-999
1677
677
2147
-1054
-168
354
-1225
-209
-1438
394
2057
-1324
-159
651
-255
-679
391
711
991
-1050
-716
677
244
-98
-788
137
69
314
-926
2033
-2
1048
-525
-2519
-342
1080
555
-652
830
-685
1101
-1792
-380
1857
-402
90
-1198
1038
125
-574
606
-53
-421
405
-286
-172
-474
-29
398
-1302
1061
352
715
-303
-226
949
122
-1054
-359
765
56
-940
724
292
99
-276
-213
946
-1448
524
-36
687
-491
-1586
1418
1016
-835
-536
-482
619
211
65
531
-297
-842
132
965
-752
-818
24
243
971
769
-1939
1646
1020
-1200
-1117
-619
2053
426
-944
-1434
591
181
1605
727
-2178
-790
-215
-278
730
747
-301
-245
-101
715
-258
1926
-1081
-1983
-195
1430
1024
-37
-587
-1117
-722
484
2210
-83
44
-691
0
797
-195
-859
-973
507
709
-1188
-22
185
1110
421
-145
-565
-273
-660
1636
-566
-263
1355
-873
250
210
-542
-1350
370
888
589
-664
-969
1409
-383
344
-918
-418
541
-360
1142
1054
-1624
253
268
-1159
479
1247
-566
-583
-290
151
1695
133
-1200
-469
973
188
465
-2540
-196
1879
533
398
-1363
869
100
-923
287
89
-1599
-353
1768
12
-647
-678
1251
837
81
-1535
140
237
-443
635
-542
65
174
840
960
289
-281
-2334
-390
471
118
320
-882
50
2653
-1122
-419
41
885
-564
-932
-65
461
772
-589
-491
32
926
441
-492
-637
378
-698
471
-206
532
-45
161
379
-959
210
709
-141
-1290
7
1188
324
-181
-2127
217
1170
811
1250
-961
-1758
823
721
-643
-27
-944
1426
-6
-235
-303
-880
960
1561
-1127
-327
135
-725
-180
839
-590
-804
1519
1332
-1018
59
-156
-319
802
-1310
127
216
200
124
-599
515
-862
1660
-300
-752
-350
-34
589
395
-861
208
109
-679
656
-293
523
109
-117
-4
-66
23
825
-2058
1342
440
-223
450
-155
162
246
-1668
-208
539
-605
943
702
735
-979
193
-1071
179
-257
-869
2791
-977
-141
-136
-1062
1063
-332
514
669
-881
385
-350
631
-374
-811
269
-424
-651
362
1203
-247
479
613
-1562
385
-240
-716
1373
-118
-499
1129
308
-818
551
-788
-258
592
-1533
481
-493
736
1408
-383
-19
-671
-162
-202
583
-1325
-13
5
1097
1787
-542
-2027
164
1934
-493
71
-123
-111
-910
-812
1131
725
713
-1662
-552
-243
181
1467
-829
-41
1176
49
-916
-172
-369
1219
-408
-897
1668
-1530
416
232
284
506
-1638
-291
22
2296
-213
-886
-117
-669
1748
-532
-1419
949
-466
1167
-459
-802
-5
-454
-185
693
1113
-526
-751
454
664
-1054
636
-355
126
-761
269
1161
-481
682
-982
-331
924
579
-534
-428
-710
-683
812
-24
469
74
406
-19
-277
-950
1158
1270
-937
-1056
444
528
-491
-524
65
-186
1111
485
136
-703
-1338
1263
-942
548
-692
-587
987
233
1421
42
-1608
370
-684
183
114
241
286
-762
906
539
-595
122
-28
642
-391
-1503
388
933
23
25
-472
-299
365
-837
721
551
-489
-157
-635
228
-273
661
-11
161
-332
119
538
685
-494
-329
-1089
253
207
-346
375
376
1753
933
-1142
-928
-652
-102
-131
-193
-162
420
212
515
22
-164
657
-1420
-245
961
-479
-62
-576
146
1219
-624
191
909
-1610
439
81
-267
1842
-1477
-1013
841
1065
165
-896
-281
-779
44
-669
1424
1364
-2080
484
-69
66
1604
-395
-122
-662
-1393
1217
-827
497
1793
-1752
2036
-428
-1260
590
-309
-971
-785
-587
116
71
1772
1699
357
-1525
-826
823
385
-811
-1196
492
919
-20
-123
167
385
-1306
-223
-225
786
2314
-1993
-1333
471
1487
1447
-1354
-704
-1558
174
1679
-678
344
-48
-1474
611
945
86
73
-900
372
574
360
45
-1267
183
533
68
-540
494
-210
-705
1557
-199
-79
-196
-718
377
795
-251
-1628
328
-21
991
151
178
509
-624
539
-1286
133
282
141
-708
768
333
-776
46
937
105
-1432
34
-163
-1046
2453
-472
-427
845
-1378
637
688
-533
-21
171
991
18
-954
-691
616
-139
-357
-809
489
1530
716
-366
-1062
320
-818
-811
818
1098
-952
-1021
56
203
1762
-257
338
-728
-522
32
-789
1151
-66
-46
930
579
-462
-1229
705
-388
-157
1022
-825
-89
-50
373
-38
-304
1408
-772
-560
-345
-707
-383
1180
1116
-326
-1012
-367
1249
689
-471
-212
492
-1000
-1146
845
1244
298
-671
-249
174
-571
91
114
991
217
-685
-779
-50
795
105
-818
633
-892
-864
1582
317
476
382
-2274
-333
1099
1270
-629
-624
83
182
230
-387
246
271
-1119
241
256
-18
-187
237
110
515
-132
-375
266
101
1024
-1041
-912
-866
1514
312
-357
1054
-124
-856
-911
244
1764
-663
-355
-915
105
1892
-542
-1164
478
-277
55
993
-445
-363
46
347
-755
-802
1058
400
1841
-214
-2155
803
345
-704
-657
-346
1184
521
-184
14
496
-125
-2004
-1140
1296
1286
-62
387
-1510
674
545
63
-759
-441
-185
-123
609
885
-30
64
8
-839
-329
-121
1083
204
-659
169
-1767
2174
364
-1170
830
-533
-433
-676
1254
-776
1759
341
-1487
-443
-934
1173
710
-118
815
-1794
-28
-365
734
2238
-545
-1024
-2248
143
118
996
1451
278
-485
-520
-115
265
850
-1474
122
436
370
-1055
-478
946
334
-509
36
175
-841
964
-396
812
396
-1415
-1241
829
474
243
570
-998
-119
343
971
-282
143
-919
56
470
-431
137
363
359
-442
393
-312
-298
459
-796
209
-69
632
482
-187
262
-760
-516
81
472
825
-784
-1374
317
1558
-300
-127
261
-1452
940
-768
302
1035
396
-234
-1321
-864
1356
1397
-1269
384
-6
-398
36
302
-357
-495
1559
216
-308
-717
296
-942
320
-153
728
357
-1733
-43
137
2007
54
-1005
-588
-493
-276
2228
205
-1569
-432
-21
1229
325
-758
-1031
1338
799
228
-1538
-120
-87
313
-242
155
-89
1011
905
-811
-1776
-101
889
716
96
-1861
-828
1369
603
1352
-71
-1260
1301
118
-1116
-72
-754
98
-401
604
-24
850
253
570
-458
-1622
586
204
-1172
1195
468
-1085
354
273
-21
221
1046
-957
-674
604
-327
295
742
-440
-1086
-831
-101
1451
1570
-176
-501
-890
-317
-455
-353
1619
138
67
-673
-338
-68
323
-161
-706
211
936
-295
505
-583
440
-191
-982
958
-849
465
838
-39
-394
469
-258
-324
342
-273
93
-1030
567
633
73
205
-1519
993
352
-283
798
-1440
-534
-208
1031
680
-284
-211
696
58
-368
-280
-272
460
-657
1389
-1056
57
730
-496
152
-56
404
-551
-713
-341
746
664
490
-307
-1285
45
-740
889
1029
-345
1370
-678
-1479
1721
-441
-762
31
-63
331
-816
-404
1093
2
-178
4
66
205
-425
264
599
-574
-296
462
-738
1083
-398
416
-362
-196
-593
371
947
-788
253
-267
36
803
-476
-648
81
291
107
535
-667
-504
797
293
-543
-769
869
451
-663
342
-210
330
-587
1250
-458
-223
-139
-468
36
887
-155
56
-792
-793
1880
-323
553
-94
-1279
-121
558
-244
601
-425
-424
637
390
-482
-455
-206
947
1253
-447
-1985
-88
506
310
1635
-18
-1073
-276
260
258
247
-247
-1757
102
649
591
1150
-764
39
-255
-801
871
-237
-475
-213
116
661
-318
259
376
-186
-229
-206
-420
-185
908
297
-470
-258
-137
1132
-150
-309
383
-906
427
-417
561
-961
-835
1969
1092
-1587
29
-208
-16
1579
-1013
-587
-1195
945
1112
-952
-492
21
1857
-960
-82
735
-135
-1643
-638
801
707
690
-195
-156
342
-255
-407
128
252
-632
-146
258
60
-58
714
-156
862
-120
-2435
93
1500
1892
-1110
-499
-211
-480
-209
609
144
-159
-320
-501
-139
1362
283
-920
-1125
24
1011
1260
-32
-1168
149
-152
-129
856
5
-260
-836
154
1157
-421
-550
-269
373
1296
-390
-1938
-1289
1677
2118
-239
-961
296
-168
-140
659
-1077
-533
-16
947
-91
760
39
56
-540
-779
229
-226
961
-354
-259
-572
512
861
-1101
-838
369
2274
-144
-1301
-1281
1262
1238
-626
-886
55
123
281
325
-567
-57
12
56
500
109
-311
-660
99
-220
448
-208
-372
1504
-1
-603
-164
158
359
-363
-80
99
-408
-193
1022
535
-1421
-99
274
941
-38
-1138
1497
-1465
398
-411
-566
1244
-73
-721
-95
838
35
-532
-176
512
726
632
-1788
1099
986
-894
-941
-281
991
-388
-496
54
901
-349
-367
312
771
-1204
710
21
-693
-252
700
223
-467
403
-817
114
-99
619
387
57
-679
-574
-266
837
378
-129
-83
952
-169
-1439
71
490
40
168
-897
239
679
-311
1015
-239
-297
-145
-381
-194
-992
739
81
420
882
371
-488
-141
-1352
1040
598
-486
-322
-951
-93
572
-66
785
-328
-80
277
587
-372
-634
805
-563
-392
-88
504
-53
-102
16
1084
-658
-95
-484
-328
568
-58
-401
-124
790
1295
-885
-1527
158
1279
260
-1438
-801
626
905
-190
246
274
138
-295
-547
708
-1435
480
663
158
25
-145
21
601
-617
-176
-352
389
200
-479
214
-310
-385
715
834
384
-1455
-631
1218
438
202
-266
-815
-309
112
152
237
616
-398
-324
-65
-241
499
-21
-62
-274
-437
207
21
507
505
-27
-332
-510
-235
-161
848
393
-153
-165
-1613
1173
2083
-1419
-566
410
-581
650
548
-829
0
-458
-368
752
302
425
-97
-546
-147
-528
-496
1015
493
-161
505
-803
36
539
-316
52
-44
383
-390
-324
538
87
103
-854
-534
1302
179
-813
499
193
-750
-426
540
1384
-440
-1273
246
63
933
334
-1692
542
339
-498
447
352
-194
-808
-95
-111
139
876
389
-185
842
-1275
344
-1230
670
1020
-1714
261
618
847
-270
-806
-316
957
-514
573
-1468
407
335
-582
1041
699
-467
-290
-890
1117
421
-819
-675
-13
1507
361
-1304
-450
144
606
335
-199
-376
230
142
-522
-48
219
-290
115
571
11
634
-379
-1005
722
-125
-249
261
321
152
-594
-126
419
167
88
-146
-5
-143
-417
-15
780
-844
-710
1694
-467
142
-131
439
-610
-481
-509
-293
1459
1002
-1328
12
47
757
1191
-1314
-58
101
-1164
599
340
383
-485
-199
-1
-295
357
412
357
-810
-517
173
284
-616
1417
149
-231
-916
183
-90
48
462
-841
-134
830
-518
-90
804
324
-716
-1306
1201
-767
602
456
476
124
-622
-62
-13
433
73
-281
-671
-611
551
-590
1825
436
-1790
1305
-1050
-96
-161
-377
409
437
-218
287
82
-444
-214
-85
533
1678
-1335
-1775
527
2061
-475
-1299
616
-65
698
-165
-369
266
121
-477
-834
915
-452
416
335
-450
-444
154
1483
-527
-935
-10
975
-546
248
22
111
-389
-129
-481
306
648
-368
62
-247
-1359
1619
1761
-412
-1475
-555
118
-40
806
-130
173
32
-83
-75
83
-242
-604
10
-991
1934
567
-578
-158
367
-377
-488
-191
501
307
-474
-362
404
195
514
-384
657
-1451
-131
937
-387
968
-1082
672
591
-320
-474
119
571
-397
-502
436
-459
569
484
278
-1136
-777
909
-789
-38
1726
-861
675
-110
314
-994
-264
354
149
-343
156
474
-304
374
14
-163
-475
-1025
860
567
226
194
115
-7
-796
70
-83
-549
251
89
832
-438
-59
438
-142
136
-802
415
-59
267
114
264
-1143
-344
-576
1137
1906
-561
-893
-546
1051
-340
-223
-521
-629
399
507
426
397
-511
-291
-11
-484
-601
1393
705
-810
-173
-442
44
581
480
-638
-1073
291
1279
716
-1144
-710
-196
483
725
-241
-400
-227
1043
518
-527
-435
-126
-294
-656
771
595
-775
-406
692
779
287
-766
-1315
206
971
247
-731
-275
94
650
1145
-404
-533
-535
94
617
-208
-345
-598
1065
318
-1082
36
555
-237
398
-287
-870
1978
-595
-255
-335
44
94
-233
-608
820
1242
-1586
-336
225
407
842
296
-1133
79
-686
500
37
-252
800
-489
330
-39
71
-52
-1139
-667
2478
8
-1369
-719
2249
-836
-370
-220
-92
368
-476
374
-597
356
261
377
-3
-808
107
91
257
617
266
-923
-146
-134
1530
-1499
-734
1347
-278
-282
-215
450
573
168
-439
-213
54
-536
625
-299
-569
479
421
-622
-162
1088
569
59
-623
-317
466
-659
308
183
-126
531
-922
625
-375
594
-235
-427
-558
-129
490
-239
295
352
738
-720
-472
259
404
-563
89
-492
206
616
-710
857
681
-962
-249
-144
-324
737
706
-554
-223
-203
348
96
-259
-39
-279
114
-603
13
31
10
1063
589
-156
-1564
-429
794
223
76
-94
240
-377
-597
373
773
300
84
-89
-895
-209
-138
604
685
-1124
-467
734
354
347
193
-387
-25
-668
494
-782
1027
-222
-205
113
-841
1395
369
-565
-1294
476
1132
-154
-998
201
-183
299
374
-278
768
-581
21
148
-246
692
-225
-185
-790
-997
166
1697
65
995
-825
-426
-179
23
601
-162
-979
-37
281
1123
139
-803
69
-219
254
-535
205
-391
792
-461
154
-130
-213
456
-277
79
-529
449
719
-510
-77
105
224
-71
-247
-649
641
238
-522
338
603
838
-1155
-730
1075
-170
-491
-66
445
499
-701
-554
65
193
1224
-244
-772
14
-497
434
-567
164
1129
157
46
-785
-292
656
126
-644
-198
454
-375
142
354
45
391
-463
-240
-138
1182
-674
216
-1460
101
765
-576
741
349
221
62
-510
-521
23
364
-417
122
1
45
-295
193
620
869
-815
-345
418
-1410
943
-330
495
82
159
-44
-379
-45
-348
1242
-116
-1075
-702
803
260
173
-59
-608
1134
-447
-224
-22
63
-39
-170
-413
466
115
577
-392
-481
370
-918
261
1406
491
-1422
-621
1291
-488
632
-401
221
151
-1383
655
455
162
-616
-31
-669
1119
198
-1458
771
1298
-1165
271
-128
114
-269
-778
931
849
-255
-543
-7
883
-435
-794
-388
587
487
6
45
-382
9
829
-148
-650
165
-376
-234
-645
707
949
1737
-1535
-826
348
-262
236
-33
156
-228
-230
758
-475
-94
-200
111
288
-343
143
-605
341
-390
-487
2276
555
-1337
-1595
561
1303
159
-584
37
45
-707
195
-370
1032
291
-433
-629
606
-111
-368
-308
767
170
-416
-557
-27
340
366
219
-649
-742
875
709
-98
-613
7
497
-416
260
-572
-667
1047
714
503
-733
-506
52
-175
119
114
78
-136
581
-1220
327
730
-368
835
-732
-211
-322
-170
31
694
-481
62
-290
241
466
-191
-616
1110
875
-752
-1000
0
751
389
-656
190
271
-126
40
-645
608
665
-1433
146
200
-549
556
343
213
-877
307
-360
683
1198
-1628
557
150
-5
-734
216
118
-231
-224
16
528
792
-685
-406
-179
431
43
-129
-108
-229
212
352
82
-41
238
-622
-379
360
-154
553
-117
-607
643
-94
-399
272
567
1018
-1204
-327
-564
1423
-365
-924
298
-472
918
287
-627
351
-348
806
-923
484
-24
-473
-279
792
325
-826
592
-474
-264
-517
510
1263
187
-1036
-605
432
-240
1251
-271
-62
-697
-58
210
-149
606
-44
-291
-137
-284
47
-15
661
458
-636
-342
14
-27
491
-273
-506
349
420
-155
-652
-245
60
508
865
-316
-222
-308
-523
50
824
1169
-517
-1323
367
463
-41
40
316
493
-1625
395
151
354
-240
488
-248
-524
277
145
-391
-13
317
-186
-144
-113
519
458
-516
-28
-418
-134
96
1020
491
-1077
38
-39
196
284
-124
-104
320
-352
326
251
-1260
686
120
257
-823
-53
474
-426
-624
773
-40
665
-567
-337
383
-124
514
-427
-918
1122
821
-718
-1002
681
901
-627
-666
103
937
-656
219
-993
937
361
-213
219
-570
307
723
-349
-537
-283
502
-559
-99
82
46
150
-765
766
688
415
-340
-739
-757
1027
-344
218
151
243
98
-46
1
84
-248
-1277
553
868
-711
-37
-319
538
344
35
747
-432
-493
-142
51
624
-622
-166
-171
-105
631
338
-312
177
257
-712
395
-716
488
-352
178
482
-454
-412
853
-876
719
88
-1187
104
305
1406
-184
-736
-190
939
-781
-308
715
456
-685
-220
177
378
-199
-689
-297
724
443
-354
-117
73
-124
303
-157
-387
267
145
-56
-142
-120
343
-777
63
1395
126
-1358
-80
1043
213
-102
-838
427
-129
277
-337
296
-327
130
-91
270
149
-1046
233
-642
1260
-3
-449
747
724
-298
-971
-506
466
44
-409
369
-418
946
521
-903
328
-1075
1075
1019
-1625
-429
415
838
-257
-243
371
-344
-261
-124
577
-695
-215
1427
-503
-313
-253
235
416
-785
610
32
416
-188
-912
-690
585
1741
-864
-822
-35
992
-418
572
-390
-415
-94
-27
325
101
348
-308
-83
-41
378
-718
253
125
508
-356
-636
450
42
541
-16
-235
-190
-246
1047
-389
-830
330
262
-131
-185
-84
-14
196
279
261
-392
-168
-440
279
328
-172
-77
-44
493
-735
621
-352
613
-14
-492
-90
-170
408
535
-931
470
-61
-195
430
-266
121
-83
24
-7
-495
-162
-72
783
-76
-61
-339
-269
1044
-598
-40
558
-551
-158
71
321
-288
-209
924
-210
-782
780
-201
-244
423
-802
289
397
-344
-217
-100
920
65
-1110
7
345
-94
682
358
-500
-183
-17
148
237
-126
-493
247
285
-699
149
365
-173
84
-95
56
-232
5
770
-88
-36
-33
-321
673
-447
-1223
514
698
339
-669
-406
299
776
469
-730
-340
-298
800
-503
617
-424
-286
-222
18
470
175
143
-761
220
57
-164
-395
769
-187
479
-44
-704
-289
393
1537
-1098
-539
-235
150
656
-628
757
-229
378
-346
-63
117
-376
132
808
-1292
330
657
78
-436
-427
170
192
-4
251
-1
-603
-178
835
185
-267
-351
233
401
-347
-184
-621
601
1465
-571
-531
-126
464
140
-627
-48
210
405
-357
0
-47
171
371
-451
-242
-573
884
315
-1005
363
472
-227
-864
-16
991
-347
-231
130
196
-10
-93
580
-226
-40
-604
432
-302
657
-242
-400
131
288
347
-727
-406
499
497
-960
-342
837
58
-42
272
31
-720
1040
-365
-379
24
-221
587
-56
-4
175
-225
-67
9
82
-560
268
143
-175
1005
-607
17
13
-477
229
246
-97
-69
-1267
1166
1384
-1091
-319
-715
905
-63
440
51
-756
-139
428
-135
521
531
-941
-122
356
-103
-184
-18
150
671
-556
-558
281
154
50
-45
-334
210
380
-400
209
410
-247
87
-309
-244
329
426
-270
-502
464
419
-215
-751
-242
739
231
-165
113
-253
-427
511
621
-231
-257
140
49
-379
-434
-23
111
49
303
165
-93
57
75
295
-113
-1089
-213
1080
229
-701
-182
674
491
-491
-128
310
-347
-304
136
340
87
-214
18
-48
-96
28
120
349
-179
-560
-89
-17
-204
411
678
-350
-492
406
425
-437
-196
-123
36
878
-412
-401
368
266
-19
-452
309
-222
-408
46
529
332
-867
80
462
83
-297
-367
510
39
11
-108
-245
309
-290
324
451
-387
-512
-48
842
137
-79
-408
-210
614
-75
6
-91
-308
-369
102
358
-295
22
157
323
582
63
-1211
-649
1280
73
-537
251
-171
13
-125
497
238
-819
439
-391
-440
887
-214
360
-112
-538
867
44
141
-134
-603
401
-119
-323
346
-9
-247
319
189
24
-852
-367
1113
62
-314
-243
-16
-161
-102
339
-70
316
-258
46
-105
-354
1005
16
-243
42
-240
-37
-357
541
368
-638
10
-119
267
342
118
41
-559
-288
588
550
-989
-180
410
240
-377
260
-168
234
-133
-533
925
-182
-171
84
-271
-314
133
728
657
-771
-497
301
194
24
-239
124
132
-636
230
396
-64
84
-480
462
136
-241
-177
-143
619
-292
77
-144
64
162
-128
-449
257
99
156
-125
-204
161
203
-307
255
30
-496
237
65
-560
545
615
-645
-341
459
125
-121
21
4
-139
-112
37
-35
-32
297
62
-154
16
-302
-36
415
-39
-152
411
-326
-638
211
273
371
317
-42
-645
80
272
156
-71
-34
-38
-213
-229
573
-91
-162
248
-702
207
-174
118
411
129
-506
-6
331
-364
341
458
-224
-433
-152
621
165
-227
-265
130
-19
43
61
-91
-154
29
206
-405
219
204
-366
-386
795
31
-284
-653
382
397
-572
401
405
-290
-198
-214
810
155
-526
-359
69
307
286
-317
-174
64
139
-337
104
470
-63
480
-519
-48
-171
518
-237
-457
242
56
533
-634
-23
185
262
232
-502
12
-65
-197
273
691
-583
-440
495
-85
121
-415
-54
167
177
305
-469
279
381
-112
-315
121
320
-236
-136
-124
147
-45
-182
232
29
-179
358
-423
74
569
-407
105
217
-274
-340
-337
326
20
183
840
113
-542
-520
309
-87
-522
574
232
-67
-177
-466
195
366
-76
40
219
-479
38
406
-422
244
-1
-418
183
-374
-73
953
-14
-230
162
-261
85
-68
-48
-74
261
-318
149
37
9
28
-341
572
190
-347
-458
578
152
-130
190
-473
382
-334
576
-382
182
-206
-148
114
205
107
-178
-140
-237
420
264
-10
-707
-36
328
-88
-208
365
540
-201
-602
-622
1138
339
-361
355
-284
401
-397
-209
110
173
-565
-718
1187
-262
82
-346
231
430
-39
-262
-168
183
-140
-234
-123
177
-64
270
337
-444
-8
542
-143
-499
-64
499
44
60
-356
-147
91
190
-51
-61
359
112
-995
125
824
509
-833
-331
560
-253
19
-397
477
309
1
-126
-433
-170
472
425
-541
-310
163
571
-371
-107
358
218
-314
-870
493
823
439
-622
-552
91
158
223
-213
-212
314
23
-130
-437
287
598
-606
-543
405
267
-517
118
744
-116
-176
-74
127
-114
-352
-427
334
451
344
352
-186
-176
-79
-64
-40
121
-165
-189
-52
-155
634
220
-263
-206
171
63
-424
123
-239
205
124
40
-389
157
413
330
180
-578
-10
-229
-256
335
81
-193
234
22
-408
396
794
-415
-418
-164
63
339
-94
-102
-111
-188
-56
157
-429
579
256
41
-188
171
-533
-542
309
636
-25
-618
19
252
274
-246
77
526
-156
-260
-502
194
391
346
-317
258
-301
-261
27
552
66
-730
-276
302
138
106
-538
290
316
33
197
-205
-270
-14
248
132
-84
-437
437
-36
130
-21
-5
62
183
-814
-45
692
-6
-60
-337
-323
191
392
359
-346
-587
32
728
-63
-400
-283
478
354
-468
15
86
692
-288
-551
7
427
-330
293
115
-144
-212
-496
102
-96
649
-161
-269
79
-187
-346
296
435
-183
245
270
-470
-3
-88
114
425
-360
-371
297
525
127
-114
-283
-482
-73
170
477
-10
-464
76
28
12
-175
-214
409
-7
186
-16
-123
144
-50
213
-238
-366
-58
215
-486
100
454
905
0
-786
-781
907
288
-369
110
-425
294
253
-341
157
215
30
-133
68
-193
35
-42
-263
-21
-195
260
116
-297
582
82
-228
-135
-22
-20
-107
262
-120
363
-21
-9
-299
128
-4
-52
-267
485
135
93
-691
-493
421
14
869
-235
-415
-97
282
-218
-16
118
-161
10
-317
495
298
-57
-350
42
194
86
-105
-165
-49
5
-95
298
-203
-247
133
108
255
342
34
-572
-312
44
331
148
-48
-102
-74
170
-221
394
125
-100
-465
-15
202
-530
479
843
-483
-384
-200
417
431
-138
-247
-352
344
-178
-139
-2
17
529
79
-474
-100
310
-95
124
-208
-11
20
-470
209
241
114
154
111
-225
-46
18
167
77
-96
-600
81
187
208
-297
19
683
-220
-618
264
606
-15
-148
-29
-8
-12
-281
-191
89
303
138
-140
-382
-137
207
713
-337
-147
46
70
-303
-124
-199
547
272
-789
-37
265
721
-271
-351
207
-42
-304
12
111
241
-84
82
-59
-220
40
78
-23
-300
31
335
22
-279
-273
756
158
-225
-196
-830
-219
454
903
-48
-194
-301
53
455
-253
20
208
-390
-367
110
190
287
-162
239
203
-423
-80
31
303
218
-107
-81
-61
-499
473
-55
43
148
-471
237
528
-466
37
89
-17
126
-529
-281
642
238
-426
26
-219
419
-67
-573
339
160
109
-257
-168
58
69
327
235
-154
-81
89
-121
147
-76
44
-33
-380
-180
207
394
228
-481
-267
146
171
-262
29
82
300
-652
-39
896
-383
-102
51
506
-90
-449
-64
225
48
292
-376
-213
145
85
362
-310
-355
68
484
162
-487
-357
379
-57
110
48
-25
258
-693
130
526
103
-474
-95
-231
454
629
-158
-351
-104
69
-326
400
223
-63
-32
-423
134
-111
202
432
-506
-342
152
-178
409
9
-107
-91
74
410
-31
-9
-281
-454
295
204
-246
134
482
-72
-195
-239
227
318
-262
-256
-110
317
154
-178
32
6
-759
311
175
21
799
89
-1001
-50
525
106
-73
-209
-76
-29
-8
-107
333
4
49
56
168
-370
-380
457
-146
106
-265
-201
379
115
-112
139
-59
-212
-74
-139
310
530
-77
-479
181
296
-370
18
189
98
-442
1
244
276
-407
-261
400
166
-163
-322
283
299
82
-329
-173
-62
58
-220
180
148
-106
486
-90
31
-166
10
126
-226
-143
100
124
133
-152
-276
316
-50
112
-109
-332
128
1
-140
210
491
-229
-29
-248
186
230
-75
-180
-308
-40
64
377
38
132
-122
-582
178
249
211
-121
-360
-102
-32
-28
99
628
252
-444
-395
78
518
-124
48
-482
-44
123
163
84
-135
-9
70
210
83
-205
-468
134
138
132
-221
67
196
-149
-13
-119
140
-63
149
83
-120
-17
66
89
-537
262
461
151
-61
-519
-151
167
272
-98
39
-218
-179
25
391
238
-296
-32
-249
356
44
-370
-84
498
-268
239
-152
-313
346
333
245
-538
-395
99
292
384
90
-225
-228
-41
184
203
-187
-680
171
453
71
28
87
-51
-41
-425
-45
-478
544
394
-202
173
-232
285
224
-333
-310
99
-28
142
-254
246
660
-30
-331
-612
436
471
-75
-276
-194
174
-119
227
250
-440
-393
184
122
203
-314
132
105
-52
120
-41
301
-152
-347
-118
110
198
71
84
-189
165
-214
46
71
-479
37
247
620
39
-427
123
22
-83
-102
-47
-4
112
-159
-120
395
-244
115
-144
-171
-1
166
-80
96
-202
-117
598
-13
-102
-172
-107
323
-141
-94
-27
59
145
12
-234
-202
227
174
96
-96
-212
97
-32
93
43
-196
-89
-198
-79
174
405
-202
-307
388
173
85
-203
-320
-81
278
339
-274
-139
-4
204
186
-89
-336
-82
238
-127
64
-205
-379
466
692
-565
-128
248
223
-96
-113
132
-117
-269
40
121
62
59
60
-8
-47
141
42
-196
66
-37
23
-123
-40
-312
316
110
119
237
-367
-340
-149
395
392
113
-418
-115
108
164
132
143
41
-396
-398
269
388
-38
-170
154
-215
-136
366
-104
-47
-111
32
75
-65
-401
138
135
354
111
-625
-152
524
7
-59
235
108
-236
-153
85
384
-97
-424
164
-57
184
168
74
-142
15
-288
-29
314
-43
-127
128
-72
131
98
-264
-294
61
268
-44
-239
155
134
-36
225
-86
-198
36
-163
220
260
-327
-110
-84
-5
80
304
453
-415
-315
118
80
5
14
-69
259
-387
-59
-92
178
267
-294
-122
192
232
-86
-200
-175
147
136
-364
-88
226
559
-21
-308
-223
-366
411
251
-3
-91
-292
301
-144
-111
160
-251
238
39
147
201
-539
83
146
-14
-128
-387
265
243
54
145
-207
-2
40
-134
-98
-188
237
-44
227
-27
140
17
-65
-65
-145
-24
80
64
134
-115
-328
296
327
-88
-126
-231
90
-122
-113
238
207
-7
-216
-65
179
248
-84
-58
-29
-160
76
41
-60
81
303
-166
-175
255
-196
-192
-67
184
355
-201
-189
131
-63
-4
331
128
-225
-198
-111
-222
299
284
-99
-198
93
-109
-53
41
7
434
97
-269
-211
-315
271
349
81
-490
-137
122
80
140
-104
62
39
-229
178
179
-30
-125
-248
262
185
-237
-47
48
224
-144
225
-48
-454
94
256
-62
75
96
-201
-23
7
258
151
-173
-194
-172
-49
154
-139
265
55
-5
-96
-60
-73
-152
268
-29
-86
346
152
49
-176
-69
191
-95
-190
36
79
42
-208
-126
25
90
124
-78
-143
-45
219
-69
-217
-85
91
140
481
-144
-16
-46
-98
90
-60
96
63
-165
-148
-72
148
348
-19
-198
-105
-7
-3
6
-97
-91
92
96
9
182
-116
130
-22
-123
-147
-119
198
188
162
-154
-113
-147
17
333
44
-183
-258
-39
550
140
-227
-310
-95
364
-193
-152
278
27
157
-122
-199
17
49
3
-239
58
221
-141
-330
71
563
361
-376
-200
-126
69
70
194
98
-328
-293
79
258
63
33
-212
-97
-150
87
656
-123
-209
-221
15
46
13
130
18
-41
-160
-35
143
142
-26
-236
-84
248
-99
24
-59
-123
144
254
164
-99
-135
-167
83
55
134
-59
-85
-184
-155
92
144
129
60
-15
119
-359
-253
393
175
23
-514
149
326
-90
154
-15
52
-195
-238
-11
-48
101
237
-35
82
-122
-50
-228
232
281
-72
-79
-198
-43
83
233
-98
-162
-68
-41
73
116
113
96
-69
-160
-46
350
153
-219
-168
-53
74
-75
-87
36
246
160
39
-519
-99
385
66
-61
-212
-82
126
125
-33
49
8
88
-264
-97
98
157
87
-392
259
464
11
-323
-144
182
309
-137
-317
-166
25
253
97
-247
45
13
-24
53
-74
133
-88
-50
-143
-48
129
234
32
-55
-148
41
188
-131
-13
38
166
42
-277
97
123
27
-68
-27
-5
-112
157
72
-132
-199
-177
182
291
-71
-11
-234
-158
300
39
133
-192
-27
89
30
97
-61
-197
0
63
206
-72
-22
-27
-41
125
-140
122
-79
125
-113
-90
-29
52
58
116
-155
-53
64
-40
-31
7
185
94
-313
-92
253
137
-174
-75
109
20
45
-88
-76
102
-28
-2
-73
-33
30
70
77
-33
129
-35
-254
-153
133
26
-91
369
72
-194
37
84
119
-53
-117
-71
-73
48
-1
-108
87
5
-39
59
104
71
-92
-138
-117
-178
-71
181
335
82
-115
50
-74
351
-197
-64
-91
-40
-202
-162
330
275
93
-58
-183
173
91
-90
-262
-314
9
60
90
294
278
89
-227
-97
186
27
-322
-384
7
226
62
63
250
31
-254
-38
73
7
-450
79
671
-128
-432
-187
438
169
40
8
-63
-49
-182
-22
20
38
54
73
10
-122
-218
169
270
-69
-195
115
40
-158
-86
111
46
-84
-11
-42
76
182
-5
-5
-46
-274
90
164
82
-69
211
-86
-122
40
102
287
-274
-78
-68
15
31
-125
-106
77
-77
98
127
166
-117
-159
24
-62
-100
146
252
27
-176
-42
100
84
-73
1
102
-7
-122
3
-13
130
20
27
137
-325
49
-80
-347
99
448
123
-115
-77
124
112
-13
-141
-95
-90
-78
1
235
237
62
-167
-201
-10
-92
41
-56
100
157
-145
-107
-81
95
116
227
-207
104
-69
142
7
-151
54
-61
-8
11
199
-39
13
-98
5
2
129
-203
-247
102
59
-72
-103
277
136
-127
-9
-214
39
53
-42
143
92
44
34
64
27
-24
-211
-54
34
-23
77
131
51
-57
-94
-278
2
67
358
-66
35
-58
-74
-104
50
-67
-122
55
84
31
-31
100
50
-151
47
29
-57
-164
-4
220
20
-38
84
90
32
-205
-39
-45
-47
27
24
13
-113
11
88
96
-106
72
7
202
-296
32
142
10
-23
57
106
37
6
-117
-213
12
34
-9
142
141
0
-143
-215
45
-50
-22
33
-2
239
-153
-222
239
214
106
-202
-235
54
167
160
-79
-98
-87
-77
62
106
180
26
-48
-154
-132
108
-41
-27
-69
-124
120
106
81
30
82
97
-119
15
-5
-59
98
16
-113
-101
-6
53
105
-22
-29
66
39
5
-186
-81
6
-23
13
-125
199
298
-89
-3
206
-75
-248
-120
-59
-52
52
197
71
111
-117
27
63
-60
-282
46
160
-46
130
-75
110
25
-111
-28
64
-86
-25
-77
-42
200
40
-14
-88
74
-137
-42
168
47
-131
81
-175
-116
252
57
177
-28
-69
-208
6
-1
162
-11
-40
-82
-58
160
160
112
-126
-184
-175
112
70
-47
28
-51
81
-6
-256
269
157
-166
27
-62
63
56
-102
-83
-73
144
-34
-100
131
88
126
69
-9
-63
-73
-16
-138
28
90
-42
-2
-102
27
166
3
-123
-82
42
10
29
50
25
35
-28
-121
-107
104
101
87
66
-161
-19
-12
-19
92
-217
15
295
70
8
-131
-75
50
-53
3
17
-77
-110
-68
106
134
27
96
-18
-174
51
109
56
-74
-143
82
-17
183
231
-188
-83
-45
15
50
-93
-81
-65
0
7
11
76
213
33
-243
-53
35
20
37
-228
-93
439
231
-182
-84
-53
17
84
-102
-107
-94
-7
175
113
13
-105
-137
-6
99
-24
-9
-30
-81
145
-46
25
187
71
-19
-188
85
163
52
-53
-128
6
-33
-24
-31
94
141
-83
-142
-92
14
34
-40
23
56
-39
52
108
-62
-44
-47
-32
116
28
42
-8
-119
32
-17
24
82
29
20
-198
-18
83
-268
-96
158
148
206
74
-91
-67
-34
-20
89
81
-119
-111
-93
-5
159
159
146
-82
-53
23
-70
-74
-143
126
-87
9
10
5
315
166
84
-467
-70
55
236
-51
-77
-50
-33
-42
-24
295
143
1
-259
8
-107
-48
28
-20
-43
76
116
29
20
99
-3
-147
-193
-44
80
77
-81
-23
227
-24
-170
22
42
90
-31
-101
-18
72
120
45
-9
-64
-34
47
21
-24
15
7
-108
-74
-9
29
81
-25
-16
-4
-52
63
66
-110
-120
107
47
18
233
85
-82
-96
-96
-2
98
67
-87
-29
56
171
131
-245
-85
10
-116
50
88
201
0
-165
7
121
143
-18
55
132
-26
-195
-32
115
34
28
-114
-91
-80
-26
43
-81
-31
-4
-8
-118
-162
-16
-15
-8
28
28
123
137
3
-91
-80
48
-2
-96
-63
-66
71
-13
-92
110
55
40
22
-37
7
-119
5
59
-78
-9
39
221
4
-8
150
-74
1
39
-20
-94
-51
-80
72
-5
155
65
126
-61
-200
165
-78
-141
25
50
-41
97
-20
64
11
-7
51
-35
41
-85
-201
-37
83
104
37
24
-85
-13
104
-114
114
-73
75
-12
-49
68
-10
81
-74
-16
-104
28
101
-1
82
-10
-42
24
-109
44
-61
-163
6
171
67
40
-118
114
45
64
-112
-94
52
82
100
3
43
9
-87
45
-11
-8
57
9
-54
-65
9
123
78
-90
-68
13
28
99
-77
-3
-47
-60
49
-12
42
-149
53
-140
10
102
-63
-57
56
138
-36
-64
-66
96
-7
77
64
14
98
-108
49
-16
9
28
-108
-198
-54
43
134
9
9
30
43
-29
-147
-52
111
12
-79
1
95
76
57
99
-171
-99
-114
143
65
56
-80
-1
16
-57
-1
-39
22
-20
-25
-60
26
53
135
-90
-80
-110
98
119
-79
-83
23
18
31
-8
-115
124
164
-26
-36
-7
132
-47
34
57
-215
-113
5
128
122
-78
-155
-21
117
40
-50
-16
-18
-4
137
-12
-133
6
66
93
-16
-111
-95
-41
69
70
-1
-9
6
-2
46
39
5
59
-95
-33
158
78
194
34
-174
-125
-110
120
131
51
13
-93
-74
-64
4
23
-25
5
8
28
82
74
111
18
-113
79
94
-71
-1
139
140
2
-81
-49
-12
-51
-121
-61
28
-30
-162
-66
62
-61
15
56
-56
-12
-27
47
112
68
-54
-187
-134
28
183
64
-137
-166
198
224
-79
-100
-147
73
95
40
-115
-78
-58
0
83
-21
10
-84
108
176
-22
-24
-47
9
74
73
-70
-54
-10
56
94
51
2
-46
44
15
45
-97
-67
41
-44
82
56
-71
-126
-75
-55
135
16
1
6
-74
48
53
23
-18
11
-27
-22
-71
117
71
1
9
-85
146
18
-33
-34
-54
86
-20
-28
-24
52
-29
-99
-11
-21
9
16
-24
-62
12
-16
53
48
25
68
8
30
0
198
141
-5
-93
-119
48
-51
74
127
-7
-6
-45
-120
-64
-61
71
16
-42
7
-61
152
214
-82
-9
-126
-9
39
49
42
27
-23
-77
6
69
32
-57
-85
28
44
-47
-15
110
13
-136
-97
22
51
-3
-41
-45
-40
-6
37
-5
-35
114
156
-50
-92
66
56
-40
-5
-18
-47
-6
22
108
93
-48
-122
-38
4
2
37
-3
32
-34
-17
53
-75
-84
2
137
101
-59
-47
60
-5
-73
-1
-74
0
-63
-71
46
59
161
29
-4
-60
3
31
-43
-111
-17
5
-39
-94
55
184
33
-1
-65
1
-56
-5
4
-135
-57
-54
63
81
129
141
-1
-69
-96
40
42
36
-50
-40
40
-30
-53
22
141
109
-79
-58
-10
-9
0
-2
-27
-31
69
-2
-48
-35
167
157
-22
-54
-70
24
9
-24
-12
-34
-67
-37
121
125
-37
-55
17
0
-53
-137
-37
1
73
-3
-72
86
137
130
-2
-79
-60
-4
-20
-84
1
9
12
-18
101
65
18
60
-3
-90
-51
13
-41
-60
-59
-13
81
75
49
145
54
-19
-12
-6
-27
-58
-3
-29
-68
-5
69
125
47
-67
-131
-29
160
-15
-43
-5
9
54
35
-5
-46
5
-10
52
23
-24
-29
-152
1
53
64
26
-35
34
-13
-8
13
19
-24
-43
-87
-107
80
149
68
10
-47
55
45
-8
-8
-25
-39
-48
-61
3
115
90
34
-24
-76
-5
75
-10
-84
-50
-21
-13
-86
-16
141
89
-22
-61
7
58
-33
-15
-31
-56
-87
2
38
64
50
-30
16
44
110
-5
-46
-78
-72
20
0
-13
21
26
4
-11
-15
51
76
-65
-98
-28
1
4
-7
4
22
-11
-14
33
21
46
82
4
-39
-21
-51
-41
59
75
29
-22
15
48
-21
-33
-38
-70
-98
-24
5
40
-12
1
58
83
35
4
-31
-33
12
25
10
1
22
37
-25
-7
77
75
2
-49
2
55
-16
-62
-53
-42
-22
-5
31
32
42
30
-23
-24
-19
-1
6
7
20
35
61
13
-16
11
32
36
-16
-56
9
47
-34
-32
10
16
8
-31
-18
-20
-57
-40
23
30
-1
3
3
-8
24
28
-29
23
68
8
-40
-52
26
71
48
2
-15
18
23
-5
-72
-21
49
-7
-16
9
2
-23
-22
2
9
13
-7
-35
3
28
-8
21
40
29
53
0
-51
-24
17
44
-22
-27
59
15
-50
-20
7
10
32
32
-13
-27
-19
-26
-25
-10
14
27
25
7
-5
5
24
11
-17
6
11
-20
-21
-9
15
11
3
29
32
47
17
-73
-76
0
29
-28
-37
-13
-39
-5
44
25
4
2
-18
-3
10
-22
8
24
14
1
8
24
-16
-8
11
-6
-27
-3
-10
-71
-26
5
-7
15
6
25
29
6
4
4
43
33
-19
-7
6
-2
30
67
32
6
21
-4
-14
-10
-22
-28
-56
-21
36
1
-21
3
39
32
-24
-23
-10
6
43
25
-15
-28
-1
15
-12
-17
19
34
-1
-22
-38
-46
1
36
9
-8
-17
-32
11
38
-1
8
50
10
-56
-52
15
81
61
0
-21
7
40
40
22
-12
-11
2
6
0
-11
6
-3
-11
-3
-1
0
18
42
6
-9
-5
2
30
9
-28
-16
16
43
26
-34
-32
20
45
-4
-82
-43
20
21
-14
-33
-13
9
9
-27
-38
-21
18
31
-22
-23
21
29
4
-2
11
2
-36
-38
9
20
30
27
-21
-23
11
18
-1
3
19
-4
-42
-40
-6
37
33
4
31
53
54
38
15
29
21
-12
-43
-55
-10
24
-13
-35
12
59
37
-12
1
25
1
-21
-30
-10
6
7
26
40
18
-10
6
2
-32
-24
-7
10
23
-5
-58
-63
10
49
-10
-48
-36
1
6
-24
-1
31
58
54
-16
-39
-19
21
16
-29
4
19
7
-1
-30
18
69
53
29
-8
-6
21
14
-5
-29
-30
9
8
-29
-31
-11
3
0
28
43
8
29
52
6
-10
8
3
0
-10
-25
-6
25
23
11
4
-19
-45
-45
-13
17
20
14
-17
-35
-7
3
3
-12
-39
2
15
-2
-4
1
6
-20
-6
11
20
27
32
27
-4
3
5
-7
-16
-9
5
7
18
-35
-55
-2
32
-9
-51
3
25
11
26
23
21
26
40
14
-29
7
21
-8
-18
-17
21
7
-32
-11
3
22
13
-13
-4
11
-2
-18
3
11
14
-10
-26
14
23
6
-19
17
66
37
-8
-39
-37
-17
-2
2
-13
-6
30
14
-26
-5
28
6
-42
-28
3
2
25
6
-17
14
13
-19
-18
11
9
-14
-20
-29
-27
11
4
-13
46
49
-14
-15
8
-12
4
37
25
-4
-11
26
25
-7
14
40
15
-33
-23
10
3
-16
-2
14
5
7
24
18
-12
-17
-17
-16
-3
-1
5
13
20
-13
-30
9
20
-2
-18
23
43
2
-15
-14
-16
5
35
19
10
18
-9
-29
-8
0
-19
10
8
-19
15
23
11
35
47
14
3
1
-47
-63
-15
10
-4
-1
12
-8
-11
12
15
12
11
24
7
-12
-3
7
13
-11
-26
-10
-5
-5
10
28
30
26
10
-1
-7
-7
-19
-24
-16
-28
-13
4
12
-18
-21
-12
17
18
6
15
16
2
2
-7
6
33
37
34
-16
-39
-22
6
-14
-35
-4
26
8
-28
-4
16
6
-20
-8
3
21
38
3
-19
5
21
23
3
8
12
44
21
-16
-25
-19
-1
3
2
2
-5
-22
-13
4
9
2
3
-4
-28
-29
-19
-17
-10
10
24
34
-5
1
9
22
30
22
10
-8
5
7
4
-8
-2
5
13
22
16
1
-13
-2
-8
-5
1
-7
-21
-31
-3
0
0
-5
-10
-1
1
5
1
4
-9
-6
10
11
16
7
7
-8
5
11
15
24
8
15
17
5
-20
-1
11
-3
-18
-3
-7
-26
-6
12
23
7
-2
-3
2
8
3
-4
-24
2
11
3
0
5
8
6
1
-9
-31
-18
3
-2
-7
3
18
16
11
11
5
8
17
22
16
13
16
26
19
14
25
16
7
-1
-17
-18
-19
-18
-22
-11
-2
1
-2
-31
-38
-31
-5
10
-8
0
0
-10
-3
5
13
3
2
10
7
25
25
-1
-11
6
10
-12
-33
-38
-25
-14
-13
-16
2
30
37
26
9
12
26
28
1
-10
7
25
18
0
6
17
25
7
0
1
4
-6
-24
-28
-24
-5
3
2
-2
4
11
3
-3
-4
8
13
14
2
-3
3
17
19
14
11
9
7
-4
-18
-28
-17
0
0
-15
-20
-18
-15
-11
-4
9
17
7
-12
-20
-1
26
37
24
8
4
7
-3
-16
-15
-3
4
-3
-12
-8
3
6
1
0
5
3
-3
-14
-14
-1
23
30
21
15
14
11
-4
-10
-9
3
4
-7
-20
-20
-6
-3
-6
-3
17
21
7
-7
-3
13
19
11
3
7
10
2
-9
-10
2
12
8
0
5
15
12
-5
-13
-8
0
5
-7
-26
-27
-17
-17
-19
-3
5
-2
-10
-6
5
12
11
2
-3
6
11
1
-4
5
8
-5
-10
3
12
-2
-22
-25
-11
-6
-3
9
20
23
20
13
3
3
12
6
-5
4
19
9
-4
7
23
23
10
1
1
6
-4
-17
-17
-4
1
-4
-5
1
11
17
12
4
10
18
12
2
1
8
8
4
-3
0
11
20
15
3
4
6
4
2
4
6
8
2
-6
-10
-10
-11
-6
6
8
-3
-10
-7
-5
-3
-1
-2
-1
0
-4
-14
-7
13
22
9
1
10
19
10
-5
-3
-1
-1
-8
-11
-3
8
21
0
-22
-13
-7
-11
-18
-5
9
6
6
3
3
10
17
19
18
29
34
16
2
-2
6
2
-8
-14
-16
-9
-13
-16
-3
0
1
2
-3
-7
-11
-2
-1
-8
9
14
8
4
2
1
0
7
13
12
12
6
-5
-14
-16
-16
-13
-7
-9
-12
-12
-12
-7
-1
13
7
-1
5
2
-1
-1
12
15
7
4
0
-4
-4
-5
4
15
16
11
-2
-12
-17
-13
-7
-12
-7
4
3
-9
-14
-1
8
4
-7
-11
-7
5
12
15
22
27
23
15
10
9
3
-4
-3
3
4
1
-4
-5
-1
10
17
19
20
18
11
3
-2
-7
-8
-2
5
3
-4
-12
-10
1
7
3
2
7
6
-1
-1
5
12
13
8
4
3
1
2
3
7
12
14
8
-1
-6
-5
-3
-7
-7
-3
-1
-5
-7
3
10
8
7
10
11
5
3
9
12
6
1
-2
-3
-2
1
-1
-2
0
1
-1
-1
11
22
19
-1
-13
-11
-5
-8
-16
-18
-4
16
18
1
-5
0
4
6
9
11
13
17
17
11
7
3
-5
-11
-10
-13
-14
-12
-7
-4
1
6
8
6
0
-5
-3
0
2
4
6
5
1
0
1
2
4
5
0
-6
-8
-3
6
6
0
-1
0
-3
-13
-18
-14
-4
0
-2
-4
-4
0
-1
0
1
3
6
3
-7
-14
-10
0
5
5
6
11
12
7
2
6
10
11
6
-4
-11
-14
-11
-6
-2
0
-1
-3
-3
-2
-3
-4
-3
3
10
13
6
-3
-4
0
5
8
12
12
7
3
1
3
4
1
-1
-2
-4
-7
-5
7
19
21
13
3
0
-3
-3
-6
-5
4
10
10
9
10
17
20
16
9
3
-2
-9
-15
-10
1
9
9
3
-3
-4
-5
-4
-1
2
0
-2
-1
-1
-1
2
11
17
16
11
3
-3
-3
2
6
5
3
1
-1
-5
-5
-1
5
5
2
3
3
-3
-9
-7
3
7
3
0
2
2
-1
-3
1
4
1
-6
-10
-8
-6
-6
-6
-4
2
8
8
5
2
2
6
10
10
7
3
1
1
2
0
-2
-4
-2
-1
-2
-3
1
6
7
3
-1
-3
-2
-4
-2
2
8
12
12
10
8
6
0
-6
-8
-6
-1
-2
-6
-7
-1
7
6
0
-1
1
2
0
0
6
10
9
2
2
-1
-3
-5
-5
0
6
12
17
11
6
9
7
-1
-6
-8
-7
-4
-5
-9
-8
-5
-2
3
7
8
6
1
2
6
9
8
5
4
2
-2
-3
-2
4
14
15
9
7
9
5
-3
-5
2
4
1
1
-3
0
6
6
6
10
4
-2
-3
-9
-16
-16
-16
-16
-9
-3
-1
-4
1
3
0
0
-2
-2
0
-1
-2
4
11
14
11
8
5
1
-1
-2
-11
-20
-21
-14
-2
7
2
3
16
16
11
13
4
0
8
9
5
1
-3
-2
3
4
0
-5
-11
-16
-8
1
-1
1
4
1
2
1
2
4
5
6
-3
-5
6
3
1
11
11
2
2
-4
-9
-1
5
-3
-2
16
27
23
11
2
6
7
-9
-9
-1
-7
-7
-2
-3
6
21
21
9
2
2
-2
-1
-4
-11
1
1
-10
-5
1
2
9
6
4
4
-3
-1
3
-4
-3
-1
3
7
7
3
1
3
7
7
4
0
0
4
5
3
4
10
11
3
-3
-1
0
3
6
2
2
6
7
8
6
6
6
3
-2
1
2
-4
-4
2
-2
-9
-3
0
-5
-2
3
4
1
0
-2
2
3
0
-3
-2
-1
0
-3
-3
1
4
6
-2
-3
7
9
2
3
3
-1
-5
-12
-13
-5
0
2
4
3
-1
3
11
11
7
5
2
-4
-5
-5
-2
1
2
2
0
0
-1
1
5
7
4
2
-1
-4
-6
-4
-2
-1
1
0
-3
0
8
13
16
18
13
6
2
3
1
-1
-1
2
8
12
