3
10
9
11
19
9
9
26
27
27
36
32
29
39
50
65
77
74
69
70
67
56
42
34
25
21
10
-8
-20
-34
-50
-37
-16
-12
13
35
36
55
73
80
94
98
98
93
82
73
63
53
49
44
30
16
6
-7
-25
-16
-6
-30
-35
-28
-41
-44
-37
-28
-25
-18
-13
-31
-28
-13
-19
-27
-45
-62
-57
-34
-22
-32
-39
-50
-65
-65
-71
-70
-57
-50
-54
-50
-47
-43
-44
-50
-54
-53
-45
-32
-22
-28
-24
-16
-3
-9
0
16
29
16
31
37
43
69
62
78
83
66
54
76
74
74
82
94
97
104
105
114
105
96
104
95
81
82
88
89
88
85
76
79
70
68
72
69
77
70
62
61
49
32
38
30
26
1
0
2
-10
-21
-29
-25
-25
-38
-31
-36
-51
-79
-94
-86
-85
-82
-85
-94
-96
-99
-97
-93
-89
-96
-105
-103
-101
-117
-126
-121
-117
-130
-145
-150
-154
-149
-121
-111
-113
-97
-99
-102
-90
-94
-81
-61
-53
-36
-31
-20
-4
2
-1
1
27
54
57
65
77
90
95
96
102
103
111
138
149
143
158
160
163
187
179
180
190
193
205
193
181
192
195
190
192
192
194
211
200
191
200
183
183
180
164
161
142
126
116
103
81
46
30
5
-14
-21
-53
-78
-101
-127
-139
-140
-134
-135
-131
-137
-145
-133
-134
-144
-157
-171
-182
-186
-190
-200
-217
-235
-247
-251
-255
-260
-274
-283
-294
-300
-308
-321
-306
-299
-307
-312
-292
-275
-282
-268
-254
-218
-184
-179
-144
-94
-83
-68
-34
-9
19
47
75
101
129
161
176
206
224
221
237
268
296
313
343
349
352
362
354
343
348
351
343
345
333
338
335
340
330
318
309
327
326
294
279
269
238
224
216
206
189
194
177
164
133
117
100
98
84
68
61
42
6
-31
-63
-97
-143
-166
-191
-225
-267
-298
-307
-339
-360
-406
-443
-456
-499
-523
-551
-575
-609
-645
-671
-687
-692
-712
-724
-744
-741
-751
-765
-750
-754
-756
-733
-712
-701
-672
-639
-588
-543
-525
-456
-382
-300
-204
-131
-44
27
110
213
296
391
463
548
637
691
755
787
832
889
896
914
945
948
954
966
965
962
946
948
925
874
849
816
796
752
711
690
659
626
590
582
549
502
487
465
444
430
405
379
358
319
282
261
241
199
149
120
93
51
18
-24
-76
-125
-177
-231
-286
-336
-401
-454
-496
-534
-571
-615
-635
-681
-711
-733
-765
-780
-812
-828
-852
-890
-920
-969
-1003
-1018
-1052
-1071
-1084
-1133
-1160
-1203
-1242
-1274
-1315
-1314
-1328
-1306
-1269
-1209
-1112
-1017
-887
-758
-589
-403
-168
88
312
551
730
876
994
1080
1158
1215
1242
1235
1210
1185
1172
1163
1168
1145
1110
1081
1055
1060
1036
999
955
895
856
796
750
719
673
648
612
593
596
593
592
590
604
617
634
652
641
641
650
657
659
649
629
599
584
556
515
478
406
344
284
227
163
90
19
-79
-174
-277
-363
-440
-519
-594
-672
-706
-728
-736
-765
-791
-813
-847
-845
-849
-847
-863
-895
-898
-914
-918
-942
-987
-1009
-1054
-1092
-1141
-1195
-1250
-1339
-1398
-1451
-1518
-1581
-1631
-1679
-1711
-1684
-1644
-1568
-1455
-1349
-1197
-1004
-785
-505
-208
72
336
565
780
976
1154
1282
1345
1369
1344
1327
1319
1297
1278
1224
1164
1114
1074
1054
1029
985
919
841
768
714
661
613
558
500
451
414
398
383
391
395
405
437
461
509
556
591
633
667
706
753
796
820
847
890
926
942
957
958
929
898
865
821
753
646
535
436
330
231
135
29
-74
-171
-256
-318
-371
-429
-490
-540
-572
-596
-621
-628
-647
-684
-695
-694
-711
-730
-744
-764
-774
-783
-796
-803
-839
-883
-908
-953
-1003
-1056
-1127
-1208
-1311
-1397
-1465
-1534
-1604
-1697
-1784
-1855
-1930
-1997
-2048
-2060
-2043
-1999
-1903
-1779
-1614
-1393
-1096
-756
-424
-86
229
530
832
1108
1357
1542
1641
1682
1694
1690
1689
1667
1593
1486
1378
1297
1264
1244
1197
1136
1059
972
901
845
795
728
650
557
480
455
439
434
434
420
433
453
504
572
634
709
744
782
835
873
927
979
1020
1045
1063
1094
1136
1173
1201
1193
1139
1050
953
869
768
657
524
367
198
34
-85
-185
-286
-397
-519
-616
-649
-642
-635
-640
-678
-691
-681
-681
-676
-681
-690
-699
-716
-733
-751
-762
-785
-834
-871
-887
-926
-984
-1034
-1113
-1215
-1299
-1375
-1452
-1533
-1615
-1701
-1770
-1835
-1905
-1976
-2070
-2152
-2228
-2293
-2323
-2337
-2321
-2277
-2180
-2005
-1754
-1440
-1094
-723
-361
-12
374
772
1140
1496
1800
1981
2073
2124
2173
2196
2169
2117
1982
1817
1688
1579
1525
1453
1348
1225
1107
1029
966
923
866
778
658
577
533
506
494
465
459
452
483
560
638
721
769
818
874
920
980
1051
1121
1179
1229
1267
1310
1362
1403
1419
1382
1312
1229
1140
1055
930
758
597
435
243
69
-104
-282
-450
-634
-766
-840
-885
-900
-939
-940
-926
-911
-881
-878
-861
-828
-818
-786
-762
-760
-766
-810
-840
-854
-889
-928
-983
-1030
-1094
-1177
-1231
-1307
-1390
-1471
-1566
-1645
-1721
-1795
-1856
-1912
-1995
-2074
-2133
-2221
-2304
-2379
-2445
-2492
-2514
-2471
-2419
-2308
-2094
-1799
-1424
-1029
-606
-187
199
568
981
1413
1798
2094
2270
2399
2479
2552
2631
2627
2544
2378
2210
2095
2013
1953
1868
1736
1564
1383
1257
1186
1106
984
834
697
612
568
536
491
428
371
342
364
419
474
513
553
596
637
712
798
877
951
1011
1109
1220
1335
1449
1515
1552
1543
1517
1483
1393
1270
1122
943
755
552
335
103
-128
-345
-547
-716
-857
-979
-1056
-1087
-1098
-1093
-1047
-1008
-987
-940
-873
-812
-790
-793
-803
-821
-827
-841
-864
-883
-935
-998
-1042
-1087
-1142
-1213
-1287
-1349
-1410
-1455
-1504
-1569
-1630
-1701
-1769
-1824
-1886
-1941
-2016
-2097
-2168
-2239
-2319
-2436
-2528
-2597
-2624
-2614
-2566
-2418
-2178
-1835
-1469
-1071
-624
-182
258
698
1158
1583
1931
2207
2419
2576
2701
2807
2864
2858
2765
2633
2493
2378
2297
2195
2075
1924
1781
1659
1556
1470
1352
1216
1063
928
837
763
692
589
476
388
327
306
298
302
307
320
371
454
551
636
717
833
987
1150
1299
1436
1551
1640
1703
1740
1742
1699
1582
1421
1252
1052
846
606
326
63
-202
-452
-686
-900
-1088
-1242
-1333
-1371
-1375
-1348
-1288
-1217
-1185
-1153
-1086
-1029
-983
-950
-935
-923
-936
-956
-975
-1010
-1051
-1107
-1165
-1207
-1267
-1331
-1377
-1431
-1479
-1517
-1565
-1622
-1696
-1749
-1797
-1857
-1916
-1995
-2085
-2176
-2269
-2368
-2454
-2530
-2604
-2682
-2759
-2768
-2694
-2519
-2227
-1854
-1437
-1013
-565
-80
406
897
1414
1872
2236
2516
2735
2945
3112
3238
3285
3215
3097
2940
2800
2698
2587
2469
2295
2119
1966
1842
1760
1646
1509
1319
1146
1000
861
770
630
505
381
230
120
49
21
7
-1
-2
51
145
246
390
555
730
924
1134
1328
1501
1673
1813
1892
1929
1924
1846
1716
1541
1316
1092
842
527
204
-119
-457
-763
-1030
-1270
-1465
-1608
-1683
-1697
-1683
-1649
-1598
-1523
-1420
-1314
-1201
-1077
-969
-901
-858
-846
-872
-910
-933
-958
-1024
-1102
-1158
-1201
-1246
-1277
-1304
-1344
-1387
-1431
-1459
-1508
-1568
-1618
-1688
-1757
-1841
-1937
-2033
-2157
-2263
-2371
-2473
-2579
-2728
-2826
-2890
-2939
-2894
-2771
-2528
-2170
-1759
-1283
-759
-231
312
879
1446
1986
2458
2826
3107
3328
3513
3657
3725
3690
3572
3396
3198
3040
2902
2741
2558
2348
2119
1931
1805
1700
1556
1370
1172
976
800
658
523
358
160
-36
-186
-295
-373
-403
-403
-406
-379
-278
-107
111
341
567
829
1128
1429
1719
1978
2174
2311
2387
2387
2322
2210
2019
1741
1424
1076
709
335
-85
-510
-879
-1225
-1521
-1743
-1930
-2008
-2004
-1956
-1833
-1699
-1550
-1409
-1291
-1151
-1050
-965
-888
-841
-823
-855
-864
-893
-924
-955
-1034
-1071
-1105
-1128
-1138
-1153
-1157
-1200
-1229
-1263
-1308
-1358
-1452
-1554
-1676
-1801
-1943
-2103
-2242
-2405
-2550
-2663
-2768
-2835
-2900
-2949
-3000
-3039
-3006
-2886
-2630
-2264
-1841
-1342
-792
-221
405
1041
1657
2270
2808
3217
3537
3781
3956
4077
4142
4121
3982
3759
3513
3262
3025
2811
2588
2339
2069
1808
1621
1486
1315
1124
922
682
463
298
128
-46
-217
-404
-571
-668
-702
-675
-597
-484
-333
-126
155
492
852
1222
1570
1894
2201
2462
2681
2847
2913
2866
2719
2501
2234
1905
1514
1078
611
166
-265
-700
-1110
-1458
-1742
-1984
-2163
-2251
-2279
-2242
-2126
-1996
-1843
-1654
-1483
-1307
-1141
-1033
-946
-874
-830
-798
-777
-757
-742
-752
-768
-792
-827
-855
-877
-908
-961
-1052
-1155
-1247
-1354
-1487
-1631
-1809
-1996
-2171
-2341
-2501
-2643
-2782
-2904
-3001
-3074
-3114
-3155
-3174
-3187
-3190
-3175
-3140
-2967
-2681
-2280
-1764
-1219
-593
79
797
1544
2257
2948
3560
4048
4430
4692
4859
4935
4884
4737
4467
4123
3735
3327
2967
2610
2280
1948
1638
1371
1123
936
779
634
452
257
80
-88
-243
-399
-525
-659
-770
-841
-835
-713
-525
-293
-21
323
737
1195
1671
2145
2580
2956
3284
3524
3680
3719
3627
3421
3086
2679
2230
1742
1204
614
36
-503
-972
-1361
-1689
-1942
-2125
-2233
-2269
-2243
-2161
-2056
-1929
-1789
-1658
-1527
-1386
-1247
-1130
-1031
-937
-838
-731
-634
-563
-502
-445
-403
-371
-353
-393
-476
-597
-727
-880
-1066
-1268
-1520
-1785
-2054
-2320
-2565
-2807
-3030
-3231
-3389
-3504
-3577
-3628
-3640
-3630
-3632
-3616
-3614
-3601
-3607
-3627
-3551
-3345
-2953
-2408
-1776
-1047
-247
656
1651
2603
3539
4405
5075
5606
5964
6153
6184
6032
5757
5313
4755
4152
3482
2832
2259
1732
1275
914
595
338
166
34
-65
-141
-226
-326
-434
-545
-648
-745
-822
-880
-912
-872
-745
-497
-127
324
825
1396
2015
2639
3267
3786
4197
4516
4690
4711
4551
4256
3807
3184
2462
1695
919
155
-547
-1165
-1703
-2137
-2431
-2592
-2650
-2613
-2491
-2308
-2123
-1930
-1714
-1499
-1315
-1183
-1082
-974
-890
-837
-778
-735
-687
-592
-499
-428
-364
-331
-333
-355
-395
-478
-639
-857
-1116
-1427
-1766
-2103
-2446
-2800
-3130
-3417
-3654
-3843
-3978
-4068
-4122
-4132
-4099
-4016
-3903
-3796
-3727
-3690
-3687
-3721
-3788
-3806
-3644
-3247
-2620
-1878
-1030
-47
1086
2325
3519
4638
5596
6380
6950
7233
7287
7096
6712
6083
5245
4364
3459
2597
1789
1059
467
30
-223
-327
-393
-392
-316
-198
-43
52
71
4
-120
-261
-458
-622
-701
-703
-650
-472
-102
443
1094
1802
2580
3371
4169
4870
5363
5683
5762
5585
5190
4603
3843
2942
1946
875
-168
-1085
-1851
-2436
-2842
-3116
-3219
-3096
-2824
-2467
-2043
-1612
-1230
-903
-622
-422
-329
-309
-331
-388
-446
-469
-486
-511
-518
-498
-449
-365
-295
-298
-363
-461
-620
-870
-1192
-1577
-2007
-2461
-2914
-3328
-3670
-3958
-4212
-4412
-4529
-4514
-4406
-4242
-4060
-3903
-3724
-3557
-3388
-3222
-3115
-3060
-3112
-3241
-3448
-3718
-3898
-3845
-3410
-2679
-1815
-809
370
1778
3287
4730
6002
6965
7605
7899
7901
7661
7076
6163
5061
3869
2651
1553
659
-90
-609
-842
-829
-551
-165
209
566
830
1059
1193
1146
942
586
157
-276
-672
-966
-1092
-1036
-763
-237
512
1499
2585
3621
4566
5384
6054
6456
6551
6358
5811
4946
3894
2698
1477
316
-757
-1680
-2423
-2873
-3054
-3046
-2862
-2563
-2153
-1664
-1144
-659
-250
27
173
227
184
104
-30
-170
-288
-386
-403
-376
-309
-251
-235
-244
-292
-406
-620
-930
-1314
-1735
-2188
-2656
-3098
-3471
-3739
-3922
-4022
-4018
-3933
-3776
-3589
-3439
-3319
-3193
-3087
-3000
-2928
-2942
-3028
-3124
-3243
-3381
-3502
-3645
-3844
-4074
-4400
-4706
-4750
-4317
-3374
-2210
-998
286
1765
3456
5110
6509
7482
8010
8155
7965
7456
6642
5572
4333
3053
1858
894
227
-219
-466
-478
-256
192
759
1214
1461
1535
1456
1244
906
418
-202
-808
-1264
-1523
-1551
-1286
-760
-66
773
1800
3022
4293
5346
6036
6415
6543
6467
6153
5459
4455
3274
1998
783
-246
-1061
-1712
-2208
-2518
-2603
-2393
-2007
-1570
-1182
-900
-582
-302
-94
26
-12
-45
-70
-76
-35
30
123
204
306
440
590
672
625
417
7
-514
-1026
-1511
-2047
-2638
-3212
-3670
-4012
-4221
-4272
-4214
-4060
-3893
-3668
-3372
-3086
-2843
-2709
-2671
-2717
-2799
-2877
-2969
-3051
-3084
-3061
-3009
-2962
-2958
-3051
-3257
-3552
-3928
-4409
-4906
-5170
-4930
-4131
-2964
-1670
-276
1371
3317
5322
7008
8134
8692
8779
8469
7766
6694
5351
3854
2351
1031
39
-554
-783
-765
-529
-41
661
1455
2085
2300
2150
1820
1367
787
90
-704
-1431
-1887
-1980
-1687
-1041
-134
936
2103
3371
4640
5740
6546
6919
6817
6354
5649
4757
3714
2537
1328
258
-533
-1004
-1236
-1343
-1375
-1325
-1153
-875
-599
-433
-422
-526
-649
-680
-596
-487
-394
-246
29
390
766
1116
1378
1472
1398
1192
867
414
-206
-978
-1769
-2487
-3073
-3472
-3738
-3912
-3956
-3853
-3612
-3302
-3039
-2880
-2825
-2800
-2757
-2758
-2825
-2956
-3124
-3246
-3281
-3180
-2975
-2774
-2595
-2466
-2319
-2166
-2135
-2191
-2439
-2906
-3483
-4170
-4906
-5785
-6604
-6945
-6557
-5337
-3585
-1646
348
2538
4965
7341
9203
10249
10481
10015
9108
7788
6114
4243
2333
640
-639
-1270
-1334
-971
-369
341
1135
1961
2746
3160
3053
2408
1471
514
-402
-1258
-2062
-2562
-2602
-2076
-1051
313
1846
3302
4622
5736
6680
7278
7343
6810
5761
4539
3336
2276
1271
306
-502
-1033
-1163
-997
-699
-431
-251
-167
-153
-178
-240
-394
-710
-1028
-1190
-1075
-699
-205
313
803
1334
1868
2252
2375
2161
1612
832
-13
-864
-1736
-2588
-3364
-3928
-4188
-4107
-3799
-3438
-3066
-2743
-2428
-2126
-1936
-1912
-2098
-2412
-2753
-3043
-3231
-3334
-3356
-3272
-3050
-2676
-2197
-1743
-1448
-1375
-1495
-1723
-2017
-2432
-3007
-3702
-4418
-5048
-5568
-6013
-6440
-6822
-6915
-6397
-5013
-2895
-581
1623
3747
5829
7865
9542
10388
10309
9476
8208
6788
5218
3559
1943
457
-608
-1044
-931
-418
223
767
1261
1731
2105
2257
1937
1109
111
-736
-1297
-1581
-1700
-1608
-1136
-267
944
2355
3696
4744
5438
5838
6023
5942
5485
4646
3545
2422
1529
920
570
394
273
274
459
716
934
958
672
201
-321
-816
-1207
-1511
-1744
-1798
-1557
-930
-27
904
1695
2279
2667
2897
2840
2379
1579
524
-630
-1675
-2552
-3213
-3614
-3820
-3812
-3532
-3063
-2539
-2100
-1827
-1721
-1754
-1886
-2099
-2430
-2841
-3206
-3392
-3360
-3135
-2759
-2315
-1890
-1496
-1133
-881
-832
-1049
-1533
-2190
-2865
-3482
-4032
-4482
-4800
-4973
-4968
-4789
-4572
-4450
-4459
-4605
-4871
-5059
-4786
-3811
-2249
-438
1352
3156
5143
7247
9035
10012
10088
9480
8436
7123
5479
3522
1578
-107
-1340
-1942
-1988
-1618
-1021
-358
428
1267
1968
2387
2267
1625
835
180
-238
-502
-741
-830
-517
325
1537
2800
3920
4787
5332
5584
5590
5305
4620
3562
2338
1225
512
205
85
48
112
352
816
1293
1511
1392
949
353
-212
-747
-1216
-1561
-1741
-1626
-1098
-203
860
1837
2561
2973
3100
2982
2551
1702
466
-914
-2145
-3075
-3691
-4043
-4124
-3897
-3360
-2593
-1742
-999
-542
-434
-596
-890
-1273
-1782
-2418
-3066
-3515
-3623
-3400
-2921
-2341
-1785
-1271
-837
-554
-485
-709
-1205
-1846
-2555
-3269
-3920
-4470
-4884
-5084
-5001
-4662
-4207
-3778
-3472
-3372
-3429
-3609
-3986
-4399
-4422
-3725
-2298
-449
1466
3381
5380
7393
9102
10054
10021
9163
7765
6033
4072
2006
52
-1540
-2591
-2977
-2679
-1840
-765
283
1216
2057
2751
3078
2802
1982
987
187
-300
-541
-618
-483
43
1029
2267
3446
4378
4958
5108
4890
4457
3844
2978
1900
824
21
-306
-165
192
588
1068
1664
2234
2589
2588
2149
1368
485
-350
-1070
-1571
-1785
-1701
-1321
-616
361
1379
2210
2681
2706
2450
2001
1231
143
-1079
-2171
-2932
-3339
-3402
-3197
-2851
-2316
-1617
-917
-348
-47
-76
-397
-927
-1542
-2170
-2755
-3251
-3607
-3658
-3334
-2762
-2093
-1493
-1067
-795
-693
-794
-1119
-1666
-2331
-2980
-3509
-3883
-4130
-4223
-4154
-3942
-3551
-3053
-2650
-2445
-2503
-2863
-3462
-4217
-5041
-5668
-5698
-4764
-2892
-573
1755
4011
6217
8312
9939
10598
10110
8713
6795
4663
2443
306
-1501
-2775
-3298
-2992
-2067
-793
558
1702
2582
3237
3554
3370
2613
1407
179
-657
-997
-979
-737
-216
717
2017
3413
4548
5170
5237
4838
4134
3306
2381
1328
276
-517
-806
-507
202
1016
1749
2382
2919
3304
3335
2850
1929
794
-286
-1074
-1569
-1835
-1816
-1462
-778
180
1233
2147
2690
2782
2499
1945
1225
319
-785
-1818
-2494
-2759
-2650
-2283
-1807
-1290
-751
-221
175
268
11
-526
-1244
-1979
-2611
-3093
-3366
-3411
-3220
-2761
-2133
-1503
-1028
-816
-793
-870
-1104
-1535
-2153
-2856
-3439
-3788
-3911
-3836
-3647
-3402
-3096
-2766
-2457
-2236
-2259
-2644
-3287
-4027
-4804
-5573
-6290
-6844
-6789
-5630
-3349
-464
2365
4812
6985
8945
10375
10736
9815
7965
5703
3450
1384
-495
-2041
-2978
-3128
-2439
-1135
355
1665
2547
2979
3066
2820
2226
1268
35
-1087
-1639
-1451
-730
216
1268
2471
3816
5080
5874
5930
5271
4134
2830
1635
676
-110
-740
-1021
-757
53
1173
2236
2963
3352
3549
3573
3304
2638
1586
386
-591
-1140
-1343
-1334
-1124
-665
43
893
1685
2243
2463
2289
1840
1320
761
132
-548
-1180
-1550
-1557
-1322
-1024
-810
-749
-759
-759
-820
-1071
-1490
-1948
-2325
-2521
-2547
-2444
-2246
-2038
-1810
-1474
-1126
-940
-994
-1273
-1680
-2078
-2387
-2636
-2893
-3095
-3148
-3031
-2764
-2481
-2349
-2361
-2467
-2680
-2968
-3336
-3850
-4399
-4812
-5081
-5264
-5372
-5429
-5437
-5303
-4731
-3413
-1365
1000
3196
5008
6502
7790
8727
8859
7945
6342
4576
2895
1361
-51
-1278
-2046
-2136
-1617
-721
222
930
1367
1641
1798
1819
1636
1199
609
175
217
769
1530
2204
2753
3288
3863
4330
4391
3916
3070
2103
1248
655
270
16
-10
240
777
1601
2460
2998
3120
2992
2754
2404
1861
1088
170
-631
-1019
-961
-671
-336
46
557
1191
1810
2225
2315
2085
1633
1100
623
225
-186
-633
-1004
-1176
-1135
-1011
-952
-1016
-1158
-1265
-1317
-1415
-1606
-1893
-2168
-2247
-2149
-1993
-1825
-1718
-1618
-1450
-1287
-1198
-1255
-1536
-1932
-2279
-2536
-2727
-2934
-3181
-3317
-3199
-2924
-2718
-2681
-2746
-2852
-2958
-3055
-3267
-3612
-3950
-4242
-4482
-4693
-4933
-5123
-5250
-5367
-5204
-4364
-2673
-319
2144
4269
6048
7575
8723
9122
8479
6920
4906
2901
1097
-494
-1792
-2579
-2699
-2153
-1101
157
1262
2014
2436
2602
2580
2376
1934
1290
675
465
842
1579
2371
3038
3531
3991
4359
4315
3770
2829
1653
547
-227
-581
-563
-314
135
823
1727
2692
3407
3607
3324
2815
2237
1636
972
279
-254
-492
-326
116
631
1075
1368
1600
1752
1745
1522
1094
602
184
-62
-126
-101
-81
-101
-134
-163
-243
-468
-863
-1376
-1880
-2249
-2450
-2469
-2374
-2174
-1853
-1459
-1031
-736
-650
-786
-1101
-1491
-1931
-2356
-2722
-2996
-3102
-3003
-2724
-2377
-2093
-1925
-1822
-1772
-1860
-2148
-2602
-3171
-3747
-4165
-4348
-4388
-4380
-4280
-4107
-3907
-3742
-3737
-3928
-4333
-4805
-5056
-4684
-3339
-1173
1334
3686
5702
7442
8790
9359
8784
7143
4928
2693
738
-912
-2164
-2828
-2709
-1832
-466
1024
2166
2777
2939
2800
2487
1999
1374
705
229
258
935
2022
3095
3897
4395
4667
4598
4105
3146
1770
308
-850
-1407
-1364
-883
-132
765
1772
2791
3616
4023
3892
3290
2463
1647
934
348
-102
-375
-340
109
800
1389
1686
1742
1660
1479
1161
684
123
-356
-607
-569
-264
152
467
562
457
217
-146
-656
-1297
-1958
-2469
-2688
-2576
-2209
-1729
-1238
-790
-429
-253
-369
-804
-1466
-2170
-2757
-3148
-3334
-3345
-3210
-2936
-2519
-2021
-1578
-1328
-1329
-1531
-1867
-2308
-2831
-3387
-3911
-4305
-4451
-4313
-3984
-3607
-3315
-3186
-3215
-3395
-3758
-4289
-4922
-5558
-5928
-5512
-3922
-1321
1671
4419
6614
8253
9308
9493
8495
6415
3829
1425
-417
-1661
-2343
-2404
-1823
-713
719
2120
3011
3129
2636
1914
1239
704
326
159
337
1023
2229
3668
4864
5455
5379
4768
3779
2546
1203
-121
-1252
-1892
-1765
-874
444
1781
2881
3637
4036
4081
3721
2913
1813
745
9
-254
-71
389
901
1365
1803
2163
2258
1947
1281
449
-325
-829
-962
-806
-463
54
722
1401
1864
1916
1469
617
-383
-1277
-1954
-2427
-2718
-2767
-2479
-1853
-1074
-403
-17
43
-191
-654
-1270
-1959
-2609
-3086
-3283
-3155
-2726
-2153
-1678
-1418
-1321
-1344
-1524
-1876
-2354
-2911
-3450
-3791
-3828
-3643
-3372
-3076
-2793
-2582
-2496
-2577
-2863
-3323
-3853
-4341
-4700
-4891
-4948
-4953
-4901
-4548
-3483
-1492
1123
3680
5630
6866
7558
7735
7192
5829
3945
2077
633
-268
-695
-744
-507
-61
555
1282
1887
2042
1668
1062
637
602
914
1400
1915
2478
3177
3922
4432
4486
4055
3225
2179
1168
368
-206
-574
-670
-420
177
1039
1945
2613
2880
2819
2601
2331
2026
1718
1459
1284
1215
1275
1455
1617
1557
1219
753
320
-55
-360
-542
-565
-392
29
645
1258
1673
1799
1640
1264
774
237
-362
-1025
-1620
-1942
-1937
-1749
-1514
-1270
-1052
-925
-900
-977
-1160
-1436
-1755
-2047
-2221
-2224
-2114
-1995
-1905
-1815
-1698
-1626
-1714
-1970
-2265
-2474
-2563
-2529
-2429
-2377
-2421
-2499
-2572
-2687
-2879
-3133
-3414
-3657
-3759
-3710
-3637
-3649
-3730
-3821
-3905
-4013
-4218
-4568
-4862
-4593
-3250
-788
2201
4858
6665
7645
7982
7616
6409
4534
2488
768
-353
-820
-691
-121
620
1284
1800
2157
2194
1720
867
71
-261
23
788
1749
2661
3488
4264
4813
4851
4287
3202
1834
545
-393
-840
-804
-389
294
1079
1794
2350
2661
2606
2180
1547
926
453
256
424
926
1599
2213
2661
2927
2845
2300
1474
593
-200
-757
-946
-741
-265
339
930
1361
1628
1750
1623
1172
478
-213
-696
-965
-1043
-957
-802
-615
-427
-355
-479
-790
-1220
-1639
-1939
-2072
-2057
-1952
-1838
-1740
-1630
-1534
-1521
-1587
-1721
-1937
-2150
-2254
-2270
-2271
-2265
-2247
-2220
-2161
-2111
-2177
-2369
-2616
-2847
-2996
-3116
-3268
-3384
-3404
-3357
-3285
-3303
-3513
-3872
-4301
-4699
-4916
-4934
-4825
-4443
-3410
-1468
1142
3706
5572
6556
6794
6457
5605
4257
2686
1401
676
432
547
945
1462
1824
1808
1460
1026
598
127
-254
-276
204
1147
2325
3315
3814
3905
3764
3367
2713
1913
1106
450
99
187
664
1201
1560
1728
1743
1652
1455
1149
785
506
536
856
1254
1713
2247
2687
2863
2738
2420
2004
1499
954
452
118
29
102
234
348
413
502
603
635
634
625
598
592
649
732
694
435
49
-332
-672
-983
-1264
-1497
-1641
-1618
-1426
-1221
-1129
-1160
-1284
-1492
-1765
-2007
-2139
-2160
-2054
-1854
-1647
-1467
-1393
-1497
-1722
-2041
-2421
-2738
-2886
-2840
-2646
-2409
-2211
-2062
-2001
-2104
-2390
-2811
-3270
-3631
-3858
-3966
-3970
-3965
-4001
-4006
-4001
-4046
-4127
-4191
-4020
-3166
-1391
995
3292
4894
5685
5892
5674
4977
3859
2704
1946
1665
1591
1493
1429
1517
1627
1474
966
303
-207
-340
-92
411
1089
1909
2725
3292
3476
3281
2764
2072
1466
1122
993
966
1046
1288
1647
1971
2048
1771
1276
816
538
388
302
356
640
1096
1549
1893
2151
2309
2285
2050
1714
1430
1264
1189
1184
1241
1289
1212
978
683
454
323
239
190
246
441
664
787
765
586
266
-112
-462
-770
-1007
-1091
-1026
-932
-870
-811
-781
-873
-1104
-1390
-1652
-1852
-1962
-1967
-1876
-1714
-1553
-1484
-1538
-1691
-1932
-2239
-2538
-2721
-2716
-2532
-2264
-2015
-1847
-1779
-1821
-1994
-2310
-2722
-3127
-3418
-3532
-3467
-3308
-3166
-3085
-3090
-3223
-3489
-3849
-4230
-4534
-4663
-4489
-3793
-2292
-7
2484
4412
5422
5644
5323
4594
3570
2527
1908
1965
2405
2656
2507
2170
1804
1361
771
83
-541
-820
-517
301
1281
2076
2531
2638
2468
2128
1735
1380
1179
1274
1685
2202
2542
2575
2346
1982
1543
1009
457
113
119
419
854
1291
1604
1721
1691
1587
1470
1388
1379
1450
1605
1805
1937
1902
1691
1371
1017
667
366
202
259
498
776
962
1019
982
877
672
360
2
-294
-455
-489
-457
-417
-418
-488
-643
-863
-1118
-1376
-1607
-1763
-1776
-1638
-1450
-1334
-1335
-1415
-1526
-1651
-1782
-1893
-1959
-1976
-1968
-1929
-1849
-1783
-1750
-1745
-1806
-1919
-2081
-2305
-2500
-2616
-2692
-2757
-2844
-2942
-2982
-2959
-2916
-2911
-2972
-3094
-3245
-3386
-3512
-3617
-3646
-3609
-3503
-3172
-2316
-766
1171
2876
3958
4397
4349
3994
3383
2598
2057
2116
2591
2991
2964
2536
1996
1521
1081
628
201
-63
-6
415
1049
1578
1857
1942
1873
1735
1604
1457
1354
1458
1807
2228
2450
2362
2061
1689
1341
1057
818
665
712
1004
1351
1519
1481
1365
1252
1151
1098
1129
1228
1394
1626
1836
1907
1809
1594
1313
1038
836
669
502
423
497
627
693
652
549
460
358
198
62
-21
-106
-194
-283
-415
-563
-731
-953
-1151
-1282
-1393
-1483
-1516
-1507
-1522
-1580
-1649
-1748
-1871
-1941
-1935
-1872
-1785
-1704
-1628
-1544
-1504
-1588
-1742
-1860
-1951
-2021
-2067
-2154
-2276
-2352
-2414
-2486
-2543
-2591
-2621
-2642
-2669
-2683
-2757
-2954
-3215
-3467
-3670
-3797
-3850
-3840
-3757
-3553
-3054
-2019
-472
1199
2522
3276
3594
3675
3450
2897
2359
2233
2569
3093
3398
3237
2716
2099
1519
1010
621
366
294
524
990
1428
1637
1554
1316
1167
1171
1219
1262
1347
1549
1855
2106
2159
2026
1825
1647
1486
1324
1216
1232
1371
1522
1545
1402
1165
932
774
726
811
1009
1270
1536
1710
1738
1658
1450
1141
902
777
662
542
470
496
607
728
791
768
696
618
531
448
352
203
37
-124
-283
-442
-628
-803
-920
-1019
-1133
-1261
-1384
-1467
-1509
-1551
-1614
-1688
-1733
-1725
-1693
-1668
-1656
-1622
-1535
-1424
-1345
-1335
-1389
-1460
-1519
-1575
-1657
-1759
-1838
-1863
-1871
-1924
-2037
-2175
-2273
-2324
-2367
-2402
-2428
-2467
-2540
-2639
-2788
-2979
-3131
-3205
-3217
-3179
-3033
-2871
-2703
-2367
-1681
-606
550
1543
2176
2556
2785
2768
2592
2358
2399
2737
3121
3304
3089
2656
2174
1763
1428
1151
964
948
1134
1406
1597
1514
1226
865
602
554
610
754
1000
1357
1700
1888
1908
1765
1553
1405
1344
1304
1281
1328
1468
1634
1716
1644
1458
1315
1263
1254
1278
1325
1385
1450
1449
1354
1168
878
653
524
425
416
484
553
636
754
706
524
385
235
172
177
167
179
186
176
59
-106
-311
-561
-685
-825
-979
-1102
-1245
-1350
-1506
-1612
-1661
-1719
-1710
-1698
-1639
-1552
-1520
-1468
-1419
-1391
-1366
-1373
-1380
-1358
-1369
-1418
-1465
-1486
-1436
-1378
-1384
-1413
-1481
-1558
-1618
-1715
-1811
-1888
-1961
-1986
-1988
-2009
-2044
-2102
-2139
-2164
-2174
-2146
-2122
-2057
-1974
-1881
-1728
-1494
-1050
-398
315
943
1359
1594
1676
1578
1482
1546
1768
2071
2304
2432
2411
2233
2027
1795
1534
1292
1105
1044
1130
1312
1421
1408
1321
1139
969
829
747
773
866
1011
1088
1069
992
908
868
856
871
944
1092
1308
1511
1622
1657
1552
1369
1202
987
831
785
801
890
997
1020
926
811
657
484
382
307
284
296
322
379
386
368
302
195
129
92
111
178
255
280
262
223
99
-77
-237
-359
-403
-422
-465
-480
-464
-475
-494
-519
-570
-650
-741
-769
-816
-855
-813
-796
-788
-804
-836
-853
-851
-878
-920
-884
-878
-851
-799
-777
-753
-766
-798
-853
-904
-951
-1000
-1017
-1026
-1040
-1064
-1096
-1126
-1156
-1181
-1202
-1218
-1254
-1313
-1382
-1423
-1427
-1439
-1452
-1474
-1482
-1448
-1370
-1178
-921
-635
-395
-289
-269
-301
-288
-158
94
395
611
722
788
872
951
1003
1030
1015
1001
999
1050
1143
1209
1276
1293
1269
1234
1206
1220
1241
1288
1321
1288
1196
1122
1071
1037
1027
1004
1000
1007
1061
1124
1126
1105
1043
981
927
888
886
887
878
868
868
858
798
696
644
640
656
629
558
514
457
411
326
192
91
-6
-73
-108
-120
-121
-126
-108
-128
-146
-165
-248
-317
-390
-468
-526
-572
-608
-643
-639
-627
-597
-564
-555
-559
-575
-648
-751
-785
-833
-876
-881
-917
-957
-979
-939
-888
-879
-890
-914
-952
-973
-966
-984
-987
-966
-946
-910
-885
-911
-953
-1014
-1109
-1201
-1274
-1332
-1367
-1375
-1349
-1310
-1287
-1291
-1302
-1319
-1352
-1374
-1315
-1154
-911
-650
-470
-405
-396
-357
-217
42
330
493
540
577
630
679
756
854
943
1042
1166
1313
1413
1465
1492
1483
1491
1458
1390
1323
1275
1274
1259
1224
1180
1122
1091
1105
1138
1130
1087
1056
1057
1031
947
890
828
795
816
812
855
896
918
964
977
956
898
795
711
683
625
582
546
484
433
342
284
247
206
198
223
221
157
80
-30
-139
-221
-290
-331
-323
-298
-304
-280
-267
-265
-300
-359
-406
-472
-503
-531
-570
-593
-629
-701
-758
-783
-819
-821
-815
-788
-800
-855
-902
-983
-1025
-1047
-1070
-1035
-983
-941
-906
-907
-946
-998
-1060
-1097
-1152
-1194
-1190
-1165
-1115
-1095
-1084
-1083
-1089
-1079
-1112
-1151
-1216
-1290
-1326
-1349
-1319
-1265
-1192
-1095
-946
-703
-500
-372
-360
-417
-418
-298
-19
237
442
575
648
749
849
952
1040
1106
1137
1206
1301
1371
1428
1456
1469
1459
1473
1451
1460
1518
1523
1523
1438
1321
1208
1101
1040
969
944
945
967
1040
1088
1095
1056
1010
967
879
806
797
803
816
855
914
924
865
807
782
758
719
681
642
584
510
436
358
274
211
186
186
143
66
54
48
-19
-82
-86
-114
-148
-160
-205
-259
-331
-360
-366
-400
-390
-387
-412
-435
-465
-537
-619
-684
-752
-793
-800
-812
-823
-820
-861
-883
-910
-975
-1000
-1032
-1033
-1008
-1003
-1007
-1042
-1066
-1084
-1068
-1046
-1040
-1017
-982
-945
-949
-995
-1048
-1087
-1132
-1139
-1136
-1105
-1046
-1048
-1045
-1071
-1108
-1151
-1182
-1214
-1246
-1180
-1057
-813
-548
-363
-269
-267
-242
-152
51
263
436
508
524
617
725
859
980
1100
1183
1264
1378
1406
1422
1452
1454
1439
1418
1381
1343
1358
1361
1324
1251
1135
1037
967
953
941
890
862
832
809
752
699
714
724
748
773
797
824
827
852
854
821
780
722
705
701
704
683
612
571
506
386
323
279
225
229
227
207
184
148
96
-3
-72
-153
-231
-253
-267
-243
-250
-265
-310
-384
-452
-509
-510
-516
-497
-468
-482
-528
-580
-653
-721
-754
-805
-829
-866
-899
-888
-887
-869
-888
-898
-892
-917
-899
-870
-886
-903
-910
-930
-935
-937
-947
-948
-953
-973
-988
-983
-978
-988
-992
-984
-971
-960
-969
-1009
-1066
-1111
-1136
-1121
-1091
-1077
-1079
-1073
-1012
-870
-677
-504
-419
-405
-374
-283
-98
172
386
497
567
623
692
779
883
1020
1156
1261
1319
1339
1345
1330
1301
1284
1241
1168
1140
1147
1138
1136
1103
1003
897
807
731
720
761
789
808
812
784
758
744
733
740
744
738
759
790
802
830
854
829
793
778
753
735
733
708
657
597
504
415
357
293
230
189
143
96
50
-22
-87
-112
-128
-161
-197
-221
-240
-259
-282
-315
-357
-397
-436
-469
-499
-523
-540
-561
-602
-644
-662
-662
-670
-673
-670
-675
-701
-747
-800
-849
-894
-930
-938
-934
-948
-955
-937
-932
-949
-960
-959
-961
-949
-924
-918
-922
-906
-896
-905
-908
-898
-902
-919
-934
-949
-989
-1040
-1091
-1159
-1209
-1191
-1166
-1150
-1099
-987
-786
-538
-358
-273
-249
-261
-207
-19
217
407
524
579
627
699
770
833
902
982
1063
1127
1157
1176
1206
1251
1273
1250
1211
1182
1164
1167
1170
1146
1086
992
920
898
890
903
929
912
898
899
885
891
917
942
967
964
931
904
901
905
888
847
809
795
804
818
806
763
692
597
492
404
348
311
291
285
266
224
176
123
56
-14
-58
-80
-89
-95
-117
-171
-236
-300
-355
-397
-419
-411
-396
-395
-422
-472
-531
-582
-633
-675
-698
-725
-725
-715
-712
-723
-773
-801
-853
-899
-913
-916
-898
-908
-921
-923
-908
-889
-865
-843
-826
-810
-814
-820
-879
-946
-969
-988
-978
-984
-986
-1010
-1061
-1073
-1082
-1077
-1078
-1098
-1105
-1125
-1089
-985
-818
-607
-455
-368
-349
-333
-247
-107
99
274
376
447
521
628
694
757
854
937
1013
1071
1136
1177
1207
1244
1263
1246
1199
1150
1131
1142
1124
1086
1022
974
938
897
909
907
918
919
903
880
819
795
800
831
867
872
864
863
872
868
841
792
746
708
717
712
682
674
643
612
528
459
411
360
323
272
244
201
165
97
66
58
-7
-5
-17
-56
-101
-144
-168
-240
-285
-312
-341
-346
-360
-388
-413
-448
-461
-487
-546
-590
-644
-683
-714
-756
-767
-789
-798
-810
-839
-832
-831
-828
-824
-827
-826
-859
-890
-928
-968
-984
-985
-928
-918
-940
-933
-954
-937
-921
-946
-971
-980
-967
-994
-1016
-1025
-1055
-1054
-1049
-1053
-1026
-982
-963
-896
-758
-592
-426
-348
-329
-327
-247
-82
96
280
406
474
517
577
653
719
803
900
975
1033
1105
1136
1133
1156
1168
1152
1136
1106
1089
1107
1084
1047
997
936
907
863
838
825
842
857
820
779
750
756
762
760
763
757
760
771
780
770
749
724
697
674
650
633
627
606
556
491
444
425
400
370
354
324
282
230
143
57
6
-36
-59
-61
-77
-95
-97
-120
-177
-216
-227
-249
-283
-314
-342
-344
-354
-417
-473
-494
-520
-542
-550
-579
-607
-634
-679
-718
-749
-783
-797
-807
-832
-844
-851
-867
-872
-885
-917
-943
-943
-928
-896
-863
-849
-852
-868
-896
-917
-917
-903
-892
-890
-894
-895
-895
-904
-929
-960
-988
-1013
-1032
-1030
-987
-896
-744
-552
-394
-318
-300
-281
-204
-57
127
297
432
531
595
653
735
816
894
973
1019
1050
1100
1145
1177
1202
1206
1175
1128
1091
1064
1035
1007
968
911
866
834
821
822
820
813
815
817
797
760
728
714
705
725
716
681
676
673
679
653
646
662
675
705
713
712
681
614
535
450
378
316
255
216
184
139
114
82
80
58
-15
-38
-77
-90
-86
-107
-103
-110
-138
-164
-191
-239
-253
-270
-316
-369
-435
-455
-488
-514
-545
-586
-618
-665
-676
-695
-730
-762
-781
-780
-796
-817
-822
-819
-823
-824
-838
-847
-869
-885
-887
-912
-890
-865
-848
-828
-826
-815
-838
-855
-840
-849
-886
-914
-945
-993
-1037
-1069
-1053
-1023
-1025
-998
-981
-958
-833
-661
-501
-368
-303
-248
-160
-41
138
305
416
486
535
614
697
778
862
934
1012
1035
1023
1005
991
1023
1057
1063
1032
1005
1000
999
979
942
897
848
834
818
790
765
752
757
749
725
697
703
720
757
764
770
808
807
799
741
684
654
639
678
689
683
673
646
585
499
435
398
364
328
309
255
194
142
102
83
65
68
55
54
50
12
-40
-102
-146
-203
-242
-270
-302
-316
-330
-346
-388
-434
-463
-505
-557
-593
-609
-622
-661
-690
-705
-749
-796
-840
-859
-874
-895
-891
-909
-920
-928
-917
-890
-880
-839
-821
-811
-808
-828
-841
-870
-886
-884
-882
-872
-886
-907
-893
-903
-926
-950
-979
-984
-1001
-988
-961
-929
-861
-790
-661
-500
-367
-279
-240
-206
-106
26
141
281
354
406
491
553
617
678
750
832
896
920
937
989
1023
1048
1083
1082
1026
994
988
955
912
879
849
814
782
759
764
770
738
723
725
692
674
695
682
668
684
680
670
662
634
605
607
595
576
571
578
618
608
560
530
475
447
437
421
410
371
327
288
220
175
129
71
49
21
4
-5
-28
-30
-63
-95
-113
-150
-171
-191
-214
-246
-277
-302
-358
-393
-443
-467
-466
-522
-539
-556
-610
-656
-710
-735
-741
-740
-737
-743
-737
-759
-788
-792
-839
-850
-846
-853
-813
-819
-845
-847
-833
-823
-850
-862
-888
-894
-909
-956
-955
-971
-970
-948
-933
-894
-901
-891
-853
-855
-806
-709
-581
-433
-351
-272
-212
-158
-52
69
216
344
437
507
553
615
671
742
823
882
907
936
981
1005
1031
1063
1063
1035
1014
995
972
960
947
911
875
846
816
806
804
771
738
740
754
748
737
741
739
725
709
700
708
718
714
701
691
673
674
711
721
696
667
639
592
529
455
394
346
292
272
228
176
133
92
79
36
19
-8
-26
-31
-78
-116
-165
-182
-212
-245
-265
-311
-340
-385
-418
-458
-510
-532
-548
-576
-616
-634
-631
-636
-645
-665
-722
-784
-808
-835
-860
-860
-864
-888
-925
-941
-933
-946
-966
-955
-951
-954
-945
-949
-962
-962
-964
-955
-933
-930
-926
-914
-922
-934
-937
-941
-947
-931
-917
-913
-874
-784
-676
-555
-433
-340
-229
-160
-120
-20
92
205
297
371
412
460
562
636
699
764
808
853
891
925
939
955
996
1024
1007
968
961
934
899
874
831
827
820
798
802
778
775
785
765
737
704
699
703
703
730
732
726
731
706
682
659
667
663
653
665
619
576
539
490
457
393
338
292
258
246
215
170
138
91
33
27
15
-30
-61
-86
-113
-135
-175
-200
-209
-240
-258
-277
-315
-329
-363
-399
-428
-473
-495
-516
-558
-591
-617
-650
-690
-723
-758
-772
-788
-828
-832
-841
-858
-873
-914
-919
-912
-935
-935
-923
-903
-884
-869
-843
-842
-834
-832
-841
-815
-836
-844
-841
-855
-851
-869
-842
-824
-816
-778
-776
-763
-729
-673
-592
-523
-425
-331
-246
-180
-126
-25
87
192
267
327
378
443
524
583
655
717
768
819
859
894
915
943
954
955
972
968
957
941
906
859
842
840
833
846
837
831
816
786
772
727
715
727
742
764
753
734
714
717
683
648
663
664
649
639
621
607
591
553
517
498
458
408
354
307
270
221
182
147
108
65
27
10
-11
-30
-65
-80
-100
-122
-127
-182
-206
-227
-275
-294
-333
-350
-359
-383
-422
-477
-499
-522
-553
-585
-598
-596
-616
-638
-657
-674
-699
-736
-741
-725
-731
-761
-768
-758
-757
-759
-762
-763
-781
-773
-760
-768
-727
-724
-752
-722
-725
-732
-710
-718
-736
-750
-764
-760
-745
-736
-711
-670
-624
-582
-514
-428
-369
-277
-209
-155
-84
-21
82
176
266
341
414
495
560
638
697
752
796
828
858
902
928
940
979
985
994
994
997
1009
979
966
955
951
939
897
857
849
841
823
835
825
818
804
777
760
734
714
700
692
672
643
620
620
605
548
502
448
407
367
316
271
213
165
119
75
39
-7
-42
-87
-135
-183
-235
-248
-267
-298
-308
-319
-325
-348
-381
-395
-418
-443
-469
-515
-525
-537
-563
-568
-602
-622
-638
-646
-642
-664
-682
-713
-731
-773
-813
-830
-829
-814
-842
-831
-831
-827
-820
-840
-835
-855
-838
-794
-784
-787
-763
-751
-751
-733
-739
-742
-748
-750
-725
-705
-672
-651
-611
-567
-548
-514
-464
-401
-351
-288
-190
-105
-19
55
136
199
266
380
459
537
613
672
723
770
829
872
934
997
1034
1057
1083
1106
1125
1148
1142
1130
1108
1097
1083
1063
1043
1024
1022
976
924
898
870
840
795
764
725
685
652
614
591
550
505
485
453
432
394
346
309
252
208
169
128
96
39
-16
-35
-88
-143
-169
-230
-273
-302
-334
-353
-393
-429
-445
-461
-488
-525
-564
-589
-597
-605
-615
-616
-629
-649
-653
-675
-671
-653
-666
-684
-699
-707
-717
-712
-702
-706
-694
-694
-676
-676
-708
-705
-705
-717
-711
-707
-690
-682
-683
-675
-672
-663
-668
-657
-606
-602
-582
-541
-518
-483
-453
-417
-391
-342
-292
-251
-203
-169
-126
-76
-13
50
110
194
267
324
385
445
511
580
622
660
726
785
835
878
924
971
997
1025
1040
1041
1051
1062
1066
1058
1048
1040
1026
1011
978
956
952
952
937
909
883
848
807
774
741
713
689
667
627
579
542
515
485
423
370
339
294
241
186
153
119
84
58
21
-21
-55
-92
-127
-153
-206
-277
-311
-334
-379
-396
-397
-432
-463
-487
-521
-539
-547
-571
-587
-593
-615
-613
-602
-638
-665
-680
-702
-690
-700
-734
-749
-741
-726
-730
-738
-718
-704
-714
-706
-704
-704
-692
-696
-675
-670
-689
-670
-650
-656
-643
-617
-618
-591
-582
-573
-526
-498
-457
-424
-389
-346
-312
-274
-254
-238
-218
-182
-113
-62
-11
57
108
164
212
259
330
377
430
490
527
572
614
665
713
734
780
813
839
873
876
890
911
924
923
918
924
922
934
932
907
867
827
814
791
766
756
725
699
671
617
584
558
536
512
471
442
397
346
306
260
236
208
171
164
145
81
46
50
32
-11
-57
-97
-147
-174
-195
-231
-240
-260
-288
-308
-361
-381
-386
-424
-441
-460
-473
-459
-465
-470
-472
-512
-552
-570
-595
-606
-622
-628
-619
-622
-627
-632
-636
-634
-633
-634
-634
-619
-609
-594
-568
-566
-554
-552
-568
-567
-566
-550
-523
-488
-472
-471
-452
-445
-446
-433
-409
-371
-345
-339
-312
-293
-291
-248
-203
-161
-103
-55
4
34
47
78
121
200
248
300
352
371
422
456
499
559
583
611
648
684
686
703
746
753
749
752
780
783
762
769
748
734
734
705
683
668
642
618
612
586
562
563
525
484
458
430
420
407
384
353
340
336
302
277
249
215
186
165
144
120
90
55
31
9
-17
-42
-52
-72
-109
-146
-174
-183
-223
-281
-307
-332
-344
-343
-354
-365
-381
-398
-404
-419
-437
-447
-451
-468
-487
-493
-512
-518
-521
-536
-536
-545
-550
-559
-580
-596
-601
-578
-562
-545
-532
-519
-483
-478
-480
-454
-463
-458
-438
-426
-388
-365
-355
-346
-347
-332
-310
-279
-252
-243
-222
-210
-188
-150
-135
-99
-62
-24
9
25
76
97
103
120
146
203
235
272
317
346
385
413
456
488
503
541
560
582
609
606
617
635
636
621
634
656
640
635
637
618
600
597
598
594
580
560
557
545
515
485
443
417
408
401
364
349
347
307
300
294
257
220
199
170
119
112
114
116
97
47
28
-2
-15
-39
-91
-86
-112
-140
-142
-184
-221
-245
-258
-271
-309
-348
-348
-343
-379
-400
-405
-405
-416
-450
-453
-446
-466
-468
-456
-478
-511
-530
-516
-517
-532
-536
-541
-501
-484
-502
-490
-487
-508
-492
-464
-456
-436
-428
-399
-391
-386
-343
-342
-327
-324
-323
-297
-296
-273
-247
-215
-180
-135
-94
-85
-61
-43
-26
1
11
25
39
72
103
125
158
160
186
218
235
272
296
325
347
355
364
369
383
395
398
410
429
447
455
455
445
448
479
484
464
465
464
447
434
419
419
427
408
386
384
372
349
333
310
290
278
273
275
247
216
220
190
159
160
140
117
100
88
73
56
46
18
9
-12
-51
-53
-68
-89
-107
-138
-152
-165
-152
-161
-217
-221
-230
-243
-231
-255
-265
-274
-278
-301
-320
-305
-333
-324
-317
-343
-349
-376
-360
-359
-388
-366
-365
-356
-339
-356
-358
-357
-349
-335
-344
-333
-310
-295
-283
-290
-296
-277
-267
-271
-256
-229
-215
-190
-162
-155
-148
-128
-102
-94
-96
-79
-54
-2
38
49
58
57
63
80
84
102
123
141
183
200
215
235
251
285
255
257
311
341
377
375
357
336
317
331
333
329
328
349
366
338
334
340
338
330
315
310
297
311
314
293
266
245
255
248
237
219
218
243
211
192
180
134
127
129
119
115
114
108
90
60
28
32
25
10
7
-3
-9
-34
-57
-72
-89
-99
-107
-124
-136
-137
-149
-169
-170
-167
-202
-216
-217
-227
-215
-236
-247
-244
-277
-293
-284
-297
-318
-309
-302
-307
-303
-291
-274
-271
-273
-264
-260
-267
-274
-267
-251
-239
-232
-226
-223
-224
-212
-198
-186
-169
-148
-124
-116
-110
-121
-111
-94
-96
-57
-33
-22
3
29
40
43
69
87
94
88
94
110
124
151
155
153
160
170
183
184
191
201
199
208
231
240
231
234
252
262
254
258
273
273
269
263
266
274
264
249
251
251
232
236
229
223
233
212
214
209
190
171
149
139
117
106
103
115
110
98
98
68
66
70
50
38
23
33
5
-17
-8
-38
-20
-25
-56
-62
-83
-87
-84
-82
-92
-98
-106
-125
-131
-140
-142
-135
-129
-136
-143
-134
-124
-140
-150
-138
-160
-175
-147
-142
-131
-165
-160
-163
-160
-131
-152
-149
-140
-151
-144
-142
-145
-110
-110
-107
-93
-89
-87
-107
-110
-108
-109
-90
-86
-82
-56
-39
-32
-30
-44
-17
13
22
32
41
46
31
43
51
73
91
100
93
108
110
110
119
112
98
96
106
114
114
107
109
88
87
107
100
106
96
98
79
94
70
81
86
93
99
88
45
48
64
40
35
52
37
38
43
49
58
55
52
49
45
31
32
13
10
7
-3
-9
-17
-17
-25
-41
-38
-36
-16
-25
-37
-49
-56
-71
-84
-91
-102
-80
-111
-93
-92
-84
-90
-78
-77
-86
-87
-106
-117
-123
-101
-116
-112
-89
-103
-126
-126
-125
-139
-134
-110
-112
-103
