8
4
-1
-3
0
4
3
1
-1
-2
2
4
6
4
2
4
5
4
3
2
4
3
2
-1
2
4
2
-3
-4
3
8
7
2
-1
2
6
5
0
-3
0
3
4
4
4
2
-1
-3
0
2
5
6
3
2
2
1
2
0
-1
1
1
1
1
0
0
1
1
4
3
1
-1
1
5
4
0
-4
-4
-1
4
2
1
-1
-1
1
0
0
-1
-2
-3
1
2
-2
-4
-1
3
6
5
-1
-3
3
6
1
0
6
8
1
-3
0
5
1
1
2
3
0
4
3
0
0
4
4
4
5
5
0
-5
-2
5
10
6
0
-3
-1
3
6
5
1
-4
0
5
5
3
0
1
2
3
5
9
7
0
-1
4
6
3
1
2
5
4
2
1
0
2
5
4
2
0
2
4
6
3
3
4
6
5
3
3
4
6
5
3
1
-1
-2
-2
1
4
3
1
-2
-3
1
5
3
-3
-5
-3
1
1
1
2
2
3
4
4
1
-4
-4
0
1
0
0
2
3
0
-4
-8
-7
-7
-4
-2
1
-1
-4
-6
-6
-5
-2
0
-2
-6
-4
-3
-3
-5
-4
0
5
3
-2
-5
-4
-1
1
2
0
-1
-1
-1
-2
0
-1
2
1
1
2
2
0
-2
-3
1
6
7
4
0
-2
1
5
6
5
1
1
3
3
2
0
0
2
4
4
4
2
4
6
7
4
3
3
7
6
4
1
3
4
3
3
2
0
-2
1
7
12
11
9
8
3
0
2
4
4
3
3
8
7
4
1
1
2
4
6
11
11
7
4
6
9
10
9
7
6
3
1
1
2
3
4
7
8
7
2
0
6
9
10
4
1
2
4
5
4
3
6
5
5
5
7
4
-4
-9
-5
5
4
-3
-6
1
6
4
2
3
1
-3
-1
2
4
1
-6
-1
2
1
4
-2
-8
-2
2
8
8
-6
-9
-2
3
6
5
1
-3
-2
-1
-5
-4
-7
-8
1
4
-1
2
4
1
3
1
-2
1
0
1
5
3
-3
-7
-6
0
3
-1
-3
0
1
5
1
-1
2
1
-1
1
-1
-5
-3
0
3
1
-1
-3
1
6
2
0
2
0
0
-2
-6
-3
-3
0
3
-1
0
0
-3
1
1
0
8
9
4
0
-6
-2
7
3
-2
0
3
6
4
0
0
9
7
0
4
2
-1
7
2
-4
3
-2
-2
9
5
2
7
6
1
5
4
0
1
4
5
3
4
0
0
9
5
4
6
0
7
15
3
2
7
-4
0
6
-1
5
2
2
6
1
0
-5
-1
1
-2
8
5
5
4
-4
9
12
-1
6
1
1
4
-2
1
6
5
4
4
5
2
-5
1
-1
-2
7
2
-1
9
2
-7
11
9
-9
2
-1
-1
12
-6
-9
-2
-2
2
7
2
-12
11
8
-12
8
0
-9
4
5
-6
-10
1
13
15
10
8
-3
-10
-4
13
6
-7
0
-5
1
5
-7
0
-1
-3
4
0
0
8
5
6
9
1
-2
1
3
-1
-8
12
10
-8
10
0
-8
10
2
-3
6
-7
-2
11
-1
-5
-13
-9
7
8
0
0
6
-3
-2
0
5
-1
-9
0
-4
10
6
2
-1
-4
24
4
4
17
-5
-7
4
2
-8
3
-7
8
21
-6
4
3
1
0
-5
29
-5
-7
23
-17
6
28
-6
-11
15
5
-8
12
-4
-15
14
13
-8
0
-16
-20
19
7
-5
11
6
-17
0
13
-15
-6
0
3
-4
0
5
-12
1
2
5
-4
-3
3
-4
13
-2
-7
5
-7
-5
4
-7
-7
13
0
-10
5
2
-2
9
-11
-1
5
-16
9
-1
13
10
-2
14
-26
10
9
-28
1
6
2
13
20
-21
4
10
-24
18
6
-2
16
-5
4
15
-15
11
8
-13
-8
10
-3
8
22
-1
0
25
14
-3
7
-1
-19
0
15
6
11
11
-14
-10
14
-8
5
11
14
12
-8
3
4
-9
5
9
-1
39
-11
-19
14
-5
12
-5
-2
16
0
-8
9
22
-5
-10
6
9
-6
4
3
5
7
5
-18
8
3
-12
8
12
14
3
1
4
-6
6
12
-15
9
16
1
9
8
-5
0
6
-7
18
5
-6
-3
1
-25
-2
34
-17
20
-4
0
9
-32
21
9
-32
31
-3
-37
41
18
-46
11
29
-67
35
17
-11
21
-20
10
3
0
2
-5
3
-18
8
9
-12
9
11
-23
21
13
-29
19
7
-8
11
-19
-1
-2
-16
0
7
12
-16
3
0
10
-9
9
-4
-3
31
-29
-1
23
-20
-1
23
-17
5
16
0
0
30
-10
-42
16
2
-11
11
-9
-7
3
-4
-10
16
4
-3
3
17
-32
11
12
-27
23
16
-29
-2
43
-18
8
35
-37
15
37
-11
4
7
-32
36
-26
4
22
-34
27
-36
17
-1
-26
1
21
-8
17
10
-26
36
-4
9
17
-21
12
8
0
-1
5
33
-32
-11
48
-24
-7
48
-31
3
10
-19
11
-15
8
-3
11
10
-41
32
-6
-38
56
-4
-21
22
-20
6
16
5
41
-15
-5
60
-32
16
24
-43
50
-27
-22
22
-39
11
2
10
9
-24
-4
-27
13
54
-40
0
52
-62
39
61
-77
60
36
-85
65
25
-68
39
6
-39
20
9
-27
-3
54
3
-40
45
-3
-23
42
-32
2
32
-20
15
3
-18
5
18
9
-34
22
0
-15
31
-22
34
-11
-22
75
-18
-35
100
-84
12
52
-75
47
26
-17
20
-45
41
5
-39
71
-56
-13
81
-109
41
67
-136
87
58
-104
60
-7
-67
49
25
-38
7
30
-40
10
27
-50
30
24
-63
56
59
-53
37
4
-58
69
-16
-50
26
-25
30
-1
-3
65
-25
-65
40
2
-54
75
-37
-2
40
-29
43
-69
37
-1
-56
81
-39
-10
29
-2
9
5
7
-26
-8
26
-7
-40
46
-14
-50
93
-42
-10
77
-112
36
49
-87
68
13
-68
35
19
-92
10
64
-82
60
46
-100
55
-13
-29
59
-25
-4
23
33
-44
-10
89
-87
-4
79
-97
52
60
-66
-12
22
21
-36
13
7
-48
20
13
27
-21
-68
123
-102
25
33
-28
17
-17
29
-37
22
78
-44
-8
73
-50
14
65
-110
80
-2
-81
91
-3
-79
109
-90
33
27
-63
23
-6
15
-70
96
-37
-48
42
38
-87
114
8
-56
76
-39
-26
85
-7
-92
131
-37
-67
148
-58
-87
157
-76
-37
126
-75
4
39
-21
16
-12
-28
81
-93
83
-2
-44
53
-72
78
-47
-15
128
-164
101
43
-150
136
-30
-46
24
39
37
-71
69
27
-88
29
56
-82
11
31
-46
-4
116
-149
47
53
-86
86
-36
-50
88
-65
19
90
-86
49
0
-2
-5
-7
26
0
-42
6
-38
33
40
-62
18
29
-46
49
-55
65
-61
-39
84
-60
25
72
-47
-32
93
-54
21
15
-47
18
-6
-19
22
6
-57
35
52
-63
27
17
-61
36
22
-25
53
-11
-46
20
-10
8
-28
-51
79
-8
-68
47
-12
-14
56
-53
-10
107
-75
19
81
-129
69
78
-162
109
25
-106
132
-49
-62
77
72
-210
181
-21
-140
157
-55
-55
36
108
-159
67
78
-116
24
90
-156
144
-48
-62
203
-272
203
-16
-179
163
-28
-118
81
87
-200
115
84
-170
96
52
-65
51
85
-105
15
94
-92
-40
122
-72
-8
39
-118
99
-24
-55
63
-40
-11
44
-10
15
-49
18
29
13
54
-93
28
108
-76
2
57
-34
-25
122
-184
126
38
-192
236
-175
45
42
10
-106
161
-70
-12
105
-112
56
-117
162
-84
-73
196
-125
-55
188
-96
-96
191
-75
-48
92
-55
37
42
-51
30
28
-112
-37
177
-218
183
-1
-147
100
4
12
-55
87
42
-95
83
-21
-60
128
-104
30
60
-133
88
81
-96
18
-28
79
-95
148
-99
-69
121
-61
64
-62
24
-58
51
10
30
-34
64
-100
89
37
-103
118
-117
105
-47
70
-74
-4
91
-180
168
-68
0
-10
26
-8
31
-2
-104
127
7
-100
61
55
-57
-30
-6
71
-101
42
14
-150
197
26
-134
149
-97
85
-28
-21
59
-143
129
-105
7
7
41
-84
67
83
-173
112
40
-146
49
160
-345
307
-84
-185
289
-240
72
76
-139
98
-7
-56
34
27
55
-167
161
-69
114
-190
91
71
-173
239
-193
13
65
25
-202
217
14
-299
555
-546
137
334
-483
407
-157
-16
115
-107
7
-33
86
-121
103
-94
73
2
13
-75
118
-79
-15
192
-262
198
-18
-89
28
109
-51
-173
273
-91
-256
442
-189
-253
512
-388
-72
382
-350
-15
349
-385
136
254
-484
412
-108
-243
445
-304
1
276
-299
130
24
-31
37
-72
70
-40
-18
241
-135
-169
351
-244
31
31
1
-107
29
94
-36
-104
184
-40
-203
412
-247
-33
112
37
-138
111
137
-394
341
15
-259
317
-188
-8
54
-3
153
-244
157
146
-468
503
-252
-149
348
-123
-184
265
-23
-236
285
-162
39
-46
158
-69
-63
144
-215
76
140
-160
77
-52
60
18
-64
121
-99
9
40
14
-132
219
-130
-64
79
108
-247
157
235
-495
359
-56
-58
62
-78
183
-300
197
94
-314
386
-250
8
77
12
75
-194
256
-225
-19
334
-322
62
118
-53
-85
4
125
-257
237
-30
-124
32
271
-356
73
311
-551
399
-22
-148
162
-118
95
-186
169
-52
-53
20
150
-118
-93
353
-333
66
147
-164
-27
100
6
-152
111
105
-240
151
-20
-4
38
-16
80
-181
84
44
-116
116
-50
-8
7
108
-230
153
72
-272
144
298
-538
473
-142
-318
482
-329
134
-97
89
21
-246
412
-295
61
64
-156
203
-28
-151
264
-328
278
-62
-196
359
-298
110
54
-166
243
-335
362
-203
-63
339
-417
252
0
-143
56
-5
51
-23
69
-179
295
-149
-195
476
-419
163
110
-329
398
-314
75
180
-430
398
-55
-158
137
74
55
-444
604
-239
-249
372
-194
-26
132
-73
-106
262
-197
-65
266
-175
-41
191
-163
82
96
-250
261
-179
155
-253
157
91
-263
323
-228
123
13
-171
276
-89
-243
310
-137
-126
101
215
-486
438
6
-443
631
-425
-5
284
-199
-29
128
-92
-23
97
-25
-52
178
-239
151
89
-228
220
-69
-120
142
-12
-50
76
83
-183
183
53
-242
76
238
-371
195
34
-63
-134
300
-239
-20
344
-476
285
39
-242
215
5
-169
121
-30
94
-140
92
13
-75
184
-180
10
139
-195
169
-15
-72
63
3
15
-53
21
-64
-84
226
-195
257
-240
230
-72
-175
464
-611
265
238
-385
177
43
-241
288
-116
-68
105
-34
-60
-8
245
-415
279
81
-363
369
-263
223
-243
119
177
-384
334
-165
49
-88
262
-220
-86
414
-523
378
8
-229
61
193
-149
-139
418
-442
155
114
-229
196
58
-282
154
112
-399
572
-409
-60
429
-556
527
-85
-253
195
-57
15
-46
169
-156
-87
185
-95
-10
111
-219
155
-1
-90
-12
248
-458
397
-10
-333
471
-474
241
73
-367
457
-246
10
168
-195
181
-35
-200
339
-86
-237
286
-135
-78
176
-48
-133
133
-61
-79
243
-289
176
101
-208
48
200
-240
181
29
-192
93
17
15
-116
315
-465
278
-73
41
52
-192
397
-562
368
11
-278
399
-277
-159
336
-258
252
-134
-50
192
-133
26
125
24
-336
318
-220
106
98
12
-135
-113
518
-483
324
-86
-252
225
-2
58
5
-31
-253
391
-221
-40
174
-53
-133
205
5
-275
203
-43
48
-10
122
-186
228
-329
187
205
-472
620
-363
-62
262
-111
-49
74
-214
225
-61
-99
216
-193
-21
286
-175
-85
273
-275
259
-230
73
148
-158
35
34
-149
98
35
-221
432
-393
120
229
-556
684
-407
69
81
-332
326
36
-289
272
-73
-48
282
-533
416
-105
-247
482
-179
-224
383
-326
12
277
-150
-48
12
61
-54
162
-64
-249
385
-276
95
123
-247
64
32
66
-52
108
-181
95
-44
-9
113
-127
-58
286
-326
23
324
-130
-385
660
-443
-85
501
-335
-132
243
-95
81
56
-150
128
-95
65
111
-244
173
-55
-159
224
41
-156
43
58
-177
139
91
-231
255
-211
284
-303
171
239
-624
610
-400
-39
511
-611
334
215
-503
312
173
-389
214
58
-126
-65
151
-154
128
-90
95
61
-266
283
-139
33
63
-92
-37
69
-10
118
-311
174
224
-553
405
155
-596
527
-176
-46
118
-36
-36
-72
314
-413
267
2
-222
177
-175
260
-72
-300
589
-491
101
512
-651
304
102
-557
677
-270
-281
525
-213
-187
290
30
-373
337
-108
1
110
-74
98
-6
-140
-2
107
-91
68
-17
-74
25
265
-371
109
447
-838
426
497
-1078
866
-170
-615
978
-775
154
584
-760
484
-86
-384
717
-638
304
86
-646
825
-323
-423
749
-394
-103
386
-455
347
-151
-106
362
-666
787
-453
-277
970
-1119
763
-3
-492
412
-225
143
-24
61
-27
35
-135
70
121
-28
-69
-115
167
-40
98
55
-258
101
-18
-8
150
-208
106
164
-359
371
-221
5
-2
102
-110
-96
381
-493
447
-103
-228
25
336
-182
-198
455
-281
-292
441
23
-239
204
-125
137
-242
255
-147
-13
345
-652
458
20
-443
659
-475
137
150
-424
525
-278
-7
208
-322
361
-311
261
-241
229
-348
216
131
-213
55
-17
151
-368
580
-336
-310
642
-353
45
245
-483
528
-611
520
-12
-794
1291
-1012
69
1066
-1451
878
33
-587
767
-668
441
-30
-598
761
-526
256
25
-153
4
220
-378
380
24
-440
564
-379
-52
417
-539
459
-199
-136
322
-284
168
-147
367
-618
551
-227
26
400
-850
921
-861
390
466
-976
702
29
-623
1014
-619
-136
714
-922
438
196
-457
366
-169
-64
83
150
-260
205
-70
27
-14
91
-95
54
158
-483
537
-314
111
235
-658
597
-249
104
233
-484
652
-409
-50
77
-223
631
-492
201
75
-292
322
-457
629
-394
-75
307
-361
453
-215
-173
215
-72
-72
340
-355
-123
219
-159
290
-167
153
-357
326
218
-562
506
-229
-204
164
263
-448
346
41
-287
326
-284
290
-220
123
-133
-137
528
-628
178
334
-587
601
-266
-112
219
-179
208
-146
-1
112
-322
293
-57
-22
37
-18
180
-528
862
-829
500
126
-551
597
-653
559
-237
-85
260
-144
-20
-132
528
-565
47
104
244
-269
-171
561
-474
153
-37
61
-22
-93
354
-376
285
-159
-52
-39
17
332
-176
-230
352
-90
-411
352
-141
126
-24
-70
254
-302
74
376
-542
359
-266
-30
482
-505
129
210
-581
1023
-798
80
517
-828
949
-795
256
413
-442
-250
529
-176
-292
664
-720
449
123
-527
748
-517
-107
353
-81
-217
362
-208
-324
476
-73
-294
419
-225
-37
218
-138
-248
544
-157
-411
433
-138
-135
300
39
-446
226
243
-703
915
-284
-755
1189
-912
493
129
-680
744
-377
-329
801
-346
-252
165
-50
-75
379
-383
-112
515
-290
-286
534
-262
-335
750
-681
267
409
-771
347
171
-322
-72
720
-881
226
674
-955
447
247
-496
210
301
-375
108
360
-826
981
-780
206
563
-793
418
-181
114
-157
279
2
-458
444
91
-562
451
120
-431
356
-403
343
-40
-432
1033
-1040
313
473
-718
650
37
-270
-303
618
-183
-341
655
-727
278
470
-1161
1236
-687
-70
885
-947
512
-33
-115
-264
560
-554
53
604
-790
730
-350
118
80
-332
515
-594
566
-227
-270
544
-454
221
-217
245
-225
173
-84
81
58
-164
467
-491
-77
283
-303
2
727
-1030
649
336
-999
1114
-542
-286
383
-362
338
96
-213
47
282
-816
705
-151
-496
816
-655
325
126
-387
646
-802
135
902
-1181
624
55
-546
593
-523
611
-130
-387
329
-294
287
-150
-62
141
1
-316
460
23
-674
924
-539
-290
893
-617
17
90
-81
344
-581
510
-403
-106
523
-438
444
-285
283
-235
-235
389
-364
75
274
-332
269
-130
306
-353
-40
372
-1002
1206
-509
-437
1071
-1094
536
369
-722
377
230
-549
358
187
-401
105
324
-444
-55
693
-506
-47
285
-296
129
18
-50
305
-595
505
-106
-330
520
-181
-14
-38
181
-216
-43
162
-24
-60
210
-376
368
1
-394
486
-576
674
-397
-269
554
-688
905
-365
-475
867
-795
178
691
-928
710
-180
-172
445
-797
707
-254
-530
1128
-640
22
403
-461
237
-376
477
-130
-103
117
-112
-197
571
-39
-761
1153
-903
208
481
-1022
1305
-829
-166
950
-949
565
-108
-223
189
-278
554
-178
-312
574
-927
634
-147
44
148
-573
691
-350
263
-113
-54
31
92
-144
-248
612
-256
-376
404
-153
41
34
-45
104
-280
473
-256
-79
76
-167
83
309
-322
-107
623
-889
516
-135
-74
376
-345
89
171
-462
632
-416
-109
756
-1581
1361
-131
-641
744
-806
224
523
-203
-290
273
-174
384
-235
-26
94
-174
225
-337
198
350
-584
158
430
-686
689
-661
206
345
-609
543
34
-596
677
-152
-487
773
-822
461
413
-1002
861
-349
-119
236
-266
98
116
116
-169
33
54
-145
46
355
-532
439
-109
-464
384
123
-251
194
15
-307
435
-452
424
-43
-296
76
-87
455
-305
28
201
-475
134
598
-565
93
116
-488
307
314
-134
-269
463
-660
496
234
-624
316
165
-303
-82
622
-554
-26
200
-381
1025
-865
200
-107
138
-201
320
75
-719
960
-851
492
156
-946
798
-255
-9
206
233
-481
-151
881
-807
347
373
-936
651
-202
174
-102
124
-118
116
-336
692
-623
-491
1147
-1029
812
-268
-267
510
-583
565
-274
108
169
-562
533
-72
-441
691
-414
-302
562
-154
-445
505
18
-413
832
-874
550
78
-555
843
-925
257
276
-118
-150
505
-514
77
451
-920
986
-533
-145
308
-100
149
-447
545
-269
181
-144
-6
83
75
-64
-229
464
-322
94
88
-449
386
-173
-277
542
-350
2
298
3
-61
-72
178
-171
274
-122
-37
-181
428
-352
-54
109
-413
827
-422
139
54
-149
233
-234
-29
-27
-341
567
-82
-341
826
-749
-58
598
-601
477
-147
-171
26
208
-192
-68
502
-467
133
-80
174
-278
536
-31
-676
550
-81
-209
550
-358
-301
279
154
-6
-507
529
-386
249
76
-302
473
-658
303
154
-339
415
-175
-50
-85
143
-154
72
271
-449
430
-114
-281
213
-113
374
-329
91
-102
14
227
-359
673
-820
239
478
-805
1032
-770
-85
547
-531
680
-689
16
402
-601
617
-452
204
538
-1182
1013
-272
-323
436
-510
323
262
-468
186
-42
-240
606
-706
408
238
-426
465
-665
531
-418
6
751
-969
505
-31
-218
397
-125
-239
6
418
-218
190
-599
678
-551
35
585
-869
868
-306
-87
216
-154
-71
50
-277
289
131
-296
388
-393
383
-27
-525
354
315
-277
-147
288
-179
89
51
-271
175
-24
-141
112
186
-256
133
-66
213
-473
563
-300
-246
719
-1101
986
-105
-454
344
-365
350
-8
67
-214
129
-270
300
298
-502
339
-61
-264
225
154
-398
111
154
-239
232
51
13
-268
431
-323
-262
833
-1076
806
-46
-649
879
-865
757
-273
28
-49
-293
696
-730
611
-483
-31
567
-605
381
-283
117
140
252
-341
63
-172
-356
932
-477
-45
69
32
44
-158
320
-517
625
-254
-539
873
-317
37
141
-589
460
49
0
-85
-28
160
-547
795
-224
-775
1258
-767
-196
1070
-1214
132
967
-1206
661
213
-838
667
-201
-224
522
-308
-155
157
90
-77
-9
248
-356
20
302
-380
510
-245
-388
706
-357
-672
1081
-748
286
380
-799
403
21
111
-302
357
-194
-203
570
-614
420
-70
-218
175
174
-282
-220
414
-230
404
-159
-534
921
-539
81
129
-180
86
-462
901
-914
722
78
-973
1159
-782
394
162
-636
717
-123
-205
192
-36
-391
201
322
-562
478
-132
-183
336
-274
500
-163
-191
-35
104
-124
59
-27
-254
145
-16
11
278
-36
-269
129
42
-328
741
-782
100
47
38
387
-291
-86
130
62
-384
427
-186
-21
-71
-6
111
7
75
-194
-103
278
-132
348
-328
53
149
-127
92
-176
-88
121
-157
-71
676
-279
-43
17
-266
-19
531
-374
-187
348
-194
199
39
-323
-20
179
-99
-154
503
-252
-370
479
5
-451
474
118
-563
612
-151
-577
697
-184
-325
224
-77
270
10
-205
-17
-183
-23
382
-213
-10
326
-484
487
-45
-174
77
-176
519
-725
638
186
-1137
1248
-597
-108
676
-882
940
-927
245
374
-602
822
-293
-209
293
-99
-461
542
106
-544
339
-40
223
-299
140
-39
-270
492
-248
-74
463
-301
-75
364
-410
-11
-10
313
-154
-153
448
-487
-17
529
-503
210
-190
194
97
-145
-201
108
288
-106
-494
904
-597
-466
1505
-1482
596
291
-749
548
170
-549
-1
654
-668
350
-48
248
-672
764
-356
-185
837
-1129
678
-169
7
331
-167
80
-183
121
-524
520
-373
73
338
-539
696
-643
424
-399
157
140
-633
545
-132
-168
591
-715
597
-70
-274
518
-368
-174
375
-500
392
346
-369
-41
2
163
-48
196
-115
-655
705
-161
-151
710
-1126
308
48
73
133
-47
-19
-195
516
-406
212
-8
-249
478
-730
180
785
-937
448
208
-686
306
273
-287
130
95
-553
248
456
-394
149
24
-136
-28
325
-292
-162
391
-732
512
199
-132
14
28
-381
352
230
-363
450
-637
-22
246
113
148
-375
273
-197
-63
433
-224
-330
352
-347
126
359
18
-430
268
-148
-22
616
-514
131
-328
161
234
-222
517
-692
166
151
-307
862
-542
-271
501
-493
364
217
-351
219
-377
172
-43
373
-109
-354
202
-357
565
-289
421
-260
-551
1018
-954
970
-233
-544
570
-497
684
-235
-305
206
-175
-58
445
-25
-335
107
10
40
196
-59
-40
-173
-39
46
83
-73
387
-292
21
-229
127
172
-187
136
265
-515
134
516
-529
-166
347
9
-89
424
-336
-277
246
122
-198
436
-97
-321
226
0
-429
592
-271
-690
891
-183
-143
-115
201
-379
320
323
-564
308
-332
-89
471
-258
55
-237
327
-137
295
-81
-306
334
-503
364
-57
-232
333
-156
189
-142
-83
434
-820
637
-232
-216
692
-928
628
-238
-134
270
38
129
-464
627
-350
20
-8
-218
359
-245
233
-222
79
99
-226
561
-576
230
332
-685
566
-245
-26
249
-404
456
-127
-329
357
-239
-101
371
-22
-46
-62
-113
401
-175
-299
100
51
100
-229
219
-63
-44
313
-602
640
-108
-329
-43
300
22
-367
316
-382
538
-199
273
-395
75
235
-496
404
3
-254
225
-94
-39
304
-347
281
-59
-498
467
38
-92
45
-217
-29
160
38
13
-35
184
68
-595
446
-59
-150
147
-376
363
-11
-169
476
-462
51
122
-52
239
-224
166
-295
259
-95
358
-385
97
149
-348
357
-131
94
-342
265
-221
314
-183
-118
101
-256
533
-333
85
166
-417
299
-128
112
200
-688
615
-212
-91
394
-167
-89
268
-596
331
234
-566
627
-281
-231
366
75
-174
289
-222
-269
245
-190
338
-445
617
-510
-12
397
-648
525
-5
-433
372
185
-410
385
-222
72
-38
63
67
104
-141
-259
204
62
223
113
-475
138
65
-122
358
29
-384
66
-37
-170
758
-285
-349
-83
174
-111
-163
502
-219
-253
356
-154
71
291
-492
255
-55
165
306
-659
124
50
-184
537
-317
-18
157
-349
100
341
-236
107
-282
123
244
-194
81
-116
-64
200
-230
153
339
-653
411
-123
129
213
-448
350
-422
1
159
-86
239
-329
177
54
-175
360
-47
-303
92
362
-667
846
-393
-402
526
-596
670
-286
-67
-52
-134
445
-549
793
-212
-502
454
-286
510
-196
-143
5
65
-211
378
17
-612
568
-217
-209
695
-565
152
-182
127
99
-219
487
-717
251
390
-686
770
-251
-213
394
-314
214
122
-48
-255
8
-63
128
-237
-8
128
-183
40
90
180
45
179
-378
9
141
137
-399
293
95
-135
101
68
-154
46
271
-664
472
-70
-338
271
-32
-159
243
-114
133
15
45
-12
-197
315
-461
313
-110
-216
375
-218
111
144
-296
138
-158
259
-172
-13
296
-381
263
-151
-121
493
-336
-51
174
-103
37
116
-43
-89
120
-73
49
-47
-124
256
-389
253
67
-170
53
-109
109
156
107
-7
-272
115
191
-238
527
-382
-288
273
-351
505
64
-472
238
-165
170
132
10
21
-224
301
-216
48
308
-384
55
103
-99
-29
106
-82
15
-23
129
-105
-210
190
-516
585
-205
-165
514
-479
91
146
-249
66
156
-282
323
-63
192
-196
-165
415
-533
367
97
-546
473
-97
-89
263
-40
-251
38
-137
108
51
59
35
-159
114
-41
82
206
-335
199
-68
-437
708
-431
229
-185
-149
303
-173
509
-533
298
7
-295
22
256
-249
-153
436
-804
756
237
-687
455
-357
91
219
0
-212
198
42
-171
122
136
-292
46
-200
-19
182
-14
16
144
-147
11
369
-435
273
-182
-128
-63
362
-49
-68
218
-370
230
299
-114
-163
37
-331
19
658
-341
-148
290
-462
368
217
-263
121
-164
-68
31
237
-68
-43
-169
-110
115
247
-28
-213
140
-288
193
222
-122
-64
23
-58
26
412
-433
225
-34
-319
548
52
-209
80
-216
-77
439
24
-222
15
-121
-103
244
222
-246
-20
-200
182
-26
249
-95
-304
231
-440
445
36
-218
96
-238
208
-150
454
-136
-232
0
-46
177
246
-132
-154
24
-29
91
10
13
-28
-51
-9
-19
283
-228
-114
146
32
-137
298
-111
-102
60
-159
107
166
53
-103
-103
70
-94
-81
293
-480
244
-18
-88
110
211
-164
-119
88
-31
26
-94
-10
-220
218
-59
-72
477
-370
-125
216
-328
350
-20
-152
314
-194
90
-31
119
-267
3
126
-206
46
-43
63
-14
405
-300
327
79
-285
-118
148
-43
-63
260
-337
-45
342
-249
-31
95
3
-121
53
124
-136
112
9
-175
258
-110
-155
212
-5
-64
237
-56
-162
318
58
-68
94
-21
-515
396
-20
-246
349
-75
-173
72
43
-199
119
35
65
-49
114
-53
-207
392
-343
115
-39
-170
282
-2
-10
20
3
155
-144
146
-61
-152
183
39
-83
164
124
-357
224
-90
-80
75
-43
-212
159
122
-268
170
-141
-160
77
234
-34
-9
38
-135
212
106
-129
-181
290
-404
-100
402
-211
91
152
-484
211
280
-263
95
164
-362
356
-72
11
-53
-88
-142
-110
440
-255
131
-126
51
-7
116
122
-304
312
-273
-121
416
-241
-21
108
-377
427
-191
76
79
-376
181
-195
179
27
-82
-62
-90
65
25
20
-82
63
138
-218
223
-46
95
-26
43
-125
134
71
-272
269
-68
-251
212
84
-364
61
-123
-132
441
-124
266
37
-98
-24
-187
178
-226
151
135
-429
228
366
-570
149
218
-560
397
118
99
-96
75
37
-431
634
-304
-280
601
-299
-264
435
-4
-164
157
-33
-210
428
-142
-135
64
-75
-72
247
-269
-21
219
-211
27
232
189
-257
312
-42
-116
351
-299
18
-156
113
-21
-54
-67
-253
149
44
52
228
-422
225
262
-293
473
-148
-130
52
215
-16
-22
-37
-390
145
-53
104
-91
-147
44
104
117
-45
120
-277
178
126
67
-204
173
-27
-303
293
-13
-72
85
-25
0
177
32
-25
-240
219
-90
19
-147
72
74
-247
77
-79
285
-28
-105
314
-427
261
180
-353
243
-237
-161
275
-59
-98
13
9
-250
73
293
-194
-63
364
-91
-140
531
-93
-186
134
-206
152
60
-142
63
89
-242
-178
410
-164
-241
228
-347
42
238
-339
108
70
-203
100
-3
31
-73
188
22
-167
312
-232
-80
177
-66
-199
276
-278
-19
137
-276
-30
274
30
-168
227
-95
71
-27
151
-109
-50
-169
-270
325
-177
-94
52
-123
178
252
-44
-212
-32
-343
199
187
60
61
-352
33
-28
291
61
-161
25
-357
152
327
-217
-232
-22
-49
172
277
-267
69
123
-219
296
187
67
-472
128
12
-155
526
-2
-588
518
32
-54
730
-190
-211
209
42
117
340
-98
-602
308
130
-172
375
148
-590
-30
50
165
85
140
-410
-95
336
-59
91
8
-123
37
28
-57
38
132
-568
110
468
-231
128
91
-298
-287
-175
130
35
-399
-158
-36
178
-393
354
75
-403
12
-278
-98
-118
159
-327
96
267
-208
403
0
-148
407
-334
-81
280
194
21
-100
245
-11
243
283
-124
156
321
46
197
610
-52
7
726
12
263
859
-449
305
564
115
128
358
-206
-25
347
-123
84
230
-246
-404
183
-47
-700
233
-334
-424
272
-12
156
-417
-208
466
-671
-197
270
-987
352
-16
-146
-60
386
-418
-176
17
-794
231
-599
-165
-284
-183
16
-871
-8
-301
-533
770
-709
-228
414
-740
-224
75
-612
-703
-179
-903
-856
199
-615
-522
-349
-835
-885
-856
-303
-984
-719
-383
-1321
146
949
879
1685
1269
1092
1777
1681
1619
1386
714
959
881
1029
1469
796
630
502
133
530
199
-429
-573
-1151
-705
-146
-214
257
-327
-566
-79
-191
130
200
-117
-95
202
611
1086
1028
426
475
549
575
973
1013
785
158
241
688
85
6
-72
-1091
-1141
-144
-649
-978
-445
-1209
-849
-517
-762
-285
-616
-860
-1201
-521
170
-490
287
-163
-1003
218
-207
-441
304
-317
-654
-262
292
-71
-670
-336
-1189
-1118
279
-1159
-1599
-344
-1686
-1521
26
-810
-1144
-636
-895
-1658
-2258
-2210
-2497
-1019
1624
1232
1387
2985
2418
2876
3803
2384
1873
1898
1184
1363
2507
2695
1264
1495
1989
1055
956
171
-1248
-1374
-1227
-1477
-598
25
-1185
-1429
-787
-804
-720
-857
-1469
-1348
-514
-22
411
1031
1002
515
773
1354
1282
1009
908
929
1350
1829
2033
2222
2169
1478
827
712
474
58
-339
-738
-1157
-833
-493
-1145
-1184
-1185
-1657
-1706
-1124
-936
-1106
-594
-685
-58
37
-858
32
-109
-887
-598
-963
-1075
-151
540
633
-34
-560
-535
-1120
-884
-500
-800
-1058
-1502
-1285
-1271
-1479
-1270
-1656
-2513
-2339
-1934
-2148
-1603
-1511
-2239
-2991
-3771
-4916
-4688
-506
2953
3199
3281
3576
4956
6640
5804
4126
3470
2742
2549
3755
5194
4724
2583
1763
1912
1390
517
-1361
-3215
-3429
-2548
-1276
-680
-1235
-2239
-2701
-2501
-1863
-1606
-1993
-2233
-1978
-242
1101
1521
2339
1738
865
1337
2218
2719
2432
1930
2169
3201
4082
4237
3537
2199
923
757
1426
1259
240
-765
-1654
-1828
-1141
-1563
-3087
-3733
-3510
-2952
-1971
-1001
-636
-398
-614
-527
628
337
-717
-770
-789
-867
-526
73
-316
-1098
-954
-1173
-1542
-1169
-1195
-1280
-1219
-1475
-1314
-1454
-1598
-1336
-2055
-2735
-2515
-2404
-2631
-2719
-1879
-1357
-2979
-3755
-3043
-2985
-3322
-5915
-8549
-6480
-145
5679
7063
6236
5768
7194
9048
8538
7073
5053
2846
2586
5557
8728
7359
3277
478
215
803
31
-1354
-3746
-5933
-5118
-2391
-60
131
-1740
-3766
-3710
-1836
-732
-1455
-2705
-2204
-93
1806
3213
4088
3064
1176
1012
2463
3638
3291
2623
2765
3687
4286
4432
4163
2478
909
-151
-466
14
-2
-612
-1731
-1720
-817
-1420
-3188
-3718
-3598
-3809
-2824
-1387
-53
409
-328
-346
-93
-132
-524
-1136
-964
-823
-894
-835
-788
-450
-953
-1755
-1546
-1077
-1013
-1750
-2450
-2023
-1012
-253
-800
-1778
-2118
-3294
-3244
-2019
-2215
-2610
-3068
-2537
-1921
-2500
-3247
-4178
-4249
-5745
-9107
-8949
-2839
4742
8204
7454
6474
8218
9992
8815
6616
5510
4160
2795
4394
8330
9364
5521
1960
138
-353
-70
-1786
-3952
-5432
-5159
-3361
-1497
145
-1007
-3529
-4924
-4375
-1881
-807
-1355
-1979
-671
2118
3343
4460
4101
1869
294
398
2762
3916
3014
2497
3262
4400
5003
4787
2920
190
-1276
-1066
-716
-105
-990
-2321
-1867
-1277
-372
-1179
-2928
-3793
-3925
-2639
-1450
-592
-473
-823
-598
-19
195
-403
-1138
-1695
-1257
-367
-135
-123
-605
-1461
-1700
-1581
-1398
-1122
-1604
-2313
-2307
-2130
-1967
-1631
-1291
-1342
-2184
-3284
-3277
-2221
-2032
-2854
-2799
-2272
-2514
-2576
-2255
-2506
-3658
-6426
-10153
-10860
-5464
3312
8783
8019
5479
6464
10068
11629
9640
6558
4325
3420
4857
8476
10583
7666
1820
-1447
-563
723
-871
-4441
-7071
-6946
-4229
-689
1155
-173
-3564
-5880
-4745
-1434
376
-873
-2494
-1629
1549
4981
6370
5005
2064
82
599
2909
4281
3350
1868
2267
4911
6291
5751
3444
-43
-2033
-2366
-621
160
-777
-1297
-1732
-1257
-1040
-1520
-2652
-3792
-3270
-1874
-368
894
1125
89
-886
-641
207
29
-1312
-2343
-2203
-757
488
599
27
-1706
-2934
-2361
-1844
-1544
-1788
-2606
-1993
-1213
-1427
-1163
-1582
-1949
-1442
-2295
-2283
-1546
-1836
-2168
-2551
-1503
-1237
-2337
-2577
-3946
-4568
-3776
-4497
-7127
-10484
-8884
-332
8095
9822
6396
5284
7462
8605
8366
8276
7614
5297
4411
7187
10159
8949
2989
-2308
-3097
-2183
-1456
-2238
-4580
-5411
-4726
-2802
-144
350
-2222
-5785
-6043
-2324
787
870
-646
-1124
294
2736
4672
4634
2985
819
428
2238
4595
5317
3767
3428
4412
4935
4049
2446
1149
-1007
-1871
-514
1149
818
-1415
-2642
-2890
-2453
-2179
-2688
-3081
-3252
-2520
-1286
108
1130
428
-527
-433
420
945
109
-509
-472
-259
-71
-381
-535
-1414
-2568
-2925
-2500
-1519
-1650
-2034
-2179
-1726
-815
-786
-891
-1540
-1959
-2148
-2290
-1630
-1868
-2707
-3074
-2468
-1170
-833
-1789
-3261
-4199
-4348
-4194
-5376
-8258
-10274
-9285
-2117
7422
9526
6229
4328
6122
9692
9938
8340
7018
4874
4218
5669
8366
9325
4493
-1676
-3381
-1429
277
-1024
-3607
-5108
-4697
-2722
-1189
-757
-1563
-3819
-5259
-3263
223
1183
15
-978
-111
2614
4039
3780
3035
1573
1240
2552
4445
5465
4237
3080
3155
3622
3874
2921
1583
524
-145
-198
247
914
385
-1802
-3561
-3365
-2494
-2278
-2386
-2246
-1809
-1201
-411
330
587
-9
-845
-650
612
1374
826
100
9
193
3
-548
-1177
-1743
-2434
-2897
-2528
-1967
-1559
-1931
-2207
-1667
-1484
-1617
-2241
-2181
-1535
-1731
-1908
-2081
-2338
-2500
-2452
-1881
-1480
-2257
-3268
-3204
-3252
-3331
-3393
-4169
-4675
-6990
-10657
-9167
-842
8052
9571
5165
3864
7744
11230
9730
6375
5589
5112
4251
5472
8330
8767
3842
-2342
-3691
-771
667
-1728
-5057
-5961
-3752
-1011
-53
-973
-2682
-4144
-4454
-2189
1108
1259
-930
-961
1548
3816
4196
3253
2532
2488
2889
3477
3843
3738
2935
2191
2888
4259
4171
2133
-271
-967
254
1214
552
-353
-508
-1235
-2640
-2502
-992
-1048
-2979
-3686
-1905
-18
339
31
60
262
349
180
116
412
147
-614
-960
-76
1011
303
-1176
-2172
-2294
-2039
-2344
-2415
-2446
-2450
-2413
-2356
-1015
-682
-2182
-3157
-2867
-1440
-1043
-2067
-2328
-1618
-1253
-1444
-1948
-2331
-1891
-2118
-3025
-3615
-4117
-4031
-3741
-3697
-6395
-11695
-11312
-2062
8460
10798
5275
2891
6894
9846
8207
5467
5521
6279
5295
5935
9510
10298
4830
-1604
-3559
-1265
615
-943
-3511
-4762
-3781
-2351
-1780
-1069
-1516
-3714
-5513
-3664
976
3037
1071
-1000
102
2967
4579
4351
3256
1983
1079
1589
3416
5091
4889
2949
1828
2434
3763
3168
511
-1071
-1047
29
659
553
-320
-2519
-3894
-3037
-1057
-527
-1893
-3102
-2199
-195
959
1659
1376
492
-197
-141
1118
1286
226
-865
-1417
-336
477
-64
-1234
-2540
-3150
-3072
-2403
-1612
-1598
-2722
-3002
-2082
-1190
-688
-1961
-3044
-2799
-2083
-760
-181
-705
-1487
-1981
-1923
-1324
-1602
-2935
-3598
-2981
-1581
-1638
-3129
-3738
-3756
-4589
-7714
-11493
-9571
-565
8261
9848
5319
3078
6114
8670
8023
6751
6786
6618
5045
5740
9295
9446
4067
-1850
-3366
-1153
-160
-1762
-3298
-3505
-2660
-1903
-1962
-1892
-1915
-3281
-4604
-3090
730
2895
1578
-578
-539
1489
3397
3857
3218
2468
1928
2139
3523
4815
4234
2091
750
1996
3802
3088
1038
-489
-461
66
-702
-724
-802
-2368
-3279
-2593
-436
702
-928
-2213
-1536
-332
590
958
1391
1388
555
302
539
834
288
-1133
-1612
-1311
-989
-1040
-1419
-1754
-2385
-2840
-2908
-2164
-1246
-2058
-3022
-2811
-1897
-823
-1306
-2556
-2818
-2291
-1291
-374
155
-533
-2462
-2971
-1740
-741
-675
-1637
-2187
-2114
-2737
-2790
-2712
-3380
-3589
-4411
-6331
-9073
-9462
-2293
7323
10162
6076
2885
5709
8904
7752
5696
5721
6548
5707
5864
8923
9331
4786
-1055
-3853
-2305
-100
195
-1184
-2588
-2511
-1811
-1589
-2046
-2512
-3217
-4189
-3093
631
3334
1891
-973
-794
1810
3370
3204
2686
2167
1889
2483
3641
4132
3338
1889
1119
1818
2985
2837
1290
-171
-690
-568
-407
-391
-670
-1473
-1980
-1330
-138
337
-835
-2587
-2680
-1347
-23
829
853
574
567
374
216
300
38
-655
-1322
-1327
-638
-214
-885
-2401
-3375
-3265
-2959
-2819
-3001
-3343
-2970
-2251
-1668
-1041
-1128
-1999
-2789
-3065
-2151
-404
468
-136
-1224
-1568
-1219
-876
-700
-1102
-2175
-2942
-2416
-971
-775
-2343
-3279
-3044
-3682
-6692
-10364
-8919
-268
8156
8768
4274
3102
6577
8379
6780
6066
7202
7068
5285
5676
8914
9167
3764
-1748
-2924
-1454
-276
-626
-1840
-2221
-1809
-1885
-2114
-1654
-1547
-3207
-4964
-3423
786
3215
2118
153
-43
1227
2389
3056
3367
2719
1221
675
2155
4028
4046
2233
477
332
1596
2658
2427
1468
705
119
-495
-753
-694
-1161
-2125
-2282
-1265
-434
-634
-1130
-1300
-1405
-1401
-751
331
989
957
613
252
42
-4
-398
-1490
-2550
-2605
-2060
-1718
-1526
-1648
-2358
-3128
-3201
-2920
-2831
-2688
-2166
-1818
-1744
-1164
-921
-1147
-1305
-1017
-158
-151
-365
-665
-1544
-1828
-1661
-1077
-521
-739
-982
-1347
-1909
-2091
-2593
-2822
-2422
-2876
-5232
-9316
-10137
-3979
5189
9780
6453
2605
4486
7985
8267
6393
5612
5631
4712
5080
8521
10223
5918
-841
-3899
-2040
778
1015
-973
-2474
-2129
-1240
-921
-868
-1306
-2658
-3770
-2837
193
3079
3107
620
-940
-49
1337
1701
1918
2063
1294
604
1710
3206
2558
880
72
743
1691
2212
2372
1176
-13
-618
-629
84
535
632
-15
-587
-463
-217
-211
-789
-1502
-1689
-1104
-174
493
427
-372
-1209
-1582
-1422
-1184
-1385
-1883
-2204
-2042
-1563
-1222
-1586
-2536
-3462
-3479
-2147
-1047
-866
-1480
-2164
-1800
-1500
-1071
-517
-596
-773
-1282
-1148
-189
-32
-538
-1330
-1706
-982
-728
-1061
-1158
-1683
-2143
-2004
-1080
-112
-1190
-2979
-3246
-2779
-3122
-6127
-9610
-7496
912
8976
9402
4156
2742
6539
8710
7157
5598
6536
6683
4591
5031
7778
7669
2577
-3392
-4547
-2054
-128
-636
-2346
-2871
-2235
-1760
-1661
-1186
-696
-1428
-2620
-1323
2733
5288
3589
336
-450
1323
2999
3040
1995
1200
1109
1040
755
916
1219
433
-1036
-1037
964
2604
1872
-114
-939
-269
250
-91
-317
-106
-477
-1215
-611
1044
1246
-536
-2080
-2005
-892
352
932
348
-816
-1566
-1643
-1342
-1142
-1488
-2189
-2586
-2374
-1671
-848
-690
-1591
-2642
-2729
-2172
-1895
-1764
-1280
-928
-1204
-1445
-865
116
325
-648
-1658
-1368
-340
-26
-373
-579
-926
-1295
-811
112
152
-980
-2077
-1899
-793
-546
-1528
-2208
-1822
-1497
-2463
-4912
-8922
-10240
-4012
5734
10707
8101
4404
4948
6489
6307
5473
5993
6539
4472
3405
6071
8553
5992
-779
-5252
-4766
-2029
-21
-130
-1472
-2179
-1571
-943
-1072
-997
-583
-1109
-1888
-342
3212
5178
3582
749
-214
604
1333
1559
1864
1678
377
-673
58
1392
1076
-626
-1548
-847
483
1361
1418
828
91
-425
-566
-219
255
111
-542
-694
-73
372
-95
-1075
-1713
-1675
-1272
-831
-357
-1
-263
-1116
-1623
-1287
-849
-964
-1398
-1923
-2452
-2437
-1740
-1356
-1886
-2508
-2511
-2194
-1730
-1004
-581
-979
-1475
-1187
-463
-65
-39
-176
-357
-277
327
1009
1127
440
-685
-1406
-1217
-314
448
620
28
-1047
-1833
-1658
-1194
-1686
-2362
-2635
-2129
-1784
-3067
-6230
-8655
-4566
4109
9471
7531
3447
3905
5829
5826
5078
6125
7373
4977
2551
3929
6935
6726
1700
-3286
-4607
-2714
-90
430
-639
-1705
-2397
-2842
-2585
-779
817
-357
-2816
-2307
1564
4294
3088
502
-259
225
477
973
2102
2425
983
-781
-1073
78
1268
1185
-239
-1416
-738
1015
1666
871
140
-68
-461
-727
-11
961
652
-910
-2063
-1549
-22
630
-395
-1816
-2144
-1439
-517
205
460
-57
-1118
-1887
-1775
-1117
-741
-1064
-1813
-2402
-2369
-1716
-1013
-940
-1567
-2231
-2256
-1532
-504
219
240
-288
-722
-580
1
539
711
602
565
763
983
929
383
-573
-1271
-1085
-442
-211
-328
-317
-484
-1170
-1651
-1503
-1452
-2071
-2635
-1982
-368
509
-1338
-5419
-7440
-3240
4519
8395
6142
3034
3968
5880
5368
4306
4697
5545
3970
2134
3157
5446
5358
1231
-3026
-4100
-2589
-901
-846
-1644
-1794
-1226
-1351
-2065
-1555
69
201
-1543
-1886
633
3211
3064
1294
414
621
647
294
358
912
1051
144
-1119
-1343
-361
290
-456
-1430
-953
571
1312
743
116
209
216
-442
-702
347
1499
1091
-405
-1258
-1068
-821
-1059
-1323
-1101
-529
-155
-201
-256
-53
-162
-1110
-2113
-1898
-739
-175
-665
-1149
-1021
-875
-1111
-1329
-1240
-1116
-1227
-1332
-897
94
820
589
-142
-422
-69
382
608
762
935
850
359
-90
-44
201
80
-383
-718
-691
-477
-337
-352
-448
-619
-913
-1102
-716
-3
208
-444
-1337
-1466
-951
-696
-1549
-3396
-4564
-2555
2324
5946
5218
2260
1728
2816
2931
2466
2654
3730
3063
1349
1220
2386
2950
1287
-925
-2028
-1949
-1088
-234
-40
-311
-153
-196
-886
-1109
-154
871
493
-493
-333
741
1194
749
230
74
-187
-761
-900
-395
102
175
-302
-940
-820
-153
-77
-299
266
1163
1120
385
321
947
1112
621
238
433
827
742
259
-214
-560
-617
-499
-452
-285
-45
-188
-602
-689
-402
-245
-370
-581
-622
-330
-241
-697
-996
-949
-1148
-1564
-1678
-1293
-705
-342
-323
-442
-316
17
48
-160
-167
78
377
475
452
676
841
461
-89
-247
-82
16
-145
-361
-314
-147
-321
-738
-1036
-1320
-1515
-1226
-648
-399
-493
-569
-547
-578
-847
-1132
-1141
-907
-875
-1680
-3197
-3592
-1298
2273
4186
2961
1223
1683
2724
2510
1828
2456
3375
2632
1370
1167
2053
2437
1374
-178
-1215
-1104
-606
-520
-709
-779
-92
149
-583
-792
112
1020
492
-335
56
819
824
391
286
183
-294
-737
-672
-254
21
-127
-536
-633
-334
-84
24
208
539
959
1256
1396
1561
1527
1254
985
647
268
-64
-341
-395
-379
-444
-432
-557
-893
-1057
-869
-463
-217
-288
-343
-277
-327
-550
-695
-571
-400
-397
-550
-686
-640
-535
-519
-474
-464
-629
-746
-665
-263
232
382
226
107
106
-47
-87
3
263
422
13
-401
-692
-643
-487
-469
-439
-714
-776
-643
-573
-474
-561
-686
-653
-634
-810
-872
-611
-364
-637
-1094
-1281
-1304
-1381
-1914
-2861
-3231
-1644
1226
3280
3228
2084
1934
2137
1814
1407
1706
2508
2205
1197
909
1497
2014
1639
642
-226
-465
-259
69
161
49
207
403
123
-259
-35
520
452
-230
-424
87
401
105
-276
-155
96
-110
-441
-485
-292
-30
54
67
352
678
731
778
1175
1708
1826
1408
846
558
597
627
393
34
-201
-286
-441
-754
-993
-999
-961
-1105
-1225
-916
-325
65
87
-126
-267
-287
-399
-482
-476
-592
-729
-766
-755
-700
-702
-749
-685
-577
-510
-476
-506
-522
-371
-90
74
27
-43
50
264
431
439
388
365
189
-235
-550
-427
-183
-338
-781
-1109
-1226
-1227
-1077
-840
-696
-689
-701
-673
-719
-709
-807
-998
-1017
-860
-591
-777
-1394
-1983
-1752
-114
1910
2868
2540
2207
2412
2419
1844
1566
2005
2252
1909
1300
1261
1535
1566
1208
425
-137
-406
-325
-196
-149
94
300
245
-148
-291
88
460
226
-112
79
419
446
123
170
398
397
280
40
-62
27
168
142
132
375
787
916
752
852
971
985
735
342
291
370
163
-307
-450
-379
-487
-666
-840
-856
-697
-551
-512
-544
-548
-300
-6
31
-70
-256
-515
-729
-816
-850
-667
-527
-670
-732
-703
-631
-740
-828
-693
-545
-295
-186
-229
-194
-82
-32
-172
-283
-189
56
234
109
-203
-358
-364
-334
-315
-457
-612
-695
-831
-869
-773
-700
-654
-663
-675
-518
-279
-169
-229
-284
-225
-230
-360
-499
-743
-1255
-1785
-1654
-473
1194
2229
2101
1599
1646
1893
1735
1415
1385
1651
1680
1247
939
1065
1273
1269
879
258
-138
-125
87
201
204
366
607
496
91
1
317
365
-3
-81
354
643
386
-34
-132
22
16
-246
-457
-395
-172
-1
-18
-138
-2
454
705
494
341
548
612
204
-133
112
574
600
237
9
1
-181
-632
-968
-944
-737
-618
-612
-585
-430
-282
-374
-653
-795
-602
-383
-451
-624
-464
-136
-169
-518
-707
-481
-321
-308
-360
-406
-353
-479
-554
-562
-291
33
-15
-172
-250
-11
81
-17
-147
-87
155
65
-163
-418
-373
-326
-520
-512
-485
-515
-552
-472
-392
-427
-485
-429
-210
-80
-141
-389
-705
-806
-711
-1072
-1787
-1961
-1029
619
1895
2211
2132
2110
2138
1696
1232
1525
1832
1721
1013
935
1299
1768
1522
900
192
-219
-411
-413
-250
18
275
316
108
1
212
529
443
85
-98
-29
27
12
66
239
290
112
-116
-346
-464
-274
-108
-144
-228
-302
-181
213
567
553
357
164
34
-53
-137
64
120
8
-196
-141
31
183
427
72
-105
-418
-475
-595
-452
-213
1
54
-111
-184
-321
-122
-224
-463
-670
-660
-600
-545
-400
-171
-172
-231
-339
-470
-482
-391
-307
-294
-298
-259
-233
-197
-82
134
353
371
143
-70
-67
90
94
-175
-518
-640
-501
-296
-257
-372
-456
-529
-529
-575
-618
-579
-627
-720
-969
-1056
-906
-847
-888
-1176
-1565
-1640
-817
767
1981
2232
1998
1918
1903
1642
1336
1416
1731
1705
1245
846
907
1232
1335
959
289
-222
-350
-275
-213
-88
197
398
227
-83
-7
382
461
88
-205
-128
50
83
54
78
82
-119
-502
-712
-504
-153
-83
-302
-508
-488
-222
164
469
573
520
416
314
243
281
459
626
623
516
475
464
291
-57
-354
-477
-516
-563
-548
-407
-251
-232
-344
-441
-419
-383
-411
-435
-413
-318
-209
-240
-366
-434
-384
-324
-431
-509
-326
-108
59
204
93
-122
-90
14
32
59
73
148
246
127
-82
-169
-217
-286
-477
-779
-939
-957
-968
-907
-748
-590
-533
-556
-549
-560
-654
-764
-865
-974
-1045
-973
-863
-1076
-1645
-1945
-1192
590
2229
2690
2284
2000
2010
1708
1229
1298
1650
1581
1067
633
800
1241
1265
819
114
-416
-471
-512
-667
-488
33
448
307
-86
54
529
615
339
134
185
316
354
375
429
395
130
-332
-678
-621
-287
-74
-178
-365
-346
-156
64
347
694
840
645
469
631
828
686
380
208
152
125
151
179
172
165
158
36
-244
-512
-551
-381
-288
-340
-321
-179
-115
-88
-9
-45
-202
-387
-394
-391
-479
-428
-444
-457
-440
-338
-191
-281
-379
-440
-465
-386
-250
-103
-81
-123
-203
-280
-294
-275
-257
-351
-343
-360
-517
-540
-533
-530
-639
-739
-754
-922
-1004
-974
-876
-696
-581
-553
-662
-826
-991
-1091
-1292
-1911
-2486
-2154
-433
1611
2643
2655
2402
2478
2198
1564
1321
1597
1861
1436
970
922
1264
1566
1249
495
-310
-636
-635
-650
-531
-59
534
562
14
-310
117
706
646
135
-30
272
459
372
305
368
358
67
-454
-839
-707
-180
94
-128
-323
-227
-10
-5
126
710
1113
817
402
480
926
883
433
222
102
155
-110
-79
44
360
215
-77
-452
-576
-297
-215
-220
-567
-321
-42
-17
-290
-396
-273
-318
-640
-932
-793
-463
-337
-370
-325
-170
-129
-262
-559
-731
-610
-383
-447
-488
-279
-60
34
-143
-302
-357
-340
-327
-477
-441
-369
-428
-505
-662
-718
-817
-940
-1112
-1379
-1289
-1012
-731
-633
-671
-708
-952
-1241
-1391
-1396
-1807
-2602
-2856
-1392
1375
3224
3472
2838
2852
2899
2328
1708
1595
2154
1935
1408
857
1236
1634
1465
540
-682
-1245
-1367
-997
-850
-393
291
760
580
101
374
919
1036
422
46
191
716
927
930
775
654
350
-287
-872
-1053
-660
-221
-207
-486
-559
-129
331
588
688
918
725
439
211
758
1057
962
418
-18
-15
-44
180
91
228
90
-93
-467
-592
-428
-195
-213
-606
-842
-787
-324
-188
-197
-356
-297
-507
-736
-909
-786
-474
-244
-222
-353
-379
-96
-49
-229
-471
-504
-408
-462
-402
-87
220
166
-109
-266
-173
-68
-76
-15
-153
-356
-551
-666
-745
-1010
-1131
-1101
-991
-816
-682
-666
-898
-1076
-997
-721
-751
-1037
-1296
-1720
-2602
-3197
-1973
954
3328
3691
3198
3060
3326
2654
1986
1675
2101
2001
1556
1218
1460
1899
1579
708
-535
-1168
-1326
-1154
-1139
-894
-188
673
800
514
442
785
857
478
121
184
510
898
1150
1155
820
193
-506
-1028
-1087
-906
-802
-991
-1042
-549
90
487
335
348
472
618
469
660
1020
1497
1246
765
371
124
207
-75
-8
-440
-668
-954
-879
-554
-421
-277
-464
-621
-805
-622
-328
-56
-139
-167
-229
-167
-251
-356
-582
-835
-999
-837
-529
-374
-393
-344
-254
-227
-229
-127
-23
61
114
77
-72
-176
-146
-92
-196
-475
-720
-736
-596
-549
-692
-902
-988
-871
-758
-853
-1086
-1163
-1037
-867
-732
-655
-676
-895
-1110
-1133
-1094
-1576
-2752
-3248
-1768
1400
3720
3954
3167
3023
3313
2751
2001
1730
2442
2331
1751
1078
1041
1472
1120
175
-1287
-1915
-1807
-1302
-784
-455
133
731
937
529
501
775
715
-32
-337
117
912
1344
1356
1118
718
94
-605
-1078
-1112
-901
-686
-692
-761
-583
-138
183
39
-85
95
379
420
373
914
1581
1787
1280
738
655
483
94
-500
-766
-748
-666
-441
-311
-249
-509
-759
-914
-868
-751
-582
-352
-208
30
64
226
8
-135
-476
-580
-678
-591
-361
-178
90
127
202
3
-139
-476
-609
-564
-456
-354
-114
132
149
165
181
-195
-715
-879
-746
-686
-638
-670
-742
-606
-480
-538
-768
-971
-1162
-1340
-1116
-839
-595
-506
-769
-1009
-1032
-1257
-2359
-3519
-2997
-93
3257
4527
3823
3182
3758
3636
2374
1391
1634
2202
1812
1292
1339
2067
1733
396
-1381
-2103
-1856
-1384
-1001
-953
-312
495
963
669
518
827
866
238
-297
366
1349
1817
1261
758
473
252
-344
-1038
-1376
-1306
-1044
-872
-685
-507
-131
-6
-282
-626
-591
-10
303
736
1175
1671
1571
1234
964
1109
840
259
-477
-585
-319
-117
-121
-456
-672
-935
-845
-943
-843
-742
-319
38
82
89
200
477
112
-336
-501
-104
85
-24
-292
-420
-333
-261
-342
-424
-305
-174
-279
-427
-395
-202
-144
-306
-492
-413
-121
54
-53
-325
-556
-639
-632
-597
-576
-631
-827
-1077
-1207
-1111
-907
-752
-599
-512
-487
-685
-979
-1130
-1145
-1280
-1967
-3147
-3593
-2046
1248
3893
4032
3050
2627
3319
3077
2173
1507
1721
2031
1712
1633
1672
1732
758
-802
-2166
-2392
-1485
-718
-565
-862
-264
713
1302
873
380
295
271
72
252
1140
1954
1874
1059
351
51
-9
-306
-1039
-1508
-1433
-843
-411
-334
-334
-477
-743
-1034
-871
-221
337
463
710
1343
1841
1913
1516
1078
609
244
244
333
425
341
151
-108
-475
-727
-750
-699
-854
-1086
-1007
-561
-258
-287
-282
-71
118
186
231
254
306
191
-108
-420
-458
-214
-252
-379
-346
-153
-15
-267
-574
-727
-682
-635
-682
-521
-150
92
-52
-326
-371
-215
-218
-503
-816
-873
-663
-458
-437
-570
-737
-925
-1071
-1058
-909
-769
-737
-820
-1108
-1297
-1113
-1170
-2272
-3786
-3427
-506
3062
4296
3140
2184
2816
3724
3006
1882
1315
1586
1551
1681
2027
2115
1316
-342
-1500
-1846
-1225
-780
-848
-1282
-927
583
1582
1249
136
-107
18
189
388
1108
1760
1584
761
285
547
686
70
-875
-1465
-1342
-685
-93
-152
-505
-584
-494
-579
-641
-389
9
294
576
1113
1755
1948
1488
856
560
523
414
215
133
169
67
-261
-561
-618
-597
-760
-992
-957
-615
-278
-152
-102
30
166
173
97
67
96
111
87
27
-85
-251
-415
-512
-523
-498
-469
-431
-387
-382
-408
-429
-424
-439
-477
-441
-317
-235
-322
-385
-260
-152
-350
-661
-724
-642
-632
-935
-1185
-1063
-629
-247
-405
-566
-622
-764
-1184
-1575
-1408
-1127
-1024
-1577
-2587
-3051
-1620
1416
3392
3115
2025
2385
3585
3472
2055
1027
1372
1895
1878
1833
1781
1058
-348
-1318
-1286
-822
-776
-1254
-1574
-956
433
1346
1002
96
-203
225
736
1040
1236
1318
1160
888
802
873
627
-165
-964
-1137
-737
-309
-291
-578
-804
-767
-608
-477
-444
-459
-410
-267
94
758
1700
1980
1157
458
599
1084
882
148
-288
-171
368
587
180
-480
-960
-1259
-1240
-896
-611
-552
-712
-470
178
722
699
24
-445
-353
64
337
244
78
34
106
127
-12
-327
-704
-975
-990
-716
-358
-170
-294
-531
-575
-411
-348
-586
-859
-762
-299
116
129
-173
-393
-397
-379
-517
-709
-694
-610
-566
-439
-318
-477
-920
-1350
-1393
-1222
-1268
-1085
-830
-1107
-1891
-2300
-1067
1162
2576
2109
1234
2029
3652
3804
2064
818
1162
1934
2070
1695
1519
941
-124
-605
-295
-115
-711
-1485
-1465
-484
550
807
337
-115
85
720
1135
979
528
463
892
1199
1199
1008
427
-324
-667
-578
-388
-468
-829
-1050
-787
-343
-260
-478
-667
-561
-406
-174
316
894
1317
1076
711
678
898
818
69
-469
-327
415
749
366
-220
-564
-499
-518
-542
-736
-902
-873
-479
256
594
384
-231
-404
-76
290
243
-243
-425
-299
79
196
11
-217
-473
-537
-505
-334
-204
-214
-291
-207
-25
-21
-278
-694
-693
-403
-76
-18
-281
-432
-481
-391
-334
-399
-511
-588
-505
-337
-233
-249
-396
-721
-899
-898
-813
-884
-1061
-1018
-934
-902
-1347
-1805
-1373
-7
1372
1568
1309
1638
2479
2652
1625
763
987
1798
2004
1559
1263
1136
794
329
179
87
-434
-1068
-1034
-284
353
287
-162
-252
126
470
476
319
247
345
595
837
859
642
349
70
-154
-248
-272
-396
-562
-499
-221
-37
-162
-462
-610
-475
-313
-409
-433
48
703
808
425
217
363
398
-10
-252
-9
355
381
127
158
200
41
-211
-392
-384
-479
-569
-507
-274
-119
-223
-344
-289
-165
-208
-368
-518
-382
-106
32
102
57
-13
-114
-204
-130
-7
-24
-146
-175
-33
149
163
65
-80
-166
-170
-194
-294
-469
-461
-307
-84
79
-54
-262
-396
-464
-472
-436
-398
-339
-235
-175
-170
-209
-285
-358
-322
-307
-404
-547
-711
-719
-527
-132
236
390
381
269
209
99
27
280
741
957
836
676
685
856
879
699
365
63
68
244
449
465
339
357
449
486
430
284
136
93
143
250
320
302
238
139
3
-151
-281
-323
-224
-36
120
150
84
63
133
250
266
90
-159
-221
6
248
296
96
-96
-231
-228
-60
-31
-107
-293
-202
11
200
257
214
138
71
101
147
186
85
-37
-135
-88
22
-3
-106
-225
-187
-141
-97
-210
-328
-304
-164
-78
-111
-157
-168
-169
-164
-181
-168
-117
-186
-149
1
15
47
-18
9
-15
-109
-262
-298
-258
-235
-249
-274
-269
-361
-441
-502
-507
-474
-410
-431
-389
-263
-217
-271
-372
-449
-502
-565
-659
-764
-811
-662
-300
62
239
73
-184
-271
-56
334
622
867
933
1006
1076
1107
1040
757
530
339
394
466
608
607
534
574
627
725
535
224
18
61
205
361
412
279
220
76
-16
-89
-201
-282
-287
-165
-43
27
88
170
258
223
149
-18
-39
61
178
200
90
37
-34
-48
-63
-58
-165
-393
-418
-206
98
105
-37
-96
-22
140
168
123
10
-69
-99
-108
-80
-77
-111
-191
-289
-327
-274
-265
-269
-287
-245
-158
-177
-133
-107
-91
-53
-55
-115
-188
-116
-39
35
34
-10
15
37
65
-51
-147
-149
-166
-129
-161
-289
-385
-452
-423
-321
-368
-483
-562
-589
-532
-478
-413
-396
-452
-457
-401
-420
-498
-623
-732
-604
-445
-306
-151
-57
95
163
212
318
350
445
629
814
964
973
865
776
681
560
438
369
376
377
457
608
681
672
589
437
348
315
273
284
261
263
304
299
184
14
-62
-156
-194
-199
-158
-77
38
237
274
189
142
93
154
211
179
82
4
2
40
221
122
11
-213
-250
-235
-174
-126
-50
-20
-32
-44
-83
-45
-24
-27
-54
-154
-176
-196
-186
-204
-222
-201
-236
-334
-387
-313
-195
-205
-347
-379
-260
-66
54
23
-36
-169
-248
-198
-98
23
34
40
88
80
57
-35
-94
-59
-54
-65
-126
-184
-243
-379
-398
-382
-364
-328
-387
-399
-440
-485
-464
-455
-457
-410
-340
-357
-376
-427
-475
-476
-366
-152
-88
-27
-42
89
281
368
446
513
633
646
817
814
847
703
626
601
544
523
393
419
378
491
544
505
435
325
343
350
397
318
270
220
248
191
148
122
93
98
112
71
26
-26
42
123
182
225
161
91
75
122
146
89
46
15
-22
-51
-104
-210
-309
-382
-354
-271
-193
-149
-196
-207
-210
-207
-186
-255
-282
-248
-225
-217
-239
-204
-183
-166
-132
-236
-337
-375
-369
-235
-157
-110
-44
-9
56
47
6
-53
-94
-85
-90
-46
8
70
123
133
107
23
-72
-118
-95
-28
46
27
-26
-78
-133
-184
-258
-296
-388
-443
-413
-347
-252
-226
-214
-288
-384
-381
-416
-447
-361
-237
-152
-130
-160
-150
-96
-27
-2
21
156
297
401
476
502
497
546
584
554
506
394
414
441
330
259
224
274
345
402
407
350
299
311
336
346
347
242
267
317
289
262
154
114
69
99
155
97
59
3
2
98
193
183
129
104
124
138
26
-95
-164
-181
-118
-89
-128
-179
-250
-278
-213
-204
-262
-289
-262
-225
-209
-231
-274
-282
-266
-222
-251
-295
-303
-354
-309
-192
-18
55
-93
-165
-110
-86
-139
-166
-145
-70
61
139
119
17
-103
-190
-158
-61
9
23
25
43
21
63
78
-5
-55
-142
-147
-101
-146
-145
-168
-189
-183
-237
-241
-219
-214
-230
-272
-284
-284
-266
-210
-170
-172
-141
-89
-53
5
9
-39
36
209
277
301
383
455
497
512
492
480
460
393
345
357
377
362
284
179
142
193
221
232
208
157
170
184
225
246
184
167
150
167
187
123
84
81
129
195
162
122
82
50
78
68
52
45
51
72
83
62
-85
-182
-219
-256
-181
-112
-111
-175
-205
-132
-94
-156
-226
-247
-254
-235
-221
-213
-211
-192
-192
-223
-277
-329
-284
-253
-160
-127
-115
-50
-61
-14
-94
-112
-69
-59
115
119
61
43
36
79
51
-18
-84
-82
-22
46
55
11
-17
10
59
14
-68
-99
-114
-125
-117
-84
-75
-115
-166
-177
-168
-176
-213
-277
-246
-115
-54
-101
-197
-275
-302
-175
-102
-143
-96
-68
51
167
178
137
106
197
331
422
349
337
371
377
408
309
277
254
230
241
224
245
177
131
192
205
167
136
151
211
185
136
125
84
113
137
144
170
130
119
118
140
169
120
109
70
-11
-52
-60
-10
-37
-78
-52
-27
-20
-94
-128
-104
-96
-118
-159
-155
-124
-90
-83
-139
-236
-275
-235
-209
-211
-189
-157
-181
-223
-198
-134
-143
-210
-222
-151
-64
-48
-76
-66
-27
-8
-20
-59
-65
-49
-45
25
47
16
-3
-86
-70
-19
-45
-30
-35
-22
-11
-57
-59
-63
-75
-127
-155
-104
-83
-77
-84
-129
-179
-151
-120
-105
-54
-71
-103
-152
-148
-60
-73
-33
41
9
21
70
131
170
159
174
196
256
283
266
272
297
320
313
291
250
196
174
174
175
281
236
232
167
122
122
141
162
163
125
83
58
68
98
76
61
64
59
83
66
118
162
153
148
105
111
79
-15
-41
-43
-3
31
36
28
-86
-218
-249
-249
-224
-202
-137
-50
-24
2
-53
-161
-287
-254
-217
-162
-164
-149
-129
-58
-48
-155
-175
-245
-154
-105
-106
-99
-95
-33
-26
-42
-20
-44
-41
-67
-72
-59
-73
-13
81
126
121
65
-54
-134
-113
-66
2
31
-23
-98
-104
-121
-158
-210
-248
-202
-175
-121
-101
-111
-122
-144
-46
21
11
-52
-129
-81
15
45
66
67
35
105
200
212
135
89
144
194
223
191
186
201
208
249
203
190
207
209
268
254
223
195
154
205
221
220
206
112
104
121
102
86
26
26
57
99
127
63
14
-11
-8
22
32
83
123
140
111
19
-16
-70
-130
-103
-101
-51
5
-31
-87
-155
-149
-151
-169
-115
-107
-98
-84
-94
-89
-86
-122
-157
-134
-99
-138
-237
-259
-244
-158
-72
-92
-113
-136
-105
-108
-119
-86
-86
-41
-27
3
36
-15
-64
-64
-43
-40
-83
-118
-57
-2
39
19
-31
-63
-128
-114
-139
-183
-183
-202
-172
-163
-189
-189
-153
-176
-248
-303
-273
-100
70
130
113
145
172
174
177
204
217
177
258
286
315
344
271
264
234
239
227
197
221
254
317
307
283
292
324
311
197
102
89
159
245
267
186
93
81
99
79
44
39
27
-1
-7
1
21
36
28
8
-45
-91
-120
-129
-68
15
28
30
1
-68
-59
-98
-147
-163
-194
-166
-166
-124
-77
-89
-95
-172
-237
-240
-223
-197
-123
-61
-64
-68
-98
-129
-167
-197
-174
-141
-100
-102
-128
-71
-22
-29
-22
-58
-95
-59
-6
51
34
-31
-20
-8
15
53
0
-39
-29
-35
-18
-14
-48
-24
20
19
-12
-56
-52
-75
-82
-101
-133
-66
-50
-56
-43
-29
-45
-101
-69
-11
63
80
25
78
153
168
179
151
92
85
128
189
191
143
134
117
87
100
116
122
109
107
160
201
215
249
240
195
185
154
89
63
105
188
220
133
45
11
-1
18
33
49
67
56
73
103
62
18
-26
-67
-29
-29
-19
-18
-70
-12
-6
-25
-22
-137
-179
-124
-78
-43
-85
-139
-142
-107
-132
-196
-169
-165
-171
-158
-184
-143
-143
-186
-163
-166
-169
-161
-129
-76
-125
-177
-172
-102
5
2
-29
-76
-126
-108
-53
47
60
-9
-37
-31
-18
35
53
-4
17
29
8
4
-54
-29
25
47
28
-107
-113
-48
14
64
7
-13
-54
-42
13
-34
-35
-8
60
166
192
151
33
-68
4
111
173
177
129
198
266
247
171
64
93
157
173
158
105
146
212
240
242
176
145
104
57
75
79
106
107
81
102
97
98
50
-10
-31
-100
-89
-23
26
83
54
2
-1
-15
-47
-69
-75
-57
-55
-53
-38
-47
-33
-25
-40
-51
-132
-232
-243
-187
-63
66
39
-85
-161
-191
-220
-232
-228
-210
-146
-71
2
-13
-93
-167
-244
-223
-195
-166
-76
-13
62
79
-9
-95
-143
-130
-84
-33
48
62
94
180
124
62
20
-2
42
28
39
44
6
19
54
57
-5
-116
-143
-69
6
115
114
34
19
15
4
-15
30
63
130
141
44
76
96
81
100
43
-23
-44
-32
59
180
212
171
106
152
177
91
16
-23
49
132
179
157
95
117
121
116
69
-6
2
85
135
91
50
76
101
74
45
-23
-65
-44
-35
-5
-31
-34
0
9
47
-24
-112
-125
-114
-44
-62
-72
-77
-119
-68
-82
-134
-198
-196
-73
-80
-115
-120
-128
-96
-128
-153
-154
-158
-88
-35
-73
-126
-126
-128
-77
-45
-78
-66
-62
-48
-44
-22
-10
-39
-28
-52
-25
15
14
36
19
63
89
54
102
85
40
-7
-82
-87
6
156
217
191
113
34
15
18
19
19
29
33
63
127
218
195
53
-41
-63
-29
-18
50
134
111
115
76
15
44
23
-21
1
15
71
101
68
66
38
68
110
112
118
39
-35
-59
-37
52
109
83
27
20
40
18
-21
-56
-67
17
131
121
46
-1
-34
-43
-65
-77
-51
-46
-57
-40
-65
-140
-133
-152
-136
-26
2
23
-40
-136
-130
-105
-42
27
11
-64
-71
-54
-27
-41
-119
-98
-22
22
-28
-77
-66
-50
-25
-11
0
-8
-25
-38
-62
-88
-69
-12
12
31
35
21
17
26
-3
-41
-32
8
87
120
111
70
-14
3
21
-14
-9
17
102
154
120
56
-2
2
32
89
97
44
-1
-2
91
144
149
102
6
-49
-60
-42
-29
50
135
112
64
19
-12
-29
-47
-56
-26
56
122
143
102
24
-43
-78
-45
-49
-32
47
58
59
40
-19
-42
-33
-38
-22
-24
-84
-84
5
72
51
-43
-133
-111
-28
-3
-1
-37
-54
-8
-32
-51
-31
-19
34
19
-43
-93
-77
-32
-15
-37
-119
-92
-19
35
30
-45
-77
-110
-49
-9
-8
1
-19
7
19
48
33
-46
-63
-7
30
-1
-38
-21
73
135
64
-22
-28
40
94
40
-54
-66
7
102
129
38
-44
-37
3
41
9
-17
4
78
142
111
77
7
-16
29
80
128
71
37
33
17
24
16
-10
-17
-13
-9
0
-7
12
-1
13
26
7
39
-18
-51
-49
-28
43
66
56
14
-28
-58
-54
-71
-71
-14
55
146
92
-2
-63
-108
-129
-175
-133
-55
43
126
126
92
27
-47
-95
-106
-102
-61
6
53
81
94
87
21
-101
-159
-109
-53
-52
-52
-1
72
71
11
-24
-41
-64
-88
-80
-37
0
84
152
83
-8
6
-4
-61
-67
-128
-124
30
97
100
77
-2
13
52
-2
-26
-44
-88
-75
-9
61
65
57
84
113
61
-50
-60
-11
-9
-14
62
116
84
59
45
25
-2
7
9
-12
-6
-10
37
84
66
68
53
-4
-33
-18
-21
-23
-2
15
72
62
-33
-79
-55
-7
1
0
-32
-23
-3
-68
-66
-53
-11
76
86
16
-66
-67
-31
-9
11
24
-2
-29
-34
-60
-46
-24
-30
3
20
0
3
15
1
-41
-69
-53
-29
-24
6
45
65
69
30
-3
-55
-97
-89
-4
112
110
67
1
-7
3
-33
-32
-17
56
32
-31
-29
-29
-5
-7
3
-20
-50
-14
22
45
27
-9
-10
-2
-13
-8
6
9
15
5
-19
-37
-19
43
86
71
17
-19
15
60
38
-2
-21
-23
26
97
94
47
18
13
13
-16
-47
-17
55
101
82
31
28
33
14
-13
-62
-82
-69
-19
85
116
31
-20
-38
-43
-38
-90
-39
53
75
74
27
20
-7
-35
-47
-65
-22
8
32
18
-25
-34
-12
-28
-67
-69
-59
-19
11
10
-3
35
59
36
16
-90
-116
-66
10
86
39
-5
-47
-50
6
30
14
-6
-4
-6
-6
2
-2
7
29
12
7
42
33
15
17
-9
-6
36
42
24
-14
-40
-19
-19
17
71
73
23
-56
-42
-30
-56
-51
-58
0
11
-34
6
0
-15
-29
-41
16
37
30
17
12
16
30
48
37
5
-3
23
39
33
-55
-70
1
58
120
70
24
-28
-68
-22
-21
-13
26
59
52
59
40
48
38
-48
-79
-123
-82
26
79
114
98
41
-74
-96
-41
-35
-48
-48
16
74
66
48
21
-54
-113
-116
-71
18
42
0
-19
-8
35
73
13
-99
-129
-77
-19
22
49
33
23
62
100
82
-1
-109
-138
-59
38
93
93
60
39
32
5
-70
-116
-40
88
110
30
-9
-2
23
34
4
-18
-25
41
110
66
4
-40
-33
10
24
40
-12
-74
-65
-7
77
100
67
-11
-92
-137
-97
-13
34
41
16
28
13
7
-21
-81
-66
-50
44
109
39
-17
-14
6
8
-9
-33
6
32
10
-2
14
40
15
-7
-52
-71
-18
37
48
-17
-48
1
82
101
7
-104
-123
-52
11
24
16
17
17
-5
-29
-32
-26
-16
0
-15
-24
-34
-23
6
5
36
55
33
14
-49
-41
22
11
-16
-31
3
68
109
78
5
-28
-50
8
80
53
24
-21
-43
-1
32
50
18
22
44
15
-6
-37
-33
21
44
11
-22
-42
-35
19
47
56
24
0
13
-12
-13
1
-12
-32
-22
41
73
46
-11
-41
-41
-27
19
39
6
-15
21
47
-1
-35
-73
-69
-51
-48
20
29
-12
-33
-20
-9
-13
-13
-53
-85
-69
-8
26
38
23
4
20
23
33
-19
-54
-20
22
85
61
-5
-31
-32
-4
-14
-38
11
56
44
18
-35
-42
0
0
-16
-29
-16
61
112
85
8
-51
-34
10
49
66
31
8
7
-4
12
-9
-52
-12
20
24
50
30
11
3
-48
-82
-56
24
93
76
29
-22
-47
-4
21
0
-4
21
8
11
38
33
24
-43
-30
14
-21
-5
9
37
12
-23
12
15
32
38
5
-35
-85
-83
-20
46
65
48
21
-2
-17
-37
-55
-51
-23
-5
-2
22
27
7
-2
-1
-16
-14
16
-2
-38
-72
-31
42
39
46
25
-57
-107
-78
4
49
16
-29
-36
-31
-8
-13
-74
-65
38
88
48
-9
-33
2
26
26
17
-7
9
22
26
10
12
47
52
29
-23
-33
6
-19
-48
-17
56
98
64
17
-19
-15
3
19
37
21
25
38
27
8
-17
-12
49
84
46
-8
-48
-45
-16
22
19
10
45
-11
-59
-56
-51
40
69
36
33
12
11
-22
-59
-72
-67
17
66
43
9
-6
11
-5
-32
-25
-17
-3
-8
-19
-2
-15
-46
21
84
62
12
-62
-91
-30
18
7
3
45
56
8
-52
-76
-57
-50
-15
31
48
76
31
-41
-23
-19
-25
-6
-12
7
-1
-6
38
41
44
21
-12
9
-27
-50
-20
-22
25
79
42
3
2
-5
-24
-54
-26
35
18
5
7
-11
-21
-47
2
64
15
-34
-68
-47
28
83
90
13
-53
-73
-60
-1
44
43
6
-10
2
33
52
34
-35
-85
-11
56
61
27
-10
-23
-27
-2
21
51
49
-4
-39
-51
-21
19
3
-14
-17
-20
34
68
-2
-67
-81
-51
2
11
24
21
-5
16
36
8
-62
-92
-38
31
38
-13
-9
56
79
58
3
-85
-133
-73
2
51
85
77
68
30
-19
-42
-76
-41
20
40
37
32
46
49
22
4
13
-12
-53
-59
-23
44
56
42
35
37
30
-32
-66
-39
4
27
-9
-6
41
64
44
2
-4
15
21
1
2
9
18
21
-19
-8
34
69
41
10
-1
-37
-49
-80
-27
77
91
35
-33
-50
-17
20
5
-18
-45
-33
4
12
49
20
-27
-58
-63
7
15
0
3
-8
-7
-1
-1
-6
-9
24
37
1
-5
-19
-35
-6
36
49
8
-23
-39
-38
-7
2
-5
6
33
21
14
20
-18
-51
-53
-38
13
45
25
23
38
17
3
-6
-27
-36
-57
-54
3
55
66
51
24
-32
-52
-13
-6
-33
-30
-8
18
61
54
0
-48
-46
-3
9
6
-4
-21
4
29
41
27
1
16
-5
-40
-66
-61
43
109
88
34
-4
-9
-59
-80
-50
-11
55
38
13
40
28
34
26
-9
-16
-40
-37
26
52
49
10
-22
3
29
34
-8
-63
-55
9
62
80
44
-35
-22
7
-12
0
-5
-14
13
24
-8
-15
-27
-26
-5
-26
-19
-13
-20
-5
1
8
3
9
24
13
25
6
-41
-41
-51
-18
50
66
60
13
-30
-35
-27
5
20
55
74
2
-51
-58
-29
18
36
43
5
-10
2
-7
0
-16
-21
13
25
29
19
2
-2
-11
8
16
-19
-17
7
10
11
13
36
42
-4
-26
-31
-11
14
-16
-23
-5
-8
15
36
38
38
-7
-67
-56
2
34
22
19
2
-40
-9
31
41
51
24
-15
-44
-50
-29
-22
-6
21
60
81
5
-66
-42
5
44
44
6
-17
-20
-28
-33
-13
23
23
11
31
30
13
10
-18
-34
-24
25
55
13
-17
-40
-1
65
44
13
-3
-12
12
-2
-51
-49
-17
-13
3
30
19
23
31
-4
-44
-59
-44
-6
29
31
2
4
24
25
16
-21
-88
-85
10
76
78
37
-18
-23
3
5
-42
-79
-16
48
56
55
20
-9
-2
-16
-62
-78
-35
33
72
52
14
-19
-31
-26
-11
26
27
-5
-23
-19
18
36
22
-15
-48
-38
4
61
54
7
-13
-52
-51
-9
9
23
29
43
43
-8
-54
-57
-12
36
37
-1
-28
-19
9
32
28
-3
-37
-37
14
11
-3
4
-34
-8
24
10
37
49
3
-47
-69
-56
20
49
28
8
-30
-6
29
46
-1
-85
-60
-1
39
54
47
45
19
-13
-30
-40
-1
31
-10
-39
-1
54
77
32
-16
-25
-19
8
6
-22
-35
-11
53
74
27
-28
-35
-10
-9
-1
17
-7
-8
16
18
38
12
-30
-14
-17
-13
-1
10
26
14
45
45
-2
-8
-43
-64
-35
12
77
80
26
-25
-20
11
5
-26
-57
-36
26
50
33
26
9
-2
6
1
-25
-43
-21
-8
12
43
46
8
-15
14
-15
-35
-17
-19
13
6
5
40
36
31
3
-59
-57
0
31
8
-20
22
38
13
-1
-24
-18
-2
30
41
-13
-15
-10
-43
-16
39
72
73
11
-54
-74
-43
-12
-15
3
24
47
62
13
-23
-28
-56
-56
-29
9
47
40
28
28
7
-1
-7
-36
-43
-24
-33
-22
21
31
48
55
38
16
-43
-76
-55
-8
48
67
39
-11
-38
17
63
15
-52
-89
-34
58
73
39
-17
-33
17
38
-11
-55
-30
11
27
16
15
25
6
-32
-50
-23
33
48
6
-18
-9
-10
-11
-6
-8
0
22
32
15
-11
-25
-29
-30
-24
-12
15
46
39
-5
-20
9
38
25
-9
-58
-63
9
56
27
-13
12
50
63
38
-36
-85
-72
-13
38
27
3
4
1
30
46
-12
-36
-3
3
-8
-17
-29
-19
36
64
20
-20
-31
-6
20
-1
-27
-49
-18
43
30
19
6
-44
-22
35
34
32
13
-30
-34
-14
13
11
12
32
38
30
-2
-37
-46
0
41
27
10
-11
6
47
18
-30
-36
-37
-13
38
22
13
29
-6
-11
-6
-2
8
-16
0
18
7
-1
-15
15
27
-8
-21
-27
-38
-23
22
49
27
1
-19
-37
-16
19
28
26
0
-23
-14
4
19
23
19
26
11
-21
-48
-59
-12
39
39
25
9
13
31
6
-43
-54
-41
-3
34
36
34
15
8
-1
-5
17
3
-26
-34
-6
41
31
-7
-15
5
17
6
-15
-26
-17
10
35
22
-8
-12
-11
4
33
24
1
-8
-11
-15
-6
18
11
3
22
-2
-19
28
38
6
-28
-49
-11
36
37
10
-17
-25
-10
16
6
-11
0
-3
10
29
10
7
4
-9
2
12
24
8
-2
-16
-54
-45
6
49
25
-31
-50
-27
14
13
-1
0
-6
-7
2
2
-1
8
0
-24
-10
21
24
-1
-20
-37
-40
3
36
24
-1
-13
-3
1
-1
-6
-13
-11
-2
9
1
-19
-14
1
6
19
33
24
-14
-33
2
22
5
3
1
-6
1
2
-11
-10
-1
19
31
8
-22
-28
-12
14
41
24
-18
-6
17
3
-7
-9
-10
20
45
23
-4
-23
-36
-4
29
19
1
19
16
-3
3
-18
-18
19
26
6
-23
-11
33
54
23
-21
-20
-2
40
54
1
-15
-3
8
30
8
-12
17
17
2
-3
-23
-11
1
0
14
7
-10
-23
-5
35
27
11
1
-26
-23
9
14
-1
-14
5
23
-1
-18
-30
-37
10
45
28
-3
-35
-37
-12
0
11
13
-3
-15
-12
1
-5
-8
-2
8
30
18
-20
-6
13
2
7
-7
-20
-1
1
-11
-21
-19
5
37
48
7
-40
-53
-34
-7
29
46
23
1
-5
3
-6
-16
-2
-2
-1
13
28
25
-11
-30
-12
10
14
4
9
12
-5
-13
-2
2
0
19
38
26
-8
