-1
-6
-5
1
5
7
4
3
-1
-2
-1
5
8
8
1
-4
-2
4
9
6
-1
-6
-4
2
8
9
7
4
-1
-2
-1
7
10
7
1
-1
2
6
2
-1
-2
0
0
-1
3
9
8
1
-6
-3
7
12
7
-4
-8
-3
2
6
5
1
-2
-1
3
4
0
-1
0
1
0
-2
-3
-1
-2
-2
-2
2
6
7
1
-4
-2
1
3
0
-4
-2
3
4
0
-1
0
2
2
1
-1
-4
-8
-4
2
5
2
0
-2
-1
1
3
4
1
-2
-1
1
0
-4
-2
1
3
0
-5
-4
-2
1
2
2
0
-4
-5
-4
-1
0
1
-1
1
2
1
-2
-3
1
8
11
6
-1
-2
3
6
4
1
2
3
1
1
0
0
1
1
3
3
4
5
6
4
-1
-1
2
5
4
0
-2
0
3
5
6
2
-1
-1
2
3
3
1
3
6
5
1
1
3
7
4
1
-1
5
10
10
2
-2
0
2
5
4
3
2
1
1
2
2
3
6
6
2
-1
-3
3
9
9
1
-2
1
8
7
5
4
0
-3
-3
0
4
4
2
0
0
3
3
1
-1
-4
1
4
3
2
-2
1
4
2
-2
-2
2
4
-3
-8
-6
2
7
4
-2
-2
1
3
1
-3
-2
1
4
6
5
2
1
1
2
1
2
2
1
1
0
-1
2
4
6
3
-3
-5
-3
3
5
4
-1
-1
0
4
7
5
-1
-7
-5
0
3
2
-1
-2
3
5
2
-2
-3
1
4
3
3
4
4
3
1
2
4
5
3
3
2
1
2
3
5
6
3
-1
-4
-2
3
6
3
-2
-2
4
6
3
0
-1
-1
-2
0
2
4
1
-2
-2
-2
-2
1
4
6
2
-5
-5
-2
2
3
2
1
-1
-1
-1
2
2
0
-6
-7
-3
3
5
1
-3
-2
5
8
5
-1
-3
0
5
6
2
-4
-7
-5
0
3
4
4
4
1
-3
-4
-3
-2
-1
1
2
1
-1
2
7
6
-1
-5
-4
-1
-1
2
5
6
1
-5
-4
3
8
2
-6
-9
-2
7
11
3
-2
-4
2
2
-1
0
2
3
2
2
4
7
4
2
1
4
5
3
-3
-5
-1
3
4
0
-6
-6
-6
-8
-10
-5
-1
-1
-4
-6
-4
-4
-7
-7
-7
-3
-1
-1
-2
-8
-11
-9
-3
0
-1
-3
-4
-3
1
6
11
11
6
0
1
5
8
12
13
10
8
11
16
18
16
16
18
21
26
30
32
30
24
23
27
33
33
30
32
34
40
42
40
36
35
37
39
40
39
38
39
41
43
43
43
44
48
51
50
44
41
40
44
45
44
42
43
45
48
48
47
41
39
38
40
40
40
40
38
33
27
27
31
30
25
19
17
21
22
16
6
3
7
11
11
4
-6
-12
-13
-4
1
-7
-20
-27
-21
-13
-16
-26
-36
-34
-29
-30
-39
-48
-49
-39
-33
-38
-50
-56
-53
-50
-52
-58
-60
-59
-57
-60
-65
-65
-61
-58
-59
-64
-66
-64
-65
-66
-69
-68
-66
-67
-71
-73
-69
-65
-64
-64
-63
-62
-61
-64
-65
-67
-62
-58
-57
-57
-54
-49
-46
-49
-50
-45
-33
-25
-28
-34
-37
-32
-25
-22
-24
-28
-28
-24
-19
-14
-12
-8
-2
4
10
14
18
21
24
24
24
21
20
20
20
19
20
21
25
28
31
37
41
45
52
57
63
68
72
78
83
88
90
92
91
91
91
94
92
91
91
93
97
92
90
92
100
97
87
76
79
71
62
90
106
112
98
104
118
109
121
120
121
37
47
271
406
417
340
278
299
238
113
-85
-249
-276
-200
-35
64
103
108
290
629
776
750
495
203
61
-85
-214
-403
-542
-482
-336
-175
-83
-30
-40
25
221
282
281
228
116
12
-240
-497
-424
-233
-234
-320
-473
-447
-327
-422
-540
-660
-594
-405
-420
-442
-454
-462
-287
-128
-89
-49
-71
-90
-126
-275
-310
-273
-244
-111
-28
-6
58
86
24
-40
-14
-67
-161
-145
-92
-3
49
87
161
195
214
132
45
60
-12
-50
-50
-41
119
212
219
250
229
209
174
102
5
-82
-130
-188
-106
34
18
-7
20
99
86
-44
-98
-195
-266
-237
-220
-140
-71
-68
33
102
-30
-171
-242
-299
-285
-242
-216
-157
-79
-19
6
9
32
45
-30
-85
-43
-27
-13
-7
0
-2
35
166
218
213
139
38
3
32
260
572
770
704
518
604
816
916
841
608
556
685
716
618
512
612
783
771
618
434
384
405
370
249
52
-58
-64
-78
-157
-262
-270
-189
-165
-235
-310
-330
-304
-339
-399
-440
-408
-199
45
172
70
-53
48
197
253
135
-10
-58
-82
-85
-151
-173
-58
14
8
-70
-126
-140
-259
-464
-728
-938
-933
-846
-797
-778
-751
-563
-356
-330
-412
-531
-579
-597
-610
-576
-606
-603
-438
-207
-110
-122
-86
32
105
-36
-236
-415
-508
-281
168
638
766
627
818
1263
1577
1416
1022
936
991
938
672
421
519
767
947
956
863
839
845
837
653
241
-84
-263
-419
-634
-880
-928
-782
-531
-352
-376
-440
-483
-509
-554
-698
-855
-905
-842
-748
-591
-264
176
555
838
1079
1242
1249
1124
985
870
697
455
273
248
321
402
470
502
443
270
18
-284
-633
-992
-1308
-1567
-1766
-1879
-1899
-1819
-1697
-1579
-1421
-1228
-1109
-1138
-1204
-1269
-1325
-1314
-1266
-1180
-1025
-684
-375
-217
-31
171
334
330
217
-82
-207
194
777
1428
1541
1368
1815
2390
2813
2824
2356
2302
2401
2161
1794
1373
1308
1604
1795
1712
1512
1499
1592
1606
1328
821
460
153
-181
-697
-1301
-1459
-1498
-1402
-1191
-1367
-1397
-1226
-1095
-908
-1038
-1262
-1282
-1338
-1377
-1319
-1205
-812
-152
407
917
1199
1384
1985
2297
2232
2091
1714
1487
1271
965
770
563
421
374
238
-6
-246
-460
-653
-1013
-1559
-1995
-2345
-2718
-3034
-3267
-3260
-3021
-2894
-2863
-2751
-2598
-2308
-2032
-2029
-2085
-2141
-2116
-1936
-1704
-1478
-1229
-871
-548
-161
33
-26
-144
-6
845
1677
2236
2296
2110
2657
3458
3948
3812
3416
3444
3657
3613
3175
2680
2548
2796
2877
2578
2208
1999
2042
2058
1716
1183
777
447
86
-471
-1159
-1538
-1587
-1652
-1879
-2178
-2336
-2158
-1924
-1837
-1837
-1885
-1839
-1805
-1759
-1716
-1517
-1160
-824
-202
371
1018
1737
2023
2478
2918
3080
3120
2657
2218
1957
1624
1453
1050
608
459
326
199
-102
-366
-680
-1115
-1581
-2250
-2699
-3283
-3891
-4292
-4760
-4921
-4993
-4808
-4359
-4102
-3831
-3415
-3090
-2834
-2653
-2651
-2510
-2405
-2250
-2005
-1775
-1389
-889
-569
-710
-222
1132
2703
3695
3447
3513
4464
5488
5933
5385
4885
5076
5282
5130
4523
3828
4054
4783
4902
4410
3779
3642
3954
3804
3062
2196
1382
760
38
-1101
-2027
-2374
-2400
-2366
-2879
-3543
-3461
-3004
-2675
-2645
-2941
-3234
-3149
-2976
-2920
-2937
-2948
-2248
-1273
-469
410
964
2002
3347
3870
4156
4178
4026
4082
3795
3228
2606
2029
1680
1285
555
115
196
81
-299
-938
-1618
-2025
-2635
-3459
-4354
-5327
-5899
-6300
-6868
-7264
-7428
-7070
-6270
-5851
-5657
-5308
-4844
-4196
-3766
-3585
-3338
-3221
-3129
-2697
-2167
-1898
-1648
-1434
-714
906
2736
4328
4944
5319
6571
7772
8395
8116
7442
7561
7682
7120
6276
5590
5658
6156
6390
6129
5572
5308
5382
5351
4659
3772
2940
1755
669
-660
-1890
-2567
-3268
-3720
-4221
-4839
-4910
-4493
-4007
-3796
-3873
-3836
-3552
-3603
-3783
-3525
-3130
-2579
-1899
-1288
-506
441
1458
2527
3468
3939
4406
4799
4668
4501
4077
3629
3128
2357
1765
1051
482
223
-172
-830
-1568
-2249
-2723
-3114
-3880
-4633
-5307
-6054
-6603
-7134
-7682
-7831
-7821
-7664
-7206
-7038
-6662
-6108
-5498
-4749
-4314
-3795
-3450
-3134
-2854
-2537
-2013
-1857
-1815
-1503
-224
1624
3521
4719
5021
6142
7777
9029
9455
9142
9199
9635
9433
8360
7068
6435
6774
6947
6457
5604
5127
5414
5655
5464
4680
3914
3264
2376
1202
-348
-1519
-2422
-3283
-4104
-5238
-5931
-5829
-5544
-5239
-5006
-4805
-4311
-3834
-3650
-3366
-2917
-2207
-1512
-1312
-1179
-847
22
1106
1862
2484
2872
3468
4047
4342
4467
4294
4154
3705
2856
1871
981
387
-148
-832
-1774
-2753
-3447
-3844
-4280
-4886
-5377
-5672
-5977
-6414
-6789
-6946
-6968
-7066
-7257
-7489
-7614
-7351
-6814
-6213
-5702
-5267
-4659
-3915
-3223
-2476
-1808
-1246
-1009
-1497
-1323
72
1980
3856
4304
4587
6356
8369
9760
9987
9899
10838
11607
11137
9754
8372
8066
8425
8152
6934
5643
5004
5162
5577
5173
4504
4037
3460
2908
1766
529
-382
-1403
-2473
-4035
-5692
-6506
-6654
-6674
-6586
-6528
-6249
-5275
-4357
-3686
-2946
-2228
-1269
-585
-694
-706
-117
722
1495
1766
1716
1968
2627
3390
3805
3846
3928
4161
4081
3239
2102
1537
1388
747
-661
-2290
-3567
-4462
-5282
-6197
-7055
-7538
-7693
-7813
-7957
-7774
-7133
-6497
-6429
-6933
-7388
-7404
-7112
-7052
-7078
-7012
-6760
-6031
-5232
-4413
-3705
-2566
-1095
-386
-666
-859
768
3004
4880
5451
4800
5759
7510
8844
9532
9301
9744
11026
11593
10913
9729
9259
9995
10361
9300
7666
6379
6017
6112
5643
4669
3768
3216
2960
2086
623
-184
-574
-1042
-1907
-3705
-5053
-5167
-5231
-5372
-5682
-6149
-5822
-5092
-4521
-3837
-3133
-2165
-1181
-902
-728
88
1270
2248
2580
2426
2410
2749
3126
3167
2970
2945
2976
2747
2289
1598
1203
1390
1077
-42
-1315
-2526
-3223
-3815
-4818
-5613
-6312
-6928
-7089
-7590
-8173
-7959
-7486
-6917
-6647
-6829
-6558
-6074
-5772
-5518
-5534
-5670
-5233
-4879
-4542
-3926
-3498
-2598
-1766
-1481
-2011
-1408
724
2644
4546
4504
4749
6576
8177
9645
9628
9631
10555
11163
10822
9556
8396
8323
9107
8744
7294
5975
5449
5950
6184
5609
4933
4392
4116
3652
2261
929
167
-528
-1316
-2864
-4602
-5238
-5213
-5261
-5527
-5835
-5648
-5034
-4396
-3772
-3130
-2270
-1321
-846
-749
-447
291
1231
1682
1423
1195
1350
1645
1888
1841
1826
2113
2205
2089
1821
1396
1368
1423
754
-490
-1825
-2674
-3291
-4461
-5791
-6795
-7448
-7649
-7690
-7846
-7787
-7472
-6922
-6129
-5773
-5864
-5781
-5368
-5123
-5235
-5603
-5538
-4977
-4762
-4071
-3726
-3302
-2066
-1640
-1032
-1142
-1096
984
2672
4358
4958
4570
6210
7918
8889
9185
8917
9630
10328
10100
8974
7958
8039
8790
8663
7190
6201
5947
6087
6252
5663
4880
4553
4160
3453
2508
1337
714
306
-532
-1907
-3328
-4088
-4069
-4191
-4758
-4777
-5056
-4470
-3824
-3877
-2883
-2482
-1510
-675
-895
-420
142
909
1279
1161
1015
1202
1465
1468
1549
1298
1491
1750
1364
1023
714
603
816
480
-589
-1633
-2418
-2882
-3414
-4321
-5219
-5871
-6271
-6679
-7193
-7317
-6860
-6429
-6414
-6483
-6215
-5674
-5250
-5072
-5003
-5110
-4973
-4433
-4037
-3744
-3582
-3279
-2532
-1936
-1612
-1512
-1846
-1217
526
1995
3595
3989
4190
6133
7601
8584
9082
9090
9710
10158
9504
8216
7457
7270
7509
7177
5906
4975
4741
5041
5268
5017
4447
3970
3777
3555
2801
1694
940
380
-396
-1641
-2984
-3793
-4142
-4394
-4560
-4848
-4943
-4427
-4131
-3227
-2447
-2244
-970
-434
-512
15
505
850
988
881
507
477
491
433
434
336
544
837
992
862
725
901
1112
808
-9
-933
-1625
-2238
-3214
-4208
-5369
-5907
-6007
-6396
-6582
-6817
-6244
-5510
-5164
-4760
-4631
-4091
-3573
-3447
-3590
-3809
-3750
-3437
-3266
-3385
-3350
-3358
-2870
-2177
-1986
-1632
-1467
-1469
-127
1624
2843
4124
4162
4982
6855
7432
7897
7966
8096
8654
8760
7778
6850
6771
6696
7173
6400
5279
5087
4869
5237
5216
4616
4193
4043
3547
2953
2108
1268
985
238
-677
-2007
-3129
-3447
-3537
-3980
-4523
-4641
-4738
-4104
-3690
-3060
-2135
-1657
-679
-332
-177
256
625
976
1019
531
4
135
-72
-134
-119
-294
22
101
48
185
175
264
587
65
-732
-1214
-1931
-2346
-3224
-4441
-5152
-5886
-6271
-6590
-7067
-6803
-6230
-5794
-5309
-4989
-4543
-3619
-2948
-2820
-2962
-3233
-3160
-3007
-2953
-3095
-3126
-2922
-2646
-1976
-1915
-1601
-1227
-1267
191
1576
2799
3866
3756
4971
6459
6990
7551
7431
7753
8448
8206
7529
6837
6375
6699
7058
6063
5052
4766
4696
5004
4883
4267
4062
3930
3457
3008
2164
1605
1290
431
-484
-1776
-2642
-2844
-3205
-3706
-4032
-4270
-4221
-3564
-3241
-2743
-2180
-1634
-733
-554
-511
-171
137
199
200
83
-159
-130
-396
-424
-261
-281
105
204
-89
3
175
316
340
-259
-770
-1173
-1770
-2210
-3025
-3897
-4330
-4791
-5287
-5481
-5735
-5647
-5110
-4913
-4597
-4396
-4124
-3609
-3350
-3108
-3093
-3055
-2807
-2526
-2500
-2356
-2127
-1988
-1678
-1435
-1082
-865
-362
-550
-437
889
1651
3135
3760
3562
4732
5837
6489
6847
6937
7225
7905
7761
7014
6437
5996
6431
6427
5331
4552
4242
4113
4360
3973
3257
3216
2826
2581
2376
1374
952
749
56
-716
-1872
-2717
-2869
-3222
-3802
-3889
-4351
-4563
-3809
-3622
-2846
-2263
-2132
-1263
-974
-665
-38
402
457
627
438
40
36
-297
34
-33
-422
-370
-575
-380
-182
-59
95
-17
-449
-687
-942
-1613
-2005
-2604
-3301
-3795
-4435
-4832
-5046
-5340
-5305
-5157
-5091
-4761
-4499
-4112
-3560
-3161
-2784
-2467
-2308
-2136
-1785
-1800
-1771
-1775
-1928
-1683
-1607
-1274
-898
-754
-724
-717
290
1450
2646
3487
3413
4546
5793
6451
7040
7069
7664
8100
7892
7165
6639
6403
6201
6332
5164
4292
4055
3727
3965
3558
3139
3149
2973
2681
2567
1892
1246
1170
683
-11
-1303
-2566
-2927
-2970
-3513
-3949
-4340
-4449
-3672
-3529
-2859
-2226
-1774
-702
-509
-232
99
621
961
785
574
126
93
-69
-151
-296
-667
-469
-248
-234
-203
-137
61
314
163
-228
-668
-1157
-1491
-2195
-3200
-4045
-4802
-5252
-5490
-5795
-5822
-5502
-5033
-4532
-4116
-3739
-3148
-2540
-2226
-2128
-2078
-1858
-1714
-1727
-1940
-1881
-1621
-1457
-1346
-1363
-838
-588
-273
-403
-524
909
1996
3308
3576
3418
4951
5932
6480
6684
6663
7112
7556
7061
6112
5696
5399
5659
5478
4377
3727
3512
3628
3794
3348
2967
2947
2625
2360
1911
1163
960
779
18
-1012
-2189
-2971
-3066
-3390
-4099
-4551
-4689
-4381
-3746
-3271
-2786
-2123
-1316
-561
-265
24
580
914
1040
830
372
269
278
124
-106
-439
-464
-199
-96
-38
24
141
470
610
248
-270
-527
-665
-1233
-2241
-3206
-3920
-4523
-5039
-5499
-5838
-5811
-5467
-5127
-5047
-4860
-4176
-3190
-2444
-2177
-2135
-1900
-1388
-1244
-1282
-1546
-1888
-1767
-1674
-1587
-1555
-1249
-723
-239
-153
-543
428
1767
2732
3890
3734
4076
5324
5846
6378
6371
6382
6795
6803
6192
5663
5489
5320
5830
5114
4047
3928
3651
3892
3796
3307
2977
2940
2583
2210
1582
660
740
287
-480
-1598
-2645
-2896
-3012
-3205
-3756
-3797
-3984
-3595
-2957
-2726
-1989
-1445
-696
-261
-212
3
621
1172
1051
868
524
508
394
184
343
19
-113
24
-88
29
168
213
301
170
-378
-867
-1043
-1353
-1809
-2502
-3210
-3895
-4412
-4709
-5134
-5399
-5575
-5339
-5098
-4919
-4342
-3629
-2861
-2576
-2320
-2056
-1809
-1489
-1518
-1541
-1761
-1779
-1550
-1509
-1400
-1259
-773
-351
-107
-51
-339
312
1375
2212
2994
2905
3256
4321
5041
5695
5808
5933
6567
6736
6259
5723
5432
5448
5753
4995
3831
3668
3321
3310
3335
2668
2560
2408
1992
1830
1275
708
702
533
-170
-1069
-1948
-2401
-2402
-2767
-3374
-3771
-4003
-3499
-3017
-2884
-2289
-1808
-1133
-387
-343
-76
579
981
1043
806
552
538
513
405
399
43
-133
133
-102
-168
-49
-84
187
28
-392
-530
-788
-1053
-1424
-2183
-2958
-3505
-4121
-4525
-4757
-5261
-5282
-5069
-5001
-4588
-4010
-3323
-2730
-2168
-1948
-1939
-1828
-1679
-1359
-1374
-1440
-1550
-1466
-1191
-1095
-1156
-1008
-563
-501
-176
-462
-261
1108
1825
2791
2899
2816
4005
5011
5551
5720
5879
6261
6728
6352
5499
5376
5128
5337
5199
3853
3559
3508
3319
3384
2786
2445
2550
2401
2085
1692
908
766
846
0
-905
-1736
-2206
-2207
-2481
-3335
-3634
-3668
-3454
-2929
-3145
-2508
-1825
-1317
-699
-662
-218
356
969
931
852
748
483
745
420
222
-29
-329
-97
-404
-721
-490
-257
-17
-46
-625
-876
-824
-876
-1004
-1735
-2531
-2860
-3319
-3869
-4433
-5025
-5423
-5384
-5126
-4962
-4691
-4270
-3409
-2785
-2375
-1949
-1789
-1257
-1139
-1135
-1142
-1340
-1227
-1407
-1409
-1481
-1473
-1039
-805
-640
-715
-652
195
1209
2093
2903
3015
3582
4813
5335
5620
5823
5990
6399
6401
5431
4956
4912
4641
4891
4058
3232
3351
3162
3158
2992
2715
2750
2652
2200
2067
1559
1002
1127
433
-380
-1099
-1992
-2313
-2414
-2952
-3386
-3515
-3749
-3460
-3464
-3202
-2186
-1487
-729
-409
-369
160
1002
1502
1593
1542
1226
1231
992
514
483
132
49
-9
-598
-657
-439
-98
162
26
-191
-213
-240
-384
-528
-1225
-1699
-2282
-3334
-3974
-4607
-5041
-5088
-5076
-5316
-5314
-4997
-4178
-3190
-2792
-2184
-1882
-1527
-1143
-1139
-1096
-1258
-1274
-1343
-1393
-1524
-1441
-1217
-965
-660
-716
-473
-517
35
1161
1676
2633
2942
3190
4326
4800
5236
5705
5938
6190
6140
5494
4858
5005
4759
4866
4529
3368
3337
3087
2931
2994
2700
2619
2666
2216
1808
1656
966
1160
804
-217
-728
-1585
-1884
-1968
-2443
-3096
-3238
-3378
-3357
-2993
-2993
-2267
-1704
-1332
-696
-567
-167
593
1006
1014
1012
813
739
890
425
160
101
-198
-46
-244
-555
-365
-313
-211
-97
-311
-377
-230
-452
-574
-999
-1744
-2109
-2829
-3444
-3957
-4606
-4871
-5031
-5215
-5219
-4945
-4442
-3644
-3038
-2698
-2344
-2085
-1749
-1389
-1310
-1203
-1193
-1401
-1487
-1428
-1335
-1187
-1054
-1074
-688
-565
-510
-547
351
1267
2070
2626
2546
3459
4345
4945
5371
5486
5591
5845
5748
5222
4966
4836
4670
4739
3925
3236
3155
2984
3022
2741
2375
2456
2315
1906
1714
1209
816
871
270
-510
-1082
-1732
-1902
-1946
-2644
-3016
-3072
-3389
-3160
-3244
-3279
-2166
-1460
-921
-397
-421
369
1341
1555
1651
1600
1428
1656
1514
833
702
208
-65
162
-518
-902
-613
-371
-135
-191
-554
-435
-296
-468
-546
-1262
-1812
-2000
-2734
-3581
-4236
-4675
-4867
-4998
-5315
-5285
-4977
-4611
-3790
-3097
-2813
-2390
-1845
-1339
-857
-857
-811
-547
-730
-780
-915
-1234
-1055
-903
-887
-878
-1030
-1138
-639
323
955
1944
2378
2584
3790
4484
5277
5743
5787
6130
6096
5641
5217
5187
4660
4616
4147
3131
3012
2602
2479
2450
2182
2071
2149
1831
1680
1814
1133
1231
983
71
-322
-1160
-1565
-1651
-2280
-2775
-3049
-3486
-3474
-3207
-3145
-2291
-1611
-1299
-510
-508
-11
1040
1319
1571
1278
976
1120
989
637
499
118
-336
-276
-701
-847
-603
-596
-377
-370
-507
-437
-342
-351
-272
-742
-1343
-1621
-2297
-2972
-3604
-4047
-4310
-4617
-4754
-4804
-4742
-4512
-3997
-3526
-3188
-2648
-2106
-1639
-1230
-921
-728
-654
-566
-655
-759
-883
-967
-1008
-1081
-949
-1064
-1020
-1124
-611
511
1253
2332
2356
2784
4047
4737
5292
5515
5829
5927
6011
5493
5095
5006
4483
4503
3702
2855
2819
2593
2468
2345
2140
2031
2149
1918
1766
1867
1370
1363
1061
139
-183
-881
-1291
-1445
-2041
-2594
-2967
-3242
-3431
-3163
-3014
-2400
-1668
-1242
-552
-237
323
1043
1471
1597
1608
1625
1351
1144
844
569
309
-71
-271
-523
-866
-910
-591
-458
-516
-456
-477
-246
-165
-486
-726
-1268
-1789
-2256
-2922
-3424
-3859
-4216
-4498
-4749
-5019
-4969
-4598
-4168
-3632
-3222
-2774
-2118
-1538
-1144
-815
-678
-468
-272
-407
-576
-757
-784
-803
-827
-943
-998
-991
-1145
-425
349
950
1859
2089
2750
3846
4466
5029
5327
5672
5973
5944
5429
4961
4827
4283
4183
3550
2637
2563
2191
2142
2066
1791
1846
1942
1749
1686
1761
1438
1476
1052
332
-44
-677
-1106
-1419
-1952
-2598
-2885
-3160
-3228
-2810
-2762
-2241
-1550
-1338
-710
-321
187
994
1316
1370
1251
1186
1074
1035
718
328
76
-436
-541
-721
-961
-948
-850
-649
-650
-675
-714
-576
-418
-503
-834
-1407
-1905
-2319
-2705
-3106
-3557
-3968
-4236
-4322
-4375
-4320
-3956
-3450
-3103
-2836
-2308
-1694
-1188
-814
-571
-425
-421
-310
-317
-347
-471
-762
-924
-992
-769
-750
-722
-843
-838
11
655
1342
1861
2093
2876
3698
4277
4637
4912
5098
5316
5361
4851
4658
4457
4201
4108
3373
2907
2698
2520
2528
2355
2102
1952
1955
1656
1769
1687
1354
1237
619
257
-193
-674
-910
-1232
-1799
-2193
-2326
-2786
-2551
-2259
-2126
-1576
-1347
-960
-441
-36
448
839
982
1019
1076
882
835
698
271
249
-135
-567
-554
-844
-894
-791
-809
-686
-749
-938
-773
-746
-998
-1009
-1314
-1865
-2294
-2699
-3068
-3310
-3701
-4020
-4034
-4343
-4153
-3749
-3618
-3099
-2758
-2460
-1936
-1544
-1202
-787
-676
-643
-410
-453
-442
-528
-700
-567
-744
-806
-629
-573
-630
-791
-335
207
795
1405
1650
2237
2881
3515
3959
4381
4744
4992
5216
4821
4730
4602
4375
4451
3797
3128
2935
2685
2428
2294
2012
1753
1754
1480
1433
1487
1122
1215
1071
454
62
-430
-625
-741
-1295
-1781
-2087
-2462
-2492
-2187
-2027
-1774
-1622
-1432
-790
-347
-70
436
743
871
928
810
783
645
359
226
-131
-661
-896
-1021
-1144
-1235
-1358
-1382
-1336
-1315
-1144
-915
-926
-922
-942
-1313
-1826
-2134
-2381
-2797
-3167
-3534
-3696
-3872
-4042
-3840
-3687
-3243
-2752
-2429
-1917
-1495
-969
-438
-126
-21
-66
-162
-314
-254
-317
-529
-605
-815
-809
-730
-848
-953
-590
45
583
1405
1710
2188
3110
3743
4401
4725
5071
5308
5298
4888
4604
4605
4298
4166
3490
2783
2484
2285
2292
2130
1996
1931
1865
1672
1712
1749
1607
1532
1177
681
165
-199
-555
-846
-1303
-1977
-2291
-2794
-2869
-2516
-2537
-2007
-1723
-1571
-830
-484
40
648
878
1041
1098
875
742
638
105
38
-331
-915
-913
-1235
-1372
-1187
-1166
-1080
-866
-956
-824
-667
-842
-622
-832
-1256
-1591
-2270
-2795
-3179
-3584
-3805
-3781
-3861
-3718
-3427
-3233
-2692
-2342
-2256
-1758
-1248
-1096
-890
-725
-634
-416
-427
-513
-456
-464
-418
-428
-592
-651
-638
-620
-711
-744
-281
238
763
1306
1488
2101
3057
3577
4035
4432
4700
5106
5019
4691
4712
4333
4145
4118
3384
2964
2718
2210
2083
1982
1742
1693
1479
1317
1457
1246
1098
1210
764
357
186
-319
-600
-851
-1481
-1872
-2172
-2603
-2573
-2536
-2545
-2005
-1707
-1481
-967
-656
-112
487
658
841
964
778
769
689
324
118
-318
-750
-802
-1055
-1249
-1180
-1229
-1123
-955
-975
-838
-727
-855
-944
-1146
-1441
-1633
-1929
-2274
-2592
-2968
-3292
-3435
-3550
-3590
-3403
-3253
-2910
-2421
-2069
-1519
-1069
-765
-310
-117
-40
112
24
-88
-199
-457
-576
-597
-757
-903
-973
-996
-975
-645
-53
505
1169
1529
1987
2859
3479
4034
4455
4717
5011
5124
4832
4483
4293
3918
3740
3405
2754
2488
2193
1965
2131
1999
1879
1945
1574
1580
1786
1515
1473
1253
678
314
-115
-609
-871
-1253
-1839
-2149
-2452
-2664
-2377
-2242
-2042
-1618
-1517
-1087
-517
-249
184
421
529
801
700
465
381
130
-83
-376
-844
-947
-996
-1302
-1378
-1300
-1275
-1089
-914
-871
-835
-959
-1124
-1211
-1456
-1715
-1940
-2345
-2647
-2782
-3015
-3179
-3258
-3366
-3290
-3124
-2924
-2564
-2312
-2048
-1559
-1199
-928
-584
-485
-466
-406
-460
-401
-467
-663
-681
-754
-813
-767
-818
-992
-819
-207
391
1109
1622
1822
2510
3285
3777
4201
4380
4642
4952
4773
4423
4208
3981
3961
3795
3145
2737
2500
2200
2219
2151
1972
1948
1756
1621
1594
1350
1283
1314
929
498
66
-397
-531
-835
-1445
-1941
-2370
-2617
-2483
-2392
-2307
-1886
-1642
-1250
-684
-407
152
637
825
1072
1000
766
727
543
291
118
-336
-726
-892
-1194
-1281
-1239
-1391
-1307
-1164
-1212
-1045
-966
-1104
-1093
-1276
-1619
-1792
-2106
-2420
-2583
-2871
-3148
-3330
-3582
-3645
-3515
-3449
-3097
-2670
-2291
-1746
-1365
-947
-451
-147
-40
67
50
-63
5
-125
-224
-232
-435
-556
-601
-877
-874
-305
185
878
1356
1542
2271
3029
3589
4116
4472
4666
4994
5043
4705
4569
4212
3881
3667
3026
2544
2345
2053
1816
1569
1369
1462
1455
1304
1455
1354
1157
1332
1133
759
402
-105
-373
-750
-1326
-1672
-2029
-2417
-2383
-2328
-2310
-1978
-1756
-1481
-1057
-793
-330
239
472
627
729
672
697
593
343
187
-210
-718
-870
-1022
-1273
-1278
-1227
-1218
-1177
-1202
-1153
-1050
-1074
-1126
-1281
-1547
-1688
-1851
-2081
-2253
-2612
-2990
-3082
-3164
-3219
-3173
-3168
-2873
-2395
-2184
-1895
-1487
-1234
-820
-349
-179
-95
7
-1
-21
-108
-221
-238
-321
-459
-514
-699
-933
-613
-132
318
909
1085
1554
2448
3006
3636
4069
4218
4656
4849
4645
4640
4469
4124
4004
3433
2807
2627
2105
1836
1800
1424
1440
1403
1060
1191
1253
987
1186
1233
852
586
139
-118
-252
-816
-1215
-1519
-2152
-2324
-2325
-2575
-2181
-1896
-1800
-1171
-832
-453
353
786
1025
1319
1268
1280
1237
767
622
374
-276
-534
-877
-1337
-1367
-1541
-1681
-1490
-1609
-1645
-1357
-1210
-992
-975
-1358
-1390
-1408
-1904
-2201
-2496
-2981
-3214
-3477
-3708
-3665
-3598
-3330
-2822
-2654
-2339
-1659
-1307
-840
-438
-301
101
321
290
336
254
82
37
-155
-283
-260
-667
-940
-624
-210
294
787
1026
1516
2300
3021
3689
4102
4464
4930
5021
4766
4648
4500
4176
3964
3366
2631
2458
2059
1621
1539
1228
1088
1104
1013
1120
1120
985
1128
1134
795
611
222
-192
-347
-813
-1297
-1719
-2253
-2529
-2452
-2438
-2323
-1962
-1833
-1477
-908
-565
17
548
762
993
1039
897
871
785
533
342
-83
-461
-588
-899
-947
-1024
-1292
-1400
-1566
-1603
-1403
-1304
-1446
-1372
-1467
-1740
-1686
-1903
-2146
-2290
-2660
-2871
-2999
-3235
-3210
-3035
-3037
-2901
-2674
-2437
-2034
-1689
-1377
-931
-616
-411
-48
186
280
387
321
205
159
-17
-147
-262
-561
-386
49
389
960
1199
1481
2187
2703
3319
3953
4177
4430
4740
4633
4551
4631
4320
4087
3747
3071
2767
2367
1949
1804
1485
1177
1054
930
909
1062
869
767
873
620
538
353
-5
-190
-596
-889
-1159
-1641
-1974
-2147
-2191
-2100
-1853
-1678
-1363
-932
-618
-76
372
756
1091
1145
1160
1147
1020
752
510
85
-442
-691
-945
-1178
-1298
-1422
-1446
-1388
-1359
-1336
-1223
-1203
-1213
-1291
-1647
-1822
-1935
-2165
-2357
-2608
-2785
-2968
-3096
-3134
-3202
-3169
-3013
-2751
-2429
-2122
-1833
-1478
-1053
-665
-437
-339
-204
-22
112
98
-40
-93
-85
-158
-453
-684
-421
44
470
787
1018
1479
2237
2848
3304
3950
4292
4578
4920
4729
4584
4559
4349
4222
3825
3034
2566
2322
1980
1825
1492
1146
1169
978
858
954
792
781
819
554
395
204
-205
-352
-599
-1103
-1406
-1925
-2337
-2347
-2360
-2134
-1863
-1771
-1526
-1131
-686
-98
400
669
961
1081
1139
1205
937
756
506
118
-175
-700
-1078
-1203
-1304
-1410
-1442
-1556
-1715
-1538
-1278
-1042
-1144
-1384
-1373
-1523
-1764
-2022
-2239
-2487
-2753
-2899
-3138
-3265
-3044
-2785
-2773
-2811
-2602
-2167
-1753
-1306
-868
-680
-438
-95
70
229
304
177
185
162
-98
-241
-463
-693
-329
125
406
826
978
1364
2311
2890
3429
4053
4248
4654
4935
4699
4669
4484
4182
4128
3549
2867
2617
2150
1797
1714
1336
1082
988
754
852
976
838
986
1002
677
553
320
36
-63
-496
-1048
-1485
-1979
-2051
-1928
-2100
-2045
-1857
-1806
-1388
-863
-541
-59
307
492
792
871
861
976
815
611
464
9
-352
-512
-809
-939
-1003
-1224
-1262
-1324
-1472
-1368
-1408
-1519
-1386
-1558
-1824
-1804
-1944
-2081
-2134
-2398
-2495
-2470
-2622
-2657
-2664
-2749
-2661
-2593
-2547
-2254
-1920
-1571
-1127
-871
-726
-498
-322
-69
198
196
184
216
109
105
7
-270
-146
160
368
757
997
1221
1863
2416
2843
3380
3683
3990
4319
4244
4224
4347
4197
4080
3854
3287
2937
2612
2139
1915
1577
1230
1153
810
607
738
615
639
734
456
313
179
-96
-174
-452
-844
-1029
-1461
-1873
-1898
-1960
-1862
-1585
-1625
-1536
-1125
-806
-327
164
353
574
697
678
834
829
681
624
247
-222
-434
-763
-1022
-1118
-1402
-1509
-1488
-1676
-1596
-1425
-1465
-1341
-1350
-1569
-1596
-1726
-1918
-1950
-2179
-2422
-2494
-2730
-2939
-2946
-2946
-2807
-2573
-2394
-2080
-1770
-1498
-994
-529
-236
59
147
159
363
448
428
397
127
-71
-110
-332
-411
-74
284
655
1008
1161
1622
2293
2804
3255
3605
3865
4177
4457
4372
4273
4145
3822
3708
3378
2859
2479
2031
1755
1621
1334
1114
997
830
841
865
743
790
737
480
306
59
-238
-449
-713
-1046
-1404
-1839
-2048
-1942
-1948
-1840
-1656
-1680
-1345
-922
-626
-131
139
297
428
401
546
641
429
261
95
-299
-439
-537
-781
-847
-1031
-1135
-1147
-1226
-1201
-1212
-1369
-1478
-1490
-1710
-1922
-2000
-2123
-2125
-2195
-2346
-2364
-2418
-2541
-2573
-2501
-2442
-2273
-2216
-2205
-1815
-1553
-1328
-912
-665
-434
-218
-104
23
206
280
276
242
66
-20
-96
-321
-286
9
227
526
819
1061
1600
2186
2665
3098
3332
3737
4215
4211
4125
4131
4007
3964
3752
3253
2813
2425
2116
1875
1593
1382
1168
940
876
886
858
798
778
767
583
298
60
-144
-365
-668
-942
-1260
-1664
-1756
-1711
-1805
-1703
-1572
-1499
-1216
-924
-559
-121
79
273
415
394
530
575
431
381
150
-200
-347
-568
-848
-990
-1182
-1343
-1406
-1515
-1496
-1432
-1564
-1588
-1494
-1578
-1653
-1659
-1759
-1885
-2015
-2163
-2252
-2328
-2378
-2410
-2474
-2377
-2172
-2075
-1958
-1758
-1496
-1092
-776
-604
-324
-137
31
266
308
295
379
395
276
345
193
-131
-207
-156
151
345
559
793
1140
1829
2192
2543
2993
3377
3886
4141
4020
3971
4003
3874
3781
3444
2839
2531
2272
1857
1570
1306
1077
1035
901
764
757
652
669
752
527
333
198
-86
-173
-378
-864
-1134
-1519
-1849
-1719
-1788
-1884
-1750
-1751
-1412
-945
-776
-347
100
311
575
577
522
700
637
441
268
-127
-412
-490
-734
-974
-1074
-1184
-1253
-1343
-1393
-1293
-1357
-1448
-1305
-1369
-1583
-1564
-1694
-1980
-2061
-2180
-2364
-2458
-2605
-2709
-2730
-2732
-2521
-2297
-2258
-2040
-1709
-1375
-928
-586
-404
-155
43
132
405
405
277
373
215
175
110
-197
-292
-267
10
313
582
900
1062
1667
2314
2582
2983
3288
3586
3930
3962
3878
3834
3655
3570
3466
2808
2273
2110
1778
1604
1456
1063
878
835
819
847
707
739
955
800
549
355
69
-44
-211
-570
-957
-1261
-1420
-1483
-1531
-1634
-1451
-1258
-1182
-862
-648
-428
-29
306
475
499
541
596
557
444
277
-28
-322
-500
-664
-878
-1099
-1253
-1389
-1454
-1431
-1438
-1501
-1501
-1450
-1421
-1441
-1538
-1606
-1766
-1878
-1964
-2109
-2158
-2298
-2374
-2444
-2439
-2232
-2087
-1932
-1693
-1370
-1094
-857
-631
-320
-76
11
131
61
152
346
325
269
50
-112
-152
-328
-412
-165
82
327
689
838
1194
1824
2191
2592
2984
3234
3534
3699
3638
3598
3630
3458
3301
3029
2491
2193
1880
1598
1547
1326
1101
966
785
776
901
866
866
871
599
468
324
41
-51
-378
-726
-944
-1268
-1396
-1378
-1408
-1357
-1222
-1159
-913
-608
-530
-340
-117
22
212
240
146
181
113
-57
-167
-449
-696
-713
-831
-997
-1089
-1248
-1341
-1347
-1431
-1544
-1654
-1666
-1535
-1537
-1692
-1775
-1787
-1721
-1651
-1781
-1945
-1977
-2019
-2016
-1973
-2023
-1967
-1769
-1629
-1432
-1181
-988
-728
-505
-384
-184
-9
100
211
118
-10
68
74
9
-36
-236
-278
21
297
573
809
922
1358
1953
2246
2536
2869
3128
3459
3552
3400
3441
3466
3377
3281
2867
2386
2209
1976
1756
1632
1309
1103
1045
864
849
823
673
751
695
409
243
44
-103
-170
-442
-754
-1062
-1355
-1354
-1315
-1428
-1362
-1213
-1098
-833
-598
-443
-124
213
454
601
542
515
607
534
392
211
-109
-299
-452
-801
-998
-1024
-1158
-1239
-1284
-1384
-1355
-1287
-1291
-1300
-1414
-1602
-1674
-1847
-2041
-2052
-2205
-2386
-2462
-2575
-2461
-2276
-2208
-2034
-1899
-1795
-1516
-1247
-1083
-840
-582
-408
-221
-68
93
301
391
407
399
380
407
349
169
134
306
473
683
909
1038
1328
1749
2097
2405
2654
2864
3156
3348
3287
3282
3231
3134
3046
2661
2268
2057
1813
1594
1401
1078
866
758
590
555
459
401
462
416
299
164
24
-156
-235
-438
-744
-884
-1106
-1160
-1177
-1375
-1249
-1081
-1008
-711
-567
-488
-157
85
306
523
398
368
388
206
197
44
-233
-347
-561
-779
-821
-873
-932
-909
-1081
-1269
-1296
-1408
-1380
-1341
-1574
-1727
-1726
-1757
-1814
-1838
-2016
-2170
-2155
-2245
-2250
-2228
-2132
-1875
-1738
-1517
-1266
-1008
-718
-536
-283
-182
-154
-33
48
226
249
219
274
209
249
311
200
114
219
360
617
944
1060
1269
1630
1884
2203
2537
2749
3059
3220
3071
3022
2985
2974
3044
2746
2304
2029
1749
1646
1527
1190
1012
877
742
760
647
516
572
560
412
195
16
-56
-141
-295
-575
-937
-1182
-1271
-1303
-1335
-1326
-1239
-1129
-894
-573
-382
-139
159
405
679
737
635
659
664
485
384
219
-119
-287
-493
-651
-759
-928
-954
-1044
-1140
-1206
-1293
-1304
-1312
-1323
-1399
-1515
-1614
-1686
-1704
-1796
-1954
-2129
-2187
-2146
-2139
-2066
-1969
-1765
-1643
-1631
-1427
-1212
-973
-666
-476
-348
-171
-114
11
195
192
232
150
126
228
219
239
128
75
338
624
825
1021
1131
1354
1785
2084
2319
2577
2787
2918
2936
2926
2861
2746
2633
2407
2089
1877
1716
1464
1246
1044
845
728
569
517
568
480
451
439
334
306
189
-33
-157
-280
-380
-507
-715
-801
-923
-1033
-1005
-920
-748
-606
-501
-404
-246
-21
137
259
303
343
367
262
207
148
-12
-207
-444
-589
-693
-861
-956
-1032
-1166
-1291
-1380
-1412
-1364
-1360
-1443
-1481
-1539
-1591
-1643
-1772
-1785
-1797
-1854
-1790
-1765
-1737
-1641
-1544
-1330
-1117
-1027
-907
-726
-523
-305
-115
-7
89
197
251
298
273
246
314
313
301
323
256
150
129
315
547
760
980
1065
1265
1596
1809
2027
2211
2359
2521
2577
2586
2546
2433
2362
2260
2007
1757
1598
1457
1312
1105
905
781
682
624
568
472
399
396
356
221
84
-62
-133
-217
-455
-588
-711
-838
-794
-828
-837
-718
-604
-482
-321
-132
-7
118
225
297
354
263
246
226
57
-19
-169
-347
-495
-701
-799
-841
-860
-933
-1068
-1173
-1246
-1224
-1249
-1340
-1439
-1615
-1732
-1758
-1772
-1756
-1833
-1948
-1943
-1905
-1812
-1666
-1552
-1378
-1228
-1098
-921
-726
-477
-379
-277
-86
-25
89
115
133
235
186
195
258
250
305
328
221
142
156
266
461
639
752
877
1056
1260
1592
1916
2078
2288
2412
2361
2394
2388
2324
2304
2124
1924
1763
1523
1358
1153
956
886
761
650
606
567
493
431
403
383
377
234
22
-39
-168
-340
-347
-495
-730
-803
-875
-749
-518
-562
-530
-389
-346
-145
-12
-85
20
88
-2
14
-98
-301
-270
-288
-404
-455
-615
-742
-777
-872
-874
-948
-1163
-1179
-1233
-1425
-1441
-1432
-1474
-1458
-1499
-1517
-1470
-1467
-1447
-1436
-1506
-1493
-1366
-1262
-1146
-988
-910
-848
-758
-690
-493
-210
-30
84
77
23
178
368
422
507
476
368
367
310
231
271
217
92
246
379
487
655
678
928
1254
1429
1597
1807
2009
2159
2289
2178
2070
2064
2026
2013
1846
1628
1423
1167
970
915
899
749
665
618
534
552
492
497
550
442
289
153
67
20
22
-171
-327
-285
-400
-399
-417
-545
-404
-370
-450
-404
-400
-378
-255
-229
-329
-296
-342
-411
-350
-402
-430
-481
-576
-645
-801
-954
-995
-1027
-1125
-1181
-1329
-1474
-1428
-1481
-1558
-1518
-1557
-1594
-1562
-1553
-1445
-1259
-1220
-1151
-995
-930
-815
-730
-699
-625
-586
-494
-385
-285
-188
-136
-90
-44
-8
46
108
134
160
218
289
319
329
360
357
284
200
232
311
448
591
677
799
918
1123
1343
1538
1736
1837
1904
1984
2042
2067
2068
1954
1834
1673
1474
1435
1256
1023
888
711
598
498
379
323
271
221
253
161
28
-7
-36
23
-11
-115
-113
-147
-183
-206
-280
-214
-172
-327
-344
-401
-435
-323
-427
-422
-360
-498
-483
-446
-471
-356
-312
-387
-418
-442
-397
-395
-595
-760
-880
-1144
-1366
-1438
-1538
-1669
-1750
-1790
-1757
-1660
-1521
-1346
-1173
-974
-777
-655
-591
-538
-445
-373
-378
-400
-440
-443
-387
-376
-337
-263
-243
-157
-38
26
166
315
362
431
508
492
446
389
311
242
160
103
108
161
273
340
436
702
912
1025
1204
1370
1574
1799
1846
1879
1945
1935
1975
1889
1647
1476
1333
1179
1027
920
800
633
537
426
308
207
184
320
325
240
198
145
187
248
239
170
95
28
2
-48
-132
-194
-361
-520
-643
-714
-741
-826
-862
-910
-927
-830
-691
-560
-478
-414
-370
-350
-333
-366
-474
-633
-857
-1073
-1192
-1327
-1492
-1652
-1808
-1859
-1789
-1700
-1591
-1430
-1223
-996
-782
-506
-302
-204
-113
-98
-88
-81
-126
-198
-236
-257
-353
-348
-304
-334
-251
-167
-58
98
215
339
461
577
578
562
513
460
435
218
112
102
50
90
91
107
234
383
531
790
1000
1176
1466
1640
1700
1815
1952
2031
1997
1810
1579
1427
1258
1066
924
770
595
423
233
153
232
263
223
193
157
225
335
449
562
485
342
240
190
205
155
14
-167
-313
-459
-662
-779
-839
-835
-801
-909
-961
-880
-752
-575
-467
-412
-370
-345
-280
-260
-377
-552
-712
-903
-1028
-1147
-1389
-1569
-1703
-1784
-1748
-1667
-1489
-1327
-1176
-879
-612
-461
-300
-184
-97
-21
31
71
46
50
-21
-146
-134
-155
-232
-243
-227
-187
-42
90
134
189
249
334
440
535
556
493
361
245
179
92
75
9
-57
-11
-7
88
265
451
684
860
1048
1256
1418
1529
1630
1722
1731
1762
1673
1484
1380
1199
1044
934
718
516
425
347
307
256
163
203
241
259
333
446
457
472
573
534
513
376
237
138
-176
-342
-460
-685
-904
-1126
-1256
-1264
-1195
-1133
-1116
-1095
-963
-731
-489
-286
-224
-262
-277
-299
-374
-499
-694
-952
-1142
-1282
-1390
-1441
-1506
-1515
-1497
-1358
-1156
-898
-538
-369
-164
6
83
265
374
453
450
358
257
149
36
-103
-217
-376
-469
-492
-511
-406
-326
-240
-111
-19
124
205
280
345
350
333
174
135
98
-117
-157
-209
-218
-125
-143
-35
97
219
492
757
984
1270
1503
1590
1669
1741
1803
1887
1854
1694
1531
1370
1211
1082
947
802
650
515
432
374
357
414
479
461
404
414
530
638
612
486
307
124
-38
-230
-474
-740
-977
-1111
-1223
-1443
-1615
-1645
-1589
-1452
-1278
-1116
-936
-708
-557
-467
-417
-408
-428
-553
-622
-677
-769
-869
-1027
-1136
-1176
-1070
-899
-798
-708
-628
-486
-263
-79
81
246
355
422
416
353
365
380
322
219
104
-1
-116
-218
-289
-383
-423
-382
-366
-311
-223
-154
-63
13
45
42
66
91
102
87
54
13
-47
-24
-15
48
141
155
287
426
576
815
1024
1242
1444
1587
1761
1952
2070
2135
2131
2060
1958
1807
1653
1473
1226
977
801
658
480
244
12
-132
-227
-320
-400
-497
-603
-660
-747
-861
-876
-930
-1090
-1244
-1302
-1357
-1425
-1476
-1602
-1676
-1713
-1691
-1589
-1495
-1381
-1364
-1296
-1085
-878
-624
-356
-132
65
201
299
427
551
610
546
435
396
351
293
242
160
115
96
48
71
165
199
179
152
168
207
206
143
47
-40
-97
-138
-291
-446
-532
-581
-612
-741
-800
-795
-744
-580
-492
-447
-329
-146
22
172
299
389
498
614
735
819
889
977
1043
1112
1130
1097
1141
1225
1272
1315
1331
1374
1404
1344
1351
1389
1334
1257
1170
1054
933
759
594
488
361
199
-87
-378
-577
-711
-786
-958
-1089
-1141
-1187
-1223
-1287
-1265
-1207
-1201
-1197
-1120
-1023
-944
-856
-848
-860
-838
-872
-910
-834
-771
-788
-786
-718
-549
-323
-95
77
233
359
492
640
664
709
722
655
609
532
472
371
252
205
180
113
-15
-158
-223
-155
-112
-168
-213
-220
-202
-188
-237
-300
-293
-257
-207
-200
-266
-316
-273
-231
-275
-324
-346
-329
-349
-349
-269
-169
-13
76
147
255
367
537
680
804
854
838
866
923
957
931
881
841
827
808
742
674
690
728
705
682
662
613
525
488
458
403
376
307
145
-66
-131
-185
-312
-413
-618
-768
-823
-878
-875
-888
-928
-945
-926
-848
-727
-649
-635
-621
-625
-582
-474
-429
-428
-453
-447
-418
-403
-284
-170
-138
-173
-221
-61
127
223
278
229
292
461
577
676
685
614
553
475
395
327
231
144
65
-36
-107
-135
-143
-178
-249
-285
-264
-221
-192
-183
-175
-161
-146
-113
-56
-3
7
-38
-98
-143
-168
-183
-181
-163
-164
-196
-203
-127
-1
107
181
250
344
445
524
598
668
676
614
560
538
519
486
408
307
298
333
264
181
216
222
114
74
107
62
13
51
53
-1
5
28
-40
-170
-277
-339
-343
-328
-360
-435
-502
-560
-594
-595
-571
-523
-490
-475
-490
-454
-385
-276
-235
-148
-118
-177
-140
-53
127
202
86
-66
-148
354
1108
1185
745
-208
-380
-531
-122
217
509
481
144
83
-4
218
260
298
145
24
-127
-34
73
427
581
429
255
-72
101
115
-60
-403
-356
-333
-396
-263
-89
-131
-342
-413
-415
-435
-286
-192
-39
-48
-151
-22
16
79
139
110
16
-51
59
128
255
276
295
213
63
213
249
153
98
99
103
142
158
197
308
293
273
130
48
49
-2
60
65
82
66
5
20
68
90
15
-117
-231
-243
-184
-113
-130
-252
-349
-310
-190
-124
-108
-148
-110
-113
-120
-24
35
136
79
15
34
17
44
-25
-47
-26
-38
-54
-92
-58
18
88
121
132
114
82
93
146
192
142
18
-59
-72
-93
-155
-200
-202
-186
-201
-214
-192
-150
-72
-75
-60
56
79
109
136
132
137
69
63
90
12
19
28
-109
-77
-52
-79
9
33
56
-18
6
165
184
227
186
134
179
138
96
66
53
31
-8
-23
-63
-34
-35
-64
-44
-24
38
66
59
42
52
91
66
9
-15
-37
-83
-74
-105
-141
-136
-226
-198
-86
-61
4
14
-39
-74
-92
-31
18
63
63
-27
-78
-79
-56
-32
-82
-126
-131
-152
-34
50
43
80
47
57
123
192
248
253
187
157
298
337
271
205
113
93
71
53
23
-8
-8
-90
-115
-76
-129
-137
-101
-77
-48
-29
60
116
100
58
-9
-35
-8
49
60
-52
-148
-206
-256
-228
-205
-116
-152
-134
-140
-129
-53
70
149
95
10
-3
94
124
194
117
-20
-58
-106
-37
-30
-42
-164
-219
-220
-144
-113
-106
-125
-210
-166
-140
-59
23
23
12
-9
25
39
87
71
64
41
67
39
22
-27
-46
-52
-39
-65
-54
-11
17
47
57
55
114
163
205
216
155
131
195
237
195
180
169
171
176
135
79
28
63
94
112
143
85
83
90
58
124
101
146
134
134
95
75
73
29
18
-39
-61
-136
-134
-119
-81
-83
-128
-104
-139
-54
-109
-72
-14
-19
-30
-59
-33
0
28
-23
-106
-138
-153
-110
-77
-53
-72
-131
-166
-172
-161
-97
-68
-142
-172
-134
-100
-64
-77
-145
-178
-139
-62
-26
-97
-176
-183
-131
-63
-49
-55
-61
-31
-9
0
-27
-26
43
82
89
59
121
134
133
70
73
69
120
170
175
103
32
36
86
128
157
111
34
13
50
133
219
181
97
95
124
175
215
175
127
135
157
138
142
146
162
124
70
87
57
84
110
96
87
5
-40
8
86
49
-68
-135
-98
-34
7
-4
-120
-125
-20
-10
-16
-58
-77
-45
-87
-123
-172
-104
-84
-60
-136
-177
-136
-86
-35
-74
-105
-149
-106
-63
-17
-56
-102
-151
-94
-9
-47
-84
-120
-102
-89
-99
-88
-99
-69
-120
-167
-153
-139
-88
-59
-81
-87
-64
-44
-32
-21
9
19
-9
3
54
138
182
112
44
48
33
29
72
84
82
89
86
103
105
77
113
158
147
144
143
160
193
177
155
157
144
158
186
185
185
164
111
78
72
59
67
83
114
143
113
67
61
79
41
37
35
-2
0
-45
-45
-40
-58
-74
-109
-80
-73
-70
-53
-83
-97
-107
-126
-115
-76
-54
-68
-112
-143
-145
-135
-104
-80
-97
-134
-142
-118
-100
-114
-139
-152
-143
-123
-99
-78
-70
-89
-119
-135
-130
-109
-88
-85
-92
-104
-115
-100
-66
-41
-21
-41
-52
-21
19
53
52
49
49
60
105
129
122
95
75
74
92
126
139
130
109
88
85
82
80
74
46
41
77
121
146
139
121
100
97
122
131
140
136
103
97
107
127
128
102
90
72
74
79
85
89
69
48
28
43
60
67
53
25
4
-20
-23
-37
-33
-49
-83
-83
-72
-48
-61
-69
-91
-108
-115
-108
-70
-62
-77
-113
-114
-111
-71
-73
-67
-86
-92
-71
-52
-17
-33
-49
-84
-81
-65
-45
-42
-63
-81
-93
-87
-65
-62
-55
-97
-103
-116
-73
-56
-47
-72
-100
-96
-85
-37
-14
9
-1
-5
2
14
24
10
6
5
28
41
61
55
30
4
3
39
66
89
100
97
102
83
99
99
103
90
86
97
104
103
92
96
98
120
137
162
179
165
157
126
125
107
103
84
68
49
29
28
23
37
28
20
18
17
30
19
8
-11
-24
-24
-22
-20
-31
-55
-78
-89
-88
-84
-83
-87
-87
-85
-78
-74
-72
-69
-70
-72
-65
-58
-64
-72
-74
-80
-93
-99
-98
-103
-112
-110
-101
-100
-99
-90
-83
-83
-79
-70
-69
-71
-72
-64
-59
-53
-46
-49
-47
-46
-32
-15
-7
1
8
17
21
13
14
17
23
32
46
63
73
71
68
65
61
55
50
53
61
71
82
95
102
105
106
108
110
109
105
105
111
117
121
121
125
129
127
119
110
107
112
116
113
107
102
103
103
91
64
35
14
6
5
0
-11
-22
-29
-31
-40
-51
-66
-79
-89
-95
-95
-91
-83
-79
-78
-79
-82
-85
-91
-100
-105
-103
-91
-77
-67
-63
-64
-69
-77
-83
-86
-87
-90
-92
-93
-87
-81
-79
-79
-77
-71
-67
-68
-67
-60
-51
-47
-48
-45
-31
-17
-9
-11
-19
-23
-17
-6
5
5
-4
-8
0
16
24
22
14
11
17
31
45
54
58
59
61
67
73
80
81
81
83
88
95
105
113
115
116
122
134
144
141
127
113
109
111
109
100
91
84
82
80
78
73
66
57
47
43
43
40
32
18
8
0
-9
-21
-31
-42
-51
-59
-61
-55
-48
-45
-48
-46
-37
-29
-23
-26
-33
-40
-46
-49
-49
-50
-51
-59
-68
-72
-71
-71
-75
-83
-84
-76
-69
-66
-65
-66
-67
-69
-71
-69
-68
-70
-72
-71
-65
-59
-58
-61
-65
-66
-63
-61
-59
-60
-60
-58
-53
-47
-40
-38
-33
-24
-9
3
6
4
4
9
16
21
29
35
46
53
60
66
71
75
78
82
89
96
108
116
120
120
121
120
119
114
107
100
93
85
77
75
78
82
80
75
67
60
58
58
58
57
57
53
47
39
30
21
12
1
-7
-11
-8
-3
0
-3
-9
-13
-17
-20
-24
-27
-29
-28
-29
-27
-22
-19
-23
-31
-40
-42
-44
-52
-60
-64
-67
-66
-65
-69
-82
-95
-105
-110
-116
-120
-125
-130
-132
-133
-130
-122
-116
-113
-110
-104
-94
-80
-69
-65
-61
-60
-49
-34
-19
-13
-11
-10
-3
1
4
10
14
20
25
30
39
48
57
63
67
73
82
94
106
112
118
120
120
121
123
130
136
133
128
125
126
129
131
129
122
118
112
101
87
77
66
54
44
38
35
29
16
4
-6
-6
1
4
2
-2
-1
4
9
8
4
1
1
-8
-20
-30
-36
-45
-53
-57
-59
-62
-62
-60
-68
-78
-79
-73
-69
-73
-78
-85
-89
-86
-85
-89
-93
-94
-92
-89
-86
-81
-79
-86
-92
-90
-81
-75
-80
-83
-80
-75
-70
-64
-59
-56
-54
-51
-42
-32
-23
-15
-7
-3
0
7
15
18
14
12
14
21
34
45
45
40
49
68
84
90
91
95
100
110
124
124
120
118
119
117
116
118
116
107
95
87
86
83
76
66
55
42
33
29
31
31
22
12
10
20
27
27
23
20
19
21
24
26
20
7
-1
-2
-3
-7
-15
-22
-28
-32
-32
-32
-33
-34
-29
-24
-21
-26
-29
-29
-30
-39
-48
-55
-63
-71
-76
-81
-91
-101
-107
-105
-100
-100
-106
-108
-106
-100
-94
-89
-90
-90
-83
-69
-61
-57
-56
-51
-44
-36
-27
-16
-6
0
6
12
20
27
32
30
27
33
41
49
47
39
35
37
42
44
48
52
56
57
59
63
69
74
76
74
77
78
78
75
69
69
69
68
64
59
55
50
45
42
43
49
52
51
48
51
57
62
64
60
56
56
59
62
61
56
46
34
28
27
26
21
12
1
-9
-17
-23
-29
-34
-37
-41
-42
-44
-47
-51
-53
-55
-58
-62
-67
-72
-76
-79
-82
-85
-89
-93
-93
-93
-96
-102
-105
-106
-100
-92
-87
-85
-84
-80
-71
-62
-53
-48
-41
-36
-31
-26
-22
-17
-11
-7
-4
0
4
7
16
22
24
25
27
32
40
47
51
52
52
52
54
59
61
65
66
64
61
61
64
70
74
77
74
75
78
83
85
84
79
78
78
76
75
71
67
60
57
54
52
50
46
40
30
21
14
10
6
-1
-10
-19
-27
-27
-29
-34
-37
-36
-30
-26
-23
-18
-14
-17
-21
-20
-16
-19
-30
-42
-41
-38
-43
-53
-60
-62
-60
-60
-64
-67
-67
-66
-65
-65
-62
-54
-48
-51
-59
-62
-56
-45
-39
-40
-41
-39
-33
-26
-24
-27
-29
-24
-16
-13
-13
-13
-10
-7
-7
-7
1
11
19
17
13
15
23
37
46
45
40
41
47
53
52
49
50
53
50
46
45
51
55
54
51
49
57
63
64
60
57
56
56
55
56
57
57
52
49
52
60
60
52
43
46
50
50
43
34
25
16
10
6
1
-8
-14
-17
-18
-20
-23
-24
-20
-17
-18
-19
-16
-9
-2
-3
-10
-17
-18
-15
-18
-27
-37
-46
-52
-50
-48
-51
-62
-72
-73
-70
-68
-70
-69
-64
-63
-62
-62
-57
-52
-51
-50
-45
-36
-26
-19
-16
-17
-19
-16
-14
-17
-21
-21
-17
-15
-18
-22
-22
-18
-16
-10
-2
3
9
15
22
26
29
33
41
46
46
42
42
49
56
58
52
45
46
50
50
45
45
49
55
53
42
34
35
40
39
30
24
23
27
31
34
36
38
38
40
39
41
42
42
39
34
27
22
21
23
20
15
9
3
2
2
-1
-3
-4
-6
-11
-17
-21
-22
-24
-30
-35
-39
-44
-50
-51
-48
-48
-53
-53
-49
-49
-52
-55
-56
-57
-61
-62
-61
-60
-61
-64
-66
-61
-55
-45
-37
-33
-31
-26
-16
-6
-1
0
1
3
8
9
10
10
12
16
18
22
28
32
33
31
33
42
50
51
45
40
43
41
35
33
37
38
34
32
32
31
29
26
25
26
21
22
24
24
23
21
22
25
31
37
40
39
37
43
51
55
50
44
42
42
39
36
35
30
21
11
7
5
5
1
-6
-13
-17
-15
-10
-9
-18
-27
-34
-34
-32
-31
-31
-34
-33
-30
-29
-31
-32
-30
-29
-30
-29
-24
-21
-17
-19
-24
-26
-28
-28
-25
-25
-27
-28
-27
-28
-30
-36
-36
-31
-27
-31
-36
-35
-31
-27
-25
-25
-25
-22
-18
-15
-14
-15
-15
-10
-1
5
5
3
5
13
17
19
20
23
25
30
33
34
36
37
38
44
49
51
48
45
44
46
46
45
49
51
48
43
41
47
50
48
40
37
38
39
36
34
33
33
28
21
19
17
15
10
8
3
-4
-14
-20
-19
-16
-15
-21
-26
-32
-33
-32
-31
-33
-32
-31
-31
-32
-32
-32
-29
-30
-32
-31
-28
-27
-26
-27
-28
-31
-32
-29
-22
-20
-25
-32
-32
-25
-17
-14
-13
-16
-19
-18
-12
-4
1
0
-3
-5
-6
-6
-5
3
7
1
-6
-4
5
11
7
-2
1
6
9
9
7
4
3
2
4
7
11
12
12
6
6
10
16
17
15
19
24
24
23
27
34
34
27
25
30
36
36
33
30
26
28
36
39
29
16
13
24
31
24
9
2
8
17
20
17
7
-2
-5
-2
2
2
0
-1
-3
-6
-9
-10
-6
