13
15
15
14
16
20
24
24
22
24
27
29
26
28
29
30
29
30
29
30
30
34
35
33
30
29
30
31
32
33
32
30
28
26
26
26
24
20
19
18
15
12
10
9
6
4
1
0
-2
-6
-11
-11
-11
-13
-14
-15
-15
-17
-20
-21
-22
-22
-23
-19
-18
-18
-19
-20
-20
-21
-21
-21
-19
-16
-16
-18
-19
-17
-16
-16
-14
-10
-8
-9
-11
-12
-9
-10
-10
-8
-5
-1
-2
-2
0
3
3
0
-1
3
4
2
1
2
5
5
2
0
1
1
1
4
5
5
1
-2
-1
2
2
-1
-2
0
0
-1
-2
0
2
1
0
1
2
3
5
9
13
12
10
9
14
20
19
15
13
17
20
21
20
19
19
27
23
16
20
21
22
28
20
14
21
20
17
17
15
12
15
11
4
5
8
4
5
4
1
8
3
-7
-5
-3
-11
-11
6
1
-6
-19
-37
-25
-20
23
5
95
-12
-238
-73
94
101
-46
-140
-46
48
15
-99
-41
45
32
-68
-87
5
193
190
-215
-259
-6
89
-12
-129
112
137
-199
-254
60
291
33
-215
-138
128
288
-40
-268
-114
137
144
-111
-161
-8
159
70
-71
-52
29
88
17
-29
-53
17
72
13
-12
-14
-7
-44
56
249
158
-204
-346
-3
325
167
-205
-242
80
272
65
-178
-70
135
110
-52
-107
28
111
31
-33
5
52
25
1
10
30
33
20
-14
-30
65
90
28
-31
-55
67
100
33
8
-36
13
40
2
13
7
17
-6
4
60
-3
-53
3
46
26
-29
-81
5
105
21
-79
-66
49
114
21
-91
-92
1
47
-34
-71
-15
-29
-8
3
-27
-4
-20
-59
1
27
-99
6
76
-100
-42
10
6
21
-59
-50
13
111
-88
-157
194
66
-96
-121
20
211
-56
-69
-12
2
21
59
-13
-125
173
2
-86
-3
-79
198
54
-93
-117
-59
296
-8
-196
72
15
3
-12
47
40
-114
43
6
95
-16
-215
243
68
-210
-9
225
43
-260
54
52
160
11
-243
79
76
33
-6
8
-9
-45
-7
143
44
-102
109
-186
24
350
-60
-167
20
-49
129
330
-318
-185
239
170
-91
-330
356
213
-299
-66
13
154
131
-63
-247
52
36
-23
313
-229
-309
128
245
77
-207
-344
212
288
-64
-492
342
-5
-203
138
-348
549
-244
-27
-367
35
472
-76
-58
-632
132
439
95
-215
-144
-183
274
-123
-32
431
-448
57
-437
547
118
-272
-20
61
4
-285
240
137
65
-378
98
-91
372
-193
84
-76
-379
447
250
-238
-232
-230
662
52
-600
91
159
122
0
-218
-135
247
314
-274
-306
229
311
-367
-40
198
21
-50
45
-285
170
258
26
-168
-356
158
402
254
-698
-178
445
297
-15
-635
363
213
57
-275
-227
512
134
-106
-463
307
161
203
-111
-436
242
433
-130
-256
95
-20
202
-152
398
-405
6
127
-24
212
-350
262
88
-269
7
371
-436
92
287
-177
-145
130
-6
79
-24
-429
217
141
279
-438
-73
-158
69
610
-249
-486
-135
513
371
-472
-912
982
283
-360
-133
-810
987
529
-739
-744
982
151
-454
-197
421
331
-969
762
-261
79
207
-1006
1429
-618
-176
-368
748
216
-1097
1041
-605
-347
1138
-553
55
-306
-253
819
392
-1301
208
888
-371
31
-1065
1419
-390
-81
-364
602
-351
-115
1022
-1918
1548
-453
674
-765
-794
1474
-615
765
-1039
37
278
366
424
-1439
615
472
-32
198
-1419
1144
575
-690
-86
63
75
-18
689
-523
-476
325
178
993
-1063
-517
502
568
43
-527
409
-1361
1925
-903
705
-1455
929
-437
1277
-1314
-439
1412
-553
40
-1465
1993
14
-484
-1899
1825
340
-117
-1059
-117
1494
-2047
1425
-399
219
35
-1062
58
1383
-76
-788
-487
-357
1944
-1449
562
-1186
939
441
-679
309
-1398
3020
-1863
-878
248
872
1795
-2842
118
-355
2676
-1559
-320
-609
667
1574
-1873
-641
362
1922
-147
-2144
-395
1101
1573
-859
-966
-1151
1889
683
-1105
-1055
1038
494
-478
-360
189
112
-112
82
940
-2020
298
2410
-1602
-864
477
1124
270
-2095
744
1279
-332
-881
-264
1430
-91
-547
-267
-2
813
-48
246
-799
-140
1349
-435
44
-156
-699
1653
152
-1402
259
1250
-833
177
99
-674
2253
-1791
-952
1208
1371
-1567
31
-39
365
-61
209
687
-1647
382
-6
1189
-1578
939
-432
-899
1083
1021
-1479
-1251
2086
-632
697
-2516
2644
-1264
-742
541
680
75
-1615
818
919
-637
110
-635
-1215
2466
770
-2157
-958
587
2014
-366
-1844
1210
-1609
2954
-2223
298
1221
-1704
1673
-2663
2822
-687
-663
-246
413
614
-459
216
-1402
1455
-777
137
-729
2485
-1547
-2225
2905
-1287
925
-791
-842
1561
-1372
853
-142
-750
321
-196
2069
-2185
-343
1289
81
-144
-787
393
541
338
-810
58
-44
1319
676
-1863
-372
812
2763
-823
-2545
479
1677
1948
-1159
-2448
200
3818
691
-4619
734
2687
-437
1279
-2334
-1654
3662
-294
79
-606
-3039
2605
1194
-1089
193
-630
33
-481
1944
-692
-4123
2884
1624
-1290
-214
-3094
1772
3477
-2172
-3540
1248
4607
-3887
-1556
2528
-2218
2454
-1436
-2438
3967
302
-3756
-1599
3907
986
-3249
150
2304
-1629
-3133
2629
3205
-2021
-3202
403
2153
1393
-862
-2312
609
-437
-489
3797
-572
-4503
350
3403
47
-2745
-151
1846
1027
-3134
-2150
4705
1094
-2891
-1850
-722
3623
1326
-1893
-1991
-2117
3334
3457
-1385
-3370
-1745
2874
2524
454
-1784
-2657
1570
2059
292
84
-788
-91
241
1077
1151
-1023
510
676
-546
919
-606
561
1933
-476
-3140
1644
3058
-1081
-80
-3053
2655
3356
-1885
-2680
1359
548
2851
291
-4888
718
2392
2122
-2696
681
41
-3664
4693
-620
-295
-29
-4505
2477
5127
-3217
-3223
976
277
1270
-1309
-1532
-2395
3573
4065
-5562
-4162
2245
3633
84
-4263
-69
-629
1606
543
168
-176
-2310
-2217
3185
-138
3537
-2051
-6444
2159
2420
2460
-2154
-2966
-883
-536
3682
4383
-5604
-2338
-72
-519
5331
204
-1586
-6015
-788
4972
1303
1302
-5656
-1629
1029
2578
3285
-5485
-3271
3981
1170
648
-203
-2977
3360
200
-432
-568
-191
2010
2841
-1300
-2222
2050
2311
2851
-3936
-429
5765
-1274
-763
-1033
1486
1476
674
-283
-2450
1614
1651
453
-906
-124
-738
1515
1271
-722
56
-2469
3039
1611
-113
-2237
-3558
5689
3174
-1514
-5560
1451
3918
-311
1044
-3425
167
607
-698
2364
1974
-7755
4343
2456
-4278
-2280
2810
1459
-1229
-2049
-2417
3302
-1780
2799
-3961
-553
2756
-6776
3124
6287
-4935
-5956
-1578
7463
809
-3510
-2921
1500
-3783
2649
1195
1394
-2910
-5960
4254
91
6670
-5673
-7352
1521
4994
3005
-2462
-3251
-4708
2593
2692
-218
1760
-5380
-2701
3019
-460
1046
2682
-4356
-3297
438
2279
5784
-1784
-7397
29
5739
4506
-1948
-3464
276
2527
4604
1286
-3536
-699
5158
1672
-563
568
-761
3761
321
-1435
1561
596
2049
-1244
-879
1269
160
531
617
245
-1392
-1203
1408
2098
-726
-653
237
-626
-383
1015
4215
-1346
-3684
-983
3155
4616
24
-3956
-3042
3008
1092
6158
-4076
-3174
529
-665
1763
4261
-1648
-5900
2872
-2770
2171
4063
-3108
-2755
-3168
-1285
5324
6797
-5021
-13658
-192
7916
7213
-1581
-17320
-762
11961
3756
-6004
-15887
8569
6347
6560
-12386
-8030
2902
2469
9624
-11358
-3241
1275
5715
-2547
-6087
-3204
4365
5624
-7523
-4057
627
7417
-5176
-5392
-584
916
9446
-4255
-8205
-2351
4755
7194
-2833
-4914
173
3703
5898
-3282
-2873
768
4724
6982
63
-5119
-2551
5920
8690
2003
-4336
-2471
3483
5753
2870
-1966
-1506
1911
3259
1383
-653
-633
334
548
700
957
1463
-1251
-2309
282
1695
2149
1494
-2945
-5123
3448
7344
657
-5188
-2985
-1669
8821
1763
-2211
-1556
-4423
350
5177
4342
-2294
-7005
-1839
10093
-2013
-2886
479
-2485
1257
-336
4062
-3817
-4330
1520
-275
460
-2601
1015
1620
-4225
-6476
1764
3729
1591
-2994
-8760
1636
3062
-373
-936
-3674
-2596
-695
485
1878
-5856
-1365
2493
-3392
297
-5586
2341
1686
-1707
-1667
-5649
-2043
4379
1590
-1385
-9935
-563
8447
2144
-5102
-4316
1893
2345
1513
-592
319
1310
3213
-343
-842
801
4666
4293
472
-1100
1198
4364
5631
1144
-2193
2173
5700
3574
973
-1604
-357
3926
4450
1425
-758
-1930
-487
3110
3370
-365
-2726
-720
987
857
164
-225
-659
-850
662
-8
2204
927
-2861
-2599
899
4435
2142
-1882
-4333
-2752
3939
3944
1169
-1269
-6816
3344
1506
-768
345
3196
-7001
154
4390
-1388
64
-6055
4467
-1605
-639
-138
-9598
1336
8997
-2503
-7646
-9310
-191
9406
4960
-7880
-11809
-462
7940
979
-3926
-4420
-9397
4891
3408
-439
-4885
-1736
-6849
-2409
12045
-2770
-4962
-5675
-4213
6444
1904
-5340
-1447
-4230
4227
4557
-5999
-4138
1283
4051
5085
-1990
-5677
1232
7210
1953
362
1939
-2495
5129
8172
48
701
31
2788
5948
2655
2046
2307
2717
2085
-703
1848
5355
1035
-376
1791
-807
900
2730
-1891
-760
1985
1179
2178
-1805
-6078
1030
4160
1819
2076
-4264
-3679
54
3168
5351
-2066
-4904
759
3950
1133
-1536
-2049
-2815
3042
3171
-1457
4425
-5436
-3802
-3505
4237
5329
2509
-3722
-11745
-3200
5434
9100
-3616
-8235
-8848
2711
6506
2118
-9075
-10068
191
548
11103
-2535
-11426
-5983
-5030
5203
5486
3111
-8566
-6239
-7490
2852
4053
3403
-1014
-11447
-7565
-89
12407
2413
-10530
-7886
-6481
3491
12429
522
-4310
-12703
-6222
9844
8017
4140
-3863
-8857
378
5752
7675
4312
-3171
-3814
2333
9380
8262
-1744
-3417
-125
6379
9745
3553
2744
-1798
-484
2874
3003
8207
1013
-1785
-2113
-1549
5103
4424
1619
-2771
-3258
422
3808
1817
-2891
-3161
-894
4846
4028
-2549
-4013
-2117
430
3939
3019
-1225
-1025
-1367
-1980
367
2487
3392
988
-5326
-3476
2904
5587
3159
-5435
-5197
-2250
-434
9498
5285
-9138
-10446
-7592
6322
9779
3446
-5547
-11260
-12976
570
14067
5791
-2434
-15041
-16852
4446
20080
1829
-12468
-15889
-7656
20577
8015
-12165
-8001
-12682
8622
8484
-3186
-2080
-11910
-3247
6707
-757
1492
-9118
-9016
6654
7196
1085
-6853
-11063
-2176
9872
12558
-834
-9456
-4121
1736
9770
7057
-2528
-343
2143
4413
5895
1104
-388
3987
4242
3180
4664
1962
1502
1848
-285
4043
4938
932
2073
123
-1286
1961
1163
1277
1356
-1166
709
-144
-2314
861
-310
-285
1456
-1144
-1271
219
-675
-592
1983
-1050
374
1366
-766
70
-2882
1530
1770
-986
1836
-46
-485
-1029
-776
-308
2260
4222
-4013
-1025
-3732
-2273
1279
3140
4237
-5620
-10596
-1606
7615
63
-5565
-9033
2352
2502
-1731
1001
-15678
-607
2576
3966
1064
-14166
-2088
-1289
2986
5943
-7341
-5869
-4791
3906
8863
-9083
-6816
-8122
581
9100
1017
-545
-6180
-8203
2023
7833
6774
226
-5847
-2503
3348
6375
4422
-2330
-784
4021
8910
4114
-4559
-1631
4000
9609
5588
-1781
826
3197
3021
2020
242
2374
5060
2143
-271
-1710
-1775
3018
4485
748
-1772
-1150
1208
2060
-1304
-1907
726
1989
2830
427
-1810
-2109
-498
426
1191
2961
-1158
-2091
-1269
-1277
2805
1274
2426
1095
-4495
776
95
-553
2124
-553
2774
2361
-4362
-3365
-548
229
3109
388
-4608
-2450
-1616
-69
1654
-6261
-4189
-1996
2989
-211
-5546
-4194
-2481
-1171
-4053
392
2897
-1291
-8075
-5424
-4031
2928
4684
-3165
-3113
-10119
3037
37
-1376
-1498
-9879
2759
4873
6559
-3763
-14856
-2655
9401
10664
853
-8318
-5800
6389
5235
6040
-1730
-1029
4493
4161
5150
176
1045
3403
2554
2723
5143
4183
1615
-1494
-1228
2407
6580
4490
519
-3255
-2646
2112
4264
1906
-1220
-1532
878
1661
-33
-1410
-543
974
966
-453
-1215
-967
-55
1119
620
-1217
-1871
1248
3452
8
-3745
-2187
3163
3448
421
-1452
-997
179
938
2951
-1155
-500
-140
801
981
-534
768
-5937
-591
-753
2449
1254
-3217
-4405
-8138
1871
9794
-1567
-10730
-8802
-1494
8756
2488
-8786
-10855
2040
2987
112
-1731
-9561
-6976
8355
366
-3035
-2819
-11626
2973
930
-2287
2869
34
-61
-6890
-4909
3812
9848
2469
-5652
-5800
3935
6993
2638
-953
-2463
5115
7571
1618
328
-713
3386
8067
1786
-703
4551
4944
3912
265
-2430
2414
4863
3124
1060
-2053
-1130
2867
3610
651
-2257
-399
2868
1048
-2570
-2486
524
2411
1313
-317
-917
-811
-880
-1767
-770
2709
4530
1386
-3997
-4851
158
5319
5279
-1099
-5267
-2175
3419
3327
-293
-3176
-35
5568
1501
-2442
-4451
-4124
3521
7687
-3978
-6483
-1934
2603
152
-793
-7377
-5555
10424
-2092
-2055
-2934
-14896
1261
7958
2595
-3838
-8796
-6425
-56
3478
1368
-3572
-5024
-4960
-4289
4158
-738
-3359
-1870
-2226
4188
-1138
-3772
-2864
3123
4127
-273
-2348
-1485
6170
3605
100
-2526
1603
6955
9622
555
-4761
-192
4839
9624
3120
-369
-57
1672
6120
1451
121
588
1657
3583
1644
-1076
-776
1136
144
722
1036
159
640
-1352
-2946
-938
1314
1810
330
-1995
-2199
-977
1607
2059
-1655
-1981
290
1392
1628
-1451
-2296
1832
2589
282
-747
-482
1097
1179
-16
-935
-104
3514
2110
-3403
-2747
1410
1836
1069
-969
-3344
-1808
-938
-552
198
-1287
-4537
-3310
434
2639
-482
-10029
-4858
564
3153
7146
-8055
-11632
-3802
3361
8470
-3962
-7875
-6439
-4721
4825
2312
230
-2278
-8116
-772
419
1696
5839
-3156
-4076
-832
2430
9364
2894
-3094
-3778
-2427
9379
11714
2422
-5048
-5895
4313
11528
7991
-951
-4509
827
5434
5437
1096
-978
1057
3006
2426
72
-350
358
533
-411
-123
1709
1859
-918
-3652
-2768
1435
3383
304
-2368
-3396
-698
1825
268
-177
-2122
-1338
1294
111
353
-1112
-571
2164
327
140
-74
641
2246
537
-192
-364
-359
309
1920
1711
143
-1920
-3250
1056
1779
-767
-2495
-4026
125
1506
-1210
-3143
-3123
-925
-684
-3031
-910
-14
118
-5543
-9844
5514
1966
-3535
-3885
-7107
-2216
4816
394
-4904
-6814
-3849
6366
4152
-225
-7489
-6573
4537
5057
1462
1300
-3069
-332
4122
2880
949
-154
2814
6230
3813
304
-429
2034
5092
4755
2447
1193
1159
1373
723
1715
3292
2919
1309
-1537
-1521
2402
2752
200
-977
-1330
829
2166
-929
-2848
-1811
-341
1234
1094
-725
-2349
-2717
-1203
594
1078
296
-805
-1712
-1991
-1382
580
2414
1506
-744
-1617
444
1802
685
91
-410
2083
2489
80
-2394
255
3577
1151
-1734
-2342
1355
-2559
147
-792
-818
-748
-2760
-771
-950
-2586
231
-2268
-4980
762
-2693
1792
-2314
-8439
-1772
1069
-95
-325
-3923
-6351
-2044
-3069
749
4544
-1156
-1886
-6426
-4264
3823
6992
4350
-3657
-4393
26
6659
7042
-1147
-1718
2419
5242
6020
1752
-38
2686
3904
3795
2831
2127
2502
2442
1610
787
1080
2819
3373
1190
-1078
-1238
622
1728
387
-991
-633
622
381
-1559
-2417
-1183
689
624
-1402
-2715
-1903
-530
88
-642
-1237
297
-334
-1756
-2633
-1811
2394
2217
-239
-1440
-1859
158
2041
1298
-97
302
893
1502
-48
-963
116
618
1655
-1407
-632
1435
-3839
-1906
-448
-1508
1766
-2285
-4154
-1683
-1580
-1270
-992
-1008
-2666
-538
-2024
-5068
-711
-1638
-1182
1370
-3996
-4728
-2748
-2083
2367
3486
798
-5467
-7376
766
4366
4704
1618
-4228
-488
4240
4552
2838
-1363
-539
4565
6736
4510
49
-1102
2874
5765
4063
1883
1236
1533
2521
1655
849
2466
2618
1043
-25
65
1282
1761
800
-1211
-1964
277
1695
-233
-2018
-2556
-1258
1138
-27
-1679
-2602
-2771
-1055
-568
-351
-356
388
-433
-2958
-2873
-652
2958
2289
-1455
-2146
-1025
654
1815
625
-217
1116
1493
1006
-737
-1496
21
2446
3098
-1956
-4234
-1006
1741
836
-2934
-2953
-830
-517
-2274
-3106
-1499
-2330
-1436
-438
-3716
-1620
-1579
-4847
125
-7
-2729
-957
-5339
-3013
2361
-1732
-367
-384
-2411
463
-1379
125
3260
1484
-663
-1283
2162
5105
3329
-353
-712
2885
6887
5568
104
-1391
2232
6335
5006
1608
512
1718
3905
2752
843
868
1848
2349
1167
83
-100
429
136
-472
80
349
568
-1112
-2486
-1775
-1020
832
-351
-2343
-2373
-2229
-735
-333
-837
-601
253
-595
-2354
-2564
-1163
1360
1984
-194
-2497
-1586
-93
1217
908
-642
547
1128
969
-1171
-1642
559
1895
1986
-1605
-3605
-1513
1904
1215
-1130
-3896
-4114
633
885
-135
-3623
-4048
-1930
-894
1843
-3078
-4687
-4573
-3588
3660
2562
-3572
-6864
-7505
-1058
6754
5899
101
-10225
-9327
4115
9741
8297
-3744
-9358
-731
7940
11083
2203
-5642
-3603
5432
11249
6440
-824
-3509
1526
7407
7574
3692
217
-573
863
3507
4789
3779
857
-1068
-200
1906
3026
1422
-1157
-1647
-25
1862
1420
-1689
-2995
-1726
-78
1289
-439
-3178
-2784
-1550
-119
64
-2622
-2148
1566
1822
-1450
-4991
-4111
1652
4268
1185
-2407
-3070
-828
1366
970
243
428
465
268
-1277
-2034
324
2440
1309
-814
-2159
-1153
44
-1788
-672
-646
-2585
-686
-1358
-3045
-3668
-2876
-1127
-1424
-10
-1651
-3670
-2432
-4295
-1425
2509
-765
-4955
-6411
-1541
2948
2388
248
-4332
-3933
972
3717
4532
62
-3087
436
3870
5778
3136
-772
1552
4072
4785
4441
1534
1757
3919
3721
3652
3249
2343
2281
1653
1261
2927
3850
2508
251
-1552
-40
2190
2409
1427
-897
-1759
-364
860
308
-752
-1310
-1185
-315
-1444
-2003
-687
-1001
-1386
-2502
-2980
1248
2533
-343
-3307
-5876
-619
4284
2755
-199
-4663
-2960
1580
2456
1314
-1013
-984
409
700
-745
-1000
539
797
249
-1728
-1871
-93
-619
-2330
-3501
-371
2354
-538
-5407
-7774
-3195
3529
4861
-2722
-10038
-7861
-840
4975
3312
-2438
-9143
-9973
279
6009
4449
-676
-8416
-7644
380
7402
7971
120
-6308
-4528
3766
9309
5408
-850
-3037
1857
7849
6532
2461
-189
985
4628
5803
5227
2144
98
1947
2943
3720
4149
2757
745
-402
249
1592
3015
1674
-756
-1018
-526
1011
884
-1013
-1454
-758
557
295
-1332
-1987
-1949
-1319
-919
-893
-678
-284
-367
-1867
-1959
-416
52
619
284
-1475
-917
76
-124
127
-111
424
248
-563
-308
-566
-399
39
248
-803
-1951
-1267
-146
-1142
-3127
-3131
-1654
1044
-899
-4957
-4754
-2778
354
592
-3229
-6219
-4257
-1791
-123
821
-3266
-4390
-3539
-3361
1087
4297
896
-6224
-7387
-77
7077
6806
-139
-5335
-3099
3648
7619
4830
112
-236
2766
4869
4522
3270
2597
2490
2770
3662
4781
4545
2460
554
1090
3356
4655
3620
1076
-876
-323
2083
3154
1474
-697
-1075
-40
834
539
-623
-1245
-778
-185
-229
-853
-1705
-1914
-1076
-413
-760
-1183
-1049
-930
-823
-649
-649
-476
-59
14
-434
-668
-307
187
110
-137
-76
250
465
-201
-255
123
-362
-486
-719
-769
-597
-1227
-1360
-2118
-2100
-1240
-1911
-1666
-1701
-2126
-3029
-3651
-2348
-898
-1156
-3998
-3772
-2011
-934
-1519
-3774
-2683
-1912
1572
2555
-3613
-4217
-1282
987
3408
2284
-328
-572
808
2252
2604
2470
3339
3550
2275
1336
2094
4086
4703
3615
2251
1950
3679
4044
2385
1276
1459
2976
3454
2122
243
-354
1120
2140
1353
281
211
496
266
-544
-948
-122
653
-21
-1355
-1711
-1080
-475
-430
-1063
-1486
-810
-34
-533
-1559
-1437
-432
96
-315
-516
-131
8
-144
-586
-112
974
1128
83
-1093
-708
-141
452
319
-1247
-1327
-747
-474
-514
-1842
-2365
-1999
-1666
-946
-1949
-2945
-3428
-3754
-848
6
-2812
-4583
-3486
-1094
-1360
-1909
-2993
-3616
-1755
-904
1439
295
-3708
-2537
-1035
2747
4008
-830
-1939
-165
2850
3773
1769
1253
2621
3720
2401
2294
2841
3275
4236
3184
2597
2599
2552
3211
2466
1719
2357
3042
2666
1259
319
341
1258
1758
1261
588
-181
-508
-348
94
414
239
-233
-681
-935
-1002
-886
-768
-655
-740
-1040
-1044
-622
-255
-511
-967
-715
-124
324
491
-259
-747
12
414
442
784
543
-19
-442
-417
467
685
-225
-760
-612
-643
-1088
-1266
-943
-1060
-1703
-2353
-2736
-2085
-1313
-1157
-2486
-4402
-3747
-1773
-488
-884
-2756
-4487
-4132
-2151
-707
1063
-37
-3250
-3923
-2581
2090
3784
-91
-1988
-2051
1361
4815
2570
309
-845
922
5497
5680
2695
80
124
3242
5056
4710
2953
1000
1127
2149
3265
3299
2046
1426
963
1292
1607
1258
1078
443
349
634
741
433
-525
-1163
-734
190
663
90
-1367
-1871
-1646
-476
509
76
-691
-2227
-2204
-800
784
1440
-210
-1849
-2085
-517
1143
1420
119
-761
-537
-77
726
214
-55
-106
-46
37
-609
-445
-603
-921
-780
-291
-682
-1871
-2481
-2360
-1388
-872
-1342
-3020
-3424
-2514
-1650
-693
-2541
-3342
-1714
-2146
-2599
-2163
-1254
586
-182
-3183
-2516
605
1183
305
-930
-558
2292
2696
1204
-182
-454
3039
5622
3853
1035
-141
2062
4874
4418
3241
2250
1481
2152
2499
2840
2835
2010
1544
1120
997
1580
1940
930
32
137
597
1150
618
-442
-969
-962
-150
734
261
-1271
-1947
-978
54
-430
-1272
-1041
-556
-638
-859
-654
-158
-125
-371
-291
-316
-158
314
101
-186
-2
188
642
430
-469
-191
443
131
-283
-659
-856
-433
-254
-875
-1830
-1990
-1352
-986
-1089
-2287
-3435
-2513
-1648
-1356
-1698
-3270
-3824
-3272
-345
82
-3724
-3707
-2470
113
2704
-577
-4000
-4309
-513
4167
3545
77
-2738
-1584
2061
3693
3257
1809
1465
1372
2010
3623
3524
2972
2172
1844
3077
3914
2905
1206
807
1986
3575
3448
1581
-358
-338
1663
2439
1019
214
315
-86
70
-169
-230
88
-243
-302
-867
-960
-916
-922
-476
-516
-379
-712
-1229
-1431
-1138
-269
-103
-415
-587
-796
-930
-448
117
120
119
343
0
-803
-577
360
796
670
-336
-1061
-613
-376
-275
-242
-799
-1191
-1164
-1605
-1761
-1396
-1163
-1173
-2244
-2696
-2392
-1728
-1392
-1897
-1763
-2186
-2645
-3172
-1544
1035
515
-721
-3766
-3075
1451
1509
1383
-136
-1957
531
2207
2696
1111
-335
1720
3402
3590
1929
960
1937
3095
3742
2514
2220
2697
2192
2183
1893
2208
2636
1935
1264
702
1136
1732
1191
330
19
603
954
353
-493
-704
-289
217
217
-457
-1198
-1416
-926
-394
-318
-462
-751
-1359
-1770
-1106
113
321
-723
-1515
-1143
-316
-11
-299
-601
-491
1
284
-178
-833
-680
160
579
145
-498
-885
-939
-592
-329
-513
-868
-1343
-1824
-2141
-1879
-1047
-902
-2025
-2839
-2489
-1961
-1456
-1566
-2217
-2314
-2626
-3152
-1349
804
-100
-1445
-3080
-3097
394
2601
2176
-657
-2423
-129
2528
3197
1685
135
587
2520
3566
2578
2160
1824
1901
2961
2964
3294
2827
1766
1658
1719
2842
3222
2205
963
292
933
1882
1972
1019
121
-31
393
532
322
-11
-418
-581
-276
8
-472
-816
-1110
-661
-81
-131
-215
-1412
-1724
-1066
-136
536
-433
-1161
-1233
-597
159
29
-389
-322
35
-47
-233
-391
-193
113
139
-285
-440
-386
-795
-777
-907
-814
-575
-710
-1233
-2231
-2273
-1417
-567
-989
-2151
-2765
-2568
-1747
-1271
-1324
-2245
-2767
-2778
-2035
-96
-191
-1128
-1395
-1908
-644
795
728
721
63
325
1518
830
965
2000
2191
3091
2385
884
1662
2537
3358
3356
1764
1597
2405
2975
2892
1629
1294
1822
2117
2305
1567
491
383
895
1187
1238
742
62
-52
-18
145
256
117
-140
-381
-675
-602
-336
-476
-375
-707
-864
-688
-995
-707
-648
-753
-463
-536
-584
-594
-743
-462
44
129
22
-225
-350
-42
93
-60
-118
-73
-98
-420
-852
-705
-599
-942
-895
-922
-1261
-1409
-1702
-1786
-1531
-1710
-1650
-1654
-2172
-2216
-2242
-1784
-1394
-2037
-2178
-2758
-2354
-353
-63
9
-1411
-3348
-1664
1125
2763
949
-1493
-1316
104
2826
3080
1419
780
975
2763
3165
2230
1896
1741
2492
2948
2993
2556
1655
1683
1910
2319
2596
2223
1582
944
682
1074
1773
1410
643
459
408
497
462
164
-17
46
335
339
-364
-940
-890
-175
490
-167
-1128
-1337
-983
-56
160
-616
-996
-951
-422
179
-117
-442
-457
-352
174
213
-197
-228
-284
-140
204
-3
-247
-319
-642
-655
-539
-751
-688
-743
-1116
-1214
-1582
-1835
-1522
-1631
-1487
-1404
-2239
-2400
-2146
-1927
-1409
-1647
-2194
-2611
-3161
-1646
722
331
-1876
-3898
-2494
1241
2443
952
-1447
-1860
204
2528
2572
846
172
1038
2971
3297
2156
1335
1186
2318
3106
3356
2953
1656
1089
1502
2479
2841
2278
1351
533
844
1335
1654
1252
143
339
784
813
547
-272
-489
95
563
481
-444
-1306
-810
-195
-105
-681
-799
-18
-100
-639
-1451
-1177
144
519
186
-487
-1013
-739
48
133
187
145
3
72
-578
-408
205
480
461
-307
-819
-792
-617
-656
-572
-638
-900
-1191
-1892
-2120
-1666
-1221
-1308
-1961
-2442
-2098
-1873
-2163
-2039
-1601
-1378
-1821
-2547
-2996
-1898
90
477
-842
-2826
-2401
329
1843
1151
-707
-964
735
2171
2046
958
718
1984
3208
2581
1416
1556
2535
3119
2671
2015
2205
2536
2136
1751
1923
2307
2370
1751
954
873
1477
1728
1115
452
521
913
859
196
-390
-56
682
691
118
-415
-577
-199
-27
-463
-548
-179
-149
-432
-861
-1059
-388
302
-38
-674
-800
-485
-18
39
-225
-60
341
216
-354
-613
-132
517
449
-298
-910
-875
-490
-508
-918
-1082
-971
-937
-1398
-1917
-1741
-1354
-1374
-1561
-1945
-2388
-2073
-1611
-1526
-1762
-2018
-2132
-2538
-2872
-2009
318
293
-1874
-3181
-2559
686
1444
-90
-599
-870
193
1686
1829
960
574
1068
2462
3160
1815
1058
1497
2492
3374
2897
1989
1696
1829
2174
2192
1826
1813
1881
1620
895
563
1209
1398
970
730
565
478
634
242
-38
276
314
346
-101
-490
-632
-229
-10
-559
-183
-363
-354
-520
-1244
-452
-24
-9
-281
-792
-562
-188
-60
-142
-136
-19
185
-21
-274
4
135
185
113
-374
-464
-315
-567
-646
-711
-865
-681
-970
-1563
-1715
-1688
-1114
-1080
-1755
-1983
-1973
-1794
-1758
-1680
-1586
-1194
-1586
-2645
-2951
-2230
515
1211
-1098
-3322
-3474
37
2341
1243
-872
-1977
-278
2188
2485
1040
75
656
2489
3299
2130
1078
1281
2460
3377
2788
1856
1886
1934
1847
1947
1953
2205
2031
1241
932
938
1116
1359
944
599
702
574
442
114
-361
-13
438
196
-11
-346
-754
-502
-347
-419
-76
-62
-534
-1040
-1282
-585
226
120
-447
-1037
-845
82
358
100
-124
-356
-146
212
96
-92
-61
121
127
-238
-476
-466
-629
-799
-746
-698
-636
-1035
-1617
-1534
-1296
-1223
-1364
-1703
-1906
-1718
-1583
-1780
-1899
-1991
-1541
-1294
-1920
-2236
-2412
-1434
13
-236
-687
-1724
-2428
-756
1153
1698
392
-997
107
2009
1817
701
726
1822
3098
2376
803
947
2145
3423
2904
1435
1436
1893
2234
1927
1331
1629
1991
1754
992
431
700
1440
1258
625
679
575
638
256
-337
116
549
545
-35
-584
-509
-388
-209
-415
-404
70
-278
-736
-1194
-1146
143
428
10
-630
-1295
-417
363
371
130
-187
-32
253
-4
-359
105
486
437
-163
-571
-196
-90
-409
-897
-740
-448
-363
-944
-1937
-1688
-1044
-560
-807
-1839
-2294
-1807
-1200
-1122
-1554
-2117
-1770
-1517
-1762
-2009
-2529
-1289
588
176
-1341
-2639
-2086
599
2009
1002
-575
-1195
-21
1747
1965
1039
602
1488
2720
2267
1151
1058
2003
3270
2969
1807
1415
1564
2017
1844
1629
1983
1931
1506
890
537
928
1481
1189
569
472
500
487
118
-164
219
643
635
-173
-947
-948
-351
150
-365
-619
-548
-424
-430
-1309
-1081
-74
389
154
-853
-1271
-646
308
548
97
-349
-293
-90
-299
-283
-31
219
149
-507
-820
-470
-180
-341
-656
-739
-763
-803
-910
-1325
-1634
-1044
-524
-1009
-1646
-2101
-1594
-865
-1189
-1810
-1886
-1517
-1384
-1256
-2097
-2416
-950
351
763
-1440
-3528
-1668
1255
2122
1095
-820
-1117
682
1509
1775
1426
1216
2389
2080
1120
1107
1878
3131
2925
1526
1302
2096
2337
1862
1165
1330
2136
2155
1301
337
130
1146
1750
752
188
185
266
587
-44
-335
241
669
651
-276
-903
-699
-95
335
-125
-417
-452
-559
-851
-1164
-229
468
-54
-683
-1169
-733
220
308
-152
-607
-511
197
54
-669
-574
-31
419
143
-750
-851
-480
-348
-333
-690
-985
-767
-779
-1285
-1493
-1427
-761
-542
-1674
-2205
-1764
-979
-1016
-1700
-2034
-1538
-1008
-1453
-1867
-2745
-1524
607
501
-288
-2809
-2886
470
1896
1716
-35
-1671
-96
1616
1838
1677
640
1258
2697
1641
914
1621
2241
2729
2360
1639
1688
1834
1651
1270
1176
2011
2495
1585
484
45
520
1637
1585
471
247
487
396
178
-288
-196
584
640
-139
-851
-923
-378
8
-142
-425
-428
-290
-593
-1181
-1183
-389
407
235
-785
-1380
-801
223
496
-107
-581
-301
172
63
-472
-483
90
330
-80
-695
-807
-465
-302
-490
-659
-562
-586
-1070
-1384
-1229
-1152
-571
-710
-1863
-1917
-1281
-854
-1189
-1692
-1629
-936
-944
-1668
-1901
-2433
-906
951
527
-1113
-3392
-2037
1289
2191
1209
-744
-1103
612
1851
1874
1130
406
1667
3275
1862
505
1388
2360
3124
2462
1334
1835
1706
1401
1836
1807
2122
2059
1158
580
352
935
1623
901
10
349
710
329
-180
-420
233
678
126
-151
-840
-1099
-46
-60
-366
-406
-771
-354
-553
-1155
-894
-302
407
81
-896
-1252
-878
-51
354
18
-419
-471
-342
-216
-220
-99
154
109
-397
-788
-591
-220
-6
-504
-731
-588
-704
-799
-1378
-1245
-723
-699
-945
-1714
-1777
-1186
-969
-1101
-1462
-1744
-1209
-787
-1468
-2195
-2786
-1516
1398
1424
-1055
-3452
-3443
691
3435
1347
-1375
-1973
-70
2777
2606
398
-341
865
3441
3246
642
66
989
3084
3945
2091
732
611
1377
2359
2129
1492
1394
1160
920
868
551
1017
1386
462
372
567
233
218
-146
111
682
401
-36
-889
-1203
-311
422
184
-735
-1135
-588
0
-505
-1284
-955
-116
373
-115
-1148
-1325
-353
674
507
-524
-889
-257
246
26
-349
-248
141
92
-427
-784
-687
-430
-378
-504
-750
-828
-764
-936
-1268
-1243
-624
-631
-1358
-1771
-1497
-750
-718
-1345
-1763
-1433
-989
-1149
-1363
-2364
-2057
632
1164
-602
-2483
-2766
14
2118
1594
-210
-1592
-93
1935
1943
1060
395
1481
2998
1919
83
796
2490
3435
2706
554
793
2205
2303
1726
926
1207
2062
1813
693
237
483
1464
1671
335
-51
159
607
498
-467
-133
556
526
-25
-1021
-1209
-115
512
-216
-978
-1388
-459
705
-653
-1629
-1159
-390
593
39
-1114
-1325
-610
417
648
-300
-726
-57
57
-91
-429
-207
462
17
-496
-651
-482
-66
-464
-895
-592
-517
-432
-786
-1570
-1309
-709
-381
-1085
-2120
-1552
-753
-829
-1322
-1898
-1856
-995
-680
-1185
-2055
-2933
-1365
1346
1324
-1041
-3688
-3327
924
3599
1902
-1526
-3041
-23
3455
3044
744
-734
485
2906
2926
1237
867
1522
2469
2689
1460
1443
1857
1637
1421
1238
1850
2153
1422
234
39
1116
2125
1503
15
-145
355
916
471
-306
-74
237
476
75
-616
-872
-518
182
136
-613
-968
-495
-206
-402
-703
-741
-168
68
-474
-779
-619
-99
468
86
-616
-606
-236
174
50
-353
-28
138
-254
-394
-300
-153
-242
-629
-752
-498
-417
-574
-1024
-1205
-846
-559
-537
-1450
-1960
-1314
-765
-571
-1345
-1808
-1470
-1220
-1082
-1834
-1658
-1519
-1326
374
-230
-879
-1873
-2427
824
1915
821
-599
-1244
631
2177
1717
201
156
1736
3221
2235
116
342
2106
3583
2892
827
315
1410
2244
2198
1544
1030
1403
1463
843
614
793
1233
1121
301
235
520
379
113
-144
29
475
66
-278
-345
-828
-377
-299
-401
-401
-620
-173
-714
-998
-877
-483
203
-316
-653
-809
-539
-53
-7
-20
-346
-428
-112
65
-149
-159
65
81
-105
-287
-205
-188
-317
-648
-759
-397
-321
-707
-1058
-1140
-798
-578
-993
-1308
-1650
-1129
-425
-1191
-1613
-1666
-1533
-828
-635
-1385
-1734
-1951
-1801
94
433
-31
-1438
-3315
-504
2171
1869
451
-1945
-1342
1917
2975
1492
-179
127
2527
3160
1315
294
1179
2849
3012
1427
811
1559
2057
1986
1327
937
1801
2019
915
305
333
1354
1811
523
-86
234
605
583
121
-358
117
436
19
-191
-1030
-422
77
-384
-137
-966
-667
-28
-563
-543
-703
-503
-20
-445
-510
-140
-331
-15
30
-565
-116
355
98
-212
-556
-228
485
136
-393
-278
-321
-102
-193
-895
-584
-266
-575
-644
-1026
-1113
-699
-882
-1314
-1315
-1105
-870
-902
-1603
-1781
-1278
-930
-964
-2310
-1555
-289
-1746
-1255
-720
-40
266
-2362
-1739
992
1798
815
-1178
-1133
1348
2603
1132
-98
393
2286
3097
1016
-247
1275
3047
3156
1400
99
1323
2487
2080
1123
491
1556
2417
1186
85
100
878
1725
1044
-125
-144
327
608
342
-164
-172
2
-119
-441
-543
-265
-247
-694
-884
-416
131
-155
-1124
-1467
-598
463
423
-608
-1276
-769
238
518
-143
-730
-430
304
460
-143
-592
-183
479
419
-297
-677
-279
184
-45
-734
-947
-326
94
-513
-1280
-1192
-606
-472
-1048
-1489
-1221
-982
-685
-1307
-1904
-1478
-853
-854
-1574
-2080
-1381
-1060
-1000
313
-463
-470
-2096
-2014
646
2226
1148
-766
-1764
209
2497
2496
724
-623
510
3185
3012
624
29
1483
3228
2945
778
515
1502
1860
1817
1443
1142
1368
1449
717
399
512
1270
1571
317
56
108
410
536
-208
-78
82
180
-12
-867
-1111
-349
77
-132
-411
-1173
-871
-91
-436
-474
-529
-649
-66
-274
-603
-199
-214
134
207
-356
42
125
-153
138
-87
-63
342
-68
-241
-5
-117
-126
-398
-645
-399
-273
-411
-751
-1070
-915
-597
-993
-1037
-1086
-1208
-941
-1369
-1484
-1482
-1317
-1339
-1019
-1206
-2021
-1175
-1524
-764
436
-113
-828
-2956
-1629
1861
2202
402
-1827
-1541
1459
3070
1340
-543
-322
1934
3741
1714
-522
410
2150
3403
2368
208
680
1725
1941
1752
933
1139
1496
910
729
532
562
1195
882
70
136
400
226
124
-344
-137
488
44
-385
-1000
-562
64
-180
-282
-1390
-1084
281
86
-806
-1249
-596
341
401
-634
-1007
-268
467
620
-62
-530
-267
384
624
87
-335
44
567
344
-168
-214
36
12
-269
-587
-581
-220
-236
-726
-1062
-963
-767
-786
-1115
-1399
-1299
-959
-1063
-1701
-1620
-1304
-1032
-687
-1332
-1903
-1935
-1264
184
555
-430
-2355
-2558
598
2366
1005
-902
-1586
184
2287
1823
216
-127
1139
2944
2376
198
311
1878
3010
2544
686
570
1595
1868
2013
1317
725
1404
1418
902
598
365
962
1185
395
82
216
256
170
-128
-205
46
186
-152
-750
-806
-326
-3
-161
-751
-1069
-502
163
-128
-950
-1081
-363
276
177
-511
-1028
-608
400
711
-19
-612
-299
227
245
-3
-67
114
295
150
-204
-329
-172
-89
-228
-440
-602
-660
-676
-765
-875
-806
-942
-1161
-1143
-1267
-1270
-1107
-1144
-1536
-1715
-1219
-645
-1094
-1910
-2143
-1571
634
853
-1013
-2362
-2905
132
2732
1525
-1004
-2357
-257
2596
2661
495
-896
125
2932
3599
876
-341
870
2735
3431
1587
175
932
1858
1962
1409
993
1320
1308
661
296
452
1049
1265
470
-222
-52
537
437
-201
-496
-111
314
4
-350
-1011
-694
-5
-203
-393
-1181
-881
-433
-323
146
-228
-496
-1121
-1107
126
896
550
-547
-951
-329
645
975
437
-169
34
626
475
-40
-45
447
593
51
-531
-617
-330
-56
-36
-392
-861
-935
-835
-938
-1101
-971
-732
-1056
-1611
-1660
-1312
-1170
-1213
-1288
-1275
-1409
-1517
-1347
-1571
-514
422
-437
-1142
-2375
-1223
1778
1444
-138
-1345
-657
1927
2037
476
-438
487
2764
2837
570
-617
925
3043
3323
1284
-345
825
2372
2427
1159
216
1016
1787
1448
591
-48
583
1427
904
72
-37
272
447
-63
-455
0
296
14
-592
-814
-464
-11
-90
-544
-629
-709
-229
-383
-707
-340
-399
-13
-477
-593
5
7
215
-301
-405
122
378
312
-136
-319
103
668
253
-304
-249
-103
116
-37
-529
-630
-345
-189
-462
-913
-967
-739
-684
-696
-1049
-1287
-987
-1148
-1110
-955
-1190
-1319
-1352
-1013
-906
-1039
-1756
-1879
-41
939
-158
-2037
-2420
-167
2200
1799
-766
-1926
-133
2282
2351
357
-755
713
2896
2767
711
-333
916
2717
2837
1386
404
926
1762
1714
1208
1083
1247
1135
653
295
542
1067
977
280
-84
176
414
104
-340
-222
184
221
-239
-876
-915
-191
167
-325
-921
-971
-211
413
-431
-1347
-687
211
343
-219
-1141
-755
550
699
56
-520
-441
442
652
107
-199
-80
548
546
-275
-302
166
261
16
-607
-779
-307
-152
-250
-604
-1129
-1017
-620
-694
-962
-1106
-1082
-903
-1185
-1426
-1148
-1014
-1062
-1180
-1088
-1198
-1635
-1815
-571
1018
288
-1460
-2769
-1549
1834
2820
537
-2095
-1728
1232
3191
1772
-426
-359
1547
2948
1611
329
690
1748
2637
1769
606
804
1538
1570
1165
863
1110
1470
758
162
345
806
1143
578
-57
104
313
274
-9
-271
79
310
-76
-650
-887
-228
315
-165
-786
-919
-475
176
-128
-929
-788
-219
129
3
-705
-813
169
634
190
-345
-563
385
729
54
-158
-142
579
630
-133
-300
-31
355
203
-302
-669
-471
-141
-131
-594
-1074
-715
-547
-868
-1096
-1094
-823
-650
-1313
-1708
-1160
-825
-921
-1484
-1391
-1247
-998
-907
-1616
-698
167
89
-1089
-2300
-598
1501
1768
-35
-1619
-396
1916
2180
372
-431
815
2644
2410
319
-210
1359
2866
2551
776
143
1313
2084
1810
993
609
1261
1493
987
343
-16
618
1246
729
11
-215
111
503
32
-239
-68
8
40
-276
-785
-824
-154
-53
96
-412
-1096
-432
-733
-319
381
19
-279
-876
-498
345
532
1
-356
-44
375
514
-52
-234
83
529
759
-49
-573
-64
333
346
-92
-618
-450
-258
-323
-392
-744
-743
-532
-822
-956
-1108
-899
-652
-1100
-1456
-1326
-800
-1007
-1257
-1372
-1133
-810
-1139
-1537
-1958
121
1294
-239
-1963
-2980
-110
2597
1675
-796
-2047
-516
2021
2692
486
-684
298
2210
2937
863
-284
747
2450
2867
1128
231
929
1608
1629
950
754
1118
1238
845
67
48
896
1248
544
-244
-209
382
572
62
-370
-193
209
114
-469
-865
-622
9
223
-385
-1103
-956
-156
231
-142
-613
-647
-387
-123
-8
-49
-103
-62
-39
-81
-38
90
161
177
211
221
148
1
-105
-17
143
93
-166
-396
-426
-312
-261
-392
-592
-598
-501
-713
-955
-911
-745
-677
-958
-1189
-1063
-921
-919
-1126
-1280
-865
-693
-993
-1351
-1812
-536
974
266
-1005
-2291
-1291
1632
1757
113
-1162
-917
1365
2206
885
-46
488
1963
2330
816
-161
963
2368
2405
1047
191
1020
1691
1491
856
495
1140
1578
847
-5
-82
740
1490
661
-490
-304
385
529
76
-641
-500
362
304
-201
-1017
-1073
186
507
-84
-1026
-1176
-195
357
52
-595
-606
-339
-56
55
-199
-208
-16
140
70
-75
-93
115
328
221
-31
-53
148
104
-37
-64
-21
-89
-226
-399
-469
-364
-399
-371
-726
-890
-752
-650
-496
-969
-1005
-902
-914
-902
-1150
-1120
-1197
-1022
-957
-1036
-1189
-1540
-1201
-69
436
-493
-1416
-1909
-471
1775
1437
-185
-1499
-696
1785
2233
652
-391
425
2065
2283
629
-238
1141
2468
2448
892
-205
953
1799
1675
951
290
886
1325
810
104
83
672
1090
626
-156
-229
-30
293
295
-71
68
96
-122
-385
-650
-480
-19
105
-351
-510
-798
-589
-106
-326
327
-15
-890
-740
-607
485
1006
4
-617
-576
68
996
463
-330
-108
53
597
328
-538
-167
315
206
-67
-576
-707
-145
-225
-391
-344
-642
-586
-855
-1157
-724
-383
-522
-953
-1578
-1206
-413
-633
-1041
-1577
-1236
-662
-735
-1238
-1539
-356
239
117
-1225
-2010
-87
1411
1475
-453
-1627
-63
1647
1688
328
-194
721
2066
1772
321
144
1185
2255
1890
417
41
1243
1963
1389
457
225
987
1441
857
-26
-9
879
1202
466
-209
-154
356
680
106
-349
-86
233
253
-186
-701
-629
265
191
-102
-565
-1024
-38
18
-84
-411
-590
-246
-88
-225
-312
-170
24
294
-228
-392
-27
68
39
-95
-187
65
198
-284
-177
-132
44
106
-358
-634
-413
-303
-91
-289
-636
-648
-867
-720
-581
-423
-632
-963
-1227
-982
-567
-564
-1013
-1211
-1093
-922
-934
-1158
-959
-37
-243
-673
-1278
-859
578
799
-18
-648
-317
820
1446
427
-34
609
1544
2021
952
14
425
1844
2232
1459
341
342
1255
1682
1224
558
683
1173
1003
471
191
421
944
935
217
-179
9
327
390
-20
-367
-144
133
61
-424
-697
-372
333
188
-464
-932
-754
468
177
-266
-524
-632
22
184
-95
-83
-219
-64
165
62
-161
77
210
272
-29
-243
148
149
99
110
-189
-159
-63
-340
-383
-404
-346
-162
-530
-792
-864
-669
-522
-610
-651
-882
-906
-990
-804
-778
-1032
-982
-965
-825
-883
-1128
-1243
-418
148
-320
-873
-1563
-608
1050
1268
102
-1361
-740
1212
1894
827
-327
102
1516
1958
1018
184
595
1678
1920
1076
418
875
1413
1219
719
498
1056
1206
586
194
181
761
1139
464
-291
-230
272
526
256
-366
-351
95
109
-115
-727
-683
-91
131
294
-234
-690
-778
-649
15
357
149
-430
-765
-524
29
298
129
-12
-171
-103
16
-54
15
127
188
170
-86
-294
-146
67
146
17
-256
-363
-293
-301
-439
-470
-352
-424
-685
-799
-642
-497
-539
-698
-919
-908
-766
-718
-826
-1016
-969
-777
-984
-1225
-841
142
218
-726
-1562
-1573
441
1574
618
-859
-1047
318
1832
1362
-83
-349
764
1755
1361
377
544
1388
1786
1376
623
689
1116
1169
972
685
1010
1085
817
224
255
555
991
800
75
-167
200
435
203
-106
-153
14
135
-22
-359
-512
-175
42
-138
-435
-533
-192
141
-376
-309
-404
0
240
-163
-376
-394
-91
347
330
-154
-344
7
214
166
-162
-69
221
18
-34
-127
-177
49
-85
-168
-213
-453
-546
-386
-275
-383
-482
-678
-788
-647
-508
-507
-779
-1004
-917
-791
-787
-967
-909
-789
-1075
-1108
-1092
-616
220
-169
-972
-1469
-874
868
1213
48
-829
-546
665
1372
713
-71
391
1326
1705
899
-130
659
1798
1918
1319
202
307
1196
1343
1110
656
602
966
702
313
291
453
883
660
7
-14
183
185
85
-46
-100
66
-52
-357
-428
-394
-112
-178
-320
-200
-325
-207
-559
-770
-6
193
122
-430
-870
-254
273
440
14
-350
-146
384
436
-65
-94
162
627
322
-367
-135
294
350
9
-276
-225
-85
-194
-365
-436
-401
-81
-184
-774
-1109
-863
-171
-288
-1049
-1217
-890
-549
-687
-1073
-1241
-942
-763
-977
-1319
-1174
44
243
-603
-1559
-1624
332
1343
561
-615
-955
259
1288
1020
183
67
867
1649
1168
35
372
1544
1995
1422
434
508
1222
1365
1044
720
816
984
856
496
237
514
984
864
94
-199
232
517
356
-172
-296
69
188
-22
-438
-591
-310
105
-43
-678
-506
137
323
-336
-1222
-707
297
588
125
-785
-841
-88
688
612
-184
-464
106
605
122
-205
-38
320
518
41
-205
-93
122
175
-129
-345
-251
-137
-276
-549
-639
-319
-291
-611
-829
-723
-574
-774
-842
-854
-754
-891
-1080
-875
-879
-896
-886
-1109
-1092
-229
148
-392
-1265
-1772
-169
1437
994
-510
-1371
-296
1152
1457
691
10
415
1248
1340
618
582
1187
1395
1268
727
692
1267
1122
701
659
1051
1394
935
173
-70
408
1084
1060
154
-443
-34
497
536
37
-416
-167
131
77
-180
-531
-370
-81
-121
-528
-715
-209
-43
-152
-827
-930
217
375
-34
-718
-918
104
741
491
-299
-649
-17
714
508
85
24
90
500
332
-157
-56
122
204
138
-267
-414
-148
-49
-160
-420
-485
-411
-600
-765
-625
-462
-558
-847
-1259
-939
-489
-666
-909
-1231
-1031
-789
-955
-1142
-708
60
-97
-719
-1515
-1014
618
1045
351
-858
-935
500
1397
1090
254
107
1032
1545
826
292
750
1664
1771
938
361
850
1481
1259
874
546
882
1106
894
270
196
567
977
654
-26
-201
129
487
311
-195
-382
-137
68
-132
-503
-595
-156
13
-266
-763
-649
-79
588
-285
-1066
-866
-116
834
393
-550
-893
-242
536
641
-102
-348
9
458
502
-150
-297
296
521
168
-348
-328
154
354
-41
-379
-346
-109
-117
-428
-615
-540
-211
-219
-792
-1133
-609
-538
-606
-993
-1013
-867
-734
-828
-1187
-967
-953
-918
-646
-74
-406
-635
-1211
-1153
338
976
560
-768
-1002
103
1295
1049
244
114
714
1435
934
256
530
1465
1728
1233
245
228
1184
1288
1141
655
544
785
669
474
456
458
653
489
194
73
13
125
316
53
-122
-83
-114
-195
-338
-407
-134
44
-336
-610
-457
-47
51
-689
-746
6
212
592
-534
-1114
-304
387
869
252
-683
-389
540
635
311
-288
118
738
282
-117
-46
61
404
368
-160
-347
-387
-250
62
-333
-453
-254
-483
-526
-948
-778
-276
-617
-824
-1092
-1050
-735
-715
-858
-1104
-1041
-948
-862
-969
-640
28
-484
-912
-1387
-382
960
628
-429
-766
-135
1079
1232
194
-85
427
1441
1525
374
101
1026
1815
1338
553
282
1108
1321
937
572
576
949
1042
487
112
184
743
935
310
-283
20
468
334
-183
-497
-29
283
-10
-396
-685
-439
135
-3
-672
-834
-495
-144
-320
-465
-669
222
171
-708
-748
-667
373
854
76
-755
-646
181
787
544
-123
-120
109
562
351
-184
100
533
223
2
-353
-234
299
106
-260
-459
-475
-160
-215
-607
-743
-638
-394
-389
-993
-1073
-681
-676
-714
-904
-1001
-625
-723
-1107
-1087
-354
141
-270
-1178
-1708
-217
999
749
-544
-1199
-156
1236
1174
133
-364
621
1527
1173
264
59
986
1782
1323
349
273
971
1328
1037
291
535
1071
1134
403
-42
69
779
909
267
-55
-51
433
277
-112
-137
160
284
2
-451
-615
-259
154
184
-163
-713
-246
-223
-195
-318
-419
-21
38
-154
-316
-251
-65
351
95
-108
-22
22
251
131
-161
212
345
158
-28
-196
60
275
44
-131
-206
-206
-143
-343
-469
-323
-247
-215
-530
-899
-673
-396
-444
-569
-806
-927
-737
-706
-743
-626
-773
-896
-867
-761
-234
-34
-480
-979
-1049
-126
742
431
-402
-755
-15
963
966
200
-105
536
1251
1096
225
195
1075
1516
1191
440
350
962
1215
935
492
533
890
903
557
170
241
605
739
329
-127
52
317
275
45
-145
-51
150
-21
-365
-338
-155
49
-37
-359
-353
-222
-141
-244
-460
-287
30
4
-206
-402
-278
36
97
49
-112
-140
18
14
6
49
122
110
-26
-99
-104
-22
66
-60
-287
-279
-159
-200
-295
-302
-316
-398
-445
-472
-452
-363
-395
-545
-598
-648
-699
-621
-598
-614
-666
-687
-732
-750
-230
145
-234
-830
-1103
-306
797
695
-159
-704
-280
766
1046
406
-33
335
1116
1217
407
128
785
1315
1212
592
305
700
954
878
660
477
655
776
448
170
261
487
559
303
69
126
181
148
1
-19
125
163
-9
-207
-246
-96
321
70
-479
-442
-174
220
83
-358
-377
-65
126
35
-201
-426
-120
191
118
-204
-400
-50
156
3
-179
-146
18
5
-184
-266
-157
-108
-168
-356
-440
-255
-167
-328
-519
-600
-327
-101
-559
-798
-537
-340
-310
-595
-726
-593
-395
-306
-630
-895
-816
-184
377
-83
-733
-1030
-422
699
755
71
-542
-381
525
1028
611
105
191
796
1175
467
132
637
1030
1170
698
357
523
753
836
596
445
575
579
322
193
251
393
470
169
12
212
230
39
-146
-73
150
214
-115
-391
-349
-213
222
144
-270
-330
-355
-86
-4
-242
-254
-158
-87
-170
-298
-277
-31
141
65
-129
-407
-131
178
-2
-16
-116
-94
-25
-159
-186
-136
14
-48
-240
-287
-226
-189
-202
-259
-398
-280
-224
-450
-491
-372
-258
-216
-411
-642
-632
-453
-282
-335
-517
-590
-519
-302
-110
-72
-197
-377
-276
-3
169
285
145
-62
164
457
488
451
397
481
688
655
491
481
665
881
839
569
394
460
697
856
610
309
317
455
590
499
226
64
263
371
256
213
-35
7
127
15
105
69
-44
-146
-263
-125
78
135
-9
-385
-308
-46
167
509
11
-342
-221
-268
-241
-457
-147
73
-274
-269
-276
-288
-140
-54
-210
-364
-335
-286
-224
-363
-330
-211
-291
-153
-323
-510
-355
-478
-426
-407
-535
-472
-540
-486
-497
-521
-400
-461
-448
-463
-470
-493
-330
41
-30
-200
-471
-610
60
769
622
-102
-462
6
758
948
532
155
393
1005
1052
549
289
546
1047
1252
893
340
236
649
958
829
449
270
294
333
345
177
166
262
119
-20
-82
-49
39
-6
-128
-122
-18
-166
-367
-331
-124
44
-181
-465
-388
-29
168
-113
-458
-396
-6
158
-68
-338
-312
27
142
-67
-283
-269
27
88
-159
-297
-270
-94
11
-115
-200
-122
-68
-94
-184
-261
-168
-98
-174
-287
-369
-266
-217
-337
-347
-304
-238
-238
-329
-402
-367
-220
-232
-319
-382
-300
-139
-171
-265
-233
-59
16
-56
-209
-113
222
405
270
-44
18
313
656
619
228
216
401
643
597
448
506
496
523
449
396
518
617
521
335
291
429
479
307
194
194
332
366
192
24
102
245
217
209
-62
-49
82
-37
-22
-67
81
55
-89
-171
-204
42
98
-103
-328
-177
-6
-25
-82
-304
-241
-130
-200
-273
-371
-339
-174
-105
-306
-470
-421
-342
-304
-333
-321
-376
-437
-381
-440
-395
-340
-421
-409
-423
-432
-389
-406
-452
-419
-369
-398
-405
-440
-412
-362
-352
-260
-305
-140
32
-110
-66
-10
235
384
128
156
348
501
613
449
260
396
662
872
825
522
397
568
869
895
618
409
346
501
649
589
447
317
297
242
276
287
157
145
7
-17
58
24
-19
-73
-93
-159
-83
-102
-140
-147
-230
-162
-194
-144
-134
-144
-37
-111
-114
-54
-138
-179
-63
-38
-60
-68
-201
-224
-158
-84
-79
-201
-192
-155
-148
-137
-280
-284
-150
-174
-215
-229
-281
-247
-181
-291
-349
-270
-224
-151
-225
-406
-349
-234
-202
-205
-318
-304
-262
-248
-124
-174
-305
-316
-136
-13
-32
-147
-242
-60
100
271
77
-196
-1
300
518
345
181
171
383
555
414
353
275
449
536
430
352
291
516
635
569
418
224
279
542
604
377
226
125
243
458
298
202
112
61
230
193
168
84
0
46
91
51
-90
-98
-50
23
-93
-189
-192
-252
-138
-144
-244
-313
-306
-363
-362
-246
-355
-378
-367
-405
-430
-445
-388
-377
-402
-445
-450
-446
-463
-507
-464
-339
-313
-331
-384
-436
-435
-290
-161
-58
-126
-379
-325
-155
36
32
-196
-292
-163
149
95
18
37
-165
-14
295
434
391
60
-61
293
725
724
356
133
211
561
826
645
346
395
611
608
512
465
475
514
403
202
297
472
384
279
156
30
89
250
170
3
-2
-58
-19
-34
-62
-18
-107
-136
-172
-107
5
-69
-108
-138
-195
-109
-6
-82
-174
-188
-99
49
30
-147
-207
-62
31
-83
-212
-248
-161
-13
-41
-198
-216
-114
-125
-217
-252
-217
-178
-180
-244
-335
-181
-104
-227
-315
-350
-130
-48
-152
-292
-380
-217
-51
-44
-119
-215
-360
-150
14
-53
-45
-234
-184
-6
152
111
-95
-38
40
245
299
136
37
-20
119
269
220
115
120
155
189
207
204
214
217
263
235
178
250
274
219
228
210
179
270
341
247
135
164
280
339
279
155
137
232
249
203
210
228
237
204
86
28
112
147
39
-76
-87
-54
-73
-128
-162
-170
-157
-157
-200
-233
-265
-358
-370
-213
-139
-248
-351
-400
-388
-281
-167
-157
-271
-390
-358
-234
-208
-272
-302
-197
-161
-313
-293
-150
-246
-320
-57
18
-163
-205
-111
18
14
-85
-258
-2
383
209
-184
-237
224
222
161
347
165
68
-107
-91
190
460
595
179
-158
35
354
454
358
231
142
150
330
367
246
328
348
284
225
232
272
159
177
222
195
251
184
79
143
201
112
-9
-28
83
133
20
-92
-119
-66
-11
-2
-34
-90
-134
-171
-180
-123
-82
-127
-156
-185
-226
-258
-275
-247
-185
-161
-263
-313
-320
-235
-110
-129
-131
-208
-244
-171
-117
-25
-104
-158
-94
-51
-48
-173
-115
-35
-45
71
31
15
49
15
47
11
-32
10
48
-30
-50
51
41
-21
11
92
43
-36
3
-19
-38
90
162
94
15
-16
74
180
77
-5
121
172
121
47
11
105
258
240
113
82
76
205
254
152
3
37
89
131
128
106
91
-37
9
3
37
110
-9
-42
3
62
6
-25
-60
-44
60
83
41
-47
-62
-71
14
11
-52
-91
-81
-40
-60
-96
-97
-90
-46
-162
-202
-99
-54
-87
-114
-93
-103
-47
-103
-222
-173
-92
13
33
-60
-174
-175
-75
35
40
-76
-108
-51
42
17
-19
26
-6
-2
36
7
-31
-43
-22
-23
-11
49
106
92
20
33
-3
113
124
106
75
53
106
49
95
181
151
68
47
47
81
109
96
81
108
102
44
34
90
61
106
81
59
73
93
26
13
5
43
51
36
8
-81
-30
19
-42
-32
-59
-67
-21
-35
-65
-54
-79
-122
-125
-42
-11
-47
-39
-83
-57
-78
-126
-85
-61
-35
-81
-63
-66
-67
-42
-94
-76
-64
-59
-92
-63
-11
-4
35
-21
-50
-35
-49
-46
21
37
37
28
-62
0
88
107
85
65
46
1
43
15
42
112
71
20
-2
42
48
87
146
88
31
-5
-5
50
92
51
10
68
91
60
5
-14
39
34
53
25
-7
31
46
48
-2
12
63
55
27
26
-16
-50
20
-1
-33
-31
-32
-55
-64
32
20
-26
-53
-140
-124
-64
-73
-66
-59
-90
-66
-39
-53
-65
-78
-82
-58
-23
-21
-54
-64
-48
-28
-14
-19
-21
11
28
4
11
47
39
-9
-23
44
85
74
21
11
69
100
107
62
65
53
19
61
13
-26
18
31
15
-4
-13
-18
-4
2
-18
-35
-26
-4
37
58
3
-33
-4
34
63
91
76
52
82
108
67
24
52
40
73
95
5
-10
24
48
22
-14
-43
-44
53
31
-40
-28
-38
-6
29
-19
-64
-52
-38
-10
25
3
-35
-48
-57
-75
-73
-69
-87
-41
-51
-83
-57
-92
-77
-59
-60
-42
-56
-75
-109
-87
-38
-28
-36
-27
-14
-23
-15
-30
-25
14
21
5
-12
-24
28
85
73
72
64
39
48
57
22
-4
20
26
74
87
15
27
68
47
17
15
23
31
51
20
-21
7
32
40
43
43
5
-34
-23
37
79
47
46
0
-18
46
29
32
42
35
33
34
29
-4
24
78
85
26
-12
-3
51
83
28
-8
-18
6
8
-2
-24
-26
36
-6
-61
-38
-48
-57
-44
-29
-39
-23
-35
-98
-63
-66
-70
-17
-30
-21
-13
-35
-64
-53
-28
-38
-12
-10
-36
-37
9
32
-30
-42
-52
-48
9
-2
3
-1
-35
-32
-33
-36
-44
-6
0
-1
34
20
2
-1
11
-5
-18
-14
28
43
25
47
25
45
39
27
67
40
29
20
18
21
47
59
62
75
47
30
-1
27
53
51
82
8
-8
49
35
61
47
17
44
30
7
3
54
77
17
-15
-13
20
66
45
24
40
12
-3
31
15
-5
17
10
-11
7
-3
-43
-22
1
-44
-49
-32
-68
-66
-48
-83
-77
-49
-88
-119
-98
-96
-105
-95
-99
-116
-102
-88
-81
-58
-62
-71
-34
-17
-22
-19
-14
30
70
14
-44
-4
55
67
34
-12
-14
7
17
33
39
27
8
-19
-24
-8
28
87
73
3
-3
13
26
68
78
62
53
33
41
42
28
37
62
93
69
40
44
35
37
44
61
38
21
56
49
55
53
24
52
24
15
40
1
37
82
78
53
5
17
-9
-36
29
43
7
-11
-30
-50
-42
-10
-26
-63
-60
-56
-63
-41
-7
-23
-61
-71
-59
-28
-10
-16
-27
-42
-46
-23
-8
-34
-74
-77
-49
-43
-39
-34
-55
-55
-24
-39
-72
-37
-21
8
33
-10
-20
12
31
2
-16
-3
5
38
39
11
25
38
9
-8
30
37
8
2
4
38
35
-1
-44
-39
25
13
-1
-20
-34
0
2
12
14
31
38
-2
0
17
8
25
72
74
60
73
43
40
77
62
46
71
88
29
17
42
36
71
41
-26
-6
52
40
-2
4
-26
-20
2
-43
-48
-6
16
-31
-57
-18
-34
-25
4
-21
-33
-37
-60
-46
8
7
-2
-29
-63
-44
-5
14
-18
-37
-65
-72
2
17
-33
-45
-46
-51
-39
-49
-33
24
64
11
-79
-42
-8
23
60
-9
-32
-16
-4
36
35
-1
0
45
31
-17
-14
17
48
39
30
21
7
32
38
61
54
42
42
27
70
45
7
26
7
20
49
7
-20
13
-3
-38
-5
14
11
8
-18
-27
-5
24
24
-16
-5
-1
0
17
-22
5
17
-22
-30
-7
22
-22
-37
-31
-52
-50
-15
-14
-32
-33
-60
-21
-3
-4
2
-12
1
1
26
-11
-5
41
22
9
-12
20
23
18
24
-8
24
22
-2
7
-20
-18
-13
-37
-26
16
17
-17
-16
-10
8
14
6
16
-5
16
31
-19
-7
12
34
57
19
-4
-7
-3
6
20
-11
-34
13
4
-33
-35
-13
9
4
-27
-42
-17
24
52
-5
-1
18
-25
14
33
20
15
17
