1
0
3
5
4
3
3
0
0
8
11
6
0
0
4
5
4
3
6
6
0
-1
3
6
6
4
1
-2
0
2
5
6
4
-1
-2
1
5
6
4
0
0
-1
2
3
4
4
2
0
1
4
7
4
0
-2
-2
-1
1
4
6
5
0
-2
-1
1
2
1
0
0
1
3
3
3
-1
-1
3
4
2
-1
0
-1
0
0
2
1
1
1
1
-1
-3
-4
-3
0
2
0
1
3
4
1
-1
-1
1
-1
-3
1
5
5
0
-5
-5
-6
-5
-4
-1
-1
-3
-2
1
-1
-4
-5
0
4
0
-3
-5
-4
-2
0
2
3
2
-1
-2
0
-1
-4
-5
0
3
4
-2
-1
-1
-4
-7
-4
3
7
2
-2
-4
-1
0
-1
0
0
0
0
0
0
-1
1
0
1
-1
0
0
0
0
0
0
0
0
0
0
-1
0
0
1
0
0
-1
0
0
0
0
0
0
0
0
-1
0
1
0
0
0
0
1
0
0
-1
-1
0
-1
-1
-1
-2
-1
-2
-1
-1
-3
-5
-3
-2
-5
-6
0
4
0
0
17
32
26
13
23
35
24
6
11
20
2
-9
12
26
14
7
12
29
56
59
20
-21
-7
48
91
56
-69
-145
91
689
1048
524
-342
-502
-132
26
117
298
80
-424
-503
-267
-272
-343
-274
-367
-448
-118
110
-153
-259
-58
-192
-378
24
483
427
169
-108
-374
-252
212
251
-389
-788
-196
710
965
572
-69
-552
-435
114
455
477
400
51
-468
-458
77
321
101
-127
-253
-249
-1
165
-78
-400
-426
-276
-25
325
442
153
-113
-25
170
260
327
286
3
-216
-61
218
246
48
-178
-329
-266
-34
21
-128
-203
-298
-435
-233
204
326
60
-209
-112
605
1634
1745
463
-646
-473
-21
96
417
552
-122
-746
-701
-646
-638
-244
-120
-624
-694
-120
88
89
340
39
-799
-902
-196
331
526
574
40
-848
-976
-417
-133
-503
-1988
-3916
-2821
2976
8189
5873
-2059
-6410
-3304
2290
4994
4277
2200
182
-1470
-2182
-945
1574
2229
-565
-3388
-2563
154
1049
-38
-1356
-2190
-2121
-898
712
1819
1899
636
-777
-404
1227
1951
1590
1315
1004
183
-332
114
638
156
-967
-1564
-1229
-508
-59
-288
-1096
-1630
-1296
-560
22
285
42
-147
662
1621
1290
463
370
535
704
1299
1701
1303
463
-520
-686
1130
3003
1853
-1002
-2037
-1400
-941
-282
648
77
-1633
-2088
-1413
-1010
-326
421
-357
-1427
-748
178
122
497
782
-520
-1483
-474
489
282
-34
-742
-1973
-1772
-144
-80
-2810
-6673
-8497
-3239
9659
18166
9899
-7224
-13474
-4434
7099
11370
9037
3957
-1005
-4126
-4403
-1082
3572
3434
-2985
-7673
-4438
1391
2133
-1322
-4237
-5150
-3909
-397
3139
4128
2734
452
-1020
80
3019
4637
3823
2299
1133
405
607
1180
432
-1418
-2476
-2425
-1994
-1142
-597
-1700
-3388
-3331
-1630
66
935
812
331
868
2325
2913
1928
650
736
3031
6275
6908
3530
-78
-888
-1117
-2161
-1595
-80
-1360
-4188
-4771
-3662
-2506
-1439
-1563
-2540
-1852
168
1183
1520
2035
1263
-567
-601
890
1539
1641
1317
-425
-1923
-1410
-380
-539
-1878
-3946
-5157
-3704
-1905
-4457
-9774
-8805
3553
18326
19246
3294
-12173
-10545
3530
14078
14664
9439
2866
-2804
-5502
-3668
1449
4198
-110
-7073
-8195
-3450
127
-817
-4190
-6852
-6519
-3071
1373
4617
5152
2853
422
665
2895
4929
5783
5045
3105
1454
877
1002
1066
-50
-2362
-4065
-4105
-3225
-2294
-2272
-3658
-4398
-2741
-832
-561
-646
262
3141
7678
9576
6080
1494
417
1624
3056
4700
4512
722
-3324
-4779
-5149
-4875
-3607
-3409
-4370
-3959
-2467
-1648
-1207
-991
-1666
-2190
-805
1811
3533
3851
2922
639
-1479
-1868
-1041
190
994
223
-1692
-3286
-4077
-4309
-4215
-4091
-3933
-3459
-3230
-4467
-6456
-4662
5312
18481
20719
6882
-8134
-7754
4966
15022
15135
8793
1727
-3174
-5462
-4601
-697
1800
-2128
-8883
-10006
-5183
-1329
-1818
-4403
-5611
-3984
-650
2766
5076
5453
4069
2468
2836
5010
6411
6047
4703
3006
1690
731
-306
-727
-1265
-3178
-5262
-5882
-5203
-3766
-2691
-3396
-4200
-3367
227
5915
9413
7778
2804
1160
3904
5824
5850
5054
2761
-1021
-2817
-1976
-1709
-2412
-3684
-5865
-7010
-5160
-2794
-2295
-2240
-1968
-2466
-2493
-411
1572
1437
999
1353
1070
574
1295
1637
134
-1542
-2242
-2467
-1841
-792
-1418
-3678
-5458
-5944
-4753
-1566
906
-653
-4340
-5578
-3534
212
5116
9400
10072
7779
5822
4765
3789
4026
5590
6076
4569
2406
145
-2202
-3929
-4920
-5572
-5299
-3975
-3143
-3470
-3748
-3639
-3671
-2817
-217
2268
2959
3069
3979
5073
5382
4854
3845
3071
2875
2824
2593
2017
719
-1444
-3216
-3487
-2968
-2960
-3306
-3642
-4202
-4178
-3034
211
4676
7309
5981
1842
383
2539
5347
7105
6479
3465
-927
-3567
-3004
-1515
-1055
-1824
-3574
-5245
-5015
-3960
-3635
-3160
-2292
-1701
-1122
-165
565
490
96
59
200
554
1094
1099
644
14
-1056
-2062
-2276
-2037
-1800
-1654
-1817
-2153
-2480
-3338
-4330
-3810
-2338
-2322
-3537
-3773
-3089
-3160
-3865
-2864
2045
9771
14848
12515
5335
528
1225
4846
8655
10711
8460
2352
-3113
-4643
-3444
-2158
-2503
-4411
-5998
-5623
-4167
-3567
-3350
-3573
-3709
-1751
2426
6127
5514
2617
1203
1601
3398
5471
6765
5672
2741
685
96
248
168
-477
-1881
-3465
-4077
-4104
-3756
-3346
-1672
1735
4616
4525
1109
-497
1007
2940
4611
5703
5332
2222
-374
-1405
-2062
-1413
-565
-952
-2315
-2747
-2815
-3410
-3371
-3019
-2738
-1817
-283
543
384
-317
-1188
-1478
-809
262
851
723
28
-684
-1163
-1750
-1993
-1539
-1058
-740
-614
-1255
-2410
-3176
-3107
-2643
-2215
-1681
-1369
-918
-237
-1741
-4903
-5280
-3005
-2914
-7054
-10561
-4953
10185
22221
19386
5953
-3817
-3514
3397
12563
18352
14776
4076
-4861
-6872
-3454
455
12
-4566
-7777
-6741
-4321
-2934
-2503
-3661
-5931
-6006
-2452
2282
5275
5508
4211
3127
3078
4319
5868
6356
5630
3800
1796
980
809
144
-1200
-2694
-3789
-4470
-3937
-2300
-2177
-3902
-5027
-4209
-393
5888
9456
6134
319
-383
3586
6631
7456
6475
2659
-1629
-2526
-935
220
30
-2055
-5214
-6061
-4064
-2731
-2861
-2320
-1617
-2305
-2743
-1055
1083
1121
-375
-1032
-8
1497
1922
886
-597
-1448
-1666
-1611
-1321
-1182
-1690
-2421
-2626
-2261
-1800
-1717
-2065
-2045
-1243
-997
-2156
-2880
-1673
-384
-1078
-2736
-3562
-3465
-3124
-4312
-9302
-14110
-7553
12340
28063
22932
3954
-9019
-7236
4394
16828
21420
14763
2506
-6198
-6649
-1068
3242
776
-5451
-8399
-6599
-3601
-1855
-2274
-5208
-8065
-6816
-1651
3305
5265
4216
1880
1332
3840
6640
7359
6893
5737
3431
1683
2258
3382
2475
-346
-3466
-5358
-4938
-3078
-2171
-3280
-5394
-6360
-3354
3703
8556
5539
-710
-1623
3105
7900
9415
7008
1623
-2884
-2693
611
2502
1547
-1549
-5384
-6543
-4292
-2775
-3325
-3299
-2687
-2552
-1721
-208
72
-1052
-1677
-923
479
1989
2252
196
-1673
-1628
-1362
-1298
-608
199
-55
-1680
-3300
-3809
-3348
-1960
-731
-923
-1663
-2186
-2907
-3141
-2053
-1037
-1696
-2990
-3536
-3792
-3713
-3664
-6766
-12477
-11198
4080
22976
26710
12303
-3796
-7066
1384
12578
19379
17622
7913
-2763
-6786
-3116
2179
1911
-4038
-8359
-7019
-4289
-3989
-4734
-5465
-6513
-6030
-2443
2114
4429
3571
1413
1166
3884
7023
8090
7157
5176
3085
2319
3304
4301
3471
911
-2084
-4261
-4851
-4048
-3133
-3286
-4354
-5222
-4290
-110
5765
8040
4283
-225
324
4208
6810
7060
5005
843
-2528
-2484
-302
1038
48
-2797
-5551
-5749
-3638
-2511
-2841
-2137
-933
-984
-1211
-722
-523
-1068
-1623
-1228
718
2760
2081
-732
-2505
-2963
-3011
-1924
-217
38
-1654
-3136
-2774
-1899
-1474
-1242
-1780
-2671
-2861
-2403
-1605
-1090
-1348
-2650
-4796
-5324
-3118
-1007
-1615
-6238
-13950
-16553
-3205
20751
31046
16738
-3024
-9030
-2223
10036
20966
22117
11697
-782
-5638
-2485
2814
3510
-2385
-8180
-7720
-4592
-4073
-5308
-6422
-7756
-7954
-4619
572
3315
2416
277
-66
2962
7464
9430
8000
5849
4307
3121
3316
4930
5151
2650
-386
-2314
-3557
-4049
-3710
-4110
-5856
-6333
-2980
2826
6530
4605
-1041
-3878
-545
5462
9543
9553
5056
-1126
-4300
-3039
295
2754
2423
-701
-3903
-4692
-4492
-4982
-4494
-2551
-894
321
826
-807
-3368
-4116
-2879
-775
1726
2977
1460
-1241
-3219
-4263
-3569
-1066
626
124
-958
-1993
-3483
-3928
-2176
-128
423
-396
-1834
-2811
-2866
-2608
-2592
-3174
-4307
-5043
-4456
-4024
-8167
-16275
-16058
2326
26134
30099
10343
-8503
-7503
5345
15814
20757
18814
8547
-1991
-3137
2473
5518
1543
-6401
-10257
-6411
-1801
-2778
-6170
-8009
-9337
-9369
-4838
1609
3806
1894
48
144
2857
7130
9303
8338
6799
5660
4558
4744
5958
5156
1954
-609
-1448
-1846
-2447
-3496
-5201
-6595
-5543
-478
5653
6204
239
-5057
-4297
1137
6997
9220
6056
540
-2182
-1156
650
1459
913
-713
-1395
-658
-1160
-3376
-4909
-5061
-4013
-1141
2271
3014
-16
-4244
-6230
-4786
-1322
1142
845
-629
-1706
-2805
-3640
-3512
-2771
-1633
-381
76
-737
-2646
-4419
-3894
-1099
882
209
-1775
-3190
-3384
-3089
-3605
-4405
-3729
-2924
-5919
-13448
-19370
-12609
9539
28559
23395
1457
-11293
-5037
9450
20903
24375
17464
4544
-3027
-349
5889
7617
2355
-5975
-9143
-4790
-1080
-3542
-7833
-10328
-11213
-8334
-1982
1459
-564
-3341
-3161
50
4904
8314
7897
5358
4130
5455
7824
8582
6762
4229
2776
2064
1290
435
-567
-2209
-4501
-5862
-4055
625
4162
2783
-2246
-5426
-2866
3525
8162
7420
2606
-1983
-2974
-290
3325
4756
2945
-466
-2796
-2788
-1516
-888
-1558
-2510
-2479
-1499
-821
-1306
-2421
-3166
-3001
-2035
-947
-446
-937
-2191
-3174
-2703
-1879
-2147
-3046
-3304
-2838
-2668
-2544
-2718
-2584
-1780
-724
-690
-1137
-1507
-3666
-5180
-5242
-2737
-1303
-3217
-8615
-18915
-18541
1205
27343
30956
7619
-11813
-11451
4475
19478
25413
19568
4461
-4112
-1583
6067
8631
3473
-4183
-7733
-3350
1181
-1081
-6471
-9024
-9462
-7763
-2838
398
-1595
-4781
-4528
-1779
2076
5751
6362
4159
3197
5142
7398
7810
6654
5071
3854
3443
3240
2038
137
-1257
-2478
-3789
-2725
1917
5651
3291
-3259
-6947
-4252
1936
6682
6618
1475
-4610
-6191
-2772
1631
4195
4185
1771
-873
-1682
-1880
-2690
-2480
-659
837
1240
827
-1038
-3803
-4960
-3506
-1033
613
487
-1363
-3594
-4591
-4247
-3701
-3300
-2345
-1255
-1535
-3047
-4207
-4604
-4353
-2591
107
888
-1443
-4389
-4987
-3169
-1354
-1359
-2971
-6515
-13049
-17319
-7602
15854
30261
16985
-8444
-15623
-404
16844
22660
17961
7442
-1202
-238
7204
10066
4014
-4875
-8076
-2936
4025
3718
-4033
-10777
-10845
-5942
-252
2546
-86
-6152
-9017
-5049
1825
5741
5194
2502
794
1957
4924
6772
6348
5012
4230
4317
4565
3731
1576
-255
-712
-854
-783
1458
5035
5104
-103
-5363
-4934
536
5641
6083
1858
-3394
-5493
-3436
-73
1501
1029
-48
-701
-480
-31
-855
-2482
-2360
-182
1499
1273
-269
-2580
-4501
-4208
-1906
294
1090
436
-1703
-4388
-5477
-4346
-2647
-1953
-2425
-3511
-3905
-3632
-3807
-4199
-3856
-3514
-4326
-3786
-916
472
-2172
-4912
-4476
-2968
-5195
-13211
-15699
-1954
21257
28062
6775
-14075
-10871
8401
21157
20126
12957
1911
-2816
3522
10827
10640
1592
-5769
-5569
496
4956
-1235
-8782
-9394
-5019
-1073
-1176
-2267
-5213
-7321
-4989
-698
2212
1968
176
-1079
453
4008
5626
4024
2641
3637
5317
6486
5731
2185
-1271
-311
3618
4270
464
-2062
269
3831
3831
395
-2532
-1908
1640
4562
3662
-784
-5122
-5559
-1795
2657
3936
1265
-3003
-5520
-4515
-1076
1725
1789
-188
-1743
-1313
-26
-53
-1848
-3076
-2013
440
1461
-559
-3325
-4476
-3534
-2057
-1050
-1604
-3056
-3981
-4371
-4417
-5507
-4966
-4334
-3278
-1915
-3058
-4046
-6216
-5580
-3626
-2897
-5619
-13835
-12491
4879
25466
23389
-1565
-16725
-6488
15903
25276
18156
6169
-2385
612
9435
13412
7212
-2732
-3606
1633
6067
3367
-6571
-12462
-9209
-792
2527
-1576
-6913
-10073
-8525
-2845
2289
2040
-2104
-4422
-1850
3009
5229
3364
449
992
4804
7452
6221
2843
627
1044
3321
4999
3984
1135
-660
-144
1985
4275
4022
526
-1496
1262
4017
2080
-1367
-2523
-2322
-1065
1829
3158
242
-3576
-4243
-2427
-428
729
482
-625
-906
-458
-1108
-2452
-2256
-508
1095
1695
688
-2346
-4995
-3952
-491
1010
-620
-2724
-3541
-3302
-3327
-3937
-4262
-3885
-3190
-3108
-3225
-3979
-6021
-7559
-5085
-389
289
-6066
-15970
-15873
410
21972
24615
1048
-17301
-8299
15032
24484
14758
3114
-2332
2406
12751
15601
5713
-5643
-3966
6478
11601
5461
-5873
-11697
-6171
3568
4831
-2908
-9503
-9135
-4788
-564
418
-3204
-7029
-5726
-1097
1360
365
-1814
-2661
-384
3918
5572
2246
-1536
-422
4122
6558
4741
1340
222
2922
6584
6314
1935
-490
3300
9098
9373
3042
-3543
-4339
388
5094
4579
-439
-4165
-3346
-959
-699
-2257
-3489
-3027
-737
1251
-47
-3823
-5589
-3259
497
2306
1381
-1000
-2807
-2692
-1415
-657
-577
-242
104
-296
-949
-1426
-2344
-3180
-2015
433
912
-1700
-4663
-5126
-3481
-1662
-1448
-2710
-3941
-3607
-2779
-4229
-8769
-12247
-6313
7702
16215
6685
-10475
-12288
1889
14209
12074
4157
664
2478
8126
10214
5707
-1436
-961
7562
12250
8500
255
-4487
-3192
1541
4237
1165
-3419
-4043
-1218
111
-1687
-4841
-6211
-4036
-332
570
-2555
-6134
-6627
-3843
-696
1408
554
-1659
-1748
-336
963
-255
-787
1136
3298
5008
4261
2152
947
2149
4491
5485
5855
5480
3271
1067
1882
3586
2721
882
1205
2224
1338
-394
-1904
-3278
-3467
-1100
621
-809
-3028
-3780
-2716
-1203
112
-463
-2125
-1721
273
1548
-98
-2582
-2786
-1353
476
1983
1080
-1577
-1900
-829
270
877
-800
-1598
-232
434
-415
-2576
-4159
-3245
-747
513
-1021
-3548
-4871
-4022
-2019
-1363
-3334
-5649
-3661
2095
4767
579
-5248
-5014
1199
6156
5231
1038
-1568
-428
3244
5660
3850
201
-122
3111
5195
3586
570
-545
1004
3267
3803
2177
78
-691
132
1160
774
-949
-2170
-1563
-43
243
-1504
-3607
-3752
-1732
379
758
-343
-1337
-1175
-169
657
680
242
230
1037
1967
1938
838
-126
262
1706
2677
2125
680
-303
-248
407
1108
1538
1401
733
115
109
335
309
61
151
663
836
653
437
549
506
41
-122
544
1246
668
-274
-849
-340
344
-174
-308
-212
-219
-324
-829
-1265
-1295
-1078
-829
-294
-662
-1223
-1049
-1411
-1340
-611
-345
-634
-1541
-2137
-1763
-1378
-1483
-1438
-1238
-1394
-1166
-343
44
-548
-1835
-2495
-1553
-172
-28
-725
-1270
-1659
-1807
-1288
-312
395
257
-539
-614
50
716
1038
851
865
982
1175
1270
1019
740
554
883
1161
893
554
521
621
633
858
1320
1432
993
758
707
650
657
1139
2073
1941
797
-66
536
1919
2039
1087
307
471
1043
1209
867
-50
-1034
-1188
-256
858
1038
113
-917
-1002
-365
-92
-532
-694
-75
533
405
-215
-570
-449
-210
-25
14
-14
274
606
405
-67
-326
-335
-166
200
628
655
92
-456
-401
51
421
611
655
379
-98
-254
8
143
-337
-1105
-1316
-688
-52
-257
-1042
-1413
-973
-363
-150
-447
-731
-745
-906
-1149
-1363
-1365
-1211
-949
-545
-523
-851
-1081
-898
-451
-238
-420
-718
-757
-596
-503
-494
-366
-312
-680
-1254
-1489
-1234
-672
-3
344
198
-343
-735
-570
-155
78
-108
139
1048
1487
1017
416
583
1058
1199
1334
1850
2524
2651
2111
1495
1241
1302
1507
1725
1671
1285
867
733
759
625
428
227
293
584
724
459
-169
-388
-158
447
1151
1294
702
-208
-258
325
622
406
58
112
298
308
-165
-863
-1044
-665
-398
-539
-515
-235
-324
-948
-1347
-1076
-552
-283
-432
-881
-1215
-1046
-686
-437
-447
-542
-630
-784
-693
-543
-261
103
104
-269
-727
-813
-685
-652
-640
-472
-415
-328
54
185
5
-218
3
442
255
-319
-405
264
739
404
-406
-1163
-1356
-727
348
814
320
-446
-822
-785
-573
-492
-650
-633
-150
246
-85
-596
-727
-479
-49
393
841
842
585
426
337
495
781
991
824
451
426
704
806
601
351
240
456
688
451
133
211
446
518
563
748
824
597
488
688
699
442
523
1071
1352
871
100
-164
320
1040
1145
408
-342
-233
512
976
684
-107
-816
-845
-91
640
411
-545
-1065
-670
-85
-114
-701
-1138
-836
-36
296
-345
-1226
-1360
-842
-465
-623
-1055
-1203
-856
-509
-660
-1105
-1223
-742
-114
42
-271
-581
-509
-17
419
298
-91
-190
-95
-102
-112
-45
-60
-71
177
362
-67
-719
-704
-84
275
43
-321
-442
-421
-395
-263
20
228
199
181
395
563
362
107
365
1000
1292
970
460
130
44
291
777
969
605
159
102
266
279
69
-212
-220
249
756
674
11
-598
-547
20
418
402
308
368
354
-65
-651
-669
95
943
1093
516
-206
-376
174
727
643
270
166
301
403
322
52
-242
-322
-76
283
458
364
55
-309
-437
-173
165
264
80
-192
-327
-382
-405
-496
-550
-413
-252
-196
-354
-653
-913
-960
-653
-314
-265
-416
-483
-405
-399
-446
-441
-386
-169
23
4
-156
-214
-135
-378
-566
-302
142
301
-172
-605
-661
-431
-94
37
94
-137
-432
-242
288
590
270
-79
133
609
717
311
32
136
317
368
413
616
620
287
-107
-192
237
707
761
390
0
60
441
735
608
50
-388
-224
453
972
725
32
-439
-312
211
642
708
321
-75
-65
313
604
471
269
171
197
293
286
149
-111
-205
-97
-75
-158
-317
-418
-405
-438
-471
-282
145
399
75
-514
-734
-444
-6
269
221
-39
-199
-326
-450
-509
-481
-342
-259
-174
-157
-304
-541
-700
-619
-474
-449
-537
-444
-62
214
-5
-505
-673
-332
267
585
467
36
-468
-429
88
394
153
-272
-336
-114
69
89
45
65
151
161
-11
-45
152
320
323
196
223
367
421
311
148
213
316
271
219
278
379
346
200
93
136
240
178
-69
-207
-25
298
465
326
9
-155
-16
265
303
161
147
223
322
338
302
198
134
284
390
301
156
148
231
193
4
-213
-273
-59
219
129
-337
-765
-736
-238
227
174
-347
-725
-662
-282
101
86
-193
-415
-297
147
254
-110
-518
-581
-141
202
-18
-477
-640
-422
-243
-327
-446
-415
-318
-216
-175
-274
-481
-441
-7
417
396
-22
-323
-266
121
395
276
-18
-368
-339
-45
162
140
-120
-130
49
119
49
-46
-15
32
86
211
422
489
336
292
365
496
483
312
290
398
676
770
494
143
-57
150
323
163
-87
-126
292
529
181
-410
-653
-218
300
558
471
56
-239
-142
335
606
355
4
-38
267
443
222
-116
-248
-122
120
297
261
-23
-454
-645
-464
-208
-22
-43
-115
-223
-382
-400
-411
-294
-233
-220
-12
154
134
-153
-344
-198
-2
31
-88
-153
-71
67
-111
-601
-787
-445
33
123
-126
-308
-421
-448
-350
-223
-59
72
233
323
173
13
-44
35
200
197
53
-56
29
179
48
-309
-525
-240
221
254
-30
-288
-274
-51
96
94
28
86
140
149
296
376
271
146
204
434
499
333
85
-28
114
292
424
355
62
-12
91
50
-128
-191
100
468
574
400
9
-277
-139
352
660
535
264
-18
-59
170
286
131
-100
-28
262
428
281
-212
-583
-474
-98
171
108
-126
-428
-634
-383
-14
-12
-324
-481
-164
143
148
-48
-265
-287
-214
-50
127
184
17
-313
-410
-343
-253
-94
-61
-182
-392
-521
-516
-570
-552
-303
10
94
-67
-198
-160
-101
-63
58
212
280
166
79
123
113
-60
-288
-178
182
413
262
-182
-406
-315
-90
114
211
284
327
218
-21
-110
66
295
388
448
524
410
183
127
179
159
178
300
351
222
-1
-192
-284
-159
148
341
309
180
-4
-133
-18
245
431
442
319
200
169
148
86
21
1
193
429
433
218
-65
-250
-336
-158
193
295
70
-271
-396
-328
-274
-366
-554
-387
68
243
35
-278
-368
-218
8
240
209
1
-101
-85
-62
-196
-194
-47
32
87
-38
-265
-504
-629
-555
-351
-138
-176
-348
-421
-328
-162
-71
-78
-120
-99
-38
38
101
40
-103
-94
57
55
-85
-110
-12
-5
-150
-267
-147
90
164
48
-124
-144
123
475
565
320
-10
-19
340
621
627
404
161
105
205
429
511
296
-103
-371
-250
34
234
195
-8
-125
-71
130
286
248
102
52
134
250
327
244
162
211
219
199
124
-1
-84
-8
248
349
218
-25
-263
-355
-259
57
227
40
-225
-434
-435
-203
92
132
-150
-312
-214
-40
18
-33
-33
-29
-44
-60
-121
-209
-237
-215
-145
-10
12
-199
-425
-375
-143
-95
-217
-335
-283
-120
-90
-116
-174
-213
-245
-192
5
59
-80
-184
-74
48
-17
-182
-147
57
69
-95
-243
-149
-27
-58
-82
-41
149
228
180
167
198
295
302
327
391
409
439
359
267
206
253
409
280
30
-104
-104
72
155
71
-84
-154
-57
6
33
86
120
122
121
215
304
254
151
90
119
180
213
189
121
75
40
54
57
67
74
7
-28
-79
-111
-81
-2
76
17
-43
-110
-249
-327
-263
-154
-89
-35
-58
-228
-356
-224
-68
-48
-183
-300
-130
40
30
-81
-150
-135
-135
-112
-114
-109
-83
-16
53
-41
-190
-285
-350
-293
-143
-69
-41
-50
-120
-165
-172
-86
47
29
-36
-28
-77
-162
-156
-108
-77
0
82
14
-112
-125
-26
141
240
176
114
165
294
409
383
263
162
169
274
272
133
44
46
125
195
118
28
-67
-159
-78
70
65
-31
-26
10
126
204
151
129
94
225
343
346
315
160
99
93
97
125
205
319
290
86
-123
-151
-72
67
172
144
14
-135
-221
-177
-119
-168
-212
-302
-45
192
-49
-276
-532
-452
-91
92
120
-56
-168
-258
-193
-106
-238
-224
-325
-234
124
94
-91
-347
-379
-195
-153
-125
-147
-67
-21
-56
-79
-158
-176
-96
87
203
107
-108
-220
-157
-47
29
33
7
-25
-35
-24
-11
1
51
186
330
316
114
-25
70
261
353
323
184
0
-37
66
164
76
-68
-67
15
106
57
-40
-73
-28
71
69
53
29
-9
68
188
219
174
142
194
310
301
157
133
214
221
177
157
123
52
-21
-27
45
95
72
26
18
11
-74
-144
-58
102
119
-35
-140
-55
89
84
-80
-194
-108
39
15
-141
-191
-90
-83
-151
-154
-198
-313
-376
-312
-203
-134
-171
-220
-198
-232
-245
-245
-159
-4
-35
-154
-216
-134
-57
-124
-102
-30
-11
-72
-236
-225
-48
30
-27
-143
-142
-44
29
43
0
51
124
212
346
294
148
134
259
381
332
157
57
116
207
192
48
-53
-31
-19
-39
-34
-52
-45
33
89
108
44
-51
-12
91
183
217
184
136
117
154
167
200
270
234
97
13
89
186
129
-64
-166
-16
93
80
29
-80
-156
-175
-126
-45
91
174
51
-98
-160
-107
30
112
68
-16
-18
-23
-62
-90
-124
-97
-34
-4
-26
-162
-275
-258
-162
-46
-51
-122
-147
-161
-178
-176
-63
46
21
-34
-70
-102
-133
-157
-81
27
-36
-169
-277
-285
-153
-79
-87
-138
-149
-130
-81
-8
-17
-75
-76
69
160
161
87
20
162
261
203
131
130
127
72
47
47
90
107
33
-70
-66
19
85
106
56
19
31
108
150
156
188
156
151
183
210
207
168
229
250
208
198
175
173
92
43
40
37
141
151
48
-138
-257
-124
31
56
-105
-206
-62
58
63
0
-79
-91
-68
-11
8
-32
-89
-153
-133
-26
40
10
-90
-180
-191
-127
-89
-107
-163
-188
-125
-37
-41
-203
-257
-131
-6
53
-35
-136
-174
-89
48
28
-41
-113
-125
-62
-32
-77
-157
-134
-47
-35
-80
-70
14
89
52
2
27
9
12
104
141
85
-5
-16
95
157
101
22
4
66
110
71
-2
-108
-157
-94
0
160
187
20
-102
-123
-12
152
251
189
45
49
108
159
196
197
179
65
31
93
148
171
87
79
137
170
111
-42
-59
55
149
98
39
34
-20
-96
-30
151
192
120
-25
-54
54
20
-34
-56
-51
-24
-31
-35
-63
-91
-101
-120
-140
-88
-2
-36
-91
-136
-236
-271
-197
-26
73
-4
-136
-241
-164
-49
-56
-46
-99
-126
-95
-98
-67
-127
-230
-192
-90
-18
-33
-113
-172
-136
-8
49
-5
-23
-2
63
176
160
41
-55
-63
67
158
128
93
38
-5
-16
-36
20
77
61
85
68
2
-17
-35
8
140
175
98
54
75
119
151
148
97
75
85
85
109
93
64
40
-4
-25
86
185
96
89
99
52
46
-25
-39
38
128
163
105
28
20
74
63
-27
-81
-8
157
202
1
-234
-214
7
137
45
-152
-256
-172
-9
42
-34
-110
-103
-43
-26
-90
-158
-131
-36
15
-32
-144
-195
-102
3
0
-24
-32
-82
-163
-191
-128
-68
-48
-38
-97
-158
-132
-145
-158
-76
-9
-7
-38
-53
-34
25
129
177
101
41
35
63
180
155
32
-42
-18
120
97
-25
-60
40
92
38
-21
-150
-106
32
117
149
55
-48
-90
14
177
268
206
54
23
79
98
85
76
51
11
15
40
38
12
3
17
82
112
25
-22
61
147
144
51
-29
-27
-36
-17
93
158
112
3
-73
-10
111
114
16
-47
-8
33
-12
-89
-173
-124
8
36
2
-92
-130
-99
-69
17
15
-39
-61
-86
-34
-62
-133
-92
-3
59
12
-86
-158
-132
-58
7
-17
-86
-95
-175
-176
-102
-82
-106
-180
-120
35
95
29
-82
-146
-88
80
159
132
44
-38
2
56
100
39
-36
92
143
57
-36
-127
-89
42
135
97
3
-62
-44
111
164
111
59
35
117
154
148
64
47
147
126
72
20
40
54
29
51
13
3
5
4
-4
5
55
49
16
23
32
-16
-43
7
63
68
52
53
44
23
-7
-33
4
73
67
-34
-102
-75
-71
-118
-121
-99
-52
4
-48
-142
-145
-86
0
48
-9
-85
-91
-3
53
-11
-76
-47
11
47
29
-1
-7
-64
-77
-67
-47
-16
-75
-104
-82
-38
-40
-91
-65
-39
-11
6
8
36
53
32
-29
-35
35
67
4
-27
21
43
30
-5
-66
-80
-37
-6
36
63
3
-75
-84
-14
69
79
48
54
103
122
65
30
76
116
99
71
96
135
101
56
49
38
57
85
71
82
76
-4
-26
59
88
14
-38
-12
25
39
51
71
55
-13
-70
-52
26
75
52
-6
-29
-10
7
-11
-55
-79
-59
-25
-19
-16
-41
-99
-97
-48
-24
-13
-17
-68
-92
-42
38
76
15
-56
-101
-67
3
-2
-57
-91
-35
-53
-100
-91
-122
-58
-25
-75
-72
-75
-42
-15
-7
-33
-92
-26
57
97
63
-39
-65
7
128
111
-43
-129
-80
17
47
12
-21
-16
-16
2
-2
20
32
-6
27
55
88
56
8
2
-36
4
92
180
172
59
-2
13
90
122
15
-74
-4
105
158
124
29
-4
25
66
123
152
42
-67
-70
-1
104
62
-27
-50
-27
54
17
-27
6
-6
0
5
41
56
-55
-106
-50
35
58
-12
-80
-123
-133
-84
-19
-15
-50
-53
-30
-4
-43
-104
-64
6
14
19
29
8
2
-42
-128
-123
-29
74
83
46
-54
-151
-129
-107
-16
34
-1
12
-24
-61
-48
-12
13
39
51
46
82
61
-25
-70
-60
-16
56
84
20
-50
-47
11
53
69
9
-28
-2
31
49
-25
-31
9
34
83
46
0
-26
-1
56
80
128
94
44
55
36
48
28
8
33
65
98
49
-4
-26
-16
60
110
71
-18
-56
-29
26
17
-59
-71
0
67
76
42
6
-6
5
42
50
5
-34
-30
-1
-2
-49
-76
-87
-77
12
75
-10
-115
-113
-43
28
33
-13
-4
25
25
22
-5
-57
-55
-30
-22
-6
-29
-61
-66
-25
-17
-54
-56
-46
-6
-27
-103
-130
-115
-31
60
97
56
-18
-42
-30
-15
-10
-8
4
44
57
3
-70
-84
-36
42
106
84
-2
-69
-11
72
51
14
-16
14
78
130
110
-4
-50
4
103
174
121
-2
-60
-24
34
93
99
16
-70
-64
24
64
52
55
22
-20
2
10
18
75
61
8
-8
-33
-25
10
39
6
-61
-44
5
86
82
-43
-84
-51
-2
22
-21
-71
-51
-2
18
26
-16
-56
-46
-31
43
59
-27
-70
-88
-20
76
16
-62
-46
-6
-12
-35
-52
-72
-30
-12
-45
-13
-22
-62
-41
-15
24
8
-59
-54
24
78
38
6
16
7
0
-8
-25
-12
29
13
-43
-42
7
30
28
24
-5
-45
-43
3
56
66
4
-43
14
78
54
-9
-47
-35
46
121
143
126
15
-88
-32
55
74
75
34
-7
-2
-13
-6
15
9
2
-16
-7
42
41
2
-33
-35
28
74
22
-37
-68
-67
-10
93
143
72
-42
-102
-25
55
59
23
10
5
-83
-73
-34
4
71
21
-33
-40
-23
13
30
4
-45
-34
-1
23
33
1
-33
-20
-35
-59
-4
48
24
-75
-150
-62
56
36
-39
-80
-67
-12
30
33
-8
-66
-80
-40
44
93
3
-70
-71
-34
35
43
10
-65
-67
23
63
43
-28
-60
-18
16
18
39
37
16
15
8
22
23
37
49
77
110
80
38
-45
-45
47
105
134
84
10
-27
-23
11
24
54
114
73
-5
-55
-75
-1
28
31
3
-41
10
0
-22
9
42
37
-26
-28
13
22
-20
-64
-46
2
59
67
-25
-75
-44
-38
-13
-5
-19
-8
-15
-15
-17
-4
25
19
16
-12
-21
-1
-10
13
-6
-71
-48
-15
-23
-30
-19
-10
-33
-81
-104
-74
-4
21
-30
-41
-27
-13
18
22
1
-16
-28
-41
5
52
64
34
2
23
0
-10
-7
-2
12
34
70
13
-50
-66
-18
72
97
79
17
-38
-15
56
63
16
2
17
44
47
22
14
34
66
54
-6
-41
6
76
59
4
-11
7
-6
-27
-6
23
64
38
8
3
-33
-23
4
25
7
13
47
13
-21
-19
-20
-5
43
26
-23
-13
9
13
7
-17
-67
-42
34
31
10
-29
-53
6
59
53
-26
-44
-34
-25
40
24
-5
-57
-59
-11
-43
-18
-30
-35
10
-37
-69
-48
-24
-9
0
10
-17
-54
-39
-32
-20
-3
-9
11
23
4
-46
-45
23
50
34
-23
-38
-2
24
55
21
-23
-9
20
55
34
16
44
24
-23
-23
33
65
39
21
12
-7
-2
30
32
12
30
39
31
22
12
1
1
4
-10
38
65
31
-24
-72
-7
36
55
56
-11
-24
1
32
0
-63
-81
-39
68
105
40
-27
-79
-87
-13
38
13
22
46
25
-7
-26
-37
-58
-62
9
94
65
-8
-36
-37
1
26
-18
-30
31
36
-34
-54
-39
-64
-28
65
56
1
-28
-72
-60
-5
18
32
29
12
-3
-35
-77
-74
-5
70
62
31
9
-61
-56
-28
-8
69
77
22
-54
-59
-12
3
22
-18
14
98
67
12
-24
-24
0
35
48
19
39
-3
-33
4
-29
-5
15
5
24
-5
-17
-55
-35
67
56
13
5
19
10
-22
7
15
31
41
4
30
56
40
-24
-60
-8
40
69
4
-47
-32
-52
5
26
18
48
-5
-12
11
6
-25
-73
-9
30
22
29
-2
-2
6
-10
-23
7
24
4
-8
-23
-16
-28
-54
-41
-13
14
36
17
-42
-66
-19
21
-3
-26
-6
23
32
-11
-49
-21
16
26
30
1
-34
-5
6
-37
-13
41
0
-9
40
15
-2
5
-32
-17
32
10
10
35
27
11
-24
-5
18
-3
-6
-7
36
51
46
44
-35
-28
23
29
44
-2
-15
-6
0
21
-8
16
8
-8
43
49
41
8
-5
42
49
24
-31
-39
54
75
47
23
-45
-49
-8
13
-2
-4
-1
-35
-22
-8
-6
13
-13
-29
-10
20
28
1
-35
-23
42
39
-25
-55
-30
3
7
11
-16
-17
4
-24
-17
-11
-17
-19
-3
18
-2
-10
-16
-24
-46
-29
-20
-62
-4
34
3
2
-23
-61
-35
16
25
-12
-67
-61
-11
4
-1
6
18
20
57
44
-35
-46
-14
50
83
43
34
-1
-8
9
4
29
28
25
12
-28
-31
-4
37
56
31
-24
-41
-9
-7
-11
-13
22
53
27
21
-17
-28
18
27
6
22
48
9
8
12
11
22
-21
-35
2
49
43
-11
-50
-25
-2
-9
18
8
27
26
1
39
2
-35
-4
20
66
64
8
-39
-11
31
-9
-16
-9
-6
-7
-43
-51
-26
-19
-25
-9
-26
-5
19
4
-14
-67
-37
-3
41
47
-31
-10
17
12
-4
-20
24
43
22
-7
-55
-34
19
7
8
17
-1
-20
-33
-36
-49
-20
27
31
33
3
-10
6
-2
10
20
52
53
-7
-24
0
71
60
-30
-30
1
4
14
34
32
-20
-51
-24
-4
30
55
10
-35
-38
3
13
30
26
-28
1
30
18
17
9
6
-1
15
9
4
30
17
-4
-4
13
7
-7
8
-13
-1
-9
-51
-24
13
18
1
10
-8
-10
15
-12
-12
-5
-2
-17
-47
-13
20
19
-13
-42
4
60
36
-30
-59
-47
-11
14
10
9
-14
-18
-16
-10
6
2
26
10
2
14
-2
-12
-48
-31
6
15
11
-11
3
10
-12
-33
-24
19
24
25
19
-22
17
35
15
60
-2
-37
6
3
11
9
21
22
-4
-31
-30
14
0
-7
28
46
51
15
-24
-19
20
26
6
6
-4
18
41
-14
-38
-15
-2
0
10
16
5
5
3
-6
-1
-8
-28
-15
30
49
13
-19
-9
-14
-5
36
29
39
20
-31
20
23
-7
-2
-22
-12
1
-7
-27
-17
0
-31
-20
-4
-20
7
35
12
-35
-24
-15
-18
41
26
-14
11
-2
-14
-4
-27
-40
-18
11
14
-5
4
-21
-6
27
-6
-2
-36
-35
4
42
34
-25
10
10
5
9
3
26
24
19
-27
-29
17
8
-27
-28
-4
11
40
21
-14
-12
-6
16
-17
-6
45
30
32
13
-5
4
33
41
-8
23
26
7
13
-13
3
5
26
45
28
-9
-44
-29
-7
25
49
11
-22
10
26
12
9
0
2
10
15
28
22
-3
11
22
-10
30
40
-15
-10
-26
-41
-2
15
25
5
-21
-3
-53
-30
15
-22
-2
21
-6
-37
-10
21
-12
-44
-5
14
26
0
-20
1
8
-14
-55
-38
6
27
20
-12
-51
-43
32
10
-22
-16
-39
-4
7
0
1
-22
-1
6
7
37
24
27
28
-3
2
0
-13
3
-2
5
-25
-8
27
4
2
-10
20
5
-8
-7
-6
23
7
-10
9
12
8
-8
-12
1
16
3
13
19
13
54
5
-15
15
-11
-12
-8
36
27
3
12
12
16
-14
16
20
-7
10
13
37
4
-25
3
12
27
1
-17
-5
-6
29
9
-18
-6
-29
-14
11
7
-11
-44
-36
-8
4
27
28
4
0
23
-10
-49
-16
-5
27
23
-40
-7
-4
-17
3
-2
1
-1
8
12
0
4
-6
-31
-31
-9
13
13
7
34
29
12
19
-16
2
54
3
-7
24
-5
-10
-5
-19
0
14
8
11
13
15
-22
-14
29
1
-12
-26
-33
-11
24
36
0
32
27
3
25
-13
-13
-1
5
16
5
16
-12
-28
-16
-15
23
12
-4
15
-1
-7
-22
-25
23
37
6
-14
-23
3
30
34
6
-39
12
69
65
13
-34
-27
-23
6
11
12
23
-13
-17
4
-9
-40
-39
-28
15
22
-18
-20
-27
-25
-26
7
2
-20
4
7
-6
-4
38
-11
-18
17
1
33
9
-13
-19
13
31
-12
21
3
5
28
-45
-34
32
44
20
-14
-30
-8
29
-9
-9
32
1
-1
-4
-7
-2
-8
10
0
20
33
-27
-24
1
12
53
33
-7
-27
-21
20
-2
-12
4
15
30
-4
5
15
-31
-30
12
44
19
-17
2
13
21
30
7
11
17
-2
-10
-30
5
19
19
4
-30
-9
-4
8
-7
-3
-36
-28
-12
27
22
-13
-32
-42
-1
8
16
7
-2
-5
-8
-7
12
-4
-15
-18
-12
15
2
-9
-14
9
-4
-31
1
-14
5
-9
-9
-7
-15
3
14
1
19
-7
12
24
19
30
22
14
8
40
43
6
3
7
14
-7
25
18
-42
-2
9
0
-8
-40
19
23
-15
4
4
-4
-2
23
32
31
25
-4
-24
-11
11
-1
2
-4
9
27
-5
0
2
-1
6
-11
0
24
12
-5
13
5
-16
-21
2
9
14
23
0
4
4
3
-8
0
-23
4
15
15
-22
-28
-13
10
18
16
-7
-34
-11
-12
12
11
-35
12
4
11
29
-21
-32
-9
24
6
-2
19
-13
18
21
-13
1
-7
9
-16
-39
-12
-1
23
17
9
5
-13
-18
6
26
-10
-15
3
8
39
-10
-52
-5
13
42
33
-3
-14
-27
32
11
11
54
17
16
-20
-8
20
33
10
-54
0
8
11
22
-6
-16
-22
-9
3
6
-16
-4
6
-1
5
-10
-24
-11
28
10
-3
-6
6
29
-11
-23
-21
0
24
7
-22
-30
-4
-4
-2
-20
-37
-9
11
-8
-6
25
0
-27
-44
-31
18
2
-15
-25
-1
91
95
-14
-61
-14
6
-9
-16
-34
3
6
-19
-8
-3
40
30
-2
7
-7
5
-8
-32
8
28
13
20
-19
-32
9
34
27
-22
18
40
14
34
21
-4
-4
2
-16
20
32
-27
-14
26
3
-15
18
-2
17
44
-23
-13
13
9
1
-22
-13
-23
-2
6
-39
-14
-4
-29
-2
17
26
12
2
10
-2
21
24
-10
-4
26
53
35
23
12
-18
-1
-1
9
21
-10
-7
8
36
2
-58
-16
17
25
14
-4
4
32
43
8
-10
5
23
16
-7
-13
-4
18
41
32
-8
5
1
7
25
-2
-10
-24
-4
-17
-28
-10
-40
-32
-13
-5
-14
-13
-26
-17
7
-20
-35
-21
36
7
-5
20
-20
22
35
9
12
13
-24
-62
-10
29
26
3
-31
-23
13
31
1
-14
-7
-4
16
-5
-51
-9
37
18
-8
-15
2
25
21
-2
-11
9
20
-5
1
8
-12
8
1
-5
19
12
11
-25
-37
5
8
19
4
-17
5
15
26
15
16
10
-7
9
20
45
4
-23
15
-13
2
6
-27
6
39
-1
-28
9
-7
-12
5
-27
-9
16
0
-12
-19
-15
-14
-7
-3
-12
-12
4
10
13
36
11
-21
15
15
-14
-25
-27
0
25
20
19
2
32
51
-16
-52
-49
29
67
-18
-44
-48
-9
47
36
20
3
-38
-69
-20
48
46
25
23
-10
-17
28
0
-48
14
104
70
-97
-115
-8
-36
-1
44
-7
11
-12
57
178
-102
-327
-299
174
1362
923
-1484
-2211
375
3568
2150
-2914
-3776
617
3721
1651
-2291
-2551
521
2243
394
-1869
-1265
1032
1597
-577
-1828
-438
1331
1115
-680
-1254
-108
1083
662
-729
-916
201
984
448
-616
-636
326
650
34
-736
-152
1586
1427
-798
-1937
-469
1445
1217
-771
-1821
-8
1902
922
-1072
-1509
57
1177
309
-936
-976
214
695
193
-474
-318
472
254
-189
-414
65
618
150
-328
-404
70
402
155
-260
-221
322
500
47
-510
-134
324
151
45
-267
-126
101
37
140
115
-20
-144
-112
166
92
153
167
-461
-103
85
417
-361
-19
301
-272
-483
-215
719
536
-569
-983
332
833
619
-675
-454
-133
255
594
218
-340
-463
18
349
366
-292
-108
84
107
48
-265
163
-300
76
416
239
-403
-595
97
310
601
-428
-680
227
739
-188
-517
-219
356
269
40
-10
-506
5
-1
547
258
-456
-554
-116
587
633
-152
-768
-332
634
639
166
-1057
-747
671
598
588
-383
-1172
99
623
688
-464
-899
137
822
6
-245
-274
166
-35
-313
848
306
-615
-1045
76
1173
820
-591
-1165
-199
686
804
-109
-1095
-481
1176
885
-809
-1279
-188
1653
1219
-819
-1929
-530
1531
1147
-309
-1636
-570
1342
793
-211
-1041
-375
907
413
-159
-691
-256
543
251
1
-267
-107
-10
-33
61
542
318
-778
-776
343
1458
-80
-1006
-457
475
1572
-998
-1545
792
1348
712
-1186
-1465
156
1508
836
-742
-1675
277
1278
707
-337
-2518
-216
1636
2062
-966
-1569
-1114
1883
1576
-1372
-670
-585
1135
857
-245
-1138
-604
734
1257
610
-1867
-143
475
305
-978
514
1275
-362
-859
-1975
1934
1545
-624
-1580
-453
1271
1716
-323
-2126
-782
595
1910
1252
-2358
-1357
140
490
2247
-48
-1085
-636
-941
561
1450
742
-641
-1061
-1252
948
1426
650
-1705
-242
-142
1028
422
-514
394
-1374
-236
-721
565
2089
998
-2918
-1247
1516
951
179
-673
-1150
-487
2146
309
-49
-1590
-569
2047
795
-1004
-1281
243
-304
853
614
-525
-449
-308
565
481
326
-1005
282
-212
-87
151
197
293
-570
-384
-705
1587
742
295
-2231
-296
182
1345
712
-205
-844
-2209
1312
1678
740
-2153
-671
348
2475
950
-3121
-1513
1198
1849
530
-1820
-1662
2028
686
866
-1055
-3069
1638
2537
-254
-1920
-614
1554
993
-1386
-780
1314
-736
864
585
-1785
274
1035
-1121
-260
1255
-383
214
-1706
-49
2032
1658
-1264
-3096
-375
3450
2129
-3051
-3732
1765
4021
1600
-4106
-4425
1935
6267
801
-5212
-2281
1270
2865
1581
-652
-2450
-1844
873
2283
2970
-2224
-3199
1191
937
885
136
-2229
-598
1340
1045
1529
-277
-2727
-1476
-429
2779
4757
-1529
-5351
-3485
4398
5107
-229
-3827
-3740
1838
3958
583
-2828
-1050
-188
-155
1899
2551
-1397
-4016
12
1775
5321
-1878
-3610
-3393
1327
5983
1276
-3393
-3806
563
2511
3404
-1872
-2578
-1328
1598
2406
32
-2488
-582
1077
497
2104
-2384
-1019
-686
1544
2825
-900
-3159
-1202
1923
3286
-137
-3581
-1140
768
3235
1013
-1776
-2279
-121
1445
486
1497
952
-2471
-3087
1077
2590
3774
-1279
-4791
-3141
3370
6767
-55
-5446
-5744
2269
6932
2342
-3662
-6365
-664
6962
2290
-1921
-3776
-1030
2288
1603
973
-2071
-1611
1035
1414
88
-817
143
-1985
-1218
2445
3680
531
-3155
-3857
-1557
3878
5321
252
-3077
-5530
-2086
5254
4493
-136
-2938
-4102
-35
3834
-525
2035
-620
-939
-1219
395
911
2348
-4395
-4080
4266
5584
2176
-8238
-4858
2546
7204
3476
-4771
-7167
1239
5895
3358
-1900
-6375
485
3522
2696
-2246
-3001
-273
2597
1843
-1297
-3740
1076
3558
-1066
-1969
-270
-473
-3
1489
3004
-1531
-3918
-1308
1425
6428
-1331
-2287
-3717
-1111
5981
4535
-2526
-5032
-2698
4233
4549
-1291
-3562
-301
240
3235
1546
-3488
-1326
-157
912
1613
974
-3629
-1231
1589
3517
-719
-1081
-2391
-366
-173
2038
3594
-1787
-3030
-1990
1278
2449
2836
-712
-3689
-4216
5080
4932
391
-5620
-5127
4057
5992
951
-2813
-5375
-1944
6115
2353
-1095
-3743
-600
1823
2186
-1539
-1147
585
-180
-85
-40
55
456
180
116
-1763
-1219
439
1595
3373
1099
-4784
-4716
2561
5942
2150
-3930
-5811
569
3994
3011
343
-4098
-3082
1350
5407
2422
-6034
-3535
1989
1393
2530
1209
-1408
-2885
-2595
4432
3571
-3718
-766
591
599
23
-3879
2141
2971
7
-1163
-3608
1050
1377
3322
246
-2302
-4038
-3232
7746
5779
-1103
-8222
-4282
3853
7374
781
-3467
-2841
-1014
47
3254
1877
-54
-4942
-2852
4048
4893
2510
-7172
-2830
-551
3340
5670
-713
-3400
-4590
-2288
2984
7836
2842
-3918
-11128
-3868
10913
9836
520
-10928
-10503
4786
9155
5563
-2619
-8749
-2243
3264
6409
343
-5760
-599
-776
7578
-1493
-3259
-5142
799
9559
1860
-6675
-8008
3243
5988
5355
-3804
-7172
-3918
4024
10383
250
-5435
-8597
4083
6743
3026
-4015
-5140
-812
3077
3853
1142
-2296
-4282
-1648
2374
5661
1611
-5988
-5317
92
8628
3860
-5321
-7180
-662
7678
4049
-3935
-5357
2379
2614
649
-1458
-3661
3096
2860
1391
-2636
-5545
425
4602
2871
-819
-796
-6812
-1131
5032
3606
1148
-4317
-3032
-1336
1588
3710
6733
-3287
-7078
-5512
5429
5810
4899
-6056
-5414
-2374
1705
7203
2517
-1355
-7950
-4239
5129
8941
886
-6309
-9164
3325
4506
6635
-659
-7057
-5529
1619
9368
1957
-2936
-7897
-5669
6490
8150
3502
-6653
-6390
-1398
5220
6362
673
-5563
-5898
1809
4681
4811
-4037
-4050
-490
3896
1986
-3092
648
2258
-1667
-1579
-474
1096
3131
-3975
-79
1443
-747
829
-723
1412
-561
1541
-3348
523
2876
-31
-1049
-3207
-2505
4551
6037
-2993
-4204
-4239
3179
6977
1594
-7752
-5176
1866
5992
6373
-1108
-10008
-3756
3702
5834
3246
-2598
-3603
-4690
2731
4021
4240
-944
-7838
-4440
4442
5959
3758
-3258
-7625
-3214
4380
7182
2366
-5473
-5216
-1963
4605
7335
-1897
-2164
-3402
-3024
-28
7313
3912
-3128
-6812
-7044
7797
8079
-891
-4540
-4649
882
4777
861
-507
-856
-3006
3648
1060
-1957
-3738
863
4141
3332
-3006
-6609
-2396
5559
8584
-2014
-2471
-6249
-3902
5480
5608
2462
-2374
-9252
-3167
5366
5644
1282
-990
-5363
-4036
2663
4726
3512
193
-4916
-5505
1813
7103
3865
-2584
-9323
-2949
9100
6986
-2948
-10043
-4432
7404
10378
1566
-12235
-8969
5392
10864
3671
-4726
-9609
-1741
5650
4911
4630
-8606
-7560
648
9098
5048
324
-10747
-7172
4960
11801
4264
-9540
-5127
-3192
7200
8406
-899
-8370
-4011
3043
5530
5085
-3293
-7757
-1446
4269
5412
-4227
-430
-4905
3020
4229
-105
-3171
-3591
-1155
5594
4376
-2030
-4947
-3311
4841
6372
-2452
-5574
-3301
3843
6521
931
-4519
-4846
62
6724
3351
-2719
-5586
-3421
6977
3828
-3205
-4128
-2404
4010
1783
-623
-2069
-363
1588
-538
1364
-2360
-2419
2691
1801
6
-556
-754
2039
-372
-4386
-1443
544
7746
4027
-7222
-6839
-997
8023
8222
2615
-7966
-12239
-3042
9172
13847
-196
-10107
-13837
-879
12532
11615
-265
-14448
-7143
1373
13760
5898
-2644
-11082
-5604
4362
8467
5407
-6084
-7009
-1479
5436
3185
746
-5060
-3924
965
6828
1885
-2777
-1229
-862
-171
518
612
-1005
256
2517
-1622
-885
-1508
-561
4782
1254
-2277
-3447
-1933
2899
1955
2443
-1315
-4461
1388
1525
2840
10
-5660
1623
1895
-1636
130
-213
112
195
881
241
-1334
-1620
851
1994
355
-428
-3268
-1616
4557
5477
-1062
-5260
-3609
362
5824
1744
260
-3891
-4321
2541
2392
3855
1354
-3985
-8080
1726
2113
6609
815
-5594
-6831
666
7855
557
370
-5942
552
2339
1147
1874
-2448
1364
-4206
-1621
860
4311
3636
-670
-6170
-3721
1946
7094
3973
-3087
-6222
-1512
1616
2316
3078
-904
-3187
-3627
-966
5955
3064
-1473
-4681
-3293
5321
1594
-1881
-287
-4278
3234
6399
-1574
-2502
-4626
-784
6065
5164
-2131
-4387
-4698
483
6465
2744
1159
-3950
-4126
-4387
7023
3005
-1243
-2119
497
-2853
-1962
-129
5972
5321
-2510
-7687
-5548
5477
6412
6262
-5566
-7697
-2798
5012
5220
4425
-3381
-7067
-3239
579
4888
6829
127
-5624
-3379
-1727
-11
5703
5364
-1708
-8490
-2869
4889
4464
924
-2772
-2992
-199
1405
2771
-1803
503
-10
-2302
221
-1649
2136
699
1461
-2608
-1602
-83
3817
-2301
805
-989
-3526
1217
3825
325
-3811
-3591
1327
4981
4268
-1793
-3513
-4551
-1041
7161
5128
1284
-2538
-8520
-2184
3740
6611
3321
-4560
-467
-2152
-1500
3829
1832
1785
-3812
-4633
655
4670
3906
-2599
-4103
-2643
2086
3925
2751
-3034
-4688
-965
2828
3369
-1878
904
-489
-236
-3267
2019
1482
318
-943
-6401
1672
3872
3756
779
-4156
-4151
-1600
2715
5072
2681
-1282
-9368
-2700
1182
8024
3817
-3197
-6819
-1993
5922
1189
4058
-5319
-3064
960
3426
4027
-3191
-4644
-2492
5425
2000
2069
-1629
-6530
-2586
3259
4594
3734
-2685
-6129
-2581
1295
4333
786
1850
-977
-1710
-835
-712
1291
4920
1924
-4451
-4736
-340
4999
3785
441
-4040
-4675
41
2072
8079
3101
-4993
-7152
-5551
3341
5934
6656
864
-6868
-7242
-1333
5387
5606
1326
-2670
-3812
-5283
2371
4902
3631
76
-4017
-7433
-1153
6804
7091
631
-6847
-5782
1682
2809
3375
2048
351
-3806
-2373
-2789
2549
4702
3492
-1747
-5485
-4707
1058
5535
3959
-1369
-3491
-2498
-1932
268
2823
3452
2162
-4662
-4427
1227
5720
5158
-1364
-8162
-4457
3894
4525
7678
95
-6172
-9141
-2542
6800
9768
4030
-7521
-8143
-5251
2325
8738
6156
-2332
-5480
-5837
-1089
2337
3814
4474
-2520
-833
-5654
-130
2552
4204
2843
-2159
-4154
-3056
-916
4567
6613
2477
-7731
-6362
-1588
5578
10208
902
-6130
-7547
-2695
6732
4770
-225
-4045
-3048
1311
616
1005
-55
-1528
310
1513
1903
-2415
-4176
983
3867
2675
-633
-2127
-1241
-901
795
2714
1942
-575
-2320
-2726
75
4276
2612
-1200
-4199
-3854
1962
3705
1012
-465
-1120
-3606
-501
3140
81
3048
-2
-4405
-3363
683
4054
2435
1265
-4894
-1612
733
1750
105
1700
-138
-644
1367
-3810
515
3389
2999
-70
-6068
-4901
3445
6768
3133
-2458
-7793
-3868
845
9119
5581
-3029
-7702
-6347
4845
8315
877
-2861
-4221
-1543
582
2070
2442
756
-1528
-2145
-213
-1382
500
1615
4088
3187
-3854
-4420
-6181
4187
8596
3154
-2929
-9389
-4184
2927
10968
3108
-3745
-8295
-3651
4595
6031
2076
-5420
-4101
1156
3932
2611
-476
-5039
-2021
1835
4108
1555
-1634
-4241
-1428
3564
2757
1229
-3319
-3344
-1021
2720
2088
2560
-1499
-1643
-2411
-1926
4174
3994
69
-6906
-522
-263
1875
2026
168
441
-1470
-790
-2902
2047
2988
3221
-1254
-6048
-3294
3420
4497
3118
-3318
-5609
-143
1386
6540
1088
-2199
-2366
-3468
807
4218
2070
-1553
-1923
-1520
-1391
3381
1733
60
-335
-2135
-779
-951
892
2658
690
-574
-2972
-1039
2116
1083
198
-1738
-294
-552
2263
-812
2471
609
-2934
-852
-1094
1046
1285
3430
-442
-1591
-3636
-2242
2552
2242
1595
-482
-4196
-2501
-298
2642
3753
67
-3347
-2735
596
1468
1834
1208
-2241
-694
310
92
1837
851
1336
-336
-970
-1230
1717
3001
929
-206
-4488
605
-2271
3244
3821
-1897
-2035
-1620
-60
-1243
1611
521
-534
566
581
-1442
-2974
-1481
1983
3182
3473
-2974
-4885
-1379
1897
4278
1266
-1505
-1606
284
-191
2589
1149
-1192
-595
-1270
1119
2697
-224
-2455
-1247
1131
636
198
-611
-2881
-817
1411
976
2100
-2370
-2002
-1113
293
2202
2554
499
-3618
-3896
-1612
5929
4656
1276
-1925
-3660
-3151
2024
4760
3297
-2689
-4664
-116
2016
3475
2046
-1273
-4818
-2389
2256
2803
765
919
-1855
-1594
-1377
-1226
1315
929
918
-1130
-1810
-778
703
-124
-366
777
1199
-129
-1018
-780
462
834
1046
-1050
-690
-801
916
1352
2467
-864
-595
-181
-2179
1975
-399
1547
457
356
-2156
-1391
-704
-104
2900
1770
-1106
-3367
-1820
1864
2722
1223
-1237
-3358
-1511
1661
2430
1740
284
-1333
-1713
-407
-1056
1447
738
550
934
-643
-2225
-1106
2569
765
1111
-409
-1869
-1121
1932
3470
-3004
-2157
-758
1570
1458
-1489
-77
-431
530
-1492
-983
1550
2292
-671
-1598
-1574
-72
1862
2247
421
-1789
-560
-657
1871
873
958
384
-1406
-158
796
561
967
-145
-2061
-1842
1473
1842
1265
-2376
-2998
351
117
665
1033
-287
-799
71
-2345
-1563
2907
814
629
215
-2009
-1276
-1079
181
2044
1641
-451
-1380
-204
105
1457
133
-398
563
-699
744
-713
967
12
-613
-353
16
1949
1814
421
-2528
-2235
40
2592
2186
-602
-3103
-2135
-157
899
2847
-1758
-1856
-180
-243
850
1833
-379
-730
-593
-409
1141
837
1427
-227
-27
-1620
-395
1604
2021
630
-1654
-1015
-140
916
-462
-989
-1236
1486
1454
702
-1365
-3917
-3123
-514
3794
4152
393
-4284
-4654
-2328
3312
5149
5158
-229
-5749
-3777
568
5441
3807
946
-2116
-2671
-1801
730
2398
2874
1415
-1848
-2614
-2304
809
2017
1514
-72
-2732
-1235
-729
1175
1929
513
-3029
-1300
-210
824
1504
-221
-725
1250
1086
-1790
-1411
-1595
1487
2773
2452
231
-3326
-3667
-818
3794
4780
1529
-1351
-3997
-3018
168
3224
3776
1451
-350
-2888
-4785
-1942
1903
4793
3273
-1858
-5305
-4832
939
3966
4528
-212
-3540
-3183
1117
3483
3164
-690
-2394
-1028
97
2352
2359
17
-1669
-1485
-135
530
2618
856
-2402
-1821
-662
1136
899
-341
72
-957
-970
-1101
258
1291
1238
451
-2268
-1153
595
2080
1612
571
-2642
-2384
-6
2107
3228
1276
-2159
-3263
-1285
575
3393
2019
458
-2574
-3261
-58
514
2350
1143
102
-4167
-3045
939
1761
1909
-235
-1062
-977
78
590
1453
1331
-145
-1153
-1972
743
423
1421
1137
216
-1112
285
-361
-16
937
-1766
528
-843
914
423
-232
-271
-317
719
-219
-1165
-1093
8
917
1965
1056
188
-871
-1723
-1574
-271
861
1790
1786
-279
-2500
-3076
-397
2950
2504
-525
-2659
-1616
579
1809
794
-261
-593
-931
751
891
343
-33
-390
1373
916
-673
-500
-60
654
1270
-305
-748
-502
-1576
143
852
271
-281
-585
519
-47
-1204
-1107
561
1144
1009
-48
-1326
-1425
-827
2366
1469
-896
-411
-462
279
1485
619
-1034
-731
-546
1196
1816
-581
-1576
-1589
606
1180
222
-750
-2282
-328
55
2260
898
-561
-858
-851
-181
269
966
-18
366
-542
-29
-597
-643
605
1021
816
-554
-890
-1239
650
1366
1606
-87
-2234
-120
33
569
429
-644
-143
-578
-1118
-218
687
1688
370
-605
-973
-1019
-56
1638
1554
228
-933
-1354
-331
893
1286
259
-1490
-1584
1699
1202
1162
-691
-2089
-438
235
2523
1180
-653
-1401
-577
1102
906
1615
-460
-2036
-876
-13
2194
335
-642
-1260
-1041
1216
346
102
-370
-829
-137
399
369
-623
-143
352
-231
279
1052
189
-666
-629
-935
-429
1516
1897
346
-1446
-2209
-1318
-205
1817
1821
-9
10
-1344
-1553
40
830
1840
732
-902
-1066
-464
467
789
956
-24
-1008
-918
-603
36
772
1751
355
-1178
-1450
-1781
908
2312
1210
-456
-1974
-1029
35
1320
995
-118
-463
-1186
-1049
93
1619
1693
-72
-1947
-1160
-182
1667
1255
2
-916
-527
465
-120
-376
117
940
-269
-82
387
47
-566
-1299
554
478
1355
338
-1280
-217
-593
728
929
1028
400
-773
-507
-283
1103
749
-41
-1407
-1399
389
1492
1096
-523
-1305
-1321
-366
242
619
-210
626
-481
-521
-396
-986
379
376
952
595
-231
-670
-501
-456
1239
1089
-117
-596
-317
-92
602
618
342
-179
-525
-661
-711
757
512
967
-416
-1509
-505
720
714
412
-576
-1103
303
581
-135
610
-632
-896
569
555
958
738
-58
-492
-1185
-712
379
624
917
623
-1084
-975
-352
-44
635
145
137
24
-327
130
-79
120
1101
602
504
-262
-1913
-286
896
1300
767
-940
-1031
-897
523
1194
699
-341
-1412
-1446
-965
330
700
1225
332
-743
-1305
-1679
131
1320
1242
481
-14
-973
-1322
221
1238
2049
828
-1450
-1641
-1105
1339
1033
1402
355
-1510
-927
-165
1187
1284
866
-1088
-1149
-721
112
1415
-71
41
-543
-214
249
-15
-436
-963
-153
1138
741
-44
-635
-609
-450
843
845
-85
-5
-871
-545
636
647
173
-113
-484
-251
324
279
-45
-1503
-830
182
72
625
331
409
-432
-1060
-473
298
1056
1011
697
-675
-656
642
733
491
-613
-1231
-61
786
1419
993
-1153
-1640
-1582
-127
1637
1104
717
-916
-1147
-465
-220
820
831
705
-586
-658
43
4
696
620
156
-916
-1097
125
1138
722
-519
-831
-587
-215
45
280
270
758
-212
-1311
-505
21
994
970
260
-826
-863
49
298
1325
761
-190
-1128
-739
703
831
427
-610
-197
-253
-244
-196
-249
316
41
207
-585
-546
-160
-25
-16
-591
-27
179
611
228
49
-23
-646
353
867
831
128
-423
-303
-262
650
837
638
249
-1141
-1047
158
569
460
-267
-500
-180
159
668
1
-671
-625
-249
588
653
192
-158
-384
-692
-9
970
952
335
-554
-531
-669
-95
252
183
766
139
-233
-751
-539
-289
-135
120
-229
676
446
-120
-1145
-1252
355
1095
1114
76
-458
-1354
-745
733
1028
947
-256
-554
-562
-139
663
1115
77
-1368
-564
385
1360
805
-506
-725
-672
64
5
-115
409
324
-25
-146
-579
-317
287
66
347
483
189
-464
-716
-10
601
780
38
-350
-328
-18
253
-144
2
-138
-207
413
603
75
-697
-1091
-423
702
1019
661
-191
-549
-672
-549
-31
283
902
371
-340
-367
-266
325
255
-106
-313
121
672
316
-18
-437
-256
298
3
0
173
131
310
-89
-626
-596
-310
56
485
707
166
-76
-258
-799
-295
-34
56
885
882
-34
-820
-980
-272
1108
1359
-190
-1418
-1016
122
1118
885
-441
-515
-268
-119
261
-73
-93
193
566
383
-262
-564
-371
300
477
326
-282
-629
62
599
486
-35
-891
-895
396
703
399
-76
-667
-55
98
-125
41
137
276
-136
-153
68
-77
139
-78
-195
46
0
173
170
8
-230
-538
-225
403
606
533
116
-493
-443
-4
412
396
50
-5
-182
-339
-209
-298
-292
436
967
371
-686
-1209
-486
397
487
665
213
-462
-386
-425
-366
253
674
690
-170
-691
-103
215
292
233
-61
-403
115
-247
301
445
44
-205
-376
-226
368
850
458
-556
-608
-341
-54
335
323
172
214
-149
-583
-312
-152
154
534
144
131
175
-73
-8
-90
-276
-103
231
273
112
49
-22
-164
-148
121
135
-14
-219
-432
-27
376
412
-2
-508
-747
-371
612
740
618
-184
-1044
-670
-197
493
447
80
-8
-180
-5
-49
-65
2
-110
-92
35
128
398
475
112
-549
-1087
-557
787
1228
983
-72
-923
-870
-493
700
575
328
-133
-137
111
67
-109
-238
-908
-613
224
866
1021
544
-245
-716
-653
-280
-20
377
565
374
-23
-380
-214
-13
435
163
-692
-256
68
546
463
-21
-663
-900
-111
197
629
84
155
-303
-425
-350
21
608
338
276
-452
-399
-39
412
596
-52
-171
-443
-161
94
381
453
305
-199
-474
-315
8
514
341
11
-719
-815
-512
825
1237
358
-407
-952
-534
191
454
567
34
-390
-463
-229
213
234
159
189
-20
-207
-3
-196
-480
-17
241
525
346
-217
-216
-365
-280
178
367
241
-26
-207
-72
222
439
81
-588
-369
55
303
230
-76
114
145
-162
-531
-194
437
321
59
-38
-65
-230
-305
-103
212
335
-72
-374
-205
107
95
215
260
-78
-437
-428
15
453
684
181
-185
-409
-213
74
463
285
-142
-145
205
309
-121
-440
-188
92
307
340
5
-321
-506
-240
219
285
410
-46
-262
-450
-231
278
650
69
-732
-341
10
550
495
-173
-376
-302
-75
340
505
-23
-562
-767
-154
409
692
200
-337
-372
-365
-137
155
320
400
246
-111
-376
-195
1
85
149
-38
-192
57
286
252
118
-95
-349
-286
-69
391
596
388
108
-385
-658
-491
184
475
586
211
-81
-256
0
100
-267
-387
-133
287
581
282
-23
-499
-565
44
428
420
85
-350
-311
100
234
313
43
-489
-345
30
125
51
-26
-42
-153
-16
86
53
84
-279
-302
-286
220
390
289
-95
-404
-194
148
420
142
-109
-282
33
353
280
55
-259
-101
71
-51
157
18
-73
-108
80
99
8
-252
-185
-233
-91
-25
266
221
80
169
-29
-193
-403
159
218
-23
90
242
215
68
-226
-310
-128
58
285
103
65
-298
-184
149
120
-53
-321
-239
88
259
165
-31
-176
-120
184
70
-239
-244
-21
221
305
96
-320
-431
14
443
385
0
-300
-152
107
66
2
-72
-67
206
242
11
-119
-157
-48
37
-6
-6
9
30
39
-55
-83
-160
-125
346
372
-16
-190
-228
44
207
60
-94
-87
77
160
335
231
-180
-239
-305
-182
280
270
38
-53
-59
93
-7
-196
-64
-50
-80
130
178
47
-95
-226
-130
-11
102
217
82
-4
-25
-154
-338
-236
212
401
158
-215
-207
79
207
9
-213
-129
44
239
252
263
-31
-350
-102
-3
133
167
-3
-91
-179
-49
80
109
22
-34
-40
-130
-47
2
10
90
-24
-47
145
182
-69
-337
-293
-88
101
302
302
83
-88
-383
-376
69
188
221
274
316
146
-328
-423
-179
252
492
167
-209
-236
-95
64
203
-38
-280
-147
14
243
286
122
-133
-384
-159
-6
-7
135
93
22
-25
-28
3
9
-18
-113
-100
34
211
205
15
-194
-328
-59
145
268
280
-78
-172
-234
-59
143
178
265
-111
-200
-88
68
227
-15
-140
-227
-15
224
189
114
-278
-221
76
109
121
-128
-67
70
81
145
-32
-119
-152
-93
25
80
71
90
113
-41
-196
-350
-125
290
369
192
-109
-251
-184
10
80
28
49
85
89
82
30
-207
-305
-1
272
194
-9
-134
-171
-110
63
168
-20
-63
35
-39
58
120
-15
-77
-63
-39
-102
-41
131
192
133
-141
-300
-125
133
313
141
-162
-178
-81
33
148
149
40
-69
-229
-303
11
223
181
41
-68
-13
-41
-13
63
120
-59
-234
-60
-71
152
404
82
-113
-76
-96
-61
-17
7
153
245
126
-91
-242
-110
21
65
109
-78
-74
58
97
112
-44
-180
-187
86
136
23
119
66
-2
-183
-185
-65
48
379
193
-212
-226
-144
-28
119
130
-47
-42
38
15
-1
-145
-20
121
27
70
-23
-58
-44
2
150
29
26
3
-113
24
17
46
43
-129
-58
46
13
105
116
-119
-109
-109
-81
209
225
40
-123
-236
-229
111
383
113
-196
-249
-40
147
79
-117
-155
66
158
135
-5
-198
-97
38
50
15
17
110
56
-107
-189
-38
123
108
67
-120
-61
249
179
-29
-125
-222
-210
-18
207
342
282
-45
-244
-277
-159
129
161
137
4
-159
90
269
24
-357
-534
-297
333
696
604
160
-496
-732
-409
-23
229
238
178
64
76
234
56
-93
-426
-369
-176
259
293
288
154
1
-72
-302
-111
-119
32
85
95
-66
66
271
131
-89
-303
-341
39
417
217
-54
-163
-206
39
211
170
-49
-119
-118
87
216
-103
-184
-146
-26
135
173
137
20
-102
-291
-139
28
67
192
113
95
5
-197
-195
-126
145
386
147
-162
-196
-74
113
148
-77
-172
-5
136
227
79
-189
-154
-72
-71
-16
159
233
31
-74
-102
-65
0
-35
-6
15
12
24
81
127
60
-71
-114
-70
-51
71
166
58
-20
-2
-49
-23
65
-33
-73
-22
-6
113
146
50
-15
-112
-175
-58
119
117
-14
-65
-111
-172
-10
185
105
-11
-82
-146
-82
68
232
81
-211
-146
-4
115
219
39
-147
-168
-84
121
177
99
24
-150
-204
-95
29
198
162
18
-65
-150
-28
91
31
-38
-19
60
39
35
-9
-101
-1
108
86
65
5
-117
-150
-70
78
242
149
-126
-202
-22
188
131
-111
-243
-164
-26
97
188
119
92
-33
-222
-149
11
135
96
20
-75
-70
34
39
-9
-49
3
-24
-29
-23
79
75
44
31
-62
-154
-97
49
122
28
-4
12
56
85
34
-38
-96
-51
58
42
-14
-3
-14
30
109
26
-40
-2
8
-26
3
18
-22
19
55
15
-8
-53
-122
66
70
45
-24
-210
-182
34
185
199
113
-151
-190
-32
101
110
39
-154
-159
44
191
195
-36
-128
-52
17
-22
42
32
-4
-37
-122
-74
22
203
157
-64
-179
-173
-83
95
77
-9
-34
-21
40
84
71
18
12
-50
-164
-118
-27
107
245
201
46
-56
-132
-157
-88
-10
93
116
-26
-28
45
118
121
-113
-189
-159
30
194
136
-84
-130
-41
14
88
46
-53
-132
-71
-11
61
49
31
-14
-31
32
47
-15
-82
-57
-15
36
41
66
12
-3
-16
70
59
-32
-91
-124
-30
102
186
167
2
-196
-200
27
157
120
39
-6
-101
-22
53
-15
-32
-36
7
-33
77
91
45
-62
-126
-71
-12
110
134
59
-108
-101
7
-4
21
74
39
-7
-131
-37
130
152
105
-102
-162
-57
107
83
7
-98
-90
23
62
-46
-52
4
-20
-24
25
55
85
70
-61
-25
-66
-94
17
167
96
-24
-124
-93
68
107
107
-46
-150
-37
64
118
-13
-99
-61
12
53
64
41
-113
-126
32
63
9
46
-29
-21
-24
-27
-51
47
148
52
-89
-107
53
107
89
-62
-118
-84
15
113
23
-78
-57
69
103
-24
-120
-107
-21
41
81
28
-14
-11
30
57
8
-60
-59
16
66
168
73
-90
-155
-6
98
91
13
-28
-61
-35
7
-36
-59
3
42
54
10
-75
-93
-13
90
84
-5
-78
-20
37
-20
-36
32
45
-29
0
-47
-15
49
79
13
-11
-13
16
-40
-85
6
82
62
22
-22
-35
1
30
21
-14
-50
-23
29
57
45
52
-2
-79
-29
1
54
99
12
-8
-14
-59
-43
19
57
-10
-19
19
7
47
13
-64
-36
36
78
8
-114
-104
35
127
102
8
-61
-46
-28
-22
18
33
-14
-38
-23
9
55
56
-7
-66
-86
-51
30
58
8
1
40
16
1
49
30
-41
-49
-27
-2
67
106
19
-81
-58
-16
-4
28
-18
-81
-14
35
4
12
10
-34
-45
-33
-16
21
60
32
-5
11
17
35
40
-47
-94
-33
-5
47
119
50
-25
-73
-78
-15
51
68
-19
-62
-48
30
90
50
52
-20
-98
-49
14
66
83
40
-14
-38
-26
31
38
-25
-67
-52
-2
21
3
-12
35
37
-5
-43
-47
-1
-26
-10
21
29
45
-4
-10
13
49
54
-32
-61
-9
41
55
27
-42
-55
12
16
14
10
-33
6
20
-12
25
50
-12
-75
-56
35
95
58
11
-40
-60
-5
30
32
20
11
-5
-2
-12
-8
48
37
-6
-23
-12
0
-20
-35
-29
16
38
33
20
-14
-8
19
37
38
-30
-104
-48
27
27
52
54
0
-18
-14
-38
-25
10
2
-13
-10
6
38
52
-1
-45
-36
-3
31
13
-20
-6
17
24
1
-31
-27
21
53
-10
-67
-58
-18
52
55
-3
3
21
-8
-1
17
12
13
-50
-92
-12
67
86
67
-21
-71
-47
-14
17
-15
-39
-9
9
45
51
28
-12
-62
-60
-14
33
38
24
-8
-27
-6
44
67
17
-24
-27
-4
11
1
5
-8
-11
19
36
51
17
-38
-49
-35
-7
23
33
6
-16
-28
6
37
-12
-18
-1
-2
3
-3
-35
-39
2
16
33
15
-6
1
-6
-20
-6
43
37
0
-25
7
44
45
43
-20
-53
-25
11
23
18
-3
-47
-17
41
60
38
-15
-61
-28
28
15
-9
-47
-23
62
97
40
-43
-50
-34
12
29
1
-14
-12
10
14
19
5
16
-14
-69
-45
2
57
32
-23
-28
-11
37
47
-10
-38
9
20
1
-15
-19
12
42
39
1
-13
-17
-16
-2
-12
-7
9
16
13
18
26
17
-16
-30
12
26
13
-20
-39
-3
18
23
32
16
-2
-9
-27
-9
15
13
43
18
-31
31
40
-26
-12
-17
-50
4
43
25
21
-18
-55
-11
22
7
-10
-27
-15
15
38
14
-29
-24
-16
7
20
0
4
9
-4
-11
-1
3
11
6
-19
-13
7
11
-7
-14
-10
-1
9
2
-3
-12
-17
10
22
19
18
-3
-20
0
10
-1
-10
-25
-21
20
32
16
12
-5
-33
-33
-17
5
20
4
-23
-18
8
27
34
11
-21
-18
-1
-3
-6
-19
-6
21
8
10
34
19
-4
-7
-33
-40
-3
9
26
15
-11
-5
1
13
22
18
-2
-26
-28
-4
14
20
33
17
14
12
-12
-17
-21
-5
28
20
1
-7
-11
9
42
32
10
-8
-44
-8
26
33
25
7
-15
8
16
9
28
21
-19
-42
-8
9
35
41
4
-21
-24
1
17
20
14
-11
-16
-1
23
30
13
-10
-14
1
21
10
-12
-11
7
27
31
-10
-19
1
6
11
10
0
-2
7
-8
1
6
10
5
2
-21
-23
-8
16
18
12
15
-9
-13
-8
-19
-4
4
0
5
15
12
7
-5
-27
-27
-7
15
15
-15
-20
-15
-4
8
11
16
-1
-10
-22
-29
-4
13
19
12
-4
-4
2
1
1
-3
-24
-18
12
22
24
1
-30
-19
-5
5
22
3
-21
-19
-13
6
13
5
0
-15
-8
9
-6
-7
-4
-10
3
10
10
18
11
-1
-7
-6
-10
-6
6
5
11
16
6
1
6
4
-5
-6
-4
-3
0
7
15
8
14
18
1
3
-2
-18
-11
5
12
17
17
9
6
3
2
-3
-11
-5
2
3
7
3
7
18
8
-1
-6
-11
5
4
-1
1
9
12
12
13
3
9
4
-12
-13
8
15
12
5
-11
1
11
1
-1
-7
0
3
-2
11
10
6
12
9
0
-4
2
5
1
-3
-3
4
8
7
5
-1
-1
7
-5
1
4
-10
8
3
-2
9
-2
-10
-6
3
