-1
-4
-3
-4
-5
-2
-2
-5
-6
-4
-4
-6
-4
-1
0
1
-1
-1
1
2
1
1
0
2
4
7
8
8
7
6
5
6
8
11
13
12
8
8
9
6
5
5
10
13
13
9
6
5
7
9
10
7
3
6
9
9
6
1
1
0
-3
-5
-5
-5
-5
-8
-9
-12
-14
-14
-12
-12
-11
-10
-10
-12
-15
-15
-17
-16
-21
-21
-19
-16
-15
-18
-21
-24
-20
-17
-16
-19
-21
-18
-13
-11
-10
-7
-4
-1
-1
-1
0
0
0
1
4
7
8
9
10
11
11
15
19
21
20
18
21
25
26
25
25
26
30
32
31
30
33
34
34
30
27
28
31
30
26
23
24
27
26
27
26
25
24
24
26
24
18
13
11
11
8
6
4
4
3
-3
-8
-11
-12
-14
-18
-22
-24
-22
-24
-30
-37
-38
-36
-39
-43
-48
-50
-52
-54
-54
-53
-50
-51
-48
-48
-51
-54
-49
-42
-33
-32
-34
-33
-28
-21
-15
-11
-4
3
11
17
19
23
29
37
43
46
50
54
57
57
62
68
70
70
72
77
77
73
71
72
75
75
71
68
66
62
59
59
57
52
46
44
39
35
30
26
24
22
19
14
9
1
-3
-5
-7
-13
-23
-31
-33
-33
-38
-46
-54
-60
-67
-75
-84
-90
-96
-99
-104
-109
-112
-115
-120
-124
-128
-131
-131
-130
-131
-131
-129
-127
-124
-121
-118
-113
-107
-99
-90
-82
-74
-62
-50
-32
-16
-1
13
29
48
65
84
100
112
125
136
150
161
172
182
189
197
201
202
201
198
195
191
189
186
181
174
163
149
137
127
119
111
101
90
79
69
58
46
34
24
17
10
4
-5
-14
-19
-22
-24
-31
-38
-47
-54
-57
-58
-59
-64
-71
-76
-79
-79
-78
-80
-85
-93
-100
-105
-108
-109
-110
-112
-115
-117
-122
-126
-131
-134
-136
-136
-137
-137
-142
-145
-147
-147
-148
-151
-156
-156
-153
-151
-148
-140
-130
-121
-112
-95
-73
-50
-26
2
32
59
78
94
114
138
165
187
204
220
232
243
249
250
248
247
249
246
242
236
221
202
181
165
154
143
128
109
88
66
44
27
14
0
-14
-27
-37
-50
-65
-78
-87
-91
-91
-87
-85
-89
-95
-96
-92
-88
-88
-86
-77
-63
-48
-36
-28
-25
-21
-10
6
19
26
27
29
37
44
47
45
40
40
37
32
25
17
8
-2
-16
-27
-34
-44
-55
-68
-78
-89
-97
-105
-112
-119
-128
-138
-144
-146
-151
-159
-165
-164
-160
-157
-153
-144
-135
-123
-116
-112
-99
-84
-68
-50
-28
-6
14
35
51
65
84
108
128
144
160
169
176
183
195
203
206
205
203
208
208
199
188
182
180
177
171
163
153
145
137
130
118
109
105
102
97
89
78
68
60
54
46
36
26
15
9
3
-7
-13
-15
-22
-39
-55
-63
-71
-78
-84
-95
-111
-125
-131
-140
-151
-158
-162
-171
-184
-190
-191
-193
-201
-207
-210
-212
-211
-208
-208
-213
-215
-214
-214
-210
-206
-200
-199
-196
-192
-190
-186
-175
-158
-136
-106
-64
-20
11
30
47
71
107
150
186
213
236
260
277
290
306
323
336
346
349
343
326
311
300
294
292
283
267
245
221
194
167
136
114
95
81
65
46
22
-8
-36
-59
-73
-84
-93
-99
-106
-119
-135
-149
-161
-164
-162
-157
-153
-152
-155
-155
-151
-144
-132
-115
-95
-78
-63
-51
-39
-24
-8
12
30
41
48
53
61
66
70
76
85
87
84
77
70
63
54
46
43
34
21
9
-1
-7
-16
-29
-46
-61
-74
-83
-93
-106
-117
-122
-125
-134
-147
-159
-165
-170
-174
-174
-174
-177
-185
-194
-197
-194
-187
-170
-142
-117
-102
-98
-94
-77
-49
-19
10
39
66
87
99
110
125
145
163
178
191
198
200
193
184
182
187
198
205
204
193
175
157
151
152
157
158
156
153
142
122
100
84
79
78
77
72
64
51
35
20
6
-6
-14
-21
-29
-33
-36
-40
-45
-48
-46
-42
-39
-37
-38
-38
-43
-47
-47
-43
-36
-31
-32
-37
-40
-42
-42
-42
-44
-46
-46
-49
-54
-60
-63
-63
-62
-61
-61
-65
-69
-74
-77
-79
-81
-83
-84
-85
-88
-93
-100
-102
-104
-105
-108
-116
-124
-129
-125
-123
-123
-131
-141
-145
-144
-137
-122
-102
-82
-66
-56
-47
-39
-22
5
41
69
94
114
129
136
138
146
167
189
203
203
195
183
172
170
175
182
189
192
187
170
147
130
128
136
143
143
136
124
110
95
81
71
66
68
69
65
52
34
16
3
-4
-6
-5
-6
-11
-21
-27
-32
-33
-31
-31
-26
-26
-28
-35
-40
-35
-22
-11
-8
-14
-18
-20
-19
-19
-17
-15
-11
-10
-13
-21
-31
-39
-37
-31
-30
-35
-41
-46
-53
-57
-58
-59
-67
-82
-92
-96
-97
-105
-113
-120
-128
-137
-146
-155
-167
-181
-193
-201
-207
-213
-221
-224
-227
-227
-225
-224
-222
-214
-198
-179
-166
-159
-150
-128
-98
-66
-37
-7
24
51
72
84
97
121
150
179
200
213
217
213
205
202
207
220
239
249
250
236
212
189
180
189
206
218
215
204
190
175
162
152
149
157
167
167
145
112
79
62
61
67
67
58
42
23
7
-8
-17
-17
-11
-4
0
-6
-15
-26
-32
-29
-20
-11
-2
1
-1
-4
-6
-6
-6
-8
-11
-16
-17
-18
-18
-23
-30
-35
-35
-33
-35
-45
-55
-67
-73
-80
-90
-104
-114
-124
-132
-145
-162
-184
-200
-210
-216
-221
-231
-247
-265
-281
-296
-308
-319
-330
-335
-338
-338
-338
-337
-331
-315
-292
-268
-247
-232
-218
-190
-146
-91
-28
26
69
102
128
155
185
222
265
310
349
375
382
373
361
362
380
404
421
424
412
393
374
358
348
343
350
362
363
335
291
257
243
236
225
217
212
198
166
125
93
70
57
45
37
30
13
-16
-44
-58
-59
-59
-59
-65
-75
-82
-86
-99
-104
-98
-92
-86
-77
-69
-64
-64
-65
-65
-66
-73
-78
-74
-72
-76
-83
-87
-94
-92
-87
-86
-91
-97
-103
-111
-124
-134
-143
-152
-163
-170
-178
-192
-209
-225
-236
-245
-261
-282
-307
-324
-333
-338
-341
-349
-365
-382
-394
-394
-386
-380
-383
-390
-392
-386
-366
-331
-287
-251
-223
-195
-163
-125
-72
-8
57
111
162
202
229
259
306
363
421
464
486
483
469
468
487
524
552
557
538
509
475
445
428
429
438
448
447
433
396
352
318
298
290
281
264
235
202
171
144
115
88
65
47
33
11
-21
-60
-93
-113
-118
-113
-107
-118
-145
-169
-175
-164
-152
-150
-156
-164
-167
-167
-170
-170
-167
-155
-141
-125
-120
-124
-129
-133
-130
-121
-113
-112
-123
-130
-128
-125
-127
-126
-125
-136
-153
-167
-171
-182
-194
-204
-213
-222
-233
-244
-250
-256
-268
-288
-304
-316
-314
-304
-301
-315
-332
-335
-328
-322
-318
-316
-320
-317
-295
-262
-230
-202
-170
-137
-112
-93
-62
-17
41
125
217
284
312
325
351
393
449
510
555
566
557
547
539
536
547
570
584
574
539
493
449
418
407
411
423
428
411
373
323
277
241
219
211
208
198
177
143
100
58
25
6
5
7
1
-26
-66
-106
-131
-136
-125
-109
-107
-120
-138
-150
-161
-161
-148
-126
-111
-106
-109
-118
-126
-127
-123
-115
-105
-101
-113
-131
-149
-161
-166
-161
-152
-153
-165
-182
-193
-198
-204
-213
-222
-220
-213
-212
-221
-236
-247
-246
-246
-259
-277
-288
-302
-323
-329
-316
-303
-307
-322
-344
-366
-375
-371
-370
-369
-367
-364
-364
-366
-366
-353
-324
-276
-216
-178
-174
-170
-141
-85
-9
78
159
216
252
276
300
340
403
482
560
617
634
610
565
539
549
592
636
652
630
578
518
472
447
442
451
458
455
432
389
332
277
242
237
255
272
267
229
166
91
31
2
5
23
29
10
-36
-93
-143
-168
-164
-140
-118
-117
-142
-185
-221
-234
-210
-162
-117
-102
-119
-147
-156
-145
-128
-119
-117
-108
-96
-91
-103
-123
-135
-137
-129
-118
-105
-104
-118
-143
-162
-164
-156
-155
-167
-185
-198
-207
-210
-210
-208
-210
-224
-243
-265
-283
-294
-298
-296
-295
-300
-310
-325
-343
-353
-356
-361
-375
-390
-393
-388
-392
-408
-421
-413
-385
-342
-299
-270
-255
-245
-220
-160
-74
13
100
183
250
301
342
367
396
463
556
638
696
711
669
610
600
645
713
771
786
729
626
538
502
518
560
596
603
564
486
404
337
298
303
344
375
356
290
207
130
86
84
100
101
73
21
-38
-94
-136
-160
-164
-149
-132
-127
-148
-192
-237
-247
-224
-198
-180
-166
-167
-193
-217
-228
-236
-231
-197
-150
-132
-159
-209
-246
-247
-216
-180
-165
-176
-206
-230
-241
-240
-222
-205
-193
-181
-185
-216
-244
-253
-244
-218
-205
-219
-244
-263
-279
-291
-289
-276
-274
-285
-299
-325
-357
-371
-363
-358
-376
-397
-413
-413
-399
-386
-398
-433
-450
-424
-357
-285
-240
-239
-262
-262
-209
-108
5
100
169
211
229
251
305
390
486
577
642
661
641
610
594
622
690
755
777
745
679
605
546
522
538
579
614
612
567
492
411
353
338
369
414
425
384
305
217
162
147
149
163
168
138
81
7
-64
-86
-55
-15
7
-17
-84
-135
-158
-165
-151
-124
-111
-102
-113
-153
-195
-219
-208
-171
-147
-140
-160
-217
-261
-279
-293
-291
-270
-245
-236
-257
-299
-335
-345
-317
-287
-274
-275
-283
-293
-313
-333
-322
-302
-291
-271
-260
-279
-313
-345
-348
-320
-298
-292
-304
-330
-343
-351
-363
-358
-347
-365
-377
-360
-343
-355
-392
-431
-445
-427
-379
-315
-268
-259
-268
-279
-265
-187
-65
45
129
174
178
202
262
353
470
574
641
688
705
675
625
606
650
741
828
858
820
736
650
593
594
643
699
719
691
627
544
469
430
429
456
494
505
443
347
256
198
193
217
229
223
187
105
17
-34
-60
-52
-11
12
-5
-39
-98
-160
-182
-164
-132
-103
-89
-105
-158
-218
-234
-214
-193
-180
-168
-162
-173
-200
-234
-263
-273
-249
-221
-217
-241
-298
-359
-377
-352
-292
-234
-237
-285
-330
-361
-360
-323
-288
-264
-261
-288
-325
-352
-358
-328
-287
-269
-279
-320
-368
-399
-414
-413
-406
-399
-412
-433
-467
-505
-499
-483
-470
-459
-484
-511
-504
-460
-399
-364
-360
-340
-300
-248
-158
-57
26
80
114
161
218
283
384
487
583
675
728
709
659
660
734
815
876
885
823
759
704
675
704
733
766
790
764
687
602
542
508
532
580
595
556
492
409
342
308
280
284
301
307
260
157
52
-4
14
30
26
4
-20
-50
-102
-141
-180
-186
-154
-137
-129
-133
-180
-254
-303
-302
-274
-247
-239
-273
-341
-377
-376
-356
-329
-335
-356
-365
-380
-417
-442
-444
-412
-350
-300
-305
-347
-384
-398
-384
-356
-318
-304
-306
-316
-335
-343
-338
-320
-324
-316
-278
-276
-294
-316
-331
-320
-301
-306
-339
-356
-361
-378
-375
-336
-304
-306
-344
-410
-449
-424
-363
-292
-251
-262
-279
-256
-196
-94
21
95
152
195
255
328
395
471
537
605
665
724
735
698
698
732
815
881
867
819
728
643
631
668
706
729
728
685
636
573
536
549
558
575
575
550
507
417
344
322
323
321
319
319
278
192
101
51
44
49
41
31
5
-36
-78
-112
-104
-83
-81
-116
-169
-195
-209
-223
-245
-269
-263
-261
-300
-347
-375
-406
-422
-417
-411
-383
-361
-380
-420
-468
-508
-486
-423
-373
-337
-339
-385
-405
-398
-394
-376
-342
-315
-301
-319
-358
-382
-367
-316
-288
-306
-322
-318
-325
-331
-323
-308
-289
-286
-288
-298
-334
-357
-360
-336
-266
-242
-293
-354
-424
-433
-334
-229
-169
-162
-216
-254
-232
-146
-12
108
192
226
238
277
325
399
519
633
713
751
737
692
659
679
746
821
881
879
813
730
646
625
689
737
739
736
681
569
490
469
474
492
508
495
449
393
342
296
277
265
241
225
189
115
45
-25
-63
-40
-21
-20
-41
-122
-190
-204
-221
-242
-239
-209
-167
-165
-216
-291
-352
-356
-325
-312
-324
-354
-400
-437
-442
-449
-451
-421
-401
-418
-441
-464
-480
-468
-438
-406
-383
-389
-387
-366
-359
-345
-297
-251
-229
-226
-240
-257
-261
-245
-225
-219
-205
-186
-202
-219
-212
-231
-257
-256
-229
-176
-156
-195
-238
-268
-275
-231
-189
-203
-231
-257
-288
-287
-242
-198
-162
-135
-143
-175
-181
-111
34
171
223
220
204
199
288
460
570
622
660
656
646
652
650
659
705
776
802
736
668
649
623
618
678
707
657
604
567
518
489
486
486
487
471
447
421
343
275
285
281
249
250
219
138
69
16
-8
6
-3
-39
-60
-69
-84
-140
-204
-189
-146
-152
-176
-194
-233
-278
-296
-288
-298
-319
-326
-347
-374
-388
-402
-408
-424
-449
-426
-388
-388
-391
-410
-447
-410
-347
-331
-304
-280
-302
-306
-284
-254
-216
-221
-247
-248
-239
-203
-166
-184
-201
-174
-154
-152
-152
-165
-165
-159
-165
-172
-182
-193
-192
-209
-242
-260
-266
-266
-260
-268
-298
-322
-314
-294
-284
-255
-192
-155
-185
-239
-235
-121
47
169
203
185
190
221
268
384
515
566
581
580
567
591
626
646
678
699
703
709
675
604
569
573
575
584
610
601
565
537
492
455
455
450
427
388
339
319
323
297
248
211
172
120
85
70
51
28
-1
-32
-54
-69
-105
-137
-134
-151
-194
-201
-204
-232
-250
-261
-283
-317
-346
-340
-329
-359
-381
-382
-414
-439
-400
-362
-359
-367
-376
-394
-413
-421
-395
-346
-310
-303
-297
-271
-258
-271
-287
-278
-251
-236
-220
-224
-230
-223
-212
-209
-201
-162
-134
-113
-146
-187
-168
-167
-139
-133
-167
-154
-160
-191
-213
-255
-277
-259
-254
-246
-237
-259
-299
-308
-239
-163
-137
-125
-126
-123
-87
-37
43
152
223
249
264
291
348
418
465
508
570
600
594
581
594
613
609
634
638
612
603
570
551
543
535
523
488
485
472
455
458
431
425
403
350
342
312
267
254
220
191
202
190
144
95
39
19
48
59
32
-14
-60
-82
-89
-101
-94
-122
-175
-163
-155
-197
-245
-265
-281
-296
-275
-300
-326
-313
-320
-315
-335
-368
-374
-383
-375
-358
-351
-368
-359
-331
-333
-298
-300
-324
-311
-315
-281
-248
-240
-219
-218
-241
-248
-218
-180
-164
-172
-160
-142
-168
-209
-200
-179
-178
-159
-156
-200
-213
-191
-207
-229
-226
-237
-243
-210
-187
-207
-250
-306
-331
-257
-160
-129
-128
-155
-194
-161
-75
13
89
150
176
207
257
282
318
404
514
543
539
566
555
572
602
630
685
629
560
570
599
650
628
570
523
466
486
504
457
429
405
402
421
373
317
297
269
243
203
203
233
196
142
93
32
23
51
57
52
27
-15
-44
-50
-49
-67
-99
-131
-157
-171
-177
-191
-207
-225
-246
-263
-280
-292
-300
-300
-303
-311
-326
-343
-359
-367
-368
-361
-348
-334
-321
-311
-306
-303
-299
-295
-290
-281
-273
-263
-260
-262
-272
-283
-291
-288
-280
-267
-255
-247
-245
-246
-254
-262
-263
-258
-254
-257
-272
-289
-293
-285
-279
-286
-300
-305
-289
-274
-292
-327
-350
-339
-289
-234
-215
-215
-212
-206
-171
-91
-21
23
104
177
213
276
332
349
385
482
588
554
434
409
380
535
1092
1349
675
-99
-44
614
1125
992
526
191
340
613
615
547
466
636
620
352
72
30
928
2364
2369
102
-1634
-825
1556
2469
910
-1212
-2286
333
4823
5608
845
-4399
-3831
270
3171
3709
2131
-577
-2568
-2571
-1395
263
1678
1383
-498
-1668
-1059
-573
-1655
-3256
-3262
-934
1569
1704
-300
-2612
-4008
-3706
-1703
1142
2929
1642
-1244
-4229
-4945
-309
4532
3628
-1046
-3764
-1812
1212
1154
-1390
-2381
-1004
-688
-1300
-1018
-1352
-2570
-3741
-3518
-957
433
-1258
-4368
-6412
-4331
556
4437
3880
-1784
-6564
-5328
1128
6551
5968
2120
-740
-154
2094
3278
4027
4843
5008
3830
2825
2964
3769
3989
3319
2627
2761
4289
4567
2969
732
-800
167
2264
3210
1680
-717
-1891
-1934
-1084
-51
233
-331
-1127
-2006
-2631
-2303
-1195
-283
-384
-1241
-1817
-1314
-236
241
-109
-380
147
1039
1295
632
29
348
1184
1761
1597
955
935
1466
1384
482
-329
-307
234
501
74
-1379
-2734
-1639
383
-209
-2725
-4140
-3990
-3565
-3392
-3833
-4080
-4096
-4344
-4592
-5181
-4861
-4700
-5501
-4762
-3711
-3673
-3398
-3401
-3891
-3830
-3236
-3111
-3537
-1624
2954
5931
4530
-1183
-5351
-1633
7175
12412
9583
3558
728
2587
6645
8854
8430
7652
7450
6672
5061
3903
4012
5132
5873
5525
4447
3256
2253
708
-668
-794
424
1508
651
-1997
-5101
-5570
-3901
-2407
-1750
-2759
-3987
-4920
-5546
-5374
-4540
-2901
-1477
-1681
-3020
-4216
-3606
-258
2277
1836
-257
-1325
963
4121
5356
4015
2464
2995
4511
5556
4940
3824
3639
4172
4511
3872
2826
2079
1802
1540
962
249
-140
-455
-1400
-2884
-3929
-3623
-2853
-3202
-4862
-6359
-6609
-5774
-5077
-5165
-5697
-6526
-6368
-5698
-5275
-5136
-5791
-5614
-4819
-3984
-3277
-3517
-3504
-4025
-3354
-1489
-1723
-2766
-5284
-3805
4592
10943
9626
-1106
-10247
-5312
8491
18294
14800
3561
-2830
-128
7036
10809
9973
8090
7154
7431
6019
3230
2328
3892
6876
7170
4702
2211
364
-261
-1430
-1581
385
2212
2061
-2103
-6633
-7728
-5105
-781
186
-1784
-4507
-6017
-5339
-4927
-3714
-1909
-462
-328
-2603
-4142
-3451
-578
2688
3898
2996
1031
187
1350
3319
4369
4430
4378
4267
3497
2267
2051
3107
4099
3825
2534
1175
302
-4
7
-243
-990
-1585
-1724
-2307
-4012
-5591
-5372
-3990
-3639
-4973
-6401
-6731
-6649
-6387
-5925
-5052
-4875
-5407
-5968
-5867
-5096
-4230
-3550
-3858
-4108
-3862
-2551
-2826
-4314
-5537
379
7422
9762
3353
-7556
-7265
2619
14269
15916
6486
-1733
-975
5959
10903
9610
7064
6857
8767
7941
3991
2011
3536
7215
8399
5508
2585
1189
1452
1304
-119
74
1364
2253
343
-4407
-6434
-4747
-863
710
-1882
-4372
-5647
-4722
-3499
-3088
-1950
-1592
-1399
-1945
-3542
-3556
-2362
1130
3718
3106
803
-1135
-96
1952
3816
4119
4224
3101
2345
1394
2150
3470
4609
4085
2285
374
-193
468
1162
800
-270
-1080
-1310
-1884
-3043
-4284
-4565
-3912
-3233
-3756
-5345
-6671
-6544
-5288
-4455
-4759
-5457
-5496
-5192
-5256
-5757
-5483
-3998
-2784
-2725
-3752
-4917
-6703
-5677
331
6524
7743
61
-8561
-7254
2867
12725
12894
4980
-1658
-759
5061
9225
9132
7137
6832
7307
6709
5058
3712
4763
7218
7816
5790
3202
2036
2255
1940
894
968
2279
2743
606
-3006
-4894
-3819
-1441
73
-755
-3236
-4976
-5292
-4737
-3599
-2483
-1579
-1297
-2542
-4163
-4098
-2255
-111
823
458
-80
-166
117
650
1611
2956
3894
3568
2092
775
1093
3016
4660
4393
2348
508
375
1481
2252
1596
324
-504
-715
-1276
-2399
-3398
-3341
-2520
-2657
-3706
-5559
-6089
-5062
-3724
-3248
-5074
-5887
-5703
-4925
-4561
-5492
-4933
-4406
-3539
-3457
-4448
-4836
-6403
-4056
2285
6238
4497
-4076
-9062
-3238
7243
13115
8391
23
-2630
1659
7666
9023
7231
5935
6668
7342
5379
3768
4130
6568
8850
7317
4409
2438
2346
3297
2587
1887
2033
2698
2134
-1125
-3724
-3810
-1307
795
69
-2248
-4819
-5024
-3827
-3126
-2640
-2498
-2201
-2294
-3608
-4639
-3308
-504
1192
288
-1868
-2359
-566
1761
2570
1753
992
1365
2255
2352
1632
1649
3121
4421
3575
1073
-342
803
2839
3190
1416
-520
-920
-536
-758
-1814
-2505
-2104
-1945
-2811
-4366
-5328
-4816
-3766
-3664
-4268
-5103
-5682
-4924
-4800
-4658
-4259
-4328
-3873
-4048
-3879
-4098
-4754
-5392
-3634
1980
5335
3357
-3801
-8429
-3415
6286
11983
8250
247
-3379
267
6376
8634
7459
5621
5342
5892
4873
3939
4712
6550
7931
6670
4048
2576
2458
3191
3352
2663
2430
1940
970
-720
-2588
-2079
-474
545
-528
-3040
-4096
-4064
-3382
-3238
-3062
-2181
-2048
-3060
-4864
-5156
-3184
-458
836
-438
-2584
-3336
-1758
753
2215
2040
1307
1093
1213
1212
1246
2018
3409
4125
3020
856
-81
1247
3265
3687
2060
-19
-815
-317
70
-470
-1355
-1750
-1767
-2242
-3471
-4492
-4220
-3146
-2795
-3606
-4615
-4991
-4788
-4386
-3968
-3574
-3411
-3669
-4006
-3919
-3785
-4333
-4804
-3080
1184
4527
2736
-3421
-7337
-3448
5603
11018
7644
-146
-3727
-31
6056
8609
7155
5233
4925
5105
4394
3619
4442
6540
7594
6177
3571
2070
2332
3154
3367
2916
2371
1946
1174
-347
-1899
-2002
-481
812
-41
-2426
-3995
-3727
-2752
-2554
-2903
-2844
-2421
-2621
-3544
-4153
-3393
-1516
-455
-755
-1950
-2290
-1115
-42
571
467
932
1835
1706
816
-74
808
2841
3892
2887
630
-503
530
2403
3108
2022
149
-755
-900
-758
-770
-933
-762
-1403
-2554
-3769
-4127
-3165
-2449
-2294
-3266
-4398
-4541
-4226
-3359
-3052
-3106
-3195
-3739
-3562
-3227
-2964
-3256
-4348
-3411
274
3801
3282
-1927
-6666
-4488
3540
9498
7997
876
-3876
-1541
4068
7524
7029
4646
3442
3601
3699
3669
4144
5459
6639
5978
3605
1572
1617
3140
4028
3463
2383
1665
1072
81
-835
-731
251
860
137
-1474
-2689
-2841
-2386
-2048
-1950
-1803
-1732
-2254
-3334
-3958
-3122
-1191
133
-417
-2123
-2967
-1871
116
1199
891
237
85
288
377
583
1427
2432
2578
1437
53
-137
1105
2368
2418
1317
39
-291
-412
-524
-552
-363
-13
-961
-2412
-3586
-3523
-2113
-1478
-2030
-3276
-3847
-3465
-2933
-2609
-2925
-3199
-2840
-2431
-2707
-3312
-3339
-2848
-2978
-3499
-2351
905
3697
2236
-3319
-6516
-2460
5175
8971
5578
-1431
-4353
-347
5343
7380
5665
3335
2903
3636
3697
3195
3549
5298
6461
5259
2966
1438
1706
3408
4064
2852
1696
1533
1577
823
-561
-1057
-90
1140
1041
-928
-3050
-3213
-1964
-1038
-1124
-1982
-2551
-2627
-3122
-3399
-2505
-1111
-292
-1092
-2976
-3407
-1577
738
1531
299
-1219
-1180
78
1121
1307
1211
1309
1173
571
29
368
1558
2420
2041
595
-691
-732
188
728
56
-1050
-1307
-1049
-1437
-2270
-2792
-2424
-1423
-1707
-2507
-3383
-3874
-3307
-2118
-1651
-2150
-2710
-3313
-2740
-2972
-2269
-2290
-2301
-4196
-3945
-199
3459
3262
-2747
-6810
-4211
3791
8352
6023
-670
-4190
-1327
4185
7020
5458
2974
2802
3846
3835
2896
3067
4981
6632
5372
2766
1614
2351
3793
4094
2854
1975
2257
2477
1427
-640
-1597
-111
1988
2124
-338
-2943
-3129
-1585
-370
-647
-1606
-2195
-2226
-2514
-3012
-3058
-1898
-1352
-662
-549
-1451
-1494
-2557
-1602
-132
1643
1730
734
-1017
-1456
-326
1526
2679
2422
467
-563
-359
992
2227
1723
570
-289
-677
-384
-368
-580
-568
-889
-1724
-2197
-2628
-2605
-1908
-2026
-2304
-2512
-3039
-2713
-2738
-2860
-2631
-2899
-2604
-2497
-2636
-2746
-3087
-3702
-4145
-1802
1961
3739
1054
-4806
-6892
-2109
5650
8723
4458
-1832
-4242
-328
5142
6739
5079
3086
2913
3247
3069
2991
3536
5307
6242
4894
2622
1528
2287
3315
3386
2760
2474
2558
1943
257
-1244
-864
1041
2365
1471
-1105
-2962
-2739
-1307
-305
-336
-998
-1772
-2812
-3592
-3068
-2068
-1060
-1355
-2557
-2033
-959
-364
-1010
-2442
-1907
620
2699
1851
-1272
-3188
-1407
2041
3599
2519
-38
-1295
-160
1453
1983
1541
1072
665
-186
-1201
-1440
-449
812
690
-1057
-2965
-3580
-2548
-1328
-1168
-1846
-2948
-3122
-2853
-3194
-2859
-2139
-1456
-1481
-2965
-3781
-3183
-2114
-2443
-3804
-2737
403
3310
1781
-4139
-6895
-2627
4995
7987
4047
-2306
-4495
-90
5142
6668
4652
2437
2491
3535
3597
2889
3242
4991
6164
4918
2671
1486
2477
3949
3846
3042
2443
2768
2297
496
-663
-137
1942
2924
1529
-1188
-2930
-2053
-447
275
-297
-1634
-2236
-2196
-2429
-2700
-1924
-991
-1162
-2540
-3525
-1508
677
488
-1203
-3217
-2390
1042
3185
1830
-1500
-3087
-737
2754
3144
1196
-550
-575
828
1546
970
658
1045
1112
-145
-1947
-1673
56
1376
146
-2930
-3998
-2775
-657
-504
-2234
-3323
-2852
-1950
-2396
-2745
-2892
-2319
-1641
-2643
-3654
-3475
-2373
-2333
-3300
-3028
-744
1973
1491
-2822
-6104
-3374
3347
7147
4191
-1984
-4235
-338
4939
6379
4240
2067
2026
3393
3879
2887
2584
4262
5859
5222
3053
1509
1794
3219
3989
3300
2333
2069
1812
751
-299
34
1607
2648
1538
-1011
-2611
-1827
-94
564
-273
-1540
-1951
-1910
-1756
-1885
-1904
-1379
-1173
-1862
-3148
-2150
444
1217
-358
-3169
-3424
-1
3278
2922
-490
-2967
-1460
1954
2808
1238
-361
-579
650
1307
564
129
467
829
224
-1590
-1740
-182
655
-191
-2419
-3362
-2305
-680
-538
-2156
-3125
-3007
-2136
-1638
-2154
-2388
-2270
-2159
-2692
-3187
-2709
-2201
-2308
-3556
-3361
-247
2362
1667
-2764
-6159
-3152
3721
7090
3738
-2207
-4251
-320
4793
6096
3795
1315
1574
3598
4069
2722
2331
3886
5486
5055
2921
1279
1524
3090
4144
3600
2538
2146
1932
1015
-5
235
1679
2740
1887
-326
-1921
-1360
166
510
-347
-1424
-1528
-1323
-1534
-2056
-1952
-1046
-935
-1857
-3162
-1731
937
1006
-981
-3876
-3563
382
3489
2407
-1780
-3785
-1670
2068
3089
1027
-1000
-1302
379
1405
588
-159
-93
686
254
-1705
-1889
-608
354
98
-1916
-3272
-2719
-1220
-539
-1514
-2600
-2841
-2413
-2329
-2678
-2554
-2111
-1934
-2394
-2983
-3040
-2935
-3255
-3046
-902
1676
1342
-2413
-5766
-4410
1391
6151
4897
-732
-4049
-1558
3261
5472
3962
1595
1640
3320
3830
2929
2102
2818
4829
5495
3869
1917
1326
2318
3575
3642
2899
2356
2060
1385
328
100
1237
2395
2069
280
-1406
-1457
-171
691
142
-931
-1356
-1177
-1004
-1082
-1242
-1212
-1002
-969
-1256
-1493
-1360
-995
-659
-420
-332
-526
-955
-1160
-771
8
683
790
101
-935
-1154
-150
1013
1169
331
-633
-823
-141
320
-147
-1022
-1175
-716
-449
-779
-1839
-2391
-2055
-1492
-1207
-1292
-1865
-2705
-2614
-2291
-1846
-1688
-2380
-2313
-2428
-2612
-2527
-3197
-2582
-744
1016
1165
-1960
-4758
-3434
1296
5013
4070
-222
-3088
-1115
2750
4531
3631
1742
1556
2903
3391
2588
2241
3119
4367
4580
3368
2082
1908
2679
3328
3257
2823
2468
2097
1408
639
574
1453
2172
1628
146
-942
-719
100
254
-188
-509
-421
-437
-1295
-2091
-1658
-577
225
-254
-2001
-2723
-1502
6
422
-492
-1526
-1291
-468
-279
-653
-696
16
636
200
-937
-1379
-357
1166
1429
131
-1256
-1309
-199
454
-208
-1399
-1648
-855
-195
-591
-1786
-2265
-1846
-1086
-1055
-1925
-2439
-2394
-1800
-1749
-2147
-2388
-2512
-1864
-1850
-2461
-3338
-4205
-2478
376
2001
1065
-2998
-5372
-2802
2263
4882
2744
-1244
-2853
-366
3113
4013
2475
1405
2262
3307
3176
2210
1932
3092
4525
4586
3221
2005
2060
2749
3099
2979
2659
2689
2243
1190
591
698
1773
2220
1310
169
-759
-292
364
229
-54
-675
-402
-345
-958
-1503
-1754
-599
183
-175
-1486
-2405
-1419
-21
548
-379
-1384
-1198
-433
-48
-491
-780
-350
282
170
-629
-1059
-464
641
892
-35
-1074
-1087
-189
349
-202
-1305
-1634
-998
-404
-695
-1731
-2267
-2002
-1115
-883
-1855
-2472
-2273
-1649
-1827
-2299
-2358
-2316
-1622
-1653
-2256
-2988
-3688
-1935
653
1390
-341
-3616
-4231
-1011
3023
4133
1039
-2387
-2011
1776
4207
3098
1194
942
2876
4067
2963
1631
1632
3574
4965
4294
2663
1403
1934
3035
3446
3051
2305
1961
1665
1206
894
1148
1768
1844
866
-308
-484
260
727
141
-627
-761
-385
-279
-1173
-1893
-1174
11
355
-688
-2397
-2469
-642
767
444
-1103
-2118
-1331
85
439
-254
-875
-560
122
61
-458
-570
-82
602
351
-802
-1192
-598
124
251
-715
-1768
-1521
-721
-566
-1107
-1913
-1942
-1372
-1192
-1791
-2301
-2209
-1803
-1377
-1947
-2426
-2688
-2395
-1706
-1846
-2164
-3562
-3014
-219
1162
514
-2640
-4609
-2312
2196
4547
2424
-1664
-2941
455
4044
4198
2057
707
1929
3687
3448
2048
1720
2966
4484
4370
2733
1542
1892
3105
3668
3206
2518
2075
1720
1316
1114
1406
1929
2025
1227
-77
-675
8
935
826
-137
-775
-608
-280
-558
-1278
-1372
-341
639
68
-1684
-2635
-1591
378
1150
-11
-1670
-2020
-951
176
375
-4
-212
-250
-593
-1132
-984
181
1242
876
-717
-1871
-1374
3
585
-269
-1490
-1664
-1007
-714
-1230
-1988
-1923
-1105
-948
-1795
-2924
-3080
-1809
-1120
-1732
-2305
-2535
-2428
-1912
-1984
-2738
-3279
-2468
-28
1285
58
-3019
-4874
-2054
2682
4830
2143
-2649
-3532
493
4813
4529
1380
139
1791
4106
3769
1783
1081
2527
4982
4926
2527
632
1039
3283
4265
3399
2091
1554
1564
1254
1132
1566
2085
2001
1154
-178
-804
-131
817
891
274
-373
-830
-989
-1199
-923
-368
218
213
-1048
-1873
-1808
-615
524
179
-696
-1359
-911
-174
-173
-510
-524
210
761
221
-1011
-1449
-428
1052
1251
-114
-1456
-1409
-299
207
-511
-1467
-1485
-893
-803
-1625
-2410
-2133
-1291
-757
-1486
-2484
-2739
-2256
-1396
-1507
-2107
-2641
-2347
-1751
-2162
-2935
-3638
-2169
956
1909
-461
-4342
-5173
-661
4588
4987
455
-3936
-2647
2650
5223
3268
461
556
3130
4421
2877
870
1363
4209
5900
4233
1400
737
2515
4110
3776
2554
2084
2347
2138
1132
486
1086
2316
2630
1237
-685
-1264
-141
1151
1022
-163
-926
-747
-461
-1038
-1691
-1017
266
666
-441
-2377
-2802
-1091
550
678
-592
-1889
-1604
-488
-113
-349
-422
-59
175
-352
-1112
-1145
-279
701
783
-115
-1089
-1240
-585
-116
-519
-1227
-1263
-879
-1018
-1901
-2535
-2001
-968
-719
-1806
-3071
-2993
-1948
-1477
-1817
-2434
-2693
-2148
-2068
-2563
-3531
-3461
-635
1579
975
-2287
-5225
-3362
1879
5013
2867
-1765
-3530
-289
3906
4301
1842
271
1786
4161
3901
1576
596
2575
5282
5455
2909
611
860
2901
4197
3618
2317
1720
1936
1917
1196
651
1173
2271
2407
972
-771
-1167
3
1115
782
-268
-822
-703
-517
-1037
-1690
-1144
125
540
-501
-2108
-2551
-1252
373
663
-474
-1541
-1402
-640
-239
-261
-263
-49
79
-191
-649
-752
-248
386
459
-103
-602
-580
-392
-609
-1068
-992
-438
-273
-1089
-2185
-2511
-1721
-823
-987
-1933
-2854
-2597
-1874
-1666
-2122
-2737
-2187
-1675
-2060
-3476
-4149
-1713
1261
1646
-1331
-4791
-4220
511
4558
3648
-790
-3457
-961
3544
4646
2031
-165
1160
4205
4791
2400
441
1407
4374
5870
4092
1467
895
2404
3866
3680
2547
1963
2098
2121
1520
793
845
1681
2176
1361
-132
-724
-99
519
388
-5
-206
-387
-677
-873
-994
-1142
-973
-532
-481
-967
-1624
-1863
-1271
-480
-192
-352
-852
-1288
-1067
-314
314
154
-636
-1000
-519
118
204
-261
-724
-718
-254
180
-51
-932
-1599
-1312
-525
-425
-1225
-1946
-1890
-1434
-1369
-1871
-2370
-2374
-1949
-1565
-1924
-2837
-2970
-2137
-1435
-1696
-3260
-4359
-2596
611
1907
-318
-4407
-5250
-812
4085
4409
194
-3620
-2100
2760
4917
2814
39
452
3569
4917
2923
908
1460
3872
5463
4317
2065
1293
2231
3671
4004
2920
2061
2092
2172
1763
1094
1053
1788
2123
1457
348
-317
-12
566
428
-94
-361
-463
-596
-875
-1119
-883
-466
-526
-993
-1331
-1210
-912
-864
-947
-842
-566
-451
-746
-1085
-801
28
388
-323
-1220
-1071
-58
591
201
-716
-1152
-661
188
301
-510
-1284
-1164
-520
-392
-1013
-1653
-1652
-1285
-1179
-1685
-2203
-2269
-1998
-1713
-1989
-2437
-2609
-2023
-1684
-2327
-3330
-3921
-1915
754
1019
-1220
-4400
-4275
-76
3699
3146
-568
-2995
-1165
2880
4039
1868
129
1284
3963
4565
2398
661
1712
4293
5430
3852
1765
1530
2667
3679
3664
2819
2324
2394
2181
1562
1080
1377
2156
2062
960
-83
-268
449
873
342
-184
-267
-243
-394
-951
-1260
-824
-412
-496
-886
-1375
-1432
-1077
-957
-924
-736
-648
-710
-1032
-1312
-811
80
344
-283
-1210
-1317
-337
548
349
-608
-1169
-701
8
-60
-838
-1478
-1200
-458
-500
-1297
-1902
-1916
-1367
-942
-1454
-2356
-2633
-2168
-1629
-1867
-2641
-2801
-2202
-1691
-2198
-3739
-3917
-1167
1637
1091
-2682
-5783
-3556
2356
5088
2076
-2766
-3724
665
4934
4145
569
-512
2388
5342
4343
1071
132
2852
6055
5799
2468
414
1716
4141
4852
3326
1741
1969
2857
2665
1496
701
1370
2545
2386
944
-277
-183
771
1095
444
-195
-295
-289
-685
-1173
-1048
-334
36
-607
-1566
-1654
-905
-293
-446
-1116
-1382
-814
-312
-735
-1278
-738
290
313
-796
-1718
-1249
194
946
169
-1212
-1600
-683
185
-30
-993
-1676
-1277
-521
-735
-1622
-2056
-1742
-1177
-1171
-1904
-2529
-2438
-1965
-1817
-2263
-2651
-2434
-2031
-2078
-2966
-3736
-2392
347
1240
-1119
-4562
-4681
-194
4034
3370
-927
-3617
-1192
3341
4385
1708
-320
1178
4357
4844
1976
-57
1580
5020
6377
4102
1024
661
2698
4440
4213
2630
1794
2309
2571
1775
941
1203
2308
2621
1381
-178
-694
67
1056
898
7
-383
-409
-621
-1027
-1184
-554
155
-232
-1421
-2171
-1590
-218
182
-727
-1592
-1659
-903
-118
-461
-1155
-931
-315
-64
-487
-1142
-830
-8
109
-343
-922
-987
-327
-17
-563
-1325
-1561
-941
-345
-794
-1726
-2093
-1817
-1382
-1287
-1692
-2083
-2016
-1942
-2281
-2479
-2132
-1736
-1748
-2575
-3866
-3416
-622
1523
531
-2893
-5079
-2597
2352
4170
1175
-2830
-2687
1668
4480
2649
-283
21
3320
5282
3247
314
537
3444
5674
4731
1803
701
2371
4101
3960
2522
1737
2445
3131
2445
1151
824
1773
2575
2049
695
-156
146
825
766
83
-271
-33
-44
-723
-1300
-1040
-87
451
-365
-1714
-2036
-905
375
135
-1127
-1806
-1481
-483
63
-507
-894
-515
-285
-529
-997
-975
-95
496
-96
-1102
-1450
-907
-153
-120
-897
-1658
-1617
-975
-866
-1506
-1985
-1919
-1512
-1427
-1918
-2108
-2007
-2027
-1987
-2296
-2423
-1870
-1731
-2089
-3006
-3859
-2150
847
1288
-1303
-4500
-4295
255
3896
2663
-1391
-3474
-706
3622
3912
761
-838
1277
4511
4559
1435
-200
1752
4786
5509
3041
651
1247
3330
4333
3404
1772
1641
2658
2788
1881
1018
1128
2121
2362
1256
182
-30
510
1104
754
-8
-47
60
-436
-1042
-1001
-194
416
-145
-1383
-2033
-1281
213
545
-676
-1765
-1585
-450
207
-504
-1137
-640
-45
-134
-801
-1220
-490
517
386
-649
-1474
-1219
-201
184
-597
-1581
-1690
-1007
-543
-971
-1663
-1970
-1675
-1314
-1695
-2053
-1989
-1798
-1750
-2227
-2806
-2279
-1322
-1515
-2358
-3814
-3476
-260
1676
473
-2950
-4960
-2296
2495
3991
905
-2626
-2432
1637
4355
2469
-375
-51
3115
4993
2974
63
384
3321
5420
4397
1490
513
2262
3963
3870
2369
1321
1994
2916
2365
1155
674
1338
2398
1991
632
-81
101
797
869
300
-122
90
167
-634
-1217
-825
238
452
-732
-1824
-1734
-409
597
-152
-1426
-1694
-1104
-265
-177
-807
-830
-452
-413
-724
-1199
-988
19
452
-254
-1276
-1572
-750
146
2
-959
-1811
-1659
-862
-833
-1497
-1822
-1815
-1592
-1647
-2085
-2057
-1780
-1761
-2027
-2496
-2690
-2032
-1438
-1765
-2779
-3815
-2259
954
1439
-1299
-4425
-4076
421
3993
2576
-1358
-3158
-656
3629
4157
1003
-715
1093
4159
4521
1693
64
1926
4714
5224
2860
539
1158
3432
4377
3186
1496
1379
2456
2648
1601
814
1109
2033
2244
1099
-23
-203
550
1244
754
-216
-466
126
131
-548
-977
-696
273
270
-890
-1752
-1514
-313
473
-87
-1103
-1375
-905
-271
-167
-466
-391
-227
-480
-874
-941
-296
572
372
-690
-1374
-1056
-47
249
-521
-1260
-1352
-1014
-792
-1146
-1479
-1441
-1471
-1405
-1717
-2140
-2014
-1606
-1458
-2074
-2757
-2723
-1625
-1149
-2017
-3006
-3535
-1749
924
1109
-1394
-4160
-3660
393
3721
2515
-1314
-3152
-690
3457
4053
1022
-864
995
4168
4451
1511
-292
1540
4514
5213
2842
387
940
3158
4098
3134
1563
1276
2362
2726
1643
557
752
1917
2367
1291
0
-218
425
1012
754
-52
-291
23
-91
-708
-976
-467
152
-9
-873
-1541
-1269
-341
85
-502
-1204
-1113
-548
-380
-705
-784
-283
123
-325
-1190
-1188
-122
677
251
-885
-1446
-819
41
-22
-817
-1474
-1401
-786
-699
-1404
-1792
-1475
-1147
-1363
-2103
-2400
-1704
-1128
-1472
-2375
-2845
-1971
-941
-1279
-2347
-3270
-2940
-618
1239
195
-2593
-4187
-2193
1979
3451
763
-2413
-2392
1071
3963
2719
-137
-271
2303
4321
3189
597
436
2796
4728
4239
1819
419
1683
3502
3634
2317
1296
1756
2593
2213
1207
883
1385
2018
1896
1020
286
138
524
964
703
115
-45
-119
-371
-544
-487
-44
200
-459
-1213
-1248
-831
-298
-150
-520
-736
-689
-732
-829
-705
-140
348
-88
-1074
-1425
-719
292
454
-371
-1178
-1212
-535
-10
-497
-1326
-1375
-874
-658
-1159
-1784
-1595
-1100
-1162
-1654
-2188
-2122
-1369
-1057
-1614
-2303
-2443
-1760
-1035
-1386
-2478
-3147
-2312
-27
1206
-351
-2915
-3661
-1167
2414
2830
-15
-2318
-1526
1617
3330
1702
-227
364
2640
3819
2183
34
713
3336
4669
3458
1152
439
2035
3612
3348
1947
1148
1737
2478
1969
935
786
1541
2068
1581
565
-37
145
735
910
406
-79
-68
59
-160
-502
-382
124
209
-389
-940
-857
-494
-382
-477
-568
-632
-615
-714
-959
-735
-86
132
-353
-1121
-1269
-381
447
216
-694
-1273
-876
-124
-47
-613
-1095
-1050
-706
-661
-1013
-1345
-1305
-1003
-1021
-1380
-1812
-1885
-1417
-1171
-1339
-1821
-2197
-1806
-1416
-1555
-2075
-2439
-2229
-236
774
-477
-2552
-3325
-897
2090
2736
-265
-2179
-1743
1831
3379
1960
-199
354
2434
3734
2357
380
986
3213
4200
3136
1101
719
2102
3267
2969
1894
1266
1763
2227
1553
899
1012
1557
2009
1344
360
-63
233
835
861
428
-75
-159
-65
-228
-396
-369
-51
56
-400
-924
-956
-510
-72
-178
-591
-789
-799
-628
-579
-672
-350
-98
-533
-1101
-1165
-528
234
117
-568
-992
-982
-589
-316
-556
-918
-1114
-1134
-950
-1039
-1298
-1257
-1235
-1323
-1437
-1581
-1724
-1738
-1653
-1589
-1601
-1852
-1739
-1541
-1887
-2150
-2372
-1541
370
483
-1194
-2766
-2770
-154
2594
2178
-586
-2327
-979
2177
3239
1226
-285
710
2829
3432
1537
96
1444
3598
4058
2593
835
914
2494
3321
2668
1551
1263
1961
2206
1407
649
728
1530
1983
1212
108
-223
254
928
871
163
-242
-203
-89
-133
-274
-123
115
-150
-649
-808
-605
-388
-495
-604
-426
-444
-623
-704
-867
-596
38
8
-561
-1048
-1016
-223
320
-113
-752
-923
-645
-323
-328
-576
-865
-977
-890
-896
-1011
-1116
-1111
-1080
-1236
-1372
-1438
-1520
-1539
-1482
-1372
-1394
-1641
-1639
-1473
-1491
-1483
-1985
-1772
-161
489
-322
-1961
-2759
-796
1996
2226
-13
-1817
-1269
1346
2881
1533
-33
386
2234
3258
1885
219
972
3033
3949
2700
656
620
2235
3082
2662
1586
1050
1642
2053
1503
718
616
1363
1853
1290
306
-199
161
855
971
404
-216
-371
-178
-96
-248
-409
-411
-333
-385
-556
-653
-595
-464
-374
-362
-454
-647
-769
-580
-141
107
-187
-750
-963
-654
-258
-140
-259
-473
-635
-684
-644
-598
-595
-751
-1013
-1087
-1030
-1069
-1135
-1095
-1150
-1257
-1264
-1243
-1404
-1696
-1559
-1275
-1213
-1492
-1738
-1602
-1454
-1213
-1693
-2027
-668
519
120
-1415
-2743
-1644
1420
2493
601
-1460
-1598
824
3051
2050
3
42
1836
3191
2277
269
323
2401
3796
3166
1190
300
1550
2872
2775
1774
995
1233
2094
1870
841
594
1074
1894
1592
271
-193
207
893
1093
438
-227
-88
200
26
-123
-142
1
36
-410
-801
-544
15
125
-379
-859
-684
-168
-34
-432
-754
-522
-137
-193
-651
-947
-682
-113
113
-319
-1025
-1227
-704
-192
-386
-1036
-1440
-1180
-673
-751
-1260
-1465
-1239
-958
-923
-1398
-1701
-1399
-1191
-1053
-1186
-1612
-1679
-1262
-1112
-1212
-1376
-1717
-720
381
-50
-1185
-2121
-1203
984
1992
640
-1216
-1277
538
2419
1804
163
164
1546
2685
2051
541
484
1951
3109
2821
1310
427
1260
2374
2546
1842
1023
1071
1699
1642
922
495
822
1548
1533
512
-236
5
701
1056
598
-133
-325
-117
156
291
48
-260
-384
-453
-307
-122
-185
-302
-525
-637
-305
-163
-450
-594
-484
-241
-164
-488
-758
-704
-438
-76
-129
-686
-925
-698
-474
-442
-726
-983
-988
-914
-723
-744
-1332
-1563
-1111
-822
-793
-1217
-1642
-1514
-1162
-920
-1130
-1377
-1483
-1307
-1004
-1039
-1280
-1657
-1025
294
361
-661
-1801
-1703
265
1954
1336
-611
-1345
-14
1860
2181
836
51
913
2215
2311
1095
407
1368
2732
2888
1795
603
743
2059
2676
2008
1148
937
1422
1703
1195
728
885
1308
1373
711
72
172
637
960
695
-20
-197
183
288
66
-109
-69
30
-75
-282
-358
-363
-331
-302
-473
-531
-459
-409
-262
-485
-714
-451
-241
-380
-795
-950
-560
-205
-346
-856
-1056
-752
-521
-620
-981
-1149
-910
-741
-872
-1284
-1421
-1079
-759
-767
-1194
-1442
-1312
-984
-799
-1111
-1364
-1378
-1039
-591
-728
-1236
-1512
-770
333
343
-593
-1575
-1261
396
1530
852
-681
-921
383
1799
1686
365
46
1133
2229
1989
794
393
1382
2484
2427
1351
479
989
2083
2165
1362
807
987
1492
1431
753
458
820
1308
1122
405
9
213
797
872
298
-250
-192
321
452
126
-249
-313
-93
139
-45
-436
-423
-165
-63
-414
-674
-491
-213
-128
-466
-728
-597
-338
-345
-669
-818
-594
-307
-368
-772
-1073
-881
-489
-514
-893
-1094
-961
-765
-792
-1104
-1359
-1029
-483
-551
-1173
-1558
-1255
-640
-308
-706
-1345
-1363
-844
-355
-446
-1098
-1513
-544
808
392
-987
-1602
-747
1001
1553
384
-719
-488
748
1667
1277
386
346
1267
2069
1589
484
563
1746
2367
1872
969
648
1303
1966
1701
1030
822
1129
1395
1175
718
590
885
1136
851
275
129
470
761
681
246
-123
-17
244
199
-52
-167
-26
73
-137
-420
-430
-187
-50
-259
-561
-604
-436
-320
-400
-578
-617
-462
-396
-658
-962
-844
-451
-347
-671
-1018
-1027
-791
-602
-671
-909
-993
-901
-863
-939
-1075
-1070
-838
-704
-883
-1199
-1210
-873
-720
-792
-912
-1157
-1069
-600
-481
-826
-1182
-873
106
454
-344
-1187
-1002
257
1260
819
-294
-617
267
1449
1489
476
76
918
1886
1816
843
323
1047
2062
2177
1382
637
821
1579
1843
1428
952
912
1219
1246
809
513
702
1061
1099
614
96
155
575
747
482
58
-63
181
308
95
-139
-105
100
88
-239
-477
-368
-132
-81
-349
-641
-553
-296
-350
-630
-699
-445
-264
-470
-834
-917
-613
-302
-393
-793
-1057
-924
-604
-517
-782
-1079
-979
-633
-647
-982
-1114
-966
-705
-572
-789
-1081
-1037
-748
-616
-751
-828
-725
-598
-541
-696
-877
-602
-44
200
-80
-687
-876
-60
936
867
36
-319
201
1021
1281
702
205
662
1513
1688
1053
494
803
1615
1935
1446
835
865
1308
1473
1286
1013
887
1043
1175
951
639
618
807
859
642
366
238
285
411
409
245
158
144
32
-110
-143
-41
85
-10
-308
-479
-386
-232
-245
-392
-485
-466
-421
-470
-610
-648
-462
-339
-524
-856
-943
-686
-411
-474
-781
-955
-889
-706
-674
-788
-878
-881
-780
-812
-902
-918
-836
-769
-754
-671
-758
-812
-714
-683
-651
-663
-647
-525
-445
-558
-660
-520
-259
33
7
-335
-397
-144
295
679
513
126
208
680
973
889
655
643
1056
1391
1277
979
840
1139
1543
1503
1177
977
1102
1254
1163
1067
1033
1028
1007
888
745
632
709
862
745
459
277
283
403
494
375
128
0
-28
42
90
-17
-104
-113
-105
-190
-331
-322
-234
-182
-290
-485
-491
-432
-369
-397
-550
-599
-597
-582
-591
-702
-792
-693
-631
-751
-863
-905
-793
-743
-818
-831
-876
-884
-855
-890
-917
-867
-811
-724
-712
-813
-729
-644
-668
-596
-504
-454
-441
-441
-447
-396
-318
31
114
-142
-314
-182
359
704
612
106
154
497
1032
1019
786
590
890
1264
1228
867
794
1141
1423
1244
868
767
1026
1212
1128
885
763
816
919
838
590
468
595
716
570
257
105
258
481
422
98
-120
-31
148
124
-73
-180
-105
-45
-188
-404
-429
-226
-81
-201
-496
-655
-537
-333
-266
-427
-596
-605
-486
-490
-650
-748
-677
-486
-629
-831
-959
-833
-626
-757
-826
-970
-783
-709
-784
-771
-845
-617
-628
-689
-718
-753
-530
-379
-384
-678
-647
-377
-253
-218
-538
-372
-312
311
307
-101
-335
-112
489
732
665
246
99
562
1032
1109
773
606
783
1221
1349
967
683
976
1417
1376
977
688
837
1207
1279
967
637
619
846
980
800
448
304
510
702
594
336
155
142
244
332
268
42
-62
36
15
-112
-167
-196
-162
-143
-259
-366
-390
-384
-379
-430
-495
-519
-538
-545
-547
-563
-582
-621
-729
-838
-766
-574
-606
-863
-983
-848
-687
-681
-794
-914
-894
-695
-606
-740
-884
-902
-684
-408
-526
-788
-685
-444
-357
-379
-461
-446
-309
-274
-337
-354
-193
193
364
-15
-358
-94
517
880
653
163
94
553
989
960
648
546
825
1183
1157
763
619
992
1334
1200
813
599
745
1069
1146
826
520
582
804
814
596
414
437
549
546
417
319
310
291
209
134
104
109
101
33
-74
-97
-19
-18
-169
-316
-286
-234
-231
-321
-467
-471
-408
-366
-508
-679
-661
-549
-492
-636
-792
-798
-665
-598
-733
-884
-848
-667
-588
-672
-900
-895
-655
-570
-569
-708
-807
-577
-369
-457
-517
-509
-477
-232
-176
-369
-388
-262
-82
11
-183
-430
-155
327
299
71
-122
-211
311
892
669
139
58
431
907
1044
680
391
645
1067
1083
754
572
716
1015
1162
871
454
544
963
1085
807
475
446
698
821
625
377
278
439
623
469
268
193
192
274
217
84
76
106
54
-47
-91
-137
-129
-106
-251
-366
-332
-235
-204
-372
-529
-497
-402
-408
-584
-755
-695
-530
-493
-645
-880
-902
-678
-582
-722
-875
-860
-743
-672
-706
-779
-739
-625
-501
-492
-586
-655
-546
-292
-322
-470
-484
-371
-207
-189
-230
-276
-234
-107
43
-29
-314
-137
352
482
176
-164
-49
459
806
678
341
140
336
791
849
571
414
552
856
890
698
594
741
903
879
758
574
609
787
854
724
512
494
596
651
510
395
494
534
404
249
227
353
452
324
114
24
80
173
84
-128
-128
27
-10
-184
-361
-376
-211
-195
-313
-491
-583
-474
-389
-447
-602
-724
-648
-481
-546
-776
-840
-629
-493
-598
-729
-859
-725
-480
-464
-580
-748
-673
-436
-353
-399
-568
-542
-267
-160
-332
-447
-273
-118
-5
-87
-272
-214
-87
84
44
-103
-136
-15
213
286
202
-11
26
282
491
541
345
206
325
646
704
549
507
585
760
796
644
514
587
729
800
711
560
569
667
755
659
497
473
541
621
564
437
356
346
371
353
261
178
160
127
114
80
-16
-42
-56
-126
-166
-217
-318
-380
-388
-321
-312
-472
-605
-606
-572
-542
-542
-692
-820
-785
-615
-471
-628
-819
-803
-650
-484
-494
-651
-709
-519
-354
-369
-470
-560
-407
-159
-208
-396
-399
-255
-50
6
-129
-168
-112
-65
43
114
-16
-57
59
137
167
82
59
127
222
315
280
181
132
279
475
459
338
347
486
531
491
537
635
646
599
583
601
669
759
783
673
593
699
821
781
651
587
646
692
577
437
375
371
394
371
263
128
93
84
38
-108
-216
-164
-187
-300
-444
-422
-382
-529
-656
-717
-617
-583
-674
-747
-782
-696
-633
-676
-753
-765
-674
-500
-547
-752
-702
-545
-404
-351
-427
-473
-333
-210
-268
-225
-196
-205
-75
-4
-110
-207
-164
-6
75
-37
-75
-33
31
108
135
92
-35
17
160
225
165
93
174
212
257
302
356
392
333
338
379
459
504
469
444
477
530
570
614
593
573
619
631
587
551
530
534
567
550
483
426
377
357
382
355
252
198
188
92
-13
-20
-7
-68
-181
-315
-364
-316
-352
-404
-465
-564
-611
-547
-517
-590
-682
-671
-646
-583
-507
-553
-538
-570
-356
-453
-522
-489
-407
-285
-305
-234
-339
-264
-178
-104
-94
-207
-142
-52
26
-26
-18
-66
-35
59
162
139
56
-2
108
170
161
164
91
155
302
304
198
74
177
304
209
110
127
112
113
234
310
221
121
195
261
272
238
167
238
361
377
224
211
311
375
469
358
225
216
305
375
309
244
241
253
164
216
319
215
97
46
87
89
33
7
-71
-109
-57
-136
-292
-341
-226
-157
-297
-355
-456
-455
-243
-271
-369
-406
-371
-387
-393
-371
-456
-388
-302
-319
-418
-382
-344
-301
-139
-193
-197
-218
-232
-153
-83
-110
-204
-111
-76
43
70
-75
-47
94
181
16
15
79
6
100
131
47
41
117
151
129
165
116
38
73
136
223
224
139
77
128
245
244
191
130
130
238
264
232
212
150
201
266
218
267
248
172
265
373
330
230
278
297
150
75
201
292
219
107
55
111
188
176
45
-89
-60
-25
-70
-84
-205
-201
-171
-211
-302
-267
-262
-269
-302
-354
-268
-293
-257
-266
-290
-319
-289
-211
-218
-300
-320
-215
-132
-137
-193
-208
-154
-104
-78
-107
-115
-132
-82
-48
10
52
17
34
-19
20
13
63
52
33
62
43
30
49
58
43
51
17
66
51
51
74
51
40
99
128
123
113
101
131
178
189
193
154
128
196
253
235
208
183
198
271
312
257
182
134
162
191
224
202
107
98
112
115
86
96
37
27
-11
-8
-38
-68
-76
-80
-125
-155
-160
-183
-203
-182
-176
-225
-267
-221
-174
-200
-236
-231
-219
-218
-185
-139
-148
-208
-201
-120
-88
-99
-146
-150
-88
-57
-24
-40
-85
-56
-6
12
-3
-43
-93
-41
60
64
17
-7
-11
25
70
55
28
24
26
36
30
12
12
94
138
68
7
-39
22
147
141
71
44
96
143
102
74
84
91
98
104
106
150
155
109
138
126
103
135
107
88
92
85
99
93
59
19
21
44
57
70
55
39
5
-61
-64
8
52
15
-51
-86
-58
-5
2
-22
-67
-120
-114
-71
-68
-101
-90
-60
-47
-36
-52
-79
-65
-18
-47
-110
-84
-62
-33
-15
-74
-66
-59
-64
-33
-62
-62
-68
-74
-14
-19
-24
-43
-78
-47
-23
-10
-48
-58
-14
-15
-1
-21
-47
-38
-38
-32
-14
13
33
33
-3
-22
-1
25
28
22
21
42
64
53
64
49
52
63
68
106
54
28
43
75
124
86
72
86
104
101
74
52
33
59
89
70
48
45
35
33
36
30
50
68
54
8
-16
27
55
0
-52
-59
-60
-30
19
17
-34
-65
-33
22
8
-52
-53
-5
15
-31
-81
-66
-15
28
26
-54
-121
-76
5
21
-57
-135
-107
-53
-62
-77
-78
-65
-10
-8
-92
-140
-106
-26
38
-19
-135
-133
-50
-5
-33
-61
-53
-46
-33
-33
-51
-61
23
72
25
18
-15
15
56
46
38
11
58
109
112
103
86
81
75
77
84
115
124
111
101
81
91
118
112
95
89
97
101
52
18
45
65
68
48
2
-14
-9
12
39
18
-24
-54
-43
-4
9
-4
-37
-85
-69
-18
2
35
-5
-22
-18
-58
-40
-49
6
70
19
-36
-94
-82
-19
20
10
-38
-100
-121
-50
-30
-46
-39
-77
-90
-104
-84
-28
0
-4
-78
-115
-115
-36
45
-13
-56
-80
-44
7
-40
-43
19
35
16
-13
-40
12
68
82
31
-33
-13
41
89
55
30
42
59
109
61
34
47
54
127
111
53
-8
-36
72
107
91
60
24
12
6
38
48
48
47
47
2
0
39
28
55
45
39
6
-32
1
35
83
17
-78
-90
-49
22
61
39
-24
-71
-81
-49
-5
-2
-44
-72
-69
-90
-87
-47
-35
-55
-98
-130
-111
-58
-17
-24
-73
-92
-78
-46
-22
-54
-58
-24
-22
-28
-21
-25
-14
-4
25
60
22
27
29
7
45
42
42
40
52
59
44
46
28
58
62
21
37
35
48
66
48
25
6
-16
3
75
71
29
13
-12
24
36
49
27
-15
21
24
24
12
-7
14
15
27
38
6
-22
-2
25
36
-2
-44
-2
64
58
0
-28
-24
1
5
2
-13
-15
23
-29
-61
-57
-28
32
13
-24
-76
-63
-16
3
-25
-80
-67
-64
-30
-23
-58
-43
-32
-21
-10
-17
-37
-14
2
11
16
-3
-8
-20
-13
-4
0
-10
-27
-5
15
11
-34
-34
15
22
16
14
-5
-10
-9
-17
7
9
6
66
90
47
14
30
47
71
92
72
48
6
0
58
71
42
27
14
14
51
57
-2
-8
24
35
-8
-46
-18
15
49
42
-5
-33
-21
33
31
8
6
-8
12
30
15
-9
-43
-55
-15
23
-13
-67
-46
9
-13
-62
-36
-10
-18
-18
-35
-29
-37
-57
-42
-42
-4
8
-19
-27
-30
3
-24
-39
-10
-27
0
39
36
-8
-19
18
20
45
54
22
40
46
14
-7
-6
30
33
18
11
-18
-16
14
33
47
28
7
-8
-13
7
0
-3
30
6
-22
-18
-28
4
34
29
-7
-21
21
30
35
32
-5
-7
24
15
-3
-3
-24
9
50
14
-12
-25
-8
21
15
21
5
12
28
8
-9
-24
-12
15
20
-5
2
-7
-22
29
7
-30
-61
-70
-13
-6
-33
-70
-63
-24
-2
14
-35
-66
-41
-46
-27
-5
-17
-31
-39
-40
-3
43
20
-22
-26
-2
46
63
16
-19
22
39
40
43
6
20
65
62
6
-41
-8
43
74
28
-42
-32
13
65
51
15
1
-21
-14
7
54
51
10
8
-29
-22
40
63
47
16
0
-9
-13
7
15
16
37
33
-14
-39
-30
-6
46
74
23
-33
-55
-34
22
56
36
-3
-32
-21
30
25
8
12
1
7
-18
-28
-8
6
-2
-10
-3
-29
-40
-29
-1
2
-29
-55
-48
-11
-37
-53
-53
-26
27
-36
-87
-75
-34
34
0
-52
-81
-59
40
42
-4
-8
3
-8
13
39
13
22
25
28
22
36
59
54
60
9
-16
12
54
42
11
28
25
33
14
-5
0
3
17
1
13
23
-9
5
0
-41
-2
41
31
11
-28
-13
22
-1
7
7
-1
38
35
5
5
22
28
27
34
16
12
24
8
-7
2
2
0
12
-14
-46
-21
-5
-34
-36
-20
-37
-41
-56
-65
-45
-52
-20
3
-52
-68
-21
-1
-43
-39
-3
-21
-16
-9
-36
-34
34
52
27
11
-22
9
21
34
54
25
18
-2
20
51
45
44
12
4
29
39
47
41
29
-7
0
28
5
7
17
-5
-19
-13
8
6
-16
-28
-21
-4
4
-15
-17
-8
2
18
-2
-11
-26
-32
4
14
15
-6
-30
13
43
32
13
18
25
-5
-6
13
40
50
21
22
13
16
17
3
43
29
37
35
-9
15
25
30
7
5
11
-1
9
-11
-4
-21
-47
-14
-5
-31
-26
-24
-64
-47
-27
-28
-32
-57
-45
-44
-35
7
3
-31
-41
-12
-1
5
20
-12
7
18
15
-7
-54
-17
33
64
41
13
-38
-23
14
44
31
-9
-36
-26
17
20
-1
-37
-32
-39
-2
27
-7
-8
-65
-24
4
16
15
0
2
8
22
25
11
13
35
36
17
9
14
36
22
34
46
17
19
36
43
71
56
16
8
5
56
58
42
2
-3
-9
14
26
1
21
3
-48
-2
14
4
23
11
-39
-44
1
22
24
-2
-49
-67
-17
27
1
-20
-54
-44
6
30
5
-39
-24
6
9
-6
9
27
9
-14
-17
4
33
73
32
-37
-26
-3
24
24
7
2
-35
-39
-20
-2
-9
-36
-27
-30
-21
-39
-33
-16
-50
-26
-22
-15
-25
-41
-24
-37
-4
25
9
-19
-32
-32
4
34
9
18
10
15
27
12
22
9
4
26
30
13
20
39
40
45
5
-17
50
58
15
-12
-28
20
47
9
-14
