64
62
76
98
81
102
109
75
72
49
35
19
-29
-27
-19
-19
-10
-24
-11
-15
-21
-19
-47
-58
-67
-83
-91
-48
-39
-83
-67
-74
-85
-82
-108
-73
-44
-74
-52
-24
-46
-30
-16
-40
-63
-49
-33
-73
-86
-92
-127
-146
-156
-151
-167
-175
-152
-146
-150
-132
-109
-114
-81
-20
-1
40
70
61
87
87
81
77
45
50
47
48
68
85
84
81
122
147
166
188
204
239
242
249
263
247
235
237
222
199
192
185
176
168
171
168
183
204
207
216
203
210
214
197
207
178
151
153
140
112
76
76
68
23
7
-1
-22
-34
-33
-51
-79
-81
-103
-127
-123
-132
-150
-161
-176
-190
-198
-177
-168
-202
-213
-208
-213
-203
-196
-178
-170
-187
-196
-225
-272
-294
-312
-342
-345
-350
-368
-339
-318
-324
-301
-263
-212
-180
-161
-127
-122
-133
-108
-91
-119
-137
-137
-136
-123
-123
-118
-74
-22
21
68
134
194
233
270
302
317
314
315
283
256
224
176
159
127
108
112
135
151
159
197
240
285
284
310
355
362
387
391
373
363
358
328
310
287
255
236
198
188
165
140
131
125
113
78
64
47
51
49
7
-30
-74
-97
-106
-114
-123
-143
-149
-173
-213
-245
-271
-300
-333
-338
-343
-355
-343
-333
-339
-358
-382
-416
-452
-471
-478
-495
-519
-545
-591
-615
-632
-648
-652
-669
-647
-615
-585
-541
-499
-464
-439
-394
-367
-325
-247
-194
-131
-82
-61
-40
-11
57
91
111
146
175
205
239
285
307
316
341
390
431
465
511
540
576
597
633
674
687
712
732
746
745
738
748
752
753
752
741
721
721
711
679
670
655
608
566
537
512
494
479
451
417
407
379
345
332
288
228
177
126
76
31
1
-38
-92
-132
-171
-216
-252
-280
-325
-380
-428
-480
-533
-580
-627
-685
-750
-802
-873
-940
-959
-982
-1021
-1050
-1057
-1056
-1075
-1093
-1127
-1165
-1171
-1185
-1203
-1210
-1244
-1289
-1301
-1301
-1288
-1239
-1196
-1142
-1069
-1009
-942
-877
-805
-715
-592
-430
-299
-155
5
158
329
502
667
817
995
1186
1347
1468
1576
1658
1692
1741
1760
1763
1766
1740
1721
1678
1616
1571
1523
1461
1397
1347
1268
1201
1179
1132
1077
1015
949
888
815
766
725
678
655
636
606
573
548
530
538
563
546
529
528
495
435
376
309
211
115
3
-123
-262
-379
-524
-688
-778
-900
-999
-1080
-1176
-1222
-1301
-1341
-1373
-1416
-1413
-1441
-1465
-1462
-1488
-1491
-1459
-1470
-1484
-1493
-1541
-1588
-1619
-1657
-1706
-1767
-1847
-1931
-2020
-2120
-2212
-2286
-2361
-2431
-2459
-2478
-2482
-2430
-2342
-2242
-2070
-1842
-1571
-1196
-739
-259
282
873
1439
1973
2491
2968
3385
3689
3877
4006
4036
3941
3791
3573
3267
2926
2563
2183
1806
1482
1231
1001
789
630
523
466
453
479
521
574
665
771
867
989
1117
1218
1305
1367
1420
1477
1511
1554
1589
1561
1522
1517
1496
1426
1337
1232
1084
912
729
508
258
3
-256
-520
-782
-1035
-1273
-1489
-1667
-1823
-1958
-2035
-2068
-2066
-2026
-1957
-1867
-1737
-1593
-1469
-1313
-1189
-1091
-996
-974
-985
-1033
-1124
-1239
-1421
-1610
-1830
-2118
-2390
-2644
-2891
-3128
-3329
-3490
-3641
-3742
-3791
-3817
-3796
-3719
-3627
-3510
-3272
-2932
-2449
-1766
-967
-104
756
1619
2451
3250
4017
4630
5077
5363
5456
5350
5113
4764
4305
3759
3124
2465
1799
1238
766
367
58
-221
-420
-570
-586
-507
-388
-268
-189
-90
-24
90
240
431
626
759
885
1029
1245
1509
1793
2053
2286
2501
2728
2972
3165
3314
3348
3285
3112
2844
2515
2087
1641
1130
579
2
-545
-987
-1373
-1660
-1867
-1999
-2060
-2029
-1879
-1656
-1392
-1099
-819
-582
-367
-193
-48
44
78
46
-84
-223
-403
-604
-824
-1075
-1319
-1572
-1808
-2021
-2201
-2385
-2532
-2674
-2793
-2877
-2984
-3040
-3126
-3212
-3289
-3410
-3484
-3578
-3673
-3766
-3870
-3954
-4048
-4130
-4154
-4066
-3843
-3375
-2645
-1752
-726
357
1436
2501
3505
4410
5168
5696
5948
5923
5658
5203
4595
3906
3126
2262
1425
634
-50
-478
-710
-829
-828
-759
-623
-370
-52
289
593
788
894
919
938
937
938
920
806
705
611
630
779
972
1227
1477
1804
2211
2632
3038
3378
3628
3728
3675
3506
3239
2871
2400
1839
1208
555
-46
-521
-895
-1205
-1421
-1499
-1454
-1310
-1070
-788
-515
-246
13
233
423
547
572
543
447
245
19
-193
-457
-756
-1050
-1352
-1620
-1832
-2010
-2168
-2323
-2482
-2605
-2684
-2743
-2773
-2839
-2907
-2980
-3051
-3121
-3221
-3312
-3456
-3602
-3764
-3929
-4068
-4235
-4385
-4550
-4669
-4781
-4819
-4645
-4205
-3438
-2444
-1284
-113
1057
2266
3428
4495
5363
5962
6239
6229
5959
5478
4864
4152
3334
2409
1516
673
-6
-434
-649
-695
-660
-556
-395
-134
201
553
834
990
1021
977
967
922
884
820
704
584
510
586
755
1062
1439
1824
2226
2634
3073
3440
3737
3881
3821
3603
3271
2900
2466
2021
1545
1029
523
91
-231
-461
-604
-668
-666
-604
-450
-259
-47
161
326
475
559
621
621
560
500
392
259
97
-82
-294
-540
-781
-1032
-1306
-1573
-1823
-2077
-2311
-2509
-2682
-2810
-2908
-3001
-3066
-3124
-3181
-3212
-3239
-3271
-3291
-3326
-3364
-3404
-3468
-3564
-3706
-3880
-4066
-4274
-4498
-4754
-5015
-5166
-5111
-4734
-3993
-2987
-1799
-493
830
2168
3528
4783
5794
6504
6909
6968
6661
6106
5413
4569
3594
2552
1486
513
-220
-676
-872
-901
-834
-651
-351
34
493
914
1192
1347
1384
1319
1233
1136
1001
821
582
364
292
397
657
1006
1407
1849
2308
2790
3271
3707
4066
4254
4226
4032
3708
3298
2841
2314
1725
1102
492
-44
-478
-811
-1036
-1149
-1148
-1053
-880
-613
-306
-7
314
597
770
890
952
933
881
754
542
304
8
-331
-673
-1016
-1329
-1658
-2020
-2325
-2573
-2753
-2859
-2954
-3009
-3019
-3040
-3043
-3047
-3078
-3125
-3214
-3345
-3499
-3674
-3856
-4053
-4268
-4481
-4701
-4881
-5035
-5165
-5287
-5454
-5575
-5516
-5089
-4227
-3047
-1683
-298
1104
2512
3877
5161
6241
6996
7352
7309
6878
6156
5317
4395
3372
2233
1095
79
-694
-1083
-1176
-1068
-893
-668
-316
169
766
1272
1598
1693
1596
1391
1139
979
851
731
569
401
360
487
821
1271
1765
2253
2694
3155
3619
3998
4258
4306
4100
3720
3190
2617
2067
1478
884
301
-209
-540
-728
-767
-712
-603
-395
-130
181
515
813
1068
1271
1385
1411
1364
1237
1087
909
658
378
53
-289
-589
-899
-1210
-1478
-1754
-2028
-2272
-2541
-2806
-3004
-3127
-3214
-3275
-3273
-3232
-3205
-3165
-3109
-3089
-3115
-3178
-3273
-3384
-3507
-3647
-3812
-4017
-4240
-4453
-4646
-4841
-5079
-5370
-5698
-5960
-5929
-5416
-4484
-3255
-1809
-254
1342
2977
4569
5959
7064
7722
7940
7750
7086
6192
5153
4011
2800
1545
406
-566
-1224
-1465
-1333
-992
-590
-132
394
989
1590
2101
2360
2312
2091
1775
1416
1122
889
634
401
274
354
698
1262
1934
2623
3280
3862
4355
4748
4942
4886
4580
3973
3177
2385
1628
906
252
-300
-702
-931
-967
-823
-569
-259
90
452
812
1112
1284
1336
1304
1222
1092
905
675
430
193
-17
-196
-356
-530
-742
-972
-1188
-1386
-1582
-1812
-2117
-2465
-2822
-3143
-3353
-3475
-3557
-3595
-3610
-3589
-3499
-3395
-3318
-3279
-3292
-3358
-3457
-3586
-3729
-3880
-4066
-4292
-4560
-4802
-5026
-5328
-5732
-6142
-6367
-6145
-5312
-4042
-2505
-883
825
2579
4252
5883
7175
8027
8400
8287
7676
6635
5461
4165
2859
1481
138
-952
-1700
-1919
-1709
-1181
-603
-6
669
1322
1978
2526
2906
2935
2627
2149
1571
1107
811
540
266
99
164
562
1223
1997
2794
3520
4159
4674
5031
5182
5046
4569
3791
2819
1774
739
-208
-996
-1583
-1916
-1986
-1803
-1355
-733
-45
653
1280
1805
2216
2432
2404
2140
1688
1152
619
108
-344
-704
-958
-1094
-1116
-1076
-1004
-897
-810
-799
-848
-995
-1329
-1807
-2326
-2852
-3332
-3673
-3881
-4020
-4054
-3979
-3824
-3591
-3285
-3030
-2885
-2782
-2718
-2694
-2792
-2972
-3283
-3742
-4227
-4747
-5171
-5564
-5934
-6374
-6928
-7269
-7144
-6287
-4856
-3106
-1169
827
2888
4838
6620
8046
8887
9217
9029
8341
7115
5565
3995
2431
1022
-264
-1319
-1995
-2173
-1761
-1046
-169
681
1459
2150
2658
3050
3206
3060
2595
1887
1103
420
31
-124
-202
-172
147
773
1622
2588
3549
4399
5075
5497
5611
5467
5028
4301
3270
2078
922
-113
-892
-1487
-1821
-1868
-1685
-1237
-642
23
623
1136
1578
1873
1996
1961
1749
1359
880
408
31
-303
-534
-659
-738
-719
-693
-620
-608
-701
-852
-1137
-1463
-1871
-2334
-2836
-3341
-3778
-4126
-4318
-4322
-4209
-4050
-3804
-3534
-3248
-3017
-2841
-2735
-2776
-2854
-3087
-3400
-3795
-4230
-4678
-5189
-5603
-6003
-6369
-6851
-7254
-7289
-6637
-5162
-3290
-1180
850
2906
4887
6664
8122
8895
9118
8727
7913
6586
4942
3320
1756
440
-774
-1620
-2113
-2103
-1479
-533
600
1565
2342
2906
3285
3528
3498
3158
2478
1579
644
-58
-391
-375
-141
206
711
1455
2420
3465
4421
5119
5512
5528
5221
4699
3930
2988
1876
669
-413
-1290
-1836
-2082
-2003
-1559
-926
-106
808
1603
2227
2645
2861
2811
2506
2019
1341
577
-110
-641
-1031
-1269
-1316
-1233
-999
-669
-281
48
160
123
-103
-479
-968
-1560
-2198
-2914
-3553
-4017
-4312
-4394
-4277
-4024
-3699
-3285
-2817
-2378
-2041
-1881
-1952
-2234
-2619
-3044
-3502
-4004
-4549
-5071
-5520
-5922
-6207
-6348
-6509
-6761
-6966
-6829
-6010
-4479
-2573
-598
1379
3385
5299
6911
8095
8717
8707
8160
7165
5766
4108
2470
1111
26
-908
-1573
-1788
-1548
-851
193
1260
2118
2725
3102
3276
3225
2973
2549
1899
1077
325
-123
-120
258
769
1309
1935
2707
3565
4349
4899
5156
5118
4786
4221
3514
2684
1720
722
-147
-806
-1194
-1273
-1115
-765
-212
464
1156
1771
2179
2329
2258
2002
1619
1132
536
-83
-615
-990
-1145
-1077
-889
-659
-415
-199
12
217
251
5
-455
-1036
-1662
-2311
-2929
-3436
-3835
-4107
-4140
-3954
-3660
-3265
-2828
-2416
-2110
-1954
-1957
-2097
-2385
-2877
-3400
-3865
-4244
-4633
-5030
-5366
-5691
-5836
-5961
-6106
-6396
-6806
-6988
-6603
-5285
-3462
-1394
714
2802
4864
6607
8045
8806
8931
8513
7566
6171
4267
2365
773
-417
-1297
-1932
-2158
-1926
-1178
-17
1300
2444
3231
3645
3751
3636
3336
2858
2167
1306
457
-96
-152
247
875
1537
2214
2981
3825
4577
5040
5137
4919
4481
3882
3183
2431
1672
961
381
14
-90
28
269
579
890
1224
1484
1595
1523
1246
928
604
347
130
-130
-349
-509
-501
-326
-64
172
285
315
257
88
-166
-516
-1044
-1658
-2286
-2826
-3226
-3448
-3457
-3405
-3253
-3025
-2771
-2499
-2293
-2126
-2075
-2168
-2390
-2719
-3091
-3518
-3964
-4368
-4691
-4905
-5016
-5087
-5151
-5185
-5217
-5338
-5625
-6095
-6617
-6798
-6202
-4792
-2894
-786
1438
3672
5734
7442
8597
9013
8717
7897
6606
4796
2669
690
-795
-1749
-2279
-2463
-2268
-1580
-377
1140
2596
3693
4312
4458
4217
3758
3181
2452
1569
676
-16
-256
126
954
1828
2581
3300
4001
4583
4938
4942
4529
3817
2947
2016
1107
336
-215
-506
-518
-261
223
842
1473
2028
2468
2744
2791
2568
2088
1446
773
131
-465
-962
-1298
-1442
-1359
-1014
-495
15
391
613
672
562
292
-144
-773
-1543
-2290
-2875
-3275
-3517
-3577
-3458
-3184
-2779
-2315
-1924
-1690
-1601
-1670
-1896
-2231
-2617
-3053
-3540
-3980
-4348
-4619
-4794
-4836
-4808
-4760
-4733
-4745
-4782
-5007
-5368
-5999
-6786
-7350
-7273
-6124
-4327
-2085
326
2819
5309
7355
8917
9582
9446
8680
7311
5391
2896
515
-1316
-2419
-2891
-2948
-2581
-1748
-351
1411
3148
4434
5041
4980
4440
3661
2809
1961
1073
181
-466
-539
79
1165
2346
3364
4178
4830
5298
5428
5076
4255
3172
2078
1101
278
-320
-592
-477
-2
752
1666
2565
3260
3630
3668
3390
2788
1883
794
-278
-1138
-1663
-1850
-1767
-1492
-1048
-432
292
968
1402
1480
1198
659
-18
-755
-1523
-2285
-2948
-3389
-3540
-3406
-3045
-2555
-2061
-1646
-1322
-1118
-1129
-1419
-1924
-2509
-3102
-3692
-4211
-4536
-4632
-4578
-4436
-4227
-4005
-3835
-3759
-3814
-3988
-4284
-4752
-5424
-6227
-7065
-7857
-8206
-7612
-5949
-3596
-928
1887
4707
7289
9138
10075
9943
8922
7304
5206
2857
239
-1940
-3216
-3536
-3088
-2316
-1110
316
2035
3763
5012
5600
5303
4408
3125
1827
801
60
-398
-617
-381
507
1981
3613
4936
5694
5901
5713
5197
4354
3166
1779
523
-333
-717
-725
-418
212
1105
2104
3067
3873
4356
4360
3883
3092
2152
1127
73
-861
-1468
-1635
-1394
-889
-296
244
690
1039
1256
1252
943
331
-465
-1275
-1942
-2397
-2641
-2716
-2640
-2407
-2032
-1594
-1233
-1045
-1068
-1296
-1701
-2238
-2823
-3346
-3716
-3919
-3946
-3825
-3616
-3384
-3175
-2977
-2869
-2933
-3236
-3731
-4297
-4844
-5407
-5973
-6435
-6867
-7203
-7547
-7771
-7513
-6472
-4389
-1838
789
3319
5573
7495
8711
9097
8544
7198
5514
3662
1672
-330
-1894
-2631
-2523
-1862
-943
65
1152
2357
3515
4331
4549
4122
3222
2142
1191
599
439
605
939
1432
2255
3416
4576
5293
5337
4820
4063
3302
2499
1601
790
296
201
490
1094
1857
2611
3271
3721
3819
3531
2929
2096
1148
282
-348
-726
-897
-836
-499
92
802
1405
1715
1696
1392
872
206
-553
-1356
-2087
-2618
-2850
-2723
-2292
-1765
-1297
-935
-724
-700
-821
-1073
-1489
-2031
-2582
-3075
-3463
-3670
-3691
-3559
-3286
-2921
-2611
-2474
-2501
-2657
-2958
-3359
-3798
-4285
-4823
-5313
-5651
-5793
-5796
-5767
-5811
-5987
-6268
-6523
-6293
-5118
-3051
-647
1698
3893
5889
7494
8345
8392
7580
6194
4562
2657
717
-1087
-2227
-2477
-2074
-1195
-261
709
1729
2773
3727
4223
4062
3311
2330
1486
995
889
1102
1508
2020
2699
3581
4531
5189
5258
4723
3811
2817
1917
1167
584
227
215
609
1341
2217
3035
3657
4014
4043
3700
2991
2016
964
54
-558
-826
-799
-543
-100
503
1185
1770
2041
1860
1249
388
-512
-1305
-1934
-2397
-2664
-2688
-2430
-1933
-1328
-796
-477
-445
-676
-1099
-1620
-2174
-2674
-3062
-3281
-3316
-3200
-2987
-2767
-2560
-2400
-2295
-2318
-2560
-3064
-3686
-4279
-4824
-5201
-5511
-5683
-5676
-5516
-5241
-5209
-5394
-5947
-6758
-7132
-6541
-4695
-2186
460
3099
5538
7705
9078
9427
8770
7172
5140
2836
476
-1689
-3248
-3700
-3213
-2039
-568
869
2195
3308
4137
4538
4388
3605
2352
1084
292
172
652
1525
2503
3458
4393
5258
5832
5824
5082
3706
2098
737
-142
-577
-598
-153
722
1889
3144
4218
4870
5038
4750
4059
3040
1828
626
-323
-851
-917
-583
0
649
1273
1829
2191
2211
1810
975
-141
-1228
-2046
-2536
-2707
-2575
-2206
-1676
-1055
-444
1
111
-234
-978
-1890
-2706
-3300
-3600
-3578
-3312
-2923
-2427
-1860
-1417
-1255
-1360
-1725
-2351
-3104
-3839
-4525
-5082
-5394
-5469
-5354
-5070
-4722
-4429
-4214
-4090
-4195
-4692
-5651
-6879
-7746
-7444
-5667
-2862
243
3215
5934
8216
9673
9933
8909
6873
4343
1765
-651
-2686
-3933
-4070
-3172
-1580
283
2005
3304
4094
4411
4278
3674
2586
1198
-52
-666
-391
669
2176
3717
4996
5879
6342
6325
5719
4463
2686
752
-854
-1725
-1709
-932
326
1790
3254
4559
5484
5811
5418
4370
2912
1364
10
-958
-1399
-1247
-531
568
1751
2693
3172
3124
2588
1666
473
-855
-2129
-3105
-3546
-3354
-2614
-1576
-523
320
846
998
733
18
-1093
-2411
-3637
-4460
-4687
-4320
-3520
-2506
-1511
-713
-248
-226
-695
-1605
-2792
-4034
-5085
-5775
-5997
-5735
-5120
-4367
-3695
-3211
-3050
-3247
-3779
-4593
-5659
-6858
-8036
-8984
-8943
-7325
-4048
-50
3702
6927
9275
10674
10642
9203
6688
3612
752
-1727
-3415
-4194
-3780
-2360
-408
1680
3246
4186
4214
3611
2639
1511
531
-407
-932
-807
199
1976
4035
5888
7055
7419
6991
5859
4201
2364
588
-987
-2030
-2157
-1262
329
2164
3842
5033
5594
5517
4852
3724
2384
1087
28
-578
-571
-18
871
1897
2846
3482
3645
3246
2299
975
-436
-1634
-2439
-2798
-2741
-2299
-1511
-517
416
988
999
463
-425
-1420
-2358
-3158
-3758
-4063
-3957
-3389
-2452
-1391
-524
-102
-206
-763
-1645
-2703
-3770
-4662
-5237
-5429
-5219
-4644
-3854
-3090
-2582
-2453
-2750
-3460
-4478
-5602
-6649
-7515
-8145
-8485
-8410
-7506
-5250
-1725
2128
5304
7482
8751
9066
8274
6442
3969
1464
-548
-1882
-2559
-2517
-1688
-280
1268
2546
3242
3202
2555
1597
621
-107
-413
-317
146
1069
2483
4125
5598
6494
6572
5914
4733
3238
1617
196
-757
-1121
-957
-325
766
2162
3660
4762
5285
5113
4349
3358
2221
1319
610
288
444
964
1890
2750
3436
3632
3305
2628
1636
633
-395
-1220
-1711
-1788
-1440
-881
-277
197
498
589
431
-16
-715
-1523
-2239
-2680
-2806
-2687
-2458
-2230
-2008
-1765
-1512
-1325
-1330
-1624
-2173
-2812
-3382
-3783
-3983
-3978
-3814
-3593
-3401
-3301
-3252
-3312
-3561
-4003
-4549
-5154
-5733
-6127
-6474
-6715
-6896
-6845
-6125
-4267
-1190
2000
4700
6612
7657
7864
7081
5580
3411
1288
-326
-1444
-1974
-1967
-1225
-50
1142
1962
2222
2062
1525
785
116
-175
11
568
1332
2263
3427
4679
5665
5990
5526
4460
3136
1789
541
-406
-842
-743
-233
548
1469
2463
3469
4235
4436
4029
3271
2453
1775
1380
1269
1364
1659
2155
2733
3200
3398
3190
2515
1515
504
-278
-761
-959
-896
-620
-217
208
519
588
376
-32
-527
-1045
-1545
-1945
-2132
-2092
-1910
-1693
-1496
-1430
-1590
-1886
-2126
-2264
-2389
-2547
-2729
-2914
-3057
-3106
-3071
-3047
-3101
-3249
-3469
-3728
-3960
-4092
-4159
-4291
-4562
-4932
-5306
-5658
-6006
-6387
-6730
-6716
-5814
-3690
-626
2577
5172
6873
7647
7422
6195
4260
2145
327
-964
-1711
-1898
-1432
-375
887
1863
2232
1978
1341
588
-124
-597
-544
133
1224
2434
3591
4616
5419
5784
5450
4391
2921
1476
355
-328
-561
-365
207
981
1718
2268
2637
2868
2913
2702
2313
1920
1691
1706
1958
2399
2904
3286
3427
3354
3104
2656
2055
1385
693
95
-209
-183
40
325
558
648
558
269
-168
-568
-794
-917
-1001
-974
-852
-751
-722
-783
-1009
-1409
-1895
-2382
-2774
-2958
-2880
-2617
-2295
-2040
-1939
-1986
-2152
-2469
-2956
-3489
-3933
-4278
-4514
-4590
-4502
-4302
-4076
-3963
-4092
-4445
-4912
-5419
-5931
-6420
-6667
-6126
-4301
-1384
1796
4465
6278
7097
6838
5579
3631
1492
-260
-1254
-1543
-1367
-790
227
1439
2317
2423
1748
690
-276
-907
-1137
-844
91
1517
3024
4226
4938
5150
4942
4346
3361
2116
925
94
-224
-28
540
1226
1784
2085
2134
2009
1786
1539
1340
1305
1533
2000
2590
3160
3582
3777
3709
3355
2767
2138
1648
1302
1041
889
866
903
917
853
673
392
85
-206
-488
-705
-750
-617
-371
-110
13
-113
-409
-780
-1251
-1782
-2243
-2604
-2873
-2948
-2759
-2373
-1929
-1621
-1611
-1901
-2346
-2851
-3363
-3797
-4078
-4165
-4075
-3881
-3686
-3566
-3568
-3738
-4124
-4738
-5477
-6126
-6526
-6656
-6446
-5618
-3845
-1131
1933
4465
5930
6356
5939
4755
2960
1036
-388
-925
-689
-151
359
883
1491
1885
1636
714
-478
-1411
-1699
-1293
-403
803
2207
3535
4454
4803
4595
3946
3084
2231
1497
968
723
737
956
1335
1752
1983
1855
1403
875
565
573
828
1234
1748
2333
2889
3254
3310
3076
2681
2248
1855
1585
1533
1729
2068
2349
2440
2309
1950
1372
665
-35
-597
-941
-1050
-948
-635
-175
261
529
564
307
-216
-824
-1364
-1788
-2033
-2077
-1996
-1849
-1649
-1478
-1433
-1548
-1848
-2329
-2881
-3364
-3697
-3823
-3736
-3489
-3203
-3029
-3075
-3314
-3682
-4118
-4512
-4818
-5140
-5485
-5696
-5710
-5557
-5093
-3995
-2053
499
2928
4519
5168
5142
4528
3329
1797
402
-381
-371
82
438
578
748
999
1071
712
-60
-889
-1278
-960
-86
991
2033
2965
3693
4065
4000
3571
2931
2242
1674
1349
1274
1343
1435
1514
1581
1575
1389
1017
627
452
652
1178
1795
2285
2620
2854
2976
2938
2758
2515
2317
2267
2349
2418
2358
2206
2051
1867
1570
1163
715
303
16
-87
-47
26
108
203
253
217
115
-73
-383
-745
-1045
-1266
-1451
-1626
-1792
-1892
-1884
-1844
-1828
-1836
-1928
-2119
-2378
-2699
-3022
-3268
-3409
-3394
-3244
-3109
-3071
-3127
-3308
-3596
-3925
-4281
-4640
-4966
-5210
-5337
-5356
-5212
-4678
-3437
-1421
949
2981
4205
4598
4359
3575
2352
1047
69
-259
96
662
921
856
774
770
610
90
-655
-1251
-1312
-704
338
1456
2438
3139
3502
3541
3277
2772
2175
1668
1410
1398
1525
1698
1779
1723
1646
1521
1212
768
392
302
564
1058
1627
2199
2749
3192
3389
3254
2843
2355
2010
1899
1972
2118
2206
2180
2049
1782
1359
860
372
-30
-253
-237
-38
185
339
422
390
215
-69
-453
-872
-1172
-1328
-1435
-1547
-1684
-1821
-1886
-1868
-1843
-1853
-1927
-2121
-2408
-2731
-3046
-3250
-3300
-3264
-3167
-3060
-3080
-3251
-3484
-3702
-3884
-4039
-4194
-4358
-4497
-4576
-4581
-4508
-4243
-3484
-1977
51
1922
3143
3715
3783
3376
2490
1336
358
-49
162
606
804
691
537
464
365
50
-481
-917
-961
-510
332
1259
2021
2550
2842
2909
2769
2482
2116
1726
1510
1581
1772
1886
1832
1637
1443
1306
1169
993
802
756
1021
1497
1928
2155
2173
2124
2128
2119
2045
1999
2100
2383
2742
2938
2845
2501
2012
1531
1136
766
432
218
167
270
385
372
265
113
-51
-195
-323
-450
-582
-725
-857
-982
-1160
-1428
-1713
-1910
-1964
-1894
-1778
-1740
-1834
-2003
-2254
-2634
-3075
-3423
-3577
-3526
-3315
-3088
-3003
-3084
-3252
-3453
-3692
-3953
-4216
-4433
-4515
-4425
-4232
-3902
-3168
-1790
36
1729
2789
3163
3089
2705
2015
1128
350
68
432
1061
1356
1158
805
546
291
-56
-493
-863
-838
-326
448
1250
1846
2172
2364
2420
2284
2038
1761
1545
1470
1590
1840
2006
1939
1688
1387
1156
1007
872
831
1026
1471
2008
2395
2432
2182
1918
1739
1626
1508
1459
1592
1895
2348
2641
2641
2388
1959
1511
1024
576
281
226
391
643
850
847
567
142
-224
-530
-771
-907
-1003
-1030
-964
-965
-1129
-1455
-1867
-2107
-2108
-1960
-1762
-1678
-1701
-1805
-2011
-2363
-2777
-3188
-3451
-3513
-3532
-3459
-3481
-3510
-3512
-3567
-3600
-3757
-3915
-4044
-4076
-4074
-4035
-3765
-3068
-1673
62
1633
2548
2821
2726
2257
1531
673
127
132
656
1312
1588
1467
1067
693
353
-141
-616
-859
-635
-45
687
1358
1722
1884
1871
1834
1831
1802
1793
1748
1830
1976
2106
2117
1887
1590
1310
1112
968
940
1109
1424
1855
2243
2399
2283
2010
1735
1574
1509
1495
1626
1875
2130
2372
2562
2546
2298
1946
1570
1215
942
781
717
742
846
892
749
444
68
-282
-535
-693
-786
-798
-753
-735
-807
-1007
-1369
-1758
-1969
-1999
-1918
-1770
-1669
-1648
-1733
-1955
-2276
-2656
-2992
-3166
-3243
-3292
-3318
-3375
-3415
-3456
-3534
-3625
-3720
-3802
-3842
-3798
-3778
-3741
-3561
-2982
-1822
-377
998
1862
2252
2317
2046
1521
777
287
277
688
1260
1522
1416
1113
819
477
24
-416
-651
-449
138
860
1393
1595
1549
1391
1313
1298
1359
1511
1703
1967
2183
2298
2231
1977
1697
1429
1285
1201
1195
1405
1770
2175
2468
2518
2301
1890
1468
1250
1193
1250
1435
1686
1956
2174
2274
2183
1926
1533
1219
1070
996
1073
1133
1171
1143
987
690
235
-152
-463
-608
-644
-665
-665
-733
-818
-1038
-1332
-1601
-1841
-1917
-1816
-1631
-1472
-1411
-1516
-1783
-2135
-2456
-2696
-2865
-2922
-2904
-2905
-2958
-3052
-3178
-3327
-3469
-3586
-3665
-3697
-3689
-3645
-3640
-3633
-3477
-2939
-1878
-578
612
1420
1870
2075
1956
1487
831
417
486
874
1210
1331
1256
1073
881
596
222
-158
-273
-26
454
1037
1440
1570
1427
1196
1074
1068
1198
1396
1635
1941
2232
2313
2178
1882
1584
1446
1369
1349
1401
1588
1902
2221
2379
2288
2049
1727
1494
1364
1290
1284
1317
1479
1693
1858
1901
1784
1612
1408
1219
1090
1008
1020
1066
1094
1081
901
594
235
-120
-337
-453
-532
-590
-637
-668
-740
-918
-1225
-1551
-1760
-1834
-1808
-1742
-1672
-1634
-1682
-1845
-2098
-2369
-2608
-2784
-2885
-2920
-2920
-2913
-2938
-3014
-3133
-3253
-3346
-3391
-3381
-3374
-3383
-3470
-3587
-3548
-3143
-2335
-1332
-325
485
1113
1543
1568
1225
771
562
721
1066
1333
1433
1422
1366
1236
902
474
98
-61
120
520
988
1297
1344
1194
991
866
729
625
732
1059
1509
1880
2071
2069
1951
1810
1631
1473
1398
1455
1666
1978
2209
2265
2205
2040
1818
1610
1508
1465
1416
1402
1414
1501
1584
1574
1492
1343
1201
1127
1103
1108
1142
1185
1168
1073
878
622
331
55
-101
-202
-305
-415
-493
-525
-626
-808
-1035
-1258
-1430
-1542
-1559
-1545
-1553
-1544
-1563
-1680
-1845
-2036
-2230
-2380
-2487
-2554
-2593
-2597
-2600
-2608
-2591
-2533
-2496
-2516
-2551
-2599
-2617
-2671
-2786
-2880
-2910
-2680
-2156
-1499
-798
-231
201
500
567
426
193
139
335
645
889
967
1004
1093
1168
1081
855
622
498
541
748
1055
1251
1327
1263
1084
920
772
692
715
861
1090
1304
1448
1469
1452
1416
1311
1204
1132
1194
1384
1591
1788
1885
1821
1632
1423
1281
1237
1238
1196
1163
1205
1286
1363
1389
1305
1167
1061
985
949
965
1002
1016
1027
981
865
700
474
298
219
247
291
264
251
246
206
99
-86
-325
-523
-657
-712
-710
-731
-692
-669
-748
-852
-1043
-1277
-1469
-1619
-1708
-1797
-1874
-1901
-1904
-1896
-1860
-1808
-1783
-1786
-1804
-1859
-1930
-2029
-2146
-2243
-2312
-2351
-2358
-2272
-2141
-1952
-1667
-1367
-1132
-1073
-1092
-1079
-931
-674
-472
-314
-201
-49
161
402
573
593
603
637
770
974
1141
1244
1266
1313
1329
1308
1299
1242
1222
1244
1311
1360
1341
1363
1375
1390
1397
1361
1331
1301
1343
1431
1487
1499
1492
1461
1432
1462
1483
1456
1401
1358
1373
1442
1498
1489
1446
1409
1368
1313
1232
1125
1026
939
843
745
633
504
403
337
316
323
283
179
70
-60
-216
-332
-462
-603
-697
-760
-737
-719
-755
-781
-880
-1033
-1197
-1389
-1554
-1690
-1773
-1826
-1842
-1848
-1878
-1882
-1927
-1987
-2048
-2156
-2215
-2265
-2286
-2307
-2390
-2432
-2471
-2523
-2578
-2606
-2514
-2284
-1940
-1598
-1357
-1236
-1140
-1018
-837
-586
-369
-197
-119
29
291
536
708
720
739
782
910
1100
1204
1294
1355
1417
1435
1411
1373
1311
1278
1275
1271
1266
1297
1341
1386
1456
1502
1486
1446
1414
1391
1399
1414
1458
1467
1474
1528
1533
1539
1505
1438
1399
1351
1385
1424
1418
1429
1385
1340
1263
1124
1024
923
869
825
722
638
514
440
391
312
271
172
55
-99
-247
-329
-445
-541
-639
-726
-790
-845
-855
-871
-921
-1013
-1122
-1242
-1372
-1483
-1554
-1601
-1663
-1725
-1758
-1784
-1845
-1920
-1975
-2024
-2076
-2112
-2133
-2170
-2227
-2301
-2386
-2463
-2529
-2591
-2623
-2574
-2409
-2110
-1730
-1410
-1255
-1216
-1140
-944
-670
-388
-171
-48
40
190
413
614
709
723
740
833
992
1157
1283
1374
1445
1490
1491
1440
1374
1340
1363
1419
1458
1460
1451
1478
1537
1577
1556
1481
1403
1372
1388
1439
1514
1603
1677
1699
1651
1559
1463
1399
1387
1411
1430
1411
1376
1366
1393
1415
1369
1244
1089
970
909
880
846
784
714
666
619
565
476
335
160
1
-148
-302
-406
-438
-461
-535
-588
-726
-851
-961
-1025
-1074
-1167
-1237
-1308
-1378
-1467
-1535
-1527
-1653
-1630
-1748
-1910
-1814
-2042
-1791
-2041
-1971
-2091
-2127
-2283
-2324
-2415
-2453
-2519
-2537
-2664
-2579
-2519
-2307
-2034
-1699
-1466
-1298
-1190
-1055
-890
-671
-422
-215
-90
51
211
406
586
677
705
771
850
971
1126
1222
1323
1419
1450
1447
1422
1428
1431
1463
1508
1566
1595
1551
1552
1555
1569
1539
1462
1436
1420
1436
1500
1573
1600
1583
1522
1454
1410
1339
1318
1319
1314
1301
1284
1282
1275
1317
1321
1244
1168
1036
959
950
928
932
883
832
747
606
502
376
207
65
-17
-105
-168
-191
-216
-223
-283
-426
-584
-720
-844
-933
-996
-1062
-1117
-1165
-1214
-1285
-1400
-1511
-1587
-1663
-1725
-1751
-1779
-1794
-1804
-1855
-1923
-2003
-2122
-2232
-2310
-2374
-2397
-2386
-2388
-2394
-2405
-2398
-2338
-2231
-2017
-1698
-1396
-1205
-1109
-1064
-958
-707
-436
-218
-94
-16
155
365
591
759
785
802
860
978
1109
1244
1393
1474
1567
1611
1617
1607
1585
1586
1553
1560
1515
1464
1458
1467
1559
1574
1537
1493
1442
1427
1427
1416
1402
1407
1392
1393
1424
1433
1458
1488
1498
1487
1437
1379
1351
1354
1355
1290
1183
1098
1005
938
913
819
749
652
506
383
239
173
92
-15
-93
-202
-321
-420
-450
-505
-608
-712
-822
-894
-948
-988
-1011
-1025
-1072
-1168
-1277
-1361
-1419
-1484
-1549
-1610
-1644
-1678
-1745
-1817
-1893
-1989
-2075
-2152
-2217
-2237
-2247
-2243
-2223
-2239
-2282
-2325
-2342
-2300
-2221
-2124
-1935
-1633
-1322
-1138
-1076
-973
-835
-615
-340
-113
65
138
288
484
643
765
787
834
927
1084
1283
1447
1583
1686
1743
1738
1726
1699
1666
1646
1619
1607
1608
1591
1593
1644
1668
1629
1551
1470
1426
1429
1451
1452
1439
1426
1431
1455
1482
1460
1415
1388
1359
1325
1274
1252
1244
1229
1229
1163
1075
971
907
861
763
670
552
468
405
349
291
202
121
11
-83
-164
-256
-311
-369
-434
-536
-664
-762
-889
-1004
-1069
-1133
-1176
-1252
-1325
-1362
-1411
-1435
-1510
-1601
-1658
-1727
-1802
-1886
-1965
-2056
-2117
-2124
-2107
-2123
-2147
-2130
-2148
-2154
-2182
-2210
-2210
-2201
-2150
-2118
-2040
-1917
-1722
-1432
-1161
-980
-925
-852
-694
-501
-280
-93
65
189
333
546
716
845
930
1017
1146
1284
1441
1563
1665
1758
1789
1756
1697
1669
1676
1693
1704
1694
1653
1627
1620
1606
1574
1486
1410
1371
1369
1403
1418
1478
1538
1558
1583
1568
1539
1452
1384
1376
1363
1373
1342
1313
1261
1209
1145
1013
891
776
715
649
602
552
467
387
288
219
99
-7
-81
-156
-232
-347
-433
-515
-602
-683
-776
-878
-992
-1070
-1100
-1107
-1133
-1184
-1252
-1311
-1358
-1413
-1490
-1587
-1678
-1753
-1810
-1848
-1882
-1923
-1950
-1961
-1983
-2020
-2051
-2040
-2054
-2089
-2091
-2092
-2075
-2075
-2061
-2034
-2008
-1910
-1741
-1494
-1226
-1030
-950
-917
-832
-644
-372
-112
105
236
361
535
708
874
969
1029
1093
1175
1319
1446
1570
1663
1711
1746
1718
1670
1610
1598
1609
1579
1547
1476
1442
1425
1408
1403
1373
1384
1406
1422
1429
1430
1411
1403
1421
1389
1360
1367
1357
1334
1339
1327
1273
1214
1153
1092
1032
969
907
826
710
605
535
458
376
306
239
170
78
-24
-119
-231
-314
-399
-535
-612
-631
-675
-735
-810
-885
-961
-1056
-1115
-1152
-1232
-1286
-1310
-1369
-1445
-1516
-1585
-1621
-1651
-1699
-1738
-1767
-1787
-1810
-1850
-1885
-1898
-1923
-1946
-1933
-1930
-1927
-1922
-1947
-1981
-1957
-1914
-1898
-1880
-1835
-1661
-1432
-1164
-927
-852
-738
-577
-361
-91
113
267
385
534
707
862
971
1044
1117
1176
1291
1442
1574
1686
1762
1792
1786
1744
1680
1642
1632
1614
1583
1557
1524
1496
1517
1556
1561
1538
1515
1497
1474
1439
1406
1404
1420
1413
1391
1396
1400
1380
1362
1345
1293
1221
1169
1143
1095
1010
897
777
689
613
535
473
405
339
289
185
58
-58
-165
-200
-273
-393
-463
-551
-607
-623
-681
-750
-838
-927
-1028
-1127
-1165
-1221
-1284
-1323
-1378
-1439
-1487
-1529
-1567
-1599
-1651
-1701
-1714
-1728
-1766
-1806
-1836
-1862
-1886
-1905
-1913
-1886
-1868
-1895
-1904
-1905
-1952
-1951
-1908
-1879
-1823
-1727
-1530
-1261
-1000
-790
-681
-574
-423
-216
15
171
294
423
564
727
874
1017
1107
1151
1240
1378
1516
1596
1641
1710
1752
1741
1709
1648
1608
1612
1592
1585
1599
1562
1529
1532
1511
1483
1468
1436
1406
1390
1360
1365
1371
1353
1345
1325
1307
1283
1271
1257
1189
1119
1053
1001
938
869
842
771
683
612
553
482
365
308
225
101
17
-62
-143
-229
-251
-303
-417
-502
-566
-594
-653
-727
-786
-912
-1042
-1100
-1143
-1174
-1212
-1265
-1298
-1351
-1385
-1424
-1488
-1518
-1547
-1574
-1617
-1671
-1707
-1740
-1755
-1766
-1780
-1782
-1784
-1793
-1794
-1793
-1824
-1847
-1865
-1902
-1879
-1840
-1759
-1602
-1472
-1293
-1059
-860
-691
-597
-507
-347
-129
87
253
396
516
647
800
952
1051
1122
1222
1314
1415
1494
1581
1618
1656
1718
1698
1664
1621
1629
1639
1615
1601
1567
1534
1491
1505
1479
1409
1393
1347
1311
1287
1278
1308
1337
1372
1361
1301
1252
1203
1191
1209
1172
1095
1032
976
909
847
772
680
599
519
441
363
271
197
140
59
-3
-62
-169
-238
-271
-363
-450
-503
-593
-674
-721
-791
-884
-962
-1014
-1058
-1094
-1118
-1157
-1201
-1229
-1278
-1337
-1361
-1388
-1430
-1475
-1536
-1585
-1588
-1613
-1649
-1659
-1688
-1740
-1760
-1769
-1781
-1782
-1791
-1798
-1784
-1769
-1752
-1707
-1653
-1616
-1544
-1396
-1165
-929
-750
-628
-519
-381
-191
23
173
327
443
579
757
880
1016
1082
1155
1243
1334
1445
1513
1622
1660
1727
1774
1731
1698
1647
1644
1616
1580
1541
1470
1444
1435
1434
1431
1408
1387
1374
1337
1332
1342
1306
1286
1277
1243
1200
1155
1118
1104
1098
1064
987
897
828
767
723
667
590
503
417
366
309
227
128
71
-24
-141
-165
-226
-279
-364
-463
-519
-616
-678
-725
-765
-822
-913
-967
-1028
-1092
-1124
-1152
-1190
-1234
-1296
-1351
-1381
-1424
-1455
-1487
-1529
-1543
-1573
-1587
-1636
-1684
-1687
-1715
-1715
-1731
-1721
-1700
-1713
-1680
-1685
-1676
-1640
-1620
-1579
-1527
-1460
-1376
-1210
-976
-762
-607
-516
-398
-257
-71
140
288
431
520
628
763
885
1017
1064
1132
1241
1322
1406
1489
1574
1638
1675
1683
1648
1583
1561
1570
1558
1530
1494
1467
1460
1477
1477
1430
1378
1342
1299
1273
1277
1280
1293
1306
1281
1202
1107
1043
1011
1013
993
935
873
821
771
716
660
557
474
415
354
318
248
202
154
56
-42
-151
-246
-301
-361
-434
-493
-563
-636
-686
-735
-788
-862
-941
-993
-1032
-1058
-1068
-1096
-1146
-1200
-1259
-1291
-1322
-1381
-1412
-1427
-1474
-1507
-1532
-1578
-1611
-1626
-1645
-1673
-1692
-1678
-1642
-1610
-1611
-1630
-1634
-1605
-1575
-1552
-1512
-1452
-1350
-1225
-1050
-842
-649
-510
-420
-312
-185
18
212
324
428
514
635
784
897
992
1069
1154
1249
1340
1427
1500
1564
1613
1619
1570
1516
1490
1509
1530
1511
1476
1420
1381
1355
1321
1322
1300
1280
1270
1244
1259
1255
1245
1233
1181
1159
1137
1111
1102
1066
1022
956
889
844
786
724
673
619
544
476
426
366
293
199
142
91
-4
-94
-174
-235
-303
-381
-450
-530
-620
-685
-720
-768
-817
-865
-924
-986
-1027
-1033
-1063
-1079
-1110
-1177
-1202
-1237
-1282
-1318
-1374
-1421
-1481
-1531
-1540
-1549
-1547
-1557
-1584
-1595
-1608
-1589
-1543
-1532
-1516
-1502
-1494
-1465
-1437
-1397
-1366
-1308
-1201
-1079
-884
-689
-542
-436
-356
-245
-91
91
245
371
470
578
696
814
924
999
1085
1156
1226
1306
1384
1477
1532
1559
1559
1539
1514
1471
1427
1396
1382
1372
1363
1340
1308
1282
1257
1238
1214
1180
1167
1185
1186
1174
1178
1165
1124
1071
1018
984
954
910
866
814
747
681
628
578
537
496
405
308
247
193
134
42
-29
-104
-171
-219
-287
-314
-366
-473
-527
-584
-663
-716
-771
-826
-853
-887
-920
-949
-977
-998
-1033
-1083
-1131
-1175
-1230
-1276
-1331
-1373
-1389
-1428
-1445
-1466
-1480
-1486
-1492
-1458
-1461
-1471
-1454
-1451
-1432
-1405
-1398
-1383
-1329
-1274
-1254
-1214
-1171
-1073
-881
-732
-577
-431
-347
-211
-83
63
212
320
441
524
638
746
842
953
995
1053
1141
1193
1253
1343
1371
1372
1410
1415
1399
1377
1360
1354
1322
1287
1266
1236
1217
1226
1228
1199
1160
1143
1150
1157
1162
1154
1133
1093
1041
994
958
919
887
863
828
778
715
670
596
496
433
373
320
265
198
129
54
11
-58
-147
-201
-281
-335
-391
-472
-519
-581
-651
-709
-765
-821
-848
-848
-871
-903
-915
-950
-1015
-1053
-1119
-1161
-1178
-1226
-1259
-1300
-1333
-1391
-1417
-1431
-1463
-1442
-1435
-1420
-1422
-1421
-1385
-1386
-1369
-1353
-1342
-1324
-1327
-1309
-1268
-1230
-1221
-1150
-1045
-960
-771
-604
-485
-358
-269
-163
-29
146
286
384
473
551
657
751
841
905
957
1037
1103
1167
1227
1283
1350
1388
1383
1381
1377
1360
1357
1346
1327
1301
1266
1252
1253
1238
1213
1196
1209
1226
1227
1214
1193
1148
1100
1071
1053
1032
1006
970
928
897
850
779
713
654
584
515
496
448
349
281
231
183
108
55
-14
-119
-198
-280
-332
-394
-465
-512
-583
-651
-680
-713
-751
-775
-814
-840
-891
-958
-1007
-1038
-1052
-1114
-1144
-1166
-1224
-1270
-1317
-1335
-1350
-1348
-1353
-1369
-1367
-1362
-1374
-1376
-1360
-1358
-1351
-1342
-1302
-1266
-1243
-1226
-1230
-1193
-1157
-1078
-995
-901
-755
-611
-443
-342
-236
-118
-16
117
222
321
428
540
634
736
805
854
922
983
1073
1142
1225
1299
1367
1405
1383
1390
1362
1338
1320
1302
1315
1301
1300
1287
1274
1281
1239
1212
1214
1201
1184
1168
1151
1101
1035
996
956
966
1002
987
931
865
821
767
700
626
580
506
411
386
339
283
217
141
55
-66
-123
-176
-210
-248
-285
-327
-410
-458
-518
-570
-637
-704
-744
-787
-792
-816
-838
-879
-948
-989
-1025
-1053
-1103
-1162
-1183
-1226
-1263
-1282
-1319
-1329
-1353
-1359
-1336
-1347
-1320
-1298
-1264
-1263
-1304
-1282
-1257
-1221
-1200
-1178
-1141
-1121
-1087
-1064
-1023
-955
-864
-736
-594
-456
-335
-213
-101
-4
103
229
357
453
523
592
676
785
886
950
1024
1063
1112
1215
1260
1302
1327
1322
1356
1353
1330
1328
1317
1325
1317
1267
1243
1221
1202
1215
1222
1220
1198
1190
1161
1112
1089
1059
1035
1009
974
935
873
825
764
678
624
582
526
469
400
354
313
218
143
90
12
-52
-102
-166
-223
-285
-341
-397
-479
-538
-614
-674
-716
-763
-778
-816
-833
-849
-895
-945
-1011
-1048
-1061
-1063
-1094
-1134
-1175
-1207
-1242
-1287
-1290
-1298
-1297
-1312
-1333
-1319
-1309
-1282
-1284
-1267
-1245
-1277
-1252
-1224
-1231
-1201
-1159
-1108
-1064
-991
-914
-845
-747
-639
-517
-401
-287
-185
-85
0
98
228
348
469
552
643
725
805
892
935
1027
1101
1149
1184
1222
1293
1330
1353
1339
1321
1311
1315
1335
1323
1296
1267
1223
1183
1175
1159
1170
1179
1162
1141
1099
1087
1064
1028
1001
971
939
874
835
803
734
665
611
555
485
436
391
323
258
203
138
72
16
-39
-90
-137
-194
-255
-309
-397
-482
-521
-580
-637
-693
-740
-766
-800
-807
-852
-933
-969
-1014
-1046
-1067
-1093
-1115
-1157
-1186
-1208
-1238
-1255
-1278
-1287
-1278
-1271
-1265
-1254
-1235
-1222
-1230
-1215
-1184
-1180
-1160
-1118
-1090
-1057
-998
-943
-894
-837
-773
-660
-563
-472
-370
-269
-144
-65
21
124
213
342
453
552
634
700
800
879
953
1011
1063
1134
1179
1229
1268
1322
1382
1396
1404
1410
1395
1372
1359
1343
1341
1354
1345
1322
1303
1280
1235
1191
1160
1122
1065
1009
972
934
880
821
780
734
677
624
568
502
442
389
323
250
184
124
57
-26
-114
-184
-238
-323
-398
-460
-517
-569
-623
-630
-662
-717
-742
-795
-831
-861
-910
-928
-978
-1046
-1071
-1112
-1139
-1160
-1212
-1221
-1245
-1261
-1262
-1260
-1258
-1265
-1250
-1257
-1245
-1258
-1259
-1225
-1241
-1225
-1202
-1175
-1128
-1067
-1008
-932
-856
-798
-723
-654
-538
-420
-272
-139
-93
-1
96
200
310
403
499
570
676
769
835
906
956
1022
1072
1103
1160
1216
1278
1324
1349
1375
1379
1398
1409
1380
1365
1368
1329
1301
1313
1314
1290
1253
1218
1179
1134
1097
1074
1025
973
933
867
819
768
701
647
585
542
475
388
330
246
175
115
44
-18
-97
-168
-252
-340
-394
-456
-511
-542
-568
-599
-635
-692
-753
-803
-846
-901
-959
-983
-1002
-1047
-1097
-1146
-1196
-1242
-1282
-1288
-1272
-1264
-1268
-1273
-1270
-1265
-1267
-1276
-1292
-1280
-1248
-1246
-1232
-1198
-1169
-1113
-1068
-1035
-966
-897
-830
-726
-643
-579
-508
-439
-351
-277
-177
-86
-43
48
131
219
319
406
482
526
599
684
756
815
867
927
964
1019
1071
1096
1167
1204
1193
1225
1232
1222
1227
1226
1237
1232
1235
1244
1235
1212
1159
1138
1124
1089
1062
1035
999
945
894
849
796
732
691
666
616
539
459
382
316
257
182
125
48
-29
-92
-187
-237
-267
-308
-335
-376
-429
-497
-531
-560
-617
-666
-724
-788
-864
-914
-927
-967
-984
-1006
-1033
-1048
-1100
-1120
-1118
-1119
-1134
-1159
-1150
-1167
-1168
-1135
-1152
-1144
-1120
-1132
-1107
-1088
-1062
-1014
-972
-905
-864
-823
-778
-725
-637
-567
-472
-377
-327
-263
-190
-107
-34
28
98
168
261
344
385
462
562
638
694
731
772
819
890
956
973
1004
1050
1071
1087
1090
1091
1088
1114
1137
1116
1117
1100
1092
1085
1064
1059
1055
1062
1032
1010
970
921
883
829
779
734
742
702
644
601
528
464
409
350
266
208
142
116
72
-34
-101
-185
-221
-259
-324
-365
-409
-441
-497
-536
-573
-634
-682
-712
-751
-812
-844
-883
-931
-980
-1019
-1039
-1082
-1106
-1092
-1121
-1153
-1138
-1152
-1163
-1148
-1143
-1146
-1168
-1148
-1097
-1068
-1027
-993
-981
-955
-903
-847
-794
-737
-689
-643
-578
-510
-436
-363
-284
-189
-120
-57
3
58
134
193
236
296
380
428
479
546
589
647
682
742
785
830
888
886
911
927
944
954
986
1006
988
1019
1021
1030
1031
1022
1025
1011
1016
998
982
962
937
913
872
826
781
762
728
673
632
598
551
520
498
447
396
358
304
225
176
111
18
-52
-115
-140
-186
-227
-228
-264
-322
-392
-447
-496
-547
-594
-634
-657
-684
-729
-781
-812
-841
-880
-881
-888
-937
-961
-945
-956
-983
-981
-997
-1004
-1003
-1017
-1008
-991
-936
-896
-907
-855
-817
-800
-750
-706
-655
-623
-555
-498
-469
-394
-345
-287
-230
-181
-107
-39
25
52
88
154
199
252
317
363
402
459
532
589
609
628
663
719
768
802
833
844
871
889
881
891
901
907
919
926
938
921
927
925
923
928
899
880
846
848
809
789
758
735
711
697
667
629
590
560
482
430
416
361
304
264
208
155
89
33
-3
-30
-69
-107
-151
-192
-221
-259
-292
-351
-412
-433
-460
-496
-546
-584
-618
-666
-694
-740
-765
-780
-805
-819
-808
-813
-818
-826
-834
-841
-830
-823
-812
-790
-788
-766
-731
-700
-699
-708
-674
-644
-585
-545
-511
-461
-445
-392
-323
-278
-239
-192
-123
-77
-38
17
54
89
142
192
244
275
325
392
423
468
493
535
583
596
645
668
682
713
726
747
759
764
790
810
809
804
812
801
767
774
765
757
774
750
751
753
742
723
686
661
612
571
532
499
460
420
403
363
315
268
227
167
131
99
38
29
11
-22
-51
-95
-127
-159
-199
-248
-282
-296
-333
-368
-390
-437
-493
-531
-556
-576
-605
-630
-628
-636
-674
-701
-720
-725
-721
-749
-771
-776
-776
-765
-760
-748
-729
-714
-698
-684
-653
-635
-619
-590
-563
-521
-481
-440
-398
-355
-328
-302
-233
-186
-150
-95
-62
-27
13
74
119
145
206
248
268
307
346
379
405
436
454
460
491
504
521
555
565
576
589
619
642
632
642
658
648
643
653
649
646
633
613
620
603
591
589
576
557
519
491
459
436
409
405
384
314
284
256
222
187
146
115
91
53
1
-27
-52
-89
-122
-141
-163
-192
-214
-244
-272
-304
-340
-381
-413
-422
-448
-465
-465
-480
-506
-518
-533
-561
-581
-599
-602
-630
-644
-609
-618
-636
-629
-637
-635
-625
-626
-596
-570
-562
-534
-523
-505
-473
-446
-417
-395
-385
-368
-340
-310
-283
-255
-205
-165
-165
-129
-75
-61
-42
14
42
84
138
161
200
234
249
257
302
343
350
382
408
425
433
445
446
441
470
486
487
499
522
535
530
517
503
494
494
489
475
466
464
444
420
409
391
366
356
325
281
261
236
198
191
188
161
152
153
129
84
44
27
6
-26
-48
-61
-77
-91
-121
-153
-169
-204
-238
-284
-304
-315
-333
-322
-320
-295
-323
-381
-373
-389
-413
-409
-410
-438
-454
-446
-444
-436
-448
-455
-449
-455
-447
-424
-416
-413
-408
-415
-394
-358
-352
-330
-287
-265
-251
-234
-213
-192
-188
-191
-169
-125
-114
-95
-38
-8
5
26
56
92
112
133
171
195
202
191
199
231
259
280
301
314
327
349
361
356
362
378
394
399
409
417
424
416
389
390
393
371
379
366
337
345
343
355
368
326
292
274
237
218
214
182
161
169
145
113
83
59
44
16
2
-17
-26
-20
-38
-66
-106
-137
-154
-161
-172
-193
-205
-221
-242
-255
-244
-243
-267
-254
-258
-267
-259
-260
-254
-288
-300
-306
-328
-322
-342
-329
-322
-335
-331
-345
-334
-327
-317
-298
-295
-272
-273
-257
-240
-233
-211
-210
-181
-171
-162
-147
-152
-125
-123
-113
-90
-76
-38
-18
2
39
55
78
108
113
137
149
171
204
208
220
215
233
249
238
256
260
256
267
279
280
295
300
297
300
293
302
302
311
322
306
286
271
263
240
231
228
204
174
156
152
143
140
153
148
117
93
90
85
77
74
76
69
51
39
39
20
-8
-16
-12
-30
-50
-46
-59
-92
-108
-113
-125
-130
-126
-122
-155
-141
-174
-181
-183
-183
-179
-199
-219
-218
-173
-194
-216
-217
-185
-286
-161
-357
-194
-262
-272
-159
-244
-179
-231
-198
-224
-198
-190
-228
-186
-143
-126
-115
-90
-46
-24
2
-54
-14
-19
-82
50
-131
120
-45
-12
95
36
132
92
101
164
131
116
136
131
164
167
183
186
222
210
208
216
229
227
206
167
168
178
185
192
202
198
201
239
240
215
202
206
207
207
200
173
182
140
136
142
110
103
97
140
91
143
49
53
69
-9
111
-57
29
-28
-7
-11
-61
-53
-112
-54
-91
-138
-154
-146
-161
-146
-173
-155
-176
-155
-154
-170
-201
-198
-204
-198
