9
-11
3
2
-17
41
-5
3
20
-26
25
-8
-15
19
-8
13
0
-12
9
-8
-10
14
-8
5
14
-28
17
-1
-24
21
-27
1
21
-41
19
8
-29
41
-6
-3
5
-37
22
-20
10
16
-24
36
-20
-22
17
-24
2
29
-30
9
9
-12
-19
48
-54
17
13
-49
45
-24
8
26
-25
8
-8
24
2
6
22
-21
0
23
-13
-4
7
-27
5
21
-20
12
13
-23
12
8
-15
19
7
-17
17
1
-27
16
9
-18
-6
5
-6
1
27
-15
-8
8
-31
37
19
-37
24
-10
-9
42
-3
-17
14
-3
-4
15
4
-18
-15
19
-24
0
5
-45
19
5
-7
4
-1
-13
-9
29
-31
32
17
-19
28
-24
34
0
-21
34
-32
7
53
-62
63
-23
-35
47
-38
29
-1
-19
9
-14
-10
31
-28
21
13
-25
25
-2
-8
16
1
-2
4
-4
15
-2
-18
26
-20
19
30
-11
14
17
7
-5
28
-6
-39
16
15
3
2
20
-9
-15
75
-45
44
-1
-38
61
-29
17
-9
16
-8
-21
48
-28
17
29
-28
28
2
30
-25
2
13
-30
40
17
-10
8
5
-24
13
19
-28
31
2
-37
56
-1
-61
51
-53
13
50
-58
49
-49
11
17
-25
30
-22
-25
27
-4
-8
2
6
-8
30
11
4
19
-14
-9
36
-13
14
16
-24
25
-25
4
44
-63
55
-18
-8
42
-32
4
2
5
-14
16
-24
35
-13
-10
76
-104
47
19
-83
104
-19
-62
51
-27
0
27
4
-26
20
-1
11
-6
12
7
-30
11
20
-39
27
3
-53
89
-38
-32
51
-56
6
41
-30
11
-1
-17
32
16
-9
36
-63
56
-17
-11
49
-61
34
8
-38
53
-43
21
-10
-71
108
-89
42
51
-96
82
-11
33
-24
-9
-7
-38
72
-71
30
-2
-29
63
-37
18
-38
-4
55
-66
83
-36
-23
76
-55
40
-14
-10
19
-35
12
2
0
18
-47
38
-19
-5
71
-82
53
16
-41
38
-5
-7
-37
58
-39
44
3
-79
98
-81
2
59
-77
23
23
-59
55
-12
-44
39
-57
20
41
-45
54
-37
-23
62
-84
46
3
-79
71
-25
-44
88
-38
-36
122
-106
52
18
-44
61
-33
-17
56
-69
10
61
-50
32
64
-129
114
-17
-41
119
-113
16
22
-16
13
32
-59
60
-30
-4
79
-81
37
-13
-36
78
-36
-43
91
-57
2
72
-48
30
20
-56
69
-3
-23
11
17
-42
22
62
-57
69
-35
-11
43
-56
45
-8
28
-22
24
29
-44
79
-8
-32
72
-14
-10
84
-44
-1
37
-45
20
-4
26
-3
-32
100
-110
54
-16
4
40
-68
97
-131
95
8
-90
170
-125
29
55
-113
75
34
-36
-4
6
72
-131
95
55
-124
100
-45
-6
93
-121
93
-39
-33
27
8
7
-21
-6
-66
94
-61
34
24
-120
157
-124
26
89
-161
84
4
-94
88
26
-126
79
-5
-78
98
-4
-85
92
-4
-105
116
-107
37
57
-33
-5
-3
-27
18
-41
60
-30
-44
77
-100
29
15
-53
13
19
-14
-80
100
-66
10
61
-85
52
2
9
-29
21
-26
-11
87
-87
14
21
-18
-11
30
12
-53
48
-18
-20
28
6
-57
39
25
-17
35
-60
44
-2
-6
54
-11
-30
34
-1
-1
15
34
3
-18
19
63
-123
103
24
-118
136
6
-116
145
-80
-86
166
-129
64
40
-94
112
-8
-6
-14
65
-39
12
-14
-18
65
-81
86
-88
29
88
-81
46
2
-14
-4
38
33
-108
137
-60
-82
168
-130
39
97
-105
113
58
-131
70
14
-66
150
-80
-42
93
-77
25
59
-54
9
49
-70
70
-8
-70
87
-55
33
26
-43
15
-22
46
-42
-15
51
-53
31
29
-41
-5
28
8
-33
25
2
-42
19
25
-37
-26
36
-87
12
93
-141
72
22
-125
118
-68
-26
62
-67
23
36
-29
-17
37
-73
43
-3
-57
116
-133
51
78
-159
176
-77
-66
136
-158
74
57
-98
26
37
-63
57
0
-44
52
5
-33
79
-105
58
32
-142
193
-107
-64
148
-170
13
120
-134
121
-9
-74
56
-106
93
-41
-4
64
-96
57
78
-61
85
-27
-23
102
-71
41
-13
-46
112
-52
4
20
-42
26
2
40
-53
105
-66
-2
87
-51
79
-36
35
8
-41
56
20
-32
-11
-14
38
27
-22
17
76
-116
81
42
-101
98
8
-97
68
16
-89
112
-85
52
-50
-1
114
-203
193
-67
-65
107
-98
106
-111
25
45
-44
19
-26
15
-12
27
14
-33
8
8
-67
119
-94
-51
107
-94
26
51
-16
-44
64
-29
-37
144
-90
-36
101
-102
36
23
-25
-46
43
90
-143
53
48
-83
70
38
-54
40
-46
-89
178
-117
-37
102
-34
14
-133
141
23
-189
158
37
-193
93
31
-19
-35
31
-25
59
-24
68
-56
-29
124
-178
211
-80
-115
188
-70
-84
158
-88
19
118
-155
108
-18
-58
33
-7
22
7
29
-80
46
39
-17
14
22
6
-18
-64
98
29
-172
138
32
-107
97
-102
36
68
-164
159
38
-199
163
40
-202
139
87
-181
179
-42
-54
110
-87
16
25
-62
88
42
-98
56
43
52
-126
185
-72
-136
196
-83
-54
16
63
-40
-29
130
-99
-15
80
21
-36
81
60
-181
61
143
-235
143
-28
-39
67
-136
106
38
-153
76
87
-163
107
65
-93
-59
185
-26
-190
293
-122
-171
197
-79
-50
36
-39
47
-27
-5
52
-73
-26
85
-100
103
-68
-80
184
-237
100
143
-304
144
70
-206
224
-72
-107
140
22
-10
20
-1
-22
23
-63
126
-100
-40
201
-229
63
65
-147
48
79
-76
-58
39
43
-139
126
126
-290
106
98
-59
26
11
-54
-6
92
-51
-48
46
26
-98
38
55
-69
11
-6
42
-142
182
-28
-231
351
-246
-30
254
-215
8
109
-110
60
-9
-38
72
-122
58
150
-172
130
70
-222
263
-147
-41
238
-290
237
-44
-202
339
-169
-157
258
55
-321
210
175
-472
312
268
-555
332
192
-388
146
211
-206
-2
219
-138
-97
167
7
-191
156
79
-240
182
150
-368
233
210
-362
157
242
-382
26
349
-310
16
238
-204
80
7
86
-68
-154
331
-222
-102
400
-310
113
13
-99
131
-215
223
-140
-49
202
-188
32
164
-237
132
97
-177
107
-4
-84
-50
244
-253
7
328
-434
166
226
-427
240
131
-225
-16
165
-140
-135
369
-351
71
182
-350
384
-184
-33
137
-98
43
-37
108
-145
5
106
-169
69
5
-81
91
-148
103
8
-166
329
-325
44
350
-581
544
-281
-3
317
-550
473
-100
-221
277
-117
2
-84
206
-136
-157
413
-415
155
139
-169
44
-84
209
-255
154
109
-278
206
-49
109
-177
117
87
-344
452
-281
38
254
-357
157
118
-260
185
-16
-114
241
-51
-204
260
-27
-232
275
-18
-245
312
-59
-214
241
-108
57
33
-105
213
-257
149
168
-397
399
-83
-193
222
-4
-180
182
31
-264
242
-74
12
-33
67
111
-302
335
-101
-209
235
32
-240
78
351
-553
162
385
-544
224
253
-417
198
183
-341
215
52
-245
332
-269
80
137
-299
364
-293
89
138
-224
140
23
-161
163
27
-221
197
-32
-111
167
-85
-13
-26
80
-51
-46
225
-218
93
-59
-55
209
-254
148
153
-368
277
13
-207
208
-157
0
48
-128
99
-53
-4
-10
-57
119
-99
127
-83
-86
217
-134
48
29
-39
31
-22
55
30
-138
183
-1
-216
299
-140
-110
155
-100
-101
135
-19
-86
175
-152
-30
229
-113
-101
194
-54
-56
104
-15
-90
153
-107
-45
167
-126
5
81
-73
-4
114
23
-138
105
14
-139
147
-9
-135
113
-7
-80
156
-3
-133
74
28
-167
95
89
-187
116
52
-101
60
127
-182
24
66
53
-141
51
206
-336
233
37
-234
232
-60
-118
170
-57
-83
111
19
-172
173
24
-230
323
-293
39
142
-220
179
-66
89
-92
118
-27
-180
338
-168
-123
379
-336
68
144
-183
131
-65
8
-11
-44
92
-53
-82
90
-23
-67
136
-149
66
63
-145
41
131
-137
-51
192
-229
143
79
-243
235
-49
-122
150
-94
-5
36
-124
200
-140
119
-44
-171
235
-202
110
-42
39
19
-89
172
-184
93
111
-175
182
-118
55
69
-148
158
-29
-60
63
-18
-12
-33
141
-106
-72
205
-228
160
-15
-82
169
-188
153
-31
-77
223
-243
208
-174
94
-30
-37
156
-154
72
-46
125
-240
192
37
-199
196
-57
-57
60
86
-184
121
80
-124
-20
257
-234
-23
260
-159
-103
238
11
-269
159
178
-372
275
100
-319
300
-92
-39
-72
173
24
-256
343
-114
-242
343
-180
-91
210
-68
-88
75
74
-185
125
12
-16
-113
165
54
-320
331
-80
-269
398
-243
-69
226
-69
-208
317
-64
-298
395
-138
-217
367
-135
-245
410
-159
-161
316
-216
-93
401
-362
120
118
-167
95
-35
51
-103
150
-26
-156
52
186
-264
44
313
-406
155
164
-363
204
51
-233
151
18
-111
42
20
-40
-54
71
152
-375
317
1
-338
484
-343
60
191
-217
46
140
-183
106
64
-100
42
-34
-61
105
-88
20
104
-123
129
-113
52
2
-24
-27
121
-34
-62
84
-12
-99
149
-59
-142
180
-194
58
155
-216
60
85
-248
253
-21
-190
285
-154
-68
138
-15
1
-44
106
-92
49
33
-176
239
-120
-41
62
-12
33
-67
27
51
54
-153
69
147
-321
426
-284
60
172
-161
154
-102
-15
-43
142
-233
121
137
-269
338
-217
-60
232
-166
60
35
-145
178
-131
47
122
-123
56
-18
35
-26
13
33
13
-22
-53
140
-105
-143
226
-60
-86
19
25
-140
178
-69
-69
129
-38
-102
151
38
-160
14
85
-22
-148
270
-224
111
21
-94
141
-147
-5
122
-101
-3
167
-139
12
124
-21
-61
124
-168
111
20
-123
199
-158
57
-4
-62
169
-150
27
144
-92
-173
337
-228
-63
168
-162
58
116
-67
-173
273
-147
-81
208
-21
-151
131
53
-129
100
-1
-98
135
-82
-15
174
-204
-13
191
-151
32
119
-31
-176
227
-39
-156
164
-2
-123
82
-29
11
11
25
15
-43
123
-109
9
105
-192
157
-47
-70
194
-144
-72
112
23
-116
46
92
-164
82
84
-236
180
136
-304
163
71
-206
168
85
-223
120
87
-241
292
-54
-251
306
-148
-26
103
-216
204
-47
-110
191
-15
-238
347
-167
-137
345
-371
212
41
-220
168
-114
-3
54
-25
48
-87
149
-72
-102
179
-180
93
88
-173
194
-147
-82
169
-53
-60
59
-9
-28
122
-175
200
-47
-152
196
-147
-15
223
-162
-64
206
-175
20
134
-136
-22
150
-104
-26
81
-79
97
-168
89
-79
117
-51
-53
182
-151
11
123
-101
-50
214
-183
14
137
-228
240
-49
-66
-99
268
-177
-112
454
-373
35
211
-199
0
138
-93
-54
90
-96
41
108
-77
15
143
-266
201
-33
-133
243
-281
193
-27
-174
299
-226
94
58
-11
-78
82
-22
35
36
-105
81
-34
-49
167
-40
-149
274
-98
-220
324
-99
-200
287
-95
-43
30
78
-161
80
170
-226
75
30
-109
29
75
-121
124
-78
76
-105
13
158
-269
197
-74
-87
205
-110
1
41
2
29
-60
71
-68
-38
123
-62
-55
174
-91
-105
175
-136
14
12
-53
74
-70
127
-142
106
139
-440
381
-38
-199
302
-340
260
-33
-69
55
-207
183
-85
-16
24
-66
105
-153
240
-101
-117
203
-181
73
121
-213
89
51
-133
85
-3
-30
-61
97
85
-198
216
-83
-162
115
51
-54
-18
56
-77
102
-57
80
-91
79
-124
86
41
-33
64
-12
-132
126
-39
-20
37
-66
72
-20
-145
209
-72
-160
151
2
76
-97
62
112
-311
199
79
-210
209
-17
-252
180
-3
-104
120
-76
222
-123
-73
291
-281
125
6
-168
187
-95
148
-97
-128
176
-137
36
-24
-25
206
-346
194
151
-322
278
-143
31
-70
160
-84
-100
188
-64
-48
162
-144
95
-46
113
12
-118
191
-198
144
144
-324
262
10
-191
78
113
-74
-107
254
-308
34
410
-545
214
225
-366
194
7
-91
113
-54
-76
154
12
-163
159
-89
4
118
-136
288
-407
265
36
-233
247
24
-258
179
29
-184
246
-114
-200
299
-161
-99
334
-490
284
-42
-72
60
-197
228
-254
170
-69
-20
94
23
-191
134
63
-259
385
-218
-214
409
-243
134
116
-253
225
-149
-6
148
-159
60
-38
13
136
-150
-124
327
-268
92
49
79
-81
-19
133
-218
261
-196
53
58
-139
167
-89
-31
-6
212
-335
160
199
-433
370
-112
-120
266
-371
412
-191
-136
356
-214
-111
383
-301
96
71
14
-28
-10
153
-300
357
-264
-50
301
-350
212
47
-242
244
-149
35
31
-42
95
-216
202
-89
117
-187
191
46
-295
363
-73
-179
71
196
-329
118
127
-31
-95
28
102
-313
265
190
-522
347
68
-411
384
24
-230
176
106
-252
141
67
-35
-158
282
-201
-64
428
-516
263
96
-314
223
91
-253
-11
496
-704
309
321
-707
623
-205
-256
329
-19
-142
44
324
-316
-168
330
1
-309
332
-68
-268
324
-186
84
-22
-105
141
-35
-68
69
-6
-92
113
-54
115
-337
372
61
-694
812
-222
-479
629
-183
-325
448
-230
47
85
-124
105
-65
8
54
26
-203
256
-188
16
179
-245
69
197
-303
153
149
-373
450
-354
59
188
-289
285
-133
-91
95
-37
86
-204
239
-51
-278
484
-337
-177
547
-380
-25
207
-79
-125
74
180
-300
212
-32
-62
26
-98
344
-399
331
92
-575
545
-250
-40
313
-290
194
-183
136
-53
-4
153
-345
342
-208
138
-166
108
95
-326
462
-154
-263
482
-341
48
284
-322
161
-188
285
-167
-59
342
-254
-166
424
-465
251
109
-229
141
-30
-116
126
93
-294
240
56
-102
60
83
-307
218
36
-208
304
-315
129
79
-96
8
18
123
-164
-15
153
-254
170
-61
-109
273
-214
-90
280
-146
-125
292
-153
-166
332
-131
94
-89
-127
343
-446
333
29
-308
385
-228
-71
151
112
-356
293
63
-370
175
220
-207
32
108
-120
-114
335
-184
-26
232
-177
-84
249
-123
-136
59
28
-49
-125
274
-218
105
-71
29
94
-109
35
40
3
-68
138
-59
-54
74
31
-206
400
-335
-47
402
-484
335
-57
-189
234
-40
-26
-120
162
-126
102
-98
64
-74
58
50
-52
94
-113
-82
265
-178
-60
375
-326
88
12
86
-134
-68
133
-180
255
-197
-68
579
-534
-74
410
-233
7
58
-58
-106
227
-131
163
-201
37
234
-339
174
39
-68
-83
42
141
-260
141
218
-463
127
356
-303
24
-9
141
-244
268
17
-441
741
-735
303
319
-605
664
-666
565
-128
-531
937
-964
448
400
-846
556
80
-271
27
3
47
-368
371
191
-706
674
-170
-297
488
-227
-117
109
48
121
-176
233
-39
-362
245
-103
207
-241
51
226
-236
50
387
-377
-64
271
-255
80
-128
183
25
-329
724
-498
-84
721
-959
445
292
-586
303
93
-102
-425
700
-298
-406
701
-484
-24
402
-401
279
-244
189
-3
-199
338
-148
106
-147
112
57
-305
390
-251
9
76
-102
270
-82
2
9
44
-316
108
426
-490
79
346
-415
313
365
-632
395
-141
-153
83
-78
20
110
-185
7
544
-785
748
-260
-439
400
22
-40
-128
323
-244
-305
670
-268
-170
254
-101
279
-541
638
-152
-406
536
-447
131
338
-646
752
-203
-675
978
-567
-249
461
98
-557
489
57
-382
335
-212
-51
416
-490
379
-186
-446
740
-504
194
87
-259
287
-102
54
-130
161
84
-90
-55
150
-17
-280
233
-125
-33
225
-411
481
-206
-256
560
-282
-320
463
-85
-383
554
-167
-208
114
-80
-46
167
-207
321
-82
-393
614
-470
18
377
-436
303
-195
-119
450
-545
62
384
-286
7
409
-644
225
416
-726
387
359
-908
869
-91
-797
1306
-953
40
684
-924
395
230
-721
617
161
-682
720
-166
-384
409
-95
42
-267
408
-146
-348
378
-35
-240
104
154
-155
-41
590
-557
-152
771
-975
621
-68
-427
832
-1006
582
176
-661
509
-292
77
42
47
42
-88
-37
168
-217
216
-134
9
207
-442
464
-158
-119
230
-123
41
59
-55
160
-106
-235
400
-490
236
386
-821
776
-311
-322
920
-636
-4
379
-459
464
-428
45
364
-620
626
-291
-168
516
-512
321
75
-267
140
203
-436
502
-142
-357
430
128
-663
554
284
-1155
1159
-527
-225
982
-1140
753
-222
-467
999
-1136
583
526
-1340
1042
67
-956
1074
-254
-621
860
-489
-40
374
-261
44
130
-44
-618
740
84
-967
1211
-602
-247
643
-686
414
-134
-241
586
-726
462
520
-1128
948
-165
-741
777
-150
-266
152
299
-456
6
602
-898
507
287
-907
1026
-400
-430
640
-649
447
-105
-107
437
-434
-298
957
-1014
619
285
-932
965
-949
581
19
-244
520
-874
798
-10
-1101
1568
-767
-751
1826
-1373
-44
1005
-1182
415
363
-536
118
384
-544
240
-70
-58
412
-354
236
44
-375
320
162
-666
633
-198
-645
1077
-689
6
911
-1118
468
326
-1002
1032
-411
-221
421
-519
570
-252
8
315
-572
168
25
113
117
-224
-119
220
252
-364
139
-28
-173
480
267
-1053
1239
-1049
130
835
-1368
1322
-800
168
65
-489
871
-675
254
409
-841
421
340
-558
552
-122
-134
-163
167
397
-446
226
24
-310
281
-22
-83
-74
82
-126
82
301
-372
282
-170
-323
639
-586
341
239
-884
871
-390
-246
857
-854
299
149
-455
681
-379
19
160
-439
465
-62
-185
131
37
-319
143
484
-830
736
-144
-769
1060
-285
-438
541
-37
-645
884
-540
152
433
-855
605
-124
-242
709
-648
207
121
-484
414
145
-703
681
-294
-385
806
-445
83
114
-53
-417
577
-118
-641
1066
-1013
750
125
-858
1011
-597
-267
941
-838
366
160
-880
955
-430
-128
489
-604
170
300
-397
31
487
-684
549
-13
-553
745
-162
-356
538
-224
-314
516
-565
99
438
-696
488
132
-527
756
-514
-240
832
-738
60
563
-744
702
-299
-260
454
-444
172
268
-276
-46
169
-260
41
369
-628
311
352
-655
593
75
-620
521
-170
-536
756
-186
-302
619
-769
534
31
-303
766
-1266
1133
-658
-25
586
-1091
1175
-926
435
217
-759
1257
-1034
187
626
-773
596
-575
-344
1012
-1000
443
623
-1339
1042
-527
55
482
-500
393
-647
607
43
-425
660
-783
445
130
-616
933
-689
-199
820
-718
233
204
-465
434
-133
-253
623
-592
414
-56
-361
717
-731
190
252
-336
206
233
-613
910
-427
-394
723
-926
616
-326
77
348
-502
526
-244
122
101
-192
146
-366
484
-504
153
347
-597
744
-314
-192
749
-914
655
94
-995
1310
-779
-33
957
-1350
706
388
-963
842
-357
12
104
-574
882
-507
-339
620
-600
240
440
-241
-184
193
-18
-494
936
-556
-368
785
-685
415
200
-525
504
-403
55
503
-882
1024
-373
-1166
1886
-1232
255
956
-1769
1414
-504
-512
1308
-1008
332
21
-424
821
-913
453
278
-701
613
-165
-170
-114
174
-117
85
399
-837
627
378
-1397
1423
-575
-801
1448
-1321
569
284
-887
1304
-1281
702
434
-1467
1799
-1112
112
987
-1584
1237
-309
-247
515
-532
442
-683
529
91
-416
811
-1067
806
-30
-951
1586
-1202
-141
888
-815
737
-182
-202
378
-615
976
-778
-12
711
-1044
844
-477
-60
355
-639
621
-480
201
436
-1131
1323
-893
56
1110
-1596
1375
-363
-512
739
-457
233
-383
282
-95
-343
853
-876
713
91
-1125
1426
-1029
294
738
-1325
1250
-789
-263
1097
-1285
1180
-769
-211
869
-1177
1153
-495
-3
371
-867
1031
-454
65
115
-504
591
-297
91
225
-745
614
-46
-584
1186
-1073
395
97
-662
1163
-872
272
200
-736
650
-63
-185
248
-248
235
-249
85
-2
46
11
-167
123
-384
634
-175
-310
497
-333
-283
535
46
-389
485
-395
-38
487
-523
332
162
-531
586
-471
211
188
-504
612
-621
297
128
-318
293
-328
164
-50
27
187
-506
457
-321
68
541
-656
334
141
-613
740
-322
-194
471
-593
573
-405
38
540
-634
619
-280
38
233
-191
235
-323
256
-118
-227
256
-84
-104
25
380
-170
42
334
-418
67
-46
307
-154
134
134
-375
275
-204
126
129
-154
-63
-114
352
-163
137
118
-657
466
108
-560
875
-787
-130
669
-751
716
-380
-299
474
-246
42
177
-207
348
-687
379
291
-581
687
-502
261
38
-134
126
-238
433
-514
310
145
-463
494
-176
-216
377
-304
36
95
-455
239
83
3
175
-337
322
-477
415
-25
-176
446
-297
-12
-127
143
-474
165
273
-660
515
16
-575
883
-278
-294
380
-278
-102
115
-38
42
31
109
-42
-185
73
69
-406
447
-215
-88
392
-350
66
135
-202
10
260
-481
462
-282
-60
509
-583
361
-132
-355
355
-293
259
57
-52
78
-159
128
-229
271
-122
25
71
41
-119
310
-151
144
60
3
166
-137
14
-39
-182
-205
204
-257
259
-56
-198
176
162
-179
127
178
-359
446
-308
-78
255
-53
-150
-29
21
406
-265
108
176
-567
355
170
-502
576
-15
-445
459
-340
-139
560
-440
-141
662
-614
295
60
-484
311
-182
348
-290
136
315
-452
342
-24
1
-12
131
-189
-169
346
-224
166
43
-233
183
-317
394
-128
-41
198
-277
165
271
-160
20
127
-463
304
-34
-36
48
142
-128
-309
471
-156
-347
433
-227
-117
380
40
-607
497
-118
-542
745
-187
-255
358
-147
-223
470
-193
-95
104
-41
-12
60
86
-228
102
87
-293
-39
337
-375
190
252
-473
283
-135
100
-14
12
-50
-129
71
-55
392
-172
-117
450
-580
391
115
-523
554
-440
119
301
-347
431
-211
-38
267
-224
247
9
-320
467
-324
-23
404
-185
-346
525
-47
-548
916
-407
-364
543
-392
-79
111
223
-449
74
490
-816
572
-76
-301
274
-26
-73
5
183
-168
39
291
-120
-172
184
-36
-198
106
187
-263
3
358
-497
187
231
-312
181
147
15
-153
-53
207
-102
-95
512
-633
2
747
-602
455
-187
-220
272
-94
177
-308
39
60
-160
57
332
-283
294
-115
50
89
58
-314
318
-194
-196
273
-321
-1
-160
63
-58
-138
160
-85
-365
319
47
-475
622
-335
-225
397
-445
380
-55
-241
178
-315
227
-16
-98
162
-196
47
-100
-14
-116
57
-56
-143
197
-171
-108
232
-197
144
154
-350
418
115
-126
13
-119
105
66
-62
43
-126
-67
188
-168
122
8
-19
182
-11
-65
9
98
-89
153
-115
-74
121
-118
215
-130
103
-53
-199
421
-187
-184
375
-59
-173
300
-116
-115
259
-14
-205
161
178
-136
143
249
-345
106
288
-267
143
62
-254
-18
445
-188
80
235
-469
66
75
-18
69
167
-320
-79
83
137
137
-92
185
-315
170
243
35
-56
-23
-97
-32
443
-260
-56
41
-198
244
-92
118
189
-456
-91
188
166
-260
36
-71
9
-131
83
223
-613
-88
246
-377
378
216
-352
237
125
-340
339
443
-420
74
178
-41
51
163
135
-85
-58
198
-65
102
305
-374
228
357
-230
208
184
-479
98
196
-77
475
269
-31
173
339
40
-122
296
-132
-91
403
232
178
155
-94
-168
-88
-80
-28
86
-54
-181
136
-21
-343
-101
-368
-522
-268
-241
39
-444
-274
-470
-231
73
-269
160
134
-395
-609
-380
103
-218
-348
-301
-858
-228
-233
-295
-318
-640
-615
-449
-290
-494
-618
-396
-313
-320
-258
-514
-391
-214
-41
656
331
512
807
1181
1733
1364
1767
1439
1297
1703
1652
1639
1265
927
692
969
773
595
418
-5
-221
1
-224
-387
-529
-842
-579
-495
-733
-423
-600
-654
-625
-361
160
-157
-349
-209
-257
160
448
249
149
-189
-180
146
427
495
-344
-347
-223
-497
-216
-468
-909
-1267
-1039
-708
-456
-308
-1126
-1075
-495
-647
-373
-74
-495
-597
-504
-193
-96
-379
-142
-870
-775
-120
-479
-595
-828
-511
-593
-728
-784
-1077
-1300
-1947
-2620
-3340
-2144
310
2961
4070
2915
2361
2488
3360
3574
2969
1902
1146
1863
2746
3671
3329
2019
294
-1025
-557
-349
-547
-1162
-2522
-2326
-1188
-973
-921
-1517
-2589
-2662
-2351
-1323
-36
-315
-749
-424
571
1662
1711
1345
600
731
1676
2432
3000
2514
1851
1343
1528
1805
1470
1005
-157
-107
1081
1247
667
-128
-1123
-2005
-1691
-895
-1194
-1594
-1539
-1622
-1296
-401
-395
-859
-1189
-1388
-404
81
541
501
-342
-191
-465
-114
-232
-748
-1037
-1203
-267
-125
348
-416
-1591
-1330
-1878
-1223
-518
-1246
-1397
-1460
-1394
-742
-1110
-1712
-2405
-2732
-1387
-1099
-1099
-1022
-1598
-1759
-2154
-2279
-2755
-3594
-3033
282
4793
6827
5813
4334
4106
4641
5681
5823
5137
3763
2763
3907
4997
5464
3687
214
-1939
-2467
-986
-682
-2149
-3384
-3979
-2730
-1886
-2022
-2635
-3979
-4187
-3912
-2164
25
-185
-831
-632
998
2581
3028
2858
1860
1611
2218
3139
4065
3516
2725
2073
1002
1637
2657
3680
2557
-778
-1361
-1247
591
1199
-411
-1364
-3794
-2535
-1091
-964
-132
-2186
-2561
-1856
-1171
828
684
-804
-1496
-1013
685
1196
348
-467
-1067
-470
-334
-79
181
-2010
-3168
-2551
-1364
351
-384
-1726
-1878
-2350
-1795
-1322
-1238
-1524
-3057
-2316
-790
-615
-748
-2541
-3172
-2482
-2425
-1682
-1926
-2030
-2255
-2578
-2068
-3994
-5058
-5651
-3098
4954
9165
9689
6952
4608
6547
7565
9045
7834
3842
3524
4025
5802
8109
5761
1998
-2081
-4388
-1991
-960
-2389
-4738
-6393
-4564
-2365
-1664
-2572
-4319
-5463
-5500
-2928
-290
443
-141
-1161
545
3218
4464
4423
2771
1765
2029
3592
5379
5157
3926
1695
84
458
1097
2533
3377
1644
-1033
-1600
-144
-386
-1016
-731
-2288
-3079
-1255
-107
-5
-894
-1912
-1858
-1632
24
967
-200
-1074
-1496
-347
1211
823
-439
-1105
-935
-794
-653
-415
-1040
-2185
-2396
-1539
-1174
-1478
-2147
-2695
-2259
-1209
-135
-684
-1620
-2156
-2459
-1754
-849
-213
-1995
-3230
-2684
-1404
106
-1360
-2333
-2808
-3387
-2835
-3268
-4588
-6192
-7020
-4097
4096
11078
12126
8177
4155
4738
7786
10197
8863
5275
2598
3659
7706
9175
7407
1543
-4931
-6838
-4856
-966
-1208
-4673
-6531
-6460
-3203
-1368
-2409
-4476
-7018
-6313
-3478
471
3156
1953
350
566
3190
6307
5790
3512
2241
2103
4647
6267
6482
4983
988
-358
-680
1288
3372
1111
-1500
-3293
-1607
586
-362
-1032
-2754
-4456
-2933
-733
690
420
-1641
-2265
-1260
836
2069
485
-1203
-1688
-449
1015
691
-61
-1627
-2515
-1912
-931
341
-895
-2918
-3599
-2799
-646
-571
-1510
-2633
-2913
-1333
-755
-529
-779
-1728
-1890
-1598
-591
-426
-1681
-2093
-2184
-1922
-1203
-1196
-1588
-2801
-4023
-3771
-2543
-2709
-4907
-7285
-8772
-5110
3708
11358
14011
9338
4586
5657
8115
10857
9649
5406
3220
2799
6946
10038
7364
1893
-4641
-7122
-4953
-2189
-1108
-3388
-6857
-6773
-4466
-2494
-2370
-5123
-6925
-6686
-4050
377
2848
2258
898
1620
4153
6500
6148
4236
2809
2465
4321
6980
7243
4489
1435
-894
-8
1830
1072
-567
-3376
-3392
-1426
-268
540
-1286
-2668
-2675
-2098
81
727
-732
-1430
-1358
-51
1969
1810
-256
-2328
-2378
-907
628
607
-395
-1257
-2597
-1201
-95
-291
-715
-3088
-2994
-2381
-2108
-1507
-2784
-2870
-2330
-2179
-941
-582
-1552
-2053
-2144
-1214
-246
-604
-1848
-2755
-1140
513
256
-1426
-2915
-2905
-3872
-3940
-1957
-1286
-2929
-6128
-8737
-7004
-210
7845
13319
12933
8312
5634
7093
9956
11088
8357
3862
2985
5163
8479
8921
3697
-2594
-6557
-6257
-4227
-2951
-3224
-5847
-7538
-6211
-3016
-1505
-2895
-5704
-6592
-4502
-1188
2345
2966
2511
2401
2512
5260
6995
6026
4036
1782
2202
4447
5731
4928
1800
-1139
-2262
-896
1199
394
-2450
-4758
-4309
-1483
880
1059
-1448
-3464
-3290
-1488
2396
4011
2508
674
-963
705
3063
3118
1540
-1831
-2762
-396
1086
296
-1187
-3165
-4165
-2685
-984
-165
-1418
-2994
-3155
-2735
-988
-108
-945
-1855
-2912
-2388
-20
921
-153
-2282
-3198
-1739
-214
969
494
-1562
-3089
-3553
-1278
934
-158
-2454
-4240
-3735
-2054
-1635
-2147
-3154
-5690
-8977
-7986
-3246
3854
10617
12427
11091
7775
7299
9659
10563
9647
5616
2990
4141
7379
9200
5880
27
-5308
-7614
-6098
-3801
-3616
-5278
-6851
-6998
-4209
-1332
-2071
-4552
-6705
-5602
-1590
1352
3245
3601
2803
3194
4487
5948
6013
3988
2877
2837
3610
4844
3977
2409
-111
-2321
-2634
-2293
-83
228
-1586
-2708
-3630
-2033
-417
-53
129
-1456
-820
1967
3225
3637
2403
602
-518
518
3028
2405
655
-1587
-2885
-1425
-1000
-598
-1274
-2965
-2928
-2518
-1307
-70
-1065
-3038
-3622
-3490
-2664
-1544
-1370
-1513
-2084
-1310
53
-574
-1172
-1350
-2004
-1898
-1384
-479
446
-1034
-2743
-2440
-1879
-1626
-1539
-1633
-2331
-4088
-4790
-2460
-829
-2507
-5971
-8819
-8196
-3439
5401
13656
16065
11448
4850
5188
9074
11788
10769
4397
1554
3355
7092
10085
5567
-1646
-7419
-9924
-6671
-2933
-1829
-4662
-8499
-7821
-3961
-1064
-1634
-4556
-6441
-5009
-1319
3012
6143
5750
3455
2352
3235
5320
6362
5108
3649
3159
3548
4622
4050
1225
-1848
-3994
-4315
-2765
-1198
-1456
-3021
-3153
-1438
-283
214
139
-1475
-1674
1036
2701
2794
3180
2469
1472
1494
1549
1402
136
-1246
-987
-635
-705
-559
-1769
-3453
-3931
-3517
-2119
-1641
-1153
-1135
-2105
-1563
-1703
-1846
-1841
-2409
-2101
-926
287
524
461
-494
-1453
-1811
-1470
-970
-837
-79
-555
-1341
-1539
-1124
-1665
-3789
-3713
-2715
-1756
-1080
-1946
-2594
-3464
-5995
-8818
-8695
-4401
3308
11866
15792
13164
6819
3937
7357
10652
11078
7871
3328
3018
5912
8496
6520
-78
-6184
-9533
-9307
-6092
-2078
-2303
-5959
-7466
-6665
-2982
-1401
-3621
-5295
-5165
-1426
2846
6026
6744
4409
2334
2299
5139
7073
6482
4150
1657
2351
4106
4433
2208
-2282
-4928
-5059
-3096
88
180
-2469
-5351
-4874
-85
2386
1502
-545
-2376
-719
2954
5034
4949
3459
1221
477
1872
3588
3401
-67
-2971
-3144
-2124
-493
-913
-3443
-4153
-3634
-2804
-1278
-984
-1153
-2455
-3515
-1642
-275
166
-357
-1846
-2050
-902
525
150
-1341
-1191
-191
-27
-519
-1184
-72
387
-1609
-3067
-2711
-552
-1543
-3238
-2090
-1421
-1359
-3319
-3700
-2972
-4333
-5982
-8756
-8685
-4322
2745
11229
15761
14558
8785
4328
5643
8363
9805
8004
4340
3906
6128
8077
5675
-926
-7001
-10272
-9107
-5189
-1787
-1678
-5208
-7149
-5677
-3261
-2185
-3698
-5188
-4265
-1198
3085
6601
7471
5786
3435
2786
4191
5565
5834
4323
2222
2452
3592
3647
1301
-3025
-5545
-5574
-3464
-789
-199
-1955
-4700
-3909
178
2775
2580
360
-130
1266
3040
5806
6014
3457
855
-733
-85
1618
1806
-500
-4250
-5553
-3357
-2005
-2030
-3166
-4239
-3504
-2202
-21
941
334
-1001
-2711
-2207
-537
30
-575
-1124
-1247
-678
-55
-510
-806
-820
-1075
-1364
-645
1022
805
-1107
-2399
-2963
-2187
-761
-1279
-2977
-3857
-2961
-1250
-1574
-3024
-3984
-5756
-7865
-9263
-8664
-3219
6013
14165
17206
13913
7792
4252
5295
8537
9914
8067
5417
4770
6183
6729
3736
-2278
-8298
-11014
-9103
-4506
-1121
-1536
-4686
-7111
-6675
-4503
-3134
-3485
-4068
-2903
343
4330
7288
7874
6114
3567
2319
3277
4964
5412
4410
3052
2613
2689
1824
-18
-2534
-5075
-5610
-3711
-1122
-73
-1732
-3813
-3726
-2175
-645
-20
144
2150
6162
8347
6576
4116
2729
437
-492
1910
2716
639
-894
-2796
-4910
-4269
-3255
-4688
-5366
-3299
-1045
-79
210
-293
-1820
-2995
-2424
-767
759
1503
717
-656
-399
496
-510
-2319
-2213
-842
-227
25
257
-117
-726
-1265
-2507
-3468
-2305
-1045
-2355
-3457
-1645
-852
-2048
-2639
-2996
-3905
-4568
-4015
-4935
-7062
-7734
-4510
3646
12526
18923
16410
7142
2707
3833
9063
12104
8996
5866
2935
3389
5842
3839
-399
-6969
-12187
-11092
-5886
-924
-1011
-4799
-7575
-7770
-5155
-2165
-2087
-2837
-2403
-793
3129
7313
8983
7171
3338
1458
2869
5874
7605
5904
3077
1641
938
1040
352
-2078
-4604
-6593
-5982
-1985
1982
1895
-1935
-4966
-3687
-1163
41
909
1263
4454
7049
6011
4293
2895
2403
-494
-1137
900
735
341
-1693
-4017
-4754
-3942
-3598
-4528
-3387
-764
710
169
-461
-147
-339
-1307
-1256
-184
668
1432
861
-330
-448
-1073
-2450
-2922
-2550
-1297
560
1077
-3
-1132
-1039
-1089
-2839
-4219
-3517
-2097
-1788
-1670
-613
-489
-2982
-4875
-4404
-3336
-2676
-5267
-8390
-8276
-2607
8877
16953
18676
13316
3798
1531
4959
9662
12127
8293
3847
2214
4191
5924
2148
-3962
-9683
-11892
-9263
-4186
-275
-1458
-5986
-9065
-8147
-4799
-2303
-2121
-2654
-1503
1574
5563
8561
8629
5828
3032
2870
4870
6978
7409
5297
2116
690
909
287
-1343
-3636
-5911
-6031
-4040
-1462
-862
-3448
-5730
-2730
3133
4977
1496
-1083
609
751
2458
6075
5224
2519
315
132
-584
-197
1410
-1636
-4460
-3203
-150
254
-1754
-2137
-2098
-1976
-1039
280
610
103
-460
-1747
-991
904
238
-2294
-4095
-2834
-1457
-528
946
553
-995
-2758
-3301
-2313
-612
586
-985
-3401
-3124
-836
19
-1254
-2680
-3197
-3433
-1973
248
-646
-2992
-4293
-5230
-7048
-8356
-6650
-104
9106
15846
17730
12455
5512
3163
4395
8451
10031
7506
4698
3372
4474
4219
333
-5436
-10643
-11301
-8243
-3907
-554
-1694
-4615
-6409
-6199
-3800
-2216
-1584
-1560
-549
3316
6913
8448
7517
4723
2476
2130
3750
5489
5877
4636
3008
2027
798
-515
-2611
-4467
-5003
-5046
-3303
-1589
-764
-700
-2741
-4192
-3763
-1710
1620
3515
3298
1930
882
2285
3925
4404
3534
279
-533
997
1483
1662
-18
-3067
-5010
-4828
-3108
-1313
-672
-1473
-2076
-1704
-588
405
83
-1314
-2365
-2092
-823
461
639
-606
-1961
-2119
-1662
-741
318
-317
-1928
-2626
-2115
-1030
-426
-743
-1426
-2365
-2907
-1975
-542
552
-134
-1936
-2792
-2538
-2225
-2732
-3415
-6215
-8505
-7840
-2524
8497
17744
19902
11620
1751
279
4508
10619
11497
7715
3499
1141
3273
5685
3783
-2407
-9534
-12692
-9515
-3110
1596
610
-4770
-8217
-7518
-3981
-681
-428
-1603
-1467
1088
5596
8991
8646
5045
750
-277
2667
5763
6750
5475
2234
-353
-634
-378
-978
-2909
-5491
-6037
-3770
-654
789
-617
-2677
-3572
-3437
-1243
2192
3686
2638
1153
1402
3041
4093
4057
2532
-100
-724
1229
2379
1573
98
-2069
-4535
-4869
-2332
39
-128
-1323
-1893
-1765
-565
386
-671
-2072
-2325
-2308
-1888
-548
399
-611
-2373
-2541
-1613
-806
-192
-463
-1557
-2150
-1555
-788
-1119
-1100
-333
-1022
-2220
-2394
-1962
-547
421
-425
-1463
-2112
-2986
-4409
-5934
-6766
-7883
-7998
-2754
8097
18589
19865
10248
227
-1304
4346
10656
11532
7611
4219
3395
4017
4321
2401
-2705
-9035
-11817
-8571
-1687
3050
796
-5347
-8746
-8079
-4770
-1342
-617
-1528
-1757
-93
3870
7558
7970
4996
917
-401
2455
6301
7625
5791
2492
-78
-808
-350
-529
-1941
-3641
-4593
-3415
-193
1819
320
-2844
-4833
-4746
-2766
252
2766
4220
4322
2548
1199
2733
4722
3803
888
-542
201
768
826
254
-2130
-4084
-4251
-4267
-3071
-678
27
-1482
-3045
-2620
-1239
-477
-53
-489
-1632
-1763
-1419
-867
-149
-657
-1241
-2016
-2154
-703
-133
79
-938
-2819
-2440
-928
392
560
117
-330
-2061
-2908
-1920
-1028
-416
-1192
-2659
-3465
-3154
-2007
-3916
-7509
-9410
-6217
3536
13378
18489
14091
4337
-129
1613
7690
11773
9723
5499
2650
3781
5867
4485
484
-5080
-9571
-9633
-5348
95
1782
-1140
-5659
-8762
-7634
-3600
-1195
-1509
-2202
-1584
876
3675
5488
5770
3371
769
225
2689
6353
7329
5889
2686
303
-491
-1030
-902
-1463
-2508
-3459
-3560
-1955
353
1357
-389
-3255
-4074
-1342
2158
3710
4386
4901
4516
3219
1507
143
-18
131
-579
-1398
-1129
-231
-396
-2070
-3924
-4546
-3671
-2108
-576
730
1233
263
-1418
-2020
-1284
-764
-1178
-1621
-1533
-1203
-751
-344
-595
-1479
-2284
-2842
-3096
-2207
-10
1531
764
-1169
-2286
-2250
-1828
-1635
-1691
-1527
-956
-123
193
-441
-1818
-3814
-5067
-4956
-4730
-5686
-7499
-7213
-974
9303
16751
16399
7909
180
-476
4255
10585
12287
9439
5314
3010
3645
4018
2755
-882
-5752
-9113
-8156
-2923
1251
767
-3422
-7303
-8544
-7084
-3846
-1870
-1001
-1113
-1212
1169
3974
6040
5586
2769
985
1223
3834
6069
6583
5665
3221
1455
-133
-799
-532
-1274
-2135
-3247
-3029
-1468
81
742
-1267
-3146
-3543
-2913
-787
1918
4287
4685
2936
1404
1336
1577
1680
1326
-66
-1214
-870
66
-114
-1159
-2065
-3046
-3706
-2659
-479
484
-295
-1275
-1503
-1116
-792
-920
-1458
-1829
-1493
-1139
-713
-164
-454
-1335
-1631
-2080
-2278
-983
186
735
-152
-1210
-1012
-921
-291
-438
-1146
-1603
-1864
-1006
-756
-449
-758
-2896
-4350
-4635
-3921
-4162
-5642
-6890
-7210
-2898
5189
13015
15681
10936
4805
1715
3128
7462
10487
10263
7531
5009
3879
3300
2523
1039
-2167
-6267
-8199
-6395
-2725
-632
-1487
-4615
-7744
-8480
-6875
-3996
-1233
-215
-341
-38
1307
3750
5621
5246
3456
2103
2616
4770
6874
7664
6132
2959
2
-1765
-1351
128
172
-1331
-2781
-3226
-1996
-468
-494
-1743
-3571
-3983
-3240
-1043
2322
3877
3948
2611
1144
-116
-439
812
775
590
608
221
-83
-685
-909
-1456
-2513
-2328
-1166
-498
176
545
-184
-1208
-2023
-2192
-1882
-1628
-1214
-1076
-1513
-1886
-1553
-919
-866
-1471
-2020
-1577
-963
-300
709
1116
787
-275
-741
-784
-1283
-975
-294
120
-179
-849
-1528
-3390
-4696
-4212
-3190
-3136
-4949
-6880
-7808
-5815
605
8714
13939
12629
6824
1939
1738
5763
9829
10661
8468
5480
3602
3530
4120
4160
1841
-2605
-6598
-7906
-5352
-2040
-727
-2153
-5104
-6935
-7261
-5932
-3709
-1691
-566
-647
-717
388
2629
4674
5318
4566
3485
3128
3633
4633
5358
5121
3730
1630
-81
-716
-560
-588
-1193
-2076
-2641
-2662
-2790
-2671
-2324
-1478
-514
-658
-1046
-1187
-1
1979
3078
3125
1861
449
-451
-482
558
1535
1463
94
-1435
-1836
-999
111
393
-376
-1373
-2004
-2141
-1335
-151
292
-339
-1626
-2453
-2303
-1820
-1397
-1145
-1217
-1285
-1113
-766
-317
79
165
-117
-280
-17
520
1231
1499
876
2
-753
-1295
-1317
-1203
-1402
-1782
-2247
-2729
-3133
-3224
-2892
-2855
-3720
-5015
-5853
-5448
-3121
1227
6340
9814
9907
7131
4018
3039
4407
6358
7358
7186
6297
5047
3675
2487
1642
756
-970
-3521
-5428
-5421
-3877
-2209
-1544
-2023
-3336
-4917
-5702
-5042
-3112
-741
681
883
981
1535
2419
3125
3027
2415
1975
1961
2504
3408
4074
3884
2570
615
-1049
-1731
-1450
-883
-680
-1000
-1453
-1425
-889
-521
-850
-1503
-1569
-796
272
1126
1618
1776
1423
724
393
403
371
363
49
-537
-527
34
371
222
-203
-586
-957
-1293
-1261
-975
-727
-502
-479
-845
-1303
-1488
-1447
-1378
-1131
-862
-846
-737
-340
108
453
763
863
634
357
464
620
482
472
197
-184
-783
-1597
-1743
-1953
-1920
-1713
-2001
-2162
-2471
-2242
-1733
-1952
-2004
-2174
-2312
-2188
-2517
-2534
-1902
-114
2753
5178
6594
6117
4208
2744
2377
3057
4046
4827
4670
3377
1965
814
865
1143
575
154
-1485
-2671
-2133
-2110
-1107
-66
-601
-1022
-1802
-2321
-1815
-1274
-280
202
-108
568
839
254
415
334
96
424
354
202
343
667
957
963
795
401
-114
-702
-645
-321
110
283
-49
167
128
394
461
335
411
92
600
978
1459
1781
1598
1257
126
-742
-957
-739
-667
-481
-492
-824
-997
-991
-770
-828
-471
-616
-1060
-1095
-1117
-471
24
408
338
-31
137
291
898
1024
890
802
-159
-460
-655
-511
-115
-415
-185
-860
-1362
-1267
-1763
-1107
-935
-1289
-1122
-1711
-1881
-1553
-1145
-443
-344
-363
-280
-526
-511
-362
-403
-168
-283
-830
-1543
-2313
-2308
-2079
-1077
213
1005
2103
2424
2239
1802
1377
1450
1451
2111
2848
3236
3480
3075
2779
2421
2015
1843
1013
115
-388
-655
-485
-116
224
12
-890
-1829
-2416
-2410
-1710
-1097
-964
-955
-1073
-1021
-596
-227
-18
89
-39
-160
30
341
707
1041
1020
818
807
854
902
967
807
596
492
180
-334
-460
42
794
1189
893
421
83
-225
-172
444
791
584
178
-462
-984
-1408
-1173
-560
-543
-250
-207
-457
-25
402
1132
1501
1274
998
439
436
479
1000
732
134
227
-755
-371
-472
-955
-564
-1161
-1298
-1929
-2299
-2104
-1897
-1671
-1477
-718
-680
-485
-45
-66
69
455
702
441
221
40
-170
-207
-256
-463
-598
-882
-1541
-1596
-1345
-1431
-1489
-2015
-2399
-2310
-2321
-1949
-1574
-958
-48
751
1985
2783
3016
2920
2423
2425
2575
2904
3288
3046
2711
2184
1605
1320
1213
1141
673
-30
-533
-800
-964
-993
-914
-770
-561
-476
-679
-1106
-1315
-1095
-673
-233
124
294
327
463
761
938
804
449
-7
-282
-108
361
697
588
221
-12
-175
-222
-162
-346
-506
-439
-359
-238
-99
-103
28
257
134
-113
-280
-181
138
823
1580
1901
1552
587
99
-179
223
749
731
817
286
245
25
2
478
-46
-147
-537
-993
-943
-1233
-1194
-1075
-1000
-957
-1155
-899
-781
-895
-225
-329
-562
-193
-313
-234
-368
-19
277
11
166
-319
-637
-758
-826
-275
-415
-565
-536
-746
-750
-853
-552
-457
-872
-993
-993
-839
-732
-744
-698
-369
-50
-170
-478
-937
-1299
-1314
-789
237
1294
2001
2189
1798
1249
911
785
1075
1398
1904
2203
1837
1515
1032
936
1075
786
708
394
223
302
110
278
211
-22
-129
-510
-666
-759
-699
-459
-364
-253
-335
-644
-827
-669
-359
-56
218
343
101
-418
-590
-256
136
273
259
105
-172
-189
282
786
714
286
-65
-176
-149
-104
131
740
1355
1456
1103
559
370
278
373
711
722
874
654
5
-613
-447
-68
-310
12
-298
-264
111
-556
-53
177
-521
-626
-903
-721
-169
-329
68
-67
-516
-280
-1005
-613
-648
-1083
57
12
-600
-905
-826
-423
-151
-926
-792
-79
-684
-238
-606
-535
49
-61
15
-460
-385
-528
209
192
-224
253
-697
-602
-172
-594
-781
-739
-786
-882
-469
-511
-1066
-1377
-1280
-1211
-886
245
1627
2563
2615
2076
1353
815
739
885
1116
1541
1978
1952
1474
1139
1168
1215
885
240
-544
-971
-520
202
698
586
-2
-617
-1106
-953
-693
-437
-236
-522
-380
-246
-264
-95
-351
-251
-90
-106
29
-326
-264
257
451
621
798
656
406
356
426
427
365
493
152
-4
273
271
369
177
196
353
858
1936
1764
887
649
-172
-803
-266
-496
94
402
-576
-270
-912
-855
-252
-1075
-434
-394
-699
117
-104
216
476
-331
-397
-749
-669
-109
-262
192
60
-265
-177
-753
-510
-707
-1298
-681
-713
-711
-398
-516
-247
-301
-564
-768
-671
-22
243
373
373
303
227
-133
-14
-13
-119
29
-318
-302
-170
-619
-943
-1202
-1330
-1283
-1521
-1731
-1679
-1688
-1369
-484
587
1550
2053
2062
1794
1596
1698
1849
1857
1808
1777
1755
1614
1328
1143
1036
740
215
-339
-802
-1128
-1092
-756
-449
-362
-505
-857
-1087
-875
-385
221
529
635
522
291
350
367
489
402
115
1
8
239
327
251
153
229
372
502
558
428
277
-19
-36
89
152
-94
-662
-619
-77
717
1123
664
120
-252
-531
-389
152
619
873
828
538
47
-327
-260
-143
-172
-195
-133
-215
-202
-277
-299
-58
-302
-295
-200
-506
-621
-541
-665
-808
-550
-557
-771
-1102
-914
-441
-362
-298
-441
-359
-406
158
521
246
482
-32
-91
-116
-455
-145
-286
-52
60
-410
-417
-372
-306
-260
-382
-763
-1291
-1221
-928
-577
-208
-613
-1418
-1908
-1990
-1767
-1524
-1388
-833
422
1793
2701
2843
2247
1285
598
576
1095
1870
2442
2307
1597
1056
1096
1463
1684
1450
748
-90
-531
-363
87
363
286
-111
-670
-1055
-1035
-831
-739
-647
-384
-150
-180
-347
-388
-247
-49
45
-10
-64
49
316
619
837
865
650
349
187
216
407
661
731
545
236
-106
-351
-400
-318
-92
279
673
917
719
309
332
379
7
4
317
111
-262
-517
-822
-648
-140
-134
-450
-721
-849
-598
-413
-283
339
633
303
209
133
-197
-263
4
118
-75
-498
-744
-911
-663
-265
-366
-521
-662
-681
-569
-270
-509
-639
-704
-591
-601
-435
-275
-188
-469
-862
-1091
-1091
-602
-574
-1225
-1679
-2026
-2035
-1926
-1748
-1629
-2162
-2602
-2475
-1940
-997
202
1932
3556
4186
3945
3328
2850
2649
2688
2962
3351
3521
3108
2229
1455
1064
723
145
-673
-1472
-1969
-2064
-1682
-1218
-925
-816
-1240
-1947
-2165
-1666
-905
8
794
1010
1078
971
785
741
828
1296
1454
1302
1190
886
1066
1242
986
700
57
-573
-872
-761
-287
-53
-237
-543
-830
-913
-802
-836
-775
-512
211
982
1223
1182
780
448
63
-223
76
650
1234
1255
961
686
384
160
-89
-234
-147
32
96
-39
-393
-523
-361
-440
-590
-566
-713
-699
-290
-306
-271
-172
-797
-1339
-1537
-1324
-725
-398
-427
-831
-1190
-1368
-1294
-632
-340
-470
-531
-850
-1000
-728
-425
-449
-756
-1189
-1678
-1956
-2006
-1913
-1791
-1685
-1646
-1935
-2448
-2675
-2356
-1556
-93
2143
4539
6025
6078
5118
3947
3219
3147
3454
3704
3661
3227
2290
1076
132
-388
-914
-1699
-2560
-3221
-3394
-2831
-1771
-920
-713
-1006
-1479
-1774
-1457
-454
761
1692
2204
2306
2124
2035
2261
2486
2328
1841
1283
839
625
649
585
196
-367
-1058
-1833
-2370
-2307
-1829
-1308
-1006
-1009
-1231
-1348
-945
-439
133
796
1634
2773
3280
3071
2348
1686
1521
1537
1834
1873
1489
854
-108
-1057
-1478
-1300
-1131
-1225
-1327
-1168
-777
-265
214
238
-166
-565
-889
-1020
-561
273
826
637
-269
-1358
-2196
-2578
-2404
-1834
-1156
-898
-1327
-1886
-2022
-1677
-1168
-1008
-1130
-1080
-819
-456
-139
-86
-416
-1129
-1951
-2469
-2340
-1577
-893
-958
-1824
-3208
-4446
-4744
-3710
-1618
1040
4308
7446
8541
7226
5021
3395
3077
3798
4741
5117
4540
3482
2177
532
-750
-1429
-2287
-3588
-4721
-4793
-3625
-2075
-1002
-742
-1105
-1586
-1903
-1700
-511
1406
3079
3835
3837
3581
3274
2935
2541
2040
1488
970
422
-105
-272
-79
-277
-1429
-2986
-3938
-3866
-3023
-1918
-1063
-682
-658
-739
-581
97
1065
1714
1917
2288
3328
4618
5143
4372
2801
1353
480
80
-8
105
96
-444
-1471
-2364
-2570
-2191
-1790
-1629
-1367
-679
163
650
693
537
351
96
-263
-403
47
612
416
-477
-1351
-2034
-2644
-2912
-2700
-2255
-1786
-1517
-1614
-1733
-1533
-1344
-1525
-1698
-1321
-555
-93
-398
-1131
-1484
-1321
-1235
-1441
-1639
-1593
-1509
-2083
-3554
-4913
-5053
-3904
-2082
152
3436
7705
10389
9092
5307
2584
2441
3950
5522
5988
5066
3459
1810
41
-1485
-2174
-2758
-4088
-5227
-4743
-2940
-1284
-481
-603
-1473
-2116
-1848
-890
738
2842
4414
4683
4092
3578
3152
2425
1735
1314
944
570
276
96
-227
-968
-2030
-3359
-4492
-4545
-3499
-2104
-954
-300
-78
-90
-35
210
465
961
2189
3971
5395
5473
4208
2728
1684
882
541
904
1374
1175
36
-1658
-2924
-3205
-2881
-2454
-2024
-1522
-896
-257
156
251
219
178
12
-196
8
792
1542
1449
401
-949
-1949
-2409
-2386
-1943
-1330
-1089
-1467
-1927
-1927
-1731
-1814
-2185
-2391
-1904
-973
-444
-514
-674
-780
-1223
-1958
-2293
-2032
-1512
-1097
-1321
-2197
-3184
-4349
-5444
-5172
-3084
-112
3310
7300
10486
10473
7134
3354
2001
3495
5854
6546
4960
2805
1510
515
-893
-2123
-2819
-3658
-4635
-4522
-2761
-520
526
-241
-1849
-2549
-1612
51
1472
2676
3711
4053
3572
2939
2575
2229
1596
724
153
393
885
587
-648
-1986
-2754
-3321
-3931
-3758
-2568
-1308
-690
-636
-595
-136
484
752
694
891
1646
2517
3132
3710
4291
4241
3024
1198
165
561
1342
1117
-184
-1650
-2662
-3055
-2886
-2388
-1720
-1058
-822
-939
-595
386
984
619
39
53
544
946
968
717
351
-299
-1389
-2341
-2331
-1610
-1185
-1314
-1523
-1646
-1711
-1575
-1400
-1538
-1801
-1764
-1469
-1102
-825
-1120
-2078
-2723
-2340
-1595
-1181
-924
-856
-1198
-1515
-1871
-3289
-5255
-5560
-3868
-1853
723
5420
10512
11719
8003
3046
875
2372
5431
6982
5769
3449
1955
923
-598
-1941
-2477
-3159
-4342
-4404
-2367
166
940
-427
-2338
-2921
-1784
15
1628
2964
3757
3669
3155
2890
2752
2196
1083
-108
-523
253
1312
1176
-383
-2126
-3101
-3517
-3662
-3250
-2258
-1383
-1082
-996
-704
-161
329
347
221
749
1834
2829
3688
4522
4679
3582
1906
582
106
910
2050
1611
-180
-1500
-2067
-2668
-3076
-2749
-2207
-1854
-1167
-164
480
605
302
-265
-377
542
1629
1647
1096
949
809
245
-603
-1535
-1922
-1522
-1065
-994
-1064
-1201
-1628
-2255
-2600
-2356
-1793
-1681
-2101
-2177
-1941
-2188
-2684
-2767
-2285
-1581
-1206
-1093
-866
-585
-672
-1733
-3619
-5077
-5004
-3358
-956
2050
6418
10648
10927
6571
1803
631
2798
5371
6114
4701
2445
1072
558
-464
-1960
-2976
-3691
-4143
-3323
-1112
841
886
-685
-2064
-1945
-457
1185
2086
2636
3309
3691
3436
2870
2193
1165
35
-327
151
944
1306
381
-1459
-2965
-3342
-3023
-2882
-3030
-2757
-2025
-1100
-89
255
252
-53
-82
581
1282
2232
2516
2989
4255
4742
3367
661
-434
137
663
1162
1373
404
-1443
-2627
-3162
-3420
-2693
-1383
-1048
-1150
-73
1089
623
-565
-798
-220
553
1517
2081
1719
1195
960
249
-821
-1192
-969
-923
-971
-839
-755
-983
-1781
-2967
-3556
-3002
-1965
-1294
-1288
-1678
-1861
-1973
-2466
-2827
-2402
-1841
-1825
-1617
-993
-691
-1141
-2295
-3905
-4696
-3775
-1898
692
4005
8007
10248
8527
4422
990
1551
4456
6041
5080
2562
1158
700
-9
-1461
-3195
-4090
-4055
-3098
-1374
353
806
-338
-1755
-1675
136
2043
2751
2512
2495
3097
3642
3483
2588
1283
-25
-725
-334
733
1154
67
-1884
-3195
-3166
-2546
-2401
-2885
-3160
-2489
-1137
122
704
537
67
-266
4
1193
2636
3204
2305
555
-220
1003
3176
4193
2709
269
-434
405
977
590
-819
-2555
-3148
-2290
-1140
-403
-117
-727
-1950
-2013
-286
1421
1633
1018
821
1261
1906
2153
1489
234
-544
-475
-148
41
1
-672
-1988
-2926
-2794
-2208
-1972
-2065
-2221
-2345
-2247
-1848
-1587
-1948
-2718
-3059
-2364
-1055
-339
-754
-1422
-1419
-1170
-1582
-2651
-3730
-4302
-3905
-2077
1289
5588
9114
9512
6244
2181
998
3130
5721
6103
4211
1889
648
200
-708
-2309
-3584
-3871
-3293
-1899
-55
932
182
-1320
-1761
-480
1511
2678
2587
2265
2743
3688
3976
3076
1455
32
-486
-11
930
1417
727
-900
-2353
-2790
-2458
-2321
-2769
-3206
-2828
-1547
-219
342
123
-427
-615
-45
1042
2158
2553
1972
1221
934
1149
1584
1736
1627
1308
557
-44
94
348
-164
-1312
-2028
-1744
-1008
-449
-362
-752
-1044
-727
-121
305
693
1144
1305
1235
1421
1620
1177
294
-363
-616
-497
-97
36
-604
-1609
-2237
-2523
-2648
-2338
-1925
-1968
-1987
-1546
-1173
-1372
-2003
-2528
-2577
-2136
-1387
-829
-806
-1066
-1430
-1969
-2432
-2391
-2136
-2574
-3554
-3550
-1714
1463
5193
8058
8045
5186
2396
2061
3616
4938
4517
2665
1266
1353
1407
-255
-2729
-3974
-3537
-2396
-1211
-163
195
-351
-861
-364
937
1867
1772
1480
2008
3243
4262
3984
2335
625
-50
208
609
602
216
-392
-1189
-1726
-1626
-1566
-2335
-3463
-3602
-2392
-726
297
338
-118
-288
283
891
1206
1149
939
1190
1526
1673
1093
364
568
1217
1443
606
-396
-593
-183
384
476
-162
-897
-817
-313
-253
-306
18
101
-283
-146
544
742
361
186
256
263
424
596
161
-569
-710
-455
-550
-881
-1085
-1307
-1590
-1719
-1688
-1619
-1600
-1748
-1733
-1239
-914
-1380
-2110
-2254
-2034
-1891
-1735
-1391
-1114
-1160
-1406
-1964
-2425
-2788
-3171
-3739
-4028
-2436
1030
5408
8258
7951
5255
2394
2095
3703
5069
4447
2543
1637
1780
1617
-241
-2836
-4193
-3612
-1860
-442
21
-266
-591
-360
458
1182
1206
805
853
2030
3856
4861
3894
1601
-67
-71
751
1045
455
-466
-1037
-985
-676
-867
-1886
-3208
-3891
-3330
-1834
-520
-155
-362
-296
305
998
1150
659
305
864
1931
2334
1615
485
-60
275
936
1219
882
168
-448
-694
-730
-693
-462
-174
-186
-242
171
692
566
-37
-330
-58
410
689
662
444
207
34
-84
-211
-426
-729
-992
-1012
-717
-427
-606
-1203
-1616
-1516
-1281
-1345
-1564
-1534
-1279
-1095
-1210
-1490
-1712
-1789
-1580
-1290
-1271
-1693
-2038
-1857
-1575
-2037
-2803
-2835
-2861
-3257
-3764
-2793
394
4369
7674
7613
4886
2633
2757
4600
4860
3324
1870
1852
2701
2317
257
-2180
-3293
-2766
-1584
-796
-660
-888
-983
-328
828
1462
961
73
228
1759
3522
4022
2945
1315
485
740
1045
861
206
-350
-494
-417
-89
-414
-1637
-2902
-3189
-2238
-1385
-1193
-1221
-864
55
735
716
189
-64
325
930
1316
1129
760
347
316
653
806
778
417
706
1101
818
-192
-982
-189
369
-40
-903
-866
-48
84
-18
-438
-447
24
566
781
436
320
165
42
148
382
246
-520
-992
-721
-303
-568
-1218
-1514
-1457
-1442
-1498
-1488
-1580
-1577
-1339
-1083
-1015
-1247
-1487
-1655
-1596
-979
-582
-1002
-1877
-2334
-1760
-1478
-1920
-2629
-3376
-3532
-3262
-1493
1454
4261
5903
5424
4341
3616
3953
4124
3108
2357
2449
3110
2642
1286
-69
-1217
-1591
-1574
-1248
-951
-885
-919
-527
523
1208
1034
301
-2
707
1776
2484
2396
2005
1546
1245
1168
750
391
-95
-282
-53
98
77
-727
-1574
-2069
-2065
-1772
-1786
-1655
-1255
-391
435
623
290
-296
-488
-98
556
731
386
236
413
967
1309
1104
547
380
1010
922
242
1
420
518
-312
-623
-480
-437
-745
-949
-435
30
351
349
87
-15
112
435
352
495
886
520
-62
-459
-580
-809
-1119
-1142
-1185
-1164
-1315
-1602
-1683
-1430
-1484
-1646
-1501
-1435
-1117
-1020
-1088
-1221
-1004
-660
-1244
-1978
-2276
-1989
-1942
-1989
-1866
-2288
-2972
-3544
-2484
272
3280
5062
4509
3482
3385
3892
3944
2759
2012
2455
3199
2851
1390
457
13
-139
-313
-526
-744
-1366
-1533
-723
624
1205
682
-165
-374
222
969
1408
1264
1290
1392
1489
1628
1402
1143
498
-219
-341
-20
257
-14
-446
-668
-1003
-1535
-1895
-1859
-1348
-706
-397
-310
-337
-449
-504
-450
-285
-284
-374
-382
-310
78
762
1234
984
595
597
898
1059
664
494
496
268
-132
-467
-231
-373
-918
-1065
-993
-591
-343
-271
-140
-79
189
221
254
596
865
963
660
204
-106
-164
-180
-176
97
62
-508
-942
-857
-674
-752
-1020
-1154
-1082
-1027
-983
-1005
-1030
-972
-956
-1238
-1610
-1766
-1696
-1603
-1680
-1638
-1737
-1919
-2222
-2399
-1920
-1127
57
959
1566
1782
1396
1052
785
1305
2188
2816
2808
2044
1559
1601
2157
2521
2082
1113
217
-51
346
1078
1441
1262
728
159
43
310
489
372
110
-18
155
405
509
472
400
306
119
5
62
176
293
350
335
244
52
-102
-153
-89
197
257
-184
-611
-795
-830
-797
-805
-974
-1138
-1191
-1063
-774
-519
-364
-339
138
723
911
736
512
699
705
920
1169
1097
805
298
281
370
636
476
-426
-961
-893
-334
122
250
67
-218
-336
-360
-203
-170
-409
-648
-557
-175
25
-176
-510
-736
-840
-697
-537
-840
-1257
-1372
-1188
-928
-788
-864
-1204
-1487
-1634
-1482
-1498
-1817
-1982
-2150
-2036
-2070
-2296
-2703
-2949
-1873
-153
1376
1801
1176
640
479
1380
2708
3501
3408
2276
1602
1844
2731
3329
2624
1430
348
220
872
1607
1955
1498
813
251
268
574
563
123
-223
-205
50
417
306
248
199
99
122
-108
-191
-162
81
469
620
522
179
-75
8
346
594
463
-96
-640
-678
-384
-280
-586
-1034
-1427
-1599
-1395
-1126
-1066
-980
-611
-61
334
411
392
389
435
757
1146
1103
749
513
497
729
1040
849
49
-610
-670
-376
-2
190
-41
-381
-395
-174
34
-1
-445
-861
-734
-256
107
102
-261
-694
-899
-802
-624
-646
-839
-1048
-1173
-1109
-860
-730
-958
-1303
-1330
-1165
-1223
-1458
-1694
-1779
-1777
-1738
-1655
-1966
-2584
-2931
-2449
-1006
496
1342
1248
545
218
608
1662
2673
2932
2573
1859
1629
2161
2811
2988
2208
1225
732
806
1411
1787
1780
1385
798
568
484
434
270
30
-66
-84
-11
62
63
61
153
207
61
-174
-214
20
312
539
604
461
279
305
509
659
563
186
-254
-480
-453
-380
-452
-734
-1087
-1315
-1340
-1260
-1170
-1041
-956
-711
-156
306
598
762
750
688
725
1036
1195
1195
1283
1074
830
466
-4
-466
-772
-614
-567
-466
-397
-479
-406
-315
-143
-210
-402
-509
-456
-156
83
95
-74
-300
-507
-570
-579
-569
-740
-1028
-1157
-1180
-1018
-1009
-1115
-1249
-1344
-1287
-1243
-1258
-1456
-1686
-1889
-1798
-1659
-1575
-1708
-2308
-2598
-2359
-1179
248
1180
1379
688
337
504
1269
2280
2955
3056
2284
1790
1941
2431
2768
2348
1671
1095
986
1165
1260
1421
1300
1161
938
532
372
165
72
127
146
149
-8
-148
-52
251
436
247
-197
-461
-311
75
449
582
451
212
88
201
376
304
-39
-412
-608
-586
-527
-539
-595
-846
-1152
-1235
-1177
-994
-806
-653
-338
81
379
620
676
571
648
792
991
913
856
993
692
435
230
-94
-496
-687
-503
-467
-297
-142
-237
-277
-287
-331
-382
-297
-180
-144
-68
90
55
-181
-341
-461
-590
-697
-854
-998
-1012
-910
-893
-1035
-1201
-1310
-1293
-1223
-1163
-1221
-1359
-1523
-1568
-1416
-1366
-1436
-1749
-1880
-1912
-2071
-2070
-1880
-917
299
1254
1321
659
502
684
1548
2649
3241
3044
2152
1690
1868
2501
2746
2138
1327
735
892
1273
1431
1496
1189
904
586
342
378
303
237
82
6
77
40
-21
-5
194
370
233
-179
-444
-266
197
536
509
301
133
98
123
83
-72
-312
-537
-598
-466
-329
-346
-487
-674
-872
-962
-844
-637
-458
-190
197
425
357
262
294
336
484
830
1009
844
662
565
382
245
184
-66
-371
-406
-296
-156
63
100
-137
-261
-212
-218
-151
34
82
56
88
-68
-386
-542
-564
-635
-679
-739
-947
-1151
-1162
-1068
-1036
-1125
-1277
-1336
-1274
-1222
-1240
-1272
-1341
-1371
-1288
-1283
-1447
-1624
-1642
-1632
-1711
-1874
-2029
-2062
-1609
-430
774
1367
1034
562
688
1185
2140
2856
2944
2388
1757
1951
2404
2622
2287
1541
999
900
1182
1469
1569
1445
1175
864
588
354
172
96
107
211
253
72
-135
-89
127
216
72
-212
-429
-371
-20
384
574
448
102
-210
-278
-117
65
55
-157
-362
-389
-320
-318
-435
-635
-808
-845
-729
-481
-126
162
174
3
-45
126
377
610
770
781
632
440
327
313
278
94
-149
-181
22
154
98
54
71
34
14
90
164
193
208
143
23
-1
-10
-192
-445
-563
-622
-800
-1071
-1250
-1213
-1067
-1033
-1172
-1342
-1398
-1320
-1176
-1059
-1051
-1140
-1213
-1150
-1000
-955
-1117
-1326
-1391
-1352
-1358
-1448
-1584
-1811
-2033
-1809
-873
371
1059
865
341
250
858
1824
2566
2735
2409
1930
1870
2212
2598
2516
1816
1276
1185
1483
1636
1576
1349
921
823
390
579
1275
317
-352
184
401
75
-447
-134
103
-217
-198
-397
-540
-336
-1
288
215
-49
-306
-315
-125
73
239
219
-76
-249
-76
-36
-229
-352
-354
-377
-434
-505
-606
-628
-440
-78
188
131
-69
27
512
966
1006
651
175
-135
-86
271
586
515
118
-203
-186
19
129
84
42
131
313
461
478
365
190
49
-67
-235
-475
-727
-850
-818
-846
-1129
-1508
-1657
-1453
-1138
-986
-1000
-1230
-1392
-1311
-1107
-828
-736
-709
-767
-945
-895
-864
-1005
-1273
-1523
-1499
-1525
-1658
-1782
-1962
-1771
-999
144
980
965
679
587
895
1596
2317
2710
2354
1796
1736
2052
2289
2044
1598
1235
1045
1013
967
921
923
981
990
857
629
453
373
331
333
320
170
-52
-106
25
78
-79
-301
-385
-252
-10
117
72
-22
-60
-48
-9
38
57
55
42
37
3
-80
-190
-268
-253
-222
-249
-355
-413
-328
-127
14
-10
-50
-48
161
393
503
391
52
-97
-119
92
309
364
268
8
62
148
125
29
9
121
104
193
262
214
88
-60
-182
-369
-583
-737
-786
-824
-899
-1053
-1105
-1158
-1163
-1008
-971
-974
-1061
-1025
-898
-821
-652
-621
-733
-807
-761
-864
-1116
-1251
-1237
-1304
-1519
-1519
-1510
-1594
-1746
-1803
-1118
73
958
984
578
501
670
1265
2112
2566
2336
1706
1560
1842
2189
2192
1756
1345
981
882
837
812
936
1034
1022
690
407
356
362
367
403
438
216
-109
-130
160
332
188
-82
-265
-230
-18
177
190
90
21
3
51
130
159
104
-24
-124
-137
-109
-163
-229
-235
-309
-563
-757
-544
-271
-141
-74
-5
34
-106
67
412
447
211
-9
102
245
366
514
468
287
159
82
-52
-67
89
164
121
134
161
90
64
85
23
-145
-387
-597
-620
-555
-631
-776
-877
-1015
-1110
-968
-744
-724
-863
-989
-1015
-880
-631
-530
-639
-763
-760
-728
-861
-1013
-1047
-1079
-1266
-1395
-1360
-1296
-1286
-1339
-1363
-1517
-1150
-189
649
1058
834
645
535
749
1601
2309
2430
1855
1464
1739
2055
2027
1658
1246
898
759
899
1055
1043
989
870
615
365
169
173
324
404
465
398
52
-193
-59
175
226
23
-233
-275
-178
3
266
294
95
39
63
19
43
127
152
90
-5
-87
-209
-325
-339
-374
-486
-519
-435
-367
-366
-371
-363
-302
-86
178
275
238
196
164
208
374
475
379
239
161
109
114
154
125
63
35
-12
-37
54
150
118
15
-119
-325
-510
-545
-484
-485
-611
-808
-949
-914
-746
-616
-651
-786
-884
-854
-696
-588
-619
-710
-707
-708
-817
-969
-1053
-1069
-1105
-1025
-1004
-1074
-1171
-1128
-933
-921
-995
-1284
-1160
-318
664
1125
731
410
347
742
1553
2088
2151
1663
1296
1365
1694
1877
1535
1047
796
785
783
772
817
909
937
773
508
281
231
363
564
628
407
20
-202
-61
248
363
117
-238
-383
-254
-22
154
197
141
76
-42
-52
22
79
63
-1
68
-72
-387
-547
-424
-128
-133
-382
-586
-513
-229
8
176
119
-122
-147
105
305
361
323
215
179
235
241
112
10
60
91
25
-40
-62
-4
131
246
199
15
-201
-323
-327
-282
-357
-575
-630
-590
-535
-516
-524
-530
-706
-730
-643
-581
-513
-510
-475
-586
-684
-731
-927
-1012
-924
-855
-905
-969
-927
-853
-837
-864
-919
-938
-794
-663
-602
-517
-518
-269
248
717
857
618
485
536
929
1516
1829
1683
1245
1070
1142
1257
1226
1056
905
967
1063
936
886
808
850
842
674
513
281
293
367
441
390
147
-65
-198
-42
11
-122
-215
-303
-187
-100
-31
69
4
-24
-13
61
58
-62
-40
60
167
90
-190
-451
-471
-274
-54
44
-99
-314
-456
-360
-149
-98
-141
-177
-51
109
139
90
66
112
124
43
-64
-63
71
243
308
203
10
-127
-83
86
173
20
-284
-496
-451
-286
-233
-315
-458
-487
-409
-309
-310
-447
-576
-590
-476
-467
-473
-473
-597
-643
-694
-818
-968
-1040
-889
-716
-685
-658
-640
-675
-589
-495
-513
-610
-568
-340
-149
-48
-175
-294
-132
292
584
460
344
400
607
920
1249
1290
899
655
786
1071
1204
1091
985
990
978
907
843
747
662
663
643
544
447
412
417
453
428
251
-28
-166
-57
97
82
-45
-134
-160
-93
-40
-50
-105
-181
-98
23
75
32
-88
-115
-119
-175
-237
-291
-324
-237
-111
-182
-335
-337
-195
-60
-6
18
15
0
70
186
169
35
-32
-14
-33
-81
-58
-18
1
71
113
93
26
33
129
166
111
-118
-304
-297
-216
-130
-146
-278
-446
-459
-351
-277
-316
-392
-457
-527
-474
-462
-521
-566
-594
-624
-742
-813
-792
-725
-613
-453
-437
-555
-584
-506
-354
-324
-380
-389
-330
-186
-80
0
-76
-233
-304
-334
-44
413
687
601
296
377
565
709
943
1010
1019
929
957
1161
1217
1139
951
782
749
740
719
664
569
501
441
436
403
315
260
123
39
13
31
69
50
75
10
-79
-168
-231
-171
-110
-56
-34
20
85
98
66
1
-79
-132
-86
43
168
46
-231
-370
-341
-318
-319
-259
-273
-236
-218
-175
-74
-86
-44
-93
-139
-104
-111
-40
88
170
165
84
-47
-43
-14
-54
-131
-239
-253
-276
-245
-201
-217
-209
-223
-211
-218
-230
-216
-178
-173
-203
-237
-369
-530
-606
-628
-659
-655
-690
-733
-676
-567
-437
-432
-485
-509
-477
-304
-161
-94
-98
-155
-151
-147
-88
-48
-49
-10
-17
32
67
95
135
166
315
426
394
290
383
664
811
904
929
889
894
905
951
920
835
760
597
521
560
549
512
468
422
348
201
74
103
173
107
-8
-49
-62
-54
1
-2
-111
-205
-172
3
149
129
69
31
-72
-86
38
3
-133
-106
-77
-177
-245
-243
-237
-228
-231
-247
-234
-172
-102
-67
-12
10
-85
-194
-176
-79
-28
-30
-84
-51
44
56
-14
-169
-238
-273
-288
-214
-173
-151
-162
-158
-142
-126
-73
-63
-75
-56
-36
-45
-27
-43
-150
-295
-421
-538
-598
-555
-550
-556
-562
-601
-662
-642
-574
-571
-456
-384
-332
-230
-167
-68
-38
-17
-66
-75
-3
25
122
225
260
231
184
111
113
147
137
150
162
306
507
653
673
647
731
804
857
885
902
880
774
734
726
669
635
599
523
448
360
276
243
211
237
286
240
146
29
21
25
-85
-136
-164
-92
42
111
109
14
-88
-156
-151
-129
-133
-142
-195
-256
-275
-260
-303
-386
-396
-349
-346
-365
-298
-223
-181
-170
-180
-257
-316
-305
-273
-217
-189
-178
-220
-174
-167
-157
-182
-217
-264
-182
-106
-91
-120
-101
-59
-96
-76
-33
-1
78
73
69
48
3
-15
-74
-127
-233
-398
-464
-491
-522
-543
-533
-516
-553
-568
-515
-430
-313
-183
-131
-104
-2
66
98
156
147
108
147
232
305
327
315
345
410
397
341
255
231
271
339
430
474
464
412
456
489
578
586
591
599
623
564
531
531
528
526
482
381
307
235
150
114
108
36
-24
-26
-49
-92
-94
-114
-165
-122
-56
-108
-155
-113
-38
14
-39
-186
-250
-225
-195
-154
-185
-259
-340
-352
-307
-332
-319
-307
-294
-246
-164
-92
-160
-196
-149
-165
-219
-211
-162
-175
-201
-188
-155
-120
-98
-95
-86
-90
-126
-117
-79
-105
-132
-74
-12
-24
-32
6
53
144
246
242
122
26
6
11
-17
-100
-186
-298
-351
-342
-341
-343
-440
-480
-435
-361
-297
-257
-130
-64
-34
25
41
53
104
194
216
171
204
246
253
369
433
351
307
239
166
208
262
246
257
292
297
282
297
381
345
318
419
400
309
325
433
471
455
416
323
214
189
210
126
68
54
22
-17
-55
-46
-99
-197
-194
-114
-131
-150
-94
-70
-61
-90
-109
-176
-262
-273
-221
-173
-229
-260
-249
-235
-228
-205
-169
-231
-262
-212
-159
-115
-72
-27
-68
-187
-225
-142
-50
12
41
21
-32
-72
-59
-58
-74
-58
-63
-91
-104
-115
-91
-29
9
1
-11
7
32
78
192
258
184
78
8
-34
-44
-37
-45
-88
-139
-191
-273
-394
-435
-370
-317
-293
-285
-251
-192
-135
-57
-20
8
48
59
106
158
227
242
206
192
195
280
279
206
175
160
147
137
206
197
205
286
331
371
350
348
363
334
316
344
301
273
338
292
227
185
182
187
109
64
47
50
40
29
22
-118
-221
-226
-198
-149
-178
-180
-183
-178
-98
-47
-29
-97
-154
-136
-125
-152
-158
-129
-132
-181
-212
-174
-209
-256
-227
-205
-263
-288
-206
-242
-226
-145
-85
-40
-86
-56
-22
67
164
175
172
98
28
-6
19
5
-69
-114
-164
-162
-78
-18
-27
-11
22
9
35
137
208
213
221
146
-35
-159
-170
-117
-59
-100
-192
-276
-343
-299
-200
-165
-158
-174
-163
-74
15
81
134
112
43
55
165
187
169
236
182
105
212
268
240
249
202
148
118
149
250
244
235
275
179
124
196
220
215
179
149
230
259
182
188
241
220
170
132
102
83
95
95
-22
-125
-79
-136
-289
-239
-136
-198
-281
-279
-226
-204
-215
-188
-180
-226
-184
-68
-31
-88
-111
-66
-74
-143
-143
-101
-145
-203
-180
-161
-241
-300
-224
-150
-184
-185
-69
-24
-16
82
134
120
171
232
236
96
-105
300
524
-175
-417
79
340
53
-213
-130
-20
96
158
76
-25
66
199
185
153
81
52
45
-31
-66
-90
-154
-152
-141
-218
-251
-244
-261
-235
-242
-253
-126
-59
-179
-217
-76
49
92
98
58
-27
-15
139
235
217
131
64
81
107
174
202
179
169
155
199
218
240
327
338
295
182
151
288
317
311
335
254
140
144
190
137
42
40
95
58
33
21
-24
-81
-88
-79
-184
-243
-255
-145
-60
-155
-186
-215
-228
-219
-167
-120
-178
-166
-142
-191
-274
-263
-133
-136
-240
-301
-279
-227
-186
-61
-36
-104
-143
-168
-65
6
-24
-19
-2
-10
52
147
147
102
94
126
63
-47
-42
70
117
95
152
110
27
45
112
130
63
113
160
107
92
60
34
30
-7
-16
-13
-62
-54
-21
-70
-108
-126
-165
-170
-171
-198
-163
-113
-115
-123
-142
-137
-71
-14
-12
0
37
82
148
231
242
150
144
132
113
181
190
188
137
129
223
260
201
123
109
76
74
143
245
257
194
222
283
324
282
263
226
138
143
163
165
74
4
39
-25
-138
-143
-136
-183
-158
-106
-136
-215
-210
-159
-194
-250
-227
-216
-308
-321
-274
-293
-336
-319
-206
-207
-222
-149
-121
-120
-100
-3
25
-31
-11
13
-46
-121
-81
8
20
6
19
-8
-72
-47
42
91
65
41
85
89
109
163
142
79
-2
29
74
40
121
144
44
-21
-28
29
18
13
55
-30
-104
-60
-37
-92
-116
-107
-133
-176
-199
-149
-138
-200
-226
-218
-217
-175
-44
85
61
20
108
107
96
148
134
152
162
178
212
226
209
160
123
147
225
231
225
217
221
272
211
153
188
226
244
306
350
319
269
250
267
220
172
127
82
99
110
135
84
-9
-84
-161
-175
-188
-178
-159
-198
-244
-304
-315
-304
-326
-327
-349
-337
-291
-266
-243
-219
-148
-127
-181
-174
-123
-86
-84
-62
-37
-105
-165
-125
-67
-67
-88
-74
-71
-64
-2
45
6
-60
-74
-24
33
73
130
128
67
80
102
56
91
182
151
72
59
75
112
144
116
48
-12
-21
31
68
58
12
-27
-37
-70
-127
-162
-180
-207
-232
-224
-205
-204
-188
-143
-132
-72
10
14
-2
36
107
118
138
134
140
173
158
190
178
143
144
139
135
139
184
232
243
230
239
208
135
104
111
156
148
175
242
232
233
244
219
182
171
205
229
252
258
201
148
59
-47
-86
-104
-132
-180
-209
-237
-292
-325
-357
-365
-350
-331
-279
-237
-181
-140
-123
-92
-128
-159
-116
-82
-65
-62
-48
-64
-90
-64
-116
-169
-113
-91
-86
-59
-19
4
-8
11
27
-1
-27
-21
-27
-20
10
3
9
34
19
19
70
49
21
84
123
97
32
48
96
53
41
73
73
61
39
-29
-66
-84
-91
-64
-124
-213
-231
-210
-201
-206
-207
-224
-205
-128
-45
-18
-37
11
73
77
98
123
121
132
154
132
74
91
113
124
182
151
134
170
175
208
198
174
181
197
204
186
186
209
247
271
295
293
233
187
161
144
174
227
238
169
82
1
-53
-90
-97
-64
-99
-112
-98
-125
-185
-264
-273
-278
-246
-226
-242
-235
-254
-220
-196
-201
-143
-119
-111
-75
-63
-41
-26
-30
-32
-67
-124
-187
-189
-130
-114
-102
-87
-106
-106
-83
-58
-51
-25
17
22
90
145
130
105
79
69
27
34
67
64
81
67
17
4
52
65
31
45
60
7
-34
10
27
-14
-11
-7
-44
-62
-78
-133
-151
-119
-140
-171
-211
-213
-165
-152
-95
-75
-87
-58
-15
56
52
49
75
89
120
109
166
195
143
138
123
134
122
168
234
186
164
134
139
131
168
284
253
207
203
207
256
246
228
203
190
218
218
228
184
79
37
9
-47
-66
-67
-109
-147
-148
-148
-137
-109
-117
-177
-208
-186
-160
-157
-142
-122
-158
-197
-204
-230
-219
-162
-167
-178
-131
-131
-167
-153
-115
-96
-77
-17
28
24
21
-4
-37
-12
3
-7
22
46
36
23
23
35
35
39
96
150
146
99
53
84
134
145
88
19
36
44
79
74
-12
-10
-14
-12
10
-26
-25
-49
-44
-6
-55
-100
-146
-175
-157
-165
-189
-192
-188
-207
-209
-190
-178
-163
-134
-96
-41
27
72
103
125
165
206
215
227
226
168
136
176
155
125
96
104
145
83
45
76
175
230
211
232
205
176
217
274
276
234
209
171
131
96
32
-48
-69
-50
-59
-101
-134
-135
-119
-93
-103
-128
-185
-158
-89
-149
-154
-137
-146
-156
-208
-229
-240
-202
-159
-157
-186
-183
-159
-156
-136
-106
-62
-8
55
69
60
49
42
42
-10
-7
-13
-4
35
-11
16
38
23
59
87
136
94
35
43
9
36
95
119
112
34
35
69
34
55
72
20
-3
-7
29
38
8
17
-27
-56
-63
-84
-86
-135
-164
-172
-201
-238
-257
-213
-184
-209
-195
-128
-107
-98
-35
18
38
90
159
180
206
251
237
211
204
176
146
122
110
136
139
102
84
113
176
192
165
163
171
173
196
193
175
196
195
141
85
68
70
55
12
-24
-39
-54
-30
-57
-84
-75
-152
-174
-148
-111
-98
-123
-102
-112
-127
-131
-140
-170
-205
-178
-153
-146
-99
-46
-69
-108
-84
-71
-119
-139
-83
-27
9
31
25
10
8
10
31
60
50
50
73
65
61
89
105
123
147
111
58
26
26
66
79
26
-23
1
-17
-36
-52
-62
13
23
25
5
-6
44
70
74
10
-42
-93
-146
-178
-189
-203
-210
-188
-238
-235
-215
-204
-177
-194
-149
-119
-67
-8
-24
11
52
38
77
162
171
142
149
152
137
123
164
184
139
130
148
162
156
196
230
178
171
160
175
224
249
262
215
211
218
183
167
112
57
43
55
60
34
15
-17
-65
-123
-122
-119
-156
-144
-168
-160
-120
-122
-115
-165
-174
-151
-165
-166
-154
-144
-163
-181
-164
-156
-176
-179
-156
-127
-105
-86
-44
-44
-79
-69
-47
-59
-33
44
86
74
54
66
73
61
49
50
66
101
131
89
64
44
44
73
53
52
3
-35
-19
9
79
75
53
67
69
33
4
36
56
-2
-83
-72
-46
-89
-121
-124
-161
-195
-184
-187
-202
-199
-151
-111
-103
-108
-92
-22
58
89
70
148
217
195
202
133
88
75
74
114
88
78
87
80
88
114
122
118
138
133
148
172
182
192
170
137
122
108
84
42
8
45
69
47
40
44
24
-4
-14
-32
-29
-57
-84
-92
-141
-122
-121
-130
-150
-163
-106
-108
-115
-103
-111
-138
-177
-180
-157
-153
-163
-156
-148
-117
-102
-54
-22
-70
-43
-15
-9
14
70
128
87
91
113
81
114
129
119
141
80
55
98
87
91
54
63
88
37
56
52
47
73
27
27
90
97
47
-10
-34
-2
-8
-44
-64
-100
-127
-86
-41
-94
-144
-158
-153
-188
-211
-148
-145
-116
-93
-114
-122
-123
-67
-61
-44
17
54
89
82
77
91
86
105
141
124
144
180
150
128
92
52
74
115
109
107
113
109
115
151
167
103
90
94
79
87
76
96
58
31
55
46
13
-83
-110
-84
-107
-116
-69
-72
-119
-114
-114
-136
-159
-150
-132
-97
-109
-134
-104
-131
-110
-86
-96
-83
-108
-84
-65
-50
-25
-52
-73
-45
5
16
21
62
95
78
60
79
103
125
123
104
105
122
123
102
87
76
70
84
109
110
102
102
76
28
30
77
87
59
48
30
-20
-38
-9
-9
-57
-82
-63
-56
-76
-91
-110
-146
-180
-186
-170
-172
-192
-182
-130
-69
-60
-62
-36
-64
-88
-14
40
54
79
88
86
67
35
50
81
82
106
100
62
48
78
110
106
88
63
89
102
124
119
98
127
93
100
86
94
109
69
87
59
63
37
-1
-4
-29
-23
-68
-92
-102
-109
-96
-96
-94
-115
-132
-130
-141
-165
-155
-147
-127
-135
-178
-140
-91
-82
-83
-67
-58
-68
-61
-41
13
22
18
47
50
56
63
71
82
59
58
73
64
63
88
107
104
91
78
77
94
87
109
129
88
89
64
23
39
66
92
77
74
103
123
91
33
-11
-37
-15
-22
-32
-51
-105
-136
-161
-194
-195
-183
-204
-209
-169
-134
-131
-128
-99
-95
-83
-40
-30
-41
-5
30
35
46
37
40
39
59
94
83
104
115
99
104
102
102
65
56
100
119
127
113
111
106
82
93
99
103
89
46
34
66
73
27
9
-2
-42
-39
-35
-54
-68
-73
-77
-82
-75
-105
-128
-133
-133
-117
-146
-152
-152
-179
-155
-115
-89
-102
-126
-103
-81
-72
-59
-16
-17
-64
-61
-25
24
21
24
60
90
117
96
93
93
114
130
128
168
159
131
98
65
69
64
78
91
78
81
92
109
116
111
108
103
89
54
43
57
59
37
-4
-15
-3
-30
-69
-91
-129
-149
-166
-169
-146
-165
-185
-164
-140
-141
-123
-105
-128
-122
-88
-57
-50
-21
46
31
10
30
37
73
62
38
46
37
38
40
48
61
79
100
123
127
72
56
87
99
89
106
126
114
99
104
101
67
65
78
58
28
-3
-2
2
-32
-57
-63
-85
-69
-33
-64
-85
-86
-109
-122
-138
-132
-110
-97
-75
-106
-155
-148
-141
-155
-113
-64
-80
-76
-75
-67
-20
-6
11
34
36
46
72
80
84
76
44
49
67
66
58
50
70
75
79
93
78
81
93
106
112
86
86
101
131
151
95
58
77
78
86
80
47
28
-1
1
-12
-53
-78
-115
-117
-130
-126
-103
-131
-142
-144
-133
-101
-86
-88
-104
-98
-66
-61
-79
-55
-34
-28
-6
26
18
17
43
47
67
68
58
78
99
103
72
78
78
58
72
65
42
51
70
89
91
75
94
122
114
82
58
47
30
29
29
16
-21
-65
-58
-56
-59
-77
-112
-93
-60
-57
-68
-72
-81
-83
-67
-73
-79
-79
-99
-109
-107
-95
-65
-61
-74
-99
-122
-86
-58
-62
-19
13
32
44
45
68
45
26
79
104
105
96
94
95
80
105
99
66
58
53
74
63
42
32
10
24
79
115
87
57
57
58
68
81
73
51
46
42
32
16
-11
-43
-62
-88
-132
-150
-140
-115
-109
-97
-102
-114
-89
-90
-68
-57
-63
-52
-50
-27
-22
0
17
38
49
33
34
27
51
80
78
83
60
33
33
48
71
84
73
63
76
61
54
65
62
73
67
70
85
54
20
31
50
25
-8
-14
8
15
-35
-51
-62
-85
-67
-62
-46
-50
-79
-65
-96
-118
-90
-86
-97
-108
-110
-103
-113
-118
-94
-82
-66
-78
-102
-67
-48
-65
-68
-38
-20
12
48
58
47
35
96
102
79
97
59
46
49
53
83
106
112
109
106
85
61
57
75
82
83
83
96
96
49
42
69
82
86
79
66
32
-16
-35
-20
-11
-13
-38
-65
-70
-90
-80
-60
-80
-85
-70
-73
-79
-78
-93
-104
-72
-45
-37
-16
2
7
4
-17
-21
-1
22
34
19
30
45
38
66
65
37
15
21
60
48
55
84
64
49
57
79
54
22
20
28
34
9
-14
-29
-31
-12
-32
-72
-90
-71
-64
-57
-40
-64
-75
-100
-98
-69
-87
-77
-59
-63
-82
-91
-87
-80
-87
-95
-83
-94
-75
-61
-61
-43
-56
-38
-29
-18
26
35
21
34
73
82
85
103
86
54
45
68
83
87
104
103
122
131
96
90
76
80
96
93
124
117
114
128
91
69
70
87
98
90
60
51
29
-12
-10
-12
-4
-18
-46
-68
-108
-96
-77
-75
-62
-77
-93
-76
-66
-101
-99
-52
-48
-65
-42
-10
-11
-10
7
-9
-24
-13
5
-4
0
14
6
36
63
72
62
77
67
54
73
102
84
70
52
54
65
66
63
39
-10
-49
-38
-2
12
1
-7
-18
-51
-50
-46
-40
-35
-61
-64
-94
-116
-93
-89
-89
-83
-90
-107
-130
-128
-94
-87
-84
-80
-123
-126
-92
