-9
6
12
2
-4
-18
-2
-14
-2
19
6
-48
38
-28
33
21
20
41
-5
31
-31
7
-8
10
2
12
-33
14
19
-42
35
-43
20
5
-8
24
-21
-8
17
19
-6
9
-39
24
-5
23
4
33
0
15
-14
-36
24
-12
34
-50
29
-37
-26
4
-16
21
-8
-3
4
25
-17
44
-50
15
32
10
3
-3
-2
-7
31
-8
18
-33
-2
-22
22
-7
-1
-6
0
8
35
-18
-23
23
-48
21
11
13
22
-41
37
6
-2
20
-18
-27
14
-37
29
-27
12
-3
-25
46
-39
36
-20
-8
11
43
-31
68
-78
37
12
31
33
-55
3
-29
-24
44
3
2
-7
6
-5
-7
22
-13
39
18
-16
-4
5
-1
-26
33
-62
100
-70
50
-37
-27
46
-32
68
-42
5
-2
23
33
29
-50
27
-42
30
33
-24
5
-69
57
-52
60
-52
12
-30
9
28
-46
86
-111
104
-79
83
-9
-5
21
-40
42
-2
19
-47
24
-21
5
18
40
-18
-51
0
-4
35
30
-25
-4
30
9
-18
-10
-19
-10
-10
8
28
15
-8
-22
-6
-28
15
1
-8
2
-8
-4
-37
51
-27
4
6
8
6
48
-3
30
13
-21
28
-14
36
-61
28
-18
11
81
-60
45
-66
28
19
-5
-36
0
3
0
24
-24
-4
-42
45
-23
28
9
-14
31
17
-4
23
32
-41
46
-23
24
-5
-10
41
-29
46
-22
12
9
22
-45
-5
-11
26
2
-24
-19
-13
98
-70
37
-11
-31
22
7
3
-9
-2
-32
47
22
-10
-5
-3
-2
32
-51
14
23
-35
44
-24
-11
48
-40
7
7
-43
34
33
-38
20
-23
15
-12
46
-52
11
40
0
8
-8
5
-29
45
-73
56
-21
-2
19
-50
56
-26
8
-42
-4
1
1
41
-42
30
-23
39
-20
37
-27
-26
52
-15
14
1
-26
-12
47
-9
22
-16
-9
39
-53
63
-56
56
-27
-4
17
-21
21
-8
-34
41
17
-59
39
-75
82
-4
-39
51
-77
46
-21
27
6
-1
-34
69
-39
44
-14
-5
45
-49
55
-18
39
-28
33
-19
44
-10
-9
56
-5
14
-17
35
-24
27
-36
1
-23
-25
30
-38
41
-43
37
-28
22
0
2
27
-17
15
25
-5
-17
20
-42
59
7
-39
40
-90
62
-8
-5
43
3
-28
38
-10
13
12
-51
47
-60
15
-22
6
21
-71
34
22
-13
51
-57
9
8
2
39
-25
-14
-1
-17
85
-60
23
-23
18
14
11
-4
-3
-3
-7
30
-22
112
-88
42
-20
-37
95
-85
97
-55
-27
41
0
-18
23
-53
11
-6
20
-2
34
-51
3
32
-57
97
-98
80
-11
43
-20
21
-48
1
43
-41
83
-35
26
-36
59
-51
38
22
-74
90
-51
-4
10
-28
42
15
-32
27
-24
39
-56
23
21
-18
38
-3
-3
3
2
11
37
-43
94
-125
54
-22
-33
40
-8
-19
23
-44
36
27
-42
131
-165
164
-87
-4
88
-73
85
-73
36
23
-8
-18
0
-21
76
-90
61
-15
-6
34
-73
58
-7
20
-52
85
21
-16
51
-68
68
-59
42
-14
-8
32
-71
73
-43
61
4
-18
26
-45
58
-23
27
-38
-18
30
-3
56
-78
27
-70
39
15
26
10
-65
-7
-10
23
1
-31
13
-55
49
-1
-24
-3
-23
49
-27
51
-101
54
-73
40
-11
16
21
-89
101
-70
70
-65
24
-29
15
10
13
-4
19
38
-110
89
-89
64
-3
-12
25
-42
73
-30
1
-44
1
21
15
-12
-2
-22
24
1
-13
-4
-5
-5
11
19
-10
53
-57
65
0
-1
8
-60
63
-64
26
10
-14
48
-26
-1
-15
-13
23
-39
65
-49
29
2
-8
1
36
38
-45
25
-34
64
-16
59
-96
87
-4
-15
83
-85
51
-60
93
-40
42
-22
-75
45
-5
34
-17
9
-30
61
9
-13
12
-3
29
-27
73
-17
4
-23
27
-27
24
34
-28
61
-59
49
-65
127
-66
1
6
-40
59
-29
25
-4
15
-36
17
27
70
-49
22
-43
57
12
-33
66
-69
57
-25
-26
56
-62
28
-28
27
51
-25
-45
37
-92
96
-63
25
45
-112
78
-89
96
-6
39
-50
46
-77
40
-2
-4
34
-35
-21
-10
-14
-13
-39
36
-19
-13
116
-41
42
-114
42
-16
-16
42
23
-9
-29
-27
16
12
18
-40
-34
12
87
-19
-47
17
-41
41
-8
-12
19
-54
53
-30
10
9
-28
13
-16
33
35
-20
9
38
-78
79
-67
75
7
-20
33
-54
88
-31
25
-43
-7
2
-22
42
-23
30
-67
91
-104
97
-77
82
-56
36
4
-40
68
-83
80
-19
16
2
33
-71
-18
50
21
72
-39
8
-23
-5
4
44
-24
7
-6
46
7
-20
25
21
45
-18
-36
38
16
-42
4
48
5
28
-51
13
6
21
-98
59
-86
65
-48
63
8
-15
63
-69
57
-128
118
-38
51
-45
-7
-31
15
21
33
3
-61
37
-46
50
21
-15
3
-31
36
33
-31
31
-35
21
-4
47
38
-74
22
-41
-10
14
22
-43
14
-45
74
-46
34
-47
-57
122
-20
59
-39
-16
-61
45
3
-4
1
-9
0
16
18
-9
-7
-6
-32
83
-58
-37
71
-101
47
-68
91
-96
108
-43
20
15
-3
-5
-17
30
-64
51
-95
120
-12
-1
14
-48
107
-17
44
-103
71
-37
-12
55
-76
9
11
-66
93
-28
3
62
-115
104
-70
124
-56
2
49
-57
113
-84
8
7
53
-17
22
-48
24
4
-34
37
7
-50
70
-13
9
21
4
15
-15
62
-51
71
-164
92
-31
25
63
-92
83
-77
62
25
-5
-8
-26
8
12
59
-39
37
-66
21
-38
14
104
-124
83
-59
11
50
-39
12
50
-81
10
-7
-9
28
-34
50
-91
97
-47
-37
19
-36
86
-28
7
-29
17
-22
21
18
9
-28
27
-26
-9
37
-51
51
27
17
15
-46
8
-24
44
-44
8
-24
35
-25
29
-52
49
12
5
49
-87
60
-92
46
-32
-7
21
-67
48
6
-21
38
-48
1
53
-75
43
-68
69
-32
7
-1
7
72
-51
30
-71
48
-30
0
-13
13
5
-4
60
-43
36
-18
-39
46
-83
73
-72
90
-72
44
-52
31
-20
5
50
-35
35
-32
-3
9
43
-36
61
-85
75
-76
61
0
-2
28
-63
57
-68
18
19
89
-55
76
-46
21
-16
-4
38
18
23
-15
59
-58
47
-12
37
-63
41
-19
53
-19
-1
-21
13
29
4
-8
-1
-40
54
-16
11
16
-57
54
-50
69
-29
24
6
-21
16
31
-28
51
-31
-21
82
-101
54
-50
37
52
-21
24
-26
41
-30
35
-38
76
-2
-21
-45
-8
36
8
39
-17
37
-84
75
-80
58
-18
-18
25
-28
59
-31
2
-22
-6
44
-28
26
-64
21
10
24
5
21
41
-106
33
-2
25
-8
-14
1
-10
39
-80
50
-92
66
2
59
-45
-18
-5
-69
64
-23
51
-22
10
-12
-57
10
-54
36
48
-33
69
-71
35
-43
-17
66
-35
31
-42
12
-18
12
-34
47
-18
5
51
-83
47
-1
-16
-9
-1
12
-33
-11
27
37
-24
-23
-42
-34
74
-27
65
-69
27
21
-11
58
-111
51
-58
64
-25
19
32
11
2
-49
49
-16
-17
41
-42
20
0
12
41
-30
-42
23
-28
69
-10
-1
12
-66
33
-5
105
-62
17
-3
20
-39
0
25
21
-3
-12
20
-23
-9
-32
17
-4
23
4
-26
1
17
-10
97
-61
21
-23
-19
114
-26
19
27
-33
34
7
87
-51
26
-40
34
-19
48
-4
21
-15
2
13
-11
57
-24
-17
35
22
-26
64
-78
12
-36
42
-30
65
-68
-22
-1
-37
70
-32
-1
-13
39
28
2
-14
-1
3
37
-28
-4
-4
-30
62
-90
93
-56
58
-84
66
-56
22
40
-22
58
-61
-14
-2
46
-12
20
-59
72
9
-42
35
-67
56
-36
14
33
-76
50
-94
98
-93
62
35
-22
-49
0
-58
95
-46
47
-51
-15
115
-22
45
-72
20
-15
34
25
6
-39
40
-19
23
-29
-9
100
-93
107
-74
20
-12
-19
42
-81
37
-44
35
-5
13
-30
-9
43
-5
11
-81
40
-12
46
-26
-28
62
0
4
-34
-45
85
-56
80
23
-54
74
-96
8
51
-50
33
-6
-5
16
-58
42
32
-2
29
-54
84
-94
52
-3
52
37
-79
-3
-43
68
17
-2
-66
22
21
22
78
-92
69
-73
56
57
-98
106
-126
59
62
-24
12
-1
-23
-5
44
-50
162
-103
28
-48
13
18
6
3
-10
-19
-30
-42
56
-69
96
-49
-4
-13
14
-20
46
-34
-51
38
-27
60
-92
-12
-18
-7
23
-28
27
-13
-45
76
6
12
-42
-13
5
32
-48
-16
10
5
14
44
3
-34
87
-79
16
26
-53
48
-47
25
12
15
-44
63
-7
13
29
23
-54
66
-33
-44
91
-64
38
-27
7
-29
22
-14
-12
6
14
-1
45
3
-31
39
-2
54
-17
-34
37
-10
79
-47
19
-24
-50
50
-33
-10
41
-107
127
-13
-32
97
-69
36
13
-11
1
-41
9
42
-11
12
-65
33
-6
-35
86
-75
70
-3
-8
69
-38
28
-6
11
3
-12
-47
39
-32
147
-43
20
26
-54
36
-67
56
-6
-24
25
31
-23
19
-68
8
-9
16
21
20
-35
37
-137
122
1
30
-6
-80
121
-70
134
-159
66
-41
-12
84
-67
73
-55
-32
35
35
-30
32
-24
0
-24
44
-27
-41
-4
-55
37
-5
15
24
1
-14
18
40
-20
-38
-25
-12
55
-56
16
-66
112
-110
48
-41
-35
111
-135
115
-75
64
-10
43
-54
55
-74
36
-1
15
15
-46
72
-53
58
-7
-29
61
-63
65
23
-81
64
-33
23
118
-145
54
1
-16
44
-55
52
-22
62
-52
-94
39
-59
84
-17
-16
5
20
1
61
-6
-7
-11
-58
82
-10
65
-127
153
-62
67
-14
-26
86
-107
150
-27
11
-112
24
-35
61
19
-32
-10
-30
33
36
24
35
-1
43
-25
38
25
-63
-14
-13
55
-4
78
-39
7
-92
20
52
69
-37
-52
37
-21
-4
53
-25
-32
9
29
-37
67
-35
-105
64
-63
100
-18
-4
-48
-59
46
66
-64
8
-39
-20
16
-25
15
3
18
-56
-9
56
-51
35
-44
4
52
4
10
-58
47
-5
-3
59
-29
34
-18
-32
40
-18
44
-47
2
35
-71
23
-23
-50
62
75
-51
84
-40
8
-48
59
-20
26
4
-64
21
-19
-13
38
2
20
-54
39
119
-180
122
-95
49
78
-51
-9
-31
11
31
135
-20
26
-85
50
-55
31
52
-51
45
-70
48
33
-8
36
-23
-8
31
-105
112
-99
69
-48
35
46
-38
-25
25
-34
70
46
20
41
-163
38
-66
206
-61
22
-94
-24
118
-152
61
-114
164
-73
86
-77
105
-85
14
84
-112
138
-107
53
-33
-6
-74
89
-13
22
-55
96
-13
18
-94
-7
43
27
2
-60
20
22
-113
114
-48
-61
46
-105
63
0
4
-7
16
-65
32
-10
-34
25
-15
29
-19
-48
9
-107
87
-42
109
-70
-30
32
-62
-8
14
41
-4
-31
-36
44
25
9
-68
49
-49
4
64
-90
8
64
6
-57
38
-8
-34
17
-37
55
-62
99
-73
-23
53
55
-51
23
109
-66
74
-123
28
80
-21
70
-51
25
42
-74
12
61
-60
135
-76
43
95
163
35
39
-30
-29
-55
85
17
-101
92
-35
85
-58
12
-19
27
-2
20
137
-41
50
-89
94
-5
-27
-62
30
34
21
62
-138
133
-107
29
-38
14
24
-13
-112
-22
-86
68
31
28
24
-108
114
-106
95
-51
14
-34
107
-47
-25
16
-65
-33
-77
95
-69
74
-117
57
-24
0
-14
-75
104
-87
-4
22
77
60
-40
-59
-39
-58
-17
-35
-33
125
-41
108
-82
51
9
-80
66
-59
-54
53
-25
-47
46
-92
59
-54
13
-37
8
45
-5
-6
-41
37
1
76
-91
88
-106
43
73
-41
167
-69
7
-7
-111
131
-34
80
-5
-34
87
-174
112
-116
44
66
17
50
-106
-14
-106
81
38
37
12
31
51
-61
117
-146
35
4
-49
125
-53
63
-36
33
14
-132
34
-6
-10
180
-82
156
3
-179
157
-162
241
-98
-90
120
-90
31
-18
-20
-76
77
-38
-10
90
-126
17
5
39
-22
29
-45
-25
101
-109
96
35
-88
72
-12
-41
-25
26
46
29
11
-72
62
93
-126
19
-53
-123
126
-30
40
-16
-81
133
-44
104
-40
-84
46
6
85
-26
-43
-12
25
-50
168
-204
141
-70
-62
73
-124
199
-46
-44
-17
26
-3
-15
-40
95
-27
-16
153
-153
279
-182
68
-102
-101
125
-29
9
-48
110
-213
258
-67
104
-68
-2
142
-142
266
-290
221
-107
-23
60
7
42
-100
-18
20
76
106
-59
26
98
-112
88
34
-111
16
6
9
58
-171
62
-106
227
-69
89
15
-147
185
-19
-78
-22
-47
-61
99
-94
108
-90
0
39
-170
72
-67
9
147
-87
191
-141
31
225
-251
114
-112
29
89
-66
-10
-2
58
-223
220
-220
175
-32
-16
64
-84
60
-57
-16
-33
17
47
30
-36
149
-195
143
-63
117
-23
28
-143
73
-86
-19
67
-92
181
-170
284
-15
-47
47
-121
61
24
-80
35
18
-92
-22
-33
15
51
-11
58
-99
-12
-85
-75
144
-149
77
34
-155
233
-165
23
111
-130
205
-63
6
1
-43
138
-85
-52
-16
-86
22
53
-172
246
-13
29
187
-273
163
-159
72
-54
53
-67
-37
46
-53
68
-36
-107
48
176
3
164
-90
145
-65
116
-10
-127
13
-215
146
-174
87
-70
-87
59
-7
-65
93
13
-137
270
-233
215
-51
94
-75
-49
-98
27
99
-51
195
-216
7
-8
100
15
-96
-77
36
13
233
-220
84
-236
60
142
102
-89
-26
-185
76
212
3
-18
-27
-221
204
45
5
145
-281
181
-98
100
86
-90
-86
38
-74
130
-18
-193
75
-203
149
45
-99
161
-245
127
79
-54
148
38
-54
62
-37
84
94
-143
56
-38
2
170
-161
36
-94
-39
266
-365
304
-288
140
38
-79
37
72
-61
19
40
-134
193
-234
207
23
-134
85
-120
101
-19
26
-20
8
91
-24
54
4
-65
15
94
-46
5
47
-192
117
9
-98
199
-291
157
-126
92
150
-89
97
-66
-34
151
-44
-55
133
-250
269
-78
-109
428
-409
156
-73
-2
232
-133
14
-85
123
77
52
-80
31
-167
334
-84
-4
119
-258
178
-6
11
145
62
-338
163
-64
13
180
-216
-120
53
39
141
2
151
-115
31
57
-33
106
-102
-86
-5
36
8
-49
-12
-82
13
-74
-36
44
-113
9
22
-18
1
-24
-276
-157
311
-156
-42
90
-245
40
-23
-91
-81
68
-68
-167
227
-79
-75
80
-178
-14
81
-9
-126
65
-36
-142
228
-109
62
76
-245
170
108
-46
61
163
-241
22
251
-203
229
-54
-199
261
108
25
56
16
-103
147
215
-52
122
57
-206
204
202
-125
239
-110
-128
260
-40
63
119
-156
-56
182
-107
140
-59
-16
-28
-126
159
-53
54
-132
-50
45
-154
-34
-77
-51
-113
74
-206
-99
92
-243
45
-162
-123
114
-275
-11
26
-373
170
-146
-212
118
-200
90
-34
110
-89
-80
133
-88
-253
-94
-131
-271
-60
-357
-91
33
52
446
26
313
372
256
482
370
314
293
326
343
526
428
301
152
132
282
89
194
-134
-152
14
-251
-2
-9
-194
-98
-212
-239
20
-94
-11
-135
-24
-68
106
171
147
185
137
163
334
431
353
295
262
106
243
385
228
10
-166
-163
-120
-179
-87
-247
-651
-480
-307
-523
-260
-373
-683
-450
-243
-85
120
-124
-793
-269
-90
-138
143
-492
-402
-595
-156
381
-336
-520
-561
-487
-366
-48
-560
-813
-416
-587
-413
-229
-605
-1602
-836
184
742
1360
153
705
1620
876
1166
1254
819
754
427
817
1866
1402
529
364
402
376
131
125
-219
-644
-693
-610
-51
253
-630
-930
-576
-689
-168
-492
-689
-277
-459
-7
184
588
361
-237
71
272
784
677
452
559
491
682
789
946
856
379
145
636
1344
1324
598
39
118
-20
-211
-244
-642
-843
-1221
-926
70
-205
-612
-974
-1269
-663
-476
-650
-408
-78
-269
-220
521
473
61
-361
-643
-403
-71
2
-651
-280
-317
-902
-185
-660
-814
-588
-1276
-978
-487
-742
-830
-738
-1148
-1261
-1612
-2268
-1636
-26
1211
1344
1526
2074
2376
2476
2002
1653
1701
968
631
1811
2695
2587
1717
745
750
711
2
-581
-1009
-1446
-1458
-1018
-349
-170
-752
-1348
-1667
-1212
-1114
-1435
-1237
-939
-307
-8
581
1110
693
356
430
939
1112
969
805
962
1202
1508
1839
1538
1329
718
365
548
647
787
328
214
412
339
-10
-588
-846
-1126
-1376
-1128
-717
-484
-580
-1000
-884
-486
-616
-734
-1090
-1309
-627
-351
-186
630
339
-616
-560
-356
-364
-314
-1019
-1428
-740
-623
-813
-433
-662
-1642
-1601
-1429
-1561
-1371
-1950
-2489
-2410
-1634
-1448
-2039
-3360
-3743
-542
2606
3940
2459
1806
3528
3773
4399
3972
3475
2852
1231
2409
4876
5247
3044
818
-48
505
689
-328
-972
-2171
-3105
-2478
-1098
-346
-1278
-3279
-4169
-3096
-1627
-1055
-1440
-1643
-1260
-193
1348
2412
1909
473
228
1223
3010
3357
2527
2029
1758
2981
3615
3466
2478
504
-209
12
1359
2103
1064
-221
-629
28
318
-281
-1268
-2180
-2788
-2421
-1137
-311
-664
-1581
-1780
-1150
-490
-469
-964
-1297
-1210
-874
-312
422
504
-437
-1494
-1343
-331
-42
-853
-1665
-1518
-1228
-1286
-1559
-1718
-2150
-2635
-2319
-1821
-1334
-1988
-2843
-3353
-3323
-2534
-3011
-4659
-7529
-6480
-185
6022
8007
4220
3383
6161
6495
5766
5151
5404
3984
1843
3929
7514
7857
4230
551
160
287
-1027
-2364
-2934
-3384
-3477
-2893
-1865
-541
-1533
-4692
-5493
-3428
-2034
-2307
-2282
-1104
403
1586
2491
3093
2757
1341
235
1104
3093
3954
3555
2905
2818
3323
3797
3047
1183
-686
-1763
-713
1521
3986
4098
1466
-169
-466
297
-401
-2097
-2581
-2928
-2291
-1026
495
947
-660
-2403
-3022
-2444
-1626
-1175
-1076
-871
-354
251
779
746
-319
-2264
-3333
-2084
-83
315
-994
-2044
-1860
-1350
-1287
-1705
-2362
-3213
-3385
-2851
-1787
-1184
-2149
-3311
-3785
-2695
-2493
-4084
-7078
-9730
-5582
2457
8400
7967
3503
4472
7720
8319
7315
5521
4222
2328
2067
6630
10699
8592
2751
-1069
-1153
-369
-881
-2929
-4878
-5266
-4085
-2109
-600
-239
-3297
-6708
-6130
-3810
-1678
-1259
-1325
-612
814
3003
3821
3377
2171
768
407
1623
3705
4457
3654
2650
2635
3276
3161
1891
398
-643
-1280
-948
426
1974
2909
2631
1219
91
-147
-989
-2552
-2949
-2084
-1345
-470
770
893
-457
-1829
-2541
-2740
-2338
-1479
-740
-330
-107
-30
-31
-307
-1101
-2067
-2533
-2175
-1311
-677
-504
-690
-1186
-1752
-2535
-3027
-2835
-2675
-2659
-2446
-1999
-1793
-2001
-2499
-3547
-3877
-3495
-3708
-5730
-9787
-8142
544
8566
10355
5434
4624
7934
8742
8381
6559
5683
4263
2495
5349
9973
9979
4603
-579
-2177
-1672
-1507
-2338
-3905
-5029
-4690
-3576
-1710
-503
-2450
-6249
-7327
-4268
-675
438
-117
-242
686
2194
3639
4367
3681
1799
583
1664
4166
5344
4119
2539
2406
2824
2357
1124
-11
-917
-1497
-1059
71
931
1250
1064
743
305
-3
577
613
-540
-794
-495
-369
664
1245
113
-1528
-2666
-2735
-2166
-1610
-888
-564
-812
-570
-62
-389
-1369
-2045
-2093
-2144
-2041
-1634
-1410
-1444
-1706
-1933
-2050
-2020
-2226
-2458
-2572
-1934
-1096
-1318
-1016
-1350
-2322
-3456
-4361
-3325
-3121
-4316
-8441
-11217
-4528
5752
12046
9345
3082
4267
7286
8191
7947
6043
5202
3122
3470
9187
11778
7972
87
-4566
-2950
-989
-1474
-4158
-5539
-4862
-3575
-2473
-1688
-1631
-5421
-8688
-7148
-2161
1662
648
-861
-233
1690
3305
4200
4477
2563
-111
-291
2521
5130
5058
2985
1654
2278
2702
1538
115
-487
-1202
-1834
-929
863
1853
1999
1711
698
-278
-24
595
280
-44
547
951
671
714
698
-368
-1699
-2120
-2122
-2200
-1700
-861
-209
-17
-332
-1008
-1389
-1687
-2275
-2264
-1815
-838
-794
-1049
-646
-1086
-1773
-2903
-2652
-1587
-1461
-1460
-1408
-1044
-1448
-2037
-2568
-3023
-4092
-4703
-3916
-3902
-4867
-9612
-12092
-4440
7030
13354
8543
1891
4385
8653
9155
7174
6354
6592
3629
3119
8240
11957
8378
-363
-5517
-4081
-897
-1206
-4301
-5822
-4975
-3513
-2884
-1418
-759
-4413
-8401
-7940
-2471
2309
2500
1016
130
1669
4197
5191
4275
2078
443
344
2588
5649
6192
3725
1016
743
1943
2491
1340
-713
-1281
-1385
-1037
546
645
1249
2188
1500
1396
723
887
970
-865
-508
225
-193
-229
-239
19
-948
-1864
-1317
-1821
-2326
-1386
-692
-810
-954
-700
-1091
-1866
-1997
-1906
-2085
-2032
-773
-502
-1183
-880
-661
-867
-2125
-2742
-1959
-1789
-1441
-1408
-2478
-3107
-2997
-2560
-2709
-4209
-4496
-4051
-4597
-5883
-10295
-11084
-1724
9502
13279
6792
1249
5247
9104
8998
7486
6569
6017
3591
4682
9395
10548
5319
-2430
-5703
-3441
-699
-1461
-4244
-5601
-4345
-2627
-2364
-2255
-3042
-6434
-8738
-5778
-94
3111
2145
269
557
1897
2968
2979
1919
1308
967
1370
3897
6219
5960
3336
296
-125
1407
1802
393
-1336
-1225
30
540
1017
502
-2011
-3302
-1052
2960
4700
2707
462
103
483
937
848
76
-619
-1095
-891
448
1406
-20
-3073
-4532
-3079
-901
-157
-756
-1502
-1821
-1902
-1728
-1377
-1637
-2528
-2844
-1808
-119
797
204
-1413
-2382
-2236
-1949
-2086
-2223
-2196
-2343
-2045
-1390
-1331
-3106
-5255
-6063
-4923
-3022
-4361
-8782
-12332
-7032
5486
13860
11408
2695
2204
6738
8216
8126
7551
7508
4598
2851
6384
9938
8139
678
-5814
-6280
-2773
-750
-1580
-3041
-3551
-3651
-3811
-2539
-1057
-2721
-6804
-7522
-2540
3032
4485
2649
486
-140
1116
2573
2757
2352
1998
1661
2647
5502
7155
4825
558
-1567
-670
898
1238
596
-106
-818
-1192
-279
798
-177
-2670
-3621
-676
4271
6446
4344
943
-347
294
299
415
1524
781
-1590
-2085
17
2041
657
-2944
-4724
-4049
-1853
354
784
13
-1315
-2644
-2882
-2164
-1045
-1159
-2841
-2577
-103
967
129
-1533
-2934
-3465
-3237
-2044
-873
-654
-1246
-2249
-2708
-1721
-1410
-3159
-5531
-6074
-3744
-2367
-3044
-7369
-11672
-6151
4836
12464
10016
1846
1909
6186
8018
8066
6951
6609
3854
2369
6282
9320
7308
492
-5269
-5409
-1906
409
-1056
-3346
-3899
-3135
-2684
-1807
-796
-2951
-6672
-6824
-2625
1975
3286
1726
413
463
1651
3107
3131
2304
2024
2290
3302
4824
5301
3678
941
-694
-339
869
1202
513
-401
-847
-752
-291
207
-639
-2413
-3442
-2061
1666
5682
6155
2847
166
-816
387
976
1411
1767
-414
-626
102
1326
948
-2034
-3240
-4052
-3027
-491
1262
903
-1594
-2982
-2983
-2689
-2374
-1969
-2353
-2510
-1092
613
1015
-48
-1425
-2837
-3888
-3408
-1346
-177
-167
-867
-2158
-2477
-2256
-2193
-3275
-4265
-4527
-3683
-1638
-2102
-4375
-9129
-12377
-5900
5212
12742
9409
1318
2774
7348
8209
6644
5032
5740
3724
2695
7338
10868
8564
913
-5854
-5363
-986
387
-1540
-3592
-3750
-3057
-2907
-1795
-729
-2958
-7226
-7553
-1955
3693
4664
2674
714
49
1019
2476
3018
2721
2022
1434
2518
5406
6748
3960
-516
-2622
-1264
997
1372
483
-49
-259
-636
-491
-221
-1124
-2988
-3616
-1683
1670
5872
7218
4356
449
-1466
209
1189
1179
1373
622
567
1163
1813
1098
-1450
-4168
-5092
-3852
-1808
-8
250
-352
-1214
-2277
-2486
-2491
-3006
-3473
-3493
-1932
967
1765
-113
-2289
-3390
-3066
-1937
-912
-844
-1324
-1416
-1071
-1209
-1397
-1771
-3123
-3953
-4006
-3117
-2492
-2388
-2667
-4328
-7870
-11766
-7500
3937
12410
10716
2360
756
4857
7925
8254
6698
6315
4336
2948
6491
10375
9137
2075
-5128
-6596
-3093
887
824
-2406
-3875
-2915
-2302
-1918
-1068
-2642
-5769
-6513
-3216
2417
4476
2679
-199
-1496
778
2843
3756
3566
2334
1728
2129
4120
5438
4146
603
-2369
-1597
1204
2742
1400
-636
-1324
-1105
-342
-370
-436
-1006
-2186
-1954
-236
3854
6534
5103
1990
-190
577
1664
1964
2061
1376
58
-1083
-600
574
90
-2422
-4502
-4113
-1856
-128
-627
-2154
-2928
-2979
-3066
-2666
-1616
-1566
-2909
-3311
-1494
446
243
-1617
-3118
-2847
-1378
-212
-27
-724
-1688
-2360
-2212
-1298
-731
-1690
-3078
-3312
-2525
-1785
-2696
-3428
-3218
-3698
-5432
-8671
-7410
1145
9755
10965
4716
1514
4730
6762
6037
5430
6469
6226
3758
4580
8142
8636
3649
-3272
-5774
-2911
1104
1651
-805
-2673
-3131
-3241
-3611
-2051
-886
-3178
-5589
-4550
771
4199
3001
611
-990
-146
1423
2685
3410
3269
2547
1379
1613
3604
4362
1743
-1250
-1493
253
1353
1200
638
60
-540
-1428
-1147
-273
231
-326
-1237
-553
1646
5164
5840
3333
614
-1040
65
1355
2301
2555
842
-639
-1231
-1074
-659
-1626
-3389
-4131
-3718
-1997
-349
-557
-1952
-3830
-4649
-3557
-1990
-968
-1300
-2441
-2227
-896
11
-58
-1535
-3530
-3732
-1782
457
1487
1125
-201
-1962
-2689
-2037
-961
-852
-1763
-2351
-2109
-1114
-1474
-2644
-3212
-4069
-6942
-10748
-7940
1918
10918
10686
2915
-213
3052
6644
7230
6526
7259
6924
5158
5864
8573
7779
1904
-4104
-5107
-2020
1074
1824
-187
-2465
-3329
-3727
-3360
-2071
-1864
-3623
-5018
-3078
1251
3764
2840
309
-1590
-1379
756
2956
3562
2683
1626
1423
2426
3867
3750
1377
-999
-963
1054
2670
2477
1076
-236
-878
-914
-477
-91
-528
-1409
-1248
595
2964
3894
2511
265
-649
-23
939
1682
1829
743
-964
-1823
-1585
-1111
-1148
-2046
-3212
-3218
-1812
-630
-1026
-2507
-3681
-3750
-2945
-1953
-1280
-1145
-1541
-2047
-1866
-853
-122
-666
-1823
-2303
-1520
-204
477
162
-578
-925
-1164
-1448
-1193
-675
-950
-1337
-1279
-1494
-1989
-3367
-4301
-4129
-3671
-4155
-7639
-8208
-1049
8155
11129
5499
940
2924
5720
6500
6330
7739
8470
5521
3581
5235
7295
5140
-624
-4047
-2800
375
1584
-48
-1899
-2339
-3107
-4508
-3996
-1974
-1797
-3720
-4116
-1482
1672
2539
906
-825
-690
453
1187
2110
3678
4321
3165
1795
2058
3323
3119
919
-956
-471
1224
1884
1199
572
320
-557
-1717
-2212
-1039
280
159
-126
320
1834
2311
1029
-200
-705
-213
327
875
1464
950
-748
-2486
-2554
-1347
-689
-1457
-2517
-2274
-1613
-1270
-1568
-1918
-1732
-2295
-2763
-2320
-1196
-698
-1814
-2543
-2168
-1004
-118
-639
-1353
-1095
-638
-913
-756
177
142
-864
-1400
-1305
-1319
-1157
-1031
-1095
-458
-292
-1758
-3822
-3856
-2350
-2545
-5293
-8575
-6935
613
8760
10446
5479
2550
3050
3915
4855
6644
9050
7741
3838
3178
5660
6962
4154
-860
-3841
-3016
-336
947
408
-964
-2843
-4771
-5262
-3104
-470
-565
-3071
-4334
-2073
1533
2865
1399
-373
-718
88
1327
2770
4036
4094
2324
305
640
2863
3509
1333
-835
-565
1070
1886
1432
487
-660
-1989
-2665
-1898
-432
453
672
796
1015
1295
1328
577
-677
-1313
-838
247
1220
1396
431
-1095
-2167
-2347
-1868
-1235
-897
-920
-1023
-1025
-1034
-1262
-1825
-2534
-2867
-2457
-1483
-601
-515
-1390
-2547
-2938
-2118
-669
145
-292
-1327
-1727
-920
485
1390
1042
-14
-788
-913
-698
-298
-194
-940
-1583
-1827
-1965
-2552
-3135
-2789
-2743
-3988
-6635
-7217
-2174
5605
9577
6261
2050
2550
4338
5070
5614
7080
7531
5120
3560
5025
7052
5709
988
-2765
-3057
-615
1206
745
-612
-1823
-3157
-4600
-4263
-1812
-323
-1929
-4020
-3214
-461
1199
931
198
39
369
840
1535
2608
3297
2692
1374
928
1697
2466
2084
917
105
-2
172
373
560
36
-1208
-2093
-2019
-1412
-430
351
45
-224
400
1662
1929
1015
465
91
275
270
91
503
474
-271
-1577
-2002
-1323
-898
-1116
-1586
-1870
-2181
-2459
-2265
-1436
-991
-1611
-2482
-2390
-1369
-562
-689
-1330
-1213
-796
-399
-194
-19
429
71
-179
-131
240
700
89
-700
-1002
-449
-12
-569
-1260
-1771
-2400
-3125
-3482
-3085
-2291
-2303
-3373
-5627
-6960
-3833
2910
8329
7431
3250
2172
3717
5083
5579
6820
8163
6504
3867
3508
5108
5871
3446
-240
-2479
-2277
-606
208
-316
-1310
-2675
-4507
-5185
-3315
-825
-802
-2833
-3794
-2517
-448
784
1034
1005
770
56
-308
998
3246
3977
2526
934
800
1366
1440
1106
848
546
27
-400
-377
-25
66
-617
-1692
-2090
-1423
-399
380
1025
1449
1203
599
619
1183
1145
323
-159
214
771
886
480
-303
-1127
-1698
-1996
-1915
-1400
-1008
-1276
-1776
-1795
-1414
-1179
-1260
-1402
-1409
-1334
-1168
-775
-372
-467
-994
-1226
-762
3
452
433
206
147
117
-120
-340
-391
-343
-347
-445
-730
-1221
-1685
-1640
-1429
-1737
-2304
-2977
-2877
-2134
-1937
-3067
-6027
-6993
-2582
4657
9065
7115
3280
2169
2577
3388
4857
7306
8317
6029
3662
3551
4731
4808
2289
-1285
-3468
-3044
-1272
122
480
-363
-2165
-4645
-5602
-4109
-1777
-760
-2038
-2691
-1609
204
1572
1397
685
-194
-678
-272
1038
2956
3848
2845
992
169
767
1526
1267
342
-207
-263
-172
31
555
841
-34
-1754
-2781
-2186
-756
221
475
651
1061
1319
1207
1119
1262
1180
665
284
530
1116
1277
522
-687
-1431
-1703
-2072
-2262
-1712
-954
-877
-1328
-1612
-1527
-1245
-1099
-1249
-1346
-1215
-987
-616
-284
-320
-723
-1124
-875
125
958
887
214
-257
-160
110
145
63
-5
-203
-592
-928
-993
-1009
-1294
-1655
-1728
-1570
-1591
-2031
-2450
-2430
-2772
-4359
-5800
-3987
1566
6461
6621
3854
2423
3011
3577
3717
4789
6277
5843
3575
2264
2950
3790
3019
785
-1305
-1922
-1365
-951
-994
-699
-381
-1533
-3583
-3998
-2598
-1370
-1513
-2058
-1547
-568
-113
-105
283
964
828
-41
-465
453
1878
2305
1672
1030
941
827
305
-61
260
721
515
-110
-238
303
599
18
-936
-1390
-1233
-884
-406
472
1574
2157
1955
1527
1422
1394
939
169
-272
-170
13
-16
-235
-299
-386
-868
-1532
-2058
-2006
-1692
-1491
-1317
-1153
-936
-1008
-1293
-1344
-1042
-663
-594
-681
-536
-109
260
411
534
656
547
158
-166
-168
121
482
559
292
-103
-544
-1041
-1323
-1337
-1427
-1577
-1689
-1646
-1549
-1496
-1509
-1756
-1768
-1545
-1511
-2029
-2962
-2731
-201
3339
4943
3853
2503
2341
2342
1998
2479
3752
4003
2830
1971
2269
2685
2359
1450
396
-522
-974
-945
-832
-583
-168
-301
-1228
-2090
-2081
-1473
-1162
-1128
-685
-120
-45
-171
-41
304
548
419
-17
-317
-70
536
869
671
261
1
-87
-122
-41
170
244
57
-125
-79
131
363
470
335
164
315
600
542
373
732
1388
1635
1592
1732
1698
943
-141
-785
-901
-771
-521
-258
-180
-452
-1000
-1578
-1956
-1926
-1614
-1408
-1252
-843
-190
254
41
-349
-255
-58
-163
-262
-67
283
394
217
43
0
93
89
-89
-125
-157
-403
-643
-680
-389
-111
-359
-812
-958
-797
-638
-738
-765
-589
-721
-1057
-1068
-782
-506
-545
-993
-1489
-1524
-1190
-1251
-1954
-2273
-1173
857
2204
2211
1863
1899
1797
1210
1069
1952
2818
2617
1938
1683
1704
1703
1540
1228
669
68
-209
-306
-22
451
703
456
-362
-977
-928
-503
-321
-417
-436
-585
-889
-883
-476
-164
-188
-355
-458
-398
-177
82
199
182
204
321
405
389
436
683
883
701
467
782
1384
1486
1082
850
833
524
118
83
207
189
-64
-456
-724
-798
-627
-466
-648
-791
-697
-821
-983
-813
-442
-60
-140
-508
-687
-605
-282
-85
-13
-20
-62
-180
-250
58
291
213
-149
-564
-545
-227
20
165
131
-91
-222
-213
-26
53
-72
-241
-487
-580
-673
-646
-497
-568
-708
-894
-1136
-1333
-1276
-910
-475
-368
-661
-833
-734
-568
-430
-393
-433
-381
-239
-165
-230
-445
-438
252
1398
2091
2017
1795
1738
1428
956
1040
1522
1837
1569
1061
996
1034
1026
849
404
-5
-182
-128
-156
-169
-69
-5
-141
-439
-506
-281
-175
-309
-321
-108
106
17
-94
116
326
456
400
251
204
173
339
447
385
402
360
360
441
578
650
353
30
-106
-188
-206
-130
-4
-67
-292
-387
-334
-280
-331
-475
-570
-704
-820
-543
-191
-162
-319
-488
-479
-348
-284
-181
-91
-36
98
53
-65
-49
-40
8
9
-92
-118
28
91
43
-163
-407
-248
-88
-67
-158
-270
-239
-338
-441
-445
-388
-431
-584
-784
-734
-464
-381
-344
-378
-317
-367
-447
-226
-42
59
29
99
17
-171
-56
23
138
243
154
-21
-167
-316
-416
-459
-486
-87
618
1098
1223
1106
1011
933
699
589
825
1086
1045
772
678
742
691
626
473
168
-111
-284
-235
26
209
329
361
156
-74
-200
-56
29
-172
-242
-216
-66
107
144
139
67
32
-25
-14
7
38
310
289
76
102
201
365
221
-33
8
13
-140
-302
-386
-344
-266
-377
-413
-389
-413
-345
-496
-626
-579
-519
-348
-155
22
81
40
-116
-318
-194
-30
30
112
58
108
158
66
16
-146
-317
-205
48
207
183
-7
-176
-284
-413
-423
-300
-226
-286
-406
-443
-353
-232
-146
-183
-302
-250
-140
-81
-14
-104
-149
-10
-18
-12
34
-48
59
-18
-290
-183
-29
145
301
33
-294
-307
-259
-182
-64
-87
-89
-221
195
574
706
915
539
397
251
492
696
858
664
579
524
411
281
355
521
358
216
51
272
135
253
151
205
4
9
-86
-105
-57
-169
-83
-168
42
43
-9
-17
-112
-98
-65
-141
-143
-302
-300
-265
-262
-158
-66
-68
-27
-35
-100
59
149
70
79
57
-38
40
165
146
202
32
71
4
-135
-70
112
174
-205
-58
-93
8
69
23
11
-44
-173
-177
-170
-54
-123
-330
-389
-319
-300
-95
-286
-166
-118
-15
42
139
-51
-105
-131
-89
0
107
200
94
-60
-33
-86
-12
-139
-359
-298
-203
16
-43
-338
-368
-428
-347
-407
-575
-374
-276
-307
-334
-309
-140
-198
-258
-334
-407
-201
-185
36
456
718
976
858
761
719
638
656
587
652
630
485
429
479
482
265
73
12
48
35
-15
26
91
86
12
26
111
48
-119
-150
-79
16
-21
-261
-408
-358
-264
-238
-290
-243
-132
-144
-103
98
306
401
279
113
153
251
286
346
388
378
367
355
330
283
186
74
26
22
-58
-198
-221
-164
-157
-105
-119
-268
-259
-144
-162
-174
-89
-27
-106
-254
-209
-39
103
133
53
38
-9
-47
40
74
-55
-130
-160
-282
-222
-249
-423
-473
-580
-417
-139
-185
-219
-303
-503
-435
-323
-256
-213
-332
-344
-288
-201
-128
-135
-105
-228
-324
-285
-279
-194
-183
-342
-439
-371
-233
-134
-99
9
324
618
715
638
562
610
548
451
471
604
645
459
307
256
483
679
578
504
392
338
289
154
68
5
-18
16
82
120
95
-3
-125
-201
-213
-231
-333
-360
-181
54
134
42
-39
-62
-114
-157
-64
205
438
486
465
522
583
554
423
230
164
119
179
276
366
528
370
139
-41
-131
-102
-221
-289
-203
-130
-145
-85
-168
-257
-266
-317
-195
-132
20
164
163
72
-29
-38
-165
-213
-327
-363
-225
-209
-195
-259
-248
-280
-383
-372
-486
-458
-331
-295
-256
-405
-440
-298
-262
-267
-202
-121
-251
-396
-332
-181
-138
-281
-432
-532
-533
-385
-214
-198
-350
-496
-581
-640
-673
-674
-576
-284
201
683
990
1110
1153
1080
862
770
794
876
757
481
469
564
780
875
715
482
124
-54
-1
62
60
77
48
-53
-38
45
142
152
-9
-167
-223
-272
-274
-118
66
133
92
7
-85
-111
-13
107
200
316
366
340
349
348
389
508
493
387
310
225
235
268
174
91
57
20
27
38
3
-69
-203
-324
-309
-179
-58
-85
-229
-340
-322
-250
-206
-236
-279
-236
-240
-229
-213
-240
-178
-240
-309
-269
-276
-213
-257
-236
-174
-301
-286
-352
-391
-366
-384
-331
-322
-171
-121
-171
-311
-416
-477
-641
-470
-368
-368
-315
-356
-368
-366
-278
-343
-508
-566
-608
-682
-649
-494
-545
-562
-292
162
806
1199
1217
1162
1145
1037
802
857
975
915
731
466
501
696
793
695
437
259
142
-4
-83
-7
120
268
317
207
203
333
370
231
-34
-183
-95
-59
-149
-119
-29
-9
-57
-171
-206
-111
-13
-10
-17
51
158
206
221
422
580
540
435
289
260
167
54
84
50
136
200
78
-8
-42
72
89
-80
-167
-235
-230
-186
-185
-164
-195
-331
-477
-511
-506
-528
-545
-432
-267
-290
-352
-312
-308
-260
-177
-238
-298
-313
-288
-164
-108
-151
-214
-282
-325
-265
-261
-256
-201
-358
-294
-66
-92
-141
-351
-565
-561
-577
-534
-480
-441
-427
-532
-616
-719
-725
-650
-745
-886
-1014
-839
-204
550
1216
1466
1458
1514
1348
1087
933
982
1175
1084
914
771
661
690
655
505
244
40
-66
-144
-240
-127
191
303
277
187
263
370
284
202
115
141
109
-20
-8
107
250
204
-16
-183
-311
-372
-279
-234
-198
1
174
293
394
386
291
191
170
202
221
290
367
411
433
333
186
143
151
151
84
-56
-170
-226
-224
-260
-386
-485
-537
-516
-422
-424
-477
-485
-507
-506
-538
-619
-590
-492
-412
-328
-274
-257
-266
-283
-281
-280
-238
-205
-226
-162
-77
-111
-139
-94
-89
-218
-450
-575
-508
-366
-284
-354
-544
-710
-775
-738
-659
-646
-753
-914
-1010
-1060
-1243
-1594
-1730
-1107
272
1626
2217
2181
2113
2096
1811
1357
1224
1441
1519
1208
809
656
710
728
541
163
-219
-466
-636
-749
-596
-45
514
613
452
452
637
745
584
313
190
166
172
245
362
468
426
116
-340
-639
-596
-449
-444
-406
-241
-101
-23
36
153
317
359
248
129
140
292
403
401
408
468
472
334
134
46
91
114
3
-178
-292
-304
-283
-280
-317
-410
-569
-722
-742
-584
-379
-302
-388
-508
-527
-440
-340
-287
-268
-249
-223
-185
-115
-29
-6
-106
-273
-373
-349
-257
-172
-123
-131
-219
-356
-460
-483
-416
-259
-100
-126
-398
-714
-829
-760
-690
-722
-833
-977
-1086
-1122
-1213
-1540
-1948
-1817
-631
1178
2435
2654
2540
2593
2354
1626
1110
1229
1499
1398
1017
750
781
868
637
75
-463
-712
-751
-772
-725
-363
220
517
382
300
585
885
831
590
482
497
461
376
372
483
580
462
51
-440
-680
-632
-572
-629
-644
-510
-356
-280
-185
32
289
422
380
297
313
390
413
404
464
570
575
425
244
163
115
-44
-289
-416
-336
-241
-350
-615
-794
-761
-628
-535
-489
-443
-418
-428
-400
-268
-95
-45
-155
-278
-264
-163
-126
-201
-264
-238
-209
-270
-379
-407
-283
-68
84
64
-92
-240
-324
-414
-547
-630
-550
-431
-447
-534
-538
-493
-525
-643
-831
-1023
-1121
-1163
-1131
-1205
-1509
-2118
-2243
-1110
853
2382
2719
2475
2271
2257
1823
1549
1506
1941
1725
1221
789
692
823
514
112
-696
-993
-924
-633
-571
-426
66
424
299
4
127
545
769
677
546
658
811
853
770
626
333
-81
-461
-713
-776
-628
-454
-503
-687
-697
-484
-266
-142
30
271
381
280
191
284
452
541
515
413
318
322
388
395
317
197
45
-111
-189
-151
-98
-183
-394
-541
-563
-616
-711
-642
-387
-153
-34
36
66
44
12
-70
-282
-491
-458
-232
-49
47
127
145
20
-214
-414
-446
-382
-394
-400
-183
108
166
-18
-299
-595
-770
-765
-757
-806
-758
-592
-482
-496
-593
-751
-942
-1072
-1064
-983
-964
-1031
-1190
-1555
-1866
-1277
487
2216
2607
2034
1781
2078
2100
1609
1307
1525
1700
1398
937
735
726
600
133
-587
-1062
-897
-442
-306
-408
-226
188
338
214
276
611
817
717
585
660
842
898
724
397
78
-140
-296
-453
-533
-434
-296
-379
-657
-781
-591
-329
-240
-229
-120
34
114
173
314
445
422
289
214
264
379
478
497
415
277
146
9
-174
-343
-402
-381
-393
-418
-338
-205
-202
-342
-453
-453
-394
-294
-176
-101
-59
33
145
160
77
-32
-165
-295
-293
-120
37
35
-56
-147
-253
-350
-349
-289
-275
-304
-339
-402
-434
-368
-330
-473
-699
-789
-698
-554
-494
-531
-573
-597
-651
-729
-806
-916
-992
-965
-982
-1234
-1640
-1756
-1075
428
1901
2417
2114
1804
1819
1743
1430
1234
1363
1548
1319
990
828
882
560
-181
-882
-1126
-662
-252
-25
-307
-142
160
497
379
352
636
827
844
668
889
969
906
489
210
39
-57
-232
-477
-626
-609
-500
-561
-810
-877
-586
-207
-133
-172
-14
274
340
226
270
535
659
514
398
409
381
289
229
141
6
-109
-237
-403
-463
-270
-174
-221
-312
-308
-92
-82
-181
-213
-114
-33
-124
-45
23
-21
5
65
52
0
9
13
31
45
-10
-92
-110
-112
-76
59
90
-140
-414
-468
-550
-584
-447
-274
-196
-434
-608
-654
-690
-685
-690
-558
-545
-638
-579
-469
-429
-504
-639
-899
-1136
-1183
-1198
-1336
-1610
-1444
-492
971
2185
2322
1867
1539
1600
1755
1546
1335
1370
1558
1572
1256
848
401
-106
-605
-850
-653
-137
246
193
-57
-65
234
459
369
178
224
522
823
992
1045
939
625
193
-156
-308
-316
-332
-397
-406
-316
-249
-325
-526
-718
-729
-515
-209
46
219
298
268
205
191
206
186
120
63
105
284
475
490
302
74
-67
-136
-192
-227
-206
-138
-112
-186
-282
-287
-252
-269
-286
-227
-137
-85
-48
42
213
358
324
129
-40
-65
22
113
98
-37
-173
-230
-255
-280
-268
-219
-216
-294
-401
-435
-359
-286
-339
-506
-628
-608
-515
-524
-667
-736
-617
-423
-355
-423
-518
-586
-676
-737
-719
-720
-798
-1109
-1401
-1476
-1246
-543
352
1279
1744
1644
1490
1481
1585
1397
1117
1218
1535
1659
1484
1188
805
356
-102
-405
-460
-432
-412
-335
-152
92
278
268
70
-112
-31
294
595
758
829
825
703
506
359
199
-84
-358
-446
-305
-106
-137
-378
-550
-570
-495
-394
-326
-223
-49
85
167
236
232
146
4
-121
-68
135
279
294
226
161
147
94
-46
-187
-235
-190
-138
-136
-148
-140
-141
-200
-292
-314
-222
-67
72
156
165
108
28
-16
-14
-13
-30
-8
100
256
336
257
80
-76
-138
-135
-166
-246
-325
-362
-385
-458
-493
-490
-596
-801
-955
-915
-670
-493
-490
-456
-386
-310
-278
-362
-439
-433
-464
-506
-385
-372
-555
-751
-956
-1051
-1073
-792
-113
609
1155
1247
1123
1197
1348
1361
1134
1013
1276
1589
1537
1137
769
537
301
7
-161
-225
-378
-476
-402
-75
182
184
88
29
162
344
524
570
559
637
714
679
434
273
187
9
-259
-422
-276
-103
-112
-234
-258
-213
-231
-326
-392
-368
-356
-315
-263
-135
22
57
42
-8
9
46
45
107
188
299
294
136
22
-27
-19
-72
-144
-119
-80
-46
-36
-50
-88
-100
-93
-88
-80
-40
60
107
154
199
158
152
113
56
24
24
132
142
111
74
-28
-135
-229
-171
-140
-239
-431
-557
-525
-489
-431
-473
-572
-681
-727
-602
-459
-346
-321
-307
-224
-154
-151
-215
-351
-502
-500
-416
-417
-455
-492
-572
-705
-825
-759
-408
99
609
940
966
948
1049
1052
939
893
963
1065
1009
825
741
734
676
457
91
-148
-182
-148
-50
72
151
211
199
135
128
157
143
103
117
216
312
308
212
95
15
-39
-106
-147
-145
-196
-257
-150
-22
-74
-194
-266
-242
-104
-77
-170
-153
-104
-132
-156
-146
-100
-103
-197
-221
-140
-55
16
43
17
22
72
133
189
180
105
56
62
102
198
256
212
184
179
139
111
43
-92
-171
-168
-92
65
141
75
0
-14
-5
-32
-32
-55
-112
-111
-77
-43
-31
-73
-167
-287
-450
-465
-500
-405
-323
-291
-226
-203
-214
-311
-322
-366
-345
-372
-434
-406
-390
-314
-300
-277
-339
-403
-460
-506
-527
-475
-424
-361
-237
-8
242
289
262
155
183
315
472
540
688
761
735
790
759
762
627
464
375
381
436
466
462
418
431
480
422
301
142
94
186
189
169
147
77
77
44
-10
-34
-171
-221
-149
-140
-96
-59
-1
60
22
-14
-71
-115
-70
-41
28
34
-15
-90
-220
-185
-88
-65
-147
-198
-247
-137
-88
-33
40
72
111
156
143
171
176
206
268
211
104
56
11
45
125
101
-41
-149
-85
-50
10
-84
-145
-172
-153
-83
-9
33
27
-6
-30
-51
-56
-61
-84
-81
-50
-75
-92
-137
-213
-215
-251
-294
-331
-430
-449
-418
-352
-293
-321
-347
-454
-555
-559
-508
-363
-316
-361
-347
-335
-345
-385
-373
-313
-223
-136
-73
79
274
341
333
317
280
401
525
575
595
509
593
707
637
483
457
456
329
252
245
431
486
372
341
347
335
221
165
121
159
194
151
131
42
14
24
81
51
-24
-46
-129
-139
-76
39
125
144
120
118
78
-36
-93
-127
-72
-94
-141
-168
-253
-272
-279
-213
-207
-232
-194
-184
-113
-8
100
152
179
195
167
166
176
107
-14
-45
-29
-31
-7
-9
-30
-29
-48
-97
-160
-223
-192
-131
-146
-146
-125
-117
-68
17
66
42
-34
-96
-99
-82
-93
-110
-51
15
27
-38
-172
-271
-304
-296
-308
-274
-282
-316
-274
-304
-305
-348
-484
-493
-488
-432
-322
-281
-215
-281
-301
-320
-279
-194
-139
-146
-30
78
151
251
229
314
326
402
461
492
448
409
481
531
532
422
385
373
353
374
356
378
307
300
298
315
364
314
286
264
249
171
86
-13
2
30
134
104
12
5
29
123
101
92
54
53
42
-5
12
7
57
33
3
-96
-182
-204
-221
-145
-121
-89
-142
-132
-48
-14
-37
-66
10
-2
50
105
97
88
9
-47
-42
-55
-194
-176
-160
-117
-86
-160
-202
-256
-209
-204
-178
-160
-111
-42
-22
20
9
-80
-96
-103
-56
-56
-55
-71
-14
17
114
47
-116
-136
-233
-181
-158
-194
-252
-321
-295
-254
-287
-383
-376
-315
-209
-206
-238
-264
-252
-261
-307
-286
-282
-280
-152
-126
-91
-85
-9
50
117
142
216
264
310
515
559
571
423
260
277
362
350
311
313
319
365
380
348
362
353
311
288
306
311
268
245
277
292
288
232
83
10
28
16
24
18
65
130
98
96
81
63
41
-21
-49
-77
-24
63
46
1
-62
-97
-106
-163
-198
-227
-234
-176
-130
-47
-16
-39
-53
-76
-45
-57
-92
-116
-134
-93
-85
-96
-117
-135
-144
-188
-239
-253
-241
-223
-190
-143
-21
71
39
-84
-198
-213
-215
-177
-153
-110
15
44
27
40
-7
-14
-12
-114
-111
-96
-92
16
-11
-31
-92
-236
-295
-341
-314
-269
-254
-242
-212
-199
-222
-227
-251
-226
-208
-247
-210
-117
-61
6
88
141
187
215
226
191
154
229
408
545
555
454
319
325
281
213
265
243
258
239
220
291
287
310
325
290
252
201
235
250
231
203
150
138
174
189
110
-1
-92
-87
24
94
123
77
67
87
92
102
63
55
50
37
12
-20
-83
-117
-108
-127
-60
-142
-257
-217
-181
-80
-59
-93
-124
-177
-111
-110
-170
-179
-210
-176
-162
-140
-137
-245
-240
-195
-204
-204
-213
-141
-64
-79
-109
-130
-131
-102
-63
-67
-116
-136
-88
-27
-4
38
2
-99
-84
-91
-75
-27
-30
11
-28
-75
-104
-201
-243
-193
-131
-88
-79
-132
-138
-180
-255
-294
-317
-231
-145
-75
-10
36
54
27
81
137
134
148
189
239
335
439
459
455
407
307
265
275
301
346
365
334
297
272
245
196
158
158
160
132
148
176
194
193
146
110
105
70
7
40
43
97
58
94
101
88
129
83
73
48
47
-16
-76
-52
4
22
5
-38
-155
-115
-143
-112
-67
-139
-118
-159
-135
-126
-128
-167
-182
-154
-121
-93
-88
-157
-232
-284
-259
-207
-197
-172
-192
-199
-167
-138
-119
-210
-142
-120
-114
-72
-47
-82
-74
-91
-21
-35
-114
-51
-113
-60
-57
-6
29
43
118
54
-42
-117
-145
-170
-157
-114
-112
-58
-47
-135
-257
-275
-292
-223
-110
-107
-73
-50
27
121
116
216
212
180
174
70
132
195
292
354
348
285
275
253
275
259
260
244
229
281
313
302
280
168
155
195
156
153
146
129
152
141
125
157
123
26
15
-11
-53
-12
47
86
89
46
44
82
91
43
-26
-33
14
44
53
10
-46
-33
-33
-48
-89
-92
-56
-91
-99
-123
-147
-120
-137
-150
-166
-184
-178
-214
-273
-305
-288
-186
-127
-150
-167
-273
-272
-250
-202
-88
-109
-108
-108
-68
-64
-24
-42
-46
-84
-72
-57
-124
-43
-38
-4
23
42
63
36
-4
-89
-83
-97
-106
-77
-51
-61
-56
-130
-156
-143
-168
-208
-258
-264
-152
8
108
107
51
42
96
160
212
183
183
211
253
293
286
337
319
263
241
225
205
141
168
259
319
291
264
252
250
231
132
88
85
177
212
151
126
90
140
102
41
14
8
38
27
83
94
28
-5
23
55
43
-24
-101
-87
-35
2
-1
-21
-21
0
-20
-84
-91
-128
-121
-55
-110
-137
-162
-223
-193
-173
-181
-224
-269
-241
-183
-101
-122
-215
-187
-103
-72
-92
-158
-211
-173
-131
-117
-100
-134
-123
-52
-94
-145
-128
-133
-76
5
24
71
66
-18
-70
-31
42
18
-73
-80
-36
3
-2
-96
-79
-70
-137
-146
-172
-111
-31
6
10
-33
-68
-65
-12
-4
-33
-68
-22
97
200
262
234
233
213
191
156
136
177
168
212
273
305
313
244
158
168
223
230
231
193
206
231
231
249
219
191
134
118
146
143
123
87
105
122
119
99
62
40
40
46
29
6
1
4
-8
0
-13
-85
-176
-243
-231
-187
-126
-82
-91
-105
-137
-166
-203
-207
-195
-217
-187
-156
-196
-205
-179
-159
-125
-175
-266
-309
-314
-222
-109
-71
-83
-145
-150
-71
-100
-188
-207
-196
-120
-26
23
-2
-43
-48
-97
-71
26
54
45
-5
-43
-14
25
0
-48
-72
-69
-64
-106
-85
21
64
26
-19
-38
-12
65
141
142
96
109
138
157
162
143
130
85
77
134
192
269
260
182
121
95
148
185
223
282
285
257
257
305
284
177
56
36
62
64
93
80
106
138
160
180
89
26
13
42
64
91
182
183
126
128
117
47
-19
-93
-121
-113
-106
-63
-23
-6
-5
-34
-155
-234
-257
-265
-202
-184
-165
-158
-132
-149
-259
-270
-258
-254
-241
-252
-282
-228
-151
-108
-64
-127
-121
-101
-164
-182
-175
-146
-113
-25
6
-62
-92
-116
-168
-199
-188
-148
-56
20
88
72
13
-24
-86
-75
-121
-147
-71
-26
34
96
120
108
92
13
-27
-39
-43
50
153
268
278
233
200
184
219
199
153
143
195
233
258
283
272
215
108
103
121
127
168
129
117
160
219
246
145
74
39
11
49
66
77
59
35
63
58
44
31
-11
3
47
3
-52
-10
82
156
153
67
-32
-69
-75
-96
-91
-57
-13
31
-13
-117
-140
-105
-75
-71
-118
-162
-143
-102
-89
-112
-142
-158
-181
-197
-193
-192
-202
-212
-167
-132
-161
-188
-200
-163
-91
-51
-93
-115
-108
-136
-107
-111
-106
-108
-154
-145
-131
-67
-31
-64
-73
-66
-43
-37
-63
-68
-43
-59
-51
8
64
93
68
-8
-54
-40
-15
86
152
149
167
161
182
158
122
138
188
235
207
210
190
137
166
192
184
193
209
202
196
187
159
165
207
232
191
131
107
117
155
118
64
32
35
111
93
44
4
-16
7
18
65
45
19
22
-15
7
-7
-73
-75
-41
26
29
-74
-159
-194
-92
-10
-53
-107
-174
-135
-107
-90
-55
-108
-114
-159
-158
-106
-114
-140
-173
-127
-88
-82
-115
-166
-161
-149
-83
-19
-59
-110
-100
-109
-152
-169
-138
-83
-96
-125
-85
-99
-125
-124
-74
24
39
-9
-87
-95
-63
-27
57
44
1
-4
11
34
31
25
-3
-18
24
72
75
60
35
49
100
117
131
156
172
181
210
175
107
87
100
189
198
157
182
167
178
191
180
194
150
124
134
126
142
136
142
146
50
1
41
68
57
12
-4
-3
18
79
86
82
94
49
-19
-87
-80
-11
38
53
-32
-132
-161
-146
-88
-64
-85
-108
-110
-41
-17
-95
-186
-232
-189
-122
-91
-103
-166
-186
-136
-80
-95
-164
-166
-117
-63
-50
-80
-55
-74
-121
-86
-102
-167
-165
-100
-27
-2
3
8
-21
-64
-52
-19
-23
-79
-121
-89
-15
36
53
60
35
9
-7
-9
-10
-13
32
54
76
129
152
147
107
67
19
-22
-2
49
110
148
160
152
129
98
50
36
41
64
91
108
153
158
151
125
103
107
57
31
41
105
153
116
97
64
32
24
15
23
-13
-33
17
52
116
146
70
24
19
5
5
3
-53
-48
32
28
12
-30
-49
4
-32
-89
-151
-182
-103
-24
-5
-60
-97
-91
-75
-88
-177
-174
-131
-112
-40
-28
-41
-84
-125
-72
-63
-124
-154
-155
-129
-58
-30
-42
-34
-60
-79
-75
-83
-82
-102
-94
-16
68
105
99
50
-30
-43
-30
6
79
37
-20
-13
-4
48
73
43
0
-23
-4
11
43
57
42
78
107
115
104
52
41
46
50
107
121
73
58
84
153
188
138
75
31
17
6
11
81
121
126
112
35
3
-3
-46
7
86
68
97
62
-16
12
-3
8
22
-15
-17
-30
-11
28
24
0
3
-18
-29
-6
-57
-74
-55
-67
-41
0
-8
-40
-85
-85
-48
-55
-39
-45
-48
-32
-33
-13
-61
-82
-99
-117
-83
-76
-46
-55
-69
-72
-88
-74
-52
-34
-34
-65
-110
-112
-93
-35
-5
1
31
7
0
-14
-12
33
18
40
63
34
-4
-46
0
67
121
159
64
9
-9
-63
-16
3
3
9
1
74
110
102
27
-74
-87
-44
38
63
54
73
88
101
80
50
14
3
8
-4
42
110
200
226
171
129
35
-10
-30
-40
3
22
75
108
104
80
19
-28
-74
-94
-85
-35
39
72
54
-3
-17
-9
-19
-17
-30
-18
-38
-57
-4
3
-2
2
-53
-92
-58
-50
-59
-55
-82
-78
-76
-90
-32
26
38
-1
-105
-167
-146
-88
-3
44
1
-11
0
-35
-36
-70
-104
-73
-53
-27
5
9
-12
-23
-14
7
32
-3
-51
-48
2
67
92
101
71
25
11
18
43
70
128
133
103
85
30
38
26
7
21
2
30
50
41
46
21
6
-1
-52
-70
-45
-1
71
92
55
19
4
19
10
9
17
14
36
47
89
93
6
-22
-25
-44
-37
-24
22
76
87
86
58
-33
-103
-81
1
14
-17
-10
-6
21
41
31
2
-70
-96
-89
-52
35
54
42
60
31
-3
-22
-54
-95
-131
-106
-32
32
58
94
82
-25
-68
-81
-89
-69
-66
-29
-10
12
51
34
-2
-43
-91
-86
-49
-53
-33
3
13
29
1
-61
-26
48
29
-16
-72
-94
-38
43
119
105
48
-7
-43
-54
-64
-30
4
62
107
80
73
75
62
58
34
-8
-24
17
66
94
69
78
131
71
-10
-39
-41
-33
-47
5
75
62
19
1
-12
-11
12
3
-23
-58
-61
-3
32
36
17
-21
-21
-27
-59
-36
-12
-8
19
25
21
10
-15
-43
-40
-28
-8
10
21
40
7
0
1
-17
-18
-44
-34
10
62
48
-9
-42
-71
-38
2
2
-11
-18
-5
9
17
4
-19
-34
-35
-31
-25
1
12
-11
-10
25
38
19
-2
18
29
4
11
16
43
67
13
-9
-12
-8
9
-52
-77
-30
23
28
3
-5
-40
-29
-19
-26
11
9
22
46
45
55
24
-7
12
33
52
70
51
20
31
30
5
17
11
11
26
14
27
24
12
18
-31
-28
17
2
6
-8
-27
21
35
51
58
18
22
12
-43
-43
-45
-51
-14
10
39
69
38
-5
-12
-19
-20
-8
-1
-5
-15
-12
-18
-17
-17
-36
-18
-14
-26
-6
-22
-27
-11
0
-1
-17
1
-16
-24
-3
-32
-9
-2
-19
35
28
5
-5
-30
-15
-16
-4
26
8
-8
-36
-52
-21
2
13
11
0
-15
-30
-4
4
-30
-58
-55
-8
40
60
62
25
-8
5
7
-2
5
7
10
20
23
6
-10
-23
-24
-15
-7
6
-10
-15
16
41
62
32
-14
-17
-13
18
49
35
33
18
-1
26
24
18
23
27
25
11
25
27
23
31
-1
-22
0
19
44
74
57
9
-24
-24
-5
1
-8
-19
-21
7
42
24
-19
-62
-97
-53
-26
-54
-42
-20
5
26
19
-5
-35
-14
-9
-44
-55
-60
-29
8
32
15
-38
-40
-20
19
34
-11
-20
-22
21
92
57
28
16
-29
-41
-51
-13
26
9
27
23
-1
-9
-14
-4
8
-22
-20
14
8
39
56
27
22
14
18
17
19
15
-7
-12
-16
-10
15
27
31
36
24
3
15
30
25
19
27
39
42
25
-7
-6
19
37
54
55
31
-4
10
11
-17
5
-4
-11
-12
-20
-26
-13
15
-12
-25
-17
-16
-26
-52
-43
-25
16
39
20
17
-24
-60
-54
-28
1
-3
13
32
49
58
11
-32
-47
-32
-15
-2
0
-1
10
4
-9
-9
23
23
-19
-21
-37
-40
-26
-37
-8
-4
-13
-14
-36
-18
-24
-42
-47
-60
-14
28
17
21
43
54
34
-22
-40
-21
-9
12
30
52
67
49
38
20
-14
-12
1
20
43
26
22
33
27
30
23
1
-21
-23
-1
14
22
22
11
0
8
23
19
33
38
22
19
17
5
-15
-12
-13
4
35
15
-4
-33
-24
-9
-26
0
0
8
28
4
-6
-6
-25
-22
2
8
16
12
-14
-26
-23
-7
-11
-22
-6
-20
-9
13
11
8
-14
-27
-32
-6
2
-29
-49
-52
-22
5
14
3
-24
-33
-18
10
29
26
13
19
20
-2
-11
12
34
26
0
-24
-33
-23
2
25
37
42
36
27
11
-19
-26
-10
-2
16
31
29
42
35
11
2
-3
2
-31
-38
-8
1
54
66
33
26
-17
-11
15
3
20
4
-15
5
25
46
26
-10
-19
-6
9
-4
-3
12
11
15
4
2
12
-6
-14
-14
-14
-17
-13
-12
6
25
7
11
-14
-37
-19
-20
-17
-28
-15
13
2
20
38
16
8
11
-5
-27
-34
1
49
24
-11
3
-3
-29
-53
-60
-56
-24
-7
-14
19
15
2
8
-32
-45
-22
-17
-26
1
23
12
2
3
7
1
14
15
12
12
18
8
20
11
1
-2
5
20
25
16
9
-18
-37
-11
9
9
15
8
16
39
35
29
38
15
-8
-1
7
8
7
0
0
7
