9
7
7
9
10
10
9
6
5
7
10
13
12
8
5
8
12
13
10
6
6
9
10
6
3
6
7
5
6
5
2
4
5
5
8
4
0
3
4
4
7
9
6
4
6
6
4
1
-2
1
5
1
-2
0
1
0
-1
-3
-4
-2
-4
-7
-5
-6
-8
-4
-3
-2
1
-6
-12
-8
-7
-6
-1
-1
-3
-4
-6
-7
-3
0
-3
-5
-4
-8
-9
-3
-5
-8
-5
-11
-11
-8
-10
-11
-7
-9
-13
-12
-10
-7
-5
-9
-14
-8
-5
-7
-1
-3
-5
-1
-5
-7
-1
0
-3
1
0
-7
-5
0
-3
-2
1
-2
-6
-5
-8
-4
5
2
-3
1
4
6
9
7
5
6
9
8
10
10
8
8
7
6
4
4
4
2
2
1
1
2
1
1
1
1
1
0
1
1
1
1
0
0
0
0
0
1
0
1
0
0
1
-1
1
0
0
0
-1
0
1
0
0
-1
0
0
0
0
-1
0
1
0
-2
-3
0
-2
-1
-2
2
-3
-19
-17
-3
17
9
-11
-27
-2
19
12
13
2
44
27
1
12
44
101
40
14
-45
36
291
235
-59
-259
7
492
471
-16
-305
-43
360
419
155
-50
-33
89
156
159
165
117
-6
-96
-25
66
60
-47
-129
-80
-100
-214
-301
-205
-47
-137
-358
-467
-347
-196
-195
-276
-417
-537
-535
-333
84
249
-338
-1090
-883
351
1135
242
-1141
-997
485
1208
192
-830
-127
1129
902
-424
-723
555
1426
645
-397
-202
677
754
47
-28
668
825
45
-530
26
812
553
-213
-301
218
369
-146
-394
70
435
130
-464
-575
-99
222
78
-250
-403
-267
-196
-176
21
65
-90
-211
-231
-59
29
-48
108
312
179
-245
-462
16
660
636
41
-444
-226
346
446
179
9
24
49
-145
-250
16
245
78
-355
-581
-365
-135
-162
-289
-425
-527
-563
-476
-259
-247
-607
-859
-448
317
317
-702
-1378
-531
1005
1193
-337
-1416
-441
1214
1244
-215
-784
477
1548
739
-600
-291
1207
1607
418
-428
238
1136
833
42
197
917
763
-172
-369
523
1034
264
-641
-364
472
419
-412
-632
62
442
-191
-914
-689
77
259
-294
-727
-552
-212
-227
-445
-436
-212
-163
-408
-593
-430
-113
11
-128
-307
-262
-49
58
-43
-98
179
533
547
119
-322
-41
971
1507
821
-271
-479
602
1534
1263
384
-111
317
744
616
377
366
493
311
-140
-365
-98
179
111
-288
-681
-749
-692
-519
-454
-536
-796
-1211
-1241
-926
-600
-599
-901
-1136
-1260
-1086
-696
-219
21
-603
-1412
-1298
-1
1082
465
-874
-977
409
1311
526
-525
118
1634
1643
183
-550
750
2146
1630
202
-33
1141
1532
548
29
877
1620
850
-358
-207
989
1294
238
-510
62
702
163
-679
-484
372
443
-495
-1128
-626
139
-49
-683
-808
-391
-305
-639
-789
-504
-149
-322
-637
-746
-405
-381
-318
-284
187
226
-336
-815
-377
1180
1368
234
-831
-365
1115
1764
906
-162
170
792
1005
408
417
795
777
251
-277
-69
454
489
26
-429
-593
-455
-388
-571
-456
-451
-917
-1365
-1224
-661
-534
-977
-1363
-1382
-1016
-818
-1124
-975
-256
-149
-1046
-1838
-1009
831
1282
-368
-1691
-637
1391
1554
-45
-448
992
2162
1181
-573
59
2223
2647
884
-391
469
1910
1662
381
395
1402
1492
237
-390
599
1459
945
-236
-412
450
707
-85
-579
37
606
23
-988
-1026
-180
232
-282
-948
-933
-511
-508
-765
-711
-475
-359
-548
-795
-661
-457
-347
-251
-230
74
94
-734
-725
821
1867
903
-954
-1037
1163
2830
1883
-300
-764
1079
2393
1510
130
305
1393
1218
16
-252
658
1083
387
-624
-930
-235
-27
-624
-954
-818
-872
-1731
-2102
-1262
-727
-1245
-2312
-2616
-1606
-1061
-1787
-2625
-2337
-586
320
-1290
-3393
-3374
-324
2721
1475
-2345
-3510
-280
3570
2758
-1040
-1440
2054
4111
1588
-1586
106
4250
4622
994
-1416
721
3763
3018
516
410
2341
2668
329
-787
1384
3312
1992
-869
-1119
1298
1934
62
-1075
105
1433
175
-1995
-1873
269
1237
-429
-2122
-1732
-341
-104
-1091
-1529
-863
-44
-771
-2009
-1637
-401
487
83
-816
-1428
-1418
224
1666
1462
142
-1353
-582
1936
2662
1469
94
293
1762
1721
931
742
1269
1897
1021
-102
-144
521
1080
614
-308
-812
-856
-859
-858
-568
-561
-1368
-2409
-2404
-1573
-1023
-1479
-2782
-3036
-2309
-1658
-2037
-2932
-3185
-2619
-480
215
-1732
-4388
-4206
392
3805
1892
-3535
-4631
557
4915
2983
-2002
-1702
2818
4841
1267
-2239
512
5200
5216
544
-1662
1286
4302
3507
841
810
2783
2642
379
-25
2227
3641
1860
-761
-482
1665
2002
175
-775
495
1483
148
-1727
-1509
356
1212
-174
-1961
-1891
-460
154
-639
-1403
-1200
-746
-953
-1523
-1476
-694
-175
-525
-1055
-984
-557
-235
33
371
452
-55
-449
136
1167
1452
769
312
828
1305
1077
597
518
1204
1436
538
-160
-282
138
698
329
-325
-710
-1192
-973
-339
-398
-865
-1851
-2202
-1574
-1181
-1435
-2417
-2918
-2473
-1589
-2056
-3253
-3819
-2575
982
1096
-2793
-6570
-4815
2851
6113
722
-6347
-5437
2448
6936
1950
-4090
-1499
4849
5987
-479
-3757
1654
7399
5902
-980
-2767
2440
6177
3438
232
1328
4037
3350
-704
-200
3541
4681
1682
-1843
-365
2732
2375
-541
-1131
1281
2354
-226
-3120
-1683
1624
2323
-397
-3118
-2068
349
472
-1025
-1922
-1043
-118
-1210
-2301
-1827
-482
594
-25
-1101
-1325
-1197
-239
939
1239
669
-735
-1080
455
1735
1848
896
-13
391
771
669
947
1272
1374
670
-752
-939
376
1418
1073
-710
-2069
-1788
-668
-32
-667
-1772
-2513
-2474
-2234
-2034
-2270
-2436
-2402
-2857
-3185
-3691
-3040
-2977
-1707
493
-1111
-3956
-6639
-3165
3921
4874
-1050
-6905
-3682
3624
5956
456
-3541
469
5490
4721
-1713
-2385
3959
8067
4832
-1761
-1822
3553
6107
3110
550
2115
4125
2466
-634
540
4060
4688
1329
-1584
128
2717
1861
-205
-136
1750
1816
-1176
-2760
-614
2106
1948
-1201
-3132
-1566
242
166
-1234
-1711
-559
-372
-1729
-2496
-1197
470
1041
-574
-2323
-1651
-554
944
1201
410
-46
-743
-397
707
1896
1942
862
-433
-178
1007
1432
1621
759
631
320
-440
-178
161
1009
565
-980
-1988
-1949
-828
-113
-545
-1978
-2750
-2553
-2205
-1853
-2089
-2432
-2788
-2866
-2833
-3473
-3833
-2923
-1727
527
-387
-4269
-6010
-4185
3078
5351
726
-6084
-5682
1961
6630
2690
-3469
-1192
4435
5882
-29
-3296
2616
8044
6565
-467
-2519
2049
6327
4740
1827
2092
3227
1979
-1004
900
5180
5719
517
-3006
-694
4187
3846
-572
-1941
892
2826
-57
-3460
-1815
2004
2402
-974
-3885
-2546
685
422
-1363
-2063
-1006
-476
-1724
-2145
-1170
433
-641
-1402
-434
83
28
-1856
-742
2092
2371
58
-2455
-786
2498
3160
941
-671
-11
1427
1487
270
534
1291
1086
-388
-1641
-423
1459
1068
-899
-2438
-1967
-365
-751
-1428
-1908
-2058
-2171
-3154
-2894
-1830
-1439
-2504
-3871
-3809
-3468
-3084
-2862
-1544
891
-1320
-4500
-6595
-1996
4441
4818
-1229
-6594
-3655
3056
6372
1803
-2242
-949
3494
4716
1282
-672
2259
5859
5289
1262
-856
1865
5208
5112
2799
1016
1673
2524
2102
2015
2421
2546
1679
139
265
1605
1810
1046
305
338
636
-232
-1170
-570
835
979
-898
-2399
-1717
-194
325
-841
-2006
-1288
-203
-369
-1110
-1347
-481
514
205
-762
-976
-227
657
821
380
-49
-144
132
552
909
1061
865
455
198
371
775
907
595
181
-77
-338
-537
-331
198
57
-1141
-2282
-2046
-935
-530
-1294
-2521
-2739
-2209
-1817
-2225
-2642
-2628
-2646
-2715
-2797
-3349
-4209
-3894
-511
2439
-682
-6116
-8590
-1364
6473
5696
-3129
-8160
-2531
5574
6043
-763
-2566
1896
6221
3211
-1851
-522
5534
7856
3633
-1063
-133
4205
5543
3177
1564
2609
3400
1560
265
1659
3738
3470
670
-944
686
2351
1459
-211
-168
1237
1015
-1236
-2321
-467
1670
745
-1923
-2907
-1119
200
-553
-1640
-1564
-606
-1048
-1848
-1896
-615
593
-317
-1016
-1265
-635
398
465
410
432
552
165
-156
423
1546
1942
1134
252
199
1178
1511
952
926
978
437
-244
-281
611
1174
217
-1314
-2124
-1472
-373
-340
-1148
-2473
-3168
-2551
-1958
-2106
-2293
-2764
-3148
-3170
-3297
-2716
-2928
-3821
-4172
-2449
921
233
-4091
-7086
-3896
3125
4849
-58
-5543
-4227
2308
5288
1953
-1892
-155
4227
4500
558
-1064
2515
6426
5503
1330
-295
2112
4741
4469
2721
2318
2990
2589
1217
1281
3081
3916
2095
-124
-2
1743
2264
884
-17
661
1265
13
-1413
-1009
765
1390
-469
-2149
-2074
-358
191
-715
-1297
-1161
-632
-1760
-1692
-880
377
1200
-1097
-2120
-1724
184
1915
1051
-342
-1378
-581
881
1398
1010
786
645
283
411
480
1102
1435
805
216
-313
-298
104
124
291
156
-1015
-2012
-2014
-1064
-24
-648
-2433
-3371
-2837
-1580
-1353
-2150
-3037
-3306
-2888
-2661
-2665
-3242
-3757
-3730
-1543
726
-1107
-4528
-6102
-2027
3766
3645
-1630
-5717
-2629
3486
4743
434
-1964
918
4428
3485
-575
-209
3746
6394
4382
128
49
2869
4906
3927
2104
2282
2795
2120
1061
1548
3051
3213
1331
-317
253
1648
1782
630
32
624
745
-352
-1309
-556
900
1026
-686
-2171
-1518
-301
405
-493
-1452
-1212
-1220
-750
-875
-560
21
-538
-952
-1373
-594
525
594
21
-595
-287
366
635
547
619
777
639
295
228
742
1104
804
244
57
271
175
-269
-369
28
28
-977
-1945
-1737
-507
-303
-1501
-2869
-3061
-1711
-1239
-1848
-2979
-3290
-2810
-2264
-2199
-3298
-3866
-4493
-1827
1124
-298
-3282
-6483
-3994
2183
4508
584
-4934
-4251
1450
5032
1997
-1588
-336
3852
4879
685
-1092
1821
5603
5814
1973
-358
1390
4024
4292
2921
2249
2595
2126
1058
1241
2599
3364
2083
170
-6
1202
1649
772
113
612
1080
134
-1402
-1404
357
1474
325
-1611
-2075
-976
49
-23
-651
-947
-913
-999
-1074
-707
-110
8
-517
-952
-696
-35
376
304
131
84
74
78
253
706
1044
741
90
-128
174
819
933
383
86
12
22
-163
-395
-421
168
144
-1182
-1784
-1719
-848
-323
-1163
-2213
-2767
-2154
-1650
-1763
-2308
-2706
-2719
-2557
-2532
-2983
-3531
-3713
-1308
765
-462
-3932
-6153
-2442
2973
3897
-608
-4767
-3063
2218
4583
1311
-1262
325
3488
3524
299
-284
2773
5638
4420
819
-92
2306
4307
3691
2394
2179
2580
2027
931
1288
2703
3094
1699
27
97
1362
1632
846
290
535
815
-95
-1203
-864
396
942
-229
-1881
-1920
-705
165
-42
-955
-1359
-1063
-859
-761
-538
-266
-118
-340
-659
-605
-215
245
473
354
171
67
80
425
883
1044
837
339
77
514
991
886
473
152
102
126
-90
-270
-148
-99
-453
-1106
-1555
-1359
-972
-982
-1381
-2010
-2383
-2230
-1903
-1735
-2136
-2684
-2570
-2526
-2823
-2946
-3381
-3406
-1746
162
-267
-3402
-5659
-3059
2176
3806
42
-4188
-3390
1341
3914
1888
-782
55
2986
3346
752
-137
2463
4938
4131
1317
309
2122
3801
3552
2535
2266
2545
1908
935
1503
2945
3255
1626
-347
-85
1572
1895
769
-83
410
1010
109
-1092
-821
616
1344
-25
-1907
-1939
-578
390
64
-980
-1320
-803
-548
-864
-908
-215
405
98
-719
-943
-159
825
942
254
-254
-64
456
764
765
740
716
522
339
367
621
789
503
163
182
122
-250
-604
-643
-192
-157
-1105
-1947
-1859
-1115
-703
-1276
-2457
-2822
-2331
-1777
-1828
-2469
-2723
-2932
-2652
-2659
-3097
-3613
-3377
-593
744
-1106
-4632
-5866
-1280
3666
3626
-1376
-5147
-2489
2738
4117
961
-1175
910
3718
2714
-136
106
3320
5384
3733
653
189
2469
4083
3488
2240
2120
2596
1905
900
1476
2872
3079
1416
-251
183
1535
1506
299
-134
642
978
-302
-1566
-957
729
1246
-423
-1950
-1834
-543
342
-331
-1011
-1091
-658
-752
-1185
-681
37
769
234
-1195
-1299
-297
945
1477
722
-360
-656
46
1238
1709
1213
391
-142
289
847
958
1083
783
198
-48
-238
-151
263
281
-52
-517
-1204
-1835
-1693
-614
-112
-1273
-2812
-3131
-2290
-1581
-1738
-2441
-3143
-3145
-2734
-2772
-3036
-3632
-3754
-1655
553
-463
-3969
-6006
-2945
2674
4153
-52
-4905
-4061
1712
4525
1884
-1072
-332
2854
3548
889
-107
2334
5070
4456
1238
195
2234
4046
3730
2587
2066
2487
2132
958
1610
2853
3027
1478
-295
278
1684
1849
640
-103
433
969
74
-1203
-836
451
1222
-150
-2083
-1899
-471
669
-38
-1208
-1030
-875
-830
-972
-967
86
523
-359
-1332
-1182
159
1215
795
-216
-227
379
693
546
523
1147
1231
433
-25
243
976
1314
629
-14
74
244
105
-416
-387
268
93
-728
-1837
-2171
-998
-400
-969
-2110
-2830
-2438
-2003
-1598
-2051
-2802
-2696
-2861
-2536
-2531
-3281
-3649
-2679
-134
309
-2203
-5201
-4815
94
3810
1964
-3167
-4657
-529
3680
3163
-235
-949
1907
3925
2063
-338
920
4185
5203
2828
194
654
3214
4249
3029
1862
2017
2152
1381
1105
2028
2946
2431
599
-326
712
1759
1352
343
117
592
417
-554
-963
-53
1059
572
-1033
-1765
-1053
170
326
-572
-959
-886
-883
-960
-1045
-75
1068
281
-1271
-1642
-400
1427
1603
271
-682
-536
560
1246
962
842
813
560
421
337
716
1354
1119
399
46
-30
25
121
109
-4
-329
-933
-1418
-1558
-969
-487
-1144
-1985
-2510
-2448
-1862
-1530
-1981
-2497
-2817
-3100
-2552
-2343
-2703
-3610
-3949
-1452
577
-443
-3701
-6043
-2756
2940
3834
-805
-5106
-3312
2242
4273
1145
-1522
-35
3447
3690
238
-493
2446
5183
4367
721
-382
1870
4042
3752
2237
1623
2063
1848
1105
1650
2497
2882
1554
-226
222
1496
1855
870
38
355
813
103
-1086
-663
805
1235
-197
-1878
-1674
-76
660
-179
-1098
-991
-506
-659
-1035
-660
233
437
-465
-1309
-949
271
994
599
-170
-345
107
551
686
761
958
863
345
-39
214
817
955
595
131
-49
-106
-270
-435
-155
214
-328
-1163
-1742
-1331
-766
-789
-1130
-2206
-2378
-2154
-1905
-1745
-2240
-2622
-3076
-2860
-2599
-2440
-2897
-3670
-2251
-150
-54
-2900
-5530
-3487
1604
3786
326
-4028
-3608
1027
3990
2097
-538
-186
2465
3355
955
-146
1785
4364
4297
1465
27
1360
3340
3598
2506
1870
2028
1913
1206
1297
2224
2746
1876
356
149
1077
1510
1006
345
452
880
292
-750
-745
324
1119
311
-1358
-1854
-800
340
307
-551
-1039
-891
-712
-676
-348
367
654
-81
-1061
-1006
162
1144
911
0
-385
-2
453
616
787
1074
1052
507
-20
112
744
1112
849
260
-134
-103
160
172
-191
-428
-389
-447
-867
-1216
-1220
-1038
-985
-1411
-2056
-2352
-1906
-1640
-1924
-2628
-3012
-2793
-2617
-2181
-2561
-3347
-3936
-2284
388
-15
-2825
-5797
-3000
2472
3772
-115
-4847
-2998
2049
4370
1050
-2035
-35
3344
3947
106
-840
2148
4994
4487
659
-406
1779
4109
3600
1749
1509
2341
2353
1149
1118
2276
2894
1697
-42
189
1558
1812
700
-201
322
1163
464
-805
-848
358
1227
161
-1441
-1479
-340
494
15
-872
-681
-218
-469
-883
-681
332
860
-113
-1213
-917
430
1319
801
-218
-415
224
788
703
489
684
828
486
99
159
569
930
736
44
-387
-137
87
-81
-178
-201
-553
-1132
-1307
-1178
-859
-1005
-1510
-1868
-2236
-2087
-2055
-1847
-1764
-2252
-2997
-3329
-2534
-2202
-2113
-3577
-4120
-1020
561
-688
-4135
-5627
-1088
3624
2995
-1882
-5058
-1543
3823
3813
470
-1199
787
3673
2661
93
609
3286
4640
2933
415
498
2684
3868
2896
1696
1971
2384
1581
768
1394
2689
2571
866
-219
536
1672
1422
321
87
712
701
-252
-798
-83
917
676
-763
-1639
-919
182
241
-383
-758
-753
-580
-379
-244
-39
182
24
-364
-345
83
506
732
578
167
128
495
611
508
752
1045
713
72
-12
588
1057
836
234
-148
-139
-1
141
126
-162
-522
-762
-919
-1138
-1189
-791
-968
-1623
-2266
-2179
-1756
-1635
-1968
-2242
-2429
-2914
-2918
-2651
-1894
-2459
-3798
-4483
-355
1071
-1043
-4519
-5546
-460
3558
2528
-2419
-4234
-1185
3584
3378
-320
-1645
1352
4330
2552
-622
131
3550
4884
2678
319
813
3058
3626
2406
1540
2236
2868
1480
301
1485
2798
2518
918
-502
473
2130
1474
15
-165
742
1302
191
-1208
-767
722
1048
-305
-1525
-1113
12
336
-271
-803
-643
-405
-588
-696
-240
399
354
-496
-1107
-535
722
1211
442
-388
-183
509
629
377
622
1093
834
-41
-217
615
1218
813
-1
-201
71
229
81
-160
-423
-485
-431
-790
-1185
-1515
-1108
-786
-1273
-1845
-2457
-1997
-1722
-2022
-2098
-2471
-2755
-3080
-2607
-1927
-2351
-3732
-4253
-1486
973
-52
-3421
-5673
-2172
2838
3318
-696
-4369
-2291
2459
4008
791
-1615
543
3708
3471
75
-249
2650
4771
3702
652
291
2381
3594
2811
1797
1619
2359
2082
1007
1420
2133
2538
1498
35
302
1537
1879
700
-119
324
1157
476
-851
-949
350
1213
-123
-1330
-1348
-246
611
-175
-824
-755
-438
-373
-540
-485
112
423
-317
-782
-421
289
702
575
350
73
-10
215
422
910
1318
695
-83
-109
427
1120
909
-14
-200
243
321
-18
-384
-538
-421
-283
-512
-1226
-1634
-1352
-946
-994
-1634
-2263
-2408
-2141
-1923
-1688
-2116
-3079
-3275
-2490
-1611
-2282
-3576
-4307
-2273
908
477
-2512
-5770
-3942
1972
4111
690
-4065
-3700
1314
4266
1659
-1096
-359
2481
3807
918
-505
1427
4261
4507
1312
-208
1226
3312
3377
2090
1699
2290
2003
600
920
2359
2812
1708
1
-70
1315
1828
937
112
392
1034
428
-812
-791
504
1410
601
-1034
-1590
-721
334
513
-12
-480
-659
-692
-543
-135
299
268
-278
-712
-483
174
539
322
4
57
317
374
288
430
782
872
482
77
154
630
917
660
94
-252
-191
11
-56
-381
-564
-565
-691
-1175
-1466
-1347
-856
-989
-1626
-2288
-2380
-1865
-1589
-1596
-2059
-2873
-3224
-2712
-1594
-1569
-3264
-4183
-3749
516
949
-1271
-5018
-5432
100
4135
2206
-2954
-4632
-493
3994
3095
-476
-1078
1342
4037
2502
-358
530
3376
4665
2909
263
613
2886
3579
2704
1919
2006
2180
1380
874
1756
2729
2279
602
-177
650
1637
1338
458
323
626
793
-333
-772
88
858
916
-931
-1584
-760
176
479
-696
-866
-481
-359
-533
-665
69
529
82
-688
-687
83
796
752
212
-65
73
461
595
494
549
780
804
376
-65
95
729
1027
584
-50
-282
-97
67
-27
-263
-471
-585
-881
-1260
-1327
-964
-1017
-1418
-1667
-2185
-2246
-1984
-1602
-1656
-2433
-2948
-3188
-2243
-1814
-2694
-3169
-4110
-2410
1035
546
-2721
-5686
-3695
1981
3945
630
-3849
-3568
1072
3985
1573
-1397
-323
2886
3852
447
-1038
1464
4492
4677
1221
-298
1367
3411
3599
2113
1471
2256
2415
1137
1048
2156
2764
2253
562
-79
1245
1871
890
149
331
812
442
-641
-714
470
1250
382
-1099
-1253
-139
578
60
-849
-884
-212
-31
-559
-793
-182
402
35
-702
-617
227
682
291
-169
2
517
655
278
7
413
1022
857
66
-149
522
992
634
126
135
159
-94
-211
-97
-64
-414
-844
-1061
-996
-937
-999
-1425
-1841
-1805
-2012
-2035
-2085
-2020
-1736
-2381
-2722
-2740
-2661
-2117
-2286
-2641
-3726
-2803
349
409
-1762
-5247
-4247
1674
3789
1229
-3613
-4019
690
3998
2375
-863
-404
1937
3455
1222
-544
1603
3946
4279
1721
180
1292
3209
3889
2633
1792
2067
2201
1541
1354
2114
2733
2076
618
130
897
1615
1155
326
366
858
601
-374
-712
155
1032
573
-717
-1240
-544
256
192
-353
-524
-315
-358
-681
-598
94
560
55
-854
-928
-2
760
511
-135
-163
300
422
138
200
812
1119
528
-271
-222
639
1254
910
131
-278
-86
262
164
-200
-515
-599
-702
-969
-1107
-1030
-955
-1111
-1587
-2080
-1828
-1910
-1976
-1869
-2270
-2311
-2667
-2691
-2498
-1950
-2310
-3041
-3179
-3718
-697
1261
-609
-3727
-5867
-1823
3336
3326
-1271
-4672
-2385
2702
3961
593
-1151
455
3567
3132
28
-134
2410
5011
3800
557
-18
2063
3705
3297
2016
1523
2357
2064
793
1310
2720
2936
1671
18
48
1622
2046
1002
228
430
765
165
-647
-333
809
1169
-54
-1460
-1308
-42
636
183
-422
-398
-253
-536
-760
-243
592
516
-559
-1147
-398
594
591
-29
-254
36
285
235
139
310
665
735
254
-306
-180
658
1153
552
-446
-648
-41
334
126
-216
-428
-785
-1159
-1090
-745
-702
-1244
-1752
-1899
-1739
-1863
-2012
-1935
-1982
-1854
-2392
-2842
-2830
-2348
-1850
-2305
-3304
-4504
-2172
1287
706
-2738
-6059
-3895
2031
4309
727
-4198
-3906
1247
4459
2047
-1467
-700
3076
4174
1178
-873
1144
4417
4647
1734
-254
1149
3434
3681
2356
1623
2397
2529
1186
990
2346
3151
2225
196
-193
1472
2109
996
-10
429
1407
711
-760
-733
437
1387
772
-1048
-1570
-367
689
536
-408
-883
-539
-285
-473
-530
-14
445
-90
-1034
-976
120
844
399
-310
-294
78
80
-98
159
634
599
105
-207
-150
219
719
766
55
-638
-447
48
22
-367
-559
-546
-695
-1004
-1099
-1005
-1115
-1392
-1787
-1820
-1899
-2244
-2106
-1948
-2033
-2468
-2666
-2635
-2323
-1634
-2117
-2825
-3730
-3387
62
1228
-1070
-4251
-5410
-774
3685
2614
-1853
-4584
-1350
3554
3611
-129
-1337
1012
3902
2912
-651
9
2993
4881
3298
-38
114
2566
3965
3014
1733
1640
2312
1953
835
1586
2828
2680
1232
-23
492
1750
1810
788
319
805
993
19
-835
-197
1207
1423
-102
-1434
-997
301
613
-221
-759
-363
-3
-440
-952
-565
295
360
-525
-1105
-545
388
526
-84
-452
-97
388
300
-20
232
797
707
-17
-401
34
751
823
19
-642
-324
203
-118
-647
-559
-312
-437
-907
-1222
-1175
-890
-977
-1519
-1848
-1889
-1843
-1779
-1825
-2265
-2035
-2085
-2858
-2767
-1977
-1350
-2234
-3339
-4178
-2038
1424
535
-2518
-5866
-3692
2287
3790
503
-4217
-3424
1781
4098
1340
-1412
-455
3035
4393
571
-1218
1368
4709
5030
1409
-456
1449
3726
3525
2264
1686
2305
2720
1356
897
2078
2866
2133
483
7
1155
1875
1103
310
689
1287
648
-545
-656
455
1362
697
-788
-1259
-454
376
390
-154
-612
-671
-506
-384
-185
151
135
-416
-833
-578
14
326
167
-134
-206
-85
-20
32
302
656
650
140
-371
-249
415
818
399
-325
-562
-290
-87
-251
-501
-576
-631
-847
-968
-1081
-1056
-1126
-1433
-1509
-1679
-1763
-1829
-1932
-1937
-1865
-2173
-2447
-2713
-2709
-1464
-2081
-2856
-3669
-3734
89
1179
-960
-4477
-5682
-692
3946
2939
-2194
-4781
-1560
3745
3637
-286
-1349
1021
4293
2627
-682
92
3299
5207
3094
123
359
2896
3755
2884
1944
1816
2468
1727
913
1766
2784
2565
1177
89
619
1862
1823
564
51
945
1281
76
-906
-157
1388
1442
-344
-1623
-761
834
927
-309
-936
-342
151
-379
-947
-339
746
619
-727
-1456
-531
820
905
-120
-707
-188
479
398
7
129
569
515
-66
-358
50
570
534
22
-380
-460
-328
-174
-215
-409
-709
-913
-988
-1046
-1117
-1106
-1159
-1548
-2007
-2167
-1662
-1541
-2068
-2362
-2634
-2007
-2075
-2334
-2237
-2021
-2109
-3074
-3988
-2618
1646
965
-2006
-5968
-4337
2007
4392
1153
-4034
-3839
1430
4626
1445
-1445
-354
3386
4279
612
-1146
1764
4879
4854
1571
151
1414
3417
3728
2329
2029
2258
2279
1592
1274
2211
2691
2024
839
639
1370
1722
1010
383
739
1127
651
-320
-541
314
1154
608
-935
-1437
-321
674
302
-560
-766
-446
-359
-596
-487
145
411
-335
-1239
-1047
79
792
387
-378
-487
-16
246
102
116
496
654
174
-433
-367
286
755
476
-232
-636
-548
-287
-168
-146
-479
-1017
-1315
-1145
-826
-856
-1201
-1875
-1975
-1632
-1276
-1835
-2415
-2100
-2024
-1787
-2590
-2745
-2461
-1870
-1703
-2977
-3522
-3943
-202
1828
-557
-3942
-6295
-1098
3726
3496
-1279
-5108
-1895
3256
4187
-157
-1705
806
4366
3277
-980
-464
2923
5637
3642
373
-172
2371
4442
3233
2138
1633
2552
2232
1345
1819
2305
2680
1316
331
967
1764
1411
481
286
1081
1437
-96
-922
-225
1091
1467
-130
-1968
-904
1289
537
-625
-1495
-750
989
191
-1006
-1101
-13
791
93
-1127
-803
341
611
186
-977
-282
624
165
-274
-467
549
859
83
-588
-490
534
830
119
-492
-473
-257
-136
-231
-554
-686
-731
-939
-1209
-1112
-827
-1225
-1789
-2013
-1571
-1703
-2111
-2101
-2071
-1736
-2044
-2849
-3200
-2218
-910
-1827
-3522
-4561
-2359
2020
647
-2164
-5907
-3654
1924
3958
1354
-3570
-3989
1052
4597
2213
-1421
-1074
2665
4655
1410
-954
1198
4690
5011
1949
-114
1190
3549
4064
2729
1592
1902
2330
1708
1383
2104
2782
2141
571
359
1530
1992
1250
305
537
1319
823
-1011
-738
511
1360
789
-1263
-1642
-67
1479
-143
-949
-1294
139
691
-279
-1246
-954
330
796
-725
-1244
-555
819
839
-636
-1190
-85
1085
716
-588
-862
172
1005
486
-603
-682
371
675
-262
-836
-181
284
-415
-1049
-681
-271
-671
-1366
-1486
-1041
-803
-1338
-2123
-2008
-1566
-1596
-1741
-2054
-2366
-2245
-2256
-2735
-2715
-2086
-1667
-2818
-3761
-3837
-516
1727
-689
-3446
-6055
-1509
3375
3439
-580
-4509
-2618
2671
4362
1369
-1189
524
3126
3344
337
407
2885
4641
3816
674
319
2439
3637
3217
2290
1710
2663
2446
911
1561
2389
3022
1998
334
806
1575
1597
864
529
993
1377
320
-1243
-400
1024
1214
188
-1764
-1297
598
688
-129
-1387
-1022
406
-14
-851
-1432
-586
871
232
-992
-1325
-243
929
377
-645
-569
280
547
-77
-574
209
974
214
-556
-397
224
902
426
-666
-511
32
47
-203
-935
-1047
-143
-256
-1451
-1988
-1236
-597
-1146
-2410
-2358
-1674
-1612
-1819
-2520
-2411
-1993
-2470
-2764
-2253
-2005
-1763
-3062
-3633
-3373
540
1337
-1226
-4572
-5362
534
3997
2801
-2715
-4555
-230
4496
3305
-603
-1047
1879
4709
2055
-908
771
4000
5448
2728
-226
592
3723
4415
2730
1521
1804
2891
2247
1032
1592
2762
2731
1155
27
745
2071
1813
465
261
1047
1574
172
-1097
-150
1123
1412
-535
-1711
-670
401
591
-710
-1261
-679
-170
-141
-714
-874
-457
-18
-226
-798
-851
-108
442
-24
-605
-338
405
433
-155
-186
461
703
112
-364
2
611
531
-103
-468
-389
-210
-182
-315
-477
-841
-1301
-1398
-938
-591
-1003
-1863
-2355
-1996
-1427
-1236
-2018
-2668
-2081
-1927
-2010
-2820
-2814
-2056
-1569
-2028
-3499
-4148
-2049
2289
547
-2941
-5940
-3077
2940
4009
467
-4259
-3343
1610
4837
1966
-1486
-194
3182
4494
833
-662
2166
4553
5122
1408
-64
1353
3970
3740
2681
1735
1949
2403
1618
1587
2492
2312
1995
655
778
1442
1576
1100
557
840
1136
418
-594
-397
665
1443
694
-1262
-1541
-309
591
595
-716
-1566
-460
95
-305
-682
-1080
-215
532
-403
-943
-619
66
761
134
-701
-294
334
474
175
-12
333
426
-13
-279
-1
537
562
-11
-571
-808
-530
-41
114
-376
-1036
-1402
-1277
-990
-1013
-1061
-1306
-1656
-2122
-1922
-1795
-1729
-2082
-2472
-1946
-2214
-2283
-2712
-2603
-1735
-2460
-3223
-4065
-1116
2189
-494
-3625
-6525
-1471
3883
3723
-1023
-4953
-2213
3229
4483
526
-1417
453
3997
4074
62
-68
2731
5084
4073
1108
612
2449
3904
3409
2122
1855
2694
2248
955
1266
2491
2999
1792
-179
109
2165
2165
538
-61
647
1454
637
-1004
-849
866
1630
95
-2042
-1785
536
1660
178
-1876
-1841
21
1087
64
-1597
-1767
-382
672
228
-904
-1240
-496
242
188
-206
-208
85
97
-172
-174
204
455
274
-39
-124
-15
18
-51
-117
-198
-331
-473
-555
-664
-799
-876
-937
-999
-1145
-1371
-1702
-1900
-1645
-1722
-1746
-2104
-2497
-2382
-1855
-1984
-2567
-2528
-2218
-1897
-2672
-3274
-3659
240
1378
-800
-4099
-5181
-413
3569
3106
-1702
-4408
-1234
3951
3596
-198
-1166
1571
4511
2965
-501
533
3351
5223
3581
779
721
2627
4001
3125
2533
1994
2377
2460
1032
1626
2437
2638
1809
361
604
1594
1777
818
353
802
1086
327
-1026
-450
900
1352
71
-2050
-1392
327
1308
452
-1582
-1561
-563
294
65
-753
-746
-438
-325
-501
-536
-288
197
80
-309
-106
-155
-122
330
236
122
257
-184
-191
332
307
336
219
-301
-355
-76
-22
-290
-722
-907
-897
-952
-972
-1048
-1147
-1501
-1798
-1918
-1485
-1380
-1900
-2344
-2179
-1633
-1885
-2534
-2788
-2224
-1778
-1822
-3174
-3703
-3277
726
1250
-1223
-4390
-5241
93
3823
2953
-2106
-4347
-754
3911
3392
-402
-1157
1692
4663
2836
-1134
341
3617
5465
2951
456
382
3111
3903
2725
2010
2486
2910
1658
615
2041
2907
2867
1193
-102
958
1911
1684
393
77
1028
1109
195
-975
-705
964
1581
-303
-2220
-1496
785
1517
-135
-1705
-1409
-71
503
-38
-653
-743
-531
-314
-191
-357
-584
-402
23
-4
-413
-504
-243
29
210
191
-201
-437
-191
110
240
101
-133
-385
-412
-292
-143
-306
-696
-997
-1141
-641
-859
-936
-1269
-1865
-1734
-1804
-1416
-1520
-1949
-1973
-2530
-2500
-2128
-2186
-2158
-2546
-1909
-2512
-2949
-4071
-746
2143
2
-3272
-6322
-1800
3427
4000
-102
-4761
-2547
2549
4733
955
-1612
122
3963
4269
182
-516
2724
5249
4602
840
480
2243
3966
3901
2454
1784
2297
2739
1237
1499
2334
2674
2188
275
387
1264
1829
1159
52
545
1359
422
-1135
-610
779
1420
425
-1468
-1578
-329
291
407
66
-1024
-1632
-1164
-93
566
29
-867
-1096
-622
-101
7
-67
-88
-108
-125
-189
-213
13
364
482
178
-316
-496
-119
437
559
54
-540
-592
-252
6
6
-232
-819
-1425
-1574
-863
-195
-683
-1806
-2518
-1994
-1283
-1397
-2123
-2261
-2244
-1776
-1955
-3013
-2645
-2431
-1554
-1319
-2846
-3358
-4013
-1151
2217
195
-2849
-5999
-2299
2693
3930
185
-3691
-2737
2190
4266
1112
-887
316
3239
4089
630
-410
2036
4733
4586
1542
278
1586
3790
3392
3012
1817
2257
2319
1472
1678
2465
2436
1838
872
579
1244
1751
951
635
607
898
425
-731
-192
269
1025
575
-1236
-1958
-1054
1363
1012
-918
-2258
-1421
356
303
-323
-1446
-903
-337
-425
-424
-679
-57
-119
-287
-379
-330
96
160
154
82
62
-161
-169
145
262
1
-138
-181
-575
-454
85
-70
-867
-1101
-845
-685
-796
-1080
-1291
-1413
-1381
-1854
-1700
-1520
-1905
-2086
-1906
-1697
-2355
-2759
-2266
-2007
-1390
-2003
-3476
-3421
-2671
1166
829
-1547
-4591
-4755
527
4036
2484
-2644
-4000
-574
4138
3649
-562
-1274
1734
4774
3092
-1109
102
3728
5767
3349
7
469
3124
4305
3065
2089
1799
2827
2204
1119
2176
2519
2410
1211
299
973
1828
1152
236
417
1098
1378
-350
-1052
-287
868
1400
-363
-1590
-1253
-98
172
-596
-422
57
-436
-1612
-1849
-420
1357
980
-1441
-2585
-1020
957
898
-461
-994
-192
503
38
-601
-102
887
823
-27
-430
-109
480
581
71
-358
-557
-448
-381
-521
-176
-309
-1452
-1746
-1152
-611
-202
-1324
-2620
-2352
-1142
-879
-1784
-2572
-2347
-1380
-1664
-2837
-3311
-2061
-758
-1911
-3520
-3497
-2654
1194
600
-1787
-4882
-4435
1597
3866
1333
-3567
-3540
1111
4467
2125
-1334
-536
2744
4706
2072
-1027
983
4322
5598
2451
390
855
3600
3928
2688
1792
2019
2579
1838
1215
1999
2282
2322
940
478
1225
1394
1101
422
685
1192
710
-643
-916
91
1180
1075
-1030
-1782
-1253
298
1037
-393
-1277
-1474
-601
-14
-321
-398
-450
-503
-690
-566
-106
225
46
-232
-244
-204
-122
10
321
490
276
-90
-236
-29
301
465
227
-265
-592
-462
-142
-69
-286
-580
-906
-1206
-1208
-800
-567
-1175
-1938
-2135
-1616
-1093
-1568
-2266
-2366
-1938
-1734
-2199
-2910
-2590
-1647
-1467
-2780
-3671
-3841
-767
2241
-405
-3216
-5750
-1605
3197
3421
-62
-4009
-2305
2287
4121
1022
-937
616
3843
4078
358
-791
2478
5241
4907
1274
-30
1855
3870
3918
2350
1663
2444
2451
1127
1195
2448
2913
2187
470
-10
1399
2013
1035
272
455
992
551
-640
-859
324
1345
412
-1321
-1710
-800
479
533
-646
-974
-913
-1139
-643
-145
21
15
-895
-1436
-607
168
263
-87
-541
-449
22
187
3
93
503
513
-37
-369
-91
556
967
355
-642
-830
-142
304
82
-548
-1021
-931
-1103
-943
-953
-1052
-960
-1905
-2210
-1983
-1515
-1389
-2144
-2182
-2263
-2172
-2251
-2908
-2201
-1333
-2097
-2920
-4001
-2448
1363
905
-2010
-5480
-4085
2223
4214
1336
-3555
-3717
1204
4383
2249
-1081
-75
2684
4360
1749
-636
1418
4435
5486
2419
48
1374
3542
3938
2748
2038
2432
2699
1350
955
2424
2921
1907
644
359
1361
1874
835
59
506
1208
894
-362
-867
-46
964
792
-764
-1979
-1195
579
911
-654
-2005
-1518
-62
503
-377
-1403
-1277
-440
-27
-262
-631
-662
-342
-102
-111
-46
40
-104
-101
344
544
104
-202
120
522
454
73
-295
-327
-71
46
-233
-759
-992
-806
-580
-798
-1229
-1485
-1334
-1288
-1718
-1682
-1646
-1695
-1987
-2138
-2022
-2246
-2454
-2470
-2371
-1824
-2304
-2917
-3362
-2267
1222
254
-1588
-5053
-4188
1410
4229
1695
-3631
-3867
741
4666
2573
-927
-598
2799
4543
1521
-735
2030
4841
5115
1962
74
1967
3941
3705
2558
1790
2367
2878
1306
1363
2389
2430
2003
690
576
1161
1554
1046
92
480
985
376
-575
-813
-186
806
659
-850
-1709
-1024
31
230
-207
-732
-892
-657
-651
-713
-137
402
-274
-1393
-1316
-93
697
180
-696
-649
30
198
-199
-212
323
692
297
-616
-932
19
1222
976
-501
-1259
-518
277
62
-589
-928
-965
-959
-1086
-1087
-1032
-821
-1530
-2171
-1934
-1792
-1651
-1892
-2130
-2351
-2108
-2640
-2863
-2404
-1439
-2451
-3053
-4296
-1158
1615
-317
-2729
-6032
-2240
2938
3798
-244
-4172
-2728
2242
4474
1546
-759
-5
3321
4135
662
52
2255
4718
4746
1370
-15
2073
3974
3809
2207
1705
2699
2681
1109
984
2472
2916
1837
200
164
1600
1708
545
98
673
1150
440
-855
-829
333
1064
415
-1302
-1726
-344
452
291
-309
-1293
-1139
-255
-243
-318
-214
-467
-713
-801
-499
88
174
-265
-604
-311
362
481
86
-23
247
371
101
-207
-72
574
922
183
-845
-802
67
502
151
-731
-1381
-1108
-451
-534
-1211
-1542
-1586
-1455
-1555
-1821
-2232
-2085
-1554
-2002
-2347
-2669
-2598
-2346
-1934
-1914
-2804
-3510
-3627
-322
1440
-496
-3597
-5444
-966
3576
3178
-1243
-4210
-1375
3158
3925
354
-820
1137
3903
3265
-228
420
3186
4981
3902
1042
584
2550
4004
3401
2257
1954
2472
2105
1274
1650
2397
2667
1675
-33
326
1864
1641
791
267
340
1087
220
-1110
-382
824
1116
-65
-1994
-1845
-15
947
412
-1034
-1836
-1283
-389
148
86
-425
-916
-1127
-774
-42
462
420
-170
-767
-660
113
770
679
130
-153
-95
-27
49
358
653
357
-418
-844
-402
292
363
-237
-862
-1114
-954
-685
-740
-925
-1094
-1448
-1909
-1825
-1783
-1692
-1891
-2042
-2181
-2611
-2326
-2083
-2135
-2203
-2489
-2966
-3401
-2050
1205
93
-1852
-5034
-3821
1486
3795
1525
-3420
-3560
364
4094
2788
-218
-480
1927
4157
1764
-485
1650
3880
4717
2059
337
1219
3443
3581
2978
1768
2086
2475
1691
1142
2340
2838
2050
631
112
1177
1873
935
16
261
1088
785
-560
-1239
-391
899
932
-511
-1696
-1336
13
728
102
-952
-1262
-796
-293
-170
-176
-197
-502
-904
-785
-113
395
281
-193
-487
-288
174
388
320
335
398
158
-214
-196
317
777
571
-155
-637
-425
20
161
-226
-716
-866
-774
-793
-1072
-1055
-996
-1207
-1786
-2038
-1838
-1542
-1287
-1849
-2245
-2641
-2214
-1818
-2043
-1974
-2883
-3305
-3316
-931
931
-631
-3022
-4995
-1737
2563
2836
-436
-3548
-1842
2222
3818
864
-725
755
3253
3430
130
133
2555
4355
3967
1157
418
2247
3543
3316
2350
1757
2198
2019
1182
1485
2435
2617
1503
354
496
1326
1584
794
48
529
1108
314
-721
-545
288
1079
341
-1386
-1474
-335
352
-142
-835
-1221
-449
-89
-1183
-755
-116
338
-37
-1299
-914
-155
623
530
-477
-627
9
582
280
-158
143
762
594
-192
-439
312
1171
753
-335
-599
47
335
-167
-669
-654
-570
-850
-1047
-1023
-970
-1267
-1691
-1733
-1608
-1643
-1777
-1818
-1986
-1986
-2220
-2386
-2250
-2476
-1886
-2048
-3035
-3616
-1116
945
-475
-3082
-5328
-1352
3077
3000
-1025
-3671
-2009
2763
3677
864
-738
453
3292
3691
353
50
2433
4629
3783
726
349
2371
3699
3133
2096
1884
2439
2008
845
1578
2645
2549
1386
95
442
1780
1811
497
-115
583
975
24
-925
-551
620
990
-143
-1394
-1326
-274
456
220
-506
-989
-985
-665
-232
129
108
-422
-982
-892
-148
506
428
-177
-531
-225
328
478
204
102
418
610
236
-244
-90
616
915
313
-536
-747
-267
205
182
-390
-1054
-1179
-895
-730
-882
-1193
-1306
-1525
-1491
-1681
-1932
-1885
-1773
-2118
-2289
-2150
-2315
-2051
-1950
-1882
-2597
-2976
-2919
333
466
-1564
-4033
-4178
644
3133
1534
-2437
-3309
-171
3322
2332
108
-391
1376
3396
1951
-138
906
3263
3996
2358
609
917
2717
3544
2725
1771
2001
2327
1793
1297
1694
2484
2343
1079
233
741
1614
1477
596
248
633
692
-68
-678
-134
889
818
-534
-1584
-1086
126
344
-582
-1216
-723
-20
-346
-1232
-1219
-161
561
-19
-1001
-1004
-137
623
509
-203
-348
35
201
275
205
173
451
340
-111
-86
278
582
548
18
-276
-112
21
-204
-596
-678
-586
-625
-1033
-1254
-1224
-985
-1138
-1734
-1824
-1816
-1423
-1641
-2024
-2221
-2182
-1953
-2315
-1738
-2156
-2403
-2822
-2774
60
421
-1196
-3709
-4100
76
2867
1598
-1961
-3455
-505
3237
2601
-101
-594
1105
3300
2179
-59
858
3092
4005
2586
584
980
2647
3190
2627
1689
1782
2328
1666
1135
1741
2399
2214
1029
109
768
1687
1393
557
140
541
889
64
-616
-82
572
629
-237
-1357
-1107
-45
367
30
-593
-797
-563
-464
-354
-55
173
-13
-638
-928
-408
281
472
110
-400
-422
77
425
291
105
266
448
110
-295
-19
612
781
132
-577
-460
-23
-54
-187
-323
-812
-1202
-1137
-782
-592
-738
-1333
-1805
-1681
-1466
-1264
-1604
-1919
-1933
-2049
-1939
-2171
-1992
-1715
-2075
-2413
-3019
-1549
413
-334
-2062
-4016
-2347
1602
2376
5
-3034
-2058
1595
3124
1073
-707
307
2239
3075
820
58
1894
3384
3328
1306
608
1776
3051
2971
2043
1469
1939
2204
1249
1279
1729
2055
1761
633
350
1017
1548
1026
354
385
831
612
-251
-357
231
805
383
-891
-1249
-429
181
57
-365
-698
-660
-557
-732
-662
40
468
-210
-1144
-987
107
678
163
-422
-347
86
296
60
-40
333
588
353
-101
-444
-79
845
898
-72
-714
-364
162
169
-307
-693
-673
-904
-881
-852
-894
-699
-1451
-1805
-1376
-1217
-1456
-1901
-1497
-1513
-1931
-1917
-2401
-1703
-1406
-2615
-1998
-2689
-2188
900
145
-1230
-3499
-3253
1532
2099
-24
-2438
-2380
1081
2705
1370
-492
-102
1777
2789
1345
175
1635
3364
3388
1677
801
1676
2773
2811
1967
1548
1733
1674
1175
1125
1682
1974
1389
552
460
997
1294
940
495
481
641
444
-70
-273
157
661
404
-551
-1151
-652
318
540
-197
-953
-895
-241
181
21
-266
-274
-189
-210
-212
-102
104
276
89
-330
-293
184
304
14
-32
167
162
-19
-113
10
344
483
33
-599
-645
-80
251
-159
-913
-1102
-758
-578
-797
-967
-945
-1211
-1498
-1513
-1209
-1284
-1534
-1697
-1794
-1656
-1939
-1720
-1713
-1616
-1724
-2192
-2238
-2065
-153
32
-1146
-2679
-2988
159
1786
1150
-1493
-2331
-42
1983
1914
23
123
1107
2332
1520
-34
1123
2440
3226
2046
530
826
2002
2829
2248
1415
1417
1773
1375
1077
1419
1730
1734
995
256
641
1319
1067
526
314
437
572
152
-239
-1
433
477
-133
-797
-581
165
401
0
-391
-450
-405
-315
-177
-95
-2
-45
-430
-673
-305
225
323
46
-263
-312
-41
148
79
166
345
92
-362
-380
-6
348
333
-120
-535
-439
-133
-145
-300
-458
-671
-818
-819
-825
-851
-843
-1025
-1329
-1583
-1409
-1285
-1291
-1279
-1665
-1790
-1779
-1516
-1493
-1506
-1437
-1732
-1791
-2159
-925
418
-201
-1530
-2935
-1495
1314
1830
-22
-1923
-1385
1140
2334
935
-131
291
1829
2107
670
549
1615
2661
2448
1153
677
1478
2381
2309
1637
1302
1634
1613
1073
1125
1601
1719
1258
485
349
1031
1327
838
240
219
600
407
-101
-93
222
470
272
-352
-543
-131
228
182
-204
-471
-334
-130
-95
-102
-65
-21
-202
-460
-272
132
192
17
-201
-251
-64
-39
-75
117
217
6
-367
-488
-141
255
272
-170
-643
-551
-206
-241
-537
-835
-800
-483
-536
-952
-1178
-1064
-865
-845
-1278
-1458
-1226
-1162
-1148
-1391
-1428
-1363
-1545
-1561
-1219
-1130
-1355
-1503
-2062
-956
434
-260
-1307
-2323
-1308
1105
1564
53
-1481
-1165
992
2206
854
-212
233
1582
2104
755
240
1387
2481
2198
1095
470
1219
2131
2050
1587
970
1347
1506
898
985
1350
1518
1141
476
152
718
1243
960
391
21
340
560
365
-11
5
472
456
-29
-441
-127
363
294
-53
-243
-200
-145
-164
-156
40
73
-140
-540
-512
69
245
57
-310
-359
-163
-33
111
9
-44
-20
-109
-321
-279
-109
15
3
-412
-540
-401
-244
-363
-586
-475
-605
-888
-991
-911
-818
-721
-933
-1350
-1356
-1156
-873
-960
-1177
-1170
-1300
-1258
-1158
-1153
-1045
-1083
-1198
-1278
-1315
-645
117
-177
-1086
-1564
-682
594
850
143
-760
-593
640
1368
801
189
506
1279
1399
598
514
1292
1736
1624
1004
786
1203
1699
1761
1148
1012
1266
1334
1093
897
1273
1294
929
489
550
958
938
642
179
307
578
504
193
-102
198
448
310
-120
-377
-64
348
255
-204
-332
-201
-62
-8
-110
-83
88
-110
-501
-373
86
366
229
-304
-563
-192
193
94
-228
-262
-67
-70
-199
-392
-543
-241
43
-265
-603
-616
-504
-443
-500
-524
-585
-726
-823
-794
-670
-590
-845
-1124
-997
-850
-833
-991
-917
-956
-1112
-890
-884
-881
-1020
-811
-570
-1020
-1279
-888
-205
-437
-505
-364
-754
-620
-224
336
312
-193
-127
163
404
539
686
845
649
346
740
1228
1092
939
1051
1189
1130
1014
1075
1154
1169
1180
1044
892
962
980
943
989
799
598
672
573
457
637
670
464
312
281
290
253
303
376
214
79
-6
8
189
239
164
-31
-191
-142
89
61
-65
-22
-146
-41
-69
-242
-220
-124
121
-132
-441
-333
-212
-38
-56
-348
-456
-387
-377
-248
-228
-414
-464
-414
-494
-576
-489
-437
-498
-750
-778
-626
-622
-607
-770
-683
-627
-913
-827
-681
-674
-681
-775
-768
-818
-799
-514
-579
-754
-688
-621
-470
-593
-699
-588
-389
-16
-301
-667
-310
30
144
-52
-294
-63
371
558
289
101
379
700
823
790
694
583
772
1158
1078
874
907
983
1050
970
943
984
905
838
847
1072
1059
565
456
737
851
804
592
365
308
488
678
527
345
304
364
277
115
222
210
224
165
-28
-98
5
205
-25
-206
-132
-32
-37
-233
-286
-233
-96
-175
-298
-379
-426
-127
-34
-331
-645
-536
-185
-215
-474
-561
-524
-584
-602
-472
-405
-556
-697
-645
-559
-541
-652
-754
-608
-464
-593
-643
-525
-558
-631
-555
-399
-395
-688
-787
-386
-230
-467
-486
-431
-475
-459
-307
-192
-347
-380
-208
-146
-282
-322
35
115
-165
-128
21
51
32
179
404
286
182
346
488
497
484
529
554
592
683
683
610
676
765
687
681
848
888
771
826
944
794
617
757
992
989
758
509
499
754
921
761
444
239
292
529
620
398
109
-27
30
257
385
48
-435
-364
104
136
-379
-676
-402
-73
-155
-477
-677
-626
-438
-282
-251
-460
-830
-902
-436
-157
-410
-711
-672
-649
-604
-250
-220
-655
-788
-502
-304
-396
-462
-410
-496
-265
-464
-254
-314
-461
-337
-311
-408
-337
-27
-261
-530
-87
-5
-262
-409
42
-133
-241
-269
72
-215
-418
-64
105
7
-467
-225
312
129
-341
59
228
-28
-118
311
306
-31
223
797
454
-97
313
794
448
214
505
593
421
538
720
589
332
417
790
866
509
388
668
711
484
458
523
469
564
614
416
366
463
489
365
324
313
176
109
166
439
276
-272
-196
118
190
-160
-417
-106
-163
-200
-295
-682
-359
-102
-409
-558
-458
-526
-400
-128
-286
-647
-685
-135
-202
-511
-385
-458
-436
-290
-161
-431
-585
-310
-120
-221
-395
-412
-234
25
-554
-437
194
-139
-394
-424
-127
-93
-170
-183
-346
-381
-167
187
-135
-374
-399
-81
192
-84
-45
-146
-186
-241
9
383
51
-49
75
45
165
318
57
73
331
151
162
322
334
353
242
-6
339
694
308
-5
124
558
516
333
472
260
175
427
727
384
-110
97
621
741
227
-129
184
614
264
365
196
88
123
348
587
181
-150
-360
348
703
-128
-639
-178
472
272
-172
-327
-218
-519
-64
356
-97
-171
-104
68
-358
-677
-356
-159
-327
73
-276
-472
-353
-512
113
230
-112
-439
46
226
-79
-331
-543
-541
-263
36
-185
-406
-544
-368
-231
-175
-259
-262
-271
-63
50
-313
-416
-94
61
95
-41
-30
-118
-318
-118
-126
-66
-8
-420
-121
338
-51
-295
-120
24
111
94
238
164
-175
12
451
429
-115
-162
370
512
216
-71
73
354
436
435
424
80
-53
556
520
89
173
263
307
185
287
460
13
10
593
582
-12
-197
125
243
325
587
807
297
-493
-57
710
262
-117
247
50
-64
-213
-329
224
426
336
-217
-549
-418
-373
46
213
-273
-632
-151
57
-191
-62
-55
-313
-464
-264
-263
-191
-11
-346
-434
-237
-192
-100
-68
-179
-351
-489
-332
-247
-238
-50
-132
-205
-325
-437
-98
58
-78
-245
-315
-91
13
-233
-222
91
-83
-290
-88
-149
-196
-3
136
-4
-324
-52
220
21
77
155
48
50
279
318
86
168
229
273
491
226
82
371
404
324
220
290
274
220
397
205
159
280
196
226
193
135
191
204
131
200
157
209
325
44
25
212
193
61
88
222
126
3
-17
32
33
73
8
-229
-110
176
56
-163
-113
-73
-64
-159
-161
-9
-158
-228
-172
-136
-44
-180
-210
-88
-257
-323
-63
70
-56
-266
-233
-152
-217
-86
-22
-229
-317
-109
-157
-413
-203
6
-69
-221
-372
-194
130
-56
-413
-214
15
-55
-203
-201
59
23
-118
-68
-177
-69
160
-41
-169
-113
-76
183
181
-167
-114
265
339
-83
-224
220
276
53
191
249
45
-34
186
374
320
258
281
320
161
78
244
322
389
242
85
243
308
172
-24
63
301
261
118
-6
-14
137
209
168
81
48
130
95
53
62
-19
45
108
73
42
-71
-21
32
-158
-138
55
21
-143
-238
-161
-91
-155
-184
-118
12
-74
-294
-180
-37
-102
-156
-253
-251
-125
-107
-168
-244
-266
-103
-35
-249
-278
-206
-200
-84
-98
-181
-186
-126
-74
-187
-349
-224
83
51
-160
-193
-12
164
13
-192
-188
-32
107
27
-51
-52
-117
-45
120
148
52
-35
54
129
107
98
74
54
13
133
286
189
88
128
176
223
269
182
156
210
201
203
130
77
171
299
221
131
156
85
96
208
237
117
86
148
145
52
12
150
98
16
38
126
229
50
-47
25
62
5
-82
-1
68
41
-32
-92
-61
-40
8
26
-60
-145
-148
-68
-124
-202
-45
20
-124
-192
-209
-115
-12
-195
-230
-110
-109
-102
-170
-211
-187
-104
-92
-205
-212
-167
-119
-160
-176
-104
-126
-47
-4
-147
-196
-149
-82
-56
-79
-56
-42
-114
-152
-71
9
56
42
-22
-48
2
82
18
-62
-4
82
140
68
5
10
5
69
131
210
212
100
67
85
164
208
223
224
154
149
200
264
224
115
117
166
195
141
104
193
205
99
-8
30
156
185
146
45
-9
66
115
57
-7
39
79
35
10
18
31
20
-57
-92
41
110
-5
-82
-102
-24
59
-34
-155
-104
-34
-106
-108
-166
-165
-3
-44
-133
-184
-171
-124
-153
-67
-69
-193
-187
-160
-154
-141
-125
-104
-118
-156
-153
-124
-170
-164
-86
-27
-67
-154
-125
-115
-114
-83
-73
-97
-87
-4
-59
-114
-56
-38
-6
-4
-50
-32
28
42
37
44
13
55
92
79
104
81
105
126
139
193
163
152
180
192
174
164
172
174
171
145
184
260
215
132
175
217
191
171
140
124
121
141
144
170
164
130
101
14
14
34
87
103
-7
-34
-35
21
17
-43
-2
-45
-81
-60
-47
-17
-74
-125
-81
-50
-73
-105
-92
-100
-133
-107
-55
-86
-141
-120
-108
-121
-125
-101
-50
-54
-123
-139
-130
-138
-69
-84
-149
-110
-113
-141
-137
-127
-120
-122
-93
-77
-103
-145
-140
-65
-58
-94
-75
-86
-110
-86
-13
38
-11
-45
8
54
61
12
-30
10
69
91
43
3
61
118
124
73
36
93
127
127
84
66
168
177
110
109
158
165
133
125
125
190
230
182
95
79
190
204
112
59
81
143
133
104
66
47
81
70
45
9
-7
65
66
-1
1
27
-24
-86
-69
-46
-22
-5
-28
-45
-65
-62
-78
-84
-60
-93
-81
-51
-111
-117
-68
-76
-101
-78
-74
-97
-96
-121
-142
-100
-60
-73
-91
-129
-134
-49
-72
-126
-117
-117
-69
-73
-97
-111
-80
-26
-62
-76
-70
-78
-56
-6
27
15
-49
-115
-67
7
36
38
-7
-11
28
18
-9
-18
-9
68
92
22
-20
5
67
99
72
45
92
104
101
96
50
100
118
110
143
138
124
87
86
122
147
161
121
70
85
178
196
126
68
50
137
157
65
1
14
132
145
38
-15
-10
38
40
37
58
84
88
-7
-38
-17
5
48
-15
-62
-51
-14
8
-79
-116
-79
-40
-51
-102
-105
-82
-105
-130
-93
-96
-106
-53
-69
-115
-83
-64
-93
-110
-134
-131
-99
-60
-44
-73
-87
-100
-75
-46
-83
-103
-99
-73
-47
-75
-112
-97
-23
-2
-41
-36
-66
-62
18
-6
-41
-45
-44
8
46
51
5
9
53
29
31
12
4
77
117
109
63
25
52
114
159
127
104
101
94
124
98
61
83
99
129
138
102
53
43
111
158
126
69
50
81
111
119
92
56
51
63
68
32
8
20
36
39
0
-19
-28
-37
-40
-52
-33
-52
-83
-63
-37
0
-3
-62
-82
-46
-20
-47
-74
-94
-104
-54
-12
-34
-80
-90
-46
-38
-68
-68
-84
-70
-40
-93
-119
-93
-74
-84
-118
-99
-83
-70
-31
-61
-91
-86
-103
-67
-36
-79
-93
-91
-76
-10
11
-20
-41
-45
-7
21
13
8
14
7
4
14
11
31
52
67
45
1
79
128
81
83
50
57
105
110
105
69
107
113
98
141
140
132
106
112
104
128
188
130
86
69
65
108
123
85
69
101
87
62
31
18
54
53
47
-4
-24
17
-23
-13
7
0
-20
-74
-29
-21
-34
-12
-75
-79
-47
-35
-52
-97
-68
-65
-74
-56
-93
-115
-98
-80
-89
-84
-77
-105
-69
-65
-111
-75
-57
-65
-63
-49
-43
-29
-2
-25
-39
-59
-52
-6
1
-36
-73
-33
-8
-57
-85
-62
-21
-24
-103
-154
-86
-19
-26
-40
-46
-41
-13
-2
-9
-3
7
20
30
51
82
79
64
75
78
88
106
99
91
98
124
124
76
52
92
110
98
77
48
72
108
134
118
86
59
59
128
97
67
92
68
73
81
100
90
63
44
7
23
49
48
48
16
-32
-34
-33
-34
-26
-34
-9
-12
-63
-55
-31
-24
-38
-71
-71
-54
-63
-100
-110
-108
-63
-32
-79
-78
-83
-74
-86
-107
-45
-40
-51
-59
-76
-58
-59
-61
-65
-73
-45
-32
-37
-30
-22
1
6
-70
-83
-20
-28
-5
-11
-19
-2
9
33
-50
-69
-50
-41
26
12
-5
-9
-22
-32
-24
0
-9
0
6
8
10
24
52
50
66
44
5
49
63
67
110
101
80
91
97
85
96
99
93
112
117
115
109
92
71
53
78
89
66
52
67
72
36
48
62
72
70
32
36
31
28
37
28
18
16
31
-12
-35
-12
-17
-4
-10
-21
-30
-50
-87
-125
-59
-38
-71
-86
-120
-79
-53
-56
-71
-88
-67
-84
-65
-42
-83
-100
-82
-51
-46
-42
-55
-67
-32
-51
-65
-36
-48
-46
-70
-91
-55
-27
-15
-31
-43
-52
-51
-3
18
17
-2
-11
17
6
-3
-8
-5
26
32
54
34
-5
14
59
77
30
27
29
-17
17
75
83
62
61
51
36
76
60
77
105
75
92
59
70
45
71
151
88
95
55
34
77
49
88
93
44
3
2
20
25
59
19
-29
6
13
-3
7
8
-16
-31
-4
1
-7
10
-8
-20
-48
-52
7
7
-58
-85
-47
-26
-33
-43
-69
-95
-66
-23
-55
-55
-54
-77
-61
-74
-74
-53
-34
-48
-92
-65
-42
-48
-55
-75
-64
-53
-38
-29
-62
-35
-32
-48
-7
-39
-50
0
-1
21
30
-15
-33
-31
-2
46
49
20
14
13
7
38
47
38
33
27
28
3
18
49
54
58
31
18
32
51
52
39
40
35
15
18
74
93
52
45
50
40
66
105
104
89
69
36
59
69
21
28
87
90
54
55
38
6
36
35
7
16
-12
-28
-9
-10
-10
-22
-32
-7
-13
-49
-64
-86
-58
-12
-28
-27
-47
-35
-11
-37
-36
-54
-65
-45
-30
-12
-21
-48
-46
-39
-48
-61
-67
-44
-65
-79
-45
-62
-48
-14
-48
-64
-41
-48
-9
-7
-49
-15
-24
4
22
9
0
-43
3
-9
-16
11
-23
24
38
-25
-9
40
4
-5
11
3
-10
7
35
14
36
29
36
64
30
35
29
46
46
40
61
44
53
71
63
62
70
32
27
40
45
81
49
24
40
59
44
41
51
26
20
18
30
21
37
46
14
36
30
36
51
0
-28
-2
39
22
-7
-24
-35
3
6
-20
-40
-36
-19
-40
-31
-49
-68
-65
-87
-43
-32
-53
-63
-87
-47
-19
-65
-71
-20
-15
-32
-35
-66
-53
-19
-20
-37
-64
-24
14
-20
-60
-53
-3
-9
-33
-23
-34
-46
-18
-14
-45
-32
-8
-5
2
-15
-23
-3
-11
-20
3
19
7
11
15
15
24
29
38
27
24
25
46
68
28
37
62
47
47
36
40
68
57
46
64
61
60
42
38
54
57
82
63
33
44
31
37
49
54
51
18
11
3
32
77
53
3
-8
19
7
-6
20
20
1
-10
25
5
-35
7
-3
6
4
-69
-44
-18
-34
-37
-50
-37
-53
-62
-52
-85
-91
-70
-46
-57
-78
-96
-109
-60
-53
-46
-36
-36
-48
-71
-45
-60
-30
-5
-14
26
-12
-48
-14
6
-11
-9
15
18
16
-4
14
30
5
27
26
35
37
6
36
45
54
54
48
43
14
39
62
77
42
8
38
22
32
45
7
4
9
1
8
6
4
29
29
-9
6
33
20
2
13
22
19
49
35
4
24
35
36
39
25
9
27
21
-16
-1
13
-24
-21
23
8
-16
9
-15
-7
-10
17
8
13
-18
-28
5
1
9
-1
-17
-13
-5
-8
-36
-23
-30
-27
-16
-44
-36
-37
-49
-40
-47
-33
-23
-34
-9
-40
-42
-41
-32
-1
-44
-7
-4
-5
-15
-25
-17
-9
6
-21
-26
-3
2
16
1
5
-28
11
7
20
16
3
11
10
22
19
35
5
-4
7
11
3
21
32
18
25
21
7
5
-6
22
13
31
32
16
54
35
31
29
8
13
47
71
31
29
16
-2
31
31
30
25
15
3
-15
11
0
-2
5
-31
-4
9
-8
-1
3
5
-5
0
10
-20
-8
22
3
7
10
5
-1
-9
5
-16
-19
-11
-9
-13
-7
11
-23
-15
-8
-39
-39
-39
-22
-11
-32
-47
-38
-32
-35
-29
-22
-27
-32
-23
