3
1
0
2
5
6
7
8
7
8
8
8
5
5
9
10
8
6
6
8
10
7
5
7
8
7
5
8
8
8
5
4
5
6
5
3
2
-1
-2
-1
-2
-2
-3
-3
-5
-6
-9
-12
-10
-8
-7
-10
-14
-14
-14
-10
-11
-14
-17
-16
-17
-18
-19
-21
-19
-18
-18
-20
-23
-23
-20
-16
-16
-18
-20
-19
-20
-20
-19
-13
-13
-14
-16
-13
-9
-6
-6
-7
-5
-2
-3
-1
-1
3
4
7
8
5
5
7
10
15
18
18
16
17
21
23
22
20
23
29
33
31
26
24
26
30
34
33
29
25
25
26
27
25
26
29
30
26
22
20
21
19
17
16
16
15
13
10
10
9
8
8
7
3
-1
-4
-5
-6
-8
-10
-10
-9
-11
-14
-17
-17
-18
-18
-19
-18
-19
-23
-26
-26
-24
-24
-24
-25
-25
-24
-23
-24
-25
-26
-25
-23
-19
-18
-21
-21
-18
-14
-14
-14
-12
-8
-8
-9
-9
-4
1
2
6
10
14
15
17
22
26
31
36
37
38
40
46
51
53
52
55
59
59
57
59
65
65
61
59
58
54
49
50
52
49
39
33
32
29
23
17
15
11
5
0
-2
-4
-7
-11
-12
-16
-20
-24
-27
-31
-32
-32
-34
-39
-44
-46
-44
-46
-48
-50
-49
-47
-48
-52
-54
-53
-48
-43
-42
-42
-44
-44
-44
-42
-40
-43
-43
-41
-38
-36
-37
-39
-40
-38
-37
-37
-36
-33
-31
-34
-36
-36
-34
-28
-28
-28
-26
-21
-16
-9
-1
8
15
19
24
29
40
53
61
67
72
78
80
82
85
92
100
101
97
93
91
87
83
81
83
80
73
64
59
57
53
50
48
44
39
35
31
25
19
17
17
15
10
7
8
5
2
1
3
6
4
-1
-8
-10
-10
-8
-6
-7
-14
-21
-22
-23
-27
-31
-32
-32
-32
-37
-45
-50
-51
-49
-49
-52
-55
-58
-62
-67
-70
-66
-65
-66
-69
-69
-68
-69
-71
-70
-66
-64
-65
-66
-65
-64
-65
-65
-62
-59
-60
-64
-68
-70
-70
-67
-62
-59
-59
-58
-55
-49
-37
-28
-15
-6
3
14
25
40
57
74
87
99
106
116
126
137
146
151
154
154
152
147
144
142
143
145
143
133
120
109
102
99
96
89
80
72
65
57
48
40
36
34
33
25
15
4
-3
-4
-7
-9
-11
-13
-13
-16
-20
-22
-20
-15
-10
-7
-6
-6
-6
-4
-1
2
6
7
6
3
0
0
0
1
0
-5
-12
-19
-23
-25
-28
-30
-37
-43
-50
-56
-59
-62
-65
-67
-67
-66
-66
-71
-78
-82
-82
-78
-72
-72
-77
-85
-91
-92
-90
-89
-91
-95
-99
-103
-107
-111
-118
-125
-127
-125
-122
-126
-133
-140
-140
-131
-116
-98
-85
-78
-74
-63
-40
-10
21
48
65
78
92
114
142
172
194
206
210
214
218
223
227
233
241
242
231
217
202
192
189
189
187
177
162
143
127
113
105
105
103
93
75
54
36
23
15
11
5
-8
-24
-39
-50
-59
-65
-66
-64
-65
-68
-71
-73
-75
-75
-71
-62
-50
-42
-37
-35
-33
-33
-32
-28
-19
-9
-5
-7
-17
-23
-20
-14
-12
-17
-23
-29
-30
-35
-43
-45
-45
-45
-49
-58
-68
-77
-84
-87
-86
-85
-89
-98
-112
-119
-118
-114
-113
-120
-130
-138
-144
-150
-155
-160
-162
-166
-168
-176
-189
-201
-208
-204
-195
-190
-196
-207
-212
-201
-173
-138
-110
-97
-95
-87
-62
-18
32
73
104
123
144
174
214
254
286
304
313
321
331
347
361
370
371
364
356
344
333
322
312
304
297
289
278
260
240
216
201
191
186
176
161
139
115
95
81
69
58
45
30
15
-1
-17
-33
-43
-49
-46
-42
-43
-51
-63
-70
-69
-57
-44
-35
-38
-47
-56
-58
-54
-46
-39
-37
-40
-50
-60
-72
-80
-83
-83
-82
-83
-89
-97
-108
-113
-115
-112
-109
-111
-120
-130
-137
-140
-140
-140
-142
-146
-153
-161
-164
-165
-167
-171
-174
-173
-176
-183
-190
-200
-205
-211
-217
-220
-221
-226
-240
-253
-261
-257
-253
-256
-264
-271
-274
-269
-255
-227
-195
-164
-148
-135
-109
-58
11
74
117
142
168
211
273
342
398
432
446
450
463
486
513
532
532
517
502
494
492
482
459
430
408
397
387
366
333
296
270
254
245
231
206
170
133
107
94
79
60
32
5
-15
-25
-41
-62
-86
-101
-109
-109
-110
-117
-129
-142
-150
-151
-148
-143
-142
-143
-147
-148
-148
-150
-156
-167
-175
-172
-163
-160
-171
-186
-202
-205
-201
-198
-198
-208
-217
-223
-225
-227
-222
-208
-195
-195
-207
-214
-206
-188
-173
-163
-155
-149
-147
-149
-150
-142
-123
-103
-94
-105
-120
-126
-117
-111
-121
-139
-151
-153
-155
-165
-185
-204
-212
-211
-203
-202
-208
-219
-220
-200
-161
-119
-96
-92
-86
-50
29
125
197
224
226
241
302
399
491
548
555
530
519
549
602
643
647
611
570
561
578
589
563
506
438
404
409
419
403
350
285
241
231
237
226
191
141
96
66
52
45
29
-4
-43
-76
-95
-106
-118
-140
-167
-178
-168
-168
-185
-204
-215
-221
-216
-201
-193
-195
-200
-203
-210
-212
-203
-191
-183
-182
-181
-182
-186
-192
-200
-200
-191
-178
-166
-166
-176
-179
-164
-137
-125
-131
-141
-137
-117
-97
-81
-79
-87
-95
-94
-76
-60
-60
-61
-67
-75
-77
-74
-74
-74
-84
-103
-109
-111
-113
-116
-130
-152
-174
-196
-213
-220
-225
-224
-236
-258
-280
-304
-314
-289
-248
-196
-164
-181
-200
-173
-96
15
103
132
134
143
193
283
385
454
470
445
427
458
523
575
580
553
532
529
550
563
534
484
438
409
416
436
434
398
318
244
219
231
258
256
192
104
36
18
49
71
32
-41
-111
-134
-104
-78
-93
-140
-196
-207
-171
-136
-120
-153
-210
-221
-197
-157
-112
-114
-149
-158
-155
-157
-147
-138
-139
-144
-146
-136
-123
-122
-134
-148
-154
-148
-136
-117
-102
-107
-121
-123
-112
-94
-73
-67
-87
-102
-90
-66
-51
-58
-86
-114
-113
-93
-78
-92
-122
-142
-158
-160
-137
-128
-150
-173
-189
-202
-199
-182
-181
-223
-278
-295
-296
-297
-290
-289
-307
-334
-360
-365
-358
-341
-292
-238
-218
-216
-223
-220
-149
-23
80
110
94
99
165
277
387
452
460
438
437
491
569
621
627
597
553
536
563
596
584
528
468
432
433
460
467
422
355
314
304
299
290
270
231
191
162
139
121
108
98
77
35
-9
-24
-22
-25
-36
-62
-104
-126
-120
-111
-98
-98
-123
-136
-137
-136
-126
-134
-154
-159
-161
-147
-134
-151
-178
-197
-198
-156
-112
-111
-137
-169
-193
-188
-155
-125
-106
-115
-136
-143
-136
-112
-103
-98
-104
-118
-109
-109
-102
-96
-130
-138
-134
-140
-139
-127
-109
-123
-154
-188
-207
-185
-169
-179
-197
-226
-244
-252
-261
-250
-258
-290
-303
-321
-330
-311
-317
-322
-322
-322
-318
-324
-284
-217
-191
-185
-189
-161
-72
36
117
143
136
149
205
310
407
452
469
473
481
528
580
582
558
529
522
553
585
609
601
535
458
416
412
430
450
439
404
340
272
267
289
296
265
209
159
143
170
152
99
58
4
-27
-14
0
-13
-46
-84
-116
-122
-104
-89
-99
-119
-138
-143
-138
-139
-132
-129
-155
-171
-157
-138
-132
-153
-185
-193
-192
-194
-179
-164
-175
-195
-204
-199
-191
-198
-197
-172
-149
-152
-162
-156
-148
-158
-166
-149
-129
-126
-139
-174
-189
-159
-136
-158
-200
-230
-217
-186
-188
-212
-235
-237
-231
-233
-240
-253
-264
-258
-254
-256
-259
-282
-298
-266
-234
-233
-238
-247
-262
-272
-263
-209
-127
-93
-111
-128
-107
-28
83
155
180
200
223
249
296
370
443
488
512
514
510
544
603
632
610
548
521
560
595
604
588
529
472
446
431
433
433
400
361
322
293
276
258
237
214
188
159
130
102
73
43
17
-6
-34
-63
-90
-107
-109
-98
-88
-102
-136
-161
-159
-156
-188
-204
-142
-91
-158
-313
-419
-361
-201
-84
-100
-240
-368
-374
-246
-141
-211
-257
-246
-287
-132
35
-196
-507
-440
94
425
-153
-976
-1223
-343
1952
2979
-193
-4489
-4261
390
3857
2477
-1604
-3775
-1955
1349
2155
193
-1624
-1489
-26
995
529
-732
-1383
-853
150
677
466
-238
-742
-531
-171
-273
-417
-166
80
-141
-431
-147
447
563
-270
-1514
-1125
1456
2855
1037
-1111
-998
601
1656
791
-513
343
1883
1111
-706
-869
321
1346
1601
954
-95
-341
373
789
588
465
242
-107
4
44
-281
-23
535
435
217
230
-97
-288
170
338
35
269
849
965
804
556
178
239
1002
1741
1839
1368
698
343
580
1096
1451
1480
1182
721
364
206
181
234
342
448
442
150
-454
-1051
-1192
-752
-200
-250
-1141
-2304
-2778
-2127
-950
-422
-979
-2061
-2701
-2655
-2338
-1948
-1462
-956
-1016
-1687
-2437
-2648
-2297
-1642
-1126
-1352
-1786
-2505
-2882
-2648
-1599
-235
-759
-2229
-3223
-2222
-736
-1929
-5028
-6272
-443
8709
10476
219
-12196
-11101
3167
15556
13822
2388
-5058
-3735
2057
6349
7848
7817
6015
3635
1508
839
2557
4944
6048
4623
2435
1693
1860
1074
-1218
-2316
-127
3140
3291
-426
-4662
-5948
-3852
-787
669
-80
-1514
-2686
-4190
-5455
-4350
-873
1782
1441
-619
-2047
-2075
-1195
132
1852
3594
4067
2317
-502
-1704
320
4304
6994
6154
2715
-273
-638
1218
3190
3631
2558
1024
-244
-1244
-1939
-1953
-1166
-241
-327
-1826
-3746
-4773
-4547
-3684
-3170
-3276
-3771
-4322
-4663
-4877
-4682
-4285
-3697
-2699
-2331
-3390
-4613
-4616
-3129
-810
-484
-2261
-3804
-2883
-623
-1270
-4874
-6606
371
11283
14203
2266
-14452
-13924
3784
21664
21162
4006
-7940
-6325
3740
10850
10923
8816
6679
4511
1646
-53
1892
6355
7873
4624
798
75
1999
2229
-847
-3170
-1345
2516
3706
-604
-7075
-9155
-5501
38
2409
-148
-3784
-5166
-5067
-4533
-3234
-724
1434
593
-2236
-3222
-1336
754
989
912
2659
4946
4852
1968
-701
-27
3636
6836
6582
3238
24
-418
1523
3409
3517
2255
816
-211
-958
-1502
-1646
-1404
-1212
-1772
-3049
-4297
-4599
-4234
-3925
-4010
-4322
-4349
-4564
-5188
-5703
-4889
-3735
-3255
-3522
-4078
-3904
-4414
-4196
-3477
-2610
-1894
-2430
-2430
-3267
-3206
-4325
-5659
271
8862
13010
4173
-12020
-13911
1304
19723
22200
7003
-6503
-7568
2185
10941
12790
10673
6714
4245
1771
608
3086
7195
9163
6139
1451
-659
365
1463
567
-1046
-864
1112
1501
-1424
-5740
-7523
-5017
-496
1748
-303
-4053
-6103
-6109
-5023
-2594
494
1754
-72
-3222
-4558
-2489
1381
3724
3331
2060
1667
1806
1685
1617
2345
3998
5532
5150
2623
512
936
2697
3647
3479
2506
765
-928
-1498
-926
-20
281
-730
-2543
-3936
-4292
-3908
-3301
-3132
-3834
-4783
-5233
-5108
-4955
-4597
-4261
-4354
-4572
-4727
-4198
-3663
-3342
-3247
-3274
-2950
-2698
-2116
-2315
-2935
-4493
-6586
-2517
6737
12838
6953
-8937
-15307
-3694
15084
22526
10871
-3731
-7932
-1257
8267
11614
11242
9158
5691
1763
-1460
807
6966
10971
8354
1436
-1620
43
2659
2080
-844
-841
1158
2599
173
-5858
-8194
-4819
478
2409
-946
-4571
-5938
-5619
-4373
-3148
-550
1372
211
-3300
-5849
-3514
1349
5022
4026
-261
-1731
320
3627
4752
3359
2631
3253
3575
2473
1556
2582
4481
4368
1769
-706
-579
1547
2564
1250
-827
-1717
-1656
-2117
-3490
-4294
-3455
-2250
-2406
-4427
-6360
-6452
-4691
-3442
-4041
-5087
-5242
-4507
-4613
-4592
-4525
-3301
-1996
-3086
-4488
-5183
-2623
-748
-1359
-4599
-7811
-2227
7071
12464
4844
-10538
-13659
-1072
16843
20886
8171
-4682
-7436
420
9621
12986
11746
8172
4363
440
-1003
3069
9365
12289
7618
31
-2700
-357
3242
2905
229
-13
702
1028
-1132
-5101
-5678
-3454
-368
244
-2340
-3992
-5263
-5768
-5039
-2915
439
1668
-783
-4646
-6074
-3320
2865
6460
3574
-2349
-4772
-357
5241
7333
5138
1728
460
584
2269
3999
5180
5193
2752
321
-831
507
3028
3353
1821
-954
-2478
-2279
-2021
-1981
-2846
-3024
-2642
-2954
-3994
-5287
-5593
-4838
-3839
-3640
-4153
-4784
-5228
-5822
-5178
-3003
-1503
-1816
-3990
-5582
-5243
-2966
-1241
-2717
-6569
-5375
3781
11351
8372
-6782
-14149
-4190
11987
20870
10645
-2609
-7554
-2995
7499
12305
13122
9591
4543
965
-648
2299
7821
11420
8315
2067
-1385
-56
2766
2821
1499
1180
1808
1180
-1922
-5207
-5245
-2590
120
170
-2933
-5142
-4927
-4293
-4074
-3547
-1514
386
-1035
-4753
-7203
-5389
781
5984
5154
-722
-5741
-4054
2952
8110
7629
3387
-696
-1800
253
3615
6082
6491
4637
1026
-2096
-1960
1471
5016
5366
2096
-2056
-4161
-3488
-1523
-116
-111
-1710
-3944
-5372
-5216
-4420
-3658
-3081
-3563
-4766
-5545
-5128
-4780
-4308
-3756
-2967
-2494
-3734
-5234
-6167
-3513
-1043
-1038
-3919
-7230
-1657
6873
10426
1562
-11470
-10301
3162
17103
15509
3063
-5526
-4659
4186
10384
12049
10178
6410
3117
-37
1159
6497
11002
10469
4265
-537
-349
2613
4974
3499
1231
357
362
341
-1762
-3530
-3337
-1807
-375
-1488
-3690
-5029
-5086
-4228
-3302
-2123
-1329
-2195
-4493
-6060
-4853
-1058
2738
3540
590
-3716
-5039
-1326
4692
8016
6218
1451
-2179
-2106
1391
5836
7950
5993
1383
-2245
-2218
929
4315
5264
3087
-628
-3242
-3304
-1401
472
643
-912
-3266
-5238
-5674
-4526
-3002
-2392
-3470
-5032
-5597
-4942
-3657
-3592
-4308
-3787
-3189
-3238
-4176
-4912
-3221
-2567
-3109
-5060
-6003
-527
6200
8415
-365
-11470
-9547
4065
17214
14109
1353
-6602
-4162
5349
10760
10849
8353
5514
2699
853
2075
6277
10857
9989
4348
-236
-100
3339
5299
3537
614
106
1205
768
-1897
-3848
-2894
-525
270
-1443
-3588
-4383
-4300
-4297
-3871
-2316
-903
-1755
-4661
-6695
-5460
-1682
1845
2800
758
-2549
-4137
-2240
1810
4883
5140
3060
164
-1767
-910
2911
6803
7008
3077
-1403
-2750
-519
3044
5205
4261
718
-2811
-3506
-1279
1217
1695
-132
-2794
-4797
-5007
-3471
-1841
-1634
-2890
-4574
-5493
-4977
-3938
-2499
-2178
-3086
-3925
-4991
-4726
-3470
-1759
-1430
-2824
-6023
-7771
-1429
7115
10081
1120
-11876
-11152
1902
15343
14951
2360
-5951
-4045
3168
8679
9693
8401
6736
3569
600
1010
5547
10631
10448
4834
-543
-683
2950
5841
4423
1265
301
659
744
-1329
-2573
-1348
-14
13
-2059
-3378
-3068
-2761
-3245
-3881
-2899
-1148
-1169
-3749
-6234
-5547
-1874
1382
1365
-1141
-3303
-3083
-1003
1187
2434
2604
1822
325
-874
-353
2149
4714
4982
2651
-102
-899
566
2740
3855
3081
824
-1533
-2541
-1474
689
1756
425
-2550
-4903
-4716
-2521
-934
-1440
-3346
-4785
-5073
-4723
-3730
-2857
-2484
-2336
-3637
-5224
-5275
-3829
-1392
-1323
-3625
-7395
-7309
452
7531
7750
-3091
-12733
-7279
6125
16085
10836
-2048
-7510
-3245
6119
10602
9317
6226
4058
2944
1256
2820
7242
10219
8763
2848
-647
997
4605
6213
3494
1010
835
1286
924
-1396
-2209
-620
870
467
-2313
-4151
-3634
-2448
-2112
-2705
-2565
-1799
-2276
-4354
-5776
-4357
-899
1352
327
-2555
-4377
-3463
-725
1745
2662
1938
221
-1469
-1793
128
3352
5228
3924
525
-1829
-1134
1602
3835
4034
2412
79
-1865
-2347
-1056
1119
2511
1295
-2242
-5428
-5447
-2534
282
502
-1802
-4428
-5333
-4501
-3503
-1882
-999
-1939
-3599
-5370
-5228
-3674
-1469
-802
-2229
-5637
-7817
-2540
4755
7777
832
-9860
-9099
1434
12291
11512
364
-6273
-3346
4210
8979
8193
5502
4086
2713
1577
2509
5850
9089
8028
3592
551
1591
4736
5874
3944
1431
686
1449
1689
368
-1092
-936
403
642
-1203
-3137
-3079
-1909
-1705
-2477
-2416
-1586
-2057
-4124
-5406
-3859
-1096
-20
-1177
-2459
-2513
-1789
-1294
-965
609
2012
2011
-57
-2308
-1294
1556
4345
4058
1202
-804
-1060
881
2641
3169
2704
1323
-244
-1468
-1309
356
2059
1615
-1116
-3877
-4219
-2251
-344
-326
-1791
-3336
-4391
-4564
-3858
-2069
-533
-1385
-3775
-5591
-4883
-2530
-1145
-1209
-2942
-4172
-5840
-5824
-106
5059
6419
-1056
-10562
-7992
2596
13133
11090
-624
-6637
-3632
5277
9682
7496
4570
3291
3416
2533
3106
5653
7801
7669
3857
1183
1731
3876
5519
4153
1925
832
1406
2013
818
-773
-959
274
836
-329
-2135
-2672
-2018
-1593
-1757
-1806
-1580
-1941
-3437
-4695
-3489
-1294
-309
-1760
-3913
-3092
-851
801
243
-1917
-1831
-208
1596
1935
159
-368
400
1625
2167
1112
665
923
1367
1603
1361
1350
1102
229
-564
-249
863
1140
-530
-2649
-2865
-1259
28
-571
-2236
-3427
-3525
-3080
-2284
-1657
-1631
-2581
-4105
-4215
-3362
-2176
-1345
-1546
-2764
-4272
-5230
-5613
-2128
3608
6266
2252
-7925
-11448
-2562
9590
13881
4960
-6059
-7294
78
8286
9661
6085
2703
1892
2422
2341
3773
6493
7980
5977
1848
290
2613
5550
5014
1913
494
2155
3673
1822
-1653
-2690
-99
2679
1993
-1189
-3359
-2884
-1521
-1083
-1450
-1350
-1154
-2373
-3958
-4662
-2655
-45
-159
-2302
-4667
-3048
573
1756
-395
-3582
-2593
1095
3049
1392
-1557
-1729
452
2185
1991
1128
955
1164
809
336
847
1764
1718
369
-837
-765
-46
196
-376
-1166
-1565
-1541
-1448
-1843
-2585
-2893
-2181
-1325
-1621
-2771
-3550
-3205
-2325
-1694
-2245
-2842
-2793
-2632
-2483
-3107
-3676
-4111
-1756
2544
4411
759
-7517
-8508
19
9806
10959
959
-6669
-4785
3053
8638
7432
3950
2339
2490
2366
2434
4107
6874
7399
4327
1157
874
3228
5015
3741
1615
1868
3259
3029
397
-2442
-1702
1763
3534
1839
-1883
-4026
-2883
-792
188
-70
-836
-1736
-2985
-4056
-3372
-1259
198
-667
-2882
-3109
-1666
-187
-485
-1767
-1111
218
1247
311
-1460
-1333
144
2196
2316
704
-492
-366
770
1376
1450
1548
1408
351
-866
-855
415
1325
640
-724
-1559
-1542
-1317
-1241
-1324
-1405
-1582
-2070
-2555
-2666
-2225
-1775
-1810
-2632
-2994
-2540
-2061
-2171
-3015
-2685
-1866
-1633
-3666
-5328
-1626
3477
5316
-727
-8992
-7075
2193
10038
8013
-1783
-6304
-2469
4721
7788
5293
2528
1785
2662
2411
2439
4143
6019
6335
3240
677
975
3054
4814
3684
1792
1452
1923
1753
172
-1071
381
2611
2579
51
-2897
-2830
-390
777
59
-1352
-1791
-1404
-2002
-3231
-2946
-953
94
-799
-3047
-3483
-1264
403
529
-1329
-2170
-957
239
807
-88
-416
368
1111
1143
187
-368
213
1446
2089
1622
577
-169
-429
-273
641
1819
1907
-59
-2597
-3090
-1172
850
846
-950
-2870
-3532
-2789
-1414
-744
-1023
-1918
-2824
-2933
-2640
-2143
-1762
-1731
-2110
-2401
-2532
-2724
-3708
-4118
-525
3465
4000
-1896
-8878
-6083
2908
10157
7214
-2742
-6657
-2347
5118
8008
5018
1344
928
2298
2969
3475
3885
5067
4911
2482
1192
1971
3632
4443
3022
1305
1636
2519
2122
466
-658
351
2102
2323
484
-1743
-2324
-1055
334
530
-354
-1374
-1845
-2443
-3093
-2581
-687
553
-787
-3565
-4069
-1446
893
1179
-1310
-2899
-1296
66
954
529
-293
187
643
444
-79
550
1613
2045
1270
-184
-275
807
1726
1491
617
-31
-222
-306
-486
-525
-320
-41
-339
-1166
-2111
-2355
-1906
-1098
-839
-1695
-2674
-3138
-2454
-1886
-1445
-1658
-2390
-2872
-3358
-2175
-1413
-1334
-3355
-5389
-1993
2550
4549
-637
-8103
-6722
871
8721
7369
-1944
-6009
-2870
3969
7048
4132
1133
1212
3396
3043
1850
1897
3741
5960
4354
1756
750
1898
3537
3168
2165
2204
2814
1976
-129
-1103
595
2902
2853
330
-2142
-2061
-205
1020
483
-805
-1336
-1201
-1489
-2254
-2177
-680
724
76
-2242
-3656
-2506
-57
1087
93
-1442
-1783
-1003
-288
-78
189
748
964
382
-443
-531
353
1459
1852
1220
141
-415
60
974
1337
916
160
-479
-779
-581
-196
-44
-434
-1186
-1764
-1805
-1473
-1490
-1569
-1400
-1178
-1749
-2609
-2576
-1772
-847
-1413
-2453
-3162
-2502
-1041
-1171
-2836
-4898
-2750
1758
3799
213
-6950
-6841
7
7006
7246
-1137
-6390
-3450
3184
7034
4375
432
98
2197
3152
2378
2415
3577
4440
3341
1231
839
2356
3943
3482
1653
875
1623
2218
1370
59
122
1655
2409
954
-1250
-1680
-95
1201
638
-915
-1630
-1138
-855
-1305
-1453
-982
-369
-539
-1958
-2746
-1582
41
530
-497
-1688
-1210
-35
-41
-698
-457
852
1586
539
-963
-869
834
2238
1877
383
-571
-190
855
1350
1031
657
550
172
-675
-1244
-712
476
685
-593
-1979
-2200
-1433
-761
-700
-1121
-1761
-1969
-1864
-2306
-2408
-1784
-1195
-1158
-2500
-3619
-2792
-1368
-1011
-2391
-4444
-3368
679
3018
963
-5062
-7152
-1647
5276
6875
488
-5332
-4088
1504
5667
4410
1178
155
1586
2497
2114
2163
3069
4019
3233
1709
1429
2326
2990
2505
1838
2163
2804
1999
-65
-1057
571
3065
3326
867
-1679
-1757
116
1458
988
-281
-911
-943
-1285
-1906
-1749
-440
739
216
-1794
-3255
-2619
-587
783
405
-852
-1378
-855
-430
-652
-475
778
1834
1214
-492
-1293
-272
1426
2117
1555
796
473
302
157
450
1231
1660
965
-446
-1210
-709
125
132
-630
-1158
-953
-645
-1132
-1948
-2098
-1201
-309
-797
-2123
-3042
-2715
-1737
-1207
-1543
-1836
-2136
-2555
-2536
-2670
-1955
-2325
-2709
-742
929
1197
-2574
-5783
-3022
2245
5946
2748
-3254
-4469
-978
4367
5002
1826
-21
570
2831
2730
1463
1412
2694
4150
3332
1677
677
1365
2850
3276
2747
1918
1496
1005
446
422
1314
2330
2033
322
-1294
-1103
390
1301
783
-384
-1113
-1069
-894
-1006
-922
-509
-123
-510
-1662
-2067
-1350
-331
345
-180
-1066
-972
-592
-153
294
271
493
678
264
154
361
717
1308
1365
923
528
236
397
878
1142
982
385
-223
-449
-288
-84
-99
-409
-780
-1044
-1160
-1074
-1155
-1318
-1558
-1602
-1654
-1745
-1845
-2036
-1894
-2113
-1791
-1568
-1879
-2672
-3172
-1502
-603
-1316
-3755
-4269
-680
2090
1985
-3067
-6720
-3107
2993
6163
1825
-4370
-4121
820
4935
3894
425
-185
1734
3250
2398
833
1345
3507
4095
2299
854
1206
2765
3124
1760
1278
2168
2686
1645
-236
-551
1353
2933
2229
-69
-1595
-919
665
1195
347
-609
-681
-456
-821
-1409
-1235
-261
334
-352
-1609
-1971
-1059
92
342
-220
-650
-626
-406
-148
89
505
894
646
175
194
584
1049
1117
690
521
804
998
818
460
339
535
657
452
22
-235
-84
-38
-498
-1002
-1004
-625
-486
-928
-1589
-1861
-1743
-1453
-1414
-1664
-1779
-1996
-2189
-1963
-1534
-1549
-1802
-2286
-2432
-1693
-1427
-1990
-3067
-2286
134
1369
-249
-4152
-4234
-130
3758
3562
-1010
-3286
-1228
2322
3622
1785
317
1017
2475
2427
1171
770
2237
3760
3343
1638
466
1016
2410
2854
2117
1473
1314
1133
724
399
860
1757
1739
480
-789
-761
413
1249
785
-324
-833
-491
-179
-446
-756
-493
3
-150
-1035
-1645
-1191
-106
492
97
-740
-1093
-562
416
1037
911
371
-14
-15
255
671
1062
1119
731
298
319
714
952
814
597
507
352
12
-235
-101
189
169
-299
-871
-1133
-1080
-951
-892
-997
-1268
-1564
-1879
-1885
-1468
-1007
-1051
-1958
-2703
-2380
-1528
-1121
-1516
-2332
-2390
-1794
-1358
-1567
-3088
-2748
-233
1346
919
-2869
-5038
-1986
2465
4688
1309
-3322
-2989
516
3652
3070
558
136
1319
2269
1690
914
1446
2812
3165
1813
839
1103
1970
2380
1972
1670
1811
1678
881
260
691
1788
2109
1027
-427
-724
343
1357
1152
64
-657
-434
78
107
-221
-260
41
46
-538
-1073
-774
218
909
596
-342
-931
-650
141
742
808
484
94
-113
-7
401
895
1115
853
317
-6
142
551
749
537
182
26
18
-109
-317
-351
-197
-189
-591
-1248
-1474
-1017
-523
-563
-1176
-1926
-2126
-1501
-905
-1035
-1579
-1937
-2080
-2103
-1487
-1111
-1487
-1876
-2172
-1885
-1459
-1489
-1956
-2368
-1131
446
699
-1171
-3966
-2732
1226
3501
1932
-2018
-2866
-308
2716
2914
511
-351
963
2421
2080
708
558
2257
3432
2323
648
161
1380
2755
2575
1495
900
1016
1146
948
861
1317
1726
1234
51
-519
204
1251
1387
447
-528
-461
379
698
70
-504
-248
280
158
-566
-963
-412
525
742
11
-750
-668
84
656
578
197
90
299
379
159
77
536
1170
1152
289
-532
-341
646
1173
652
-164
-413
-163
-29
-229
-465
-322
-147
-566
-1474
-1868
-1189
-305
-277
-1322
-2330
-2440
-1561
-775
-767
-1359
-2361
-2284
-1554
-942
-1092
-1645
-1736
-2087
-1581
-1180
-1018
-1471
-2826
-1300
870
1182
-667
-3881
-3055
639
3447
2773
-1758
-3573
-1113
2443
3482
950
-774
172
1951
2147
1008
374
1352
2755
2521
1422
476
872
2164
2218
1512
1333
1542
1521
860
282
946
1977
1883
636
-436
-27
1213
1652
827
-163
-141
563
740
122
-401
-57
733
839
-52
-981
-840
238
981
570
-392
-755
-227
417
470
188
220
521
492
15
-329
-8
806
1263
712
-329
-671
-56
633
690
192
-404
-711
-667
-472
-262
-174
-390
-915
-1363
-1380
-1096
-727
-688
-1053
-1460
-1656
-1572
-1188
-873
-1099
-1405
-1655
-1651
-1354
-968
-923
-1290
-1603
-1938
-1223
-765
-943
-1404
-2218
-938
552
682
-1265
-3604
-2105
1230
2917
933
-2359
-2635
-21
2278
1910
181
-470
894
2071
1241
53
446
2212
3108
1819
123
160
1530
2675
2396
1270
904
1174
1348
1181
839
1203
2033
1853
594
-287
309
1661
1898
776
-153
8
735
962
321
-260
-38
572
800
157
-676
-557
150
657
606
-138
-647
-432
-7
530
738
332
-205
-627
-384
337
544
361
0
-329
-351
-362
-251
112
164
-59
-349
-667
-647
-606
-368
-152
-399
-817
-1132
-1107
-937
-371
-506
-934
-1089
-1574
-1116
-939
-665
-536
-1580
-1525
-1453
-1176
-621
-1218
-1374
-1410
-1357
-1221
-1599
-1557
-2152
-1836
-87
217
-356
-2619
-3677
-1087
1426
2464
-84
-2924
-2215
239
2438
1635
-89
-386
788
1930
1449
920
930
1900
2409
1710
1267
1119
1768
2225
1892
1755
1549
1570
1488
1099
1171
1521
1785
1475
800
478
929
1497
1209
527
158
428
758
455
-67
-105
295
440
25
-473
-409
100
373
43
-451
-445
-28
175
-98
-339
-56
407
400
-107
-464
-215
291
511
351
15
-238
-247
-3
262
242
121
37
-201
-441
-533
-347
112
26
-747
-1180
-1036
-687
-476
-600
-960
-1466
-1524
-1129
-940
-933
-1130
-1568
-1646
-1556
-1527
-966
-971
-1765
-2148
-1735
-1159
-1182
-1884
-2628
-1449
84
402
-1123
-3683
-2834
65
2329
1434
-2139
-2808
-372
2138
2096
259
-559
581
2165
1900
618
311
1706
2954
2338
1054
623
1397
2435
2357
1508
1384
1784
1805
1313
825
1108
1871
2088
1331
339
254
975
1345
1052
649
481
485
215
-291
-214
413
674
152
-806
-1134
-448
141
21
-402
-606
-303
-170
-643
-808
-157
728
951
23
-1043
-832
384
1348
1186
113
-491
-28
603
787
503
253
425
306
-131
-135
18
95
48
-453
-835
-859
-746
-593
-686
-782
-1044
-1563
-1680
-1453
-1398
-1082
-1119
-1794
-2113
-2076
-1279
-1148
-1860
-2135
-2279
-1302
-1039
-2001
-2565
-2787
-1094
543
253
-1491
-3894
-2807
490
2268
1617
-1499
-2714
-693
1572
2234
987
-58
690
1871
1723
900
766
1783
2922
2594
1437
1029
1578
2297
2402
1975
1865
1919
1608
1232
1110
1614
2246
1996
1147
433
443
1214
1560
1045
427
159
358
476
79
-171
12
198
70
-367
-623
-394
-33
20
-315
-617
-429
53
245
-85
-457
-282
225
406
115
-141
1
288
372
213
10
4
142
243
234
57
-181
-279
-287
-265
-232
-219
-238
-505
-1105
-1234
-654
-434
-653
-978
-1434
-1558
-1296
-1175
-1179
-1338
-1647
-1703
-1789
-1518
-1348
-1713
-1916
-1962
-1676
-1599
-1894
-2489
-1748
-243
-74
-786
-3003
-3106
-229
1923
1799
-1211
-2792
-976
1643
2400
530
-549
736
2335
2243
790
180
1347
2968
2976
1498
688
1256
2330
2606
1789
1268
1609
1963
1679
1017
884
1550
1990
1474
605
290
739
1221
1038
410
68
274
420
115
-254
-262
80
261
-123
-700
-662
-129
-5
-507
-752
-231
188
-65
-771
-774
320
1174
895
-379
-968
-71
1184
1515
501
-404
-183
633
1044
637
148
128
306
148
-224
-226
92
186
-228
-832
-1159
-917
-545
-680
-912
-1162
-1401
-1643
-1658
-1291
-1261
-1340
-1635
-2094
-2277
-2050
-1554
-1470
-1830
-2255
-2141
-1847
-1643
-2232
-2614
-905
345
-150
-2133
-3746
-1978
1170
2538
604
-2446
-2177
670
2536
1873
-96
-259
1744
2906
1825
337
550
2322
3648
2792
1138
661
1534
2850
2632
1843
1641
1664
1909
1414
1138
1559
2044
1942
956
408
456
937
1193
843
493
195
163
99
-190
-86
368
406
7
-572
-770
-118
388
173
-383
-691
-205
331
138
-288
-409
57
698
554
-45
-299
-87
380
489
126
-110
-63
26
-7
-85
42
244
108
-356
-677
-464
-43
-141
-838
-1422
-1213
-547
-373
-1031
-1729
-1759
-1325
-1070
-1352
-1705
-1789
-1602
-1530
-1750
-2029
-1828
-1410
-1667
-1849
-2058
-2236
-2093
-1324
-180
-150
-1176
-2963
-2673
-215
1560
1597
-787
-2149
-794
1444
2199
863
-9
503
1918
2192
1021
449
1028
2620
3046
1760
697
534
1795
2853
2337
1454
1056
1339
1586
1436
1232
1342
1532
1302
790
323
545
1030
978
588
218
193
381
198
-182
-129
228
358
-66
-680
-759
-239
304
304
-189
-585
-461
29
351
234
-6
40
266
298
112
76
387
706
574
82
-243
-55
395
581
320
-112
-319
-218
-108
-145
-186
-278
-441
-717
-1063
-1101
-782
-491
-751
-1321
-1755
-1613
-1072
-1191
-1416
-1444
-1717
-1828
-2034
-2087
-1591
-1423
-1529
-1716
-2132
-2045
-2130
-2181
-896
-7
-217
-1449
-3292
-2279
722
2191
1188
-1714
-2469
-63
2040
2115
528
-293
817
2099
2052
1070
601
1473
2774
2758
1604
849
1113
2067
2597
2171
1546
1241
1301
1485
1457
1425
1544
1528
1188
656
429
814
1191
1030
590
224
260
401
83
-147
71
326
420
-37
-680
-606
-92
385
387
-271
-640
-414
-15
312
116
-153
88
287
207
-27
-156
288
753
496
-115
-371
58
633
551
-61
-453
-269
76
10
-379
-574
-486
-482
-813
-1199
-1152
-782
-689
-1121
-1651
-1836
-1471
-1062
-1235
-1615
-1924
-1807
-1524
-1722
-1929
-2064
-1722
-1342
-1820
-2186
-2579
-1997
-243
217
-574
-2545
-3437
-1047
1433
1969
-53
-2512
-1569
999
2177
1376
-75
78
1520
2126
1324
610
936
2306
2961
1851
851
629
1567
2671
2288
1580
1094
1234
1753
1491
1153
1160
1499
1642
1039
473
396
903
1193
767
355
184
226
207
26
63
220
216
12
-528
-758
-325
-61
133
146
-318
-372
-186
-107
211
305
354
479
137
-49
46
230
814
993
530
70
-222
71
670
806
469
-184
-511
-251
-120
-116
-209
-594
-879
-1062
-1185
-1053
-821
-923
-1373
-1779
-1749
-1410
-1279
-1477
-1880
-1921
-1744
-1510
-1685
-2189
-2126
-1784
-1266
-1595
-2271
-2755
-2193
-238
333
-491
-2848
-3612
-837
1683
2144
-500
-2709
-1299
1311
2382
1167
-238
185
1752
2253
1398
545
1022
2491
2882
1872
923
1003
1844
2396
1990
1452
1486
1554
1393
1097
1029
1457
1722
1365
749
320
511
1075
1157
695
262
182
288
212
-30
-98
138
389
237
-286
-663
-527
12
469
354
-222
-564
-265
312
489
208
38
118
193
154
35
190
577
563
248
41
-27
196
462
341
77
-150
-341
-371
-317
-312
-344
-532
-866
-1174
-1303
-1014
-726
-914
-1385
-1740
-1673
-1255
-1140
-1578
-1833
-1817
-1520
-1545
-2007
-2142
-1872
-1451
-1669
-1958
-2535
-2154
-536
119
-440
-2828
-3297
-755
1520
1830
-916
-2607
-1072
1354
2252
898
-469
112
1935
2405
1254
274
843
2381
2810
1840
863
841
1698
2473
2104
1277
1122
1431
1585
1260
990
1298
1647
1353
681
344
692
1227
1131
531
113
265
568
477
42
-79
251
407
171
-518
-598
-28
364
523
-81
-442
-306
-114
295
315
447
490
26
-119
1
295
769
753
269
-51
-43
248
442
242
91
151
-22
-192
-311
-400
-141
-266
-531
-719
-1032
-899
-807
-885
-1063
-1344
-1370
-1221
-1275
-1492
-1533
-1608
-1488
-1463
-1788
-2022
-1936
-1401
-1250
-1529
-2267
-2822
-1501
102
254
-1487
-3458
-2311
298
1733
830
-1729
-2073
-119
1694
1724
78
-463
773
2114
1865
499
251
1384
2601
2448
1304
610
909
1983
2320
1760
1229
1139
1513
1414
1087
1086
1290
1587
1213
473
256
617
1151
1116
618
198
170
423
360
-16
-19
376
498
121
-450
-451
2
423
472
9
-238
-255
11
353
407
387
178
53
41
93
277
436
528
416
123
-115
-65
190
374
270
-45
-320
-438
-344
-218
-240
-465
-804
-976
-937
-843
-835
-1022
-1168
-1176
-1330
-1435
-1435
-1393
-1240
-1437
-1762
-1761
-1782
-1656
-1431
-1632
-1857
-2140
-2230
-1217
-196
-323
-1754
-3028
-1812
528
1532
373
-1782
-1835
170
1722
1493
10
-370
907
1970
1595
464
267
1356
2377
2165
1240
600
798
1676
2057
1660
1198
1012
1048
1055
960
1006
1243
1340
1030
460
335
753
922
709
557
462
409
344
50
-29
363
656
379
-244
-576
-233
352
376
178
32
-46
63
-203
-155
488
912
930
124
-526
-89
618
1202
1071
246
-229
-57
346
502
510
445
215
-202
-523
-433
-154
94
-114
-743
-1036
-773
-535
-713
-1161
-1419
-1221
-1014
-1152
-1597
-1717
-1449
-1258
-1432
-1812
-1893
-1876
-1472
-1435
-1822
-2209
-2298
-943
-61
-542
-2010
-3009
-1509
565
1353
-47
-1916
-1491
253
1406
970
-16
142
1112
1586
987
342
675
1572
2180
1757
975
790
1082
1671
1741
1372
1271
1285
1237
865
720
1071
1425
1445
870
342
358
710
926
680
390
332
428
337
19
-41
244
576
301
-311
-466
-78
406
288
89
44
-78
-11
12
167
387
409
421
362
212
46
152
517
769
644
201
-30
-22
258
553
345
-45
-397
-314
-65
-137
-267
-488
-625
-764
-852
-739
-792
-934
-1193
-1275
-1083
-1216
-1537
-1569
-1307
-1363
-1644
-1794
-1787
-1445
-1489
-1719
-2006
-2312
-1271
-93
-213
-1539
-3004
-1997
345
1399
476
-1688
-1949
-11
1522
1406
106
-386
745
1827
1568
617
212
1020
2103
2162
1260
401
543
1511
2045
1482
812
659
1091
1416
909
654
865
1023
921
593
481
545
640
535
404
407
345
276
84
-27
98
296
358
-16
-371
-261
129
286
190
236
199
177
-65
-243
424
1037
1044
408
-383
-230
557
1239
1148
451
47
82
501
680
478
387
305
226
-62
-320
-254
-135
59
-218
-743
-897
-797
-629
-925
-1135
-1006
-986
-1247
-1667
-1619
-1292
-1159
-1450
-1767
-1889
-1735
-1441
-1532
-1923
-2297
-1547
-387
-233
-1428
-2900
-2082
53
1286
576
-1478
-2003
-412
1423
1562
168
-498
261
1425
1600
668
228
927
1893
1905
1039
543
808
1327
1579
1425
1070
854
838
820
777
867
1095
1100
689
194
151
593
917
680
192
40
256
344
51
-210
30
485
434
-236
-739
-383
465
810
259
-508
-599
42
653
619
162
-40
243
554
467
198
242
616
846
637
246
91
277
587
719
523
140
-83
18
180
83
-177
-291
-265
-346
-565
-657
-632
-766
-1022
-1118
-947
-853
-1103
-1449
-1506
-1369
-1285
-1406
-1603
-1558
-1557
-1647
-1919
-2023
-1108
-128
-281
-1751
-2921
-1707
559
1473
175
-1866
-1811
58
1526
1330
-14
-436
559
1483
1277
554
397
1029
1783
1678
943
523
762
1360
1664
1351
850
691
789
817
740
741
826
823
653
375
220
369
571
501
282
183
211
113
-136
-177
30
307
401
-79
-604
-413
221
758
569
-272
-568
-83
559
879
451
-16
216
549
629
512
340
538
847
749
390
166
337
635
607
370
175
81
54
24
-81
-209
-300
-339
-416
-633
-817
-820
-700
-715
-919
-1177
-1297
-1248
-1200
-1150
-1356
-1552
-1629
-1567
-1278
-1456
-1856
-1983
-1265
-190
-301
-1490
-2519
-1824
123
1184
405
-1300
-1641
-138
1205
1143
234
-201
624
1449
1100
416
319
1074
1892
1645
848
442
629
1263
1578
1173
719
671
809
780
585
596
808
799
486
162
153
362
422
231
116
143
75
-43
-287
-314
-86
120
194
-332
-716
-452
-45
251
-20
-176
161
261
33
-461
-319
669
1263
896
-163
-621
154
1195
1447
802
130
123
578
788
617
443
541
625
342
-152
-335
-7
353
289
-406
-841
-728
-561
-454
-718
-861
-987
-1161
-1105
-1225
-1300
-1359
-1441
-1400
-1428
-1537
-1627
-1743
-1813
-1238
-466
-351
-1054
-2280
-2089
-259
1022
650
-1008
-1734
-546
981
1341
500
-54
339
1135
1295
615
405
1032
1765
1633
827
510
729
1318
1548
1125
845
754
773
659
500
648
857
838
502
78
-48
254
541
461
91
-179
-171
-50
-51
-206
-183
-82
-50
-270
-496
-392
-109
159
-5
-131
-114
-73
137
98
205
424
456
430
219
93
356
764
903
645
238
194
531
745
658
427
284
235
129
29
14
37
-26
-178
-378
-516
-538
-627
-618
-670
-743
-775
-1117
-1324
-1324
-1124
-962
-1273
-1568
-1568
-1400
-1390
-1692
-1572
-666
-224
-737
-1905
-2330
-691
933
1075
-425
-1885
-981
837
1625
901
-171
-10
1072
1578
951
337
592
1479
1905
1312
521
399
1006
1563
1330
735
593
738
734
484
257
459
801
711
164
-326
-245
301
586
267
-250
-453
-260
-116
-235
-388
-301
-151
-214
-498
-722
-493
-227
-89
-193
-322
-10
130
64
-209
-156
580
1010
746
-66
-398
313
1194
1320
680
103
151
685
925
646
383
426
592
459
-24
-290
51
437
255
-401
-874
-731
-368
-353
-643
-869
-970
-1026
-1149
-1189
-1152
-1133
-1108
-1319
-1518
-1528
-1455
-1481
-1192
-515
-452
-1055
-1961
-1849
-336
882
788
-607
-1451
-571
788
1325
784
145
383
1092
1271
853
498
785
1480
1713
1225
554
437
945
1427
1373
922
591
608
683
554
422
549
760
619
105
-271
-142
252
396
148
-191
-360
-391
-416
-405
-275
-126
-207
-505
-731
-612
-243
-6
-84
-352
-472
-293
18
141
71
45
216
426
277
121
184
518
797
570
367
250
380
561
490
415
229
238
344
262
19
-221
-128
106
5
-431
-766
-711
-380
-377
-693
-947
-1054
-849
-834
-1089
-1255
-1310
-1020
-961
-1231
-1635
-1801
-853
-36
-70
-1009
-2264
-1651
82
1239
892
-871
-1481
-342
1058
1435
655
88
362
1137
1333
881
603
823
1568
1700
1174
639
474
1052
1405
1259
897
521
559
528
445
564
643
602
204
-196
-161
115
258
49
-261
-346
-260
-325
-528
-636
-437
-121
-87
-483
-936
-926
-392
334
317
-392
-1073
-967
63
686
525
-246
-679
-152
433
628
360
194
350
465
420
218
236
588
830
551
100
17
273
459
320
26
-156
-76
35
-158
-492
-477
-228
-270
-595
-864
-875
-704
-611
-794
-1107
-1238
-1036
-862
-1027
-1342
-1570
-963
-35
-86
-975
-1909
-1400
234
1099
722
-705
-1374
-216
1017
1287
646
83
558
1219
1175
719
571
989
1587
1560
1000
619
586
1057
1419
1149
829
622
465
465
490
599
747
582
190
-151
-206
70
292
178
-177
-439
-380
-267
-382
-529
-424
-209
-230
-474
-640
-604
-461
-343
-321
-342
-329
-323
-378
-383
-224
-12
79
42
-66
-156
-57
245
442
338
118
19
101
255
295
202
120
130
142
72
-28
-122
-89
56
16
-284
-564
-583
-340
-154
-266
-544
-946
-1003
-690
-611
-696
-850
-918
-877
-1029
-1267
-838
-4
133
-476
-1501
-1456
-38
1051
1088
-236
-1181
-302
896
1382
790
117
524
1217
1393
845
530
997
1574
1650
1055
604
682
1058
1311
1118
813
685
673
498
306
413
673
680
335
-53
-207
-33
197
156
-68
-215
-329
-525
-608
-394
-86
-52
-418
-885
-967
-547
-72
-38
-441
-821
-808
-461
-159
-139
-274
-321
-223
-129
-113
-85
28
138
106
-36
-90
42
184
234
181
134
79
3
12
-54
-59
37
69
-39
-199
-395
-429
-96
-142
-325
-428
-621
-573
-647
-714
-715
-637
-489
-627
-921
-1173
-1100
-577
93
282
-305
-1396
-1603
-185
1206
1274
-38
-1136
-383
938
1372
911
270
427
1116
1336
859
520
833
1446
1718
1157
568
575
914
1285
1129
826
713
559
468
283
368
665
703
438
-87
-280
-100
172
250
20
-188
-362
-478
-618
-533
-178
-64
-300
-835
-1179
-772
-144
-63
-447
-922
-922
-400
-179
-355
-440
-345
-199
-173
-332
-444
-289
64
266
30
-312
-329
-5
294
303
100
-57
-45
-60
-41
-19
53
65
-179
-292
-314
-251
-236
-377
-374
-284
-300
-471
-626
-734
-595
-423
-423
-540
-862
-893
-918
-754
-26
235
-160
-975
-1294
-304
799
1116
412
-601
-439
538
1132
1031
643
563
980
1171
855
784
1008
1311
1465
1140
827
830
903
1040
1102
971
838
691
496
400
443
618
707
466
79
-132
11
238
212
-79
-288
-227
-143
-154
-469
-611
-466
-307
-179
-481
-665
-679
-580
-373
-472
-531
-582
-567
-501
-516
-418
-254
-159
-274
-482
-525
-318
-73
-8
-98
-223
-232
-137
-20
28
-26
-72
-83
-118
-221
-290
-184
-40
-81
-312
-480
-429
-228
-169
-307
-432
-521
-422
-387
-531
-632
-710
-532
-432
-580
-811
-950
-347
341
293
-577
-1396
-586
682
1143
643
-546
-565
479
1256
1263
641
377
765
1207
1158
900
839
1083
1407
1267
934
765
827
1064
1056
922
838
742
656
396
294
509
721
671
167
-219
-147
165
364
70
-278
-369
-233
-114
-342
-583
-562
-298
-125
-360
-716
-809
-539
-279
-320
-568
-730
-595
-453
-397
-448
-471
-319
-312
-379
-482
-436
-151
-18
-82
-302
-404
-256
-64
21
-75
-167
-174
-188
-230
-176
-67
-28
-94
-300
-493
-412
-172
-172
-400
-560
-545
-488
-351
-257
-510
-723
-571
-276
-279
-646
-864
-478
150
331
46
-715
-990
-36
928
1058
236
-556
-88
865
1187
914
521
572
1011
1155
985
781
828
1192
1391
1150
785
797
983
995
909
830
828
712
509
338
315
573
678
416
38
-194
18
313
189
-129
-215
-64
-66
-328
-581
-502
-150
-30
-316
-746
-819
-469
-220
-272
-536
-708
-610
-486
-435
-439
-383
-308
-392
-471
-492
-428
-272
-157
-169
-340
-384
-245
-151
-167
-223
-171
-161
-261
-315
-304
-226
-114
-170
-387
-470
-377
-286
-356
-442
-439
-407
-410
-521
-502
-467
-517
-414
-338
-420
-514
-503
-426
-378
-266
34
145
-273
-606
-345
316
840
604
42
-57
329
866
1076
840
539
635
1020
1115
917
836
1018
1147
1038
942
843
784
867
926
867
688
628
616
465
364
417
507
445
249
41
37
164
191
69
-113
-175
-184
-171
-304
-373
-285
-252
-237
-495
-671
-560
-369
-205
-347
-589
-625
-440
-285
-313
-448
-503
-332
-224
-298
-397
-399
-227
-73
-166
-377
-390
-214
-83
-120
-249
-272
-286
-254
-194
-244
-224
-245
-319
-372
-363
-318
-293
-263
-405
-446
-389
-388
-350
-435
-427
-320
-350
-426
-516
-439
-192
-208
-344
-367
-262
77
151
-83
-230
-154
317
685
495
105
58
465
822
823
644
605
755
873
888
772
718
926
1056
917
669
629
836
890
775
637
529
560
617
499
277
255
368
430
293
22
-32
39
144
76
-108
-150
-200
-167
-192
-277
-236
-288
-369
-361
-368
-368
-365
-413
-450
-489
-450
-330
-338
-378
-342
-299
-257
-278
-309
-276
-250
-227
-221
-281
-311
-267
-263
-291
-300
-268
-220
-224
-258
-365
-360
-276
-242
-215
-402
-483
-342
-253
-222
-398
-493
-335
-255
-227
-300
-430
-331
-238
-228
-208
-276
-209
-159
-256
-214
-193
-103
175
251
114
-157
-282
223
711
631
265
-18
239
677
790
679
500
509
699
818
724
624
679
827
894
707
531
535
594
688
708
566
373
276
323
426
439
354
214
110
107
113
49
-65
-96
23
129
-11
-291
-401
-223
35
69
-178
-495
-513
-261
-87
-113
-282
-406
-414
-309
-226
-250
-207
-207
-246
-255
-311
-277
-227
-198
-175
-246
-256
-243
-289
-295
-242
-142
-101
-186
-311
-314
-231
-182
-186
-253
-319
-303
-195
-207
-326
-269
-198
-190
-176
-288
-290
-171
-143
-120
-196
-240
-173
-164
-132
-139
-188
-168
-75
-76
-135
-108
9
273
256
-68
-232
24
510
591
340
57
55
438
667
640
431
335
529
654
663
514
488
676
705
624
432
354
478
545
528
387
245
273
350
277
213
210
219
146
-14
14
88
88
-3
-138
-114
23
86
-94
-327
-336
-130
61
-18
-240
-387
-395
-202
-112
-206
-215
-285
-227
-201
-348
-248
-182
-78
-87
-325
-347
-324
-238
-194
-277
-253
-180
-234
-352
-326
-246
-149
-134
-285
-358
-308
-229
-148
-155
-253
-306
-237
-122
-176
-308
-258
-164
-129
-182
-327
-276
-59
-18
-111
-193
-220
-167
-88
-66
-135
-163
-59
-42
-141
-66
113
120
22
16
113
248
330
284
256
383
493
471
428
410
467
659
770
627
502
606
718
691
673
690
644
567
528
525
554
586
580
478
321
206
223
302
352
125
-79
-72
-44
-77
-221
-256
-202
-183
-280
-554
-626
-45
33
-134
-542
-630
-812
-728
-511
-299
-163
-468
-262
-561
-410
-305
-149
-18
-224
-183
-347
-258
-218
-129
40
-81
-51
-284
-296
-256
-282
39
-10
-223
-256
-217
-63
-163
-186
-102
-137
-117
-157
-241
-299
-258
-169
-114
-158
-296
-309
-215
-104
-110
-117
-67
-114
-13
125
144
120
69
161
251
350
421
387
373
371
474
553
539
517
544
575
612
634
523
517
519
519
586
474
443
482
459
464
346
322
340
225
164
125
33
11
102
59
-45
-157
-206
-130
-163
-198
-253
-272
-235
-221
-199
-314
-348
-259
-229
-262
-286
-298
-313
-260
-218
-222
-242
-272
-263
-225
-186
-155
-161
-217
-228
-184
-142
-145
-178
-185
-152
-153
-216
-229
-221
-187
-171
-191
-178
-253
-301
-256
-218
-151
-165
-195
-205
-261
-203
-150
-168
-138
-128
-129
-122
-112
-76
-31
-31
11
113
121
82
68
124
253
307
271
236
211
278
391
399
378
369
422
456
426
460
436
422
446
426
419
401
397
383
384
368
318
358
357
305
265
178
132
101
107
94
40
58
48
-1
-57
-92
-75
-73
-109
-165
-177
-142
-144
-191
-199
-156
-143
-162
-167
-172
-201
-215
-180
-170
-214
-244
-207
-164
-162
-144
-156
-180
-185
-172
-164
-165
-149
-206
-185
-125
-157
-162
-189
-209
-200
-193
-194
-247
-246
-179
-147
-165
-171
-187
-241
-197
-137
-133
-160
-196
-138
-101
-66
-28
-22
22
27
37
49
34
59
135
172
167
178
175
184
195
205
213
255
279
278
275
181
201
276
301
317
280
261
198
158
197
224
229
228
215
155
108
127
173
164
110
74
83
126
125
63
7
-2
22
55
57
11
-19
-25
-33
-38
-21
-23
-52
-55
-41
-62
-109
-68
-35
-21
-56
-131
-122
-111
-48
-37
-104
-158
-181
-108
-61
-97
-166
-173
-136
-78
-72
-148
-168
-180
-118
-86
-128
-170
-226
-175
-123
-138
-180
-217
-187
-132
-105
-122
-134
-129
-115
-121
-141
-90
-13
12
-13
-63
-60
13
59
48
55
48
46
129
142
90
84
111
162
164
137
125
119
140
151
142
117
129
188
190
143
85
55
105
144
153
130
100
121
113
135
136
53
64
120
119
104
96
64
47
51
35
9
-7
19
20
-3
-30
-58
-1
19
-7
-25
-88
-71
-20
-14
-28
-75
-98
-89
-22
12
-9
-34
-47
-9
-18
-26
-21
-22
-19
-25
9
-7
-46
-54
-60
-80
-50
-14
-24
-23
-53
-49
-40
-64
-58
-51
-54
-81
-86
-68
-32
-34
-67
-80
-85
-57
-52
-85
-126
-87
-38
-85
-85
-72
-64
-3
16
-31
-68
-53
-18
24
42
17
-10
-21
32
68
37
37
29
28
29
46
78
63
66
71
54
62
100
102
66
67
71
60
54
47
42
64
81
65
18
-29
-1
65
75
-9
-75
-51
37
90
12
-27
-14
-6
41
38
-8
-36
-20
24
42
24
27
50
52
64
33
-14
20
59
76
94
65
36
37
43
77
97
33
-34
-34
22
74
50
0
-26
-4
13
5
-5
-67
-66
-2
1
-62
-98
-36
-15
-53
-76
-114
-108
-83
-82
-110
-141
-106
-63
-55
-90
-118
-87
-76
-63
-16
10
-6
-38
-64
-61
-27
-7
-5
-20
-46
-25
13
15
2
-1
-3
2
2
-8
0
14
14
-11
-36
-25
-18
-3
16
21
12
8
40
25
-13
-30
18
94
48
-29
-33
11
57
70
-3
-44
5
36
86
91
50
30
53
82
44
35
66
109
105
73
74
94
149
120
69
101
100
124
162
84
46
68
66
99
70
45
68
47
52
29
-18
-7
19
13
-6
-40
-54
-12
-35
-73
-78
-94
-55
-24
-38
-71
-83
-75
-119
-84
-37
-86
-92
-84
-70
-63
-64
-46
-57
-50
-46
-66
-61
-63
-73
-64
-69
-74
-89
-92
-48
-37
-32
-39
-77
-66
-41
-34
-47
-37
-23
-43
-60
-20
6
-34
-43
-24
-8
4
28
10
-14
11
10
13
2
24
57
45
52
18
23
58
68
78
62
50
47
76
104
98
95
75
102
115
94
109
112
129
132
145
144
121
122
101
113
90
71
100
81
27
-11
-2
-18
19
77
43
1
-51
-38
7
-15
-27
-56
-53
-30
-10
-9
-93
-101
-66
-38
-17
-41
-75
-78
-48
-51
-62
-112
-111
-33
-34
-50
-91
-103
-47
-24
-50
-93
-99
-67
-44
-45
-77
-110
-59
9
-19
-67
-79
-64
-17
-12
-48
-62
-38
-20
-29
-27
-56
-49
-10
-1
3
-24
-29
-15
-3
0
-25
-27
0
14
32
42
16
22
28
25
23
32
75
37
35
74
60
98
96
64
64
73
120
119
129
142
110
75
85
146
124
113
87
78
148
101
90
90
62
67
33
54
50
34
50
7
5
-15
-5
32
-12
-1
13
-15
-32
-29
-15
-13
-31
-65
-57
-57
-65
-61
-57
-3
-24
-91
-88
-85
-73
-100
-104
-65
-78
-77
-89
-100
-75
-66
-75
-79
-74
-87
-81
-49
-37
-42
-27
-38
-57
-49
-78
-70
-28
-6
12
0
-20
-24
-10
-22
-46
-11
13
41
28
-7
3
-22
-5
4
-8
4
-3
28
29
20
22
26
43
26
41
51
58
101
90
57
58
91
122
104
91
107
109
93
98
110
127
120
85
66
38
35
56
66
47
39
41
8
49
34
-9
3
-23
16
20
-6
17
-12
-6
-33
-81
-51
-23
-1
-18
-19
-17
-29
-17
-54
-79
-80
-49
-6
-40
-51
-46
-49
-18
-32
-70
-45
-51
-68
-43
-55
-37
1
-35
-64
-75
-79
-25
4
-22
-48
-67
-61
-31
-29
-27
-28
-54
-33
-12
-26
-23
-29
-41
9
28
-4
-15
-39
14
38
-20
-25
-17
15
-6
-23
16
47
54
-15
-40
17
58
66
54
30
14
38
49
61
64
55
78
84
58
56
58
92
120
56
9
49
87
100
66
17
23
62
85
52
5
5
9
18
41
27
-1
0
16
28
11
-22
-45
-47
-34
-30
-21
-15
-39
-38
-39
-60
-15
-2
-48
-29
-25
-65
-52
-38
-35
-7
1
-7
-7
-17
-25
-25
-27
-25
-19
-20
-33
-35
-20
-30
-46
-18
0
-43
-63
-16
16
0
-16
-26
-59
-53
18
25
-46
-67
-33
-16
-7
6
19
34
22
-8
-31
-41
-21
11
23
11
-2
-8
20
26
-1
10
44
42
3
28
44
44
33
27
53
35
77
66
27
79
59
26
21
21
33
72
35
-5
20
29
50
2
-14
9
24
61
29
12
1
-19
16
42
31
17
-6
-7
24
23
4
-5
8
31
24
5
-26
-36
-16
-1
17
7
-14
-16
-25
-10
12
3
-12
-43
-32
0
5
-7
-63
-49
12
9
-8
-52
-69
-45
-39
-35
-41
-43
-28
-31
-58
-61
-52
-38
-44
-57
-36
-9
-12
-45
-61
-27
7
10
-19
-52
-29
28
44
9
-30
-36
13
40
3
-7
13
16
24
43
27
4
20
48
55
21
21
16
12
63
29
-5
33
40
58
55
39
23
12
49
54
22
4
-2
27
44
45
40
26
30
19
11
41
50
16
-17
-15
13
50
68
17
-20
-14
-18
2
4
24
37
3
16
-4
-37
0
31
21
2
-16
-20
-19
-30
-17
1
10
-18
-58
-65
-42
9
0
-34
-27
-15
-23
-62
-65
-33
-14
0
-5
-44
-57
-6
3
-43
-52
-35
-9
-4
-4
8
-7
-24
-14
2
-13
-13
1
-29
-18
-7
-28
-2
4
-25
-30
-20
-13
-19
-1
26
21
5
10
0
0
19
3
30
31
15
35
10
29
51
46
43
25
15
20
44
36
25
11
11
29
17
11
23
9
-2
30
29
40
40
24
33
9
20
17
17
15
-2
14
-1
7
14
-1
5
-4
9
36
28
3
7
6
-3
10
7
28
38
-19
-16
21
23
52
26
-25
-27
-16
16
2
-47
-46
-15
-5
-9
-25
-47
-25
-29
-38
-28
-24
-20
-34
-51
-67
-35
-28
-43
-35
-39
-16
-41
-55
-26
-9
-23
-42
-35
-49
-29
6
6
-25
-22
-15
-11
22
-12
-5
3
-18
14
11
15
19
11
11
12
13
14
29
21
17
25
29
44
21
9
20
16
32
36
32
9
17
34
28
43
33
44
31
-1
11
30
44
28
19
35
50
28
11
2
2
14
3
43
43
-6
15
25
-4
7
27
25
22
2
-10
-26
-17
16
22
8
-53
-53
6
16
20
-23
-45
-25
-37
-5
-15
-38
-12
-19
-34
-50
-29
2
8
3
-18
-28
-44
-40
-26
-1
36
3
-40
-18
12
33
42
0
-21
1
0
-6
-20
-22
3
7
-18
-26
-18
-9
-10
-14
-23
-47
-35
-29
-28
-9
-36
-32
