27
26
25
23
22
24
26
25
22
18
17
19
22
15
11
14
7
3
6
4
-3
-5
-9
-8
-10
-13
-16
-19
-21
-26
-33
-27
-32
-34
-32
-38
-38
-31
-35
-42
-44
-42
-41
-46
-46
-45
-46
-44
-40
-43
-43
-39
-38
-35
-33
-32
-28
-26
-24
-24
-20
-14
-7
-1
3
5
9
17
22
23
28
31
33
38
45
47
47
52
57
59
62
67
67
64
68
67
63
62
64
63
61
62
61
58
57
55
50
46
45
43
40
35
30
27
25
20
13
11
9
5
-2
-7
-9
-9
-13
-20
-28
-33
-36
-39
-45
-52
-58
-60
-59
-57
-61
-66
-71
-73
-75
-72
-72
-74
-79
-82
-82
-80
-77
-73
-68
-65
-61
-58
-55
-50
-45
-39
-34
-30
-25
-20
-11
0
9
19
28
36
43
49
55
61
70
77
83
87
91
96
103
105
107
106
104
105
106
106
103
95
89
87
84
80
74
67
61
56
51
43
37
30
24
19
15
10
5
1
-3
-10
-17
-20
-25
-30
-33
-37
-41
-44
-49
-53
-59
-62
-65
-66
-66
-69
-74
-79
-82
-86
-88
-93
-96
-97
-97
-96
-97
-99
-103
-105
-105
-104
-103
-102
-103
-103
-101
-97
-90
-87
-83
-75
-67
-56
-43
-31
-18
-6
6
19
35
50
63
78
91
104
117
126
132
136
146
153
160
162
161
159
161
163
162
158
151
144
136
126
113
102
93
89
84
73
60
46
36
30
26
19
11
1
-8
-14
-18
-22
-24
-27
-31
-35
-38
-40
-38
-37
-39
-41
-44
-44
-43
-43
-43
-45
-46
-44
-44
-46
-50
-54
-56
-57
-57
-59
-62
-64
-66
-69
-72
-77
-81
-83
-84
-82
-80
-82
-83
-83
-81
-78
-76
-74
-73
-70
-63
-56
-49
-42
-36
-28
-19
-11
-4
1
7
18
30
38
45
50
56
61
67
74
78
82
86
90
96
98
95
97
101
102
99
95
94
93
91
88
79
77
77
68
65
64
57
51
50
44
38
32
30
26
20
15
11
6
0
-1
-5
-10
-20
-26
-27
-28
-34
-40
-42
-46
-48
-52
-56
-59
-62
-67
-68
-69
-73
-74
-75
-77
-78
-83
-87
-92
-96
-94
-91
-92
-97
-101
-106
-109
-109
-106
-104
-108
-109
-106
-102
-98
-90
-79
-72
-65
-54
-38
-20
-4
12
31
53
71
86
103
121
137
152
168
179
187
194
202
208
209
212
218
218
212
206
203
198
187
174
162
151
138
124
109
94
80
64
47
30
17
7
-6
-20
-31
-41
-51
-61
-67
-72
-75
-82
-87
-94
-97
-101
-103
-105
-102
-99
-98
-99
-99
-97
-96
-96
-96
-95
-95
-95
-95
-94
-94
-97
-97
-96
-95
-97
-100
-102
-101
-102
-103
-106
-105
-102
-99
-97
-99
-97
-91
-88
-87
-85
-77
-66
-59
-54
-47
-34
-20
-11
2
19
39
58
74
89
104
118
131
144
155
167
180
192
200
202
202
203
204
202
198
189
183
179
169
157
144
133
124
111
95
81
68
56
43
28
14
4
-7
-20
-30
-39
-47
-55
-61
-68
-72
-76
-81
-85
-87
-88
-91
-92
-91
-91
-88
-86
-80
-76
-78
-81
-79
-72
-66
-65
-66
-70
-70
-73
-76
-76
-74
-77
-80
-85
-87
-89
-95
-100
-101
-97
-96
-100
-107
-108
-105
-100
-96
-90
-84
-78
-69
-59
-44
-26
-7
9
25
41
60
79
98
116
136
156
173
186
194
201
212
223
229
231
226
221
218
217
213
207
196
185
173
159
143
127
109
94
78
62
42
25
9
-5
-21
-35
-47
-59
-71
-83
-91
-95
-100
-105
-107
-112
-119
-124
-125
-123
-118
-118
-114
-111
-108
-108
-106
-102
-95
-94
-92
-88
-86
-86
-85
-84
-80
-82
-84
-87
-86
-82
-80
-83
-86
-91
-88
-81
-78
-75
-78
-74
-67
-62
-57
-54
-52
-45
-35
-24
-18
-10
0
15
26
38
55
76
93
105
121
137
149
158
169
183
199
207
211
213
215
215
214
213
213
211
208
199
189
179
170
161
149
133
116
101
87
73
56
38
20
4
-8
-21
-34
-49
-60
-72
-87
-100
-104
-104
-109
-117
-123
-125
-127
-131
-131
-126
-123
-123
-123
-116
-111
-109
-108
-104
-100
-96
-92
-89
-87
-87
-88
-87
-88
-91
-90
-90
-94
-100
-102
-101
-103
-108
-110
-107
-104
-105
-100
-97
-95
-92
-86
-72
-61
-53
-41
-24
-7
7
23
44
63
78
94
114
134
149
162
173
186
196
209
218
225
227
227
228
227
225
221
214
204
193
182
171
157
140
119
104
90
74
54
33
14
-3
-18
-31
-44
-57
-73
-90
-105
-113
-119
-128
-135
-142
-143
-142
-142
-142
-139
-135
-131
-128
-121
-112
-106
-101
-95
-88
-81
-75
-72
-67
-64
-63
-61
-57
-57
-58
-59
-56
-58
-61
-62
-62
-64
-67
-68
-64
-58
-62
-72
-80
-70
-48
-28
-27
-41
-53
-50
-29
-3
17
27
32
41
57
82
101
105
104
115
143
177
195
190
168
161
179
214
237
232
209
191
191
200
204
196
176
156
144
142
145
138
116
86
61
48
43
37
23
0
-23
-36
-41
-45
-56
-73
-92
-103
-104
-103
-105
-112
-116
-116
-112
-109
-109
-110
-109
-105
-96
-88
-82
-78
-74
-71
-67
-65
-63
-60
-55
-50
-46
-44
-48
-53
-55
-55
-55
-57
-60
-63
-62
-61
-63
-67
-72
-75
-73
-69
-62
-63
-64
-68
-67
-62
-55
-47
-42
-39
-32
-22
-10
-1
10
20
30
40
50
58
64
74
85
97
106
113
117
123
126
133
137
138
136
133
132
130
127
123
115
109
103
99
92
83
70
59
49
39
31
23
14
1
-9
-17
-21
-27
-35
-43
-50
-57
-66
-71
-70
-67
-67
-71
-75
-71
-67
-66
-65
-63
-57
-52
-47
-43
-41
-43
-43
-39
-32
-30
-30
-33
-29
-27
-32
-34
-32
-31
-33
-37
-38
-39
-40
-43
-44
-42
-42
-44
-46
-46
-45
-48
-53
-57
-55
-51
-47
-46
-46
-45
-42
-40
-37
-31
-22
-17
-12
-6
2
10
17
22
31
41
52
59
66
75
84
88
93
95
98
102
103
106
110
115
118
120
119
119
120
120
117
117
119
114
111
108
109
107
104
101
97
92
84
77
73
67
58
47
44
38
27
14
7
-3
-14
-27
-36
-42
-50
-59
-66
-75
-84
-89
-89
-91
-92
-97
-105
-112
-113
-115
-114
-109
-106
-112
-119
-118
-117
-114
-106
-102
-105
-100
-92
-90
-89
-85
-74
-67
-63
-56
-52
-45
-39
-33
-27
-25
-20
-13
-14
-14
-6
-5
-3
2
0
0
4
6
9
13
12
10
9
8
12
17
21
23
23
27
27
31
36
40
46
54
60
67
72
78
84
91
99
106
113
118
123
124
126
126
127
129
129
127
126
121
117
115
114
113
106
96
88
86
86
81
73
63
58
50
42
32
25
21
14
5
0
-11
-21
-26
-36
-43
-45
-57
-64
-64
-69
-72
-74
-82
-82
-80
-80
-82
-87
-93
-93
-90
-90
-92
-92
-92
-93
-91
-89
-85
-84
-85
-86
-84
-77
-73
-71
-70
-67
-63
-62
-63
-61
-57
-54
-52
-52
-50
-49
-48
-47
-44
-41
-38
-37
-38
-39
-44
-45
-41
-35
-35
-38
-41
-44
-45
-45
-41
-37
-35
-38
-39
-33
-25
-22
-23
-22
-20
-15
-6
5
12
16
23
30
32
36
46
62
82
88
90
89
92
97
99
101
104
108
108
103
99
96
94
90
89
87
84
80
75
73
72
70
66
62
61
60
56
50
48
48
46
43
39
37
33
30
34
37
37
30
25
26
25
23
22
22
20
16
13
8
3
0
2
0
-3
-12
-19
-22
-30
-39
-42
-43
-44
-47
-53
-58
-62
-65
-64
-61
-63
-69
-70
-66
-67
-71
-71
-64
-58
-56
-59
-62
-63
-61
-59
-55
-53
-51
-48
-47
-49
-52
-53
-51
-49
-48
-48
-48
-53
-61
-66
-67
-70
-73
-74
-72
-70
-73
-76
-75
-74
-72
-61
-49
-39
-34
-30
-23
-14
-1
14
32
50
66
76
86
94
102
115
130
146
157
161
160
160
161
164
165
167
168
169
167
159
153
146
145
141
134
126
122
119
114
107
97
84
74
69
64
58
49
41
35
28
21
13
8
1
-3
-5
-2
-5
-11
-17
-21
-27
-30
-30
-29
-28
-34
-45
-55
-63
-68
-70
-74
-77
-84
-91
-97
-105
-111
-117
-124
-127
-129
-132
-132
-137
-142
-142
-139
-135
-132
-129
-127
-124
-123
-123
-120
-116
-106
-101
-98
-99
-97
-88
-79
-76
-77
-75
-68
-61
-57
-54
-49
-46
-47
-51
-52
-50
-44
-36
-34
-38
-42
-41
-39
-41
-41
-36
-24
-11
-6
-6
-6
-1
8
22
40
58
75
92
105
109
110
114
128
144
162
174
178
173
164
162
165
170
170
167
165
163
156
149
140
135
128
124
117
111
105
97
89
82
73
64
53
41
30
22
17
15
9
2
-9
-20
-28
-31
-31
-29
-33
-40
-47
-50
-52
-50
-48
-48
-51
-56
-62
-69
-73
-71
-70
-69
-74
-83
-90
-96
-95
-92
-91
-93
-96
-97
-98
-95
-93
-89
-88
-87
-85
-83
-80
-76
-71
-66
-61
-58
-56
-54
-51
-44
-36
-26
-22
-22
-24
-24
-22
-17
-8
-2
1
3
1
0
0
2
4
5
5
3
1
-1
-1
-1
-3
-5
-8
-8
-7
-2
4
9
10
9
7
11
18
31
46
61
71
75
75
75
81
94
111
130
139
139
129
119
113
117
125
131
132
130
122
113
105
101
100
103
106
101
93
80
72
68
67
68
65
61
56
48
41
35
32
32
32
29
19
9
3
1
2
3
0
-8
-17
-25
-27
-30
-32
-36
-45
-54
-63
-69
-72
-77
-82
-89
-96
-102
-107
-108
-108
-108
-107
-106
-106
-104
-103
-104
-101
-98
-93
-88
-86
-86
-84
-80
-72
-63
-55
-53
-54
-53
-48
-39
-30
-25
-24
-24
-26
-27
-24
-21
-15
-14
-17
-23
-32
-39
-41
-41
-38
-41
-46
-54
-62
-67
-69
-70
-68
-68
-71
-74
-76
-72
-64
-56
-48
-47
-45
-41
-31
-16
2
22
40
53
59
64
69
82
102
124
142
149
145
136
131
135
146
156
160
155
146
137
132
129
127
126
123
121
114
103
91
82
80
83
83
79
70
58
49
45
41
38
33
25
17
10
5
4
4
5
4
1
-5
-10
-15
-15
-14
-14
-13
-18
-26
-35
-42
-47
-50
-51
-51
-55
-62
-73
-83
-88
-88
-86
-83
-86
-89
-93
-93
-93
-92
-90
-87
-80
-73
-71
-70
-68
-65
-63
-63
-62
-58
-52
-44
-37
-35
-35
-34
-32
-29
-26
-24
-21
-17
-13
-14
-20
-27
-31
-30
-30
-30
-35
-42
-51
-59
-66
-68
-69
-70
-71
-78
-83
-86
-82
-73
-62
-56
-55
-56
-48
-33
-15
3
21
43
58
69
76
86
97
114
140
168
183
179
168
163
168
182
197
204
197
185
179
176
174
168
162
163
168
166
158
140
121
114
120
129
125
106
89
81
78
75
69
58
46
37
34
32
26
14
6
5
6
2
-8
-19
-28
-32
-31
-29
-33
-43
-57
-65
-67
-69
-73
-80
-88
-92
-96
-101
-108
-115
-118
-118
-115
-112
-112
-115
-121
-120
-113
-103
-101
-106
-112
-109
-99
-90
-84
-82
-83
-82
-76
-67
-60
-60
-63
-60
-49
-42
-43
-47
-52
-47
-40
-35
-38
-42
-47
-48
-45
-41
-38
-46
-57
-67
-66
-59
-53
-56
-69
-80
-81
-72
-59
-51
-55
-64
-66
-56
-35
-14
1
14
26
42
59
77
88
96
104
124
155
180
181
160
141
143
165
189
202
198
181
165
157
159
167
168
158
150
153
160
160
143
122
109
114
125
133
121
94
67
54
56
66
64
50
27
10
3
1
-1
-5
-10
-14
-16
-20
-25
-32
-43
-52
-56
-51
-50
-58
-74
-88
-94
-95
-99
-106
-115
-122
-124
-123
-120
-123
-129
-134
-132
-126
-124
-124
-124
-120
-112
-103
-98
-97
-99
-101
-97
-90
-82
-76
-74
-72
-68
-62
-61
-64
-64
-58
-52
-47
-49
-51
-49
-48
-50
-52
-50
-47
-48
-53
-55
-53
-50
-51
-57
-60
-62
-61
-65
-70
-72
-63
-46
-28
-21
-31
-44
-42
-17
21
52
60
61
70
92
121
142
153
156
159
177
208
235
239
218
195
191
210
232
244
235
212
189
178
188
203
207
194
172
162
169
179
175
155
131
116
114
123
127
113
82
50
40
50
69
72
48
14
-11
-14
0
10
4
-10
-25
-31
-28
-30
-38
-50
-65
-69
-66
-59
-62
-79
-101
-114
-112
-105
-105
-114
-124
-138
-142
-136
-121
-111
-118
-133
-140
-131
-113
-98
-100
-112
-117
-110
-98
-94
-96
-100
-94
-86
-77
-69
-62
-67
-79
-81
-65
-47
-38
-46
-53
-55
-47
-43
-42
-47
-52
-58
-60
-60
-56
-54
-58
-67
-73
-71
-69
-70
-74
-76
-75
-71
-60
-42
-29
-33
-48
-49
-25
10
39
50
56
67
84
108
132
151
160
160
163
179
201
218
219
207
194
192
205
222
227
211
186
172
178
185
178
158
140
133
133
134
130
122
109
89
75
72
79
81
67
41
21
19
27
31
26
8
-16
-33
-31
-16
-5
-11
-32
-51
-60
-62
-62
-62
-65
-73
-87
-98
-100
-97
-100
-116
-137
-145
-138
-124
-119
-128
-148
-159
-154
-135
-120
-119
-125
-130
-131
-124
-117
-115
-118
-114
-106
-99
-97
-86
-75
-74
-79
-77
-69
-51
-39
-37
-40
-41
-39
-36
-31
-31
-27
-22
-25
-38
-47
-49
-45
-39
-39
-49
-58
-58
-52
-48
-47
-55
-71
-81
-73
-57
-41
-26
-20
-23
-28
-19
5
25
36
40
46
61
85
106
123
129
134
142
157
173
192
201
194
183
182
186
193
205
207
191
169
157
160
174
179
168
145
128
131
142
143
131
112
98
99
102
96
83
72
64
54
45
40
44
49
42
26
17
15
13
14
15
5
-12
-6
-3
-13
-12
-12
-11
-27
-43
-50
-48
-38
-48
-61
-66
-70
-68
-60
-60
-77
-88
-81
-66
-66
-64
-75
-85
-84
-80
-67
-75
-73
-73
-73
-55
-46
-44
-59
-60
-47
-39
-29
-24
-33
-50
-45
-21
-15
-24
-23
-26
-32
-22
-19
-32
-44
-44
-44
-46
-58
-63
-50
-69
-88
-85
-76
-53
-63
-85
-91
-97
-82
-76
-69
-62
-78
-83
-82
-58
-31
-29
-22
-10
-11
2
26
36
51
59
50
59
72
72
78
91
86
73
74
89
101
95
85
73
62
63
74
73
57
41
49
47
25
17
43
66
54
39
48
50
36
51
57
53
12
25
49
8
-32
-95
49
219
570
901
308
-732
-1135
-109
1116
901
-126
-884
-624
0
352
828
956
460
-536
-1087
-393
605
971
88
-1084
-998
-116
579
369
-215
-359
-232
95
164
116
131
-143
-494
-486
614
1439
502
-856
-1318
-515
740
1076
234
-686
-912
-802
-503
0
462
261
-696
-1469
-1165
-218
212
-299
-922
-811
-568
-570
-655
-449
-352
-905
-974
-193
850
697
-900
-1839
-919
1064
1837
846
-337
-594
-138
356
858
1511
1752
965
-35
-278
638
1742
1872
1232
341
256
677
976
1068
707
440
400
535
517
230
91
39
-25
-14
109
150
-18
-368
-658
-535
-64
261
3
-582
-866
-587
-78
167
89
-52
-151
-272
-276
10
408
504
221
-63
-47
168
336
417
429
375
262
138
41
-37
28
225
311
46
-384
-613
-505
-330
-390
-448
-558
-658
-875
-1148
-1066
-918
-695
-817
-1167
-1331
-1391
-1183
-1092
-1034
-1037
-1121
-1024
-942
-1056
-1196
-1245
-824
-79
-85
-606
-1670
-1694
357
2073
2310
70
-2290
-1378
1342
3644
3268
836
-543
-95
1497
2568
2628
2340
1823
1346
989
1187
1890
2339
1939
1043
595
817
1291
1069
334
-92
252
906
553
-381
-1092
-1135
-402
-101
-380
-891
-1376
-1544
-1493
-1146
-875
-607
-782
-1301
-1844
-1701
-513
80
289
-694
-1348
-643
-283
548
502
470
797
479
544
368
749
1388
1512
1497
961
719
845
882
1065
1098
1082
959
475
-1
-67
211
504
309
-257
-654
-939
-792
-912
-1093
-947
-1139
-1140
-1475
-1649
-1578
-1462
-1313
-1628
-1506
-1625
-1634
-1497
-1652
-1372
-1275
-1079
-1004
-1246
-1167
-1028
-595
-165
-508
-920
-1512
-922
1346
2307
1800
-846
-2554
-306
2642
4539
2684
-383
-774
522
2775
3300
2426
1817
1439
1544
1485
1586
2090
2355
2057
1147
587
976
1350
1118
443
64
626
1059
406
-723
-1445
-972
138
458
-286
-1396
-1860
-1442
-759
-643
-847
-1033
-1197
-944
-1067
-1127
-758
-824
-440
-5
138
224
-543
-767
85
1104
1798
1225
78
-332
378
1592
2191
1847
954
365
381
658
1007
1249
1208
695
-104
-651
-545
25
299
-65
-872
-1279
-1337
-1335
-1370
-1586
-1486
-1649
-1811
-2335
-2600
-2314
-2200
-1524
-1960
-2407
-2663
-2658
-1814
-1864
-1929
-2184
-1930
-1267
-958
-1401
-2205
-2686
-1290
2084
2926
1507
-2575
-4182
-48
4193
6522
3062
-1189
-1337
915
4515
4809
3460
2928
2789
2979
2229
2043
2967
4089
4240
2744
1563
1513
2101
2050
1621
1449
1883
2331
708
-985
-1701
-431
1595
1260
-395
-2427
-2677
-1394
-565
-645
-1037
-1505
-1988
-2399
-2981
-1558
113
428
-679
-3145
-2946
-954
742
1237
-360
-854
-364
257
715
356
1015
1625
1741
1181
298
595
1167
1490
1268
1134
1192
1128
161
-930
-671
145
1196
399
-1297
-2167
-2325
-1198
-952
-1146
-1431
-2284
-2645
-3330
-3086
-2220
-1829
-1844
-3476
-3840
-3578
-2546
-1650
-2352
-2772
-3331
-2325
-1737
-1960
-2973
-3816
-2086
2179
3081
1415
-4173
-5121
-776
5104
7729
3005
-1394
-2619
622
4754
5792
4593
3629
2706
2713
2079
3017
4461
5613
5138
2936
1656
2003
3065
3506
2642
2098
2298
2463
1381
-285
-766
588
2121
1837
-124
-2048
-2374
-1271
-271
-156
-822
-1517
-2000
-2442
-2916
-2517
-1091
50
253
-1225
-2538
-2956
-2448
-271
1393
2206
645
-2254
-2768
-1084
1759
3317
2625
726
-800
-941
155
2033
2964
2445
1131
-338
-1089
-578
841
1871
1425
-304
-1806
-2002
-1297
-690
-704
-1025
-1446
-2040
-2732
-3202
-2883
-1869
-1104
-1677
-3100
-4213
-4053
-2586
-1654
-1595
-2323
-3185
-3325
-3045
-1784
-1153
-1668
-2926
-4177
-1706
1851
2987
574
-4520
-4738
108
5466
6751
1471
-2761
-2077
1890
5366
5098
3698
2217
2197
2454
2006
3619
4772
5270
4118
1587
1397
2552
4413
4094
2280
1792
2220
2853
1668
255
140
1384
2549
1445
-577
-1608
-831
472
587
-304
-978
-1035
-1324
-1830
-2039
-1378
-661
-427
-201
-1189
-2003
-2310
-2147
-287
903
1459
433
-2078
-2568
-982
1726
2973
2024
142
-1475
-933
198
1665
2575
1623
562
-1156
-1639
-359
973
1975
879
-936
-2057
-2100
-1097
-485
-463
-909
-1557
-2239
-2726
-2745
-2223
-1465
-1281
-1829
-2859
-3442
-2939
-2304
-2047
-2079
-2080
-2058
-2587
-3168
-3156
-1491
-606
-939
-2461
-4354
-3940
-513
3486
2218
-1458
-5979
-4403
1208
5855
5233
-405
-3320
-1531
2847
4989
4011
2026
1988
2492
2774
2496
2916
3982
4775
3823
2013
1877
3421
4178
3009
1617
2254
3872
3976
2016
-169
-255
2058
3693
2686
198
-1492
-614
1199
1261
110
-461
-473
-508
-1253
-1848
-962
-309
-402
-1493
-1784
-493
-177
-700
-2279
-2307
135
2154
2000
-1178
-3169
-1541
1450
2945
1654
-293
-1080
-310
538
807
1362
1670
1351
-664
-2135
-999
973
2369
733
-1580
-2261
-1559
28
187
-622
-1475
-2161
-1763
-1785
-2081
-1982
-1547
-1034
-1830
-2947
-3328
-2459
-1561
-1135
-2878
-2580
-2847
-2311
-2950
-3107
-1496
-1295
-1330
-2823
-4336
-3631
-1815
1961
1650
-854
-3827
-5705
-1240
2476
4782
1580
-2077
-2608
-349
3320
3298
2362
1903
2615
3036
1814
1370
2528
4205
5584
3773
2238
1556
2029
3267
3458
3505
3380
3250
2460
702
353
1598
3598
3759
1593
-438
-895
559
1746
1659
1026
132
-493
-1141
-1609
-1492
-197
751
32
-1443
-3227
-2189
703
1396
311
-1944
-2449
-540
1224
1645
-445
-1523
-474
623
978
263
510
389
128
-130
-177
1116
1113
574
-692
-1355
-316
470
764
-496
-1567
-1292
-888
-1060
-1153
-968
-1400
-1740
-2151
-2535
-2084
-1191
-787
-1586
-2575
-2654
-2007
-1287
-1647
-2549
-2426
-1673
-1933
-2295
-2362
-2548
-1655
-1290
-1715
-2723
-3361
-3095
-2293
344
1074
380
-2721
-5087
-2828
1213
4585
2318
-1434
-3146
-791
2476
3377
2010
1542
1956
2652
1806
1820
2263
3765
4717
3228
2390
2360
2970
3725
3178
2931
2958
3385
2996
1825
1473
1998
3055
3236
2058
722
491
1304
1632
1363
732
496
506
-177
-550
-1018
-342
74
57
-1103
-1719
-267
-468
-286
-1721
-1552
-344
877
483
-1379
-1814
-315
904
1054
-297
-632
-639
74
427
226
556
449
174
-246
-720
-348
532
878
-134
-845
-1296
-991
-417
-706
-1066
-1827
-997
-775
-1808
-1986
-2311
-1659
-1183
-1479
-1691
-2342
-2165
-2535
-2244
-1355
-1597
-1392
-3179
-2964
-3090
-1931
-1073
-1889
-2243
-3113
-2367
-2223
-2366
-2262
-921
556
319
-2098
-4231
-2119
1184
3483
1818
-1305
-2254
538
2782
2928
1898
1442
2863
3912
2777
1453
1913
4002
5326
4362
2308
1684
2852
4077
3857
2964
2770
3115
2916
1829
1089
1809
3088
3109
1712
151
189
1150
1807
1277
287
-25
-96
-268
-731
-876
-665
-39
-319
-1051
-2582
-1880
-1874
227
921
-737
-1652
-3513
-2029
-48
1808
1267
-1135
-2196
-1816
58
1693
1520
611
-590
-425
-464
178
1213
831
608
-427
-1260
-361
543
210
-611
-760
-1338
-1431
-787
-692
-1010
-1253
-1070
-1717
-1947
-1948
-2427
-595
238
-1353
-2694
-3331
-2690
-1673
-979
-1576
-2732
-2445
-1678
-1831
-2592
-2323
-2065
-1904
-1021
-2104
-3697
-3705
-1565
1229
1683
-687
-4664
-4387
-523
3578
4835
680
-2689
-2384
1251
4180
3834
2560
1491
2053
2446
2549
3192
4112
4768
4055
2865
2302
2986
3954
3992
3183
2706
3194
3474
2637
1342
1234
2553
3539
2714
851
-216
208
1300
1665
997
180
-335
-552
-842
-992
-619
-374
-250
-820
-2030
-2389
-1844
-1282
-73
487
-923
-1873
-2879
-2445
-25
1855
1776
-1094
-2716
-2363
-226
1749
1689
903
-997
-1079
-517
124
1089
1077
930
-481
-1545
-1445
-457
680
377
-703
-1698
-1848
-1349
-791
-684
-1104
-1675
-2183
-2278
-1916
-1217
-806
-1272
-2317
-3236
-2619
-1237
-649
-1247
-2772
-3551
-3166
-1589
-608
-798
-2280
-3810
-2723
-1768
-1058
-1408
-1726
-389
153
157
-1740
-2316
-119
1919
2951
1387
-518
-649
1486
3296
2464
2241
2505
3021
2961
1871
2269
3288
4884
4394
2466
2052
2434
3888
3571
2679
2493
2737
3160
2022
1475
1641
2263
2732
1902
690
-6
502
1137
1092
610
50
-255
-644
-980
-1160
-619
-163
-813
-1537
-2298
-1942
-1420
-1301
-1422
-1263
85
-651
-1736
-2716
-2302
461
1986
1626
-1493
-3047
-1659
1111
2587
1271
140
-931
-353
-13
99
1152
1435
1446
-479
-2304
-1901
219
1982
555
-1341
-2522
-2368
-528
-251
-792
-1463
-2037
-2046
-2042
-1667
-1301
-1192
-1240
-2359
-3166
-2227
-1195
-1236
-1406
-1685
-1950
-1349
-2627
-2246
-2280
-1083
-316
-823
-2190
-3663
-2563
-479
2390
1890
-884
-3750
-3028
805
4016
3750
444
-2097
-1019
2250
4228
3581
1649
906
2129
3033
3192
3195
3065
3065
3164
2872
2576
2822
3044
2707
2453
2710
2852
2451
1760
1078
1080
1954
2578
1905
529
-237
165
1084
1354
732
-156
-558
-598
-593
-759
-549
-575
-790
-1245
-1848
-1626
-1251
-1186
-1506
-1667
-445
120
-942
-1812
-2808
-673
1018
2023
-213
-2114
-2131
-188
1849
1161
505
-358
-731
0
-197
576
728
482
276
-1125
-1325
-337
564
467
-851
-1542
-1559
-973
-898
-1367
-1322
-813
-336
-1149
-2647
-3075
-1679
158
157
-1825
-3608
-3464
-1762
-285
23
-1354
-2651
-3082
-2652
-1494
-289
-56
-1481
-2501
-3245
-2344
57
2414
786
-1386
-3638
-2161
1305
3475
2886
-202
-1579
-224
2285
3690
2655
1266
1310
2592
3005
2851
2621
2703
3251
3306
2700
2370
2676
2997
2707
2106
2224
2859
2721
1619
653
1000
2120
2454
1558
252
-390
150
1156
1258
274
-586
-676
-579
-654
-697
-653
-654
-901
-1470
-1921
-1711
-1118
-881
-1139
-1405
-1353
-1201
-1283
-1386
-986
-231
22
-560
-1231
-1037
6
859
679
-133
-540
-150
526
778
399
32
204
296
-230
-611
-172
326
176
-508
-1078
-1165
-844
-549
-772
-943
-935
-995
-1367
-1720
-1821
-1387
-805
-1187
-1537
-2050
-1747
-1323
-1303
-1194
-2232
-1702
-1262
-1518
-1680
-1977
-1273
-1007
-576
-1596
-2361
-1902
-1492
645
1359
-257
-1866
-1979
-579
1581
2848
1480
-335
-655
646
2317
2805
2377
2173
2277
2108
2041
2503
3364
3943
3585
2373
1512
2156
3372
3440
2412
1705
1957
2325
1941
1157
932
1544
2021
1593
472
-309
-120
638
977
321
-551
-1063
-931
-820
-689
-621
-766
-813
-1710
-2035
-1758
-1007
-776
-1530
-1903
-2059
-69
-294
-1045
-1551
-2107
-156
969
1326
-768
-1402
-969
783
1542
873
443
146
225
445
131
962
1049
849
-325
-1112
-471
512
848
126
-979
-1537
-1194
-767
-701
-964
-1312
-912
-1157
-2327
-2283
-1253
-676
-683
-1770
-2930
-2530
-1692
-944
-453
-1358
-2500
-2767
-2037
-1079
-917
-1396
-1981
-1928
-2034
-1489
305
824
-278
-2091
-2412
-162
2007
2508
862
-831
-512
1120
2523
2244
2003
2373
2914
2567
1105
1561
3237
4647
4414
2162
716
1484
3616
4157
2769
1470
1431
2465
2251
1249
933
1302
2127
1745
469
-429
-240
966
1131
231
-552
-721
-443
-610
-991
-1007
-515
-486
-1385
-2242
-2306
-1202
-481
-919
-1818
-2120
-948
-392
-885
-1449
-1397
-212
573
332
-700
-1128
12
1209
1164
298
4
460
803
575
341
630
1023
772
-175
-682
-74
823
803
-174
-1225
-1307
-474
-79
-614
-1488
-1844
-1607
-1153
-966
-1115
-1162
-1064
-1501
-2411
-2037
-1369
-619
-471
-2780
-3813
-1784
291
-497
-2142
-2809
-2613
-906
-588
-1907
-2515
-798
1143
790
-1081
-3225
-1840
1627
3200
2114
-636
-1562
283
2720
2916
1721
1672
2346
2881
2071
1213
2361
4102
4754
3139
1075
1056
2425
3765
3368
1942
1306
1629
2017
1536
909
1183
2037
2101
896
-442
-516
596
1411
1024
-127
-905
-876
-620
-601
-719
-627
-519
-962
-1777
-2170
-1618
-752
-551
-1155
-1613
-1442
-1090
-992
-1226
-671
168
380
-320
-1421
-900
473
1436
1062
-223
-371
319
1099
1064
483
429
722
778
218
-327
-116
647
880
190
-760
-1104
-752
-413
-405
-639
-905
-1378
-1814
-1748
-1114
-589
-919
-1834
-2602
-2190
-1266
-913
-1477
-2242
-2005
-1742
-1133
-1654
-2285
-2292
-1434
-763
-2025
-2399
-2237
683
877
-599
-2710
-2834
369
3143
2742
-726
-2299
-976
2649
3908
2052
206
850
2982
3427
1720
1206
2408
4302
3997
1919
594
1727
3719
3713
2384
1057
1402
2597
2204
1096
756
1568
2356
1616
-96
-644
512
1866
1434
-269
-998
-613
4
-159
-1187
-1311
-447
-361
-1276
-2165
-1991
-810
-281
-1031
-1938
-1818
-890
-490
-879
-1209
-887
-105
428
-78
-922
-663
667
1515
876
176
9
595
1457
1170
586
394
895
945
194
160
513
900
402
-860
-1344
-807
319
360
-803
-1743
-2033
-1228
-326
-752
-2018
-2150
-1428
-1115
-1282
-2149
-1838
-1508
-2056
-2235
-2246
-1615
-1447
-2001
-2598
-2316
-1976
-1674
-2016
-2322
18
821
-411
-2760
-3645
-677
2420
3349
263
-2482
-1871
1332
4105
2700
744
487
2023
3254
2559
1901
2293
3609
4038
2631
1309
1850
3055
3578
2968
1746
1621
2094
1937
1411
1274
1816
2211
1421
-27
-514
508
1735
1478
-36
-1065
-749
43
63
-670
-1018
-575
-273
-888
-1907
-2067
-1191
-538
-773
-1486
-1860
-1290
-728
-924
-885
-429
-121
-148
-763
-1019
25
1166
1250
525
-184
-68
737
1393
1325
689
382
613
614
332
366
666
760
318
-475
-847
-483
63
-82
-1082
-1826
-1481
-754
-641
-1368
-2276
-2030
-1219
-1399
-2069
-2165
-2036
-1941
-1892
-2542
-2317
-1435
-1435
-2028
-2407
-2491
-1920
-1216
-1991
-3184
-1353
927
322
-1880
-3836
-1637
1341
3269
740
-2070
-2121
953
3526
2982
1241
595
1677
2987
2387
1940
2432
3744
3843
2271
1399
1837
3269
3543
2557
1939
1927
2446
2044
1304
1208
1944
2607
1840
258
-559
324
1774
1994
637
-833
-921
-90
253
-427
-1080
-765
-299
-779
-1926
-2165
-1131
-136
-499
-1765
-2148
-1493
-285
-122
-844
-1320
-1188
5
367
102
-458
-438
397
563
569
237
582
863
778
635
364
806
783
776
420
55
268
152
185
-318
-582
-289
-427
-842
-1475
-1357
-827
-746
-1492
-2345
-1920
-1433
-876
-1081
-2356
-2590
-2603
-2061
-1249
-1665
-2376
-2506
-2084
-2070
-1936
-1660
-2784
-2839
-2252
-171
1183
-250
-2706
-4546
-1026
2364
3575
672
-2650
-2324
1025
3642
2919
872
894
1820
2833
1784
1358
2655
3909
3827
2305
1056
1495
3248
4266
3327
1713
1290
2071
2544
2160
1549
1833
2453
2057
708
-190
276
1596
2214
1046
-752
-1095
-28
581
44
-692
-828
-544
-693
-1482
-1852
-1173
-378
-333
-902
-1701
-2016
-1207
-32
297
-151
-707
-1002
-688
84
528
565
625
410
-77
10
769
1334
1207
653
173
74
438
878
1000
803
103
-623
-622
-301
-14
73
-440
-983
-1223
-1632
-1505
-898
-822
-1380
-2261
-2522
-1859
-1269
-1611
-2007
-2199
-2214
-2139
-2291
-2181
-2504
-2224
-1835
-1831
-2300
-3102
-2688
-2037
153
980
-721
-2826
-4306
-1342
2218
2988
887
-2116
-2116
315
3263
3018
1057
963
2102
3196
2045
1136
2220
3736
4854
2976
848
1354
2956
4416
3762
2058
1428
2197
2635
1780
1399
2031
2797
2301
699
-376
195
1785
2314
1074
-431
-695
-98
277
-47
-437
-205
-26
-783
-1842
-1913
-995
-116
-119
-1091
-2103
-2071
-1167
-412
-205
-290
-503
-829
-1103
-958
-174
800
1024
183
-828
-826
306
1487
1614
770
-34
-65
398
706
721
677
553
93
-546
-861
-439
171
65
-816
-1584
-1468
-1014
-842
-1214
-1726
-1892
-1599
-1802
-2446
-1996
-1437
-1434
-2446
-3007
-2232
-1412
-913
-2731
-3766
-2369
-1037
-549
-2460
-4084
-2404
1099
2016
-1194
-4423
-4015
190
4077
3305
-1149
-3698
-1293
2922
4245
2124
223
838
2625
2960
1763
1688
3381
4464
3516
1682
1073
2472
4059
3912
2559
1780
2184
2608
2123
1496
1754
2570
2575
1202
-160
51
1425
2261
1551
31
-699
-297
109
-112
-420
-331
-205
-626
-1413
-1857
-1471
-430
11
-1091
-2399
-2178
-928
-195
-563
-1331
-1234
-300
25
-613
-1076
-619
393
954
492
-332
-368
561
1266
902
284
289
599
643
411
257
384
688
613
-195
-850
-693
-270
-38
-408
-1195
-1436
-1291
-1185
-1071
-1458
-2094
-2249
-2058
-1635
-1343
-1736
-2366
-2750
-2588
-1787
-1085
-1587
-3141
-3590
-2161
-587
-741
-2766
-4219
-1987
1763
1711
-1812
-4858
-3540
1311
4504
2548
-2388
-3651
-566
3388
4143
1245
-396
1060
3527
3085
1223
1263
2867
4692
4093
1700
561
2033
4168
4433
2909
1437
1700
2518
2410
1838
1811
2325
2313
1285
183
288
1421
2123
1351
-101
-655
-143
276
-24
-392
-201
18
-472
-1511
-1971
-1243
-209
-69
-1098
-2175
-2194
-1179
-431
-648
-1176
-1157
-565
-558
-736
-832
-342
419
397
138
-541
-266
461
789
781
159
267
264
383
500
403
654
419
134
-295
-508
-373
-338
-472
-849
-1023
-947
-922
-1339
-1577
-1382
-1329
-1377
-1715
-2080
-1799
-1590
-2010
-2211
-2169
-1956
-1687
-1896
-2217
-2349
-2083
-1512
-1422
-2238
-3086
-2520
-63
1427
-577
-3149
-3400
-605
2676
2808
-189
-2855
-1275
1983
3536
2231
-124
434
2854
3972
1899
239
1829
4276
5227
3110
372
409
3085
5067
4156
1779
541
1686
3100
2856
1816
1586
2170
2186
1196
312
574
1566
2077
1269
-229
-874
-275
464
406
-158
-574
-762
-1045
-1475
-1518
-878
-313
-696
-1727
-2214
-1641
-698
-512
-1089
-1278
-777
-402
-793
-1199
-834
194
797
275
-695
-1021
24
946
1116
544
-13
261
293
497
341
490
734
285
-21
-642
-396
25
152
-116
-954
-1166
-1063
-807
-995
-1379
-1539
-1381
-1597
-2072
-1923
-1652
-1205
-1672
-2425
-2558
-1898
-858
-1300
-2239
-2636
-2157
-1282
-1104
-1518
-2345
-2763
-1549
242
543
-706
-2869
-2898
18
2510
2505
-202
-2200
-959
2263
3782
2014
575
1246
2592
2708
1777
1637
2727
3917
3547
1856
952
2143
3975
4128
2586
1333
1643
2473
2391
1609
1417
2081
2349
1366
33
-80
1208
2330
1724
-133
-1220
-588
579
758
-70
-824
-873
-667
-860
-1229
-1130
-656
-553
-1121
-1808
-1866
-1260
-719
-736
-987
-1046
-985
-959
-885
-637
-199
220
194
-348
-636
-47
803
935
405
60
192
292
181
201
500
804
573
-126
-569
-421
213
588
-82
-1081
-1401
-955
-404
-732
-1408
-1449
-1398
-1347
-1233
-1759
-2200
-1763
-1387
-1562
-1979
-2353
-2183
-1479
-1115
-1644
-2349
-2291
-1604
-1061
-1012
-1713
-2682
-2075
65
1081
-343
-2256
-2701
-996
1812
2943
1094
-1867
-1976
803
3450
3263
863
214
1593
3335
2884
1332
1609
2988
4210
3250
1405
821
2220
4095
3652
1989
874
1444
2380
2109
1653
1577
1806
1705
796
21
611
1752
1972
854
-649
-879
33
678
302
-583
-924
-655
-615
-1073
-1422
-1075
-357
-375
-1393
-2213
-1778
-639
-187
-778
-1448
-1378
-775
-309
-352
-589
-456
26
309
-32
-508
-184
563
729
397
40
31
417
654
584
391
173
125
76
-50
-9
23
-133
-514
-879
-773
-612
-828
-1089
-1430
-1681
-1451
-1365
-1645
-1569
-1339
-1427
-1617
-1959
-2211
-1683
-978
-1258
-2049
-2149
-1607
-1234
-1083
-1372
-1929
-1612
-1305
-1658
-843
709
434
-1170
-2312
-1825
732
2711
1867
-802
-1639
365
2534
3231
1483
71
1482
3396
3073
1156
1061
2726
4146
3858
1567
257
1810
4024
4152
2269
539
919
2536
2890
1623
556
999
1932
1725
530
-149
518
1543
1407
141
-813
-543
282
497
-165
-834
-873
-707
-867
-1282
-1282
-882
-703
-1240
-1904
-1877
-1191
-448
-669
-1109
-1362
-984
-361
-404
-335
-526
-223
-36
-158
-6
-67
485
561
388
124
-57
532
736
638
208
33
301
327
176
-103
-45
46
-101
-440
-752
-584
-597
-569
-817
-1372
-1362
-1382
-1220
-1216
-1254
-1324
-1564
-1304
-1622
-2032
-1570
-981
-975
-1270
-1786
-2172
-1509
-926
-684
-971
-1846
-2068
-1976
-465
1319
629
-1264
-2983
-1912
1665
3561
1815
-1605
-2070
546
3476
3438
611
-374
1355
3470
3093
975
587
2450
4227
3594
1275
132
1614
3693
3764
1933
533
1050
2170
2160
1200
803
1362
1651
903
-90
-79
1008
1865
1246
-336
-1080
-259
723
405
-631
-933
-428
-253
-901
-1573
-1337
-484
-241
-1106
-2100
-2072
-1079
-198
-263
-1034
-1567
-1273
-521
-41
-74
-338
-412
-189
85
224
206
146
233
442
565
356
14
84
441
693
686
182
-280
-81
260
430
196
-698
-1149
-527
15
-151
-711
-1340
-1372
-743
-516
-1101
-1552
-1497
-1303
-1069
-1257
-1705
-1415
-782
-968
-1389
-1524
-1632
-1456
-1072
-865
-1078
-952
-949
-2013
-2193
-1193
156
1548
801
-1720
-3449
-1836
1796
2917
1651
-1066
-2297
49
2822
3025
750
177
1465
2608
2326
769
855
2563
4032
2845
747
308
1551
3497
3257
1546
563
1142
2142
1807
1010
976
1483
1555
907
1
10
1082
1627
791
-427
-625
77
544
62
-769
-805
-277
-352
-1075
-1459
-1182
-720
-654
-1191
-1794
-1661
-983
-723
-1032
-1165
-896
-747
-912
-979
-625
21
375
-85
-841
-668
451
1075
515
-237
-169
463
786
526
244
436
725
493
-37
-86
496
917
464
-456
-782
-163
479
254
-629
-1153
-862
-382
-453
-1038
-1321
-1081
-726
-926
-1376
-1459
-1083
-609
-899
-1389
-1702
-1314
-826
-784
-1101
-1789
-1408
-986
-451
-835
-2013
-1842
-1122
420
832
-173
-1902
-2514
-274
1700
2233
414
-1606
-1165
868
2983
2243
365
181
1224
2428
2092
1239
1384
2423
3062
2078
988
835
2154
3288
2455
1164
568
1263
1999
1778
1287
1056
1382
1389
594
-46
337
1312
1686
621
-747
-752
128
677
320
-567
-1034
-867
-652
-754
-946
-886
-758
-980
-1425
-1606
-1304
-837
-717
-927
-976
-765
-752
-994
-910
-318
188
107
-426
-825
-447
596
1154
615
-165
-136
581
992
803
626
673
747
636
282
261
746
1007
674
-84
-659
-303
530
588
-274
-920
-837
-616
-474
-574
-1039
-1094
-823
-1088
-1391
-1265
-956
-639
-1030
-1992
-2134
-1231
-551
-671
-1311
-1852
-1942
-1573
-515
31
-873
-2242
-2732
-1797
651
1954
-257
-2788
-3234
-710
2408
2719
361
-2661
-1712
1387
2999
2322
-187
-302
1889
3188
1865
97
885
2843
3796
2557
295
-78
1992
3621
2988
1156
233
1178
2133
1805
1148
1126
1484
1284
437
61
739
1582
1478
337
-686
-556
330
730
128
-683
-824
-494
-476
-961
-1302
-977
-461
-635
-1482
-1970
-1425
-561
-496
-1116
-1417
-1108
-761
-657
-643
-613
-483
-273
-251
-388
-240
184
410
325
209
235
400
578
640
698
840
836
576
334
365
633
858
658
91
-191
96
395
236
-123
-371
-533
-609
-526
-459
-610
-782
-811
-991
-1447
-1456
-800
-472
-1109
-1862
-1732
-1304
-1211
-1288
-1202
-1189
-1294
-1439
-1577
-1409
-1151
-524
-754
-1993
-2661
-1421
1296
1401
-925
-3035
-2666
479
2933
2157
-1489
-2876
-534
2514
3324
838
-717
693
2577
2430
978
585
1926
3615
3268
1273
130
1262
3344
3726
2008
492
880
2068
2312
1602
1213
1518
1658
1102
359
333
1103
1641
974
-360
-805
19
741
345
-492
-756
-532
-432
-661
-1026
-1111
-688
-385
-961
-1872
-1903
-1062
-481
-776
-1458
-1666
-1154
-542
-463
-714
-741
-504
-301
-203
-93
39
173
283
301
251
264
367
483
644
811
851
703
518
389
493
942
1002
486
-7
-9
267
407
433
-26
-483
-530
-490
-348
-538
-792
-751
-995
-1263
-1102
-983
-752
-778
-1295
-1561
-1578
-1018
-673
-835
-1302
-1913
-1714
-917
-163
-654
-1575
-1911
-1497
-436
-485
-1466
-1778
-278
851
43
-1422
-2533
-1086
1462
2186
759
-1509
-1558
474
2260
2143
617
449
1385
1934
1506
970
1710
2680
2859
1704
577
1115
2502
3201
2301
1065
842
1550
2089
1808
1454
1444
1465
1125
629
420
751
1273
1203
431
-305
-343
84
349
143
-271
-533
-673
-886
-1053
-846
-493
-537
-1172
-1779
-1697
-1037
-686
-1106
-1555
-1480
-1061
-1091
-1197
-833
-513
-460
-856
-1019
-711
14
566
40
-496
-333
369
719
457
299
363
763
862
413
273
597
1274
1191
467
-40
-24
724
869
457
-214
-227
53
85
-268
-375
-387
-354
-618
-973
-968
-503
-224
-709
-1318
-1364
-999
-685
-821
-1106
-1231
-1074
-1158
-1126
-996
-1023
-1206
-923
-1038
-952
-1575
-1655
-886
-805
-897
-921
-170
-614
-1013
-1512
-996
374
1156
665
-813
-1225
111
1660
1757
647
306
1373
1976
1459
746
1474
2556
3093
2017
663
671
2446
3518
2522
884
644
1656
2353
1929
1248
1186
1512
1362
812
407
629
1216
1370
649
-375
-418
214
513
132
-496
-561
-574
-648
-944
-1140
-841
-700
-904
-1604
-1855
-1369
-860
-787
-1396
-1719
-1518
-1144
-977
-1085
-886
-773
-791
-792
-894
-604
-6
465
183
-515
-436
239
804
792
451
403
586
697
655
712
993
1260
1077
465
160
520
1139
1128
389
-80
138
425
317
174
-109
-264
-6
-270
-702
-635
-355
-196
-494
-933
-1300
-1134
-440
-378
-893
-1406
-1256
-976
-1063
-873
-913
-903
-1104
-1367
-1509
-1386
-516
-298
-772
-1786
-2033
-1219
-139
884
73
-1346
-2148
-1431
662
1823
1138
-840
-1458
-64
1666
2132
1036
328
796
1810
2194
1491
1194
1782
2442
2547
1714
1024
1517
2534
2757
1922
1099
852
1357
1874
1638
1250
989
995
779
274
346
764
994
533
-381
-758
-339
225
100
-610
-1142
-1044
-727
-810
-1280
-1508
-1311
-1192
-1342
-1618
-1735
-1538
-1217
-1181
-1426
-1555
-1323
-1033
-1024
-1052
-1055
-682
-340
-461
-524
-475
16
372
339
414
313
332
638
921
969
999
1045
947
959
1081
1278
1385
1158
830
698
828
1042
1039
744
433
258
262
375
231
57
-12
-296
-571
-615
-489
-437
-526
-899
-1135
-903
-847
-944
-1239
-1314
-1122
-1294
-1300
-1287
-1242
-1111
-1273
-1224
-1264
-1396
-1025
-720
-931
-1365
-1345
-935
-670
-562
-1101
-1392
-404
365
22
-851
-1048
28
1067
1193
436
-265
234
1231
1935
1787
1132
1083
1446
1875
1877
1750
1998
2040
1811
1477
1428
1748
2019
1971
1418
964
1059
1351
1256
869
762
707
685
428
-20
7
280
525
80
-695
-877
-635
-243
-400
-953
-1291
-1288
-1126
-1142
-1254
-1279
-1179
-1214
-1437
-1641
-1521
-1134
-889
-1022
-1260
-1209
-916
-582
-584
-579
-400
-236
-110
-306
-197
246
684
877
493
311
485
912
1319
1202
1051
892
909
1128
1205
1370
1278
1108
949
718
808
959
1004
733
338
216
217
195
144
43
-236
-447
-478
-560
-778
-832
-690
-742
-1022
-1212
-1311
-1363
-1022
-902
-1137
-1299
-1536
-1335
-981
-962
-1128
-1141
-1032
-1129
-862
-593
-922
-860
-656
-701
-941
-955
-527
-272
-8
-495
-1020
-433
583
514
-18
-757
-335
764
1827
1289
-176
-193
897
2156
2032
1135
593
1177
2004
2018
1313
1194
1475
1831
1617
1033
705
1206
1661
1305
742
440
677
809
767
368
333
354
462
17
-192
-133
241
108
-343
-840
-729
-361
-227
-607
-954
-978
-712
-713
-997
-1197
-1072
-780
-766
-1053
-1221
-1007
-609
-388
-742
-917
-920
-97
217
5
-497
-795
-36
526
841
433
102
48
451
1017
1045
890
524
427
914
1080
1086
792
579
671
762
812
596
548
488
493
386
47
46
47
210
149
-287
-544
-553
-367
-226
-441
-821
-990
-952
-747
-838
-975
-1004
-1053
-818
-841
-1016
-1094
-1016
-755
-750
-826
-1041
-993
-549
-563
-698
-760
-679
-614
-536
-267
-502
-611
-641
-478
-135
-179
-351
-734
-177
560
548
-7
-746
-259
791
1531
1113
-47
-201
677
1796
1604
635
557
1135
1709
1399
796
892
1442
1895
1389
609
538
1210
1740
1240
564
431
854
1059
631
350
454
616
554
201
-172
-72
316
340
-139
-614
-560
-223
-174
-497
-764
-690
-563
-712
-961
-978
-782
-686
-840
-1060
-1049
-813
-647
-752
-974
-927
-591
-318
-403
-615
-596
-278
32
-27
-126
-100
102
255
255
302
335
612
663
510
489
464
757
951
832
558
340
520
781
830
655
378
322
484
424
205
122
116
144
47
-199
-304
-192
-132
-367
-629
-597
-476
-539
-657
-679
-732
-624
-611
-915
-935
-705
-538
-687
-981
-943
-771
-496
-483
-841
-980
-679
-567
-667
-713
-676
-527
-541
-513
-790
-541
-345
-313
-431
-66
118
-189
-337
-357
294
810
964
297
-188
404
1286
1566
1025
419
777
1458
1743
1181
708
1027
1754
1908
1153
552
777
1652
1762
1120
388
578
1020
1269
909
465
363
662
692
287
14
192
409
232
-238
-516
-398
-117
-144
-525
-858
-820
-683
-642
-877
-1063
-963
-908
-916
-1124
-1182
-942
-820
-841
-956
-1005
-920
-792
-743
-555
-410
-454
-484
-557
-333
113
425
286
-118
-42
388
711
777
688
548
589
838
890
819
865
948
915
794
695
715
860
923
739
438
296
379
463
368
241
197
106
-53
-204
-225
-65
-27
-312
-644
-751
-604
-394
-477
-828
-1017
-939
-815
-749
-820
-1003
-989
-777
-815
-1065
-1034
-775
-669
-720
-904
-1093
-896
-525
-525
-737
-864
-863
-601
-294
-410
-721
-533
47
207
-154
-406
-238
329
949
906
255
28
631
1286
1342
1023
864
1050
1312
1325
1188
1256
1473
1460
1219
1061
1142
1384
1447
1114
751
767
1013
1047
768
513
480
539
512
289
68
95
176
48
-252
-500
-461
-310
-352
-579
-809
-817
-704
-738
-916
-1014
-937
-810
-900
-1147
-1219
-1041
-608
-500
-856
-1138
-1043
-563
-291
-292
-517
-692
-398
-25
110
-38
3
150
127
222
281
450
648
617
528
347
426
807
914
785
609
559
724
817
728
632
685
688
542
385
284
385
498
430
110
-153
-66
32
47
-145
-370
-428
-453
-387
-513
-701
-650
-594
-668
-765
-822
-871
-774
-633
-756
-1005
-952
-696
-612
-687
-793
-879
-895
-759
-626
-628
-598
-556
-685
-692
-464
-432
-392
-250
-218
-266
-266
-78
75
240
334
180
198
363
556
747
845
849
714
816
1013
1097
1153
1051
1031
1013
1113
1194
1105
1083
947
958
967
896
843
755
734
642
603
572
458
294
213
226
202
117
-60
-152
-171
-137
-188
-360
-460
-531
-514
-502
-554
-669
-756
-695
-728
-758
-718
-752
-748
-727
-647
-602
-668
-632
-498
-381
-385
-369
-305
-218
-119
-132
-114
-77
-43
41
104
92
126
217
250
271
250
349
435
445
480
392
353
429
479
407
353
390
326
279
254
234
242
189
111
6
-41
-40
-95
-134
-197
-243
-267
-199
-183
-378
-487
-504
-384
-314
-550
-714
-648
-536
-445
-481
-667
-711
-555
-326
-385
-573
-548
-511
-348
-295
-359
-424
-374
-195
-202
-156
-269
-273
29
107
10
-36
198
348
287
283
293
449
599
505
387
531
767
771
668
615
683
930
1041
833
639
605
760
898
816
601
482
606
665
614
462
423
378
381
310
157
79
77
106
0
-101
-167
-135
-155
-258
-364
-366
-306
-317
-415
-540
-559
-444
-406
-477
-590
-595
-529
-472
-444
-528
-528
-388
-350
-435
-497
-382
-240
-190
-188
-256
-133
-64
22
38
33
73
106
143
90
112
284
309
246
115
226
343
376
277
181
184
284
332
244
155
96
133
107
82
15
-45
-70
-95
-135
-158
-129
-130
-177
-237
-328
-370
-220
-254
-395
-536
-396
-297
-389
-446
-434
-317
-343
-334
-470
-407
-287
-298
-311
-292
-308
-214
-89
-63
-178
-208
-95
-75
40
90
143
40
-16
94
233
314
225
196
252
354
398
497
512
517
525
480
461
527
565
540
529
457
467
431
531
567
503
354
254
336
413
431
311
220
130
118
103
143
125
83
5
-100
-131
-106
-109
-172
-135
-238
-313
-311
-222
-222
-229
-344
-400
-405
-276
-225
-293
-338
-333
-311
-258
-303
-317
-235
-209
-167
-193
-193
-199
-117
-29
-5
-52
-69
-21
15
53
114
129
96
22
97
69
174
221
135
104
79
140
207
235
125
29
16
100
112
40
-46
-59
11
41
-88
-221
-193
-109
-85
-126
-247
-320
-257
-166
-154
-240
-303
-342
-339
-312
-322
-245
-239
-314
-324
-274
-202
-149
-117
-203
-283
-188
-15
38
-10
-43
-53
84
160
112
67
80
143
206
344
381
253
199
217
285
452
477
459
296
375
390
399
429
385
323
310
337
343
324
328
311
279
315
203
146
140
157
173
139
69
-30
-48
8
28
-21
-96
-122
-141
-135
-144
-155
-109
-105
-162
-235
-206
-126
-142
-172
-215
-198
-140
-138
-136
-131
-85
-47
-55
-68
-74
-42
-20
-42
-53
-28
-9
-22
-22
12
30
28
21
7
-18
30
69
51
-21
-57
43
120
138
65
-4
-76
35
137
153
48
-59
-90
9
68
-5
-48
-44
-91
-53
35
-75
-257
-251
-175
-131
-101
-147
-237
-283
-247
-104
-25
-153
-287
-270
-165
-31
-70
-225
-205
-84
-49
-63
-73
-158
-150
-25
12
-28
-61
79
65
-50
17
100
137
118
54
-61
2
139
258
198
71
-24
110
238
222
129
171
218
169
172
159
143
185
254
161
130
171
258
234
169
44
49
148
203
182
123
144
85
156
247
177
104
113
20
78
152
159
106
45
36
55
74
71
56
-12
-70
-48
35
90
-13
-94
-122
-80
-4
-12
-39
-128
-173
-107
-86
-116
-148
-150
-171
-126
-77
-176
-203
-167
-145
-190
-304
-197
3
20
-158
-324
-235
44
160
-11
-214
-241
-81
78
65
-161
-276
-88
103
120
-80
-223
-166
-44
60
-1
-174
-292
-147
98
83
-62
-97
-96
-66
46
50
-61
-111
-20
5
-41
11
16
39
15
-91
-40
117
153
40
-71
-96
0
147
138
12
-29
70
109
116
212
153
78
-14
98
179
170
129
119
122
197
174
138
146
96
193
211
161
99
82
92
106
105
168
125
37
88
170
108
70
85
67
97
134
80
45
54
69
107
122
59
12
26
36
1
-6
36
13
-77
-80
-4
46
5
-122
-209
-152
-21
1
-68
-150
-149
-57
-83
-126
-153
-201
-115
-81
-110
-81
-112
-161
-196
-128
-6
-39
-181
-276
-168
19
34
-127
-265
-211
-66
-22
-94
-181
-179
-38
51
36
-87
-273
-129
121
103
-41
-229
-161
162
247
57
-109
-83
51
166
160
-19
-117
65
294
251
34
-83
-24
166
209
19
-53
48
104
135
107
-4
20
93
34
8
69
105
84
22
4
53
73
47
40
94
158
85
-36
21
138
121
2
-3
45
62
80
-9
-36
30
39
5
-55
-46
-14
27
20
-53
-31
-39
-80
-46
11
80
7
-126
-147
-65
35
68
47
-50
-84
-33
-7
51
85
-20
-104
14
77
29
8
-27
40
80
12
-24
-40
41
101
77
47
-30
-62
14
87
35
14
-33
-75
-18
33
124
-5
-129
-89
-52
-10
-18
-36
-145
-89
49
-1
-71
-158
-184
-87
33
-67
-252
-204
-41
4
-30
-83
-208
-205
-41
47
2
-42
-92
-129
-23
25
22
67
81
49
2
74
117
39
49
85
60
98
201
173
49
2
27
145
169
93
22
-12
86
117
114
68
33
54
49
84
55
56
-32
-42
68
67
109
-14
-66
61
68
67
13
-8
23
30
62
-5
-81
-60
-31
12
-4
-5
-6
-91
-65
-14
-5
5
-89
-139
-40
60
44
-69
-151
-100
29
122
75
-117
-190
-57
23
-3
-6
-59
-96
-21
-6
-29
-25
-10
-7
-45
-8
0
-13
58
53
5
15
27
4
-19
27
87
87
59
-55
-93
48
76
38
-3
-71
-22
51
31
-26
-48
-44
12
-6
-77
-66
-81
-31
32
-32
-125
-150
-53
69
112
5
-170
-151
17
98
88
-27
-128
-64
20
103
53
-44
-36
0
118
132
33
-41
-63
55
143
110
3
-74
75
253
197
29
-52
-20
63
166
108
-78
-42
96
93
24
-6
20
90
127
-24
-66
13
9
61
49
7
-76
-56
20
-41
24
53
-14
-49
-90
-85
91
163
-37
-158
-148
-32
76
119
-51
-244
-253
-61
219
156
150
-22
-137
-87
-198
-14
-2
33
-40
-177
-73
-111
96
229
145
2
-112
-52
-32
-33
-50
-52
-85
-76
9
28
-41
-109
-88
-36
41
55
-5
-40
-35
-24
59
146
109
91
74
55
55
131
150
37
57
31
7
53
74
76
-26
-7
42
3
21
65
112
67
-69
-104
6
67
12
-91
-143
-84
25
96
4
-167
-169
-55
-6
-24
-74
-123
-112
-64
-47
-37
-34
-70
-80
-23
1
-12
5
-5
-13
21
58
89
66
0
-22
78
128
117
117
64
37
56
149
110
15
22
18
103
102
39
10
0
47
46
18
-24
-21
0
5
-2
-42
-61
-50
-8
5
-36
-90
-91
-20
34
-18
-121
-153
-98
-2
-1
-54
-100
-121
-54
-26
-15
-29
-80
-17
19
13
-12
-76
-44
-7
40
21
-13
56
63
-1
-2
45
118
132
117
32
-43
50
73
150
81
59
-14
183
220
98
80
-44
4
-62
53
129
36
42
8
51
-15
59
44
67
77
-42
-79
-127
18
7
42
20
-43
-71
-104
26
-10
-41
-129
-140
-118
-54
-35
-60
-109
-88
-104
-123
-133
-100
-59
-48
-58
-87
-96
-70
-68
-56
-15
-21
-56
-41
13
45
0
-42
-24
27
33
86
83
3
32
50
89
96
49
36
60
125
127
114
92
64
52
102
97
16
33
37
86
101
107
95
14
6
11
59
30
11
-18
-43
14
-9
-8
-35
-29
-18
-39
-42
-94
-83
-74
-42
3
-8
-46
-87
-47
19
6
-26
1
-5
30
61
56
54
-9
11
50
77
88
52
26
15
44
41
40
45
34
12
10
7
-38
-9
-9
3
42
-14
-57
-80
-36
12
3
-24
-92
-91
-62
-56
-1
-19
-64
-77
-75
-17
-38
-71
-51
-63
-9
10
-56
-73
-70
-43
-28
-52
-42
-41
-62
-41
3
21
8
-10
-14
-17
-11
23
47
21
-38
-29
34
34
45
54
30
50
57
60
63
32
61
60
23
23
17
69
117
94
58
21
41
71
50
47
64
60
33
22
18
13
36
57
66
37
-21
-27
2
14
23
12
-6
23
37
17
14
-24
-45
-14
-5
-8
-23
-28
-33
-46
-29
-28
-31
-31
-37
-27
-12
-24
-56
-48
-48
-59
-41
-32
-23
-16
-26
-37
-52
-51
-39
-39
-33
-22
-37
-29
3
6
-17
-29
-20
3
10
-29
-43
-14
-18
-22
23
42
31
9
-28
-15
-17
-12
54
31
-28
-31
2
51
57
24
6
-2
1
29
28
6
1
-3
-1
0
-1
18
29
26
57
26
1
48
19
11
37
22
50
61
28
45
55
41
48
22
41
40
20
24
5
37
25
26
11
-44
7
41
24
0
2
17
26
22
-1
9
11
14
3
1
1
-5
12
0
1
13
-5
-18
-17
-26
-18
-4
-26
-14
0
-17
-15
-17
-53
-64
-35
-33
-29
-38
-40
-24
-67
-76
-56
-43
-15
-35
-47
-47
-75
-49
-36
-30
14
-1
-21
-38
-43
-1
14
20
3
-23
-17
36
45
2
3
-1
21
42
26
33
58
78
46
20
25
33
45
30
21
45
63
73
55
12
26
51
37
36
33
40
60
34
8
8
2
-2
20
56
27
-27
-13
6
1
30
21
-14
-5
-36
-25
46
41
33
11
-46
-30
5
7
19
42
27
-10
-3
-5
-5
2
-11
-13
-24
-28
-16
-17
0
19
0
-42
-59
-69
-56
-19
-28
-47
-58
-49
-22
-33
-51
-52
-41
-26
-22
4
-19
-73
-49
-36
-41
-14
-34
-42
-4
-14
-26
-22
-45
-28
-17
3
34
10
-5
-25
-14
19
41
30
-6
20
18
9
36
39
20
1
30
26
12
41
56
81
59
21
15
4
21
30
40
29
46
75
52
33
26
61
68
81
74
34
45
28
45
39
18
44
34
51
37
7
25
25
9
-2
-15
-26
1
33
18
7
-9
-32
-34
-14
-13
-26
0
0
-19
-15
-31
-56
-84
-73
-2
18
-29
-29
-67
-81
-41
-56
-28
-51
-72
-46
-54
-37
-62
-66
-39
-29
-27
-50
-38
-34
-29
-7
-41
-32
-6
5
11
17
-2
-38
-2
6
14
47
38
8
-4
22
23
65
27
-35
14
51
81
36
-2
20
37
70
37
11
17
22
66
58
35
38
38
52
25
20
42
18
24
67
61
