0
1
3
4
6
5
5
4
5
7
8
6
3
2
3
7
8
10
11
9
6
4
5
6
6
5
7
9
10
8
8
8
5
5
5
5
6
5
5
5
2
0
2
7
12
9
3
0
3
4
2
2
0
-1
1
3
6
1
-4
-1
3
2
0
-1
0
0
1
1
4
3
2
-1
1
3
2
-1
1
2
3
5
4
1
2
5
1
-3
0
3
1
1
3
-1
-4
1
2
-1
-3
2
3
-4
-4
1
2
-2
-1
3
0
-5
-2
1
-3
-5
-2
2
0
-4
-2
-1
-4
-5
-3
2
-1
-5
-3
-1
0
-1
-1
-1
-2
-3
-7
-4
1
2
-1
0
3
4
3
4
0
-1
2
4
1
-2
0
0
5
6
3
0
0
2
3
4
0
0
3
3
0
1
5
4
-1
0
6
6
2
2
9
8
0
-3
2
8
6
0
0
4
7
8
9
11
10
6
3
4
7
11
10
7
6
5
4
3
2
0
0
1
4
6
4
5
3
6
6
7
7
4
2
2
5
4
3
3
4
6
4
0
0
2
5
5
5
4
3
3
4
3
2
1
1
2
1
1
2
2
1
1
0
0
-2
-1
4
4
1
0
0
1
1
1
0
-2
-3
-2
-1
-1
-3
-1
-2
-1
-1
-1
-2
-5
-8
-7
-7
-3
-2
-2
-2
2
-1
-4
-7
-5
-4
0
0
-3
-4
-5
-2
0
1
-2
-4
-4
-2
-2
-2
-1
3
4
0
-6
-9
-6
-3
0
-1
0
1
1
2
0
-1
-1
0
1
1
2
2
0
1
3
5
4
0
-2
0
-1
-3
-2
2
7
7
5
5
5
6
6
6
4
2
4
8
7
5
5
9
13
12
6
5
4
5
4
3
4
7
7
4
1
2
4
6
7
6
5
8
8
8
9
8
9
11
10
6
3
2
4
8
12
12
9
6
6
3
2
-2
-1
-1
2
2
1
1
1
0
0
2
4
-1
-4
-2
0
4
3
-1
-1
0
0
-4
-6
-4
-1
0
-1
-1
2
4
2
-2
-2
-2
-2
-2
-3
0
0
-2
-4
-3
-2
-3
-3
-1
-2
-2
-5
-4
-1
-1
-3
-3
-2
-1
-5
-6
-5
-1
-2
-7
-7
-5
-3
-3
-3
-4
-4
-4
-2
-1
-1
-2
1
1
-1
-1
-1
1
1
-5
-8
-5
0
3
1
-2
-4
-3
-1
1
2
0
-1
0
1
0
1
0
1
1
0
2
3
4
2
1
0
2
4
5
3
2
3
8
7
4
3
3
3
1
-1
0
3
3
3
3
5
5
4
2
1
1
4
5
7
7
4
5
6
6
6
6
5
4
9
6
-1
1
9
8
3
0
4
6
7
5
4
7
6
0
0
3
5
5
4
1
2
5
3
2
-1
0
5
9
7
4
3
2
-3
-5
0
3
0
-4
-4
-1
4
4
0
0
5
6
3
0
1
2
0
4
3
1
-2
-3
-4
-1
1
-1
-3
-1
2
-1
-2
0
-1
-3
-2
2
2
-1
-3
-4
-3
-3
-2
-1
0
-4
-5
-5
-2
0
0
-1
-2
-6
-7
-6
-5
-4
-1
0
0
-2
-1
0
-1
-3
-3
-1
0
-2
-4
-3
0
0
-2
-3
-2
-1
2
3
3
4
6
6
3
0
1
5
6
4
4
5
5
2
-1
1
3
3
1
2
5
8
6
4
3
1
2
4
5
8
8
7
6
4
2
3
4
4
2
2
5
12
11
5
2
5
9
11
9
8
9
9
8
4
4
9
13
10
5
2
5
7
4
0
0
4
6
5
5
5
4
3
4
8
9
5
4
5
7
5
3
3
4
4
4
5
4
2
-1
0
0
-1
0
1
4
4
2
2
3
4
3
0
0
0
1
-3
-6
-4
2
4
1
1
0
0
-4
-9
-9
-7
-4
-3
-1
1
1
-2
-2
-1
-1
-5
-5
-1
1
-1
-3
-2
0
0
-2
-1
-2
-1
-3
-4
-5
-5
-3
0
0
-1
-2
1
0
0
0
-2
-2
-2
-1
0
-1
-3
-1
2
3
-1
-3
-1
1
1
-1
-2
0
2
3
2
0
1
5
6
5
2
-1
2
6
8
7
4
2
3
5
6
4
1
2
7
10
9
4
3
2
2
4
6
4
3
3
8
8
4
0
0
5
7
3
0
2
3
3
1
1
5
7
6
3
2
7
10
9
6
4
4
7
9
6
1
2
9
11
6
1
1
4
12
12
3
1
3
7
7
5
4
3
1
-2
3
11
10
-3
-9
-1
7
6
0
-3
1
3
-4
-8
-3
2
3
-2
-5
-3
4
5
-3
-9
-8
-2
0
-1
0
0
1
2
-1
-5
-6
-5
-5
-3
1
0
-4
-6
-4
-4
-6
-8
-5
-3
-2
-3
-2
-3
-7
-5
-2
-4
-6
-6
-6
-7
-2
-1
-6
-9
-3
0
-3
-6
-2
-1
1
0
-4
-8
-6
-2
-5
-14
-12
2
12
1
-14
-12
1
8
6
3
-3
-5
1
11
8
-3
-5
5
10
2
-9
-10
3
13
5
-10
-9
13
35
23
-15
-47
-17
80
117
6
-168
-159
137
403
236
-297
-545
-87
555
582
-92
-636
-378
292
520
96
-315
-248
40
144
33
-42
-12
1
-54
-40
60
83
-38
-119
-4
140
117
-70
-163
-11
171
155
-33
-121
-37
85
105
15
-37
2
42
-2
-46
-12
55
48
-34
-82
-34
52
35
-32
-36
29
52
-27
-85
-59
49
105
39
-66
-95
-13
50
56
24
10
-26
-69
-38
52
120
31
-95
-107
6
115
53
-69
-113
-14
87
51
-63
-118
-34
64
55
-32
-81
-44
-16
-5
0
7
6
-38
-62
-39
15
35
6
0
2
-4
-12
0
39
74
34
-38
-56
29
172
158
-20
-242
-171
281
599
359
-363
-612
31
799
890
54
-692
-455
319
728
317
-204
-377
-233
34
-4
-71
-117
-133
-263
-387
-254
-172
-112
-217
-277
-319
-293
-90
35
108
-216
-416
-211
232
553
146
-268
-283
182
649
388
29
-110
142
467
307
89
-31
144
277
165
65
-77
15
23
-22
38
-59
-100
-124
-42
46
-51
-138
-230
-124
109
80
-110
-239
-154
56
177
102
-83
-138
5
156
200
162
5
-47
63
249
307
67
-157
-159
181
427
202
-230
-520
-29
809
919
67
-987
-842
271
1169
882
-658
-1236
-565
477
857
224
-513
-815
-284
147
292
-124
-352
-553
-266
-14
-30
-111
-337
-442
-174
-142
-148
-236
-266
-214
-310
-102
-281
-46
58
-42
-260
-176
212
353
385
25
-49
-5
550
658
570
210
-11
326
418
528
312
192
208
82
137
26
29
-9
-70
-142
-139
-116
-247
-337
-346
-239
-122
-108
-246
-119
126
318
394
166
255
465
757
863
596
539
567
704
709
560
528
461
274
8
-79
43
86
-191
-602
-788
-681
-521
-616
-900
-1103
-1078
-924
-894
-1038
-1136
-1022
-823
-716
-764
-907
-903
-595
-328
-517
-948
-1109
-786
-41
748
882
202
-368
115
1283
1833
1221
476
756
1589
1690
1102
960
1414
1470
861
481
774
1044
718
236
131
181
-13
-322
-481
-569
-733
-874
-899
-915
-987
-1003
-893
-750
-644
-530
-369
-196
-36
130
305
460
594
722
854
970
1059
1123
1164
1186
1185
1176
1117
1007
890
811
744
602
380
165
63
-60
-219
-435
-614
-642
-627
-591
-910
-1364
-1477
-1032
-698
-895
-1428
-1592
-1064
-1140
-976
-935
-870
-1182
-1754
-1022
-664
-666
-1023
-1594
-977
-253
-10
-992
-2972
-3508
-1931
4079
6729
2949
-5689
-7452
1435
10347
10857
-194
-7196
-3282
5708
9278
3883
-967
-1492
1582
3102
2267
866
999
219
-867
-907
313
532
-1364
-2805
-1771
15
-419
-3030
-4030
-1732
851
196
-2507
-3387
-1211
1020
754
-716
-820
331
781
170
121
1128
1693
917
64
460
1345
1234
317
66
813
1258
530
-472
-418
566
1102
471
-540
-836
-362
219
618
947
987
350
-545
-520
844
2305
2181
404
-1210
-926
894
2177
1602
73
-708
-396
47
-1
-269
-446
-595
-806
-990
-1363
-1873
-1935
-1259
-851
-1547
-2558
-2904
-2396
-1660
-1025
-1277
-2365
-3449
-2987
-764
-583
-3959
-7586
-4023
6085
11088
2412
-11439
-10734
4278
17213
13211
-3577
-11133
-1883
11348
11812
3040
-1761
131
4131
3977
1958
1975
2694
957
-1563
-562
1530
849
-1959
-3231
-1362
351
-2126
-5725
-4430
-89
1228
-1924
-5280
-4671
-928
1512
397
-1397
-945
229
199
-108
633
2294
2933
1393
122
1129
2425
1808
270
510
2553
3339
1379
-1086
-957
1220
2426
1507
366
291
667
433
-65
903
1854
1521
-282
-1471
298
1966
1801
-586
-2336
-983
782
1301
-170
-1699
-1819
-1354
-832
-742
-875
-1334
-1973
-2189
-1819
-1748
-2555
-2957
-2255
-1446
-1439
-2504
-3604
-3652
-2614
-1040
-809
-2670
-5815
-7357
-4395
4592
10265
5510
-7230
-12384
-671
13735
17747
2277
-9665
-6682
7570
14694
7833
-138
-2254
2559
5048
4294
2228
1738
934
-342
-225
828
191
-1971
-3385
-876
803
-1256
-6002
-6490
-1909
1927
578
-4590
-5810
-2937
743
1251
-799
-1371
-744
532
729
963
1710
2439
1649
563
857
2066
2980
1362
682
1294
2438
1941
-247
-86
1376
2930
1587
-195
-167
967
1638
318
363
1140
1715
-100
-1895
-448
2091
3122
-16
-2532
-2012
459
2012
414
-1299
-2120
-1344
-292
-413
-1081
-2031
-2115
-1616
-956
-954
-1835
-2551
-3238
-2476
-1588
-1232
-1874
-3055
-2436
-2677
-2724
-3126
-2663
-1773
-3531
-6021
-7654
-2311
5717
8181
263
-10204
-7163
4831
14820
11235
-1976
-7184
-128
10143
10588
4537
1300
1569
3832
4545
3600
3195
2442
732
208
1143
636
-1090
-2370
-1381
553
-889
-4240
-5981
-3587
-20
17
-2613
-5108
-4086
-942
583
-337
-1665
-985
254
224
18
1134
2382
1948
782
396
1533
2912
2564
1246
801
2022
2669
1628
156
589
2104
2283
1316
-739
304
1630
1771
1134
-1083
316
1047
1564
772
-1157
-70
546
1492
358
-995
-1066
-501
255
-195
-237
-944
-1060
-1604
-1459
-869
-1142
-1338
-2395
-2126
-1941
-2069
-2283
-2732
-1921
-1820
-1971
-2992
-3582
-2126
-2108
-2497
-3471
-3250
-2463
-3161
-4181
-7502
-5098
2857
8759
4734
-7716
-10613
-894
14121
16816
3413
-7652
-5428
7371
14015
9729
2543
-491
1207
3762
5555
5463
4195
742
-1580
-654
1358
2138
-897
-3221
-2119
-833
-1845
-5045
-5533
-1903
295
-1510
-5274
-5910
-2501
-305
-468
-1634
-1434
-308
-673
-491
724
2429
2545
661
178
1471
3243
3176
1529
960
1931
2985
2346
786
379
1623
2765
2318
798
-232
120
1118
1787
1615
758
-187
-573
-51
948
1441
822
-420
-1253
-1061
-188
463
345
-387
-1232
-1643
-1512
-1097
-824
-823
-1000
-1343
-1694
-2102
-2112
-1629
-958
-1411
-2537
-2847
-2477
-1504
-1405
-2375
-3716
-2819
-1429
-1556
-2781
-4276
-3102
-2869
-3171
-6840
-6411
2566
8561
5705
-7714
-10448
-607
12221
16435
2628
-6132
-3886
6536
11382
6546
3344
1237
2446
3145
3378
3578
4467
1720
-900
478
1005
1730
-1977
-1889
300
281
-1358
-6400
-4765
-292
1490
-1312
-6322
-6069
-1996
1315
684
-1545
-2358
-1177
27
274
880
1470
1687
1120
545
990
1824
2107
1908
2085
2240
2121
1241
262
1144
2248
3255
2403
-405
-526
615
2398
2776
428
-210
-439
105
689
-283
931
1034
-647
-1726
-1896
-18
599
-175
-1168
-1871
-1254
-344
-512
-1084
-1334
-1423
-1103
-1915
-1708
-1283
-1030
-1305
-3030
-2587
-2203
-1198
-1314
-2635
-2599
-2936
-1803
-2161
-2790
-2868
-3581
-2189
-2205
-3098
-6317
-8059
-1558
6028
8664
-1998
-11485
-5893
6328
17203
9655
-3657
-6983
633
11465
10507
5996
812
-459
2243
4781
5990
4304
2589
-750
-278
1309
2218
856
-1582
-1050
-1011
-396
-3525
-5073
-2330
-196
-494
-4023
-5097
-3508
-844
-68
-945
-577
-365
-958
-1375
-346
1673
3023
1787
627
333
1137
2758
2012
2010
2271
2271
2471
508
529
1941
2583
2638
389
379
2047
1853
1002
-143
602
1790
1090
-761
-2098
-389
2074
1179
-1863
-2954
-1466
416
764
-711
-2096
-1962
-939
-330
-276
-452
-1209
-1770
-1673
-1340
-847
-1035
-1911
-2455
-1681
-1382
-1895
-2235
-2268
-2110
-2531
-2128
-2552
-1884
-1685
-2795
-2863
-3787
-2407
-2606
-3383
-5851
-7285
-545
5675
5864
-3907
-9879
-3209
8030
14268
4881
-5957
-4820
5064
11944
8395
2537
696
2043
4125
4950
4125
4482
3028
-31
-367
1190
2754
807
-890
-493
-385
-552
-3444
-4183
-1294
-34
-661
-3955
-5196
-2225
-332
-288
-1601
-1520
117
33
-989
-868
994
2533
1902
440
665
2162
3046
2618
1754
1725
1991
1944
1576
1512
1851
1993
1290
537
815
1585
1693
173
-428
427
1446
769
-1499
-1486
-131
1212
114
-1929
-1884
-1061
314
-217
-1005
-1253
-1286
-686
-770
-726
-992
-1162
-1224
-821
-714
-969
-1791
-2992
-2484
-1937
-1111
-1396
-2214
-2520
-2884
-2491
-2381
-2113
-2152
-1864
-2545
-3068
-3121
-2793
-1673
-2428
-3277
-6759
-6699
-390
5904
6781
-2678
-8353
-3738
6907
13873
6381
-3236
-3653
3968
10115
7599
3453
1905
2792
4663
4262
3667
3903
3146
1354
437
1416
1665
-35
-1114
-351
542
-318
-3579
-4393
-1313
713
-373
-3732
-4750
-2551
170
571
-1536
-1850
-680
0
-89
307
1567
1821
693
-32
865
2261
2589
1260
678
1084
1721
2089
1359
1346
1266
1323
1228
576
1064
1505
1350
380
-327
343
1235
1347
147
-1139
-858
509
802
-132
-730
-685
-570
-612
-609
-656
-639
-494
-579
-1022
-1578
-1877
-1584
-735
-345
-1273
-2947
-3585
-2281
-509
-475
-2406
-3944
-3532
-2044
-1484
-2036
-2476
-2420
-2150
-2366
-2415
-2117
-1671
-2350
-3253
-3053
-3276
-4352
-5674
-1762
4734
5870
-1279
-8505
-4029
6155
13449
8205
-2688
-3803
2940
10359
8882
4595
2691
1999
3771
4527
5242
5298
3989
918
-460
1992
2986
1501
-566
-1251
-371
-82
-2003
-3473
-2049
-205
-601
-3014
-4224
-2858
-951
-327
-1039
-1757
-1247
-303
-169
-23
839
1412
866
158
629
1770
2033
1268
892
1594
2123
1416
385
398
1328
2006
1937
1670
1589
1307
602
182
802
1932
2078
625
-1180
-1537
-152
1396
1357
-373
-2132
-2268
-890
296
-18
-1318
-2153
-1953
-1414
-1240
-1325
-1332
-1415
-1845
-2252
-2109
-1536
-1374
-1930
-2454
-2319
-1926
-2057
-2426
-2482
-1944
-1426
-1553
-2279
-3045
-3005
-2450
-1444
-1287
-2410
-3815
-3123
-983
-1370
-4407
-8014
-4556
4321
8467
1504
-8457
-6254
4028
13915
10730
-1305
-5452
850
10517
10112
5526
2071
1410
3553
5007
6159
4753
3643
235
140
2725
2767
1314
-1822
-406
419
-318
-2222
-4007
-1857
-230
-30
-2597
-4320
-3276
-1368
120
-655
-1553
-1319
-623
-630
-170
1014
1334
581
-241
116
1105
1641
1154
698
1146
1786
1390
283
43
917
2480
3251
2405
693
109
985
2153
2148
869
794
359
-165
-810
-808
1283
921
-656
-2574
-2807
-439
233
-107
-1661
-2598
-2023
-1472
-1001
-1229
-1492
-1540
-1646
-1970
-2096
-1979
-1851
-1737
-1801
-1879
-2464
-3244
-3192
-2131
-764
-930
-2468
-3363
-3345
-1925
-576
-1071
-2331
-3531
-3438
-2380
-834
-1260
-3891
-7206
-1838
5008
6551
258
-8022
-2077
5547
14464
6976
-1394
-3643
3039
10579
8110
5378
1759
2692
3442
4895
5029
4362
3122
1487
460
1607
1745
701
-1236
175
291
-836
-4087
-4815
-1550
759
587
-3940
-5385
-3667
-1075
348
-1003
-1050
-1140
-830
-940
-69
1104
1866
916
-219
560
1201
2521
1107
615
1190
1883
2751
659
289
460
2287
3597
2440
1453
-4
653
1497
2031
1891
468
-813
-1543
-720
891
1546
1
-2283
-3497
-1878
519
1064
-319
-2717
-2773
-1618
-434
-157
-1143
-1577
-2078
-2031
-1666
-1599
-1838
-2368
-2281
-1757
-1631
-2155
-2451
-2130
-1734
-1757
-2073
-2185
-2086
-2076
-1713
-1171
-1382
-2035
-2635
-2757
-1702
-750
-1342
-4144
-6452
-2094
5244
7347
-386
-8199
-3976
6064
13823
8234
-2665
-3592
3579
11014
7921
3213
1820
2515
4995
5041
4550
3388
3213
1599
1380
2421
1904
482
-1383
342
910
-103
-2934
-4424
-1838
328
422
-3466
-5127
-3364
-896
66
-1652
-2208
-1402
-261
-470
-707
173
1450
1232
-82
86
1090
2301
1400
320
975
1948
2389
995
280
1187
2319
2467
1411
746
738
694
457
809
1607
1582
95
-1533
-1353
251
1243
376
-1301
-1954
-1285
-436
-351
-838
-1278
-1496
-1576
-1488
-1195
-961
-1131
-1534
-1616
-1318
-1340
-1830
-2306
-2078
-1519
-1511
-2049
-2439
-2015
-1615
-1795
-2235
-2083
-1557
-1006
-1277
-2600
-2216
-965
-294
-1354
-2930
-2323
-1377
-973
-3829
-6518
-2372
4734
7718
97
-8079
-4425
5317
13727
9064
-2079
-4210
1588
9866
9029
4544
2988
2134
3459
3748
4520
5004
4319
1864
234
1327
2151
1483
-554
-123
31
-545
-2596
-4393
-1568
19
-960
-3529
-4835
-2867
-999
-1183
-2074
-1849
-894
-782
-1853
-964
525
1398
715
-706
342
918
1411
1102
845
2076
1674
1538
871
459
1268
1133
2087
2023
1209
540
-653
681
1873
2148
866
-1662
-1434
123
1858
1550
-776
-2178
-2058
-575
607
564
-601
-2017
-2713
-2043
-617
71
-529
-1831
-2283
-1741
-1293
-1509
-2062
-2032
-1545
-1377
-1799
-2571
-2376
-1581
-1434
-1828
-2081
-1873
-1374
-1477
-2244
-1529
-1010
-987
-1638
-2556
-2238
-1429
-260
-1760
-3395
-5881
-4039
3326
6882
3935
-6092
-6271
2408
10720
11925
1053
-3577
17
8190
10560
5114
2740
2169
4150
5036
4791
4122
3880
2652
911
1336
1546
1749
-496
-1134
-238
-267
-1701
-4613
-3507
-918
-225
-2585
-5408
-4564
-1651
-237
-1288
-2643
-2496
-893
-588
-362
-154
240
902
129
704
780
786
1033
872
2247
1837
1008
627
559
2028
1801
1791
1922
1218
1274
98
282
1434
1714
1819
-111
-1549
-1069
245
1832
1194
-1322
-2690
-2255
-193
1220
-227
-1890
-2568
-1834
-508
-901
-1279
-1476
-1642
-1521
-2155
-1686
-1154
-1103
-1497
-2498
-2045
-1757
-1240
-1315
-1196
-807
-1892
-2248
-2271
-775
-24
-939
-2574
-3018
-980
-74
-605
-2884
-3072
-1879
-1039
-2179
-6003
-4242
1792
6973
3650
-5022
-5428
1230
10284
11058
1866
-2844
415
7565
9546
5394
3258
2447
3208
4310
4200
4271
3712
1958
337
1091
1912
948
-613
-581
69
-401
-2433
-5013
-3288
-197
-1
-2553
-5261
-4682
-2109
-195
-895
-1772
-1234
-792
-1089
-1264
-354
1219
1726
285
-231
3
1280
1841
1063
1576
1050
1202
1050
871
2000
1807
1842
1306
1038
1526
1357
987
573
1100
1914
1363
-721
-1879
-595
1348
1307
-812
-2130
-1567
-525
-325
-633
-780
-1158
-1918
-2091
-1052
-37
-517
-2059
-2718
-1758
-607
-758
-1907
-2392
-1810
-1068
-1189
-1700
-1716
-1385
-1218
-1445
-1322
-1058
-842
-1650
-2201
-1406
-513
-515
-2236
-2825
-2386
-400
-142
-2690
-5424
-6808
-373
6207
6556
-1545
-8895
-3384
6825
14326
7913
-3586
-4880
2737
11489
9629
3838
750
1240
4222
5251
4962
3819
2177
284
473
2198
2138
-12
-1339
-449
-82
-1340
-3286
-3790
-1835
26
-1098
-3979
-5138
-3567
-877
160
-991
-2147
-2008
-1280
-684
-276
206
919
898
244
-264
-12
932
1684
2005
1697
1112
442
791
1839
2437
2304
996
872
1175
2316
1618
463
857
497
1788
71
-709
-651
228
901
-167
-1420
-1601
-900
-350
-290
-1138
-1125
-1449
-1197
-1031
-701
-769
-1287
-1774
-1525
-909
-750
-1296
-1803
-1795
-1411
-1364
-1437
-1095
-788
-803
-1667
-2192
-1707
-646
-281
-1239
-1935
-1992
-1060
-1367
-1348
-2007
-2034
-2005
-1692
-2209
-3165
-5416
-3320
2664
5994
3297
-5979
-5527
1457
11199
11339
764
-5021
-1671
8637
10528
6243
1089
428
3067
5112
5743
4074
3082
779
-95
1456
2323
2009
-1411
-1615
-1019
-30
-1481
-4614
-3521
-688
495
-2646
-5448
-4506
-1184
65
-1123
-2309
-2430
-439
-574
-437
-51
345
1284
208
151
600
1306
1753
1133
1137
1471
1708
1472
1286
1613
2416
2626
1655
574
591
1847
2368
1227
-43
161
1065
804
-352
-575
349
611
-470
-1407
-1002
-130
-155
-875
-1260
-1203
-1266
-1434
-1111
-450
-473
-1416
-2077
-1421
-282
-250
-1554
-2530
-2117
-1038
-453
-622
-876
-1102
-1527
-1919
-1545
-1114
-888
-912
-1594
-1850
-1966
-1631
-1126
-1457
-1958
-2762
-2200
-1665
-2559
-2810
-5450
-4635
1540
5584
4368
-4305
-6561
-5
8403
12107
2936
-3570
-1403
5747
9856
6369
3314
1409
2373
3919
4800
4629
3687
2022
163
857
1488
1982
-122
-1332
-486
-688
-1227
-3498
-3432
-1409
-509
-1724
-4051
-4298
-2456
-1038
-1218
-1775
-2051
-1087
-1185
-1133
-245
360
1299
4
-286
420
1249
2194
1034
983
1353
1742
1872
758
910
1676
2473
2693
1359
339
390
1445
2714
2199
764
-715
-834
662
1158
1096
-300
-1860
-1534
-966
163
383
-879
-1768
-2246
-1561
-99
73
-547
-1423
-2207
-1294
-421
-148
-405
-1642
-1696
-1301
-842
-568
-1160
-920
-1171
-1779
-1934
-1953
-619
-177
-966
-1670
-2202
-2173
-1744
-856
-783
-1905
-3719
-3618
-1677
-897
-2138
-6060
-6436
-335
6275
6455
-2635
-8156
-2659
7175
12737
5572
-3570
-3034
4006
9406
6590
2999
2279
2636
3786
3965
3979
4203
3068
640
455
1379
2141
805
-1111
-636
-585
-611
-2582
-3406
-1696
-710
-1007
-3676
-4297
-2410
-801
-881
-2179
-2028
-1024
-1065
-1695
-797
1049
1902
132
-1384
-372
1553
2797
1593
660
809
1485
2284
1817
1559
1525
1849
2198
1870
1542
1295
1187
1138
1295
1381
872
-158
-577
259
1018
349
-1289
-1939
-935
223
57
-1109
-1902
-1726
-1061
-545
-414
-755
-1456
-1885
-1265
82
541
-578
-1894
-1694
-515
-303
-1424
-2229
-1561
-491
-324
-1125
-1651
-1735
-1132
-249
-642
-1563
-2129
-1784
-1389
-1131
-1522
-1751
-2142
-2958
-2448
-2423
-867
-3152
-6451
-3293
2691
7721
1039
-7134
-5641
2614
12092
9046
-538
-4557
676
8349
8540
4620
1858
1878
3097
4049
4209
4347
3771
1570
279
918
2073
1624
2
-824
-446
-395
-1919
-3119
-2016
-355
-683
-2770
-4308
-3553
-1279
-230
-1146
-2180
-2479
-1890
-967
-44
550
679
-43
-771
58
1007
2094
1494
713
1404
1409
2004
1033
720
1835
2098
2403
1251
1044
1678
1578
1206
892
1667
1975
606
-1126
-820
1075
1844
178
-2073
-2187
-646
464
-29
-1255
-1827
-1526
-933
-619
-691
-1022
-1273
-1226
-838
-487
-666
-1271
-1643
-1326
-691
-610
-1304
-1851
-1704
-1071
-708
-996
-1282
-1342
-1482
-1515
-1309
-1183
-1237
-1875
-2004
-1390
-1405
-1470
-2371
-3197
-1930
-1343
-1751
-4057
-6598
-2585
3542
6600
890
-7631
-4944
3432
12120
9269
-1885
-4769
162
8701
9267
4772
2046
1091
3152
4517
5101
4847
3552
1028
823
2081
2731
1753
-978
-496
454
471
-1888
-4053
-2387
-504
103
-2605
-5140
-4260
-1768
-288
-1455
-2739
-2403
-1351
-1198
-1153
-45
1121
654
-1008
-1031
955
2454
1780
347
374
1589
2157
1492
838
1209
2193
2591
1922
890
507
1035
1799
2068
1674
849
-53
-474
62
1158
1512
271
-1668
-2348
-992
856
976
-837
-2489
-2227
-758
37
-377
-1063
-1344
-1353
-1140
-612
-237
-672
-1439
-1470
-879
-754
-1330
-1540
-1129
-748
-1102
-1541
-1187
-594
-747
-1680
-2049
-1697
-540
-123
-1005
-2409
-2779
-1232
-787
-1340
-2779
-2502
-2026
-2549
-3683
-5875
-1742
3618
5392
-260
-7265
-4443
3062
11607
8546
-1480
-4756
342
8978
9274
4934
1412
1346
3609
5136
5078
4324
3733
1359
1493
2291
2703
1806
-423
80
436
-8
-2275
-3982
-2116
-225
-819
-3457
-5173
-4103
-1665
-951
-1866
-2487
-2291
-1709
-1489
-1042
-165
420
172
-474
-446
448
1304
1433
1166
1037
1171
1312
1372
1515
1735
1870
1797
1566
1292
1111
1165
1434
1608
1318
585
-114
-294
64
554
721
261
-749
-1601
-1386
-207
533
-219
-1607
-1898
-857
-2
-380
-1268
-1440
-844
-379
-508
-812
-801
-596
-635
-980
-1164
-809
-205
-119
-802
-1713
-1773
-805
108
-62
-1084
-1681
-1344
-625
-868
-1441
-1626
-1208
-777
-1394
-2137
-2731
-2175
-1659
-1512
-2384
-3677
-5490
-5931
-322
4562
5413
-2286
-8239
-3311
4974
12816
6299
-2601
-3581
1648
9301
7531
4739
2180
2517
4200
4052
4415
4344
4456
1803
1237
1133
2036
1727
-20
562
-357
-540
-3088
-3870
-1511
-93
-691
-4279
-5466
-3813
-946
-380
-1991
-3166
-2800
-1536
-996
-323
-443
221
308
216
431
267
1060
813
1044
1501
2057
2033
326
-106
1123
3119
3192
1296
77
263
1248
1856
2077
1481
-113
-1459
-754
1431
2180
379
-1901
-1958
-186
960
370
-775
-1106
-894
-1001
-1260
-872
-89
-10
-855
-1572
-1368
-667
-171
63
109
-173
-637
-814
-409
148
329
112
-301
-715
-760
-410
-97
-174
-464
-477
-614
-1338
-2038
-1573
-677
-206
-1960
-3313
-2631
-1373
-943
-2562
-3763
-2935
-1610
-2537
-5734
-7045
16
5657
6257
-3378
-8318
-2670
6848
13205
4701
-3457
-3708
4118
9929
7458
3954
2013
3013
3761
4777
4509
5603
3404
1166
431
1628
2543
1147
-333
-434
271
-976
-3830
-3965
-1308
660
-1405
-5079
-5945
-3322
-898
-969
-1961
-2150
-1996
-2219
-1859
-212
1237
878
-665
-1263
-110
1595
2194
1382
323
338
1369
2027
1520
794
1091
2043
2262
1404
529
496
1063
1560
1594
1032
58
-592
-220
769
1078
106
-1221
-1583
-786
160
210
-700
-1652
-1676
-806
-55
-191
-827
-1095
-799
-360
-41
125
-15
-413
-471
166
740
375
-362
-347
418
597
-273
-1023
-654
230
179
-862
-1826
-1598
-1107
-912
-1177
-1484
-1270
-1942
-2629
-2536
-1314
-1184
-2116
-3546
-3634
-1849
-2170
-2720
-6345
-5399
927
5573
5019
-5287
-7529
-1316
8777
13285
2987
-4286
-3802
5348
10875
7580
3138
246
1935
4479
5883
4927
4349
1751
779
1031
2115
2586
370
-914
-749
-210
-929
-3547
-3385
-1749
-118
-1563
-4551
-5552
-3373
-806
-368
-1645
-3195
-2677
-2099
-998
29
548
826
-638
-920
-223
1499
2309
1253
658
636
1608
1749
1202
1134
1635
2293
1838
743
41
540
1675
2318
1757
319
-839
-945
96
1220
1265
-48
-1692
-2173
-1059
522
933
-270
-1875
-2209
-918
687
1027
-126
-1456
-1579
-439
793
1024
322
-458
-654
-326
150
505
616
452
62
-348
-727
-900
-639
-59
189
-360
-1321
-1678
-1458
-1171
-1236
-1223
-1508
-2132
-2670
-2478
-1302
-1146
-1956
-3017
-3143
-2307
-1537
-2576
-4726
-6265
-1609
3910
6099
-1218
-8121
-4722
3902
12935
7435
-1981
-5026
1175
9208
9167
5633
1668
1126
2842
4975
5570
5156
3627
947
936
1629
2926
1420
-343
-275
-342
-351
-2699
-3661
-2313
-784
-920
-3423
-5117
-4290
-2028
-752
-1178
-2493
-2669
-2256
-1293
-100
418
790
-221
-717
-239
857
1977
1309
548
401
1152
1908
1567
1115
1088
1335
1158
729
695
1080
1089
617
557
1053
1211
192
-1029
-778
874
1893
682
-1690
-2556
-848
1474
1769
-127
-1791
-1365
284
1084
472
-366
-468
-131
40
57
164
249
137
-5
60
144
23
-101
-6
18
-442
-1134
-1170
-219
638
122
-1543
-2645
-1981
-504
-98
-1177
-2497
-2602
-1874
-1615
-1560
-1624
-1672
-1480
-1796
-2267
-2581
-2232
-1534
-1212
-2209
-3509
-5346
-2829
2477
5190
2217
-5544
-4672
1188
9598
8323
988
-2995
361
6772
7720
5082
2227
2821
3503
4367
3638
3874
3682
2306
1296
1259
1455
1279
-187
-558
-485
-625
-1951
-3516
-2766
-1315
-916
-2344
-4195
-4065
-2591
-1229
-1127
-1595
-1723
-1497
-1539
-1480
-558
817
1229
2
-1183
-605
1151
2001
1231
297
458
1160
1192
604
398
1000
1505
1271
488
-133
-6
485
1017
1155
671
-192
-586
-49
1116
1539
547
-347
-973
-51
956
543
455
-265
-233
150
82
334
198
316
102
41
122
-117
-76
40
362
483
128
-512
-820
-570
-159
49
-319
-1009
-1591
-1699
-1302
-806
-796
-1467
-2202
-2273
-1597
-851
-814
-1625
-2582
-2540
-1570
-1253
-1209
-1517
-1813
-2219
-2491
-1907
-1094
-981
-1784
-3500
-4700
-822
3791
5729
128
-4848
-3039
3890
9740
6329
-256
-2118
2166
6579
7082
4456
2757
2137
2693
3118
3413
4064
3148
943
10
816
2001
1328
-828
-1781
-1036
-559
-1515
-2844
-2554
-1453
-1442
-2573
-3590
-2900
-1221
-889
-1658
-2144
-1946
-1145
-624
-592
-246
133
72
-211
-167
387
835
836
630
736
1062
1029
549
95
632
1345
1713
889
150
29
408
775
618
902
416
153
-603
316
1015
1397
161
-454
-40
1136
1421
686
-128
-207
262
664
618
389
57
-77
-89
177
396
392
102
-144
-172
-128
-223
-412
-548
-639
-767
-929
-1068
-1192
-1326
-1380
-1406
-1387
-1487
-1481
-1483
-1512
-1466
-1429
-1464
-1613
-1336
-1087
-845
-1442
-1936
-1627
-1199
-655
-1266
-1212
-1277
-984
-1323
-1946
-1898
-3617
-862
2636
4922
1766
-4311
-2978
1908
8942
7155
816
-2262
221
5164
6586
4996
2708
1939
2043
2798
2991
3774
3698
1817
365
290
889
1242
202
-268
-365
-607
-2267
-3663
-2781
-862
-371
-2099
-4073
-3816
-1865
-857
-1111
-2063
-1974
-1286
-1226
-813
-682
170
378
-400
-583
-296
953
1326
676
222
334
927
914
646
897
1507
1548
834
152
263
895
1238
1197
904
450
-436
-1033
-81
1709
2620
1462
-1198
-2306
-412
2110
2783
1029
-1331
-1570
86
1467
1577
677
-326
-724
-495
112
531
320
-175
-372
-243
-353
-822
-932
-368
211
42
-780
-1560
-1534
-742
-14
-121
-1211
-2054
-1746
-761
-338
-764
-1327
-1344
-1180
-1335
-1031
-1073
-636
-700
-1502
-1374
-872
88
-103
-1656
-2812
-2192
-114
419
-1558
-4362
-4423
899
5244
4326
-2656
-4720
-978
5697
8207
2795
-1495
-1530
4199
6791
5241
2577
1359
2323
2961
2804
2806
3168
1911
74
136
1213
1394
-142
-1397
-979
19
-810
-2651
-2846
-1330
-452
-1666
-3410
-3409
-1849
-861
-1374
-2047
-1721
-1147
-1209
-1214
-436
667
836
-408
-1262
-277
1078
1329
787
164
217
728
632
498
1089
1374
997
669
455
514
870
917
687
488
277
241
318
239
267
629
855
392
-355
-341
560
1306
1008
-26
-640
-236
631
1046
681
-23
-401
-193
321
652
536
117
-239
-294
-126
31
67
-20
-229
-548
-780
-716
-404
-226
-452
-900
-1170
-1059
-812
-684
-785
-1050
-1331
-1493
-1314
-857
-555
-616
-1090
-1358
-1257
-689
-455
-524
-910
-1055
-767
-628
-638
-1137
-1165
-830
-336
-1338
-2740
-3944
-341
3265
4521
-390
-4774
-3085
3222
8639
5054
-882
-3313
1201
5588
5812
3026
852
977
2197
3214
2635
2630
1577
761
346
774
1552
795
-567
-662
-169
359
-1228
-2716
-2170
-470
211
-1439
-3315
-3140
-1380
-112
-459
-1540
-1951
-1462
-815
-346
-186
-183
-344
-513
-352
114
531
613
510
516
628
664
556
550
754
1097
1315
1116
603
65
44
595
1261
1442
628
-303
-863
-146
825
1373
600
-715
-1180
-729
752
1074
762
-776
-768
-409
639
740
732
133
-82
143
412
307
255
446
499
152
-204
-404
-123
276
426
-24
-643
-940
-623
-71
114
-291
-869
-1186
-1094
-693
-296
-368
-881
-1271
-1162
-792
-706
-745
-607
-615
-1312
-1715
-1230
-130
14
-779
-1322
-1338
-618
-521
-989
-1389
-1569
-981
-86
-990
-2720
-4364
-518
3731
4572
-872
-5446
-2830
3370
8734
4532
-1211
-3014
1212
5637
5284
3031
939
1165
2278
2744
2303
2471
2234
1213
630
173
906
498
9
-213
-317
-496
-2014
-2333
-1471
-342
-362
-2132
-3319
-2632
-946
-347
-784
-1308
-1570
-1482
-1107
-601
155
804
227
-711
-656
154
984
1186
700
282
359
585
661
607
809
1077
1106
690
-47
-52
461
638
485
107
-621
-748
-330
-38
452
156
-390
-920
-479
589
533
521
-394
-515
487
815
890
199
152
450
738
919
392
204
524
547
461
476
15
109
27
80
162
-195
-16
-548
-421
-393
-610
-237
-650
-675
-752
-834
-745
-802
-755
-933
-981
-1013
-1124
-1152
-1008
-926
-911
-855
-828
-787
-706
-754
-759
-539
-688
-639
-546
-699
-672
-798
-843
-226
-460
-779
-2810
-3109
799
3580
3976
-2106
-4879
-1879
4838
8051
2696
-2272
-2712
2250
5555
4811
2447
560
539
1452
2632
2851
3149
1532
112
-420
627
1825
1056
-8
-478
-354
11
-1303
-1518
-996
159
-82
-1988
-2839
-2170
-352
259
-662
-1827
-1854
-1173
-420
-11
-232
-73
-676
-817
-565
13
954
272
-466
-791
-117
1011
501
-52
-345
81
632
95
137
106
108
42
-247
269
218
-203
-455
-65
916
995
110
-781
-505
791
1762
1324
54
-543
131
1309
1644
1011
224
-18
302
762
1012
829
266
-254
-248
199
517
333
-140
-453
-446
-255
-85
-89
-300
-565
-671
-615
-589
-678
-794
-825
-790
-779
-843
-984
-1048
-857
-505
-447
-767
-1146
-1080
-709
-510
-473
-564
-556
-749
-913
-872
-497
-178
-250
-459
-791
-447
-711
-639
-352
-514
-1003
-2444
-1216
1291
2934
740
-2909
-2248
872
5160
4171
-239
-1720
309
3930
4146
2601
892
596
1708
2368
2463
2479
2033
366
189
679
1584
1691
138
-442
-451
74
-228
-1158
-1187
-686
-471
-1120
-2025
-1982
-991
-611
-752
-1470
-1455
-954
-1025
-774
-974
-512
-364
-841
-777
-698
75
299
-30
-195
-208
112
158
77
172
476
584
385
113
105
373
480
450
385
321
101
-237
-194
476
1203
1079
79
-661
-88
1315
1981
1140
-152
-323
725
1661
1427
445
-106
191
746
863
526
203
-6
-160
-189
-208
-178
-122
-294
-432
-410
-549
-670
-608
-497
-397
-595
-1037
-1189
-941
-619
-551
-766
-977
-991
-830
-588
-388
-305
-491
-865
-1000
-627
50
227
-263
-801
-819
-335
134
126
-255
-512
-705
-495
-302
-277
-360
-557
-497
-697
-966
-1903
-1578
388
2023
1405
-1846
-2495
-479
3050
4222
1068
-1112
-891
2130
3699
2928
1800
799
1360
1758
1897
2090
2328
1502
676
468
659
1231
567
299
46
192
-130
-1406
-1180
-674
-88
-484
-1978
-2441
-1497
-409
-647
-1525
-1871
-1237
-588
-838
-1227
-870
-202
-290
-808
-793
-114
491
321
-174
-80
411
339
70
258
545
994
816
236
259
390
793
870
677
699
331
148
172
371
922
762
115
-107
0
626
816
313
260
342
596
396
-213
-105
277
705
560
-213
-576
-287
223
388
208
-98
-449
-653
-415
68
262
-3
-502
-761
-611
-302
-94
-124
-366
-640
-738
-606
-380
-207
-218
-409
-679
-776
-548
-195
-16
-190
-484
-642
-518
-252
15
30
-238
-464
-636
-458
-269
-188
-269
-529
-451
-596
-819
-1046
-970
-262
-130
-834
-2087
-2770
-433
1773
2114
-585
-3107
-1151
1732
4576
2314
-410
-1158
1111
3348
2897
1866
700
1358
1579
1914
1520
1646
1943
1100
637
71
736
701
607
120
-225
-574
-1009
-1218
-659
-327
-478
-1361
-1784
-1626
-783
-633
-692
-979
-841
-787
-819
-617
-410
225
65
-408
-616
-350
405
576
285
-54
-88
394
497
543
447
488
643
567
421
260
214
289
407
498
394
-97
-460
-461
43
554
183
-604
-1033
-568
311
470
-228
-1002
-758
206
637
358
-465
-315
140
685
473
94
218
350
669
632
593
389
293
222
472
715
613
259
-47
64
317
363
147
-188
-127
-83
-171
-235
-397
-286
-194
-265
-379
-469
-409
-462
-409
-404
-434
-339
-376
-455
-456
-416
-341
-267
-389
-566
-602
-432
-303
-490
-751
-859
-548
-183
-268
-896
-1379
-1231
-473
95
-566
-1565
-2291
-1349
627
1439
429
-1717
-1600
232
2213
2495
528
-473
155
1891
2475
1883
1085
659
1387
1934
1918
1328
1118
999
1071
1255
884
617
273
392
428
413
26
-855
-814
-388
106
-47
-888
-1345
-1180
-646
-312
-333
-649
-936
-956
-710
-379
-218
-198
-419
-612
-500
-329
-119
-9
-44
-101
-64
-57
-127
123
267
303
290
-54
-41
93
134
158
-32
19
-99
-242
-77
-74
49
-29
-310
-272
9
256
232
-23
-293
-63
383
632
481
196
227
418
756
727
615
680
605
548
499
686
813
635
400
272
388
513
459
312
234
171
53
-56
-110
-41
-14
-227
-485
-508
-369
-394
-534
-598
-559
-609
-768
-821
-718
-348
-310
-710
-992
-918
-348
-116
-359
-674
-857
-554
-348
-376
-455
-565
-504
-531
-516
-438
-454
-397
-500
-414
-706
-758
-696
-449
-205
-786
-831
-880
301
734
566
-293
-441
622
1671
2089
1124
461
528
1544
2177
2014
1466
1074
1169
1444
1483
1452
1222
1147
750
558
431
414
414
196
46
-331
-495
-714
-699
-527
-578
-782
-1265
-1128
-820
-543
-616
-901
-777
-600
-365
-475
-594
-402
-114
-11
-231
-348
-142
131
140
29
-135
6
187
252
282
64
84
35
87
231
185
174
40
3
43
119
99
89
66
80
132
-46
11
104
336
459
94
-109
18
532
774
419
46
70
497
783
644
350
308
479
559
420
236
240
332
342
207
49
-4
51
120
88
-68
-274
-397
-403
-345
-316
-346
-478
-648
-650
-493
-378
-471
-652
-690
-462
-221
-238
-444
-547
-339
-208
-103
-101
-294
-341
-378
-188
-17
-68
-180
-420
-359
-158
-87
-120
-380
-536
-493
-232
-201
-557
-798
-721
-229
-252
-607
-1063
-898
348
977
649
-763
-1060
249
1658
2254
768
-348
-96
1272
2206
1607
967
435
841
1356
1189
960
878
719
479
455
374
543
432
59
-114
-76
-26
-391
-496
-401
-323
-323
-718
-909
-591
-267
-310
-411
-558
-542
-498
-420
-211
-95
-122
-422
-484
-230
198
187
-30
-471
-253
36
356
197
-187
-267
-126
248
371
146
-169
-349
-120
222
342
50
-310
-369
-16
296
210
-144
-358
-93
292
477
206
-84
-125
178
524
525
390
83
178
254
561
528
499
329
333
432
411
372
153
232
284
390
195
38
-82
98
174
107
-87
-312
-177
-72
57
-24
-289
-341
-382
-230
-216
-321
-366
-356
-230
-190
-227
-232
-202
-194
-283
-351
-308
-177
-179
-314
-465
-484
-286
-255
-310
-576
-648
-414
-314
-322
-650
-761
-667
-520
-398
-556
-665
-824
-701
-638
-788
-955
-841
486
721
255
-1191
-1007
767
2310
2265
-3
-830
174
2274
2837
1837
570
188
1127
1862
1965
1453
1024
449
293
714
1038
982
425
-164
-234
-105
-16
-274
-351
-416
-562
-833
-1132
-1041
-645
-427
-577
-853
-1052
-922
-518
-300
-367
-436
-393
-363
-351
-314
3
365
218
-204
-272
134
387
354
34
17
299
380
263
98
223
223
413
111
-63
-143
74
166
22
-104
-195
-127
-287
-211
-107
118
-165
-562
-409
170
436
71
-449
-405
235
686
508
40
-190
113
586
750
498
189
158
348
497
535
505
408
240
72
128
451
573
279
-141
-334
-77
272
157
-228
-424
-333
-121
-129
-345
-384
-202
-80
-188
-407
-469
-340
-204
-169
-191
-207
-286
-425
-439
-233
19
15
-260
-489
-382
-59
98
-38
-250
-315
-257
-146
-131
-143
-187
-357
-494
-522
-324
-193
-227
-532
-778
-621
-592
-455
-456
-387
123
291
-46
-549
-258
760
1415
1135
212
-209
515
1487
1612
1089
542
607
950
1175
1188
911
859
607
383
476
530
597
362
-17
-234
-130
-2
-216
-378
-408
-411
-483
-696
-748
-483
-264
-385
-622
-768
-574
-243
-226
-306
-423
-310
-174
-233
-155
-156
-5
-18
-206
-166
-79
145
130
-8
41
167
247
97
1
171
375
257
-85
-192
73
360
244
-91
-254
-130
88
75
-38
-157
-134
-29
-68
-64
-57
69
61
-96
-141
-68
258
366
180
-49
8
329
453
388
185
142
299
409
356
322
287
161
123
79
166
202
125
-1
-153
-87
-43
17
-21
-203
-226
-195
-169
-169
-192
-181
-196
-238
-258
-237
-156
-86
-88
-126
-206
-212
-64
30
19
-101
-170
-82
-51
-8
9
63
84
-77
-137
-98
68
151
48
-118
-257
-96
58
32
-80
-242
-234
-143
-114
-144
-229
-310
-343
-305
-289
-409
-474
-425
-315
-244
-427
-572
-446
-194
-7
-64
-303
-390
-26
457
591
304
18
164
627
930
751
516
440
574
769
762
764
666
541
413
366
498
519
392
112
-73
-11
105
91
-132
-345
-382
-269
-206
-287
-414
-419
-279
-175
-209
-300
-288
-169
-50
-10
17
61
84
119
180
298
368
332
242
242
318
440
511
407
343
204
245
367
342
333
59
-3
39
26
14
-232
-257
-192
-178
-284
-511
-522
-366
-255
-369
-583
-650
-495
-327
-337
-452
-528
-439
-281
-204
-253
-355
-351
-225
-104
-114
-223
-245
-140
-14
-30
-115
-145
-116
-81
-164
-264
-358
-334
-272
-262
-350
-589
-628
-524
109
491
200
-563
-840
149
1034
1467
394
-367
-93
891
1543
1153
582
278
671
1006
955
806
821
655
480
387
496
611
504
141
-57
-10
97
-102
-252
-270
-255
-277
-536
-643
-439
-172
-185
-389
-545
-518
-244
-132
-171
-210
-205
-242
-203
-23
95
155
-12
-136
3
233
288
100
-59
-21
266
339
122
-53
-44
155
228
69
-121
-143
-72
4
-1
-74
-110
-184
-210
-129
6
22
-137
-266
-298
-144
28
19
-112
-255
-189
-8
83
58
-98
-149
-48
35
72
62
16
-32
30
130
151
122
33
10
104
142
69
-25
-56
17
128
94
-43
-122
-88
12
14
-16
-137
-190
-127
-139
-33
-36
-128
-165
-125
-66
-79
1
-13
6
17
-42
-13
77
146
66
55
9
85
165
159
117
65
182
154
160
117
158
238
199
80
24
137
242
182
88
0
39
102
137
64
29
54
4
14
23
112
56
47
-33
-11
51
62
28
-65
-27
-22
89
34
-99
-83
-61
86
87
25
-163
-184
-68
75
114
-29
-230
-250
-43
82
85
-72
-215
-213
-107
-24
-61
-119
-236
-240
-219
-153
-127
-138
-178
-227
-208
-157
-67
-87
-114
-184
-121
-28
35
24
-73
-61
1
94
107
8
-1
19
104
98
2
-3
17
130
109
23
-20
-29
95
88
69
-21
-39
51
93
156
35
-44
-67
51
192
160
45
-146
-66
128
226
140
-42
-78
43
187
125
51
41
68
158
134
112
140
157
153
42
7
5
169
200
86
-69
-115
39
168
148
-48
-109
-51
43
23
-101
-95
-30
41
-31
-82
-124
-36
-29
-100
-139
-66
20
2
-54
-107
2
58
54
-13
15
55
43
15
-28
14
33
76
26
-8
-82
-113
-88
-42
5
-50
-81
-142
-117
-102
-16
-68
-103
-166
-160
-113
-56
-79
-155
-202
-239
-150
-75
-44
-109
-187
-280
-209
-61
71
72
-61
-130
-127
-10
74
121
123
58
63
20
87
200
251
239
123
55
88
229
339
313
194
74
99
231
330
316
181
74
45
126
210
223
166
46
20
35
127
103
68
-11
-12
9
17
-1
-35
7
-9
-62
-139
-69
34
43
-103
-227
-168
-11
67
-48
-196
-249
-129
-8
-28
-148
-239
-186
-153
-110
-149
-133
-181
-224
-263
-211
-88
-74
-151
-294
-257
-141
-30
-78
-167
-142
-60
9
-69
-102
-60
61
63
-20
-88
10
102
96
53
0
83
154
146
68
39
142
208
201
62
-5
83
187
277
184
36
-15
49
217
282
270
99
23
68
203
303
292
174
80
94
158
213
200
86
42
37
100
73
52
5
15
-20
-52
-51
10
34
-48
-161
-170
-66
12
-24
-127
-158
-104
-69
-94
-142
-116
-62
-81
-137
-174
-125
-65
-71
-100
-153
-131
-148
-117
-135
-96
-116
-147
-171
-152
-68
-17
-34
-106
-191
-143
-46
76
59
-59
-137
-132
38
117
169
53
-29
-60
21
181
225
182
1
-33
80
263
293
127
33
39
201
218
142
37
75
206
183
82
-61
23
159
216
105
-94
-108
-33
119
111
17
-98
-137
-74
8
64
32
-52
-124
-87
-7
91
36
-41
-116
-58
24
13
-42
-107
-46
8
-11
-94
-131
-14
66
51
-70
-102
-17
55
42
-35
-7
46
61
-36
-102
-37
63
85
-66
-157
-120
17
41
-33
-124
-100
-93
-88
-136
-85
-22
-62
-145
-246
-114
4
95
-47
-152
-120
-9
106
39
8
-2
77
84
30
63
104
177
104
13
13
113
198
132
57
22
107
161
112
88
64
136
91
85
38
96
126
103
82
81
87
54
14
23
84
94
-9
-74
-71
26
56
-31
-82
-103
-19
-47
-66
-94
-55
-39
-87
-114
-80
-16
-8
-91
-132
-107
-25
-8
-39
-56
-36
13
26
41
49
56
37
6
18
28
37
2
-15
1
5
-24
-104
-101
-50
-2
-43
-168
-217
-134
-9
17
-92
-215
-196
-66
49
-9
-91
-172
-68
0
68
21
-27
-24
-2
80
72
58
-5
29
103
140
106
22
55
148
215
172
64
77
151
232
199
142
146
175
178
110
120
165
218
128
12
0
90
166
80
-49
-89
-18
43
-20
-125
-162
-102
-49
-69
-145
-193
-164
-111
-66
-90
-159
-205
-192
-113
-49
-73
-124
-147
-106
-58
-74
-62
-53
13
-37
-94
-133
-42
74
70
2
-121
-93
-47
10
21
-19
-6
-62
-62
-71
20
102
87
-6
-148
-102
3
165
124
-14
-154
-143
32
159
168
-2
-112
-91
72
201
155
43
-42
57
181
222
155
65
96
169
230
201
147
120
139
178
213
218
175
81
25
51
140
170
68
-54
-126
-32
44
61
-42
-144
-150
-98
-24
-55
-106
-158
-139
-105
-94
-114
-151
-135
-85
-67
-100
-170
-167
-98
-15
1
-67
-125
-133
-63
3
33
-12
-91
-128
-103
-10
25
3
-77
-114
-85
-11
25
3
-69
-81
-32
47
49
-14
-50
-8
85
97
28
-50
-26
69
102
70
-11
-19
4
50
73
42
27
7
37
43
44
49
42
75
86
103
62
24
31
75
136
111
51
-12
4
75
116
98
34
19
49
82
73
50
67
103
107
60
19
29
75
108
81
24
-33
-42
3
53
58
-26
-113
-126
-51
28
4
-73
-141
-130
-90
-59
-42
-56
-91
-146
-143
-79
-5
-9
-84
-120
-84
1
13
-23
-56
-39
-2
0
-1
-12
-15
-49
-56
-27
20
27
-52
-95
-86
21
74
32
-59
-115
-37
44
95
17
-44
-59
0
45
19
-3
-9
42
29
-16
-54
-10
100
124
71
-51
-49
26
141
141
73
-4
-12
45
75
96
50
49
22
25
11
24
70
73
59
1
25
73
117
88
35
38
80
113
65
-9
-30
22
96
79
-5
-81
-65
37
92
49
-61
-105
-32
60
78
-13
-90
-87
-19
15
-21
-77
-113
-95
-89
-84
-92
-103
-112
-131
-123
-107
-82
-87
-104
-119
-115
-84
-71
-67
-89
-98
-82
-60
-38
-37
-33
-24
-19
4
29
59
57
29
23
54
113
111
70
18
47
85
106
53
38
59
108
87
17
-11
43
142
148
57
-54
-52
66
161
151
22
-57
-44
59
128
107
52
-3
18
36
73
83
68
39
-15
-12
7
52
35
-5
-44
-48
-3
11
25
-16
-14
-7
25
39
31
25
17
17
17
12
7
-11
-12
-14
-13
-47
-68
-74
-40
-40
-60
-100
-95
-77
-52
-49
-43
-52
-67
-84
-62
-8
35
10
-56
-86
-28
47
48
-16
-71
-8
29
21
-65
-63
15
56
16
-75
-50
21
59
-5
-64
-17
50
71
-29
-79
-43
66
85
3
-50
-23
55
50
23
3
55
72
38
-11
24
111
135
66
-21
1
73
126
71
19
-2
27
22
1
-7
21
28
-13
-70
-80
-34
14
16
-17
-47
-51
-41
-19
9
35
13
-45
-76
-30
41
27
-41
-77
-30
9
-10
-64
-74
-15
32
19
-72
-87
-25
84
77
10
-61
-21
48
89
57
15
6
13
40
43
54
15
0
-2
40
45
5
-35
-41
8
26
26
-23
-42
-50
-17
0
9
-12
-34
-45
-45
-11
4
9
-24
-51
-27
8
38
-2
-34
-42
8
36
25
-11
-16
15
41
45
30
27
27
35
49
57
54
28
17
32
47
41
9
-3
1
9
-11
-30
-15
6
-3
-58
-69
-25
45
30
-42
-86
-25
61
69
-11
-66
-27
56
76
30
-13
10
52
51
3
-19
30
87
80
-13
-83
-47
61
114
34
-99
-150
-59
51
76
-29
-131
-153
-84
-3
19
-14
-89
-139
-132
-41
52
46
-55
-159
-92
32
123
23
-82
-75
45
135
66
-14
-36
64
111
94
33
20
51
57
61
55
70
41
-5
-23
20
72
53
-15
-60
-28
24
25
-12
-48
-32
0
8
-6
-38
-20
5
43
23
-19
-44
-16
52
65
36
-37
-40
-9
39
33
-5
-26
-25
-5
-11
-10
-12
-8
-15
-22
-17
-11
-7
-14
-7
-1
-6
-25
-26
-1
18
4
-30
-40
-13
10
2
-20
-18
1
5
-15
-29
-5
31
38
9
-23
-15
31
77
76
30
-12
-1
60
105
85
15
-25
-2
63
85
49
-8
-23
16
50
52
17
4
16
33
27
2
-3
6
32
29
1
-30
-25
12
34
7
-41
-47
-11
22
2
-42
-56
-30
-6
-20
-50
-57
-43
-31
-37
-41
-43
-48
-51
-35
-10
-12
-42
-66
-42
-3
7
-25
-56
-57
-33
-18
-20
-30
-32
-33
-30
-20
-1
10
0
-11
-3
18
32
27
22
30
43
41
28
28
47
62
51
27
11
18
34
35
16
-9
-17
-5
9
5
-9
-13
-2
10
12
10
21
38
36
21
19
48
76
61
18
4
38
73
55
5
-14
14
36
14
-23
-20
18
25
-19
-56
-33
20
33
-6
-42
-32
5
22
19
17
25
18
0
3
38
64
44
2
-10
21
43
24
-8
-9
19
24
-1
-22
-6
24
28
1
-19
-17
-10
-7
-3
6
-4
-46
-77
-55
-3
11
-39
-91
-83
-30
-5
-34
-71
-62
-28
-19
-48
-69
-43
5
22
-12
-56
-59
-18
29
44
24
-14
-34
-7
51
80
58
8
-27
-19
33
79
65
7
-30
-11
32
51
32
1
-3
16
23
2
-14
6
32
17
-24
-35
2
37
30
-5
-15
12
35
22
-2
10
44
48
11
-17
-2
31
36
9
-16
-13
-1
-4
-18
-13
11
17
-9
-36
-27
7
27
12
-18
-30
-19
1
10
5
-14
-26
-17
-2
-8
-29
-32
-17
-8
-24
-54
-57
-18
17
-3
-57
-72
-29
18
16
-24
-48
-26
7
7
-15
-20
2
15
3
-17
-11
19
37
28
8
5
24
47
59
58
51
45
41
43
54
64
54
27
10
24
58
64
28
-12
-5
45
72
37
-24
-32
20
59
35
-15
-25
3
21
4
-13
4
29
12
-35
-47
3
59
46
-28
-82
-56
13
55
32
-26
-65
-57
-15
30
46
20
-30
-61
-39
17
49
26
-28
-64
-59
-27
6
16
-11
-70
-112
-86
-5
44
3
-86
-116
-47
45
62
-1
-53
-36
22
53
35
3
-5
8
23
28
24
11
-6
-13
-3
6
-3
-24
-32
-23
-19
-32
-41
-25
-2
-8
-37
-39
8
55
49
5
-7
39
92
89
47
28
55
83
74
49
43
55
54
34
19
22
20
-1
-16
-13
-3
-15
-47
-57
-32
-14
-26
-52
-52
-24
-3
-15
-28
-13
15
20
0
-6
18
47
39
6
-10
10
36
34
5
-10
7
24
14
-14
-17
6
24
6
-28
-35
-3
27
17
-16
-36
-22
8
19
4
-9
-6
-1
9
24
22
0
-24
-25
17
63
35
-36
-62
-14
61
69
-13
-83
-61
8
48
21
-37
-55
-34
-13
5
16
9
-14
-39
-24
29
64
37
-15
-24
27
68
44
-9
-17
33
66
30
-29
-38
10
46
20
-31
-47
-23
6
9
-15
-35
-35
-21
1
13
-3
-31
-27
16
46
21
-24
-20
27
60
42
-8
-32
-7
30
27
-6
-18
-8
-13
-38
-37
0
29
0
-58
-70
-13
42
31
-23
-51
-27
15
28
10
-8
-8
2
10
14
10
-1
-5
9
28
25
-5
-19
10
47
41
-7
-36
-8
36
43
11
-12
1
22
25
13
12
24
24
5
-10
-3
19
26
12
-12
-25
-14
6
9
-8
-22
-17
-2
4
-11
-25
-14
12
13
-18
-40
-23
19
41
21
-21
-35
-4
42
55
29
-5
-16
3
32
47
39
10
-20
-25
3
40
42
5
-37
-37
2
36
24
-12
-22
0
17
9
0
13
34
29
-10
-26
10
62
64
11
-34
-20
32
59
34
-3
-15
-2
9
9
1
0
1
-4
-17
-24
-10
17
29
3
-38
-46
-3
45
42
-11
-54
-42
6
32
6
-37
-51
-29
-7
-9
-28
-42
-43
-38
-34
-29
-24
-27
-36
-40
-30
-14
-11
-22
-25
-10
10
10
-8
-19
-7
13
20
10
-3
-5
1
4
5
5
6
0
-10
-17
-6
13
19
0
-24
-16
17
40
29
3
-1
22
42
38
22
16
27
39
34
22
12
12
15
17
9
-8
-28
-29
-11
1
-12
-41
-56
-36
-2
16
3
-21
-25
-3
33
56
47
21
6
24
67
94
80
38
13
33
71
84
56
12
-9
2
29
46
28
-14
-41
-22
21
33
-4
-46
-40
8
45
30
-8
-20
2
29
33
15
-10
-26
-23
-4
6
-14
-53
-62
-33
-4
-22
-65
-75
-33
9
-7
-56
-73
-29
20
17
-30
-60
-37
1
13
-8
-31
-35
-21
-5
5
7
-3
-13
-13
-4
6
4
-1
0
-1
-4
-8
-2
16
27
14
-16
-32
-14
25
41
10
-35
-48
-18
18
17
-20
-48
-36
-1
19
11
-2
6
25
27
18
20
51
81
74
42
28
54
89
90
59
30
25
34
36
32
27
17
0
-12
-1
16
16
-9
-28
-22
1
9
-3
-18
-19
-10
-4
-8
-14
-14
-10
-6
-4
-4
-7
-11
-15
-10
0
4
-7
-25
-29
-14
2
1
-19
-35
-30
-10
1
-8
-24
-30
-17
-3
-5
-20
-27
-16
0
1
-12
-21
-12
7
14
4
-7
-3
13
27
28
15
1
1
12
23
15
-4
-22
-19
-1
13
6
-18
-37
-31
1
24
16
-15
-27
2
48
62
34
2
4
44
76
66
30
5
18
50
65
40
0
-15
7
35
33
-1
-29
-25
4
21
7
-20
-33
-19
2
10
1
-10
-10
-6
-2
-3
-3
-3
-10
-21
-28
-24
-16
-12
-20
-34
-45
-40
-20
-5
-15
-42
-55
-37
-4
14
0
-24
-31
-13
13
24
16
1
-6
3
19
33
35
24
6
-1
7
24
29
16
-6
-19
-14
3
14
4
-20
-34
-25
-1
10
0
-21
-29
-18
1
9
2
-14
-18
-7
11
11
-1
-8
1
15
19
10
4
10
24
35
29
12
10
27
45
42
21
5
16
42
56
40
14
4
19
42
41
21
1
4
23
32
21
3
-3
8
15
11
1
0
8
16
13
8
11
20
28
24
13
7
17
28
25
8
-9
-10
4
12
-3
-31
-42
-26
-6
-9
-34
-45
-34
-16
-14
-28
-38
-35
-24
-16
-17
-25
-32
-31
-21
-15
-17
-25
-26
-17
-10
-10
-20
-26
-17
-3
1
-9
-17
-12
5
16
10
-2
-1
16
31
29
14
4
8
19
22
16
8
3
-1
-4
-2
4
7
-3
-13
-11
5
18
14
-2
-8
3
19
21
12
6
7
11
13
8
3
2
-2
-4
-6
-2
3
1
-11
-20
-19
-5
2
-1
-14
-24
-14
3
12
4
-9
-8
12
33
31
9
-2
13
39
42
23
4
7
24
34
23
7
-1
5
10
5
-5
-11
-12
-10
-8
-9
-16
-21
-17
-7
-1
-6
-10
-7
7
18
16
5
-2
7
22
30
21
9
12
24
27
20
8
4
8
14
15
7
-2
-3
6
15
12
2
-6
0
14
17
6
-10
-13
1
16
15
-4
-17
-5
17
21
1
-16
-11
8
14
1
-19
-21
-9
5
2
-16
-27
-21
-7
-6
-21
-35
-32
-17
-8
-13
-22
-21
-10
-3
-5
-13
-11
1
9
4
0
4
17
22
14
8
16
33
40
27
9
8
26
40
30
3
-12
1
25
24
1
-17
-9
17
27
10
-16
-19
1
22
20
0
-16
-8
14
21
10
-7
-8
4
9
0
-8
-4
5
8
-2
-8
-5
3
0
-16
-32
-30
-14
-3
-12
-33
-43
-27
-2
8
-7
-26
-24
-2
17
18
0
-15
-11
7
21
17
-2
-19
-19
-6
6
2
-13
-27
-27
-18
-6
-4
-17
-30
-30
-11
7
10
-7
-20
-8
20
37
26
7
3
22
47
51
30
9
13
34
45
35
14
7
20
29
24
7
-1
10
24
26
17
8
9
19
28
27
17
10
16
25
26
16
5
2
4
6
2
-4
-7
-5
-7
-9
-12
-12
-14
-19
-22
-19
-13
-11
-14
-19
-18
-11
-5
-8
-16
-18
-8
4
5
-1
-4
2
9
10
7
-2
-5
-3
0
1
-7
-15
-12
-7
-10
-19
-23
-20
-20
-27
-32
-26
-14
-12
-21
-28
-26
-12
-3
-10
-30
-34
-12
15
14
-15
-38
-22
18
36
12
-26
-33
3
42
47
16
-13
-7
31
59
48
14
-4
14
50
63
42
16
11
28
46
43
24
11
9
20
29
26
14
0
-1
6
14
16
10
4
2
6
13
17
11
1
-6
1
10
10
-4
-15
-16
-10
-6
-8
-14
-17
-14
-12
-11
-15
-20
-19
-9
0
2
0
-1
4
15
17
13
15
19
17
15
17
20
18
19
16
7
2
10
16
12
1
-7
-8
0
4
-1
-11
-17
-13
-7
-4
-9
-17
-19
-13
-9
-6
-6
-14
-19
-14
-5
-1
-4
-7
-3
-4
-4
2
12
15
9
4
7
13
22
25
20
7
8
15
21
19
10
0
-7
-4
4
5
-4
-14
-17
-10
-1
3
-4
-13
-13
-5
5
5
-6
-13
-6
3
5
-1
-4
-4
-1
4
2
-4
-6
-4
-4
-5
-4
-8
-14
-15
-11
-8
-8
-8
-12
-15
-9
-1
1
0
0
-2
-1
9
16
11
4
3
10
21
22
13
-2
-1
10
17
14
2
-6
-2
4
5
-3
-10
-8
-1
4
1
-8
-9
-5
2
2
-5
-12
-10
-3
6
8
2
-4
0
11
16
13
10
17
29
33
29
20
20
31
39
36
23
15
16
20
20
11
3
1
8
15
15
4
-5
-4
8
15
10
1
-2
5
12
10
3
1
4
9
11
9
8
9
9
7
4
4
2
-2
-4
-7
-10
-13
-13
-10
-11
-16
-20
-20
-16
-13
-15
-16
-14
-10
-7
-8
-9
-9
-7
-8
-9
-12
-9
-9
-11
-14
-17
-17
-14
-12
-14
-18
-19
-18
-13
-13
-17
-23
-27
-21
-9
-1
-7
-14
-7
8
13
6
-1
4
15
23
19
13
5
5
13
19
16
3
-2
6
14
15
10
8
10
16
19
17
12
11
16
23
24
15
9
12
17
19
15
10
8
8
12
12
4
-5
-9
-2
4
3
-7
-17
-18
-9
0
0
-11
-21
-15
1
6
-1
-12
-14
-5
4
5
1
-5
-5
0
8
7
-2
-10
-7
2
7
2
-8
-9
-3
4
5
1
0
-2
0
5
8
5
1
0
4
7
6
1
-1
0
4
3
2
1
0
-1
-1
2
7
7
7
6
9
14
16
13
8
6
4
6
4
4
0
-2
-1
0
-1
-3
-5
-6
-6
-2
-1
-4
-7
-5
0
2
0
-3
-2
1
0
2
4
8
10
8
7
9
10
10
10
7
6
5
0
-3
-3
-1
-2
-5
-7
-3
1
-1
-8
-9
-5
2
3
1
-3
-6
-6
-4
-1
0
2
4
6
4
0
-2
-1
1
1
2
2
0
0
0
3
0
-5
-7
-3
2
0
-2
-3
-4
-2
1
3
3
-1
-1
1
2
3
3
1
0
1
5
8
8
6
6
6
6
4
6
10
14
14
10
9
10
10
10
11
13
12
4
2
4
8
10
4
4
9
7
4
2
-3
4
1
0
3
0
5
2
3
3
1
4
0
2
1
-3
-3
-3
1
1
0
-2
-3
-2
-1
-1
-2
-1
2
5
-2
2
6
1
3
8
5
7
10
9
7
8
12
7
4
11
6
6
11
5
5
6
1
6
0
-4
2
0
2
0
-7
-1
1
-4
-3
-10
-6
-2
-6
-3
-5
-12
-10
-14
-9
-8
-16
-11
-8
-14
-10
-14
-13
-7
-11
-11
-8
