9
-12
13
9
-2
2
1
2
2
15
10
1
-11
21
-15
12
28
-9
0
-1
-8
-2
9
-17
3
-7
7
11
-1
-6
5
-10
-13
2
7
23
-18
-3
-5
0
21
16
-3
3
-10
4
0
-4
6
1
2
0
-11
2
-11
2
11
-3
1
-2
-6
7
5
2
10
6
-7
1
12
-35
-2
7
33
-2
-24
-7
3
14
5
16
2
10
-14
12
-4
11
-5
-5
8
-1
5
-10
-5
7
11
-6
4
-17
-5
-1
8
24
-4
-11
5
3
19
6
0
29
-17
-6
7
18
-4
-4
6
2
6
0
5
13
4
-2
7
14
-1
-7
-6
1
12
3
-16
13
-2
17
40
-6
10
-28
-11
22
1
-10
25
5
23
21
-4
-16
-5
-24
0
30
8
33
1
-27
2
13
-2
-2
-24
10
-16
-6
22
9
13
-27
-7
15
6
14
-20
-23
-1
23
7
-14
17
6
-5
-1
-6
-2
-15
15
-4
4
6
-21
14
14
14
-20
-2
-45
3
30
-12
11
-27
-10
22
2
25
-2
-37
6
-2
0
20
-4
-20
18
10
1
7
-13
-22
3
2
27
28
-23
-2
10
16
-2
22
-20
-7
19
-10
19
-18
13
31
-32
-4
15
-18
23
46
-14
-18
-16
11
3
21
-11
-19
16
18
9
-10
-27
3
23
6
10
-1
-7
-11
34
-8
-23
11
43
34
-2
-5
-30
-33
23
73
20
-9
1
-30
-24
-21
24
11
8
25
-26
3
2
11
-10
9
18
-30
22
34
4
-16
1
-59
15
-22
-10
14
-23
28
10
25
0
-16
4
6
-9
25
-21
-56
26
28
20
15
-70
28
-11
4
26
-55
2
13
31
-24
-39
-36
42
29
33
9
-59
-1
28
31
11
-9
-35
17
26
8
13
17
-32
12
27
-26
7
43
5
6
-1
-37
-26
19
35
29
-19
-17
-16
-19
5
16
22
-9
-8
-25
16
13
30
8
22
-1
-7
-3
1
11
6
-3
18
19
3
8
21
17
25
8
-33
-14
-11
1
72
-7
-36
16
-15
51
3
-30
9
-5
11
0
22
16
7
-6
31
18
-2
6
46
-13
3
11
-22
9
3
-17
14
-8
5
-20
25
-29
-23
5
12
1
3
-15
-34
41
25
-11
-26
37
3
-3
18
-20
-23
-17
27
19
-46
-19
-11
46
0
13
-44
-18
20
11
17
-3
-28
-4
20
2
31
15
-14
-7
24
31
-60
-15
-21
-26
12
63
-37
-20
-11
-17
41
-23
-19
-30
-29
6
23
-3
-10
-18
-23
14
39
-17
-44
-44
-34
-1
57
38
-26
-38
-62
-3
17
-2
34
-11
41
44
-71
-11
-21
4
52
-20
-2
-20
12
36
-9
48
65
-85
11
24
21
36
-13
-31
-30
40
45
20
-48
15
-17
4
27
22
-30
35
13
-12
42
0
-35
-3
4
24
-10
20
-1
9
11
29
43
-76
-20
68
21
-30
-14
15
64
82
-15
-7
-61
0
37
-36
34
27
46
35
10
-46
-34
-31
20
39
32
21
-13
25
-2
-20
-31
29
22
-32
-18
22
27
-14
22
18
35
-21
0
-23
14
-27
-8
54
-61
80
25
-42
55
-26
-26
59
-5
24
-10
-17
-23
1
34
1
-53
-15
37
-8
62
9
-66
14
-33
38
28
-97
30
2
48
8
-51
-7
-7
-32
-6
66
-60
38
-40
21
-14
-73
20
78
-4
-57
46
-31
4
0
-84
27
-11
-9
45
26
-40
-21
4
10
11
-33
-7
-25
27
54
3
-25
-9
28
-12
-29
-31
78
4
-46
54
-29
-5
-13
-18
-5
34
69
-82
-28
26
-50
-6
34
-6
-27
78
49
-41
-27
-86
-20
43
27
25
25
4
-66
15
32
-63
22
45
8
-18
-22
36
26
29
-60
20
-41
72
26
-5
-31
11
17
39
40
-75
41
-55
59
18
-33
36
2
39
49
-32
-19
-18
-53
34
3
62
29
19
-73
10
62
30
115
-42
-66
11
0
4
9
52
4
-28
-9
25
-69
0
11
-56
45
-42
52
28
0
62
-20
-22
-43
-2
-13
50
4
-4
-15
-18
-29
21
-16
18
48
26
36
23
-44
-23
-22
-21
-15
20
17
12
7
-38
33
-39
-38
18
-81
-28
28
39
50
30
-49
116
30
49
21
-96
3
36
30
-1
-50
-83
54
11
17
43
31
-29
25
-10
-54
-3
-28
50
11
-22
-37
-14
-12
39
-54
122
-64
-55
18
-31
-84
28
66
-112
90
-69
29
15
33
-62
14
-27
35
60
-10
95
-31
-26
12
68
-91
-51
-67
2
128
62
4
-86
25
-2
37
88
-27
-72
-40
21
-37
-7
-55
43
71
17
55
-15
36
9
-71
-72
-62
-80
154
138
-41
28
73
-29
29
-20
-91
35
16
22
74
-21
-20
-16
-2
0
-21
-42
-71
26
48
20
37
-6
-79
-13
63
11
-61
39
78
-114
68
22
-8
44
2
-34
-29
61
23
-21
-1
20
-61
-48
20
-18
5
29
110
-72
-28
19
-44
115
-102
84
-57
-80
84
19
37
13
87
-186
78
-48
-41
89
-109
52
50
-119
45
76
24
145
-157
-7
-53
-35
35
-33
90
-37
56
-99
39
70
-33
30
-48
47
47
-33
-56
91
-97
-50
34
41
18
29
-57
41
-68
27
48
-89
94
-12
60
93
-153
82
-7
-63
51
-43
39
-17
-37
40
48
45
-65
-24
-59
-25
46
39
84
-98
-32
77
-70
11
88
-149
-38
169
-109
-2
97
-28
-71
-19
222
-53
-52
95
-188
62
88
-63
-20
-99
75
57
62
-31
-126
35
-41
185
102
-193
-159
-186
196
217
-81
104
-103
-85
65
-66
108
-33
-94
155
-36
-146
192
-56
19
28
101
-48
-21
61
-80
0
-77
127
-6
-28
-66
14
32
133
77
-79
-86
-64
146
35
33
-76
-92
-156
72
76
65
80
-68
-74
56
-26
65
59
-58
-43
7
18
67
-19
-86
-26
28
81
-16
6
80
-11
56
-59
-21
-4
-70
94
58
-92
-62
18
-11
61
36
-100
-17
165
-167
143
-75
8
162
-60
-46
-94
5
5
-13
57
17
-3
-7
-27
-62
48
25
144
60
-124
-109
-46
101
50
-26
13
-26
-21
-28
42
29
-52
19
-54
67
-57
82
-57
-1
6
1
38
-80
45
53
87
-72
59
3
-31
3
10
29
-59
-17
-72
25
216
17
-99
-87
-16
104
-5
-3
72
-178
149
-70
-16
142
-47
-79
27
-17
-39
143
47
37
-91
-15
-104
81
147
-188
87
0
-67
45
-13
-10
-114
190
-112
56
121
-146
76
-49
-130
45
120
70
32
-36
-157
38
-18
24
95
-109
110
-69
4
24
36
-74
-40
173
-93
47
-91
27
125
-37
-51
17
126
-30
-51
-5
51
-77
81
16
85
-129
-108
132
-31
122
-144
81
-64
-78
130
13
-26
-3
-44
49
15
-38
72
11
48
-71
-22
-3
-129
-36
49
137
-13
8
-45
-94
81
103
14
-92
46
-139
-12
186
-31
36
-72
-80
101
72
-63
0
-51
-65
97
120
-52
-66
-33
131
-71
133
-71
-153
4
-51
211
-160
48
14
42
-77
66
-28
-71
94
44
22
21
-97
-71
76
192
-164
10
18
-35
38
49
-69
-103
165
-23
6
20
-113
27
277
-69
-179
-162
85
94
4
-40
-49
34
-114
294
-124
-86
32
-104
40
41
109
-132
92
1
30
102
-125
102
-135
-65
57
-18
-24
126
-98
-4
27
-16
-58
90
51
-39
-137
-91
86
98
80
5
-85
-85
134
-22
116
-165
-101
234
-29
32
-153
-56
103
72
14
64
-97
-36
93
-178
218
-63
-2
19
-74
120
-17
-26
39
2
-11
76
-130
41
90
2
192
-91
-46
-160
122
5
-11
48
-109
78
10
-127
15
54
35
-17
-30
28
13
-6
69
-162
31
34
-87
34
33
89
-127
81
72
-57
29
-135
52
-22
29
83
-123
-16
87
-14
-47
11
-3
20
69
-27
-123
-27
27
110
14
58
35
-58
86
-22
-66
-14
-145
144
-100
45
209
-156
-34
-52
-73
89
35
-43
105
-107
-57
195
-159
43
154
-139
-24
66
-79
45
-10
-16
70
13
-19
-15
-41
52
-38
-151
264
-28
-17
113
-204
-8
2
139
61
-208
94
-92
152
124
-133
-15
-23
-66
114
48
-8
26
-141
47
159
5
-36
-57
27
122
4
12
-180
-66
147
-52
43
22
-132
49
166
49
-12
-50
-209
72
141
7
87
-97
-102
73
20
112
-42
-17
37
-62
41
-65
46
-41
139
-112
47
-94
-3
-41
206
31
-133
107
-225
87
-29
131
-158
-135
218
-54
116
-118
-235
286
-73
150
-50
109
-186
33
-84
-113
242
-71
48
7
-89
-8
3
-11
181
-198
-178
95
96
89
-9
-73
8
-176
372
-133
63
-127
-211
107
105
33
-52
86
-91
54
-143
166
40
-250
61
107
-48
62
-109
-46
-42
-75
170
63
72
-43
-114
64
-69
162
-101
-42
231
-144
45
91
11
4
-181
-18
8
103
127
-50
-66
-61
59
32
122
-124
9
-36
-58
46
154
-80
-12
52
-96
89
-76
42
280
-178
-93
-57
-43
203
-25
26
26
-111
-11
17
21
-74
119
3
-3
77
-53
-111
-43
75
-90
258
-93
-99
-30
-27
140
6
23
-108
23
12
69
-63
-107
40
-27
195
40
-66
-96
61
99
-122
-33
90
-46
22
33
-18
-50
26
-16
14
-68
63
70
-32
46
-70
36
-62
30
52
-67
138
-27
63
-60
-128
156
0
-12
-52
-22
178
-12
-122
12
38
61
44
-38
-19
-9
-15
40
-47
-56
82
11
29
49
-60
39
-27
-84
-3
-92
-44
60
34
-11
8
21
92
-11
-137
24
-46
55
80
-86
39
-74
63
41
-35
-46
-38
-50
-16
14
70
208
-193
57
-46
79
-76
-36
-73
141
25
-59
-31
-20
31
75
-4
35
-61
75
39
-121
-4
21
-11
-69
-42
100
24
-24
54
-62
-167
104
71
-48
1
-104
51
120
-43
-103
-124
104
164
-24
-13
-84
-94
110
80
-50
28
15
93
-45
-169
38
-99
209
189
-226
20
36
-12
96
-32
12
-88
-11
-41
8
108
-18
120
-280
123
-103
86
223
-51
-198
-116
-51
222
100
-111
-152
100
119
144
-16
-262
-87
136
90
107
83
-215
-47
153
-25
35
-27
58
-9
-175
43
10
23
146
-69
-11
26
-51
136
8
52
-37
-224
34
-36
165
152
-229
-123
77
80
63
-62
-196
45
242
-68
104
44
-177
67
-109
96
-43
104
-86
80
-158
83
-54
16
201
22
-80
-40
-100
-52
325
-190
87
-120
-27
189
1
-79
-38
-55
-139
159
0
280
-81
-203
-92
142
165
-31
99
-110
-178
119
-35
142
12
-186
45
-127
127
192
-174
137
-43
-132
40
-105
172
-70
-47
10
-101
188
68
-124
-80
-63
-14
221
-216
227
-200
-73
269
-112
-58
77
-211
11
32
159
191
-44
-139
-18
-114
-75
136
40
53
42
-125
13
-15
34
202
-78
-185
-9
26
224
124
-253
-110
-9
114
72
-156
-121
6
13
-69
61
147
-48
-263
238
235
216
-413
-71
-47
2
116
-102
81
-274
225
27
-20
41
-37
73
-226
18
233
38
103
-202
93
-43
33
184
-123
138
-159
-1
153
-298
231
158
-59
144
-188
-242
92
111
-121
168
-325
179
47
-18
19
-16
61
74
14
-163
126
16
-273
186
206
-239
126
122
-300
186
-118
101
-141
128
-43
-163
-12
-58
106
-37
193
-22
-173
-43
137
115
103
-214
37
171
-165
-48
119
39
21
-170
148
-34
-108
368
-162
-163
28
-173
145
191
-151
-63
-11
-178
305
109
-75
-183
-207
273
19
173
-153
-228
227
-60
-80
-95
-55
-47
222
140
-122
-27
-59
8
-27
200
-15
-108
104
-124
19
55
6
16
68
-57
159
-98
-43
252
-174
229
-286
161
177
-170
86
92
-189
-79
195
41
107
-200
15
-244
-178
419
-32
119
-86
-27
-48
-113
34
198
-107
-209
111
-362
440
232
-291
154
-156
-64
305
-267
-20
-64
-65
192
-87
-138
-143
223
305
-184
-21
-57
-3
-82
-336
320
27
11
370
-404
-31
11
21
124
-221
128
-42
208
5
-163
202
-172
-86
39
-59
102
110
-271
252
61
-377
478
-155
-197
136
-45
208
61
-162
-68
-40
-61
513
-75
-270
-49
30
4
180
-193
213
-66
122
27
-447
173
177
155
-90
51
-287
18
446
-56
-348
118
33
-76
325
-447
123
294
-163
145
-214
-236
131
216
-48
99
-131
188
-151
105
60
-101
105
-112
151
27
-92
-316
133
159
10
-77
-19
-90
45
116
78
-233
-57
146
160
65
-167
-144
189
100
-9
14
107
-4
-247
174
55
0
-77
-445
219
259
162
-312
5
105
-92
521
-232
-147
-195
15
13
195
-15
-260
53
-113
190
237
-336
-181
134
33
109
139
-118
114
-53
-240
-44
149
50
192
-11
-255
-138
304
-112
131
143
-172
-100
-51
144
-84
-44
130
-64
-36
39
-263
280
239
-398
241
-197
-194
31
213
274
-175
68
-217
64
-126
190
21
-332
293
-60
213
-50
-422
335
15
-76
303
-253
-98
-145
80
-28
-62
215
-177
123
-75
103
206
-94
-334
172
290
-181
0
-67
191
113
-43
121
4
-214
-106
-47
173
9
59
25
-83
-2
-145
129
240
-159
-76
4
176
-28
-381
206
108
-154
287
102
-91
-233
-211
171
121
207
117
-283
-74
57
68
-292
310
-96
-15
114
-218
-63
9
371
-248
23
-55
71
-21
115
137
-510
105
274
43
50
-18
-110
254
-93
-241
95
-386
200
45
193
233
-407
73
88
-210
140
-25
-370
317
-37
68
46
-202
-119
-89
248
285
-178
-179
-149
226
41
-36
140
-175
43
4
76
-203
-11
-32
186
-44
73
-21
-274
297
-18
-39
126
68
-228
-39
-68
284
34
31
-123
-231
228
-290
234
175
-112
182
106
-308
122
-50
-118
23
-181
70
149
-268
153
-101
45
182
-59
76
-129
-97
-10
78
54
-64
29
408
-287
-194
-164
232
291
190
44
-395
-199
162
174
-85
-147
393
-150
-232
375
-189
-41
-81
-289
758
25
-376
129
-110
151
-120
77
208
-31
138
-272
-224
-156
168
423
-49
59
-165
-312
18
96
196
-14
-3
-41
-122
191
136
30
-169
24
8
-69
-9
60
117
-121
73
-360
121
107
-60
-49
-30
97
164
-161
-12
-62
-9
232
-300
281
-238
-168
52
132
14
-111
214
-445
61
37
-110
434
-155
-171
-87
82
4
122
-61
25
32
-120
246
-290
95
117
136
-58
-156
-305
31
114
61
243
-98
71
73
173
-102
-258
-151
214
-28
92
280
-79
-223
-271
2
483
102
-317
182
-214
156
-147
-63
78
113
-168
-11
161
38
94
-476
336
200
100
216
-442
44
301
-242
-88
203
-81
199
-158
-66
206
-24
140
-249
133
-35
166
-104
210
-214
57
289
-114
-38
-193
308
-120
30
-80
-13
-38
92
-72
210
95
-177
29
-332
218
302
-11
-71
-238
-93
-93
-51
476
97
-56
-140
-261
265
139
89
-132
-246
217
25
-142
-263
352
49
92
-58
-45
-23
-33
124
-68
396
-441
-119
-6
50
141
-38
-147
-126
117
27
-26
-106
6
-46
51
76
-63
-14
47
69
-44
-160
-112
76
240
-184
-219
134
-42
118
-36
-291
130
-143
339
-185
-234
25
116
102
-175
-48
25
-96
16
147
-23
-125
43
140
-109
219
270
-344
-69
-335
345
144
23
154
-173
-179
-148
11
310
-144
-69
-50
36
194
116
-206
-224
89
124
126
-46
-149
108
112
-61
-36
124
-24
-273
17
100
-151
349
111
-423
86
169
25
-79
-326
436
7
-586
228
259
62
-25
139
-200
142
-52
-194
-60
185
98
25
81
67
-121
-159
-104
261
8
-113
93
-138
-60
67
100
118
-44
82
-90
-37
106
49
-119
-119
194
-60
41
215
-318
-134
22
3
200
103
-21
-215
156
-268
383
-101
-80
49
-74
48
148
-91
-545
518
-21
-156
67
117
-16
-161
-55
-276
255
-6
6
191
-1
-60
-69
-87
-203
225
-132
11
45
12
19
24
256
-238
323
-320
-198
469
-48
105
-188
-122
231
-67
-57
124
-158
184
-193
170
-118
176
-198
-60
170
33
161
-103
-139
-31
-29
-151
151
-162
78
91
255
77
104
-357
-13
55
72
63
-162
20
-16
68
263
-384
-26
0
-302
386
183
-359
-133
3
167
-57
2
-122
-21
119
-279
76
-45
270
-249
-28
221
-83
-86
-72
-160
-3
203
-380
173
179
-317
126
254
-250
156
-104
15
11
-323
457
-45
-17
-111
-45
209
74
-223
-126
-99
365
230
-236
-173
-315
395
156
302
-229
-30
-336
-83
521
-265
-87
51
-171
109
94
104
137
-198
214
40
-136
273
17
-328
180
48
-230
44
279
120
30
-63
-125
-21
-75
351
-190
149
155
-130
-15
-23
70
140
415
-335
284
-185
-198
160
-70
443
-85
61
-59
-65
-137
136
231
0
-124
-388
497
-109
150
32
-210
149
30
134
-162
79
287
-43
-209
-167
27
174
230
180
-187
-174
-227
-132
-69
659
-5
90
168
4
102
-383
201
-21
-292
70
18
252
49
-396
263
-289
175
147
-73
-94
-79
-15
-24
114
-198
0
127
333
-190
-147
-84
-22
-9
-350
248
353
-115
-1
303
-325
26
-54
-202
52
185
11
-128
-3
-222
287
162
-113
-490
-134
95
-110
399
-587
-91
190
-146
86
-72
-163
-108
182
271
40
203
-464
-289
184
75
292
-73
-165
39
27
-18
174
-35
-213
63
101
241
-282
-238
169
-132
218
-67
-175
326
-25
-194
-220
309
99
113
-256
-7
-28
8
104
-31
155
-92
-31
168
-91
-67
-58
-90
182
-12
-247
83
-312
273
166
27
-141
-48
78
24
69
-47
190
-127
125
223
94
-276
-361
239
90
201
91
128
-66
63
15
61
-229
-224
341
253
99
72
41
-153
94
267
29
-82
-183
119
-237
153
-178
75
-91
-125
130
-61
-32
-119
273
71
-200
23
95
-2
219
-407
116
-360
32
314
-97
-93
33
138
-309
24
88
-79
-112
-67
-43
187
0
-21
-117
-241
-33
9
32
-33
-112
-57
-67
13
-119
46
205
-15
13
-202
-244
-45
-64
108
-54
39
194
55
306
-84
-177
195
-83
36
-123
-252
-206
-289
180
84
-46
-11
-49
133
158
-94
-525
-1
211
-172
43
-83
8
-18
-206
140
-109
-153
-13
-423
-30
216
-105
-47
-116
93
421
220
-47
2
-248
-193
179
-17
13
71
-208
268
58
-331
147
-161
297
198
-14
-264
7
81
161
296
-51
-431
167
146
-82
226
-98
294
127
-124
145
-66
118
-243
70
-124
38
277
350
31
-215
-62
116
-190
78
591
377
-268
124
61
-180
219
102
-52
76
65
-98
113
-21
-352
142
223
41
201
186
65
-196
-115
118
-267
213
-245
33
59
202
101
-66
178
-69
137
-51
-282
275
179
58
-254
-460
-263
32
377
-170
-84
40
-249
-35
-84
56
-231
79
90
259
165
-178
-184
-20
-169
165
7
-216
268
-198
108
-255
-143
127
-202
369
-149
71
130
-18
9
65
-88
14
169
-216
-69
93
-360
173
218
-145
-117
33
151
97
219
-210
-62
19
-15
51
-360
248
77
63
-128
-139
180
48
236
-52
55
-178
342
-27
-26
436
91
100
127
-11
-126
-274
94
158
59
-333
-112
-202
416
228
260
74
-234
-80
7
100
-168
-140
-145
245
199
92
237
80
-145
-120
102
-179
36
-354
-91
-103
-79
-45
-47
415
29
-328
-148
-363
-52
-52
87
-106
-223
367
-21
6
-120
-239
-197
125
-134
61
-53
-195
-4
-202
-357
-13
-79
220
198
-124
-35
-75
54
101
79
193
125
195
-100
28
113
-90
158
-192
-211
47
52
264
89
67
96
-19
142
169
95
32
-74
90
11
-148
23
-3
218
276
178
470
165
32
174
53
234
-72
-31
168
-227
24
-6
0
-45
38
81
-34
160
-201
76
95
245
68
59
-17
117
3
170
-65
-285
258
24
174
-50
-180
-179
52
144
210
0
-72
99
9
2
-171
-186
-185
-193
60
-53
37
63
-243
66
103
-170
-292
-301
-123
-98
-123
-292
99
-228
49
-129
-114
70
-29
-143
-142
-195
-64
-147
-200
-258
-134
-59
-118
5
-35
-78
13
-150
-135
-195
-213
187
177
-39
143
-26
-100
150
-106
-197
-206
-332
-4
2
52
235
-111
-162
-31
-13
46
-8
-6
-147
-79
83
-225
-101
311
-157
-250
-77
-63
192
176
-98
51
541
163
-4
-316
63
-174
-26
-134
-127
300
-52
194
70
-38
177
544
-61
-162
63
264
388
82
-192
-3
156
79
221
-46
-57
-396
262
265
213
350
358
455
366
113
84
91
162
78
-265
-382
9
384
422
168
278
422
106
174
289
-152
311
591
49
-47
-64
-159
10
-203
55
104
-342
189
-175
-225
16
76
-67
267
-44
311
462
13
124
186
-37
109
-47
-153
148
129
86
209
66
62
73
161
205
228
304
402
396
264
271
54
-141
-125
-120
-137
-155
-177
-272
-14
83
120
279
55
-62
-84
116
244
-49
-108
-59
-193
-196
-232
-453
-397
-310
-336
-139
15
-239
-315
37
-90
-392
-276
-221
-639
-724
-373
-504
-480
-535
-691
-412
-471
-505
-311
-554
-704
-223
-118
-424
-317
-266
-332
-355
-416
-388
-487
-562
-410
-469
-582
-348
-223
-352
-343
-151
-40
-81
62
349
345
264
418
451
353
427
499
511
524
486
587
777
812
820
854
830
823
759
652
581
514
462
363
276
325
318
116
77
100
4
17
58
-63
-260
-203
-123
-103
-188
-264
37
-116
-351
-178
-257
-408
-435
-270
-217
-246
-205
-234
-47
-220
-440
94
2
-627
-446
-269
-480
-309
-9
-306
-356
31
-216
-48
164
-332
-241
-147
-364
-158
2
-113
119
130
-7
281
34
-147
-144
-416
-509
-524
-650
-930
-1040
-961
-720
-429
173
593
635
1371
2045
2429
2822
3025
3139
3133
3174
3139
2901
2302
1723
1292
584
-99
-496
-863
-1497
-1991
-1972
-1758
-1529
-1274
-1002
-753
-517
-81
323
350
354
349
198
316
402
163
2
-245
-353
-139
-132
-188
27
268
395
736
943
1069
1239
1130
969
579
396
265
-229
-752
-1268
-1517
-1679
-1774
-1898
-2000
-1675
-1169
-825
-582
-344
-454
-358
-137
-325
-314
-500
-692
-618
-1028
-1217
-1041
-994
-1002
-1063
-865
-756
-732
-422
-196
31
128
-8
132
227
81
166
-99
-860
-1206
-1320
-1692
-1967
-1827
-1785
-2237
-2456
-1931
-862
201
289
-64
936
2947
4338
4788
4960
5419
6055
6483
6558
6010
4790
3537
2543
1209
-418
-1310
-1916
-3557
-5131
-5008
-4149
-3685
-3226
-2638
-2126
-1302
-5
1066
1172
759
968
1565
1446
961
798
341
-491
-844
-825
-869
-644
-169
-81
-312
146
1580
2651
2591
2503
2938
3097
3053
3191
2654
1283
274
-324
-1197
-1932
-2262
-2695
-3330
-3715
-3188
-1954
-1266
-1181
-766
-254
43
539
780
148
-637
-840
-792
-880
-974
-1046
-1351
-1662
-1440
-922
-767
-889
-1038
-1345
-1455
-775
-1
-269
-1031
-1145
-910
-979
-997
-1012
-1412
-2009
-2274
-2317
-2385
-2226
-2513
-3568
-4516
-3676
-1454
-45
-605
-1103
1259
4579
7081
7672
8000
8923
9739
11618
11706
10408
8222
6486
5346
2440
459
-1477
-3613
-6444
-8744
-8444
-7876
-7000
-6568
-6214
-5202
-3113
25
1909
2102
2000
2821
3663
3688
3165
2249
960
-152
-356
-456
-972
-1287
-1243
-1338
-1171
106
1879
2861
3064
3549
4525
5240
5347
4997
3828
1778
201
-336
-1429
-3734
-5553
-6134
-6415
-6256
-5074
-3945
-3511
-2502
-666
512
1057
2152
2973
2222
1119
935
573
-698
-1925
-2887
-3921
-4095
-3133
-2619
-3034
-2984
-2180
-1665
-1368
-614
-104
-769
-1430
-1083
-759
-1278
-1971
-1810
-1470
-1799
-2423
-2750
-2998
-3181
-3840
-5103
-5224
-3869
-891
468
-453
1055
4567
8539
10642
10634
11356
12276
13806
14675
13165
10492
8149
7131
4856
1839
-785
-3317
-5828
-9418
-10040
-9555
-9619
-9040
-8695
-6982
-5364
-2005
1573
2868
2912
3650
5700
5697
5557
4572
2899
1549
168
-24
-1015
-1593
-1593
-1695
-1262
33
1975
3242
3922
4385
5177
6025
6802
6679
5146
2993
981
-688
-1981
-3321
-6255
-8456
-9092
-8402
-7730
-7758
-5861
-4644
-3179
-839
910
2017
2506
3305
2319
1984
1936
751
-336
-2193
-3194
-4210
-5329
-5835
-6224
-6309
-5876
-4553
-2939
-1634
-1062
65
1132
483
-47
379
-177
-1686
-2701
-3547
-4107
-4713
-5081
-5550
-6955
-8347
-8257
-5374
-1935
226
381
1600
5599
10267
13537
13093
13996
15618
17306
18246
16055
13636
10489
9744
7694
3998
363
-3294
-5549
-9472
-10469
-10513
-10331
-10253
-10453
-8513
-7021
-3894
-1186
770
1469
2323
4092
5028
6031
5116
4625
3876
3272
2583
1308
666
-71
172
-80
1139
2371
2858
3733
4618
6469
7175
7992
7823
6230
4521
3070
2187
-641
-3935
-6720
-9013
-10269
-11377
-11800
-11406
-10012
-7657
-4908
-2625
-816
1750
3480
4384
5234
5216
4694
2555
325
-1230
-2701
-3298
-4324
-5387
-6229
-6732
-6218
-5314
-4372
-3720
-3239
-2722
-2000
-1261
-641
-71
-316
-1082
-2225
-3520
-4223
-4797
-5266
-5726
-6310
-7565
-8466
-7645
-5420
-1966
-447
121
3431
7679
11446
13244
14350
16459
17871
19564
19416
16874
13868
11601
10665
7292
3100
-740
-3920
-6604
-9496
-10381
-11301
-11403
-11372
-11021
-9897
-8007
-4076
-1967
-855
57
1851
3643
3821
4267
3756
3314
3272
3585
3139
1240
282
767
1368
1602
1778
2025
3674
4938
6022
7071
7550
8290
7495
6605
4939
3377
1846
-998
-3835
-7299
-9206
-10765
-11872
-12409
-13161
-11702
-9582
-7122
-4546
-2404
63
3072
5392
5785
5994
6324
5692
3955
2417
1502
-157
-2450
-4454
-6092
-7148
-7327
-7446
-7622
-7600
-6612
-4310
-2552
-1825
-924
344
947
923
419
-419
-1423
-2400
-3175
-5016
-6631
-8525
-9881
-8952
-6373
-3283
-2991
-1393
3068
7946
11379
13217
16340
18364
20145
21003
20091
17461
14341
13191
10192
6012
1510
-2291
-5750
-9462
-10776
-11795
-12814
-13149
-12552
-11634
-10510
-7462
-3929
-1935
-862
1161
3276
4186
4422
4566
4126
3186
2944
2577
1252
120
351
873
874
1078
2221
3806
5203
7080
8397
9683
10400
9860
9326
7900
6897
5400
2745
-549
-4721
-7513
-9850
-12286
-14127
-15270
-15367
-14537
-12331
-9373
-6530
-3682
-379
2694
4861
6565
7896
8304
7457
6218
5005
3300
1027
-1256
-3260
-4952
-6012
-6580
-7167
-7691
-7209
-5950
-4976
-4399
-3688
-2773
-2323
-1896
-1246
-861
-1253
-1800
-2328
-3351
-4190
-5373
-6559
-8661
-9545
-7600
-5308
-3406
-3014
-360
3842
7671
10971
12947
15689
17720
20261
20946
19195
16933
15123
14140
10664
6840
2471
-1514
-5320
-8460
-9810
-11811
-12674
-13264
-12840
-12380
-11022
-7595
-5189
-3332
-1887
693
2662
3323
4060
4153
4275
4272
4209
2938
1025
560
1004
1155
777
969
1566
2591
4854
7194
8554
8854
9845
10914
10150
9019
7747
6144
3308
236
-2658
-6493
-9337
-11265
-12998
-15037
-15454
-14048
-12830
-10902
-8172
-4488
-1388
1208
3500
4539
5530
6595
7414
6823
5336
4303
2926
757
-1274
-2392
-3508
-4769
-5350
-5618
-6266
-6591
-5869
-5266
-5290
-4693
-3415
-2804
-3040
-2947
-2631
-2658
-2739
-2823
-3316
-4321
-4844
-5949
-7490
-7404
-5470
-3359
-3114
-2052
996
4634
7729
9835
12375
14514
16820
18915
19036
17527
15810
15284
13770
10334
6548
2890
-749
-4109
-6464
-8553
-10512
-11698
-12388
-12579
-12139
-10232
-8084
-6597
-4888
-3091
-756
968
2334
3371
3615
4157
4395
4233
2980
1984
2087
2085
1757
1283
1730
2210
2894
4407
6135
7321
7698
8426
9042
8844
8143
7230
5547
2887
428
-1815
-4805
-8134
-10333
-11738
-13180
-13920
-13411
-12566
-11498
-9087
-5944
-3323
-1272
1033
2901
3974
5253
6399
6647
5616
4864
4161
2673
1387
265
-742
-2276
-3077
-3166
-4132
-5045
-5142
-4824
-4999
-4886
-4256
-3975
-4187
-3890
-3222
-3440
-3509
-3362
-3450
-3864
-4249
-4268
-5537
-6803
-6036
-4152
-2754
-2426
-835
1986
4688
7300
9560
12080
14075
16426
18097
17632
16420
15321
14954
12759
9609
6621
3358
-16
-3448
-5669
-8112
-10117
-11367
-11836
-12027
-11823
-10110
-8694
-7144
-5574
-3229
-1097
64
1560
2407
3180
3666
4287
4083
2811
2510
2837
2929
2202
2016
2350
2521
3493
4947
6086
6698
7409
8457
8811
8096
7634
6902
4731
2526
633
-2102
-5308
-7738
-9592
-11600
-13213
-13638
-13564
-13426
-12020
-9376
-6828
-4554
-1712
1154
3169
4808
6303
7117
6665
6381
6186
5027
3693
2312
1245
-197
-1456
-2067
-3271
-4358
-4943
-4981
-4957
-4986
-4698
-4612
-4696
-4348
-3820
-3737
-3673
-3518
-3270
-3715
-4285
-4142
-4237
-4722
-6138
-6946
-5972
-4204
-2568
-1971
-721
2245
5526
7678
9051
11264
13823
15813
17014
16970
15602
14270
14179
12898
9692
6512
3568
480
-2903
-5102
-6848
-9257
-10655
-11093
-11238
-11185
-10180
-8456
-7159
-5615
-3434
-1612
-561
685
2218
3211
3641
3940
3844
3159
2747
2845
2691
2129
1838
2099
2596
3311
4360
5511
6565
7433
8009
8256
8073
7522
6807
5539
3436
1013
-1414
-4028
-6857
-9302
-10776
-11749
-12705
-13224
-12990
-11933
-9985
-7455
-5082
-3128
-834
1779
3618
4839
5965
6498
6398
6107
5648
4761
3497
2364
1232
-211
-1374
-2130
-3054
-3987
-4544
-4710
-4912
-5177
-4985
-4863
-5027
-4624
-3705
-3482
-3567
-3265
-3042
-3190
-3431
-3070
-3031
-3439
-4292
-5266
-5339
-4480
-2685
-2032
-1343
865
3508
5936
7344
9478
11898
14046
15862
16129
15352
14403
14363
13741
11164
7995
5308
2485
-791
-3334
-5482
-7702
-9183
-9890
-10593
-11085
-10259
-8564
-7311
-6172
-4290
-2297
-937
345
1565
2476
3408
4348
4455
3352
2823
3160
3530
3474
3050
3141
2943
3221
4087
4341
4510
4768
5275
5176
4469
3967
3296
2354
1292
11
-1762
-3624
-5196
-6616
-7805
-8342
-8419
-8748
-8968
-8399
-7133
-5508
-3720
-2088
-763
571
1963
3056
3719
4097
4231
4158
3818
3073
2099
1209
563
-54
-817
-1686
-2587
-3376
-3843
-4024
-4190
-4291
-4428
-4429
-4381
-4430
-4384
-4192
-3760
-3569
-3212
-3088
-3005
-2779
-2718
-2184
-2107
-2133
-3126
-4120
-3468
-2251
-940
-747
130
2130
4278
5960
7230
9218
10966
12909
14053
13887
12925
12202
12407
11094
8674
6294
3911
1377
-1189
-3048
-4799
-6547
-7502
-8041
-8891
-9013
-7884
-6625
-5778
-4712
-3000
-1590
-677
462
1511
2167
2905
3449
3128
2487
2508
3019
3013
2546
2224
2145
2268
2571
2858
2977
3362
3783
3907
3497
2731
2502
2126
1283
332
-890
-2127
-3413
-4461
-5284
-6131
-6665
-6901
-6870
-6832
-6325
-5035
-3763
-2582
-1641
-603
555
1209
1853
2441
2815
3035
2878
2243
1301
681
453
-9
-852
-1551
-2070
-2618
-2947
-3051
-3220
-3432
-3521
-3648
-3933
-4006
-3726
-3606
-3710
-3533
-3295
-3283
-3167
-2870
-2598
-2416
-2161
-1875
-2281
-3227
-3297
-2187
-1016
-316
341
1506
3241
4961
6408
7689
9090
10718
12073
12467
12080
11637
11175
10737
9512
7455
5253
3008
1025
-1070
-2741
-4198
-5554
-6426
-7071
-7287
-7195
-6283
-5454
-4700
-3551
-2463
-1394
-545
611
1449
2144
2761
2931
2623
2168
2569
2795
2730
2410
2068
2047
2252
2688
2653
2808
3066
3297
3143
2520
2107
1605
1187
358
-774
-1896
-2935
-3778
-4693
-5365
-5819
-6067
-6062
-5851
-5580
-4754
-3509
-2565
-1712
-995
-127
672
1092
1254
1357
1390
1159
978
488
-34
-373
-664
-1007
-1540
-1834
-2132
-2432
-2663
-2605
-2433
-2490
-2513
-2725
-2879
-2938
-2816
-2725
-3034
-3189
-3085
-2942
-2854
-2838
-2908
-2713
-2283
-1983
-2330
-3240
-3049
-1729
-485
293
643
1671
3725
5570
6637
7536
8903
10620
11837
11889
11370
10852
10589
10321
8853
6825
4828
2862
1253
-582
-2316
-3696
-4769
-5502
-6114
-6590
-6406
-5549
-4976
-4405
-3645
-2662
-1656
-928
-197
454
1408
2197
2175
1622
1613
2308
2607
2550
2349
2285
2438
2794
3019
2743
2792
3238
3339
2843
2243
1867
1489
1042
371
-651
-1759
-2588
-3355
-4229
-4745
-4921
-5296
-5843
-6021
-5623
-4929
-4142
-3297
-2729
-2249
-1262
-334
32
437
1038
1490
1599
1264
811
588
500
361
-34
-619
-1104
-1452
-1736
-1998
-2386
-2756
-2825
-2811
-3055
-3311
-3146
-2852
-2974
-3101
-2812
-2677
-2697
-2416
-2203
-2164
-1876
-1420
-1172
-1407
-1911
-2081
-1753
-984
-116
261
730
2227
3917
4849
5760
7297
8954
10156
10843
10961
10456
10279
10685
9903
7849
6221
4768
2739
664
-930
-2310
-3978
-5184
-5604
-6378
-6939
-6361
-5688
-5318
-4641
-3507
-2494
-1975
-1018
387
1209
1847
2378
2250
2207
2708
3188
3191
2790
2523
2482
2474
2506
2407
2195
2187
2228
2021
1667
1322
1146
989
584
-240
-1227
-2044
-2748
-3349
-3947
-4340
-4879
-5312
-5367
-5396
-5045
-4529
-3684
-3141
-2702
-1803
-1045
-391
-62
529
972
1202
1278
896
646
576
787
355
-205
-437
-691
-917
-1264
-1349
-1829
-2124
-2100
-2336
-2693
-3026
-2951
-3071
-3190
-3077
-3067
-3124
-2948
-2516
-2268
-2132
-1772
-1317
-1413
-1640
-1912
-1959
-1399
-635
114
197
860
2422
3862
4982
6099
7667
9018
10150
10659
10832
10631
10345
10492
9435
7812
6293
4643
2611
581
-988
-2610
-3948
-5048
-5791
-6672
-7019
-6441
-6094
-5552
-4791
-3950
-2979
-2004
-1226
-271
834
1531
1820
1696
2064
2533
2684
2872
2620
2300
2346
2567
2486
2245
2263
2407
2430
2091
1691
1403
1161
958
478
-459
-1393
-1989
-2574
-3314
-3959
-4452
-5014
-5496
-5615
-5552
-5416
-5005
-4386
-3820
-3147
-2139
-1123
-438
162
872
1449
1777
1985
2010
1819
1672
1568
1156
520
137
-76
-498
-1012
-1341
-1631
-2024
-2238
-2313
-2495
-2739
-2744
-2655
-2656
-2563
-2468
-2386
-2479
-2396
-2177
-1990
-1721
-1660
-1519
-1482
-1330
-1614
-2340
-2150
-1352
-329
39
318
1734
3178
4271
5489
6973
8291
9378
10382
10650
10357
9980
10040
9683
7967
6400
4914
3088
1091
-573
-1847
-3565
-4684
-5266
-5908
-6591
-6381
-5522
-5298
-4732
-3705
-2696
-2212
-1302
8
686
1331
1829
2117
1828
1953
2428
2412
2099
1688
1702
1552
1679
1830
1767
1688
1665
2005
1842
1572
1322
1216
950
119
-529
-1155
-1830
-2667
-3359
-3940
-4719
-5271
-5517
-5677
-5563
-4989
-4427
-3950
-3462
-2423
-1415
-717
414
1086
1456
1767
2028
2050
1738
1752
1806
1602
984
633
183
-332
-444
-942
-1354
-1721
-1947
-2086
-2590
-2763
-2396
-2492
-2643
-2305
-2551
-2529
-2264
-2020
-1599
-1748
-1709
-1679
-1734
-1498
-1250
-1330
-2033
-2385
-2020
-1276
-697
-432
448
1811
3330
4536
5421
6747
8184
9660
10459
10424
10123
9783
9741
8923
7379
5690
4033
2409
549
-990
-2459
-3825
-4699
-5301
-5966
-6506
-6241
-5478
-4859
-4279
-3452
-2659
-1955
-1015
-82
587
1203
1734
1724
1505
1713
1964
1804
1609
1576
1412
1261
1367
1488
1423
1591
1954
1929
1690
1600
1601
1488
1107
488
-297
-1183
-1773
-2273
-3224
-3801
-4172
-4754
-4993
-4953
-4771
-4674
-4121
-3352
-2996
-2480
-1679
-857
-306
421
1212
1426
1443
1715
1852
1666
1595
1488
1154
565
284
15
-504
-747
-1057
-1213
-1528
-1736
-1761
-2050
-2169
-2223
-2180
-2381
-2401
-2249
-2253
-1996
-2005
-1978
-1798
-1741
-1620
-1362
-1027
-956
-1242
-1706
-1862
-1326
-361
192
300
1081
2646
3904
4631
5676
7082
8273
9174
9749
9626
9227
9375
9278
8085
6450
5013
3498
1781
68
-1471
-2874
-4193
-4847
-5635
-6646
-6734
-6174
-5659
-5411
-4582
-3716
-3050
-2123
-1266
-341
303
1156
1548
1304
1699
2197
2247
2181
2207
1908
1697
1712
1892
1871
1708
2073
1920
1447
1205
1227
1133
888
687
-49
-654
-1286
-1884
-2451
-3126
-3390
-3790
-4354
-4719
-4642
-4452
-4120
-3557
-3012
-2552
-2034
-1050
-363
258
1058
1510
1787
1860
1897
1772
1712
1762
1363
832
578
353
-104
-477
-613
-835
-1234
-1513
-1761
-2050
-1972
-1872
-2144
-2378
-2331
-2257
-2253
-2183
-2038
-1985
-1909
-1588
-1517
-1603
-1314
-970
-980
-1146
-1379
-1839
-1652
-826
31
441
751
2003
3117
4006
5083
6284
7394
8268
9049
8934
8648
8555
8518
7773
6292
5114
3479
1757
268
-1018
-2478
-3775
-4480
-5392
-6121
-6479
-6022
-5464
-5181
-4495
-3901
-3237
-2431
-1506
-645
27
627
1099
1324
1327
1700
2201
2235
2043
1988
2035
2062
2118
2234
2324
2343
2433
2432
2106
1821
1779
1598
1045
315
-318
-971
-1854
-2598
-3106
-3805
-4405
-4695
-5088
-5352
-5118
-4697
-4284
-3750
-3012
-2166
-1254
-153
888
1582
2184
2778
3059
3018
2883
2705
2356
1756
976
221
-290
-645
-1095
-1576
-1848
-1936
-2006
-2034
-1952
-1844
-1730
-1566
-1473
-1528
-1601
-1595
-1615
-1635
-1622
-1591
-1628
-1607
-1503
-1502
-1463
-1332
-1202
-1318
-1528
-1714
-1603
-956
-163
440
829
1908
3023
3929
4899
5854
7078
7714
8444
8516
8122
7904
7393
7283
5655
4051
3102
1208
114
-1384
-2841
-3535
-4710
-5082
-5531
-6109
-5622
-5087
-4699
-4234
-3487
-2719
-2034
-1254
-539
170
564
908
1162
1240
1555
1702
1679
1709
1697
1747
1948
2179
2274
2379
2524
2746
2668
2426
2521
2197
1862
1656
848
-12
-566
-1088
-2116
-3075
-3414
-3869
-4527
-4729
-4640
-4768
-4520
-3810
-3226
-2709
-1879
-869
-165
338
1177
1821
1805
2254
2562
2244
2165
1977
1660
1125
693
424
-97
-558
-766
-951
-1341
-1483
-1549
-1666
-1784
-1799
-1715
-1853
-1772
-1797
-1764
-1674
-1875
-1890
-1795
-1663
-1729
-1791
-1647
-1605
-1751
-1632
-1347
-1535
-1796
-1935
-1982
-1713
-846
-241
12
894
2048
3224
3926
4997
6360
7188
7916
8222
8184
7730
7671
7495
6330
4829
3436
2270
691
-586
-1793
-3060
-3915
-4456
-4886
-5687
-5594
-4944
-4454
-3963
-3526
-2802
-2183
-1529
-755
-82
367
741
878
709
970
1390
1390
1285
1513
1659
1724
1949
2219
2415
2517
2951
3131
2957
2838
2864
2899
2520
2030
1285
465
-264
-949
-1760
-2758
-3399
-4012
-4581
-5002
-5059
-4892
-4722
-4235
-3744
-3172
-2491
-1567
-721
26
824
1329
1821
2138
2412
2498
2380
2265
2001
1612
1065
696
193
-331
-661
-1045
-1368
-1688
-1860
-1977
-2067
-2126
-2235
-2272
-2217
-2126
-1952
-1692
-1624
-1666
-1652
-1507
-1446
-1473
-1311
-1300
-1411
-1491
-1454
-1547
-1783
-1855
-2121
-2221
-1696
-936
-474
-57
896
2180
3185
3990
5132
6135
6976
7789
8033
7842
7520
7423
7078
5790
4324
3142
1790
291
-940
-2081
-3301
-4109
-4473
-4843
-5334
-5289
-4624
-4181
-3674
-2896
-2141
-1505
-877
-139
377
791
1264
1478
1270
1375
1780
1867
1822
1684
1791
1980
2209
2495
2622
2730
2898
3141
2976
2675
2432
2375
2218
1336
489
-159
-786
-1539
-2266
-2898
-3517
-3923
-4312
-4553
-4759
-4504
-3931
-3747
-3328
-2380
-1475
-904
-205
557
1133
1545
1902
2119
1979
1892
1726
1331
897
521
171
-379
-846
-1153
-1464
-1662
-1740
-1764
-1842
-1824
-1707
-1619
-1527
-1472
-1319
-1236
-1193
-1217
-1410
-1498
-1705
-1762
-1745
-1872
-1977
-2032
-2004
-2111
-2007
-1939
-2010
-2168
-2140
-1450
-806
-351
194
1236
2415
3364
4291
5196
6238
7131
7899
8126
7839
7529
7350
7092
6014
4689
3415
2143
840
-517
-1644
-2741
-3673
-4234
-4718
-5310
-5274
-4698
-4244
-3862
-3414
-2667
-2006
-1340
-586
-15
292
519
881
948
1111
1417
1515
1498
1463
1701
1957
2181
2527
2830
2958
3015
3101
3159
3159
2925
2594
2260
1708
821
49
-507
-1238
-1942
-2586
-3195
-3792
-4118
-4167
-4396
-4266
-3711
-3351
-3107
-2582
-1829
-1205
-664
20
572
676
841
1226
1338
1301
1405
1285
870
612
367
46
-348
-667
-912
-1199
-1218
-1175
-1095
-1107
-1157
-1198
-1334
-1276
-1319
-1295
-1321
-1559
-1687
-1830
-1939
-1957
-1952
-2014
-2018
-2116
-2247
-2218
-2139
-1941
-1916
-2116
-2537
-2674
-2031
-1202
-655
-204
750
2029
3104
4098
5223
6404
7457
8270
8578
8392
8179
8124
7775
6688
5214
3803
2368
899
-418
-1673
-2865
-3831
-4490
-4965
-5376
-5295
-4649
-4129
-3712
-3096
-2497
-1892
-1226
-563
-1
305
516
547
322
439
829
931
906
998
1225
1523
1875
2415
2905
3207
3557
3810
3867
3875
3702
3399
3060
2376
1397
436
-498
-1334
-2153
-3119
-3855
-4283
-4762
-5092
-4995
-4617
-4193
-3773
-3130
-2441
-1832
-976
-160
296
739
1120
1302
1490
1577
1551
1384
1052
662
297
28
-221
-382
-660
-949
-1246
-1442
-1368
-1373
-1196
-1191
-1256
-1153
-1308
-1353
-1448
-1586
-1601
-1680
-1800
-1977
-2120
-2166
-2135
-2142
-2079
-2019
-2118
-2207
-2100
-1761
-1568
-1924
-2378
-2061
-1152
-261
277
791
1814
3019
4084
5083
6262
7280
8072
8574
8537
8306
7860
7754
7207
5593
4042
2787
1523
11
-1255
-2261
-3237
-4148
-4625
-4907
-5249
-4804
-4241
-3771
-3452
-2873
-1985
-1504
-895
-448
-46
121
302
324
36
199
332
602
560
624
1024
1468
2121
2625
3172
3532
4111
4423
4436
4552
4289
3929
3259
2355
1168
29
-781
-1806
-3209
-4266
-4787
-5575
-6048
-6118
-5889
-5442
-5000
-4146
-3503
-2734
-1431
-426
193
832
1469
1868
2107
2245
2114
1734
1531
1425
979
422
8
-308
-530
-706
-918
-1042
-1016
-986
-1014
-1040
-983
-920
-963
-1026
-1143
-1293
-1320
-1383
-1555
-1753
-1994
-2079
-2059
-2215
-2331
-2327
-2387
-2358
-2263
-2136
-1916
-1857
-2085
-2266
-1870
-908
-130
64
649
2028
3331
4229
5115
6327
7329
8028
8484
8566
8223
7688
7628
6851
5237
3725
2283
990
-413
-1600
-2747
-3842
-4452
-4861
-5382
-5666
-5022
-4235
-3922
-3707
-3131
-2248
-1472
-937
-512
-71
118
323
370
250
389
566
738
736
810
1278
1872
2395
2938
3404
3809
4374
4770
4993
4837
4308
3935
3317
2292
1149
43
-947
-2047
-3300
-4379
-5113
-5658
-5847
-5784
-5753
-5342
-4654
-3893
-3052
-2203
-1024
3
535
997
1507
1971
2177
2120
1984
1900
1701
1388
1000
520
252
87
-240
-608
-790
-866
-1070
-1363
-1494
-1502
-1493
-1386
-1320
-1298
-1348
-1378
-1407
-1571
-1601
-1640
-1670
-1688
-1771
-1823
-1865
-1659
-1424
-1299
-1124
-911
-691
-614
-835
-1322
-1782
-1642
-834
-398
-366
59
1055
2367
3436
4452
5637
6807
7662
8082
8319
8170
7811
7472
6661
5074
3313
1951
583
-1045
-2514
-3609
-4529
-5215
-5488
-5560
-5511
-5022
-4111
-3369
-3008
-2477
-1482
-579
-197
-47
163
381
439
315
165
4
-88
30
106
125
484
1125
1783
2410
3043
3742
4335
4700
4981
5131
4906
4353
3590
2631
1444
214
-860
-2089
-3426
-4564
-5354
-5728
-5956
-5915
-5589
-5103
-4228
-3243
-2255
-1204
-145
923
1520
1791
2130
2389
2458
2246
1965
1651
1208
821
512
138
-226
-393
-404
-434
-586
-569
-480
-468
-520
-731
-841
-986
-1153
-1447
-1906
-2189
-2361
-2478
-2586
-2605
-2563
-2406
-2233
-2126
-2012
-1819
-1366
-1134
-1088
-995
-898
-798
-952
-1406
-2072
-2310
-1789
-1039
-867
-812
112
1604
3014
4005
5207
6536
7459
8149
8556
8626
8145
7705
7088
5853
3953
2282
1087
-559
-2095
-3484
-4172
-5038
-5376
-5321
-5326
-5056
-4241
-2979
-2408
-2108
-1477
-510
-3
117
224
303
352
55
73
-123
-140
11
122
190
219
909
1670
2465
3053
3701
4254
4830
5525
5674
5552
4867
4370
3592
2584
1263
-187
-1283
-2552
-3676
-4974
-5632
-6016
-6046
-6069
-5867
-5187
-4284
-3189
-2321
-1350
-336
533
1217
1542
1940
2236
2328
2158
1753
1366
1110
735
300
32
-295
-464
-559
-783
-741
-689
-761
-659
-746
-966
-995
-1092
-1135
-1183
-1465
-1699
-1889
-2105
-2273
-2301
-2149
-2124
-2240
-2165
-2078
-1863
-1393
-1262
-1252
-1136
-1108
-1158
-1480
-2018
-2432
-2157
-1433
-883
-656
-190
1322
3047
4175
5243
6634
7772
8359
8711
8853
8539
7734
7095
6095
4168
2299
859
-530
-2120
-3578
-4637
-5348
-5645
-5468
-5198
-5019
-4272
-3155
-2273
-1707
-1346
-540
243
225
-47
-86
22
-236
-601
-701
-692
-474
-138
274
609
1195
2119
3004
3689
3991
4438
5180
5417
5292
4965
4594
3913
2916
2120
930
-116
-1282
-2054
-3104
-4054
-4565
-4748
-4578
-4787
-4626
-4156
-3465
-2777
-1972
-1227
-633
148
799
1265
1163
1390
1680
1712
1369
1152
1080
1007
712
255
12
-133
-301
-406
-604
-721
-732
-770
-863
-1130
-1495
-1574
-1583
-1707
-1962
-2302
-2330
-2174
-2148
-2137
-2038
-1903
-1687
-1626
-1671
-1517
-1324
-1024
-1062
-1329
-1503
-1499
-1411
-1665
-1972
-2821
-3379
-2969
-2011
-1054
-818
56
1736
3472
4802
6142
7708
8615
9147
9338
9484
8973
7772
6777
5410
3532
1371
-356
-1535
-2691
-3761
-4635
-5247
-5407
-4902
-4307
-3995
-3462
-2540
-1568
-1174
-1149
-804
-429
-514
-847
-840
-918
-1176
-1426
-1516
-1069
-661
35
755
1407
2318
3127
4095
4661
4987
5036
4824
4876
4805
4426
3474
2517
1940
1274
275
-794
-1431
-1841
-2423
-3177
-3702
-3905
-3956
-3883
-3918
-4008
-3721
-3133
-2619
-2112
-1531
-955
-380
162
699
1207
1602
1846
1965
2057
2078
1930
1781
1664
1290
683
126
-312
-735
-1131
-1420
-1608
-1707
-1861
-2107
-2172
-1976
-1842
-1806
-1799
-1861
-1822
-1809
-1821
-1914
-2034
-1941
-2061
-2177
-2119
-2014
-1644
-1513
-1507
-1379
-1361
-1234
-1115
-1066
-1656
-2500
-2136
-1034
-270
-98
292
1715
3675
5040
6014
7200
7985
8447
8588
8500
8076
6971
5924
4735
2996
1032
-545
-1514
-2387
-3375
-4246
-4676
-4564
-3942
-3319
-3023
-2754
-2048
-1173
-839
-934
-955
-715
-927
-1403
-1696
-1680
-1448
-1551
-1370
-966
-199
659
1448
2445
3150
3879
4261
4633
4717
4419
4076
3508
2982
1935
994
-109
-748
-757
-1238
-1477
-1695
-1389
-841
-649
-606
-577
-346
-568
-1004
-1322
-1533
-1804
-2173
-2347
-2400
-2277
-1982
-1475
-824
-142
556
1211
1736
2064
2296
2382
2240
1937
1519
848
-17
-771
-1374
-1971
-2528
-2796
-2770
-2632
-2490
-2229
-1765
-1222
-787
-607
-472
-430
-563
-861
-1303
-1559
-1720
-1852
-2081
-2293
-2176
-1961
-1742
-1560
-1230
-727
-358
-194
-100
-123
-383
-880
-1949
-2926
-2786
-2088
-1593
-1505
-916
882
2897
4567
5941
7390
8651
9134
9355
9514
9098
7540
5824
4470
2607
300
-1737
-2843
-3566
-4291
-4753
-4796
-4258
-3412
-2525
-1974
-1534
-909
-464
-445
-849
-1162
-1138
-1512
-2478
-3066
-2917
-2550
-2305
-1860
-857
185
1111
2389
3718
4601
4947
4982
5110
5084
4485
3609
2742
1922
1100
222
-411
-699
-878
-988
-1102
-1246
-1161
-835
-757
-1113
-1403
-1408
-1705
-2417
-2878
-2784
-2562
-2536
-2415
-1978
-1371
-726
26
827
1558
2132
2479
2742
2677
2429
2014
1428
889
73
-652
-1278
-1750
-1941
-2239
-2497
-2687
-2465
-1899
-1576
-1495
-1237
-742
-555
-804
-1078
-1080
-1092
-1372
-1765
-1923
-1801
-1604
-1423
-1253
-1052
-950
-542
67
363
383
59
-208
-477
-891
-1629
-3026
-3892
-3453
-2323
-1674
-1705
-816
1251
3541
5281
6610
8038
8840
9035
8860
8625
7825
5868
3988
2340
864
-597
-1944
-2595
-3038
-3398
-3419
-2854
-2002
-1331
-1072
-1076
-868
-618
-668
-1348
-2379
-2993
-3061
-3153
-3596
-3789
-3186
-2284
-1466
-345
1091
2448
3405
4062
4690
5065
4953
4576
4120
3320
2240
1219
443
151
-281
-1036
-1450
-1510
-582
490
647
848
1057
1472
1598
1027
586
54
-663
-1753
-2713
-2910
-3002
-3328
-3471
-2859
-1808
-948
-243
668
1514
1895
2101
2377
2445
1932
1026
163
-499
-1026
-1541
-2025
-2278
-2173
-1924
-1735
-1506
-1039
-492
-271
-420
-537
-342
-181
-476
-1037
-1387
-1477
-1612
-1824
-1823
-1556
-1399
-1256
-944
-437
30
55
24
138
217
-91
-595
-1116
-1558
-1806
-2349
-2781
-3576
-4409
-4105
-2986
-1476
-820
-234
1499
3578
5644
7054
7862
8270
8064
7869
7700
7029
5476
3441
1928
873
-209
-1294
-1870
-1841
-1998
-2458
-2422
-1580
-803
-846
-1373
-1771
-1996
-2284
-2683
-3236
-3885
-4265
-4158
-3712
-3067
-2237
-1285
-292
709
1779
2842
3643
4195
4338
4055
3732
3295
2760
2215
1491
574
-47
-204
-82
-180
-516
-121
402
667
324
-47
662
925
576
-105
-493
-281
-502
-815
-1291
-1632
-1652
-1456
-924
-529
-381
-365
-168
289
737
818
658
670
633
287
-128
-179
59
80
-368
-937
-1211
-1098
-871
-1040
-1453
-1617
-1617
-1619
-1621
-1664
-1655
-1600
-1534
-1305
-946
-637
-494
-458
-380
-312
-190
80
190
70
-73
-246
-292
-191
-300
-726
-1107
-1260
-1298
-1494
-1863
-2020
-2217
-2995
-4072
-4133
-2783
-1295
-932
-915
296
2417
4743
6093
6843
7441
7165
7066
7051
7002
6154
4053
2302
1153
361
-631
-1336
-1244
-1394
-2162
-2791
-2239
-973
-468
-1262
-2288
-2586
-2511
-2649
-3074
-3484
-3759
-3799
-3475
-2815
-1897
-914
-22
836
1706
2546
3279
3835
4012
3727
3113
2508
2099
1790
1434
711
46
-90
233
594
436
395
677
788
491
124
739
1496
1235
162
-836
-605
-140
-166
-483
-1096
-1243
-1393
-1242
-497
-161
-265
-766
-752
-30
266
322
433
463
136
-535
-631
-102
115
-436
-1364
-1750
-1383
-996
-1115
-1500
-1656
-1541
-1460
-1423
-1188
-864
-754
-860
-883
-567
-57
301
226
-178
-446
-361
-71
70
-127
-614
-988
-991
-729
-423
-343
-472
-913
-1187
-1304
-1523
-1685
-2185
-3076
-4441
-4891
-3660
-1935
-893
-869
-106
1983
4592
6586
7424
7808
7802
7540
7082
6554
5850
4411
2445
738
-258
-900
-1248
-1091
-867
-1215
-1848
-1774
-886
-154
-450
-1724
-2868
-3033
-2860
-3312
-4012
-4294
-3961
-3410
-3028
-2052
-773
528
1342
1736
2435
3260
3799
3839
2468
2071
2554
1705
959
1163
1700
-35
11
564
871
465
1005
812
675
688
533
-326
-1173
-747
-247
-310
-954
-1447
-284
245
48
155
238
387
143
-49
96
55
-55
-625
-919
-945
-1023
-524
-353
-884
-726
-46
-7
-111
-2
-29
-452
-1053
-1279
-1048
-1117
-1914
-2256
-2116
-1819
-1572
-1064
-336
-574
-384
163
388
580
557
740
450
-28
-380
-565
-322
-294
-758
-996
-667
-390
-360
-517
-309
-466
-926
-1080
-1589
-1968
-2464
-2860
-3680
-4829
-4266
-2572
-1047
-461
-16
1425
3457
5885
7559
7657
7085
6837
6904
6382
5100
3460
2077
1095
-24
-965
-1439
-1242
-606
-404
-787
-1242
-1015
-280
-18
-920
-2502
-3506
-3524
-3275
-3574
-4197
-4357
-3633
-2375
-1342
-570
381
1530
2581
3113
3031
2941
3109
3105
2565
1568
756
622
935
1166
998
775
997
1559
2112
2267
1865
1356
968
471
-208
-1024
-1785
-2284
-2643
-2944
-3038
-2801
-2270
-1647
-1107
-678
-265
239
777
1115
1086
761
426
299
274
128
-187
-444
-406
-126
183
346
387
386
356
234
16
-307
-697
-1056
-1426
-1718
-2052
-2322
-2297
-2001
-1443
-1077
-872
-558
-51
592
860
752
538
437
419
214
-170
-583
-829
-812
-621
-444
-343
-266
-170
-38
-21
-279
-719
-1080
-1378
-1858
-2484
-2884
-2696
-1837
-647
325
944
1684
3022
4742
6014
6171
5385
4510
4193
4223
3847
2636
962
-347
-752
-422
8
63
-227
-472
-312
227
696
611
-77
-1006
-1727
-2008
-2051
-2315
-2888
-3320
-3217
-2590
-1676
-772
-91
400
887
1430
1941
2244
2146
1601
845
223
-137
-350
-624
-935
-1022
-740
-187
472
1047
1378
1470
1406
1288
1001
501
-213
-1125
-1907
-2591
-3191
-3387
-3228
-2937
-2305
-1497
-948
-222
425
780
1403
1669
1449
1380
1369
1165
642
91
-337
-532
-614
-883
-912
-716
-253
376
894
1352
1567
1769
1857
1840
1828
1630
1333
818
327
-3
-299
-543
-806
-989
-1014
-859
-716
-617
-369
-173
21
197
229
256
140
-36
-158
-278
-374
-489
-605
-753
-811
-738
-667
-504
-318
-148
28
144
316
476
518
524
446
302
187
69
-50
-122
-231
-354
-390
-316
-153
13
143
292
425
481
556
638
631
521
327
103
-54
-102
-181
-262
-313
-311
-196
-78
80
203
266
321
340
423
466
417
272
69
-50
-117
-175
-258
-379
-437
-434
-419
-316
-154
-85
-56
-23
27
116
168
220
193
67
-73
-175
-152
-166
-245
-330
-408
-405
-376
-294
-197
-148
-97
-37
41
83
103
102
60
-23
-121
-102
-56
-65
-108
-129
-25
51
111
190
243
307
325
334
335
318
312
244
127
8
-51
-91
-145
-192
-241
-232
-207
-142
-50
-35
-2
23
92
159
140
126
83
62
46
-8
-69
-103
-109
-76
-31
-37
1
82
140
128
117
84
56
76
-14
-69
-102
-147
-178
-256
-269
-253
-234
-189
-107
-33
89
179
195
290
314
309
296
299
279
175
110
0
-54
-60
-60
-22
-11
59
73
84
133
112
152
173
107
38
-58
-83
-83
-132
-178
-237
-245
-204
-171
-105
-48
-29
22
38
42
118
166
132
67
2
-14
-5
-7
1
14
28
52
84
113
119
103
69
20
-25
-82
-184
-287
-340
-360
-368
-355
-313
-283
-272
-256
-224
-182
-134
-81
-26
23
59
79
89
89
78
61
40
19
3
-5
-8
-6
4
17
35
54
61
47
26
-9
-53
-94
-124
-118
-106
-111
-130
-152
-160
-169
-160
-66
-9
-21
16
22
62
149
173
165
110
18
40
227
318
222
-32
-359
385
2020
2794
2784
2043
1387
1564
1686
1754
970
-138
-797
-1428
-1687
-2047
-2506
-2966
-3331
-3444
-2787
-1237
-81
991
1657
1493
1738
2266
2496
1837
657
14
-332
-61
493
255
-604
-1269
-1418
-1122
-508
-384
-660
-914
-703
-160
221
171
-559
-851
-702
-391
-516
-831
-1023
-1444
-435
682
1176
1525
1106
919
1232
1168
701
508
-175
-624
-512
-565
-545
-734
-726
-877
-268
984
1341
915
137
-278
-407
-354
-670
-1117
-1324
-1044
-437
-380
-131
127
663
1074
1020
1437
1378
631
-120
-376
-266
128
383
-62
-719
-900
-96
627
863
896
656
626
667
669
501
203
-99
-576
-853
-908
-703
-332
-421
-464
-182
129
464
321
20
27
-54
-188
-531
-986
-962
-693
-281
77
-78
-70
216
421
663
475
152
269
337
322
255
-80
-229
-286
-246
-68
-112
-32
3
59
319
354
173
-80
-344
-533
-362
-216
-127
-14
-40
152
341
520
450
272
323
305
290
105
-89
-229
-413
-504
-499
-310
-68
38
57
201
304
220
51
-205
-496
-601
-453
-278
-201
-289
-187
132
334
393
285
325
350
265
244
115
-75
-271
-326
-311
-295
-168
-107
-67
2
69
265
432
344
136
-81
-186
-17
96
90
193
215
279
328
250
182
118
113
46
122
281
265
248
206
163
137
295
511
452
324
194
73
91
44
-80
-19
104
101
-15
-225
-216
-56
-113
-279
-525
-554
-319
-210
-306
-567
-557
-315
-89
29
-131
-327
-423
-304
-106
-78
-238
-536
-702
-515
-95
233
323
247
156
192
348
453
326
46
-211
-328
-283
-217
-192
-192
-189
-42
204
318
308
232
91
8
55
101
-86
-373
-459
-436
-375
-270
-314
-327
-64
268
519
639
657
643
527
347
125
-45
-1
20
4
78
5
-9
226
396
545
572
326
123
111
258
330
149
-76
-140
-33
209
261
188
209
39
26
52
51
133
10
53
32
64
180
96
70
-30
61
267
214
-59
-385
-619
-540
-132
79
81
-31
-215
-77
180
181
19
-259
-532
-596
-466
-192
-110
-337
-436
-469
-572
-451
-365
-476
-401
-246
-154
32
14
-217
-165
-60
-34
12
-81
-318
-530
-496
-308
4
110
134
167
42
75
-31
-5
32
-78
-44
-206
-161
37
71
127
284
339
341
413
452
754
920
801
633
425
447
451
402
321
2
-180
-129
-156
-237
-241
-172
-55
141
308
279
174
151
30
-80
-31
-137
-208
-173
-197
-75
84
198
257
252
282
250
229
271
174
53
31
-54
-97
-65
-83
-106
-156
-162
-128
-107
-21
-42
-55
20
-64
-87
-29
-94
-163
-240
-300
-268
-223
-180
-160
-170
-121
-66
-84
-85
-58
-29
-23
-43
-4
26
52
53
50
122
110
71
36
63
97
42
41
50
17
-85
-90
-22
-20
-3
-62
-115
-108
-84
-38
-28
-21
-42
-88
-98
-39
62
52
-38
-95
-88
-105
-124
-80
-73
-33
-67
-70
11
3
71
70
20
38
34
48
9
-11
11
10
19
44
64
68
135
150
134
173
158
203
182
153
192
119
125
85
-6
-14
-72
-84
-77
-77
-71
-127
-112
-54
-82
-89
-77
-37
77
82
55
69
70
151
172
102
63
8
-18
-13
-5
-5
-16
33
32
2
29
61
93
34
-18
14
20
13
-63
-81
9
-39
-83
-44
-61
-95
-56
-41
-87
-59
48
47
19
72
16
30
-20
-70
-203
-213
-187
-215
-219
-199
-122
-50
66
33
61
202
259
272
248
-6
-91
-83
-38
-70
-59
-272
-406
-213
18
145
89
34
-54
-21
149
292
223
118
-131
-235
-26
-13
-97
-165
-210
-9
248
433
265
53
-137
36
845
1387
1489
1015
151
-208
44
332
-137
-1199
-1930
-1900
-1009
5
-87
-869
-1272
-1107
-224
670
628
111
-131
409
1277
1511
925
-65
-670
-478
319
680
339
-425
-825
330
1401
1266
397
-487
-417
-258
0
132
-685
-1007
-569
92
602
259
-534
-956
-267
678
968
837
142
-389
-264
-235
-303
-141
-252
-419
-287
374
873
336
-2
-231
-403
-397
-655
-508
-404
-275
118
340
394
189
-156
-268
-88
78
81
-287
-543
-306
74
268
139
-46
-298
-180
180
60
23
111
206
395
226
-203
-764
-743
142
651
547
172
-159
-83
115
269
301
81
-128
-34
267
373
83
-262
-195
52
262
386
206
-51
-350
-422
-298
-225
-224
-451
-411
-384
-220
310
486
418
249
313
505
330
-7
-240
-202
31
197
83
-177
-337
-131
383
637
357
-91
-251
-168
-101
-204
-513
-743
-603
-324
-237
-203
-13
276
542
691
680
626
614
518
281
-7
-261
-325
-150
21
37
-11
-50
-3
206
395
255
-100
-300
-311
-192
-33
-160
-431
-432
-280
-126
-57
-195
-276
-92
232
480
482
375
267
149
140
156
113
-10
-267
-325
-129
-23
22
5
5
146
152
13
-129
-231
-194
-196
-354
-399
-370
-280
22
132
26
9
43
168
262
254
126
-64
-37
74
97
97
105
215
407
475
332
156
-12
-92
-34
-83
-128
-192
-310
-252
-161
-21
26
-124
-121
-31
137
276
113
-42
-124
-205
-199
-195
-195
-180
-193
-203
-78
123
269
369
249
105
229
272
208
115
-91
-206
-193
-9
76
-79
-62
2
32
41
-30
27
96
99
-11
-279
-357
-240
-106
84
66
-32
63
140
317
493
385
124
-51
35
134
59
-5
-86
-182
4
195
99
-85
-293
-254
-76
-121
-197
-220
-266
-108
122
139
130
-31
-88
45
159
397
258
-29
-106
-183
-32
56
10
44
-71
-119
16
122
142
22
-73
17
112
19
-183
-351
-420
-197
19
-58
-108
-78
85
242
130
73
6
-29
131
136
126
44
-158
-151
-33
56
17
-132
-211
-67
93
88
10
-126
-106
-29
33
123
54
104
200
216
125
-189
-269
-218
-92
-19
-219
-242
-234
-82
257
421
349
185
146
-9
-165
-135
-103
-160
-255
-246
-154
29
242
364
489
591
464
233
145
-12
-220
-255
-303
-324
-315
-256
-152
-101
51
70
33
74
38
119
178
140
112
142
153
40
33
-28
-101
32
37
40
101
138
116
63
166
152
104
125
11
-88
-71
-26
-25
-17
16
0
-14
53
69
42
82
50
37
120
82
-18
-57
-119
-131
-67
-67
-90
-31
-9
-61
-77
-47
-32
-21
-25
-87
-83
-106
-135
-86
-78
-71
-93
-42
-10
-3
42
40
82
75
81
40
3
46
-18
-62
-43
-66
-91
-29
-25
-45
-52
-87
0
43
60
56
-3
7
9
-7
-24
-72
-132
-95
-19
13
-3
-67
-28
38
59
65
-4
-39
0
-13
-21
-36
-71
-21
-39
-26
21
-12
54
74
82
136
110
112
150
124
67
57
35
22
0
-75
-95
-66
-30
1
17
17
36
72
79
30
-35
33
96
64
8
-115
-61
56
25
23
-30
-11
82
89
86
22
-28
-50
-30
21
26
5
-23
-34
10
90
59
-13
-8
3
-54
-47
24
-26
-16
44
18
-10
-30
-22
-21
-12
-12
-10
47
16
-72
-76
-54
-65
-28
13
-48
-35
2
-38
-29
-34
11
71
57
50
37
7
7
72
73
-9
-49
-56
-62
-19
39
-53
-132
-97
-93
-37
73
-21
-68
74
128
151
168
156
58
67
191
-12
-139
-56
-173
-48
140
191
-26
-37
69
55
118
98
-54
-215
-65
28
-3
-184
-228
-279
-182
-25
-24
-72
-141
-78
54
70
66
10
-122
-57
-73
-28
10
77
185
226
21
-27
71
54
-38
-180
-313
-86
123
-47
-92
64
84
191
282
-19
-412
-531
-407
-124
63
63
82
106
112
194
109
-166
-131
125
61
-40
89
-21
-197
74
333
248
235
277
144
46
36
72
126
68
129
259
135
165
272
221
416
520
307
223
99
18
49
-122
-101
90
179
179
-69
-227
-185
-196
-237
-340
-587
-533
-299
-389
-270
-179
-263
-164
-328
-254
-50
-145
1
39
55
96
84
407
420
233
216
44
17
-16
-203
-112
116
133
-9
-204
-291
-137
31
70
-147
-350
-187
-19
104
1
-193
-280
-319
50
257
230
114
-122
-174
-154
136
305
105
-105
-167
35
136
126
328
580
645
609
425
66
-61
-86
-292
-354
-417
-518
-419
-236
144
336
253
268
-3
-180
-27
-183
-364
-191
-107
-106
-38
-161
44
440
426
258
123
216
221
62
9
-133
-316
-443
-413
-142
267
497
444
393
264
116
-56
-464
-606
-468
-336
-113
20
178
363
257
58
-60
-61
104
93
24
-74
-317
-198
-54
-70
-80
-149
-17
339
518
88
-255
-113
160
315
60
-111
-124
-107
28
-59
-63
45
108
361
372
228
115
-224
-196
59
71
123
-5
-343
-501
-293
60
211
160
148
287
345
207
-184
-463
-271
138
339
-6
-326
-222
-48
-96
-261
-295
-92
233
318
217
-23
-44
188
296
346
-1
-272
-183
-198
-191
-89
-39
10
99
43
21
-6
-66
82
261
196
-96
-118
76
128
78
-78
-274
-266
-34
-1
-52
106
226
202
118
160
187
-10
-103
-56
-27
-62
-184
-223
-192
-106
53
124
26
42
156
141
143
32
-116
-160
-156
-201
-199
-25
-12
-138
-158
-5
0
-39
102
76
152
134
-132
-213
-200
-75
159
235
123
71
73
89
238
257
9
-170
-238
-270
-122
-33
-54
22
127
145
125
106
-65
-70
101
96
59
25
-51
-115
-23
-11
-153
-76
47
57
123
97
-117
-132
72
57
34
150
75
-56
65
151
8
-9
25
-51
78
171
32
-29
-53
-72
18
183
-16
-28
-37
-109
-81
-13
7
-122
55
-143
79
66
441
67
27
-41
-161
108
-254
-70
-159
-37
-106
-62
-39
-169
102
124
338
3
163
-17
-46
83
118
-43
-79
-69
-107
66
114
-53
-22
-164
42
497
606
352
-206
-349
-263
-255
2
48
-92
-171
-135
-122
-34
91
90
102
39
13
18
-68
-104
-69
-59
-63
-57
-83
-109
-77
14
44
11
22
40
10
-45
-51
-38
-71
-76
-11
27
8
-20
-6
37
37
114
174
89
43
-2
-47
-50
-55
-3
-18
-74
-42
2
29
38
75
112
65
60
77
19
-23
26
82
17
-48
-47
-39
10
-4
-26
18
-16
-10
21
-5
0
-1
46
37
-6
20
-3
-46
-61
-28
-21
10
66
11
27
37
-7
5
-19
-1
1
-21
-39
-79
-5
-23
-57
39
45
30
13
7
7
-27
35
59
3
-40
-67
-23
31
32
-23
-59
-27
37
71
56
34
-25
17
55
23
59
33
-31
-69
-27
40
23
-2
-15
-53
-4
106
95
53
-39
-111
-88
-26
18
-26
-1
-2
15
38
12
-1
-63
8
-12
-74
-18
-12
15
21
16
-11
-17
47
25
-122
-145
-88
-72
51
58
67
136
73
65
84
111
73
-28
-75
-93
-82
0
-12
-87
-33
-25
30
-13
3
20
56
33
-50
-47
4
38
43
-20
-99
7
43
132
141
44
25
-41
-51
-32
-57
-29
-6
18
66
58
6
-21
-50
-17
42
35
19
-56
-98
-61
-38
16
24
-19
52
49
74
98
-23
26
9
-20
32
-23
-145
-114
-111
32
110
118
146
17
-18
50
50
36
-13
-68
-105
-103
-41
4
-14
-32
-51
104
44
-3
38
87
96
6
-14
-121
-128
-6
63
-30
-104
-74
5
84
135
52
9
48
60
85
42
-103
-140
-151
-88
48
11
21
54
53
123
61
17
51
26
18
-9
-74
-108
-123
-97
-28
18
33
70
128
49
8
91
89
72
29
-16
-76
-44
26
-46
-43
-11
8
7
-60
-77
-36
44
76
39
18
6
-20
30
-10
-88
-51
-47
27
28
8
44
-9
14
22
22
51
27
-9
-34
8
50
-19
-95
-60
-7
27
-34
-65
28
23
-6
-67
-122
-4
60
46
41
6
27
62
51
18
-27
-70
-106
-80
-34
-38
-39
-11
16
18
34
58
51
44
20
11
21
-71
-88
-56
-50
69
50
30
56
26
59
24
11
-43
-56
-42
-83
-55
-76
-70
9
31
77
99
63
32
-16
-8
13
55
47
20
-66
21
15
32
-100
157
276
90
122
-146
-35
-61
0
45
-96
-48
94
49
-18
54
50
130
37
75
48
-10
-37
-29
-51
-56
-48
-35
-31
44
10
82
118
48
120
109
40
12
-39
11
-30
-54
-14
-84
-94
-101
-86
-49
-137
-104
-41
-55
-82
-111
-69
-54
-24
-7
-40
-29
-16
-32
-30
-23
-17
15
6
37
35
8
38
12
45
44
-2
4
-54
-22
2
-14
34
-6
29
49
32
92
49
28
54
21
4
78
92
18
-17
-5
62
41
14
-10
-47
2
14
66
85
62
26
25
33
33
50
-6
-46
-85
-45
-123
-85
-34
-18
10
-8
-13
-14
73
105
109
10
-49
-33
-48
33
-41
-100
-46
-33
-67
-17
-51
-2
28
34
25
-40
-1
4
-9
-29
12
-4
57
38
-1
18
0
16
-47
-16
15
38
36
4
