5
4
2
4
3
3
1
-1
0
-2
-5
-5
-6
-10
-14
-6
-9
-13
-12
-13
-13
-16
-14
-12
-19
-16
-19
-17
-15
-17
-18
-20
-17
-14
-15
-14
-19
-10
-7
-9
-3
-10
-7
1
2
4
1
4
6
7
11
16
19
16
23
27
25
20
29
32
25
30
30
33
26
28
28
38
32
28
31
30
34
36
30
32
27
28
28
26
26
26
25
22
17
15
18
16
10
6
7
10
6
3
0
-2
-5
-5
-4
-4
-6
-12
-13
-17
-20
-24
-27
-30
-33
-40
-47
-54
-56
-56
-55
-56
-61
-66
-67
-68
-68
-68
-71
-73
-73
-72
-71
-70
-69
-69
-69
-71
-72
-72
-70
-64
-60
-53
-50
-46
-43
-40
-34
-30
-24
-16
-8
0
9
20
29
43
59
73
84
94
102
113
126
139
148
153
156
157
158
159
157
155
150
145
137
133
127
122
115
106
98
88
74
59
45
35
26
20
13
5
-1
-9
-14
-18
-25
-32
-38
-43
-44
-46
-46
-47
-51
-58
-66
-72
-79
-85
-91
-95
-99
-103
-108
-111
-113
-110
-109
-108
-113
-118
-120
-119
-113
-108
-103
-99
-95
-92
-92
-94
-92
-88
-83
-78
-79
-80
-81
-78
-73
-69
-66
-59
-53
-49
-49
-45
-28
9
54
96
124
136
145
156
176
197
221
245
265
274
268
252
237
232
238
239
228
203
171
146
130
122
115
105
87
59
21
-16
-48
-67
-73
-76
-82
-97
-118
-135
-144
-142
-132
-118
-110
-105
-101
-94
-80
-57
-33
-9
7
13
15
16
27
45
70
92
104
103
94
83
78
84
92
94
90
75
54
36
23
18
15
9
-5
-27
-53
-77
-92
-99
-101
-107
-122
-144
-167
-183
-188
-185
-179
-173
-176
-185
-198
-208
-211
-207
-200
-200
-208
-222
-237
-244
-239
-225
-212
-205
-212
-225
-233
-228
-194
-129
-48
23
70
92
106
124
153
193
247
306
353
374
368
352
348
363
390
408
403
375
336
301
279
275
280
283
267
229
169
105
52
23
20
26
19
-16
-63
-99
-110
-101
-84
-69
-62
-66
-79
-89
-78
-41
11
54
70
60
39
28
38
68
104
132
139
125
100
74
61
65
76
79
64
30
-6
-34
-48
-51
-53
-66
-94
-138
-185
-218
-234
-234
-228
-228
-240
-265
-293
-309
-305
-288
-269
-258
-257
-270
-288
-302
-299
-277
-252
-242
-257
-284
-307
-318
-314
-295
-272
-257
-266
-300
-345
-366
-330
-232
-100
15
87
120
136
148
173
221
303
408
500
547
541
513
500
519
559
594
602
576
528
480
448
439
447
463
465
437
368
268
172
110
95
104
104
71
10
-53
-96
-110
-98
-78
-64
-67
-83
-106
-116
-100
-53
9
55
64
42
11
2
25
72
122
155
163
144
115
93
91
102
111
102
72
27
-19
-49
-62
-62
-72
-105
-162
-230
-292
-336
-358
-365
-366
-368
-373
-384
-402
-416
-414
-394
-373
-367
-377
-393
-397
-387
-367
-347
-332
-330
-341
-368
-399
-423
-429
-416
-392
-374
-370
-375
-391
-407
-410
-373
-286
-178
-77
-6
54
106
145
178
222
304
413
520
599
636
642
645
669
720
770
786
773
734
702
682
654
641
622
623
619
576
503
396
318
285
280
271
226
163
110
78
59
29
-11
-37
-43
-39
-43
-56
-55
-29
10
41
43
28
5
-4
9
33
61
77
75
67
48
21
-5
-31
-37
-48
-78
-128
-187
-228
-249
-260
-276
-310
-362
-416
-456
-467
-465
-456
-452
-462
-474
-505
-532
-544
-529
-469
-426
-415
-455
-500
-490
-445
-387
-367
-364
-352
-337
-322
-335
-344
-337
-323
-312
-327
-328
-316
-288
-263
-273
-288
-316
-311
-275
-216
-131
-45
51
136
187
196
197
237
350
502
624
695
704
714
742
779
820
831
841
846
842
823
767
716
693
716
756
749
682
571
479
438
429
431
409
353
275
206
169
148
130
123
126
118
85
32
-11
-31
-31
-23
-13
-6
-11
-26
-57
-92
-112
-107
-94
-94
-109
-131
-156
-181
-196
-195
-190
-212
-254
-288
-307
-304
-296
-300
-319
-359
-373
-377
-384
-401
-421
-410
-385
-369
-381
-414
-430
-427
-414
-398
-378
-354
-337
-334
-339
-337
-315
-286
-279
-283
-291
-309
-311
-308
-303
-311
-318
-303
-312
-339
-376
-397
-378
-370
-395
-447
-464
-421
-359
-296
-249
-202
-131
-45
2
-3
14
118
288
447
543
561
542
567
654
734
764
768
783
815
838
815
761
704
701
750
786
766
688
640
615
582
579
568
538
505
483
433
353
301
288
290
276
223
165
116
81
91
133
148
131
103
106
144
155
123
87
63
42
30
11
-51
-123
-146
-153
-181
-217
-275
-334
-367
-398
-411
-397
-401
-444
-492
-507
-510
-525
-545
-569
-588
-575
-551
-559
-587
-613
-616
-604
-584
-565
-553
-527
-503
-489
-466
-461
-449
-416
-372
-345
-370
-381
-358
-310
-277
-297
-308
-323
-328
-318
-297
-269
-276
-297
-323
-344
-332
-287
-254
-224
-184
-133
-39
49
115
141
149
208
328
477
558
586
598
645
721
775
800
787
801
865
936
962
907
841
823
846
879
873
787
680
630
638
657
639
596
542
498
488
483
449
399
350
323
322
313
269
245
241
231
216
179
135
105
100
67
-2
-20
-7
-27
-81
-138
-169
-179
-200
-252
-288
-299
-324
-374
-418
-430
-421
-434
-474
-507
-513
-505
-516
-550
-580
-589
-590
-581
-571
-564
-556
-553
-580
-593
-561
-535
-508
-499
-497
-489
-497
-483
-423
-361
-335
-339
-368
-389
-362
-313
-282
-282
-291
-265
-204
-166
-188
-222
-228
-214
-179
-150
-165
-191
-205
-201
-182
-177
-187
-184
-157
-103
-15
73
109
83
75
166
304
418
454
471
532
606
691
728
739
745
756
813
852
850
808
763
753
759
780
780
730
656
621
633
653
630
569
510
487
480
440
378
336
319
332
312
237
185
159
140
133
121
93
95
93
48
-2
-48
-54
-81
-127
-155
-179
-228
-298
-299
-318
-326
-328
-394
-437
-486
-485
-451
-438
-472
-553
-584
-588
-580
-592
-598
-583
-585
-596
-589
-566
-585
-622
-599
-535
-505
-482
-450
-444
-423
-373
-316
-291
-282
-264
-206
-167
-183
-148
-98
-60
-64
-82
-43
-25
-47
-68
-60
-32
-40
-80
-106
-92
-73
-79
-102
-102
-91
-101
-120
-120
-101
-97
-110
-89
-8
100
157
154
155
202
287
380
455
503
536
578
621
645
665
675
675
725
791
774
712
661
646
696
715
670
617
577
558
512
492
482
444
432
383
344
326
253
231
242
221
196
183
187
160
115
96
96
113
116
80
0
-61
-81
-79
-67
-94
-165
-216
-242
-291
-326
-337
-392
-442
-460
-485
-510
-530
-557
-588
-579
-553
-566
-583
-625
-624
-577
-568
-517
-515
-539
-518
-511
-452
-412
-382
-326
-298
-280
-268
-236
-191
-141
-129
-127
-73
-33
-45
-71
-44
6
16
33
74
67
26
36
46
35
54
77
78
69
41
7
0
9
5
7
-29
-78
-92
-99
-100
-95
-75
-102
-129
-60
15
71
79
58
108
135
180
261
287
320
362
409
451
441
387
412
503
547
551
502
475
464
438
443
428
432
451
415
388
376
372
389
357
311
301
295
310
279
243
246
253
269
229
185
188
198
192
135
76
47
0
-38
-60
-119
-149
-199
-261
-246
-263
-305
-351
-401
-417
-421
-420
-435
-442
-459
-471
-475
-487
-482
-476
-468
-458
-459
-445
-414
-387
-384
-375
-368
-363
-302
-275
-276
-227
-181
-135
-113
-125
-116
-100
-38
8
2
17
20
27
58
103
127
111
114
132
120
106
114
122
109
84
53
19
0
15
-6
-64
-71
-65
-105
-128
-130
-167
-210
-210
-206
-188
-147
-131
-160
-156
-93
-39
-29
-78
-28
63
96
186
204
209
249
250
296
316
327
384
407
442
464
425
402
390
416
450
428
413
356
385
455
407
386
371
359
369
338
339
358
344
341
349
333
312
285
258
241
228
224
190
130
69
24
3
-30
-56
-53
-97
-145
-166
-204
-245
-290
-339
-342
-333
-337
-358
-416
-419
-389
-405
-444
-468
-447
-402
-357
-373
-391
-380
-364
-321
-303
-270
-299
-295
-256
-256
-162
-131
-133
-100
-103
-48
-17
-55
-49
-2
57
112
68
32
46
48
99
137
104
81
107
78
64
69
53
40
-36
-43
-31
-43
-67
-142
-134
-109
-117
-145
-196
-214
-219
-238
-279
-300
-280
-251
-237
-216
-180
-152
-143
-165
-149
-48
63
100
85
84
102
141
207
237
237
275
302
330
396
409
389
385
376
409
459
456
446
443
424
432
446
459
480
465
419
419
424
374
355
360
384
364
312
323
274
271
303
226
189
129
87
123
80
25
-27
-75
-92
-130
-149
-180
-232
-291
-348
-368
-357
-360
-411
-437
-434
-423
-393
-424
-486
-479
-440
-425
-400
-381
-376
-355
-338
-337
-311
-267
-264
-270
-215
-144
-130
-138
-134
-117
-72
-43
-51
-38
-24
-26
0
15
6
17
21
20
19
5
15
54
68
49
31
12
4
2
-19
-46
-54
-63
-100
-126
-144
-175
-185
-167
-177
-192
-201
-285
-307
-281
-301
-247
-225
-213
-154
-147
-123
-129
-98
-17
19
120
147
170
233
238
268
302
350
364
418
445
432
485
447
441
456
443
492
522
514
514
482
443
444
442
471
459
468
491
453
452
421
425
433
402
370
310
298
294
281
247
196
163
102
50
23
-11
-74
-146
-192
-220
-240
-267
-298
-343
-364
-368
-408
-450
-456
-445
-445
-459
-503
-510
-448
-452
-460
-458
-475
-428
-429
-382
-324
-394
-374
-333
-322
-258
-253
-223
-170
-143
-127
-119
-93
-65
-33
-24
-1
51
70
69
53
44
69
103
98
111
99
75
78
68
112
79
36
41
-4
-24
-26
-9
-20
-75
-134
-149
-126
-156
-185
-169
-165
-173
-162
-178
-198
-161
-160
-200
-166
-85
-29
29
33
2
29
78
135
201
232
252
261
257
278
309
355
400
413
431
425
395
421
453
439
426
432
431
393
369
383
385
398
395
358
367
379
362
376
372
351
337
295
283
284
233
191
167
125
89
48
4
-34
-74
-111
-148
-184
-219
-256
-289
-319
-352
-381
-405
-426
-446
-458
-467
-475
-477
-475
-471
-462
-454
-447
-445
-438
-426
-413
-402
-392
-377
-343
-309
-297
-291
-265
-217
-180
-138
-116
-102
-39
-13
-82
-91
1
82
202
193
23
-108
25
279
217
134
137
74
122
245
141
316
266
-323
-45
304
583
328
-640
-756
-241
2386
3269
-1112
-3567
-1383
2051
2428
-1306
-2997
-941
1451
1460
-682
-1721
-782
1022
1200
-573
-1454
-488
904
841
-193
-551
-40
394
321
229
348
375
26
-74
481
854
392
-121
115
597
712
500
207
-41
90
633
927
561
-2
40
531
744
411
201
319
361
264
177
258
156
138
180
425
220
-386
-312
-228
229
-114
-343
32
-49
-158
-924
-486
-121
387
-25
-1803
-333
241
-304
209
-1084
-997
466
-385
-612
-635
-597
889
-986
-1540
724
487
-211
-2072
-1626
1254
1871
206
-1434
-1179
49
1367
513
-940
-312
410
103
659
-666
437
67
152
919
-262
-330
-162
648
1004
-705
-752
219
1288
-138
-1393
24
932
841
-1349
-948
923
137
-297
-1007
-282
770
271
-534
-846
-288
621
329
-729
-354
84
21
-1072
-331
1064
459
-182
-1729
245
1613
-599
-284
-252
439
685
-683
505
732
77
134
401
462
-55
880
859
-484
354
573
503
1259
-116
-479
1111
405
521
1593
-1176
416
-480
134
2932
-781
-1609
1022
587
545
-140
-348
-351
-197
1457
932
-803
-1710
-463
1809
1335
-1307
-1857
1064
285
-533
708
-1454
-800
427
-718
1549
-253
-1645
-2017
453
2402
-1444
-2079
-1935
1489
1645
-897
-761
-3113
427
2673
452
-2012
-2767
458
2395
1066
-2397
-3381
1026
3909
1248
-4192
-1716
2224
2642
-192
-4770
888
4046
599
-4172
-1510
3913
1273
-1500
-1577
-1330
1878
2647
-367
-1894
-1858
1302
2398
-1048
-2012
-366
2219
328
-1140
-1211
-536
1389
791
260
-2799
-1286
1557
1344
-445
-1476
70
-86
40
596
-791
1033
-698
-839
559
-227
1862
-100
-417
372
-1387
2106
1136
-1685
-710
1149
2154
-269
388
-261
-448
2196
359
1073
-229
-1434
1120
886
2282
-1095
-2390
2222
935
1017
694
-1237
255
688
355
-482
570
1151
366
450
-1299
439
1515
-412
249
-123
-1641
965
1804
39
-248
-3950
790
3921
-1163
-1977
-2146
1636
1176
-696
-2982
-2567
4246
974
-3193
-1919
228
1517
1172
-3420
-3133
4352
2340
-2192
-4413
-2654
6093
2578
-2865
-4760
-2346
8181
312
-4433
-3088
2220
3437
-891
-2789
336
1815
-1891
395
-1019
2402
-881
-4407
3751
1939
913
-1010
-3884
-1169
4564
2275
-2133
-4733
-368
2398
3037
-331
-4209
-176
2232
175
-798
-1908
-863
2742
-2649
592
-1935
2891
2432
-6346
-1035
3018
3321
-968
-4586
743
2796
1998
-1233
-1784
1201
2060
1124
-804
-2433
2671
2475
-67
-1288
-529
3484
-337
1548
-1376
-547
620
657
2925
289
-2818
1814
141
722
1958
24
146
638
-1441
512
1100
1402
1236
-1033
-858
-1355
3663
1543
-813
-1274
-1866
-2255
5031
3556
-1897
-4872
-4776
7837
3434
-4121
-3379
547
1263
-1961
621
1314
-628
-524
-3421
-184
2138
1824
-2512
-4435
543
3551
3108
-6152
-4601
2622
2028
4088
-3947
-7533
1115
5533
3040
-4372
-8813
2240
8442
1481
-5194
-6662
3651
1235
1200
-952
-1473
1855
-662
-1350
-1706
1943
1952
-1416
-3362
593
2214
1538
249
-5602
-1228
695
5249
2123
-4877
-1989
-1646
1261
2114
1058
-1411
-2775
-861
2818
-433
-396
1401
555
-3177
-1305
4709
4108
-2197
-5629
1588
5742
2346
-1444
-4420
1984
4017
1749
-905
-2389
3687
1611
-1967
-353
2700
4636
-2328
-3501
2093
3085
2362
-2028
-2305
1772
1726
2759
-1802
-2113
1425
-303
3148
-367
-782
1800
-2545
240
1046
2040
-854
-1924
1605
953
1311
-4390
1257
4073
-2734
-205
-2958
1050
5114
-5319
3137
-5475
526
6531
-8224
885
792
3390
-2522
-7545
1831
4786
-157
-4051
-4117
1115
7291
6
-9275
-5140
6412
4511
-901
-2616
-6672
1279
2790
3009
-357
-5503
-1831
2457
5408
-5241
-4726
3466
4280
-1556
-7625
872
5614
3768
-5798
-7566
586
7478
7000
-9150
-8493
1233
6155
7695
-4826
-8985
-1728
4201
4686
-2894
-4105
1273
3253
616
-5470
-1119
6962
2853
-4832
-6437
2729
9084
1801
-5075
-3884
2807
6477
2363
-2404
-3477
1568
6576
2604
-2942
-2411
2034
4999
1351
-1712
748
-750
-105
4178
611
-158
1006
-2402
823
1097
2156
1777
-1853
-1181
-366
3020
3905
-3218
-3292
1060
1287
6566
-3320
-2487
-5339
1999
7755
2014
-6143
-2250
1372
1785
664
-2154
129
754
-379
-1901
1342
2182
-4981
948
-1583
5
3264
-1283
-4306
-2882
2582
2125
1383
-8194
342
325
1344
4435
-2144
-11600
-1407
7190
3586
2627
-10377
-3684
1806
1369
5621
-1794
-4774
-3847
-1457
7071
174
-2557
-1833
-1398
-1622
3252
1989
570
-8678
-742
3574
5799
197
-8555
-4624
3858
6134
705
-8084
-1485
1972
2221
418
-792
-435
-2150
498
-924
4048
2029
2197
-5532
-2569
5151
6903
-69
-4531
-2727
5814
6377
846
-4008
-2884
3893
7010
976
-1407
-510
-489
3103
2238
-459
2570
211
-1665
1306
588
2132
1704
-3169
-359
-2
3704
5641
-5826
-6154
1529
6071
5153
-3179
-7173
-781
4821
4550
372
-6867
-2108
2733
2714
2990
-3299
-4015
1770
3640
-4659
-1059
7405
-2557
-5382
-4818
2555
10211
-534
-11786
-5222
6747
5647
822
-5895
-7355
-3750
9414
6341
-4427
-12800
2585
2950
-1425
1812
-3039
905
-5556
35
1346
193
-370
310
-4757
-2575
4090
-10
1325
-3751
-6202
6627
3441
-3314
-5108
-1660
4266
3073
1206
-7720
-4211
3355
3933
542
-2324
-5570
-2311
2035
2392
1094
1186
-2696
-5775
-411
6861
3250
172
-4820
-3554
5512
4995
3097
-3380
-2603
3510
6005
5279
-2059
-2783
-559
5530
5984
-25
824
-2245
-75
4593
3737
2613
-4707
-140
1718
3614
2002
-1723
-2363
41
1779
407
2527
-1380
-1188
-2003
279
3129
611
302
-2740
-2495
4996
1256
-1862
-1709
-415
2913
-527
-1153
545
-1703
-178
1667
924
-1229
-2925
1693
-40
-2076
3320
-4390
-2147
3538
7
-546
-5247
-2039
1704
1906
-508
-2709
-753
-4270
-839
6829
-6807
779
-1327
-6058
2150
2777
2333
-7831
-2587
674
-346
5752
-2741
-3080
-4179
-466
5839
-96
-702
-5319
-5344
4658
3566
827
-5010
-6770
2552
1953
3586
-1479
-7058
-186
-3102
2903
4548
-1538
-430
-5204
-2443
4117
5847
1541
-3606
-2849
552
6395
4637
-1749
-3224
541
5643
6500
1980
-2820
-1312
3631
6142
3755
-71
-1286
416
2897
3212
1940
433
-361
-265
506
1619
1989
843
-1043
-1884
-509
2095
2312
-72
-2389
-1932
1381
2767
814
-1933
-2702
49
2767
717
-1205
-1500
-991
2297
936
56
-1058
-3165
1237
1529
1668
2112
-5882
-1457
1600
-775
3432
-2346
-2231
-1358
156
-3225
-2171
3353
3581
-4943
-8601
1379
6750
-596
-9303
-421
4690
-1108
-6018
-484
-1646
1607
4354
-5761
-7041
-2261
6846
4420
-4845
-11674
3070
7826
-3851
-2641
-4270
1632
2440
80
-2473
-6125
666
4342
1370
-3124
-5486
-766
1902
365
2243
-779
1502
-4898
-2901
2296
6812
3405
-3599
-4144
697
4895
7175
598
-4331
-2054
6542
9056
2598
-3198
-1255
3071
6050
6016
1547
-593
148
1032
1618
3894
2644
-152
321
-2074
983
2013
1103
233
-2636
241
346
1434
-928
-2225
-2083
309
3271
-305
-635
-3101
-1122
1831
4063
-1098
-1869
-2929
-158
4887
1435
-2144
-4320
-3367
5217
4985
-1306
-6358
-1246
1550
1896
2420
-2532
-4237
-1331
2571
-740
179
1105
-3836
-3462
-2700
2588
1792
-681
-3346
-5513
-2002
2857
3619
-3740
-5989
-3686
1128
1236
3472
-5189
-6957
-1304
729
4204
-1035
-4696
-1407
-2791
1684
1372
-1244
-4107
-2103
1920
597
-58
-904
-3194
-7541
-22
9436
4551
-3125
-10449
-5683
8774
11201
1648
-7252
-7134
4132
10568
5008
-2371
-4489
2524
7310
6043
2455
-1569
331
3070
4421
4878
3093
992
-623
363
3429
4789
2347
-1285
-1895
1097
3769
2332
-1279
-2913
-979
2094
2100
-275
-2828
-2461
694
2396
1803
-1196
-3059
-1898
1311
1916
402
-1951
-2189
1673
240
1340
-143
-1214
1723
-2414
743
1149
329
746
-2664
922
-1188
-1221
2760
108
-1990
-4344
-1435
4525
210
-4828
-2908
-1010
-315
1687
-2926
-2891
-2199
-3095
2793
-3314
-1958
-402
-2541
-729
-1913
-4376
-553
692
-377
-2865
-1986
-1383
724
-870
-3655
-1218
3241
-2388
-3346
-4009
1439
1146
-812
-3070
-6018
4565
3695
3315
-4065
-7395
4280
2641
4578
417
-3360
2014
3238
3303
2654
296
3371
4330
4388
2092
2027
2778
3321
3340
3313
3406
3021
2789
1136
296
1261
3540
4009
463
-855
39
440
1658
1034
-1407
-242
161
-1172
-737
-951
-691
367
-247
-1171
-342
-430
-467
-633
-918
681
560
327
-1491
-1804
1139
2333
1183
-2925
-230
46
1378
2642
-2494
-1296
188
2115
-275
-706
-2550
-354
-907
1019
507
-1713
-3200
-4558
2046
147
-2110
-1199
-1823
-3318
-835
-2294
700
555
-2867
-4356
-4931
3207
1157
-2766
-3910
-1710
-1434
1317
-1504
-3039
-1235
-3475
731
-1301
-889
-912
-2668
-2219
-3516
-859
3697
2046
-4
-5004
-3944
2159
5700
4240
-1627
-2448
2905
5754
2610
-950
314
4692
6735
4064
887
349
2919
5224
4715
2545
1518
2567
3406
2140
448
1042
2845
2895
971
-241
520
1300
565
-435
-35
1051
947
-677
-1893
-1256
70
678
233
-604
-871
-899
-1045
-590
709
1581
161
-2284
-2154
-583
1513
2233
-1093
-2769
-661
2178
2348
-1788
-3690
-326
1137
2836
2681
-5121
-4715
-403
2176
4303
-2701
-4465
-1958
-1334
648
-203
-1653
-2747
-3831
-1639
1957
-1221
-3431
-4780
-3434
3287
474
-4572
-2982
-966
321
-2997
-2833
497
-1321
-2099
-2009
21
-3742
95
-1280
-2271
-1479
-2371
-1977
430
4442
871
-3064
-7482
-388
8974
8028
-1829
-6459
-819
6673
8165
2661
-2891
-430
5534
7597
3828
602
387
2687
4826
3693
4544
3788
1182
340
-175
3956
5508
2882
-311
-3003
-417
3287
3328
153
-2076
-1560
518
2043
-455
-1863
-1025
-481
873
-224
-1200
-887
-1240
-528
-485
180
1011
-704
-2144
-1208
385
1452
1862
-41
-1642
-1051
-198
1247
719
-422
-42
-376
-763
-1010
-444
290
955
-784
-3120
-2215
-823
1601
-256
-3444
-3775
-3627
1551
1335
-3679
-3565
-4156
-1705
1382
-1884
-3017
-2217
-2794
-2394
-2616
-1117
1424
-672
-5698
-5498
695
3237
-505
-4555
-4821
-2231
823
670
-1571
1295
1706
-3521
-3438
-223
4092
6606
655
-3999
-650
4534
6162
2238
-743
2223
5991
5370
1721
427
2396
5571
4947
1884
2139
2731
3741
2178
132
2338
3265
2874
898
-1097
237
2359
1260
-361
-721
-609
1574
178
-1956
-1726
-560
1549
573
-1427
-2125
-1116
-99
402
-435
-686
207
-1069
-942
-831
563
1874
-21
-852
-627
-30
648
829
-310
76
175
-579
482
-279
-1192
-648
106
-840
-210
837
-3009
-2661
-1129
-1496
1312
-395
-2466
-3704
-3572
-804
-1571
531
-2028
-5240
-2224
-1582
-51
-991
-4389
-4052
461
377
-1690
-3846
-5260
1143
2411
-800
-4894
-6284
-2311
1782
4783
2614
-1698
-7562
-4919
4567
8559
5016
-3616
-5013
693
7199
6504
827
-1557
1131
6694
5839
2994
900
910
4191
3944
4076
4257
1871
952
1043
2070
3473
3368
2000
-65
-631
783
1934
1447
219
-608
-129
743
-745
-1551
-494
9
774
-136
-1787
-962
-604
-941
-773
-928
563
929
-1394
-2243
-1649
755
2865
801
-1589
-1763
-767
1231
1334
90
136
-386
-235
-46
-611
169
181
-1087
-931
-49
-1546
-827
-749
-2412
-740
-1212
-1883
-2517
-2060
-711
-1262
-2544
-3751
-2653
-1621
1336
-1918
-6355
-4055
-1655
2214
-560
-4010
-4707
-4681
-244
1656
-47
-3282
-5483
-5302
-17
5228
5124
-1403
-9212
-4709
4423
8257
4421
-3403
-4097
1835
5938
4166
919
273
3507
5660
3357
1657
1729
2993
4074
3324
2949
3646
2799
1067
908
2061
3722
3617
1046
-772
-627
980
2302
891
-643
-79
509
147
-1090
-1606
282
1395
503
-762
-2294
-1380
134
181
-24
-674
8
-85
-1019
-853
-459
952
1724
-122
-1488
-839
-223
1529
1641
-294
-214
-375
190
994
-91
-662
-903
-615
1
-76
-933
-1917
-1370
-477
-433
-1221
-1752
-2713
-2749
-567
-975
-933
-1829
-3855
-1942
-3468
-2493
1217
-1730
-3212
-4546
-3273
1325
-1447
-3449
-2442
-2177
-61
-878
-5257
-4862
1013
4589
3002
-3948
-7176
-1192
5363
6236
1136
-2420
-672
2841
3986
2664
2036
2669
3959
3343
2321
2667
3113
3947
3252
2016
3572
4455
2444
582
-88
2186
4874
3208
558
-1000
-825
1565
1720
588
574
-164
-454
-1080
-1691
178
892
-231
-992
-1706
-348
912
-864
-1796
-1154
182
1648
575
-1628
-1884
-719
579
1572
779
-383
-884
-1088
433
1159
808
230
-889
-570
-299
-288
364
267
-281
-490
-1016
-1748
-1052
-752
-1116
133
-542
-3047
-3831
-2779
1017
1668
-2669
-5013
-4214
-733
395
-1169
-2046
-3454
-2919
-2107
-417
-317
-3726
-3035
-1762
-2123
-1616
-3238
-3225
304
1838
1576
-1758
-5967
-1826
4426
5181
2060
-2882
-2068
3584
5067
3146
898
1278
4968
5017
2338
1037
1644
4433
4540
2971
2604
2654
2894
1797
879
1778
3447
3328
1234
-829
-1136
938
1953
1120
161
-372
49
-291
-1383
-772
589
848
-105
-1722
-1713
21
594
23
-609
-1051
-414
100
-361
-280
189
156
296
-212
-706
351
407
287
408
19
731
310
-488
-250
-146
743
639
-631
-1174
-1063
-207
30
-925
-2311
-1870
-439
743
-408
-4512
-3430
-615
769
-484
-4562
-3996
-1920
-385
-1017
-1894
-2898
-3167
-1931
-2960
-611
-766
-2715
-2687
-2986
-1863
-2113
-587
1396
1712
-1435
-5099
-1792
3032
5092
3159
-1779
-2541
1418
4023
4004
2404
1555
3164
3234
2158
2720
3487
4015
2630
1436
3022
4088
3777
1257
-858
566
3832
4624
1567
-1141
-2009
396
2068
1670
692
-1396
-1224
-1167
-797
-87
-338
-147
-466
-1295
-1465
-338
-409
-237
-340
-660
809
25
-1101
-759
-105
1172
953
-279
-307
387
536
542
345
276
992
91
-824
-6
541
1123
60
-1435
-983
-242
150
-473
-1500
-1641
-962
-529
-1113
-2703
-2700
-659
-960
-1964
-2424
-3313
-1708
-395
-1396
-1614
-2799
-3116
-1971
-2608
-1275
-744
-2080
-2422
-2612
-2096
-3554
-2627
1178
2900
1058
-4382
-4636
112
4238
5097
355
-2469
-242
2892
4391
2636
1293
2672
3857
3674
2422
1899
2897
3543
3153
2871
3347
3243
2489
996
627
2565
3001
2143
324
-1205
102
1260
1367
808
-123
-388
-812
-1470
-1337
-229
518
-176
-1635
-1799
-453
422
-20
-1034
-1118
5
544
-288
-924
-408
826
1336
225
-619
-307
286
1121
1188
110
-8
692
539
118
27
323
652
284
-705
-835
25
-45
-755
-1382
-1188
-627
-709
-1685
-3060
-1731
-249
-1137
-2068
-3091
-3082
-1499
-900
-1622
-2514
-3239
-2358
-1284
-1382
-2589
-3561
-1609
-594
-1306
-3164
-4628
-609
2384
1851
-423
-4781
-3321
1727
4722
3802
-1145
-2112
827
3653
3648
1667
1592
2733
4029
2977
1996
2146
2381
3685
3123
2710
3023
2043
1676
1159
1192
2649
2882
1472
-157
-764
33
1280
1281
166
-490
-492
-549
-980
-1061
-583
266
196
-1157
-2156
-1766
-226
202
-172
-736
-1205
-135
-155
-544
312
392
843
358
-901
-128
818
1285
965
-185
-268
519
988
585
-195
-86
852
770
-624
-1471
-818
460
228
-1364
-1571
-549
-532
-1690
-2473
-1756
-654
-1217
-2234
-2659
-2554
-839
-941
-2759
-2679
-2224
-1399
-813
-1610
-2860
-3064
-935
132
-1643
-4103
-3719
119
2460
2265
-1922
-5216
-1390
2754
4719
2412
-1945
-875
2204
3268
2450
1460
2249
4165
3427
1379
1630
2702
4165
3511
1821
2615
2728
2106
1823
737
1501
2978
2208
911
-675
-689
1088
859
217
242
-340
-594
-1202
-1520
-559
27
193
-635
-2234
-1988
-832
-242
189
-185
-747
-757
-1042
-1054
-23
1237
1519
178
-1255
-630
1021
1629
938
-225
-55
1030
789
204
67
3
690
841
-66
-555
-893
-612
122
-382
-763
-791
-1083
-1142
-1532
-1601
-1022
-1087
-2084
-2450
-2322
-1532
-894
-2320
-2819
-2326
-1907
-1256
-1687
-2031
-2616
-2427
-750
-876
-2434
-3387
-2247
352
2345
1625
-2903
-4713
-728
4071
4932
766
-2411
-870
2685
4321
2704
1107
2000
3507
3320
2334
1884
2582
3377
2503
1928
3040
3162
1652
541
728
2308
3368
2012
-119
-1016
-259
1077
1175
229
-455
-745
-975
-1274
-1282
-630
-3
-256
-1233
-1850
-1403
-608
-398
-500
-245
100
-370
-1446
-1556
31
1807
1721
-107
-1493
-726
1197
2060
1266
58
-133
481
739
368
182
459
891
676
-105
-289
-368
-191
-278
-828
-435
-432
-764
-1216
-2092
-1460
-840
-533
-1082
-2908
-2820
-2197
-1122
-358
-1160
-2573
-3093
-1834
-1406
-1785
-2040
-1657
-920
-1820
-2097
-3165
-2687
1403
2098
1576
-3364
-5114
-274
4507
5216
697
-3066
-928
2973
4425
2642
1485
1486
3178
3404
2399
2617
2531
3468
2800
2041
3060
2862
1964
667
589
2285
3333
1771
-246
-1087
-257
1398
1081
362
-208
-1155
-1162
-1139
-1182
-336
56
-556
-1343
-1946
-1621
-741
-184
10
-277
-744
-1032
-1040
-487
401
860
604
-74
-560
-251
598
1079
837
358
426
690
436
189
113
475
1113
587
-405
-531
-430
68
289
-661
-762
-581
-996
-1138
-1501
-1441
-830
-982
-1940
-2142
-2251
-1810
-780
-1507
-1997
-2300
-2419
-1670
-1695
-1289
-1703
-2504
-1980
-1660
-1333
-2087
-2051
-17
1160
784
-1866
-3009
-567
2609
3624
1298
-679
-68
1815
2341
2124
2344
3248
3588
1749
1044
1786
3594
4291
2406
1384
1584
2579
2599
1101
560
1797
2697
1763
134
-1126
-326
1196
896
119
-282
-691
-941
-1336
-1305
-429
204
-79
-1542
-2338
-1318
-586
-175
-126
-850
-639
-654
-1333
-697
202
905
989
-391
-761
-5
455
979
542
163
943
766
39
-104
35
996
1563
621
-449
-827
-413
349
337
-253
-787
-1126
-894
-731
-1132
-1180
-1163
-1520
-1436
-1356
-1731
-1783
-1927
-1754
-1036
-1357
-2070
-2078
-2170
-1827
-514
-744
-2128
-2650
-2567
-1847
-742
811
1263
-181
-3034
-3134
947
3518
3237
97
-1237
782
2571
3153
1472
1523
3065
4015
3084
845
1212
2998
4316
3513
1999
1653
1816
1911
1599
1428
1841
2294
1461
279
-687
-86
966
739
493
-462
-619
-899
-1540
-1104
-658
166
-146
-1468
-2044
-1754
-1034
-310
-137
-687
-627
-703
-1208
-888
-133
728
1073
95
-952
-716
341
979
525
257
595
548
369
-80
-280
658
1119
542
-70
-733
-722
111
262
-325
-699
-684
-578
-857
-1393
-1483
-1124
-902
-1239
-1958
-2202
-1780
-1247
-1013
-1680
-2373
-1818
-1364
-1435
-1661
-2457
-2093
-853
-841
-1614
-2842
-2942
-422
1874
1764
-1032
-4141
-2346
2147
4443
3139
-996
-2219
1001
3797
3689
2217
1084
2344
3674
2223
2054
2368
2888
3432
2290
2316
2685
2253
1132
538
1500
3024
2727
424
-1323
-1337
1104
1765
522
-296
-1473
-1017
-592
-912
-732
-486
-338
-802
-1622
-1754
-885
-281
-221
-454
-676
-428
-675
-1146
-429
584
778
527
-419
-1008
-24
903
803
403
292
469
222
-275
-74
675
1153
685
-363
-796
-366
293
191
-557
-789
-634
-350
-546
-1482
-1583
-1012
-886
-932
-1740
-2392
-1540
-1327
-1272
-1347
-2282
-2026
-1501
-1576
-1642
-1605
-1831
-1296
-903
-1313
-2115
-3545
-1325
1570
2387
851
-3845
-4169
152
4533
4896
489
-2564
-1138
2864
4193
2774
1464
1527
3142
2819
1836
2036
2550
3598
2714
1769
2389
2237
1798
1018
797
2192
2973
1298
-693
-1288
-242
1897
1742
-17
-1122
-1591
-805
-418
-745
-135
-105
-902
-1654
-2332
-1197
239
-43
-485
-1111
-1290
-519
-533
-478
76
119
324
95
-670
-433
302
461
379
335
371
296
13
45
401
931
887
146
-557
-520
21
123
-19
-752
-708
-427
-856
-821
-1140
-903
-930
-1168
-1029
-1585
-1593
-1790
-1691
-1177
-1363
-1465
-1965
-2087
-1839
-1701
-930
-937
-1755
-2037
-1836
-2171
-1110
1006
1054
157
-2642
-3700
4
3693
4149
510
-2523
-961
2852
4021
2306
705
1522
3832
3208
1659
1023
2066
4017
3614
2411
1487
1689
2139
1575
1439
2085
2580
1651
-193
-1015
153
1584
1413
99
-956
-934
-454
-380
-757
-724
-40
62
-1012
-2006
-1653
-424
333
-19
-830
-1141
-943
-756
-513
107
726
600
-312
-1091
-731
486
1137
653
34
28
174
69
97
525
910
684
-39
-570
-427
143
479
115
-699
-1058
-678
-382
-737
-1140
-1033
-857
-1099
-1537
-1751
-1688
-1361
-1299
-1625
-1950
-2145
-1818
-1390
-1287
-1621
-2001
-2001
-1460
-1022
-1212
-2034
-2790
-836
1092
1458
-92
-3677
-3246
551
4112
3877
38
-2264
-927
2465
3490
2895
1607
1705
2650
1614
1968
2626
3171
3646
2208
1312
2065
2704
2263
1225
888
2167
2835
1449
-349
-858
560
1841
1062
-366
-911
-788
-347
-613
-1209
-329
425
-437
-1527
-2086
-1366
154
289
-697
-1353
-1168
-622
-708
-634
-46
237
339
-426
-1345
-534
511
680
627
101
-223
-75
-189
126
922
1015
262
-560
-714
-106
668
768
-187
-1125
-1019
-459
-196
-364
-755
-1163
-1292
-1175
-1081
-1130
-1250
-1368
-1650
-1768
-1743
-1454
-1426
-1622
-1732
-1889
-1423
-1482
-1563
-1539
-1779
-2482
-2218
377
1525
1065
-1994
-4054
-984
2762
4505
1666
-1851
-1680
1537
4400
3244
1210
820
2382
3622
2901
1862
1779
2800
3287
2876
2305
2062
1772
1279
1346
2102
2660
1806
61
-730
290
1709
1581
41
-1109
-901
-234
-196
-647
-730
-270
-101
-805
-1657
-1456
-373
145
-449
-1076
-901
-520
-642
-878
-467
391
628
-218
-1200
-1111
-15
900
855
122
-496
-404
60
353
568
576
206
-235
-386
-97
173
235
147
-447
-762
-562
-636
-463
-549
-1137
-995
-1190
-1741
-1340
-1323
-1206
-964
-1850
-1985
-1556
-1509
-1226
-1549
-2135
-1625
-1332
-1353
-1489
-2143
-1997
-2140
-786
1136
1082
-265
-3369
-2999
986
3963
3447
24
-2098
-737
3118
3851
2235
942
1246
3239
2580
1816
2067
2240
3071
2777
1953
2076
2113
1449
998
1185
2278
2706
1156
-607
-827
636
1873
1322
-134
-942
-785
-414
-418
-499
-192
-46
-662
-1560
-1744
-861
-20
-176
-713
-1077
-921
-392
-642
-809
111
587
327
-340
-1296
-811
660
1037
641
14
-494
-215
212
408
651
637
179
-439
-575
-12
574
463
-197
-790
-764
-362
-310
-551
-783
-849
-968
-1231
-1547
-1379
-988
-1121
-1282
-1893
-2027
-1582
-1449
-1112
-1625
-1837
-1575
-1651
-1113
-1102
-1184
-2038
-2891
-853
1063
1526
21
-3344
-3177
605
3787
3606
-9
-2312
-444
2930
3776
2197
971
1667
3047
2323
1827
2105
2402
3389
2489
1829
2256
2135
1928
1204
1237
2173
2513
1248
-324
-624
510
1647
960
-18
-719
-929
-303
-456
-584
33
-103
-748
-1342
-1432
-534
-211
-585
-883
-1091
-517
-387
-1038
-762
-217
260
545
-491
-1221
-509
406
884
502
-302
-284
-3
10
246
331
354
179
-353
-567
-39
304
163
-241
-1200
-830
-236
-318
-480
-1211
-1020
-1037
-1052
-1027
-1570
-1363
-1469
-1563
-1577
-1612
-1414
-1699
-1837
-1842
-1686
-1527
-1398
-1379
-1687
-1656
-2632
-2154
508
1425
745
-2164
-3800
-775
2862
3875
1318
-1861
-1534
1755
3695
2886
1301
982
2663
3088
2041
1776
1997
3145
3278
2113
1870
2004
2174
1719
1274
1734
2454
1971
253
-623
-173
1355
1526
330
-469
-945
-489
-204
-405
-306
18
-336
-984
-1384
-1201
-145
-55
-496
-961
-936
-336
-577
-887
-486
151
387
184
-864
-1034
-5
569
883
312
-119
-202
-213
1
335
826
588
-65
-893
-679
48
344
477
-589
-1130
-678
-413
-278
-591
-900
-973
-1186
-1415
-1288
-1220
-1395
-1451
-1489
-1479
-1571
-1861
-1826
-1555
-1276
-1092
-1478
-1673
-1939
-1903
-1702
-1871
-356
563
494
-854
-3062
-1747
1191
3481
2546
-594
-1654
454
3201
2967
1911
1221
2219
3142
1975
1570
1831
3106
3504
2166
1623
1979
2216
1882
1356
1365
2359
2489
795
-668
-284
1209
1875
1004
-411
-886
-462
-197
-381
-435
-29
88
-663
-1542
-1491
-557
161
-133
-902
-1113
-806
-750
-898
-552
165
418
-153
-1037
-1248
-384
621
674
41
-324
-230
-98
-84
80
501
748
316
-494
-742
-143
539
510
-118
-749
-887
-768
-725
-646
-617
-745
-1101
-1534
-1723
-1328
-893
-979
-1643
-2204
-1716
-1507
-1442
-1499
-2011
-1670
-1557
-1384
-1189
-1717
-2059
-2631
-1378
809
1182
196
-2911
-3496
218
3253
3497
635
-2114
-1429
1691
3332
2799
1472
1306
2555
1932
1706
2137
2429
3175
2403
1788
2312
2702
1872
917
1093
2126
3198
2170
-100
-1046
28
1720
1942
601
-672
-839
-374
-165
-381
-275
118
-129
-1127
-1701
-1073
-209
-33
-581
-1196
-934
-459
-632
-649
-316
57
408
-42
-921
-743
279
876
572
-82
-246
-112
-33
157
359
514
527
5
-577
-387
72
298
69
-610
-883
-627
-532
-798
-796
-792
-878
-828
-1430
-1642
-1229
-1052
-937
-1491
-1628
-1517
-1879
-1566
-1552
-1484
-1393
-1705
-1637
-1829
-1518
-1646
-2113
-880
363
918
-369
-2926
-2630
478
3293
2636
-208
-1404
-17
2212
2695
2080
1549
2232
2804
1549
1265
2208
3239
3398
2074
1364
1878
2275
1938
1304
1294
2097
2275
1053
-306
-521
710
1641
968
-98
-645
-364
-174
-448
-513
-96
347
-584
-1465
-1508
-971
135
24
-666
-951
-932
-665
-627
-564
-145
314
138
-635
-1153
-660
324
706
334
-201
-244
34
159
185
379
627
496
-61
-478
-273
242
404
-23
-592
-810
-739
-680
-739
-718
-702
-871
-1272
-1608
-1548
-1137
-769
-986
-1542
-1988
-1868
-1496
-1045
-1019
-1688
-1867
-1853
-1350
-1011
-1487
-2389
-2388
-273
951
885
-1107
-3465
-1661
1573
3176
1895
-960
-1432
620
2706
2719
1549
1214
2210
2546
1462
1722
2278
2910
3365
1934
1588
1853
1830
1784
1397
1719
2046
1867
584
-303
389
1343
1597
584
-473
-539
26
123
-433
-639
-170
197
-391
-1335
-1475
-621
112
-119
-803
-1030
-715
-493
-540
-434
14
319
-22
-677
-824
-196
533
619
159
-181
-103
106
137
90
247
477
359
-149
-525
-363
121
375
52
-545
-810
-607
-502
-538
-517
-757
-1195
-1406
-1260
-1119
-1093
-1263
-1473
-1674
-1595
-1365
-1702
-1640
-1520
-1461
-1128
-1574
-1590
-1398
-1544
-1602
-1950
-675
413
393
-523
-3022
-1932
999
2842
2628
-697
-2099
-233
2714
2947
1682
998
1385
2934
1749
1424
2158
2260
3262
2198
1306
1831
1786
1741
1422
1434
1903
1878
948
-203
92
1137
1608
1004
-146
-396
-106
-28
-283
-379
19
257
-256
-1109
-1264
-600
24
-149
-747
-893
-565
-472
-737
-689
-142
310
99
-625
-1056
-557
349
573
31
-491
-446
-43
209
200
154
240
231
-117
-317
-113
135
380
104
-729
-897
-558
-423
-425
-643
-896
-919
-1065
-1302
-1354
-1219
-920
-1089
-1409
-1736
-1776
-1387
-1404
-1380
-1359
-1360
-1766
-1777
-1372
-1306
-1141
-2141
-1705
24
579
335
-1987
-2899
-100
2671
2766
408
-1766
-1034
1923
2928
1971
1202
975
2323
2122
1006
1847
2547
3177
2444
1243
1595
2081
2082
1378
1142
1783
2508
1830
185
-416
359
1838
1811
502
-295
-369
21
236
-118
-202
214
28
-718
-1329
-942
-24
235
-406
-967
-879
-703
-368
-700
-403
249
135
-125
-1246
-901
230
749
674
-569
-626
27
401
392
-7
-23
257
204
-342
-307
-2
203
246
-384
-730
-553
-562
-553
-665
-749
-506
-772
-1349
-1508
-1357
-730
-554
-1434
-1894
-1902
-1425
-1005
-1258
-1535
-1812
-1641
-1478
-1256
-1420
-1438
-1901
-2274
-451
500
705
-1156
-3479
-1842
1378
3575
1826
-1293
-2169
186
3331
3006
1629
572
1270
2601
1846
1852
2115
2525
2870
1598
1514
2029
2073
1836
1089
1347
2125
2183
952
-291
-58
1364
1990
756
-271
-487
-109
326
19
-152
39
-112
-714
-1349
-1170
-204
166
-328
-1036
-1132
-297
4
-650
-840
-266
370
428
-453
-1170
-516
589
795
133
-437
-151
358
278
38
82
533
780
3
-699
-305
426
676
58
-759
-703
-390
-246
-363
-645
-469
-619
-1178
-1428
-1345
-1024
-606
-1133
-1800
-1600
-1525
-1200
-1609
-1665
-1207
-1182
-1348
-2252
-1682
-1048
-760
-1506
-2523
-926
379
1027
-848
-3361
-2101
1123
3585
1967
-1351
-2103
298
3152
2967
1586
749
1352
2254
1492
1701
2337
2800
2797
1282
1166
2055
2429
2002
995
1138
2166
2285
930
-238
80
1392
1836
884
59
-185
-60
228
74
-114
364
333
-733
-1577
-1272
28
692
-139
-1226
-1327
-430
106
-416
-709
-273
311
423
-510
-1161
-247
823
836
182
-371
-186
279
250
20
160
529
401
-307
-758
-235
567
590
-266
-1061
-819
-277
-236
-660
-818
-634
-618
-1181
-1599
-1034
-626
-315
-1311
-2010
-1487
-1578
-1002
-1234
-1514
-1613
-1773
-1620
-1813
-1297
-1150
-1499
-2235
-2576
-322
869
525
-1484
-3541
-1262
1625
3675
913
-1837
-1847
934
3080
2261
994
648
1614
2551
1336
1714
2072
2390
2520
1580
1421
1886
2275
1670
1148
1314
1860
2149
874
-210
235
1476
1691
769
-122
-378
-37
214
50
-135
62
13
-637
-1138
-807
-39
184
-371
-959
-805
-249
-188
-640
-764
-192
343
41
-770
-954
-122
757
662
-114
-475
-47
399
242
-87
140
637
539
-179
-601
-154
517
494
-226
-707
-559
-363
-482
-608
-460
-368
-690
-1189
-1499
-925
-486
-736
-1647
-1859
-1322
-1120
-1255
-1519
-1451
-1410
-1077
-1587
-1506
-1799
-1075
-1005
-1220
-2838
-1371
571
1005
-39
-3127
-2408
733
2834
2253
-1136
-2253
-8
3151
2926
885
191
938
2681
2469
1665
1681
1661
2520
2257
1907
2011
1672
1635
1268
1472
2250
2198
773
70
181
1174
2224
719
-132
-271
-60
663
212
-327
-400
154
-87
-986
-1004
-225
93
-410
-558
-741
-504
-202
-796
-695
95
129
-219
-643
-924
-248
547
538
57
-322
-141
259
373
247
164
307
338
16
-204
-13
344
396
23
-358
-345
-276
-495
-642
-483
-279
-525
-1106
-1521
-1171
-587
-598
-1257
-1835
-1442
-1314
-1352
-1468
-1542
-1290
-1251
-1403
-1836
-2023
-986
-653
-971
-2503
-2705
388
840
456
-2610
-3375
-259
2769
2723
-41
-2285
-1245
1899
3327
1449
524
597
2018
2306
1300
1551
1917
2528
2126
1227
1556
2199
2134
1329
982
1454
2325
1755
236
-100
758
1744
1537
265
-376
-37
442
464
-320
-516
282
249
-478
-963
-869
-106
119
-464
-651
-422
-372
-645
-803
-249
421
310
-475
-1088
-616
534
908
229
-435
-381
119
432
324
176
306
477
287
-174
-261
146
436
304
-242
-637
-427
-367
-525
-489
-569
-498
-701
-1395
-1473
-1020
-702
-732
-1429
-1816
-1388
-1268
-1192
-1306
-1457
-1324
-1571
-1728
-1519
-1138
-1098
-1097
-2124
-2394
-321
471
347
-1314
-2890
-898
1488
2071
623
-1208
-852
1307
2204
1418
950
1208
2224
2000
914
1357
2158
2571
2343
1265
1305
2086
1907
1515
1087
1391
2304
1628
344
155
781
1600
1302
222
-23
229
362
221
-241
-220
275
250
-364
-921
-834
-168
92
-294
-592
-595
-358
-315
-674
-403
201
94
-296
-829
-782
394
878
186
-496
-582
204
709
319
37
6
312
432
-188
-310
129
367
455
-120
-737
-470
-318
-411
-419
-472
-439
-725
-1294
-1456
-1055
-634
-588
-1327
-1867
-1662
-1356
-879
-1048
-1427
-1747
-1777
-1508
-1433
-1131
-1312
-1246
-2038
-2551
-274
794
249
-1680
-3671
-1242
2034
2860
614
-2185
-1540
942
3106
2073
301
290
1501
2722
1520
1252
1604
2102
2560
1503
1354
1642
1864
1652
1112
1306
2158
1989
387
-202
293
1476
1973
581
-430
-137
331
487
141
-196
-64
-12
-115
-591
-689
30
-87
-472
-248
-337
-295
-417
-1042
-511
658
733
-128
-1086
-1008
197
1002
607
-335
-644
-93
400
377
165
203
465
370
-126
-334
82
602
498
-173
-651
-525
-173
-178
-515
-603
-456
-505
-937
-1432
-1227
-606
-576
-1160
-1662
-1617
-1127
-1082
-1185
-1325
-1795
-1476
-1365
-1457
-1237
-1361
-1213
-1775
-2584
-523
460
425
-954
-3310
-1447
866
2735
1193
-1146
-2005
414
2488
1935
1047
484
1380
2109
908
1529
1615
2240
2419
1314
1129
1674
2173
1531
983
1171
1993
2074
641
-178
235
1396
1633
694
-215
-263
224
338
52
-104
147
169
-328
-821
-700
-113
98
-272
-667
-667
-341
-318
-747
-591
139
431
94
-778
-1171
-146
912
767
-46
-583
-276
313
486
312
96
282
398
-100
-292
113
573
698
17
-760
-587
-101
-85
-358
-656
-617
-601
-995
-1374
-1269
-683
-448
-1140
-2035
-1807
-1299
-1036
-1187
-1690
-1497
-1408
-1393
-1664
-1425
-1163
-1249
-1751
-2626
-663
751
514
-1343
-3488
-1475
1569
2783
708
-1532
-1600
654
2922
1457
456
461
1693
2665
1085
940
1589
2387
2750
1423
1097
1599
1920
1848
1214
1360
1890
1689
608
41
636
1475
1355
225
-304
99
611
284
-111
-444
6
550
-370
-724
-889
-213
313
-390
-593
-867
-288
-41
-654
-415
152
492
120
-828
-1056
64
1015
779
-123
-591
14
614
501
191
192
521
593
-58
-485
43
591
563
11
-714
-615
-23
-21
-361
-556
-539
-569
-888
-1357
-1225
-663
-401
-894
-1784
-1779
-1303
-936
-1147
-1470
-1543
-1514
-1357
-1668
-1372
-1323
-1162
-1487
-2499
-944
525
582
-926
-3145
-1983
1080
2663
1247
-1331
-1892
187
2649
2211
815
404
1130
2463
1589
926
1571
2068
2525
1642
951
1483
2005
1778
1275
1087
1722
2153
835
15
236
1048
1687
809
-140
-179
257
381
25
-345
29
424
-120
-703
-889
-225
432
-186
-818
-702
-238
38
-539
-795
46
570
285
-612
-1117
-153
779
660
60
-549
-285
435
420
142
159
370
481
38
-449
-134
591
767
93
-751
-835
-310
19
-173
-595
-724
-619
-854
-1217
-1211
-990
-571
-813
-1597
-1658
-1422
-1134
-1022
-1414
-1537
-1285
-1455
-1480
-1194
-1212
-1105
-1965
-2388
-499
752
509
-1388
-3302
-1425
1592
2692
968
-1880
-1741
858
2857
2103
590
285
1494
2403
1275
1171
1567
2253
2586
1363
1195
1720
1979
1544
920
1117
1887
1910
629
-173
200
1433
1783
461
-466
-264
259
458
-35
-308
161
119
-374
-817
-669
191
273
-450
-804
-513
-161
-112
-718
-814
160
455
118
-706
-888
231
921
732
-187
-594
37
615
610
193
116
473
585
113
-278
18
652
732
-22
-716
-649
-68
195
-158
-606
-688
-661
-914
-1158
-982
-529
-550
-1171
-1841
-1775
-1063
-830
-1224
-1593
-1517
-1481
-1415
-1447
-1429
-1075
-1135
-1911
-2461
-669
696
311
-1436
-3329
-1126
1689
2342
481
-1683
-1139
911
2765
1524
269
536
1725
2587
1159
885
1530
2239
2414
1388
1129
1650
1855
1442
1058
1228
1905
1756
529
-230
330
1541
1573
371
-420
-112
488
449
-147
-429
44
408
-145
-957
-862
-60
202
-354
-906
-816
-167
72
-499
-673
-123
240
133
-421
-668
162
895
514
-250
-422
265
840
454
-68
87
506
527
79
-244
-4
507
621
43
-663
-640
-61
94
-289
-662
-714
-777
-985
-1055
-859
-567
-669
-1326
-1892
-1359
-896
-973
-1330
-1747
-1319
-1184
-1352
-1672
-1350
-1073
-1235
-1677
-2275
-422
507
350
-1193
-3151
-1137
1463
2623
662
-1711
-1579
853
2905
1693
755
409
1665
2317
1242
1258
1452
2365
2449
1447
1032
1580
1987
1524
1163
1120
1799
1749
499
-195
313
1510
1748
432
-569
-351
139
381
-48
-398
64
197
-392
-949
-702
137
294
-325
-861
-778
-86
26
-570
-488
124
416
123
-584
-600
317
876
508
-159
-284
235
596
404
124
262
650
600
10
-386
-97
489
632
109
-588
-744
-299
72
-80
-443
-623
-859
-1060
-996
-751
-643
-969
-1532
-1748
-1237
-833
-981
-1660
-1782
-1316
-1197
-1273
-1683
-1456
-1234
-1144
-1901
-1947
-66
403
85
-2041
-2972
-657
2047
2752
-201
-2024
-1298
1578
2908
1477
255
49
2141
2127
1247
1321
1468
2398
2016
1274
1236
1880
1840
1110
911
1451
2218
1486
240
-279
440
1788
1548
41
-654
-246
376
452
-265
-531
33
163
-544
-1103
-667
118
167
-517
-1004
-620
-7
-127
-586
-448
204
558
104
-703
-710
330
1057
482
-450
-442
298
666
340
-17
160
579
455
-168
-373
137
729
597
-199
-706
-572
-140
133
-265
-721
-709
-897
-1085
-1014
-914
-668
-697
-1442
-1853
-1330
-876
-956
-1452
-1585
-1553
-1552
-1369
-1178
-1199
-1548
-1632
-1967
-606
578
102
-613
-2866
-2058
1155
2725
1411
-1306
-1813
189
2946
2233
836
45
859
2926
1803
1195
1098
1688
2616
1863
1235
1305
1902
1456
975
1095
1652
1966
803
-292
-179
1136
1879
948
-429
-737
10
442
122
-299
-176
80
-167
-768
-913
-309
203
-83
-743
-777
-139
179
-362
-966
-600
397
703
-109
-908
-562
533
1031
441
-346
-337
295
657
432
171
305
516
315
-119
-117
458
808
295
-577
-819
-325
70
-95
-449
-608
-638
-757
-998
-1141
-870
-490
-723
-1604
-1882
-1380
-1051
-1040
-1355
-1629
-1627
-1328
-1245
-1326
-1238
-1210
-1696
-1831
-378
197
116
-1262
-2768
-791
1390
2229
565
-1560
-1327
829
2803
1587
335
190
1666
2653
1377
1025
1120
2176
2724
1488
702
1157
1914
1757
1134
874
1381
1490
659
8
226
1059
1250
410
-349
-299
93
311
-96
-549
-184
55
-375
-819
-772
-160
140
-308
-728
-661
-143
38
-530
-664
-67
427
254
-641
-911
141
997
683
-254
-595
126
764
675
271
28
391
731
254
-248
20
649
772
92
-652
-666
-277
-87
-181
-445
-597
-757
-932
-899
-743
-620
-677
-1120
-1612
-1339
-1021
-979
-1253
-1433
-1262
-1402
-1365
-1428
-1081
-1008
-1211
-1776
-1984
-199
472
382
-1348
-2843
-951
1219
2407
708
-1345
-1265
646
2516
1562
597
550
1450
2119
1235
1139
1587
2220
2214
1049
863
1575
2115
1564
804
799
1356
1820
770
-92
0
947
1416
528
-111
-479
19
292
41
-238
-210
119
-428
-714
-676
-134
195
-474
-674
-539
-41
-72
-824
-539
157
531
276
-747
-870
193
1000
682
-229
-490
130
678
432
39
113
494
605
56
-385
-35
537
593
44
-680
-669
-46
115
-327
-630
-609
-750
-967
-1057
-861
-637
-695
-1247
-1730
-1404
-991
-808
-1171
-1497
-1552
-1294
-984
-1260
-1203
-1381
-1253
-1600
-1704
-124
458
238
-1486
-2811
-846
1720
2445
347
-1661
-1148
965
2479
1496
448
404
1461
2351
1157
831
1300
2071
2365
1206
1007
1417
1798
1303
726
1136
1561
1509
402
-256
165
1117
1465
422
-460
-465
74
552
165
-539
-284
101
-226
-665
-788
-273
165
-60
-422
-531
-279
-235
-550
-262
288
283
-46
-620
-654
327
949
575
-141
-484
3
696
716
281
61
257
400
142
-125
13
409
446
-110
-645
-568
-119
63
-177
-487
-616
-718
-887
-910
-792
-699
-841
-1134
-1113
-1235
-1107
-1112
-1069
-1124
-1164
-1245
-1412
-1238
-1118
-832
-1297
-1349
-1847
-44
121
240
-1179
-2613
-529
1235
2246
-86
-1436
-742
1114
2599
1175
359
659
1212
2185
1005
1163
1436
1655
1873
1027
1216
1613
1607
1179
787
781
1363
1627
656
-106
-86
1064
1447
205
-526
-227
292
443
28
-402
-209
-56
-370
-529
-515
-140
120
-470
-669
-347
15
88
-756
-694
156
494
335
-651
-781
66
850
802
-154
-387
-28
577
509
124
212
204
470
228
-143
7
232
440
86
-499
-559
-293
-153
-214
-581
-808
-767
-830
-789
-720
-687
-752
-1085
-1413
-1203
-878
-984
-1208
-1283
-1114
-1195
-1324
-1200
-1133
-1096
-908
-1359
-1746
-475
278
285
-937
-2480
-894
1319
2078
563
-1366
-1079
658
2366
1833
481
29
1021
2055
1367
1103
1278
1566
1793
1102
1075
1584
1546
1188
593
738
1527
1529
567
-389
-134
1069
1499
495
-544
-576
29
496
202
-378
-395
-140
-250
-586
-607
-192
8
-270
-569
-521
-53
25
-519
-486
129
418
181
-472
-628
186
827
611
-86
-500
-53
603
649
276
-16
95
363
267
-39
-57
279
441
93
-449
-541
-114
263
87
-539
-833
-726
-600
-716
-785
-717
-734
-915
-1242
-1182
-1234
-1035
-910
-1007
-925
-1290
-1208
-1260
-1021
-744
-906
-1175
-1787
-660
404
315
-657
-2211
-1254
970
2185
938
-1551
-1578
460
2723
2257
-26
-571
635
2517
2091
768
503
802
2026
1939
1282
965
800
1035
1045
1386
1495
1166
335
-314
269
1014
1305
467
-470
-350
68
590
108
-447
-245
80
163
-610
-677
-159
267
186
-564
-664
-388
-53
-75
-170
33
43
-110
-413
-495
-38
639
704
-34
-636
-218
586
609
129
-158
67
471
258
-267
-264
195
466
83
-603
-750
-239
222
-4
-669
-862
-541
-446
-561
-723
-813
-619
-746
-1128
-1270
-867
-742
-881
-1112
-1210
-959
-945
-891
-1160
-819
-952
-965
-1343
-551
95
-41
-565
-1689
-856
696
1682
755
-836
-1069
309
1890
1706
433
88
780
1906
1522
768
717
1177
1785
1419
887
953
1225
1148
903
828
1139
1290
498
-70
8
711
1181
425
-322
-391
27
432
127
-316
-225
124
10
-533
-640
-193
258
149
-358
-612
-448
-141
-71
-101
44
169
-11
-367
-423
63
673
657
32
-363
-71
456
601
277
-58
51
338
241
-99
-111
233
431
97
-538
-673
-29
429
-71
-798
-884
-520
-286
-478
-897
-914
-569
-535
-1034
-1281
-972
-720
-806
-941
-1037
-1026
-949
-1097
-1092
-918
-764
-784
-1348
-1181
-44
335
87
-1676
-1583
183
1620
1408
-594
-1206
-192
1577
1897
639
122
486
1606
1581
871
897
1008
1346
1304
979
1169
1135
940
787
724
1103
1260
707
-5
-25
646
999
505
-107
-185
44
172
53
-77
-26
50
-105
-466
-593
-166
275
42
-472
-578
-202
149
-29
-277
-139
13
60
-122
-381
-35
444
362
40
-248
-96
433
495
168
-27
39
318
287
-99
-169
138
343
100
-468
-717
-330
151
26
-604
-898
-614
-366
-490
-688
-697
-674
-768
-901
-875
-810
-788
-851
-984
-838
-695
-768
-941
-1059
-938
-560
-522
-1213
-1107
-107
417
60
-1187
-1493
-108
1238
1273
-134
-1035
-261
1190
1751
871
125
402
1357
1542
862
821
1057
1394
1333
900
975
1003
890
676
652
1090
1193
716
-33
-182
602
1088
652
-140
-351
75
257
73
-94
-88
-47
-182
-384
-376
-80
120
-46
-411
-430
-62
116
-13
-331
-143
317
295
-57
-472
-131
489
643
316
-274
-242
201
529
494
184
48
231
268
-25
-50
261
436
23
-526
-586
0
324
-244
-646
-697
-427
-303
-648
-767
-734
-602
-646
-921
-1028
-898
-716
-708
-875
-1054
-927
-759
-780
-839
-895
-770
-683
-1032
-1047
-358
132
53
-804
-1350
-403
713
999
289
-634
-323
684
1325
1013
375
436
921
1431
1149
748
837
977
1341
1174
920
943
776
685
766
1025
994
637
168
38
499
816
592
50
-216
-26
194
129
-114
-157
-32
-20
-301
-521
-278
59
197
-174
-529
-345
-53
190
-18
-162
5
41
10
-157
-11
344
422
158
-172
-100
266
426
168
-73
-34
196
303
-20
-235
38
247
88
-274
-545
-297
74
-93
-495
-717
-677
-471
-447
-612
-694
-659
-650
-764
-867
-824
-682
-643
-757
-928
-884
-708
-686
-669
-717
-681
-689
-852
-947
-635
87
171
-292
-889
-945
101
857
719
74
-332
56
687
987
877
708
764
916
891
858
1016
1153
1082
891
861
987
1042
908
676
613
791
914
680
224
9
252
599
576
186
-150
-204
-122
-62
8
49
-73
-388
-610
-419
6
230
2
-410
-550
-234
161
251
61
-125
23
107
131
89
71
358
357
222
50
88
359
267
186
202
276
247
23
-57
62
271
231
-171
-519
-365
-12
0
-325
-647
-702
-530
-382
-511
-761
-772
-637
-661
-820
-874
-743
-613
-688
-878
-901
-767
-636
-734
-758
-634
-535
-540
-728
-823
-601
-292
0
-38
-501
-567
-469
317
674
586
36
-173
94
750
1021
821
745
653
708
837
1079
1033
1066
881
818
712
798
854
810
691
659
619
528
379
268
268
325
289
160
-20
-118
-129
-31
6
-87
-214
-313
-249
-54
-43
-196
-275
-210
23
183
24
-158
-116
54
257
287
99
20
105
246
408
375
215
164
114
128
236
253
231
127
-37
-3
84
35
-101
-281
-316
-228
-243
-314
-381
-532
-613
-523
-447
-503
-601
-679
-780
-781
-612
-611
-768
-831
-624
-513
-569
-687
-807
-712
-601
-416
-520
-713
-790
-488
-338
-148
-283
-217
-507
-435
127
314
560
16
-11
135
553
844
695
616
453
772
1031
1006
808
516
952
1188
1076
848
438
553
830
1034
860
378
289
347
448
367
268
172
28
3
-59
12
-44
-121
-125
-237
-164
-115
-151
-121
-151
-136
-86
-130
-132
-56
65
93
119
126
112
271
234
274
322
254
304
161
214
265
324
282
48
44
20
175
128
-18
-141
-258
-121
-151
-135
-284
-451
-408
-460
-462
-564
-629
-600
-611
-640
-736
-713
-640
-649
-612
-659
-725
-699
-740
-707
-589
-534
-519
-540
-639
-701
-575
-454
-401
-342
-315
-390
-370
-75
133
177
-140
-232
247
550
622
358
205
232
504
977
994
781
505
576
753
898
1005
854
689
518
620
667
674
593
396
332
330
496
374
170
15
62
236
159
5
-240
-218
-60
85
80
-132
-208
-155
91
199
118
18
-61
-4
230
334
143
92
131
294
455
339
218
100
140
278
313
306
104
6
23
46
122
8
-142
-315
-285
-214
-342
-381
-445
-438
-523
-608
-583
-580
-492
-524
-608
-705
-758
-689
-611
-565
-575
-566
-568
-600
-634
-570
-443
-375
-452
-604
-595
-458
-336
-352
-414
-430
-359
-241
-275
-239
-130
125
29
-160
-168
51
504
516
429
37
147
450
823
867
674
493
530
647
800
773
772
671
606
581
574
556
561
516
480
430
340
318
257
171
116
293
302
46
-3
-85
78
162
50
23
-105
40
177
100
22
26
197
243
157
61
101
215
252
323
205
189
227
215
342
210
187
123
18
85
32
58
18
-105
-231
-208
-192
-252
-405
-486
-337
-403
-517
-553
-603
-543
-615
-545
-455
-603
-493
-642
-604
-627
-511
-551
-473
-577
-629
-384
-501
-419
-609
-466
-468
-392
-150
-483
-403
-488
-327
-179
-208
-228
-297
-232
-102
-63
-55
-131
33
96
359
441
298
190
80
450
780
802
584
300
313
751
1036
824
584
335
566
768
720
683
449
447
473
538
536
316
180
154
271
415
281
32
34
33
193
345
284
167
-20
83
191
326
395
238
189
116
193
259
197
229
271
271
187
117
65
41
110
169
56
-116
-186
-206
-112
-22
-116
-278
-440
-517
-429
-332
-402
-564
-694
-749
-596
-465
-475
-544
-670
-642
-571
-495
-488
-589
-581
-575
-498
-450
-519
-553
-569
-489
-401
-400
-389
-456
-514
-414
-284
-193
-284
-327
-386
-467
-212
-140
-65
-56
-217
-205
-131
227
356
356
365
302
334
354
592
714
785
713
568
660
801
875
738
721
686
633
611
518
589
661
702
482
253
300
324
466
389
256
244
97
165
117
215
372
263
194
-1
143
348
389
278
-3
31
159
327
333
197
134
108
132
126
114
101
88
8
-44
-87
-61
-71
-238
-311
-331
-296
-391
-509
-468
-436
-409
-560
-725
-717
-604
-424
-407
-565
-651
-627
-593
-544
-519
-585
-655
-673
-601
-520
-485
-468
-500
-501
-504
-503
-481
-431
-402
-426
-403
-349
-400
-398
-449
-381
-178
-204
-142
-315
-240
-63
160
294
206
120
180
358
545
582
559
509
630
636
696
726
749
783
617
627
644
689
671
599
569
547
637
541
458
299
363
452
442
370
134
222
294
432
397
233
103
167
266
411
365
193
82
99
264
438
311
163
25
47
177
136
89
32
13
42
-51
-104
-154
-149
-135
-247
-315
-380
-417
-393
-434
-534
-567
-551
-570
-568
-517
-477
-537
-579
-562
-469
-405
-475
-473
-527
-533
-447
-441
-395
-405
-431
-469
-527
-472
-436
-320
-303
-419
-428
-473
-334
-199
-284
-389
-448
-396
-272
-169
-232
-278
-287
-98
164
247
248
74
156
325
497
539
483
508
451
624
605
694
733
654
708
577
641
568
630
693
637
561
417
582
597
544
389
334
396
399
404
252
209
187
261
212
210
207
124
200
63
109
188
188
230
80
75
94
129
155
5
-52
-54
23
-104
-119
-61
-36
-69
-260
-276
-221
-169
-258
-357
-367
-392
-363
-399
-446
-439
-394
-321
-463
-495
-503
-479
-389
-463
-445
-457
-448
-419
-471
-440
-421
-336
-364
-345
-380
-338
-376
-338
-273
-250
-212
-372
-426
-385
-295
-235
-356
-396
-384
-198
-112
-218
-170
-239
-36
150
192
179
93
137
247
411
477
447
409
408
480
578
612
577
559
586
599
589
572
647
616
637
593
599
593
517
472
432
426
404
329
349
317
306
215
116
185
247
233
144
2
-5
79
92
114
80
0
-10
10
62
49
24
1
-49
-84
-110
-75
-65
-118
-196
-293
-274
-255
-270
-302
-341
-277
-254
-248
-294
-337
-321
-342
-347
-367
-363
-372
-380
-375
-389
-325
-349
-371
-357
-416
-362
-365
-331
-357
-331
-312
-265
-267
-322
-313
-284
-267
-269
-235
-218
-245
-213
-164
-121
-103
-131
-147
-111
-70
22
33
90
40
56
150
251
287
273
278
287
287
354
420
461
449
479
502
528
537
509
503
462
491
436
484
509
494
447
360
300
305
336
332
209
160
169
171
159
173
139
108
63
-21
-22
-4
59
59
-12
-6
-14
-8
-21
-59
-69
-55
-95
-143
-101
-82
-109
-125
-128
-133
-118
-93
-92
-140
-186
-185
-180
-175
-235
-258
-224
-191
-179
-279
-295
-284
-270
-234
-246
-251
-267
-249
-262
-291
-294
-334
-290
-272
-294
-248
-274
-268
-277
-253
-251
-188
-224
-229
-193
-156
-80
-96
-97
-106
-9
-1
-30
-29
-95
-7
27
80
94
119
156
169
150
68
162
192
283
301
223
237
186
303
356
351
312
295
332
322
384
316
309
279
244
288
266
283
244
204
177
203
217
217
174
171
144
126
110
85
123
139
89
71
44
37
94
129
106
57
37
51
39
15
12
-2
4
1
-69
-54
-26
-32
-48
-96
-142
-156
-109
-120
-121
-125
-213
-191
-172
-156
-123
-177
-208
-209
-207
-156
-125
-162
-214
-240
-202
-171
-187
-210
-255
-207
-123
-179
-266
-305
-286
-172
-109
-137
-189
-270
-261
-168
-107
-62
-80
-161
-177
-137
-103
-71
-53
-62
-80
-67
-31
-17
6
29
42
41
26
32
40
96
137
127
105
109
143
158
212
195
172
170
142
244
281
231
230
213
232
255
236
235
238
216
210
205
209
249
250
212
184
186
202
210
225
221
185
177
204
215
194
152
91
81
93
91
99
73
7
-40
-5
-14
-24
-39
-106
-43
-30
-79
-103
-128
-112
-98
-88
-149
-165
-146
-139
-82
-139
-165
-159
-200
-160
-193
-180
-156
-186
-143
-181
-177
-150
-174
-191
-236
-215
-164
-146
-154
-175
-204
-150
-89
-132
-164
-185
-172
-125
-132
-184
-159
-158
-165
-103
-158
-161
-114
-111
-84
-92
-113
-121
-82
-53
-10
58
17
-32
-15
-21
12
73
56
103
136
107
127
102
152
247
239
212
174
181
209
249
285
227
205
254
282
295
232
190
214
236
274
280
279
243
203
241
239
254
237
198
166
138
181
160
142
165
149
86
39
29
55
82
26
26
10
-10
14
-41
-50
-54
-58
-40
-85
-107
-91
-92
-95
-72
-104
-188
-202
-175
-152
-179
-202
-159
-153
-175
-211
-213
-162
-157
-196
-248
-248
-209
-162
-157
-183
-217
-225
-174
-179
-193
-195
-187
-174
-202
-209
-202
-180
-154
-140
-152
-144
-122
-144
-151
-160
-130
-87
-68
-15
-13
-29
0
11
23
36
34
36
27
81
160
142
125
134
119
164
198
185
176
164
179
194
193
180
199
238
217
240
260
236
278
315
292
287
269
242
266
249
224
252
220
205
171
120
161
141
160
191
132
115
79
49
48
32
-14
-17
33
16
-15
-39
-56
-93
-97
-80
-116
-117
-149
-162
-117
-138
-138
-128
-163
-181
-189
-190
-186
-171
-160
-152
-164
-197
-152
-125
-164
-184
-200
-191
-138
-117
-126
-129
-138
-171
-207
-194
-153
-146
-139
-145
-169
-168
-166
-155
-159
-176
-153
-148
-165
-131
-104
-89
-40
-15
-31
-40
-34
-7
28
28
62
74
66
104
84
104
143
142
180
160
146
187
189
160
177
206
204
218
211
194
198
220
233
179
192
230
184
202
205
221
257
201
159
185
190
148
134
130
129
129
106
102
90
80
58
51
88
95
76
41
25
37
49
30
-19
-9
-7
-57
-68
-69
-67
-83
-135
-152
-159
-146
-118
-123
-146
-179
-185
-166
-167
-140
-131
-152
-184
-239
-212
-186
-159
-117
-172
-192
-207
-201
-166
-196
-204
-189
-169
-154
-149
-163
-174
-149
-127
-113
-137
-148
-119
-81
-40
-40
-70
-51
-30
-35
-7
10
4
5
36
80
95
75
63
97
100
110
101
78
136
167
203
189
150
186
183
175
151
142
181
191
182
192
204
176
185
197
163
185
169
142
155
170
201
165
141
129
127
147
112
112
81
60
86
73
99
73
-13
-32
-21
11
-10
-45
-29
-22
-7
-62
-128
-80
-67
-88
-74
-88
-58
-57
-104
-84
-121
-120
-74
-98
-106
-122
-163
-177
-164
-191
-180
-155
-158
-130
-150
-129
-128
-171
-159
-171
-148
-116
-128
-135
-147
-121
-105
-115
-90
-118
-127
-92
-99
-63
-49
-52
-67
-52
-9
-53
-41
-22
-16
19
1
9
27
65
114
120
115
88
72
107
141
125
112
118
118
154
193
176
138
131
159
206
208
152
120
142
159
142
124
143
168
159
138
128
114
115
124
102
92
104
102
101
107
89
68
68
58
53
65
64
42
27
26
-12
-11
-14
-16
-8
-53
-61
-86
-91
-81
-110
-99
-113
-121
-123
-124
-99
-104
-143
-170
-150
-145
-164
-162
-150
-151
-140
-142
-150
-122
-118
-142
-141
-140
-133
-107
-113
-124
-94
-88
-96
-84
-91
-94
-56
-29
-35
-50
-45
-2
8
-21
-20
-2
1
2
17
38
46
45
64
89
67
63
70
40
60
82
81
81
77
103
72
102
137
96
137
128
84
87
99
140
167
141
86
66
70
85
109
107
113
96
81
105
79
48
60
61
91
92
49
40
57
84
63
41
57
53
44
28
16
26
59
30
-17
-3
20
22
-22
-50
-47
-29
-27
-70
-79
-96
-104
-83
-82
-100
-118
-133
-131
-122
-133
-135
-125
-141
-140
-122
-135
-140
-131
-142
-146
-108
-86
-117
-153
-157
-137
-84
-45
-112
-125
-75
-84
-70
-61
-55
-43
-52
-60
-22
31
-1
-47
-29
35
26
27
39
10
57
65
68
69
69
101
105
120
94
90
99
87
121
142
134
129
125
129
174
179
128
112
112
121
158
157
128
125
117
99
100
77
67
104
142
141
87
13
-19
15
70
96
87
59
21
7
9
3
11
14
-13
-21
5
32
17
-53
-82
-38
-8
-28
-49
-62
-41
-27
-62
-91
-86
-66
-70
-80
-105
-138
-134
-149
-131
-124
-130
-91
-150
-162
-111
-132
-104
-109
-126
-93
-96
-99
-122
-108
-67
-98
-92
-41
-47
-89
-89
-64
-31
-8
-65
-52
-25
-65
-22
-18
-8
35
24
40
40
12
4
46
88
84
69
71
71
101
151
130
98
85
97
109
92
90
78
80
98
106
94
90
105
89
47
48
124
142
103
72
39
73
95
81
82
62
65
91
78
51
57
65
38
15
-14
1
27
32
41
19
24
18
23
20
-22
-8
4
4
-47
-56
-14
-35
-39
-62
-70
-79
-111
-60
-59
-82
-95
-146
-133
-114
-105
-92
-119
-147
-126
-102
-142
-142
-96
-66
-67
-109
-102
-97
-85
-45
-68
-59
-34
-48
-56
-49
-26
-26
-25
-46
-44
2
1
2
6
-6
-11
-2
9
2
15
27
11
15
58
54
35
42
58
75
75
70
70
86
70
47
46
72
124
107
85
107
117
115
108
105
97
101
105
110
106
96
109
84
67
73
53
64
83
85
69
58
49
23
44
72
66
44
4
1
10
30
52
27
12
-19
-29
-5
-32
-40
-30
-16
-10
-41
-67
-71
-70
-84
-76
-86
-80
-80
-115
-104
-98
-92
-83
-92
-72
-52
-77
-112
-97
-96
-97
-84
-97
-98
-107
-84
-45
-56
-48
-56
-87
-77
-50
-22
-35
-68
-81
-77
-34
8
8
-25
-38
-12
1
-8
-10
-11
-7
1
15
42
27
-4
7
16
45
65
62
84
57
44
57
70
98
68
58
110
127
105
87
73
86
119
87
51
73
97
121
131
104
82
74
71
73
79
96
98
72
69
81
80
74
39
29
32
22
27
53
56
2
3
6
5
-5
-7
-1
-59
-55
-81
-65
-21
-67
-46
-45
-67
-104
-89
-58
-98
-90
-100
-77
-66
-105
-97
-115
-95
-56
-74
-88
-110
-86
-63
-80
-44
-81
-113
-60
-50
-32
-48
-69
-55
-56
-37
-65
-70
-5
-4
-40
-35
-23
-42
-21
10
-2
-8
8
12
13
9
-22
-20
30
42
15
11
6
9
50
47
38
66
67
78
89
36
49
116
108
118
123
94
89
92
91
84
118
118
90
100
93
87
81
98
86
34
66
64
41
77
46
8
34
55
35
38
38
28
58
36
9
7
0
1
9
3
-29
-23
-23
-25
-30
-46
-36
-31
-52
-83
-78
-101
-112
-85
-90
-77
-101
-103
-80
-94
-79
-91
-119
-99
-79
-65
-57
-62
-73
-50
-38
-71
-59
-47
-42
-37
-57
-33
-7
-10
-12
-28
-26
-11
-16
-34
-42
-18
0
-3
-24
-32
-14
-7
2
0
0
-2
-9
35
41
8
30
8
-10
45
61
52
47
77
102
86
74
61
90
89
97
101
64
86
91
101
123
86
58
62
87
75
64
73
62
75
57
46
34
32
27
27
49
44
17
10
16
29
35
-18
-23
-13
-12
12
3
-22
-39
-19
8
-8
-8
-32
-40
-28
-64
-40
-12
-34
-60
-45
-39
-43
-61
-67
-73
-56
-48
-64
-56
-42
-67
-68
-51
-53
-64
-41
-47
-68
-58
-81
-42
-23
-33
-59
-60
-50
-70
-44
-44
-34
-30
-35
-41
-58
-31
0
-13
-6
-13
-15
-22
-17
1
27
36
-1
9
30
25
49
36
18
36
65
60
47
39
40
77
69
75
79
77
89
77
85
82
78
76
88
57
71
89
67
74
85
81
63
33
58
63
50
26
6
39
43
55
62
27
14
22
-2
17
15
6
-16
-11
10
-19
1
-20
-25
-37
-34
0
-32
-61
-40
-50
-56
-44
-52
-67
-73
-76
-75
-58
-70
-72
-90
-99
-71
-64
-70
-86
-75
-60
-51
-40
-52
-28
-48
-64
-44
-39
-6
-2
-24
-6
-3
-20
-34
-37
-5
-3
-14
-8
-22
-12
-7
-16
4
-19
2
-15
2
23
-11
33
34
27
49
41
42
29
40
61
53
63
56
53
38
38
76
62
59
86
85
70
59
61
69
63
79
62
77
61
56
60
47
37
48
58
55
54
42
44
22
26
26
15
9
5
17
-1
2
0
-4
-4
-5
-21
-30
-33
-55
-44
-45
-45
-34
-54
-57
-37
-41
-73
-59
-57
-42
-46
-72
-59
-50
-44
-34
-35
-64
-61
-51
-68
-59
-39
-37
-24
-44
-46
-29
-48
-39
-40
-49
-27
-21
-8
-9
-19
-18
-23
-10
-7
-10
3
11
25
4
-11
-12
-8
10
24
33
12
8
23
42
40
6
20
36
54
46
40
33
19
51
33
48
71
43
28
44
42
56
36
40
53
58
66
54
61
38
40
65
50
55
59
40
42
46
51
42
13
8
18
14
8
7
6
7
-2
-9
-21
-2
-4
-33
1
-1
-18
-23
-31
-35
-32
-16
-39
-48
-43
-44
-48
-55
-60
-23
-29
-48
-68
-59
-41
-44
-48
-54
-41
-23
-23
-31
-11
-16
-20
-25
-37
-41
-37
-15
-34
-24
-24
-31
-35
-42
-25
-9
-6
-15
-33
-11
-11
-15
-15
-24
0
12
3
3
23
31
25
39
22
25
31
29
55
40
40
50
35
41
38
48
51
35
47
46
46
46
70
59
26
46
26
25
33
48
52
39
35
28
21
26
16
28
30
34
62
46
19
27
22
9
-3
4
21
29
32
29
-3
2
-17
-3
0
-25
-13
1
-12
-7
-9
-36
-26
-27
-30
-34
-20
-21
-40
