1
-1
-1
1
-2
-2
0
2
4
7
3
4
3
-1
2
1
-5
-1
3
2
6
8
3
4
6
0
-1
2
0
2
6
3
1
6
6
3
6
5
0
4
5
-2
-1
3
2
6
10
3
1
3
1
3
5
0
1
4
4
3
3
1
1
4
3
0
1
2
3
7
6
1
3
1
4
6
6
3
1
0
0
1
7
8
6
8
6
3
8
5
1
2
-1
-1
4
4
2
4
6
-3
-6
0
1
2
4
-2
1
5
0
-1
2
0
2
5
1
0
3
5
3
0
1
2
3
2
-3
-1
2
0
-3
-3
0
3
3
2
1
0
0
-1
-1
-3
-3
-1
4
4
1
-3
2
-1
-7
0
1
5
5
1
1
5
4
-3
0
1
0
4
2
0
1
0
0
2
1
-1
-6
1
7
0
1
-2
-1
-1
-4
2
2
0
0
3
1
-3
1
1
-1
-1
4
1
-3
1
0
-3
0
0
0
3
-1
-1
9
9
8
7
0
-1
8
3
-3
0
5
0
1
6
2
-2
4
1
-4
-1
-2
-3
1
1
1
3
0
1
1
-1
-3
2
1
0
0
-2
5
0
1
1
1
7
2
2
5
6
8
2
2
4
6
7
7
2
-1
-1
4
4
-1
1
5
2
0
2
3
4
4
0
-1
1
0
0
7
5
2
8
1
-1
0
-1
3
3
2
1
0
-5
-1
6
7
6
1
0
2
4
1
0
2
2
2
-1
-1
-1
0
2
1
4
6
2
0
2
-2
-1
3
-1
-2
5
4
0
2
-1
1
8
3
-1
2
2
0
-1
0
-2
-1
3
0
0
3
-1
-1
3
-1
0
5
3
4
3
-1
-2
0
-1
-1
0
1
0
-1
1
4
4
0
-4
-4
-2
1
1
0
0
2
2
1
-1
-2
-1
1
1
-2
-2
-1
0
0
1
1
0
0
-1
1
1
4
7
6
0
-6
-5
-1
1
0
-1
-1
1
0
-2
-2
3
6
4
1
0
2
1
-1
0
3
7
8
4
0
3
5
2
-3
-2
5
11
10
1
-4
-1
6
5
-1
-6
-6
-6
-2
4
6
5
0
-2
-1
-1
-4
-2
3
5
1
-2
1
2
-1
0
7
10
6
4
4
2
0
-2
0
7
7
6
2
-1
-1
0
1
1
-1
-3
-1
8
11
7
-3
-6
-4
1
5
9
12
9
2
-3
0
5
8
5
0
-5
-6
-3
0
2
5
9
11
10
4
1
-2
-6
-9
-8
-1
6
8
3
1
0
-2
-5
-4
0
1
3
4
7
7
0
-5
-1
4
3
0
4
11
11
1
-6
-5
-3
-4
-1
7
7
1
-6
-4
-2
1
4
6
5
4
8
16
16
6
-5
-10
-11
-5
4
14
11
-1
-11
-10
-6
-3
1
8
9
10
10
9
2
-8
-11
-5
1
4
11
9
-1
-13
-17
-11
-2
7
9
13
15
7
-10
-15
-5
0
0
4
10
3
-8
-7
0
0
-2
2
6
7
7
7
3
2
-1
-7
-6
8
16
9
1
0
-2
-1
4
5
0
4
11
6
0
4
6
1
0
11
18
10
-6
-5
5
6
2
8
17
13
-2
-9
-5
-4
-11
-9
7
16
7
0
4
1
-2
6
15
14
9
3
1
-1
-4
1
9
16
10
2
1
4
1
-4
-4
-3
-1
6
9
9
2
-1
-4
-6
-2
7
9
0
-4
1
1
-4
-2
1
-1
1
6
8
7
2
-2
2
10
3
-3
6
3
-5
1
8
4
6
8
-4
-11
-5
-6
-11
-4
0
0
9
15
8
-2
-11
-19
-10
9
10
2
3
6
-2
-9
-4
-1
-3
-3
-2
-1
4
12
10
-1
-12
-18
-17
-6
10
15
3
-11
-14
-7
-1
-1
1
6
4
5
6
3
-2
-3
-3
-5
-4
-1
-3
-2
-4
-11
-8
5
11
7
8
7
0
-1
2
4
8
7
-4
-10
-7
-5
-5
2
7
6
5
0
-1
8
12
8
8
11
8
5
10
12
5
-4
-8
-4
4
3
-2
-1
5
8
16
27
26
13
7
10
12
9
2
-2
-1
1
0
-2
0
4
6
4
3
2
0
-3
-3
-2
-1
0
-1
-3
-6
-4
2
14
23
25
17
0
-20
-36
-40
-28
-7
14
27
35
28
12
-6
-13
-10
-7
-3
0
-2
-10
-13
-3
3
-9
-13
2
23
16
-7
-3
17
10
-7
7
16
2
-8
-2
14
2
23
24
8
19
3
-3
-17
-8
-49
-55
265
584
493
102
-160
-173
-242
-198
31
98
-65
-202
-157
-167
-116
-60
-164
-139
-40
35
125
265
186
-119
-199
-145
-99
6
93
7
-116
-128
-177
-200
-119
-124
-189
-99
49
131
241
318
249
117
62
80
129
199
185
71
-13
-73
-153
-193
-202
-205
-161
-81
-7
27
40
49
21
-12
12
69
142
191
160
97
71
40
-39
-107
-108
-90
-57
-11
21
12
-32
-78
-74
-44
4
117
224
320
375
366
319
157
5
-33
-39
-34
4
11
-136
-285
-337
-354
-296
-180
-92
-9
104
138
87
66
48
-21
-62
-46
-27
8
18
-76
-205
-281
-336
-323
-217
-139
-108
-82
-94
-137
-65
198
525
704
603
445
349
217
132
138
122
-32
-216
-254
-242
-240
-284
-369
-393
-342
-170
75
304
340
180
79
64
129
231
314
319
218
101
-28
-107
-174
-313
-420
-393
-276
-145
14
117
118
67
-25
-30
112
285
343
299
301
236
149
184
116
8
52
273
460
376
264
86
-172
-333
-366
-260
-226
-213
-223
-263
-206
-124
-50
-26
1
-6
-32
31
72
61
15
-148
-310
-308
-252
-252
-215
-221
-302
-378
-462
-523
-528
-466
-470
-524
-614
-590
28
1030
1688
1596
1331
1237
890
525
504
657
465
-32
-372
-502
-579
-854
-1124
-1146
-1051
-901
-527
81
466
429
363
496
615
712
857
861
688
461
201
-105
-347
-558
-800
-883
-683
-449
-329
-222
-180
-142
-33
172
424
600
648
499
424
462
352
197
169
344
595
690
368
-169
-328
-181
-95
6
108
38
-5
31
3
89
162
-166
-484
-266
-19
-73
52
243
-7
-337
-302
-189
-177
-170
-265
-388
-382
-420
-494
-471
-595
-827
-651
-153
44
-187
-648
-1152
-1364
-1348
-1758
-2535
-2456
-227
3753
6459
5457
2650
1138
605
-115
149
1596
1716
-89
-1391
-1335
-1306
-1931
-2713
-3011
-2595
-1713
-312
1620
2744
1807
59
-459
176
999
1885
2382
1859
811
-104
-749
-988
-1219
-1884
-2214
-1633
-821
-234
168
140
-333
-725
-497
519
1746
2235
1905
1404
872
223
-112
-113
-362
-751
-542
384
1429
1747
918
-393
-1124
-1038
-389
546
1053
579
-379
-1086
-1376
-1266
-902
-610
-405
-133
175
588
993
748
-255
-1112
-1211
-724
22
562
398
-318
-1026
-1529
-1816
-1709
-1231
-711
-364
-238
-485
-1051
-1553
-1825
-2083
-2508
-2763
-1489
2573
7551
9157
6507
3188
1228
-246
-811
587
2278
1804
-398
-2146
-2856
-3365
-4002
-4432
-4066
-2707
-821
1479
3705
4007
1876
-383
-815
314
2038
3440
3533
2199
345
-1198
-1951
-1956
-2052
-2563
-2580
-1647
-470
426
832
377
-679
-1343
-896
648
2453
3280
2820
1844
791
-248
-841
-1068
-1072
56
2162
3383
3106
2079
372
-1731
-2683
-1676
-6
952
951
-36
-1418
-2169
-2369
-2294
-1617
-758
-104
987
2172
2141
1101
-42
-1264
-2031
-1370
158
1261
1395
315
-1598
-2952
-3042
-2441
-1707
-1160
-962
-773
-543
-843
-1722
-2538
-2943
-2836
-2000
-1192
-1096
563
5804
11233
11672
7279
3091
1658
730
-148
1071
2364
344
-3167
-4779
-4731
-4848
-5414
-5349
-3801
-1482
369
2186
4182
4180
1718
6
630
2077
3464
4330
3420
1057
-1029
-2375
-2935
-2470
-2073
-2179
-1612
-717
-473
-387
-207
-508
-1057
-1032
71
2106
3733
3507
1727
578
409
-11
-375
-217
-46
684
3707
6211
5226
1795
-1598
-3237
-3857
-2115
555
1248
176
-1686
-2913
-3210
-1912
-1330
-1618
-191
1179
1883
3075
3921
1938
-1280
-2555
-2786
-2182
-109
1488
1032
-334
-2131
-3628
-3054
-1688
-1782
-2155
-1355
-581
-196
11
-938
-2364
-2964
-3253
-2857
-996
615
432
-720
-774
2756
9228
12560
9099
4149
2447
918
-1346
-362
1997
589
-2985
-4710
-4466
-3609
-3404
-4157
-4100
-2687
-1205
961
4403
6000
3444
165
-59
1475
2723
3652
3412
1650
-188
-1412
-2016
-1938
-2000
-2897
-3293
-2313
-1055
-221
290
167
-532
-930
-706
867
3045
3715
2516
1309
1239
796
563
682
481
-560
-697
2993
5918
5417
2334
-1179
-2682
-3555
-2516
-164
647
-159
-1360
-2137
-2332
-1569
-1256
-1785
-1246
255
1230
2709
4238
2319
-1695
-3540
-3154
-1899
129
1141
-35
-1384
-2158
-2916
-2490
-1312
-1841
-2975
-2076
-343
351
359
-467
-2133
-2820
-2198
-1816
-1647
-1393
-2118
-3023
-2358
-1250
65
4732
11307
12860
8573
4604
3112
1849
1037
1716
1911
-227
-3256
-4574
-3943
-3879
-5394
-5878
-4187
-2309
-431
2435
4678
4289
2042
557
1181
2749
3796
3997
3491
2416
852
-581
-1330
-2219
-3720
-4536
-3754
-1977
-324
265
-289
-1055
-1282
-883
308
1899
2849
3004
3032
2751
1731
721
231
300
1061
2041
2229
1943
1569
-16
-2486
-3726
-1551
1982
3293
2188
198
-467
-721
-1049
-453
3
-382
-1400
-1378
-202
449
-14
-1097
-1622
-1564
-1522
-970
602
1486
397
-1102
-1615
-1559
-1427
-1174
-1150
-1420
-1803
-2261
-2296
-1697
-1514
-1956
-1329
192
673
74
-265
-681
-1889
-3413
-4436
-4322
-4090
-4031
-4183
-4082
-1582
4388
11805
13977
10158
6821
5549
3993
2453
3450
4643
2514
-1223
-3715
-4362
-4610
-5899
-7593
-7588
-5680
-2914
559
3526
3924
2006
295
496
2539
4654
5268
4849
4135
2457
25
-1015
-1165
-2475
-4148
-4296
-3068
-1538
-843
-1160
-1233
-1256
-721
-251
671
2959
3297
2696
2900
2697
1286
140
114
-31
308
586
762
-70
328
3810
5538
3421
-700
-1973
-613
-453
-358
731
678
-1689
-2985
-2343
-1312
-349
-726
-1792
-1395
-401
-442
827
3111
2150
-813
-1468
-585
-143
468
227
-1489
-2566
-2664
-2860
-2385
-1874
-3036
-3741
-2392
-1030
-323
778
937
-242
-928
-1352
-1679
-1598
-1750
-3041
-3340
-2256
-3506
-6268
-8218
-6593
1058
12083
17960
13853
8436
6287
3380
969
2529
5496
3764
-636
-2404
-2325
-2267
-4422
-8442
-9919
-8260
-5653
-1476
4007
6176
3325
-150
-994
522
3422
6294
6699
4429
2304
1284
676
371
-883
-3478
-4667
-3122
-1297
-287
285
-290
-2250
-3893
-2931
-262
1881
2398
2295
2121
1966
1572
793
1175
445
294
1198
1822
2402
682
1654
3695
3262
1808
540
1653
308
-2286
-1710
-63
211
-857
-1691
-2680
-3270
-3150
-2628
-1048
875
766
-180
1068
1800
225
-571
-337
-1141
-1426
-245
159
-218
-921
-3075
-4839
-3706
-2157
-2079
-1485
-710
-1217
-1466
-800
-961
-1194
-946
-1390
-1752
-1649
-1881
-2117
-1609
-2759
-6826
-10813
-8825
1675
14168
19036
13410
8576
6866
2898
994
2722
6344
4886
327
-764
-1540
-3044
-6620
-9911
-9877
-7995
-5562
-1075
4970
5908
1647
-1701
-1581
822
3921
6186
6551
5758
4369
2715
1435
570
-1151
-3649
-4411
-2718
-977
-759
-1090
-1541
-2778
-3815
-2964
-604
1536
2348
2199
2304
2926
2271
452
-308
270
1486
2917
4031
3111
398
-1431
777
5278
6419
3144
-714
-1224
-2756
-3424
41
1114
-507
-3532
-4894
-4700
-3082
-137
-1190
-1249
715
21
-118
2758
3558
-140
-2076
-1356
-887
261
1231
-686
-2849
-3135
-4417
-5118
-3073
-1884
-3238
-3347
-1723
-777
-579
-934
-1546
-1802
-1352
-1585
-1940
-1659
-1339
-2461
-5785
-9565
-10749
-1627
12507
18923
14501
8477
7998
4045
1062
3726
7094
5908
416
-842
-1297
-1504
-4071
-9040
-9760
-8827
-6869
-3224
2862
5773
2244
-1451
-1824
350
3191
6045
6584
5291
4377
2992
1430
1202
533
-2394
-3994
-2572
-978
-534
-445
-712
-1539
-2482
-3220
-2519
-45
2079
2342
2558
2672
1169
360
914
1355
1710
2449
2862
2646
1534
1636
3982
4461
3869
2160
1326
1719
-206
-367
-572
-1857
-3157
-4117
-3871
-4544
-3202
-1815
-2129
-1054
353
571
674
1511
778
-407
342
1191
963
1280
1068
-1208
-2773
-3537
-4703
-4345
-2520
-2368
-3097
-2022
-932
-1863
-3123
-2785
-2526
-2634
-2465
-2008
-1340
-1219
-2221
-4082
-4947
-8297
-8852
1255
14001
19148
14086
9531
7519
2982
1023
3266
6481
4487
-823
-2653
-1663
-1951
-6176
-10792
-11103
-8047
-5329
-1641
3855
5810
2228
-1853
-1952
990
4412
6849
7476
6219
4175
2316
1128
1184
614
-2212
-3638
-1648
-246
-681
-779
-1370
-3111
-4092
-3840
-2295
-222
609
528
768
1731
1842
877
807
2170
2868
2812
2354
2229
5554
8014
6676
2094
-1484
-1102
-2297
-1540
977
545
-2398
-5501
-5269
-4510
-3077
-1643
-1995
-1256
291
834
1233
2496
1597
-1411
-2356
-988
165
1052
1888
637
-1694
-2899
-3884
-4395
-3038
-2099
-3009
-3044
-1862
-1477
-1843
-2676
-3512
-3869
-3684
-2799
-1808
-716
-191
-1319
-4093
-7605
-10762
-7871
4435
17077
19774
12852
8487
7601
4038
1927
3351
6935
5662
1246
-91
-711
-2386
-7764
-11954
-10754
-7516
-4215
-808
2779
3280
29
-2610
-2004
128
3092
6042
6971
7190
6543
3643
1361
1495
578
-1770
-2139
-979
-552
-780
-848
-1623
-3426
-4706
-4062
-2184
-55
1666
1541
833
833
604
1
1089
2845
3072
2686
2573
6140
9813
8241
2199
-2339
-668
-779
-1312
641
39
-2503
-4863
-4471
-3548
-2675
-2419
-4224
-3442
-315
988
1213
2132
1497
-1014
-2226
-1079
239
777
1642
1043
-854
-1358
-2462
-3961
-2824
-2523
-4609
-3735
-850
-1059
-2288
-3134
-4150
-4576
-3938
-2316
-1162
-707
-2079
-2999
-3163
-4325
-7262
-9911
-2617
9698
17607
17632
11091
8091
6641
2566
1035
4743
7272
3683
463
580
-385
-4098
-8415
-10979
-9572
-6356
-4534
-1014
3804
3461
-1401
-2992
-840
656
2791
5729
6411
6018
5483
3907
3281
2780
-29
-2599
-2171
114
1185
908
837
-576
-3692
-5185
-4677
-3191
-523
581
312
1308
2157
413
-1027
105
1217
1889
2237
6182
11464
11320
5900
-851
-1825
-1780
-2370
280
1233
-322
-3021
-4465
-4432
-3986
-3880
-5213
-4571
-1171
1283
1546
2243
2279
-696
-3067
-2263
-540
1032
2605
2182
215
-899
-2282
-3772
-3520
-3333
-4168
-3290
-541
387
-699
-2459
-4276
-4894
-3529
-2218
-3111
-2631
-2250
-2976
-3163
-4617
-7191
-10710
-6569
6763
17564
19080
12942
9706
8284
3390
1119
3044
6598
4971
247
615
1617
-68
-5943
-11691
-12098
-9616
-5976
-2449
2701
4956
1355
-1959
-2653
-1867
523
3001
4413
6382
6590
5706
4225
3270
2205
-1207
-1640
-873
348
1143
731
1114
-819
-3003
-4571
-4677
-2826
-1109
166
919
1049
638
-57
-706
-96
-495
1753
7080
10314
10385
5567
1808
-203
-1533
-463
330
266
-1853
-2926
-2830
-3495
-3209
-3587
-5275
-5593
-3473
-1418
568
2460
1558
-1388
-2858
-2512
-1970
-110
2337
2863
1945
1001
-682
-2153
-1937
-2465
-3859
-3490
-1953
-1786
-1353
-355
-1405
-4009
-5452
-4446
-3862
-2068
-1155
-3103
-3606
-4457
-5711
-8645
-8855
-720
10650
17668
14872
10671
9815
5905
1147
2282
6995
7008
3010
983
1015
-135
-2836
-6451
-9127
-8824
-7897
-6012
-781
3566
2348
-913
-1521
-1199
-1347
559
3632
4989
5683
5656
4028
3139
2717
616
-922
31
789
545
1678
2837
1510
-828
-3091
-4669
-3395
-1380
-913
-452
87
56
-456
-361
63
-564
-570
2762
6421
7877
7798
5475
3882
1480
-459
242
-301
-259
-1232
-2431
-3101
-3853
-2983
-3745
-4712
-4497
-3640
-2116
98
2175
1421
-278
-1311
-2444
-2476
-383
1028
656
917
857
-755
-1758
-1683
-2933
-4102
-2549
-856
-778
-391
-515
-2595
-4406
-4676
-4268
-3517
-2748
-2641
-2956
-2557
-2283
-4041
-6840
-7966
-3818
6670
15220
14424
10393
9751
8147
3189
1547
4840
5919
3378
1867
1812
1756
526
-3693
-7986
-8275
-7223
-6694
-2934
2676
3363
-282
-2387
-2556
-2690
-1663
762
3377
5760
6111
3580
2004
2921
2036
-1048
-1494
841
2229
2652
3468
3381
1425
-1414
-3468
-3262
-2104
-2192
-2127
-671
418
135
-920
-1298
46
1552
1823
2507
4988
7013
5681
2806
1959
1949
456
-1070
-1396
-1318
-1257
-1562
-2096
-1879
-1915
-3804
-5556
-4374
-1697
-553
-374
280
186
-951
-1628
-1717
-1273
-671
-913
-766
671
1424
212
-1117
-1461
-1762
-2529
-2540
-977
24
-679
-2293
-2727
-2357
-2427
-3363
-4468
-3793
-3264
-2121
-1980
-3420
-6621
-8695
-1980
7104
12388
10251
7442
8209
5528
3928
4297
6404
5650
2082
1492
1867
2920
1322
-2116
-5126
-6627
-6864
-6527
-3365
683
1343
-897
-1845
-2200
-1214
-323
210
1468
1817
2955
2026
2627
4737
3556
2032
821
906
939
1440
2801
2779
1842
180
-1324
-1520
-847
-1465
-2312
-1831
-753
-665
-1284
-961
446
1889
1122
470
515
2400
5356
6145
7113
5407
2334
-462
-2558
-1229
-618
-599
-1245
-2392
-2471
-3320
-3245
-2784
-3156
-3195
-3639
-3093
-983
606
1364
532
-381
-1200
-2726
-1603
466
1220
826
-355
-794
-1340
-1559
-1158
-1162
-1366
-1623
-2011
-1817
-938
-788
-1742
-3138
-3918
-4442
-4140
-2894
-2370
-2077
-4148
-7411
-6015
808
8605
9887
7339
7438
6588
3744
2074
5231
8786
5940
2168
1023
1761
1918
73
-984
-2476
-4450
-6275
-6504
-2513
650
-71
-1864
-2952
-2784
-1936
-95
1670
2354
2560
1559
834
2449
4148
3526
2383
2225
1787
725
761
2249
3077
2270
95
-2250
-2700
-1539
-1138
-1385
-1228
-1723
-2358
-1368
510
968
295
-339
-620
127
2666
6636
8231
6652
3357
220
-1427
-2611
-1138
848
765
-493
-2436
-3523
-3823
-2690
-2292
-3624
-3691
-2726
-2105
-591
1610
1798
-111
-2314
-2783
-2682
-1239
1531
1978
1354
564
21
-803
-870
-288
-1702
-2406
-2359
-1939
-1042
-37
761
-1300
-3043
-3365
-4178
-3946
-3305
-2051
-928
-1084
-2343
-5721
-6090
-1114
4332
6822
4970
5135
7072
5944
5131
5391
6662
4294
-83
-312
1560
3917
3259
906
-1281
-3108
-4563
-6006
-4083
-770
28
-1366
-1459
-734
-358
91
298
694
714
1366
1258
2346
4672
4422
2862
989
545
71
36
2016
2375
1575
180
-1291
-1467
-1626
-1202
-980
-1388
-1934
-2480
-1628
-267
878
1356
1325
953
1178
1719
2158
3884
4463
4211
2620
559
-148
-932
-822
-1300
-1494
-1595
-2192
-2167
-2341
-1935
-1981
-2437
-2870
-2952
-2196
-1331
-338
512
520
-524
-1269
-1100
-104
655
812
685
-72
-576
-1086
-1131
-991
-1383
-1851
-2273
-1874
-1413
-1248
-1074
-1170
-1642
-1963
-1971
-1793
-1668
-1690
-1043
-1091
-1352
-2355
-4021
-2769
591
4373
5122
4016
4787
4395
3090
2554
3460
4196
2435
1539
1897
2208
2338
703
-840
-1715
-2652
-3118
-3106
-1215
177
-14
120
-286
15
498
778
1491
1790
2273
1557
814
1556
2021
1719
913
572
246
-416
38
1064
1172
879
15
-1124
-1615
-1605
-1126
-1037
-284
314
-410
-625
14
1469
2228
2102
1790
1466
1625
1407
1356
1915
2253
1284
-398
-979
-848
-1386
-2228
-2195
-1961
-2250
-2668
-2352
-1353
-413
-32
-481
-700
-724
-821
-755
-518
38
-128
-838
-777
-35
258
24
-257
-902
-1723
-1967
-1628
-1268
-545
-173
-805
-1516
-1707
-1522
-1323
-709
-554
-836
-900
-1309
-1260
-709
-96
-216
-918
-539
-198
-1008
-1408
-182
1791
2512
1719
1251
2007
2750
2289
1786
2402
2280
756
98
587
1161
1152
591
256
77
345
257
-82
686
1206
920
759
1280
1699
1474
1044
148
-474
-514
-666
-770
-166
776
857
222
-339
-583
-485
-221
37
242
433
417
374
661
1128
1258
482
-235
-446
-235
590
1093
1251
1218
1034
466
258
1004
1030
434
-241
-899
-1403
-1536
-1417
-1608
-1281
-941
-1272
-1259
-498
60
62
284
385
-8
-535
-545
-472
-245
-5
-475
-1123
-1638
-1878
-2198
-1324
-466
-290
-704
-995
-862
-804
-451
-255
-271
-539
-867
-1059
-898
-499
313
391
-25
-324
-205
-1
-437
-384
355
492
138
-239
-302
-83
-142
-748
-1468
-1405
-1270
-501
244
1404
1807
903
551
711
1701
2300
2016
1651
1463
1162
1191
1512
2075
2138
1310
325
-48
276
528
574
765
158
-573
-449
-126
195
103
-103
-376
-724
-551
-135
452
488
268
120
-203
-33
424
682
545
539
687
416
43
54
248
450
902
1051
666
168
123
286
79
-432
-1105
-1492
-1812
-1560
-754
-290
227
411
161
-147
-364
-202
-126
23
265
-214
-521
-128
-76
-262
-572
-853
-1343
-1740
-1323
-1284
-1298
-1080
-887
-633
-708
-487
-337
136
917
624
179
-56
-196
-138
-280
-79
-7
-188
-22
96
393
592
127
-339
-365
-102
290
79
-256
-140
-388
-655
-835
-833
-672
-565
-349
-86
296
387
597
672
794
1073
933
1214
1222
1004
1034
885
653
335
295
560
574
376
661
578
205
195
-158
-442
-280
214
381
424
772
781
369
67
282
239
-180
-434
-151
238
383
560
509
610
409
-28
-336
-258
145
-164
-536
-641
-289
24
-41
-13
-7
43
-181
-299
-401
-111
258
139
321
586
664
415
131
-3
-270
-531
-939
-1014
-839
-646
-300
-361
-335
-948
-1209
-1411
-1129
-612
-392
-249
-284
-295
-205
-126
289
209
-260
-485
-562
78
476
977
862
507
88
-220
-139
200
613
502
11
-522
-805
-669
-694
-341
-270
-79
-438
-181
58
61
508
419
769
692
867
747
973
843
310
615
95
-43
292
167
239
342
-9
-408
-486
-689
-409
-131
112
238
155
269
284
352
370
362
108
-57
-134
81
755
861
741
228
59
-80
-142
238
-8
85
23
-190
-345
-504
-827
-505
-258
-176
-217
-565
-415
-156
376
411
579
698
236
462
547
692
708
433
290
96
-294
-539
-766
-664
-507
-721
-528
-601
-277
-240
-255
-299
-280
-88
-335
-310
-233
-228
-124
-71
-252
-441
-243
201
744
321
20
-11
-288
150
352
234
240
235
157
62
120
-313
-723
-496
-279
-187
-22
-150
-683
-438
147
53
306
419
422
914
876
698
611
415
335
4
-10
252
276
288
121
99
-7
-780
-1093
-548
-157
236
3
-206
190
218
758
212
-384
-252
-441
605
744
369
405
465
545
-297
-649
-476
-146
201
443
253
-414
-670
-827
-574
-78
41
-74
-406
-659
-218
219
50
-87
-403
-392
449
1102
840
370
88
-190
155
58
-508
17
177
-70
-226
-468
241
281
-359
-665
-830
-780
-578
154
326
102
-193
-159
129
-170
-178
-282
181
377
543
478
47
407
378
575
311
83
-49
68
-140
-177
-82
284
-410
-250
-252
-371
-437
-480
232
334
275
-232
151
301
322
378
338
247
195
115
884
543
98
62
-130
-18
-38
134
319
420
-516
-938
-721
157
61
611
-254
-678
-531
-71
401
443
280
148
-215
-216
814
691
424
-133
-250
-58
447
-18
-117
-391
-313
-498
-390
-325
-649
-120
-422
-54
84
-365
-515
-215
-404
-176
152
111
219
-244
-51
867
693
365
-235
-419
-76
-33
447
221
57
-59
50
-557
-224
-171
-566
-364
-438
-78
362
75
69
-356
45
159
-113
-131
-483
-20
357
511
359
-3
208
264
17
21
178
145
169
-305
-41
28
-54
357
-114
33
-457
-638
137
537
812
555
420
-122
-91
592
932
285
-80
301
-31
503
354
-90
40
90
313
-309
-14
340
-80
29
-95
-499
-456
-127
50
345
-207
-1071
-286
956
896
330
-12
-310
-27
148
-151
175
519
-122
-648
-342
-147
-336
-485
-288
-413
-697
-404
-66
-133
-508
-413
-609
-429
215
218
752
-260
-1171
-227
-329
882
1819
-425
-1122
-133
38
564
420
-333
-52
520
-24
-933
52
742
12
-300
-601
-323
-85
-404
914
628
-126
-93
-41
1157
185
93
186
480
449
439
-131
614
28
-572
253
-723
-191
-31
-285
-99
232
-282
-377
-489
-18
271
89
496
294
612
288
-214
326
337
160
288
480
-125
-353
71
664
351
417
-1188
51
-149
308
-30
-72
-155
65
-321
-166
439
-579
-468
30
383
142
158
102
-282
-164
913
344
346
219
-1002
-200
142
-230
236
38
-272
-388
-437
-586
-189
-695
-27
220
-736
-116
-468
352
861
404
-670
-814
-734
110
378
567
-294
-609
299
-503
736
202
-368
-125
-403
280
89
273
-232
124
-428
-49
186
-408
-535
-23
190
289
431
50
232
695
340
380
420
121
243
438
175
245
30
-308
70
98
-217
-118
-252
-569
-216
-113
108
505
79
-29
97
276
193
-14
-618
-473
333
61
669
340
10
163
209
549
-590
-36
289
-273
-129
-122
-23
541
1239
-167
-488
-233
-273
-68
-772
-446
-90
100
522
550
-744
-704
201
-81
514
-106
-251
-104
-178
489
-427
11
402
-980
-876
-9
559
183
-593
-245
-307
-153
694
314
-89
-134
153
274
-268
-50
4
-558
560
326
-78
-23
-664
350
98
-35
-648
87
417
321
-53
-215
-50
-120
-553
103
-233
39
390
-539
-145
612
112
203
167
285
319
162
566
-79
75
487
-179
-56
-246
71
367
-397
473
-113
-648
129
-275
344
2
408
-264
537
48
-605
556
289
-33
13
-306
-399
151
-57
577
-72
-104
645
442
247
-428
-565
416
135
-25
-322
-19
312
165
148
-708
-167
-475
-381
297
-21
85
9
-20
-308
77
-596
45
61
222
-24
-177
-547
-312
-50
376
-30
79
-252
-398
-100
-485
205
-373
162
-101
-81
287
505
16
359
-32
-272
-490
-236
229
-136
412
-431
710
178
-291
178
-111
545
-140
-177
197
-205
-86
171
-127
227
-306
5
149
-725
610
-178
787
197
-674
429
-538
642
430
184
-101
-361
310
386
379
199
-269
-87
-70
398
-358
281
277
-132
-365
18
-402
246
430
-121
403
-122
224
-487
326
518
-353
395
-307
3
-105
47
96
470
-213
340
-84
-124
279
-761
109
-116
-316
-156
86
-207
1037
-46
-649
142
-719
109
-92
98
221
-614
-499
337
116
-209
-563
-364
50
-320
-310
655
-599
-85
107
-150
69
-501
421
-823
-33
303
53
223
277
-322
57
146
-411
318
-297
295
338
-305
-50
387
371
392
-417
137
-55
-68
194
-299
815
-532
141
110
-336
318
-37
-140
544
144
-521
443
-85
539
342
-222
264
472
-235
276
-649
-272
237
-656
1018
-154
732
85
-742
354
-48
463
-211
-226
-46
-868
1246
349
-554
-2
-128
-126
431
-295
-738
594
-314
91
763
23
384
-476
-384
-40
-67
432
-303
-86
143
-192
65
-495
23
301
-169
145
-311
-153
636
-87
-650
-61
-132
-49
256
-169
-374
40
-711
-664
97
68
-110
-55
-121
-30
-9
254
394
-772
-55
-806
693
-276
704
229
-377
409
129
-370
568
439
-369
42
1
-357
425
429
-248
-68
-4
116
383
231
-31
-117
-373
-204
321
246
12
-524
491
-532
1084
-464
67
126
-495
477
105
-209
346
90
672
-534
-726
256
-396
110
211
-360
541
-228
46
707
-847
-146
479
-166
691
-2
-337
317
-109
-260
126
439
-65
-263
-193
-146
211
-180
177
349
-457
-124
79
55
-164
-581
138
293
213
15
-662
-74
351
281
-186
-533
216
188
180
49
-310
-87
-476
178
327
-558
-48
-125
106
327
-651
-348
-62
-52
203
-96
17
-369
-503
95
295
383
-532
-441
662
149
-270
138
-15
30
289
-66
450
170
-263
29
-306
599
386
-216
7
-323
63
417
134
-221
43
-276
-176
374
-69
293
-167
32
1110
66
-285
-392
-321
222
73
420
271
349
-179
-489
20
-426
351
188
-180
118
-357
701
462
-207
-107
-929
645
62
129
160
-680
385
-122
689
-139
-354
-558
625
-10
323
-51
-192
-273
-296
-389
366
-234
51
60
-127
243
-460
117
223
-501
-3
-440
106
691
-375
324
-141
-635
453
214
285
-230
-255
-389
821
-360
280
-582
197
-131
130
-112
-337
-209
-792
200
268
109
-292
-292
434
-133
409
-202
-170
57
-125
14
390
278
-80
70
-535
226
12
133
167
-308
302
-171
688
-311
11
591
-543
371
-560
-8
644
-87
137
-237
-159
243
-66
8
467
-493
53
498
-261
524
387
-117
24
132
-342
-428
293
267
-150
-29
275
69
-63
-301
224
-101
-547
330
-306
274
399
-284
394
-106
-97
222
-34
-166
-88
-84
29
353
-145
-289
-151
74
387
-243
-440
154
58
99
312
-362
-316
195
-39
-292
-180
12
-59
-382
-534
67
246
275
419
-264
-141
-36
61
602
-111
-443
-390
-157
646
134
-392
-306
-626
20
776
384
-158
-141
54
-158
322
353
-375
-59
-282
151
-34
600
-119
-505
356
-355
761
-244
371
-243
-34
144
240
-286
112
-204
329
-211
40
94
-87
480
-121
-706
355
211
-163
458
96
-85
612
-749
-271
1314
247
142
-182
-1191
173
466
-236
253
-471
-505
503
42
41
48
-380
-155
131
299
210
81
-386
-331
372
354
239
-340
-453
-178
458
266
-455
-60
714
-250
-68
-96
-507
995
-692
515
-696
-76
271
-430
15
62
-116
130
-507
153
-220
2
76
90
143
-51
-472
-377
90
138
307
-531
68
925
32
-355
-489
60
-81
305
1
-506
550
211
-345
10
331
-171
-84
384
5
102
119
-356
-73
320
-453
96
312
-315
421
142
-454
-278
532
385
177
180
-289
323
-76
-101
397
128
-413
201
166
-610
445
-200
576
551
-523
216
-801
306
486
-645
-199
104
252
-415
312
388
-423
-333
-537
531
565
-660
124
-83
-126
377
106
-504
556
353
-738
113
-465
497
344
-182
-677
91
-416
1050
-38
131
-233
-315
387
-342
-170
-289
-920
29
579
37
147
422
-990
-414
530
-64
-11
260
-101
10
-160
-11
860
-145
-1118
-522
834
468
-481
166
-329
-95
338
519
-106
-369
468
-439
202
412
0
-363
-426
1170
276
-573
-393
-341
317
469
156
-160
143
-407
49
372
183
-48
-175
-260
99
453
-102
446
-426
154
-613
587
255
508
-285
-670
30
937
336
410
-9
38
-61
-989
-39
1048
-291
-21
-535
-633
1010
-732
170
-802
300
250
-32
-303
-328
-172
-562
716
18
789
-352
-893
-436
234
396
-50
241
1024
-566
-518
381
-4
3
263
-66
5
-426
-648
462
531
521
-793
720
-93
-1179
276
-265
267
324
-130
-531
155
510
-7
-315
-7
-62
-92
360
-440
-322
-625
782
-212
-174
745
-402
-681
1338
-428
-193
-123
-697
499
1239
724
-1188
564
96
-55
-566
1014
-53
-596
782
-1155
49
1196
-534
-136
522
-313
47
-93
-60
454
-482
154
832
-184
-84
-535
-10
-501
464
417
170
65
-482
-639
129
92
980
1336
-1186
-806
-107
545
213
-512
-910
205
584
-663
-305
829
737
-297
240
-976
-708
-225
1006
527
-1253
46
205
529
683
-298
-1165
205
251
-172
965
-466
-378
876
-507
137
-186
449
-323
-875
52
204
1331
-946
-620
438
242
518
-120
-398
-473
-1149
1348
723
-127
772
-1340
230
286
-8
923
9
-1031
26
-333
145
764
-1146
6
0
-396
-105
307
35
-107
-605
45
548
177
383
-321
874
162
-633
-85
333
874
-425
-904
321
-181
922
669
-1162
474
37
-601
511
-703
-312
622
-154
-278
688
101
534
-503
9
-344
-342
835
420
-604
439
32
-653
664
-194
-77
-151
-598
-246
1261
5
-339
174
-340
190
-113
-541
402
-252
3
37
-484
137
365
723
-779
427
-457
221
310
-585
131
-168
213
-207
209
-22
71
129
252
-400
-691
-4
6
210
157
90
-388
-161
64
396
-18
49
517
-1449
55
-157
1227
854
-276
-700
55
389
-1274
707
-43
661
-380
97
13
-195
418
-543
286
-56
217
-410
-199
396
-360
432
313
-114
-451
527
-682
358
148
502
-246
-412
-278
1343
235
-78
-776
-631
219
117
869
-513
-332
-692
925
120
-609
78
407
24
175
-806
-104
569
-67
-111
579
-233
-441
44
-383
-19
290
54
-53
383
-342
-303
977
306
-1221
-673
616
254
760
-1073
317
177
315
-173
-485
-556
615
625
-235
23
137
-602
325
-171
468
-329
-756
300
-204
712
-225
-181
-480
495
-605
569
-81
-434
769
-338
-6
-401
264
240
146
-39
458
-130
-56
-243
-115
-223
-554
874
1451
-466
-291
-1047
-282
1319
62
151
-597
-232
294
455
-753
-323
219
170
518
-498
161
-21
385
459
-559
-1059
-554
1210
299
669
-60
-869
420
422
-223
-23
492
-696
-315
425
251
-20
346
-636
-414
217
-207
-186
244
192
34
67
-489
170
302
548
-1159
-392
984
192
-250
-1257
962
679
-155
-13
-960
245
649
147
-313
479
-235
-635
139
-390
195
259
-93
594
-447
148
76
47
291
27
-430
299
-85
174
-35
-184
-582
-300
81
-126
210
213
-612
315
824
394
136
-1356
-913
1064
203
-264
15
-170
205
183
326
424
-53
-837
-779
851
425
-610
-192
74
931
252
-560
-233
-736
71
1066
97
-124
421
-556
-191
170
-587
550
653
-599
-492
391
391
810
-138
-1072
114
-24
701
-1
-569
225
-84
152
-380
-633
115
273
240
-436
29
483
317
-12
-317
609
-575
292
-683
548
-829
-205
375
549
660
-385
175
367
-919
86
469
-883
290
-514
613
-325
524
296
-375
-276
-502
-164
279
193
-404
-112
546
529
-154
683
251
-1402
-550
-304
1051
-74
-37
-443
193
-26
675
-347
-169
385
25
287
231
-172
-451
-1019
689
149
78
337
-195
784
-610
-21
618
-826
-3
-574
-336
1154
534
-97
-436
-759
634
140
-634
-154
-118
697
-278
-90
-106
-292
1054
409
-433
-619
1012
215
-596
501
168
615
-651
-836
501
445
-285
-300
-519
18
873
-781
-90
-257
-9
687
-904
379
-72
360
508
-7
113
-823
-221
550
654
279
220
-675
204
-1108
360
526
614
-595
-774
-260
467
206
942
-609
-1488
750
-646
571
493
-512
-757
-101
860
1252
-1220
133
-423
57
1140
-883
-397
-373
607
861
-188
-255
-1394
40
891
507
249
-516
520
-19
-774
647
79
-71
-316
-415
-100
1131
-550
664
-504
164
205
-262
75
-1639
1899
397
-489
-686
-16
93
674
165
-1037
-498
-288
1514
268
-74
-611
451
-467
36
284
-843
685
452
-672
667
-522
106
693
342
-291
-586
-323
643
391
-316
138
-1011
-56
346
-122
952
-306
-747
-506
322
217
635
-221
-500
385
-215
51
-90
825
-870
-72
-132
542
518
-148
-303
237
-122
28
-423
-201
32
-5
-394
522
383
-434
670
13
-864
-204
-662
-194
254
676
96
-651
183
365
507
-192
-170
390
76
98
-146
-20
-293
-147
-50
386
256
-1081
-15
752
66
-236
-187
-56
-90
-158
198
549
-114
-34
52
-88
212
-472
-291
-189
310
838
-531
488
65
-193
1386
-1323
-1230
155
341
447
-267
357
205
102
-7
398
-11
-1091
-953
234
851
1332
-872
-97
152
-189
175
-441
531
247
-147
-244
74
480
-997
-540
618
280
-24
546
-112
-336
-729
483
351
-172
-388
211
388
218
-231
-553
241
-1
-161
622
-214
-166
256
-113
-385
-845
864
1494
-473
-274
-1453
638
855
-647
167
171
-183
-524
-800
1157
871
-568
-228
-62
221
-194
-370
484
-352
-328
356
376
590
357
-1226
15
-52
368
534
-260
-1479
-564
1539
246
-387
-920
495
493
611
395
-659
21
-445
-159
694
-83
-639
-376
1103
-259
218
-515
338
461
-377
314
-856
365
391
28
-300
-18
-397
641
-425
-227
-367
-442
700
211
729
33
-551
-263
-671
869
1405
-810
-218
150
-100
145
-348
-88
-124
183
1223
-590
223
95
-156
185
513
-161
-795
422
379
-491
-769
-1136
513
774
-191
-617
609
960
-135
-215
-1118
-424
169
-349
1109
82
613
-713
11
863
-507
75
-868
-30
-352
-273
442
698
-21
-196
1135
-276
-113
-916
-662
-66
1152
-218
-338
1069
-210
-151
-780
-13
-66
241
37
256
-189
-485
964
-298
-81
701
-1123
-594
73
961
943
616
-1076
-449
-50
-1279
1583
655
-594
513
-272
330
493
-268
-852
-234
638
-280
150
-225
-734
580
89
-133
-16
-326
137
642
-55
-366
-932
482
-113
328
267
-209
338
130
57
-581
-234
374
319
389
-1078
-1435
898
1653
-121
-574
-774
255
484
163
500
-922
-58
381
-72
238
18
-109
-569
346
-74
-31
109
620
-167
-961
330
289
529
-1289
-369
220
964
502
-95
-703
301
-850
599
-306
-24
645
-726
909
-224
103
-322
807
213
-515
-1093
-98
953
-213
270
-931
118
315
86
-3
-90
717
115
-851
282
203
-155
-360
294
-473
415
636
-812
275
424
-299
-320
-682
475
442
-494
-77
715
322
-214
-212
-470
1258
-341
571
-1025
-1065
-811
-160
2060
329
-315
197
-852
1672
294
31
-691
-926
541
-344
-91
-255
860
20
776
-1293
-449
269
-309
330
224
446
-507
-39
-104
270
-402
-362
506
75
-745
744
507
-531
164
859
-809
39
-83
-343
291
-273
838
0
-969
308
254
-709
1219
-1056
82
126
-242
859
225
-793
332
221
-857
-275
124
-318
655
132
590
890
-976
-43
236
-28
-529
-569
512
-52
-342
-369
343
-70
869
-434
449
-1021
-19
1300
-191
-43
-17
107
-492
97
-80
883
-587
328
-97
-373
376
-732
-245
391
551
146
-256
-797
988
-459
350
-744
-89
1578
-1098
-807
796
351
773
-665
-320
-172
507
14
-791
1123
-275
-1323
664
499
235
-244
120
198
-359
-439
-102
1116
-329
-146
-696
-20
-255
1132
50
-240
-32
-887
0
601
-107
45
-321
273
243
236
-191
-558
752
-13
-475
491
94
122
-38
-872
-202
304
-64
731
-476
-663
326
-100
79
410
401
-730
297
-67
-501
1481
-78
-331
-727
-473
824
932
-608
-1284
-35
167
971
352
612
-1533
-112
639
731
440
-471
-1595
-25
531
582
-434
-363
425
499
454
-856
523
-526
-39
303
665
-814
-22
130
706
376
-1076
-893
123
1002
-166
339
-688
-360
101
1126
-96
-541
-112
96
-376
513
-34
-334
192
-415
765
278
-1478
47
850
914
-441
-925
-140
-143
1735
911
-1096
-187
-1050
87
651
-792
265
-1086
499
1515
-1122
708
-130
-375
265
-747
1053
-26
-122
-251
-957
1635
121
-792
588
-80
-429
-76
491
-654
112
310
-808
879
0
29
-296
-252
179
-212
641
-46
317
-656
98
-29
194
719
675
-1911
-441
69
-258
918
-1832
1269
304
-527
1287
-395
-56
-887
742
192
-26
610
-902
-402
886
-381
310
242
-64
-530
-725
-55
927
409
46
228
-270
120
-445
9
512
-432
-986
-168
213
458
553
-797
44
-73
905
-533
-52
314
-9
-482
683
-129
-389
122
214
607
-88
-747
175
-500
-734
535
794
231
354
-38
73
575
-671
-660
-170
-1234
638
428
-259
781
-68
88
345
-18
-293
-1313
103
1610
-625
-106
-746
1558
-131
-1014
-178
198
367
-85
79
608
193
5
-159
-973
113
703
-591
444
511
-615
-208
339
-1036
25
833
-383
628
-371
-18
-137
139
554
-634
232
-579
424
-588
239
806
-590
-602
1204
-385
532
16
-1203
346
-191
918
-989
764
1004
-671
-155
-1083
-53
1669
98
-480
-539
-391
6
256
1191
335
-1019
-77
135
206
241
-1565
-1475
916
2200
344
-979
552
-722
140
199
-1244
1008
125
-804
681
453
-179
218
144
-405
-209
-833
-458
1645
373
-265
-1623
842
58
539
513
-1191
778
-1600
-125
730
342
348
-322
729
-730
376
-108
-166
192
-234
-510
-285
610
-252
2426
-770
-1515
601
-870
980
145
359
-632
-1103
33
911
684
-330
-57
-209
-851
838
14
-374
377
-416
-587
84
1378
157
-484
165
-680
613
-649
674
-503
-119
-96
222
715
180
-861
-347
-309
641
773
-628
-495
-232
799
-481
44
-406
791
-334
-89
584
-764
-492
673
804
208
-338
-148
149
409
-469
-352
-57
166
26
-667
982
343
-1070
524
58
-305
-22
15
38
22
266
-675
443
178
-615
954
341
-559
-451
-1087
160
977
112
828
-1096
-88
-47
684
-136
177
72
-248
-4
-471
1019
-795
-20
-23
-46
436
117
-485
262
343
-650
-501
191
79
957
183
-673
-368
-74
501
-5
-524
-605
960
-490
-277
-185
702
268
1066
-252
-656
-47
-602
524
659
580
-629
-916
237
17
394
62
-628
-237
580
-1203
636
484
190
-318
155
-161
672
283
-646
210
-182
-1140
682
-80
255
502
-299
-555
-157
448
340
1071
-850
-154
-731
428
-137
-422
755
-100
-371
5
1278
-815
-649
-473
-264
1149
-60
925
-200
-976
173
840
-659
467
859
-1444
833
-51
-1025
-296
972
269
-115
478
-251
174
-1159
783
-50
36
-972
-1117
876
987
1139
-277
-582
-481
-718
231
1273
-711
21
-668
285
584
108
1253
-701
440
-2475
35
346
1594
1709
-2789
-419
-820
2981
614
-2033
-409
-3
1897
-49
-1070
-1262
-370
-327
-527
2153
1631
17
-1230
-404
-303
293
215
670
-480
-922
-1026
126
2576
911
-1735
-954
327
-671
1390
-151
-220
292
-425
-142
-474
1194
111
-69
-858
-829
312
1146
305
-324
-384
-2051
1312
1082
1303
-232
-56
-984
-238
-390
-60
177
-750
1375
-354
686
-453
-580
-174
778
-256
-605
1104
-753
877
-1890
-275
1336
875
857
-1407
-835
-1752
945
2904
-423
-1431
-1359
-15
1413
1141
617
45
-2238
119
75
466
892
-597
-84
-648
460
522
-1064
494
359
-124
725
-721
-719
738
-1164
666
-463
-570
698
1159
-2
-60
-1653
-38
2792
-618
370
-1100
-1527
131
1611
863
-43
10
-1061
-979
767
2429
-128
-2283
-1259
1928
378
830
-1065
-1036
862
-1554
16
616
930
-653
-151
805
-239
-476
-1097
-316
1243
390
-168
407
736
-920
-150
225
-511
1352
-630
-645
480
-722
2001
-1097
-464
679
-762
-1182
1473
1162
-105
-1235
-1409
466
1251
793
-965
-1313
670
926
202
-49
1256
-1343
-1987
1426
539
-466
780
127
9
260
-1216
-1134
153
1950
-459
-218
-785
609
7
-82
164
-873
180
407
72
89
241
51
-1083
548
1809
-253
-1626
-117
-44
378
1655
-382
-1272
188
10
-640
1071
548
-1381
188
671
-416
713
-262
-1092
1741
-1504
662
785
-602
357
-1220
158
-134
-724
159
113
1056
652
-845
296
-1057
-167
1441
-450
233
361
-1596
-78
92
2611
-908
-184
-618
-1046
2622
-1883
-659
1008
222
1878
-1410
-1289
239
-395
1027
-736
637
-793
-23
-35
788
-292
-174
102
799
-827
216
-8
-114
601
-558
-115
506
427
-1069
-114
244
1321
-470
-393
-37
-521
407
-993
1064
355
1162
-1222
-1242
341
-35
1235
-12
704
-1662
602
-108
-675
617
136
-108
-150
405
-1186
217
175
148
-1404
-180
-413
1205
1388
-527
-119
-1843
1250
924
557
-778
-477
-429
856
928
-977
-354
584
727
516
-1023
-344
-830
724
774
-157
-935
366
241
-847
424
-181
469
-844
-1032
336
1600
-715
-160
1037
491
-476
-683
-676
968
1008
-334
-687
339
-145
918
-116
-385
212
-399
255
-509
658
-455
285
-130
526
481
-1722
-1171
603
175
953
-454
-1381
213
1052
320
-197
-494
-554
897
1399
-224
-756
-665
793
414
791
-1334
25
979
378
-1164
-1048
1271
704
1463
-1601
-1264
-233
179
2357
-464
-467
-723
-185
234
26
410
-471
-936
654
-704
191
1707
-328
-1487
-189
71
535
859
318
17
-1457
-256
979
295
-450
37
574
-11
-142
-425
996
-507
911
-1472
327
1587
-859
-259
-1481
564
737
603
56
-1279
24
-373
-68
1212
-401
561
-123
-817
-528
216
867
-456
-159
542
-674
-536
-54
604
1863
-273
-1776
283
-197
1177
1805
-1554
-1292
-726
1373
1415
-1024
-254
-1819
459
2986
668
-1486
-2404
650
1688
448
-694
-1294
1084
509
-794
-511
-517
1327
-88
-1224
94
-1649
812
3164
-766
-1773
-605
828
985
1018
-75
-1107
-1047
-1073
1676
1919
1392
-2144
-1829
-302
1412
1006
621
-915
-2787
110
2071
1155
1932
-1788
-2716
829
1513
1443
-1960
-957
-649
424
141
894
1163
-1406
-775
-853
2567
-246
-1625
-355
-157
1698
-437
-1249
989
462
128
-366
5
9
-429
524
-43
567
361
-1121
352
80
679
784
-996
-540
-82
264
71
858
245
-1036
331
-1103
-241
831
-345
1069
-1107
-284
271
-1640
1579
359
317
-10
-1524
1213
1394
972
-1952
-1904
739
844
523
-455
-32
-97
928
-352
-673
1800
-540
-1427
544
357
-313
-441
-438
574
-148
106
551
-713
417
-440
-999
1194
-214
102
-374
-1466
2107
1574
-317
-888
-252
-1194
888
889
-701
-1087
1567
23
291
848
-1343
-909
-790
1871
1033
-1655
-1426
-415
2436
904
896
-84
-2466
-1731
506
1710
-142
61
-349
-568
215
1539
1117
-2095
-1076
-754
-365
2576
1781
-1539
-1585
-586
-122
2209
1604
-640
-1053
-686
5
1034
364
-907
-53
-1004
376
23
149
453
-431
1636
-1210
110
-586
-56
333
-472
-410
95
1353
-171
-412
-207
-92
327
295
-743
-244
137
762
-138
-490
241
680
146
-383
-288
81
-343
-316
-34
-222
376
928
553
409
-613
-2223
-68
2473
561
-1183
-885
355
915
407
-697
-918
-403
-221
1034
-497
-712
1293
314
14
-722
-388
335
-1057
157
1919
247
-1452
-1176
899
2245
-254
-899
-870
-512
673
-1144
649
1642
-652
324
603
-426
447
-646
-2314
905
1434
-782
16
434
720
-354
-754
-482
605
1390
-1110
-1764
-237
1629
1958
-450
-720
-772
-2337
2193
1414
788
-1216
-2248
403
1576
2049
-7
-2321
-1756
168
2053
275
1021
-1513
-585
1331
3
-499
-614
-991
1079
645
-204
-1470
614
2978
40
-1669
-1434
-1412
2270
621
-1705
1042
-612
793
-273
-996
454
856
224
-633
-111
430
-1120
114
704
-98
290
239
-1207
897
-59
541
547
-1590
409
-1698
1921
1047
-368
-897
-1503
1387
158
38
13
671
-388
-606
-1067
1118
1107
956
-1553
-1205
-196
709
2376
-1183
196
-1515
-1563
1258
2730
152
-1097
-2044
-1338
1165
2792
1600
-2285
-1325
-1185
185
2183
1261
-686
-1993
-915
2260
1168
792
-219
-3052
-578
32
2174
808
-1113
-878
418
1116
-799
-93
-1166
41
1545
724
-563
-492
-139
-134
127
-530
793
-695
173
740
-284
-980
630
-405
679
-236
392
-240
-911
654
151
45
-459
1510
80
-781
-1282
-689
2770
-408
114
-1036
-71
882
-575
914
-1241
421
-70
-857
1130
419
-1125
114
850
375
-1416
230
923
-235
-352
-1337
580
963
-457
-136
-861
1392
342
-316
285
-1038
449
33
-479
1120
633
-1799
-138
-106
1189
358
-393
-443
180
-128
-361
1002
334
-965
-63
-471
1125
-32
-769
1262
125
-862
-388
1313
-269
-668
7
-165
376
-899
271
251
-18
-412
1855
-952
-446
-376
-1002
2094
-861
712
585
-1146
-299
271
604
-580
644
23
-380
-365
188
-253
-6
413
-227
134
-76
-225
1086
-858
229
700
-785
-410
415
261
-663
512
613
-627
-242
-259
-159
332
361
-619
-188
800
-289
1398
-93
-1344
-865
-840
2272
-151
67
-414
-737
378
807
-51
-712
-8
-349
1313
-117
-612
-1049
508
1605
-1197
490
-1850
1059
2132
-484
-875
83
-240
862
-766
-526
1154
-619
-135
-1269
1034
1129
-1190
-804
499
819
-203
66
-289
717
-374
-294
287
337
-885
-247
-118
652
996
-457
-563
-1404
1431
821
-45
121
-747
-570
-65
29
815
-10
-1059
365
311
18
673
17
-20
-728
-940
-87
1385
1691
-898
-880
-867
-953
1720
834
-135
-785
-1286
31
757
1970
-256
-1136
-1391
-446
2345
965
-733
-1377
-305
19
1773
285
-246
-1060
-590
872
1639
-346
-1873
-829
212
2467
-297
-220
-482
-1175
-15
1947
-134
-1091
78
-1148
843
547
-105
-316
447
696
403
-1059
-383
-719
361
491
-314
-18
541
549
-446
211
456
-1412
189
615
-662
-76
200
-173
350
-225
711
356
-617
-170
-1007
447
399
1152
-541
-215
-574
-987
1219
1689
-1125
-732
-688
353
1421
-179
-750
-409
-385
479
560
244
-644
-995
131
479
885
1121
-943
-915
42
136
1563
-242
-1774
362
220
559
423
-959
-206
-309
904
974
-1022
-811
-780
106
1898
393
-1040
-777
52
582
779
228
-1149
-25
-923
152
716
1722
-606
-893
-500
-473
1311
301
589
-518
-1124
-1050
1423
715
327
-435
-1588
19
1160
983
-539
-59
-1050
-320
405
1295
-143
-169
-897
-707
1192
720
566
-1623
-218
96
759
232
-812
409
227
-402
981
40
-855
-236
-254
-469
1118
559
-1274
-896
-158
1909
258
230
-717
-727
-269
1039
560
-365
-647
-984
1161
795
76
-595
-139
-913
956
998
-510
-79
-1390
54
1749
-516
-47
-755
418
24
771
495
23
-1064
-1149
54
801
1513
-1183
244
-1454
99
1189
-379
1343
-1694
53
-628
1089
968
-152
-327
-1232
-43
592
1349
-518
-376
-423
-468
1217
391
130
-1452
-503
336
812
703
-783
-574
-118
1527
163
-907
-526
-891
371
725
24
77
52
-1022
186
642
510
174
-1464
-211
-204
641
1107
-61
-691
-307
299
-527
1511
212
-734
-208
-1136
-367
2125
431
-895
289
-931
-319
683
150
350
463
-1319
-666
1082
795
-393
-679
-247
-167
-144
1317
887
-715
-564
-935
-152
1439
541
-568
-786
-1082
790
902
283
437
-1310
-303
-834
1100
1219
-633
-267
-1185
69
1736
903
-550
-697
-716
-702
565
1512
97
-1097
-735
-330
1722
206
-117
303
-1312
-65
262
666
92
-906
-782
496
1022
277
-13
-616
-1267
55
733
1217
-197
-811
-475
-61
743
652
-39
-970
184
-90
675
-6
-133
-94
-901
391
66
-256
849
227
323
-582
-356
173
165
45
-298
-340
102
575
14
-154
-879
-884
842
1196
512
-743
-972
-328
369
1246
68
-947
-601
230
989
-119
-46
-744
-577
782
767
488
-473
-365
-880
1196
567
-634
-158
-326
-450
355
1020
-264
-458
-251
26
316
-7
-441
185
-182
-186
419
356
-137
-568
-84
750
-48
-261
-564
-499
874
259
210
342
-474
76
-481
554
946
-891
-126
-686
-438
1237
399
-311
-643
-315
391
407
431
-507
-555
-321
221
766
121
157
-673
207
178
421
-193
-453
-25
-265
-238
146
759
662
-837
22
82
-243
-363
-638
638
212
36
415
-379
134
-34
42
95
-371
-207
-214
420
317
292
-106
-433
-17
-405
278
479
50
46
-394
337
10
-671
268
492
165
-877
311
472
409
-630
-409
-213
-332
847
-29
-14
-196
-185
415
479
-480
178
-111
-231
-258
-272
1004
-100
-684
-257
967
256
35
-101
-451
-183
454
-24
-455
956
-527
-381
327
-305
28
354
7
-51
-921
-39
1046
449
-384
-619
-211
335
615
259
-264
-296
-497
28
720
-317
398
-363
-92
25
538
59
-330
189
-480
-225
489
391
-232
-634
-254
-251
306
1127
407
-619
-722
-272
599
636
-304
-923
-605
639
1191
-212
225
-662
-581
-60
798
1034
-573
-1244
-99
1086
-139
95
-182
-160
356
-336
102
-325
322
-217
49
344
-355
-168
336
634
-631
265
-227
-582
-112
847
-57
-303
-463
-519
1080
-45
57
102
-54
-304
191
109
-338
704
386
-530
26
-338
123
85
-364
-191
710
-120
-22
-561
101
-260
342
677
-415
-310
-396
273
1038
410
-953
-444
-1046
1181
632
137
111
-495
-709
79
1085
-377
-176
-29
-264
338
446
-93
-417
5
67
-325
291
-360
-242
267
95
-39
130
269
-611
138
666
-458
350
-186
17
382
-745
-205
-72
482
490
59
-523
-538
-27
1147
254
-78
-970
51
99
366
901
-591
-238
-456
376
502
-112
-302
-277
-772
595
1062
-617
-246
-127
258
-104
144
-189
-662
216
103
457
419
-114
-714
-78
204
625
-170
314
-103
-723
416
8
467
63
-479
-684
3
1413
-51
-210
-883
-533
710
725
-255
249
-911
-946
789
918
554
-660
-472
-712
453
915
-346
-277
-459
394
359
254
-92
-127
-485
236
225
-143
-189
-423
27
803
347
-317
-509
-429
1119
6
-287
-385
-25
-160
364
532
-201
52
-462
-268
769
-120
-273
-157
-285
489
49
-146
309
-470
-105
123
305
322
-432
-38
-317
204
648
-476
113
-72
-321
509
221
253
-372
-348
369
-275
481
475
-713
-114
127
-32
215
-300
-440
218
431
228
-132
-323
-179
409
153
-11
21
-793
338
98
-276
713
-254
203
57
-453
261
38
-74
-414
-159
815
144
-680
63
-55
353
167
-891
444
503
-11
-148
-404
18
-27
138
340
-75
-438
-171
417
130
48
-191
-478
445
336
178
-477
302
-204
135
200
-145
-104
-198
48
14
483
-378
-386
-472
663
719
-28
-676
-399
586
-90
106
-45
99
421
-622
99
407
-396
13
569
-448
-127
259
-100
249
-241
-44
-126
71
135
-288
243
-338
-24
205
-240
339
19
-40
183
-333
-33
292
-43
-480
-70
425
97
-268
-126
486
-83
-325
-10
511
-220
-380
279
355
-34
-37
-459
-73
813
-354
-308
-97
378
189
-149
-25
-155
24
-108
207
-2
-205
-253
-7
749
184
-221
-595
215
480
-456
-355
322
248
-296
131
-215
142
346
48
-333
-265
220
257
-392
-208
-202
319
543
79
75
-246
-762
198
615
-163
-42
89
-353
68
388
399
291
-911
-244
123
310
317
28
-301
-473
75
777
165
-380
-455
-466
526
776
-382
-2
-371
-587
829
-65
183
205
-620
-69
304
4
126
-130
-218
181
142
78
-148
-135
-561
363
617
-291
498
-290
-317
-109
13
335
-258
-334
-277
400
461
305
-248
-119
-276
-353
556
499
-467
-288
58
-212
278
523
-301
-236
-236
105
633
-214
-69
-88
162
365
-402
-518
-17
-280
590
449
-72
2
-416
-57
524
412
-100
-594
-88
22
306
360
-366
-152
-289
475
-38
-157
221
-424
277
153
110
-68
-571
123
653
232
-329
-604
-332
877
25
178
-111
-638
-36
521
526
-61
-5
-418
-489
394
260
-191
-134
90
-427
189
344
-173
117
60
-313
41
263
-92
190
-249
-110
-73
220
-88
-171
631
-62
-262
-57
-193
45
262
-267
71
-87
141
-82
-235
570
-184
-247
265
3
-88
138
-414
234
55
-56
49
61
-411
78
329
-28
317
-332
-271
259
239
41
297
-418
-175
-459
255
440
-195
337
-241
24
-261
367
68
-229
92
-302
150
62
208
-46
-403
-155
602
170
-281
-493
49
517
192
-212
-73
-24
117
74
70
-158
-321
-105
204
247
-246
199
96
-169
251
-158
-261
160
395
-225
-199
-26
-176
300
-57
-163
-60
71
197
-488
399
-166
164
352
-357
34
-100
-119
70
413
0
-151
-445
437
-84
-380
-130
295
440
-470
72
20
209
194
-346
-234
-73
329
55
253
-450
127
52
4
364
-390
-284
281
-253
200
237
-197
259
-349
85
118
0
110
-400
8
58
7
67
-10
-43
112
68
-198
256
-259
-109
156
27
110
-129
200
-191
-37
209
-400
-135
548
53
119
-401
127
120
-116
-126
-65
172
-50
272
-94
-515
-53
474
-182
158
68
-270
7
-154
333
180
-24
-344
-39
277
202
175
-451
-162
188
267
33
-226
-233
341
115
75
-92
-266
219
30
-43
36
-104
-168
229
132
-135
98
-429
334
146
-4
-128
-165
-48
204
136
-217
61
-510
260
494
-85
-47
-530
-63
593
215
-34
-644
-83
392
306
148
-291
-360
-218
820
2
-166
-297
-197
123
323
265
17
-328
-287
460
-308
105
12
-324
52
54
46
-33
23
48
107
-125
250
-166
-504
418
111
117
-192
7
-115
-32
368
-403
144
-195
-40
72
207
25
-240
-91
357
99
-70
-132
-166
260
56
172
-244
51
-195
-46
164
37
68
-18
-263
44
89
-33
135
-332
255
220
-255
-339
230
181
-73
35
-442
158
394
14
-5
14
-24
23
332
-247
12
35
-262
-41
159
315
-299
-33
-122
3
359
-247
-253
-236
145
302
11
2
204
-229
-446
296
201
99
-15
-172
-27
70
246
-36
-508
-97
468
83
-199
-120
112
403
-434
-280
554
-46
128
-217
-96
-167
106
374
-207
-53
52
-174
240
-120
-55
115
-72
-27
27
136
53
248
78
-436
-146
-109
63
188
-120
285
100
-357
-121
218
230
76
-268
-165
246
-56
-21
14
287
-38
-24
-99
1
-26
-8
-171
74
-10
38
224
-172
-24
270
-196
111
-189
-374
242
117
131
-32
191
-350
23
281
-119
-154
-67
72
239
2
55
-30
-533
478
-26
13
-263
-493
560
270
-108
-283
-69
97
131
61
228
-393
-108
240
212
27
-189
17
-286
330
67
-142
4
-281
-41
276
112
113
-89
-100
-326
-21
700
-94
-295
-31
-201
172
112
254
-27
-59
-149
-379
409
318
36
-382
-481
107
408
304
-313
-398
-129
580
419
-349
-220
-258
109
325
-10
-110
-85
54
168
433
-27
-646
-192
330
230
89
-194
-142
-34
40
133
-80
150
-300
168
187
-223
-348
131
137
144
-20
-359
13
462
-163
-223
-55
128
330
-82
-50
-64
-243
235
173
-174
373
-269
-253
-147
355
432
-12
-307
-413
195
307
307
-269
-232
-179
307
223
-152
-175
-431
390
506
-86
-313
-597
269
304
564
-364
-240
-65
-130
115
324
84
-228
-165
-177
482
123
228
-331
-707
448
467
-159
109
-393
-204
244
184
-61
-150
-60
-60
187
144
-139
-91
-75
184
165
-199
-289
237
135
-301
100
146
149
-109
-183
-209
179
545
-243
-173
-143
116
238
38
-261
162
-225
102
280
-213
108
-155
45
-122
-64
308
199
-166
-319
-152
284
108
51
-89
-344
299
187
-26
126
-236
-72
55
31
-38
211
-146
287
-248
-416
161
221
195
-403
-164
250
297
-47
-99
-250
-4
243
-143
233
-148
65
152
-206
-65
315
-184
-123
52
29
198
-24
16
-202
-4
165
-85
212
-22
9
-404
-212
622
139
-47
-207
-203
67
-200
161
372
-225
-187
94
-42
4
133
56
-90
43
-18
-116
154
65
82
-94
-448
120
240
57
199
-141
-255
-23
448
136
-430
184
30
-147
-35
28
228
-5
-245
-5
257
-73
53
-200
48
-219
173
127
-50
233
-227
84
-167
-47
17
-29
190
-20
60
-512
37
442
103
-95
-280
-131
304
211
-182
-33
-239
22
-85
229
386
-33
-212
-10
-82
53
67
-119
228
90
-290
-44
185
-40
-317
262
165
-31
-195
-77
202
-24
121
-318
133
116
22
-15
-75
-140
51
-61
-17
308
-380
109
265
-112
-133
-48
281
-128
-32
-339
68
338
44
-6
-191
-51
-221
363
206
-262
-104
15
-47
54
166
68
-86
28
-223
157
144
-212
-173
51
351
80
-242
-61
203
130
-276
-98
-24
68
136
-79
176
-71
43
-189
53
10
225
-186
-187
238
17
-48
-6
-180
274
39
-199
72
-166
246
-115
49
-71
105
31
9
144
0
-103
-52
10
90
222
-162
-53
-2
-27
152
-295
250
70
-235
-28
-17
129
-151
247
-145
-189
135
-110
258
63
-265
3
114
-52
210
-174
59
-6
29
-7
152
-104
-48
235
-175
-164
219
-98
35
54
-57
24
-62
47
97
6
-43
3
152
-196
-100
26
-105
194
38
-55
-28
25
-10
-75
129
40
-171
-105
128
4
16
75
-57
135
-103
-23
35
-123
144
-508
189
-28
193
137
-67
-142
-30
210
-4
75
-279
-10
49
179
113
-243
50
-8
59
181
-9
-47
-162
26
28
85
17
-121
-96
110
94
-57
7
-283
3
352
63
67
-370
-40
365
-51
140
-266
-348
279
195
40
-102
163
-21
-170
186
-284
139
34
24
170
-343
-197
254
72
219
-48
-208
-129
-129
454
-54
-214
101
96
-8
-7
69
-5
-230
-88
302
55
-104
-212
141
185
50
-136
-19
-104
-261
144
181
142
-257
-120
71
33
215
96
-260
-33
-148
227
334
-148
-187
-43
97
-99
87
-24
121
-17
-77
-116
-149
464
17
-193
133
28
-109
-194
28
151
-42
76
-40
-29
-31
139
58
-269
85
122
37
111
-283
-35
196
-74
4
52
132
-204
-168
338
-26
23
-204
-115
301
-48
-38
-49
21
10
126
-114
-84
119
-47
-167
255
67
-185
-15
68
-44
-35
33
161
119
-205
-105
-18
199
-77
-56
59
101
16
-116
206
-158
-46
136
13
-160
85
73
34
-53
-210
170
62
9
119
-99
-303
214
8
-87
26
-130
90
110
-137
128
39
-97
-56
-55
261
-31
-77
-43
-19
-43
91
55
-37
131
-193
-70
-28
190
181
-248
19
-88
12
112
-16
32
8
-160
-155
133
224
42
-168
135
-61
-80
68
-149
154
-84
19
-16
42
274
-265
-57
-6
8
60
28
-30
-89
117
-93
29
177
8
-179
-35
50
65
19
86
-106
-96
98
46
142
3
-155
17
21
-6
-33
8
122
35
-224
-39
157
-22
90
38
-63
-57
-205
100
218
-87
-75
-36
-26
101
54
-187
-137
217
115
-139
-79
-55
53
185
75
-123
-224
63
129
56
35
-192
22
74
-215
179
285
-153
-83
-216
139
171
70
-205
-185
-80
148
339
-23
-247
-55
148
65
-7
-173
39
-37
147
98
-86
-66
-175
90
238
109
-227
-80
-8
64
115
164
-128
-275
60
161
89
-152
-103
132
92
-53
-161
181
109
-212
-91
36
90
-35
-16
-3
-25
110
-86
58
66
-151
93
5
-29
-25
-129
10
66
34
80
77
-182
-13
158
-120
30
107
-27
-114
-178
200
163
91
-44
-193
16
-68
-30
59
161
-293
30
172
32
196
-234
-226
105
170
178
-182
34
-70
-1
162
-67
-55
32
-130
151
7
85
-104
-115
273
-51
-21
48
-194
183
-88
5
-16
144
33
-228
45
201
-35
-182
9
174
23
-220
-41
-54
190
73
-86
-56
5
54
-174
40
83
-70
54
49
90
53
-32
-171
42
26
-43
7
90
234
-182
-190
-142
270
135
-94
-106
60
95
-130
-18
26
22
-96
179
-232
60
65
121
-84
-30
31
-140
89
-21
57
-117
104
49
66
-95
89
-55
-61
116
-136
133
-209
80
-23
-1
208
-191
5
47
44
-170
118
-84
3
114
-38
-197
82
138
-20
73
-141
-112
286
88
-192
-81
19
29
219
-29
41
-168
-104
147
-40
124
-187
-32
-43
141
125
32
-245
30
-22
24
89
56
-94
-121
81
151
-51
56
-124
-52
95
25
95
-162
-217
2
221
174
-108
-103
28
48
-85
28
-23
50
-53
-84
190
-55
41
-65
-1
104
-183
110
112
31
-80
-137
161
23
-172
12
214
2
-100
-35
-146
105
-1
-145
198
24
-5
-120
-54
274
63
-138
-163
6
170
58
-190
49
55
73
-13
4
-134
35
120
-2
-29
67
2
-72
72
28
-167
-142
88
160
-14
-80
-81
161
45
-130
-46
-90
45
124
123
35
-146
-143
108
166
46
-38
-264
-39
196
127
26
-154
-7
47
71
69
-101
-30
-129
123
251
-175
-87
-154
117
206
-33
-53
-141
197
-41
-71
-55
-72
-30
117
8
-30
27
-30
39
100
12
-164
28
43
68
-244
-33
385
123
-101
-56
36
52
15
-81
-100
26
-40
52
163
62
-167
-65
87
141
46
-141
-93
-21
168
-12
-72
-71
132
-16
-13
15
-98
-88
61
28
-28
39
7
-84
64
-34
162
51
-157
-51
-195
142
103
190
34
-144
31
-69
122
-85
108
-179
-22
138
-85
106
-31
-144
-116
58
289
-116
-87
-173
82
303
-194
-52
-19
-30
200
-2
-1
-63
-122
-113
151
159
51
-111
-4
-118
92
125
13
-28
-200
-65
168
42
-35
-1
35
34
10
-125
-66
186
137
-7
-137
-196
142
189
52
-101
-294
195
200
-223
7
47
23
2
-57
9
-94
33
55
-72
-50
-110
177
98
-48
-72
-80
102
17
158
-103
-74
-51
24
116
46
-86
-14
4
-89
146
48
-31
-66
13
4
-31
161
14
66
-85
10
-36
-67
43
-59
-21
-33
120
56
134
-86
-99
-52
37
94
-17
-130
-127
179
254
-63
-140
-37
42
31
46
-42
-67
64
-3
81
-50
98
-77
17
-40
27
-18
-94
112
-70
-13
109
-133
-33
-13
104
76
-79
-74
-119
123
87
10
-72
-25
-53
155
68
51
-85
-19
120
-76
-52
18
39
96
-73
-32
-61
5
162
-79
-58
8
-47
96
-139
-61
158
-37
37
75
31
-42
-74
-45
-57
143
-46
-130
125
5
-8
6
-96
28
70
11
84
46
-21
-12
-66
19
117
27
-74
-6
50
-49
-2
56
-10
22
-26
-87
53
69
-31
-78
-50
75
-29
-16
-24
30
85
-77
90
19
-29
-87
-61
96
148
-75
-97
61
94
-6
45
-40
6
34
-19
35
-146
-5
79
102
55
-29
-42
-35
-47
-18
32
38
-45
-6
19
21
-28
-80
31
-65
6
105
-77
120
-53
-38
46
-92
-12
55
-76
21
115
34
31
-51
-37
-66
33
-4
70
137
-126
-157
108
212
-33
-186
-58
71
69
-84
-137
7
129
36
-116
-65
209
-2
-53
-44
-9
-43
72
32
-38
10
-23
-52
-16
189
-68
-40
-72
44
144
-115
45
12
22
-25
-13
12
-94
4
26
57
-77
-58
117
-4
49
-50
34
-85
-63
32
16
100
-14
3
-108
175
84
-51
51
-39
-98
-3
111
-20
-17
34
17
-24
-50
-65
21
97
103
-72
-128
-23
68
88
11
-165
-112
104
71
9
-46
-8
4
-111
175
54
-122
-1
-54
186
56
8
38
-96
2
10
-24
-64
87
-36
-25
36
33
32
49
5
-21
11
-24
49
20
-43
-122
-29
90
57
45
-35
5
-76
57
18
-99
54
-11
-13
-56
18
44
32
-47
-11
150
-71
-17
53
-29
1
-52
-28
153
64
66
-102
-216
16
62
110
87
-125
-73
-132
160
123
17
-142
-117
136
75
-5
-72
-109
33
95
12
38
-65
47
32
-18
43
11
-42
-110
11
82
94
-134
-78
43
-51
49
-66
49
45
-41
54
19
-1
-69
-64
-99
60
89
17
-98
-27
198
-33
-51
17
3
-19
-2
-86
145
106
-121
-5
31
125
-52
-88
-9
92
88
-29
-54
38
-25
-11
68
33
-115
-188
172
82
107
-94
-218
49
31
-11
-76
89
119
0
-37
73
-86
-98
55
131
48
-91
-92
75
-4
-41
4
0
84
-6
-60
-136
135
116
-40
-64
-115
63
66
146
-2
-129
15
8
-14
-65
-2
8
-62
132
4
64
51
-29
-45
13
-14
135
33
-146
-56
45
105
-61
-64
-125
-112
157
120
-2
-18
-125
14
14
194
-96
-39
12
25
-26
-20
98
22
-120
-25
170
24
-70
-35
29
67
-7
26
-12
-60
36
57
0
-105
50
-13
-93
10
89
-26
-43
-33
77
34
94
-64
-143
-16
45
143
21
-65
-91
-112
77
161
69
-91
-55
-69
21
97
-61
79
-66
-159
180
47
18
83
-87
-58
3
22
65
35
-109
-45
184
-4
-169
-90
-4
107
-17
64
-51
19
9
-92
33
27
34
-11
-51
35
74
-32
60
-31
-11
9
-66
55
90
-45
-20
28
-74
-23
130
-39
8
50
-105
38
-38
56
95
-72
-84
24
48
40
-160
31
79
-72
-18
1
46
-57
42
3
-76
-36
19
78
94
-7
-68
-105
49
153
83
-24
-118
-172
60
119
62
47
-158
-113
95
185
-23
47
-56
-102
44
23
134
-30
-85
-94
81
11
-24
21
23
-26
-67
-7
-152
127
26
61
-117
22
98
-65
-26
-37
57
142
26
-4
-24
-18
51
99
-4
-75
41
100
-68
-132
31
1
-40
74
-34
-4
-101
25
95
-41
-67
7
-31
-69
73
28
44
-173
13
142
-9
23
116
-29
-108
89
25
106
-49
-170
7
-11
140
35
-11
-31
-2
-1
22
-8
-8
-6
-48
-10
44
39
-80
38
92
-78
-28
-69
37
96
-51
-9
-33
-32
46
-30
24
51
-147
-29
98
18
36
-41
-65
-52
9
131
33
-4
9
2
7
-54
77
6
-97
17
1
22
37
38
-107
84
99
-97
44
-116
19
54
-5
-47
-52
-48
115
119
-102
-77
23
77
14
-35
-10
35
-18
27
5
-35
-57
104
61
-88
94
41
-39
-99
-39
167
-24
-87
-35
15
18
2
51
13
-54
-106
100
68
-71
88
-2
-110
-13
34
27
18
-12
-26
-91
-53
128
152
-41
-127
51
-6
13
163
45
46
-80
-96
132
-8
-85
43
-9
27
53
6
-67
-15
-66
43
106
-48
-8
-143
97
7
-19
20
18
-118
-36
59
113
-15
-72
-31
121
129
-8
-106
-92
44
143
-19
-139
-13
145
61
14
-178
13
75
-115
64
-46
167
-53
-68
-117
-16
143
51
18
-165
68
80
17
-47
-155
-1
96
41
-31
36
-104
19
16
-1
-26
-87
7
18
202
-72
-147
-74
100
28
-35
70
-56
67
-125
100
15
95
-59
-154
31
99
146
-181
-53
-16
131
15
56
-3
-182
-85
65
289
27
-200
-141
156
146
57
-126
-197
74
-2
156
41
-131
-207
38
202
72
-44
-121
-45
137
14
19
-83
-89
79
66
12
-48
-4
12
44
32
-88
-89
50
101
49
4
-93
42
-46
0
26
-122
108
-85
36
114
-128
87
46
-27
-48
19
126
19
-65
1
84
0
-25
-144
-20
99
16
-83
-6
32
-12
149
-162
-18
-21
146
-23
-144
80
45
31
-71
12
41
28
-18
-4
-28
32
-54
32
7
-91
12
81
-3
-1
98
-35
-91
-15
-10
51
-2
66
-38
-130
2
81
142
-73
-156
35
90
137
15
-76
-37
-21
-17
-17
144
4
-142
-48
90
0
-31
-133
20
125
-3
-6
-24
60
62
-17
-80
-106
57
146
14
-69
16
-75
8
34
164
-30
1
-65
-8
39
-50
34
4
54
-52
-98
90
61
-64
-73
-126
29
213
56
-70
-183
-70
105
55
147
12
-166
-69
42
107
41
-168
126
-121
-1
111
-30
47
-46
-15
-46
76
-10
-136
78
65
39
-23
-39
-62
64
83
8
-32
-47
-3
40
25
-4
-53
27
26
40
30
-26
9
-69
-5
113
-52
-62
58
66
4
-31
-42
-136
100
57
15
-31
-71
-54
102
166
-150
-20
3
29
15
12
-73
-22
71
-2
-58
36
16
76
-53
-86
20
4
96
82
-61
-46
-2
21
76
26
27
-106
-55
-46
79
-15
8
-28
-17
129
-34
-12
-19
-20
0
92
64
-12
-89
-16
38
69
-11
-38
-14
-57
146
-50
-23
11
-48
0
94
-30
-22
-70
40
51
34
-17
-38
-23
-31
51
-11
-60
-1
19
10
79
-53
24
-55
103
121
-150
18
-46
93
100
-34
-154
-30
16
118
24
14
-26
-65
-9
49
38
-4
16
-120
46
46
31
-6
-87
-126
92
36
43
8
-85
23
-29
59
-26
-124
-14
96
48
5
-40
35
27
-103
-62
76
102
107
-46
-57
-2
11
83
-32
-14
-110
82
82
-15
-7
-24
4
-35
8
-40
20
-5
-49
79
67
-11
41
-73
-24
20
-21
15
-37
-92
46
62
79
-9
-108
38
37
53
-44
-127
-20
155
39
10
-65
-59
31
115
-13
-103
-91
12
163
17
18
-31
-106
119
-13
-45
-2
-109
53
99
-14
-31
-33
12
-5
-9
128
23
-180
-55
56
75
15
-97
-2
-2
36
94
-59
-6
-13
-18
-1
-19
19
50
77
-2
-25
-34
120
-38
-50
8
-41
4
139
65
-63
-43
-57
50
-10
-32
-36
-25
-42
42
29
-4
6
0
67
-24
-64
44
14
7
-37
-8
40
-35
32
-35
88
36
-32
-51
23
27
-14
40
37
32
-100
79
9
-27
2
33
-33
-59
83
2
-8
-20
51
-53
5
2
-60
48
12
-63
42
33
65
-42
-88
48
84
3
-70
-108
8
109
75
-43
-79
57
32
11
66
-62
-59
-15
-24
17
40
38
-70
3
69
-55
9
19
3
-26
-36
96
65
9
-53
-98
23
139
45
-133
-49
108
78
27
-80
-54
1
-6
10
-7
17
-123
-72
-49
112
44
-12
-37
-93
52
66
10
-35
53
28
-13
-33
-47
47
117
-36
-17
15
-2
68
-2
-66
70
60
30
2
-78
35
49
43
-47
-39
-24
-43
33
58
-18
26
-17
-94
12
38
81
-11
-68
-7
45
41
-3
-48
26
-67
0
-43
18
102
-38
-30
19
-79
2
-88
28
132
-73
14
-40
58
13
-59
30
83
5
-67
1
53
-21
-7
39
-27
53
59
-34
-35
-6
48
-15
-101
32
76
47
-44
-113
67
100
-15
-44
-26
49
68
-22
-74
25
55
-28
4
-52
-75
89
-1
19
54
-62
-117
73
85
-27
-11
-153
62
105
-8
32
-110
37
4
-93
32
40
49
-65
-94
76
134
16
-140
-27
118
2
-115
40
-22
26
31
-8
18
-70
5
35
-20
7
-19
32
-1
-86
50
4
2
-44
-49
94
3
24
6
-70
47
-44
67
60
-106
-74
77
89
-16
-11
-27
-38
57
0
-30
2
54
-5
20
-30
-55
7
80
13
-56
34
44
-133
0
88
-8
48
-94
-62
24
42
13
-3
42
-5
-36
29
89
-15
-52
11
17
-58
30
-5
64
30
-79
25
98
-41
-33
-22
-17
79
2
-10
-69
-2
71
-33
-61
68
107
-41
-56
-22
10
106
-31
0
-22
-52
-20
39
88
-2
-24
-86
5
82
68
-37
-23
-41
-8
107
55
11
6
-66
-117
106
5
-46
14
22
-41
-26
-119
89
127
-88
-4
39
-6
-34
-17
-44
50
-55
-29
48
53
12
-66
-96
109
79
17
-22
-113
82
114
-26
37
-67
-30
44
11
64
-76
21
6
5
10
1
-63
-14
78
49
-54
-38
-18
24
26
-81
4
72
5
-45
-44
64
18
13
-47
33
-38
-38
-42
-16
35
-27
-31
-42
36
-5
17
19
20
21
-11
65
-30
-1
-39
13
16
-49
96
9
-23
-69
0
68
100
-1
-65
48
-25
55
-33
5
-8
-122
46
83
-37
54
41
-24
-50
-85
25
101
22
24
9
-80
-24
59
47
-53
-177
28
55
4
-3
-14
-2
80
6
-31
59
9
5
-47
-11
-5
-1
38
11
-32
-8
-27
-13
45
-31
41
0
-65
31
30
74
31
-33
-25
11
-23
27
6
-65
81
62
-65
-7
48
-28
50
-7
-50
21
25
2
-56
26
3
-21
38
-56
-21
10
23
48
-11
11
-9
-11
69
-62
19
5
21
30
-60
29
21
-26
52
66
31
-46
-70
-28
41
20
-40
-15
-41
29
74
11
-61
-2
-3
70
12
-93
8
41
26
3
74
-11
-45
-45
22
47
-44
-16
-67
-9
68
59
-29
13
-28
-40
19
17
11
-79
-4
16
27
-38
16
17
7
13
19
23
-23
-40
44
32
-5
-31
1
84
-16
-48
77
65
-36
-23
-73
-44
132
81
13
-42
-82
-26
98
15
62
-126
-89
30
11
132
-80
-47
-14
-15
50
-72
-36
44
24
-47
-26
-44
57
42
-9
-8
-66
76
6
17
4
7
-37
-65
41
3
80
-12
41
-42
-73
30
5
21
-42
-32
72
-6
3
3
3
45
-26
-37
-25
25
45
15
-24
5
-9
-15
23
-38
54
-49
16
66
22
6
15
-70
39
34
48
-44
-44
33
-60
51
14
16
-64
-9
37
29
-33
-13
39
-49
54
7
-38
1
4
-24
22
17
-9
-10
39
57
85
-43
-120
50
48
-41
-9
-34
-31
15
26
0
-6
-14
-14
14
-31
-17
49
4
26
41
-24
-38
-14
32
34
-14
-63
-29
56
40
-32
-14
33
74
18
8
-13
-10
36
-5
91
-50
32
-73
-72
50
7
85
-28
-46
-6
39
-26
-37
20
-27
2
-48
27
19
31
1
-59
-18
9
104
-14
-25
-2
47
57
19
-34
-51
31
26
49
-93
-58
-11
37
-8
-40
21
30
-4
9
47
-1
-60
-39
15
28
-13
12
-5
22
51
-61
23
35
-34
3
-89
13
20
37
-16
18
102
27
11
-79
-35
2
27
27
-36
-24
-57
-8
36
52
43
-74
-9
30
63
-41
-57
41
61
31
-54
27
33
3
-8
14
11
38
-31
-53
56
-7
-55
54
-21
-27
-7
-1
29
-32
-9
72
-9
-47
-43
11
64
9
49
-41
-48
-13
25
49
-6
-59
-29
12
80
-4
-20
-10
-88
55
76
-70
-23
35
22
-32
-8
16
-8
-4
-12
9
25
-16
3
60
35
26
-24
-34
29
-26
-11
2
-10
17
22
-51
-13
26
-60
49
-64
-6
78
-69
-32
-76
107
80
-64
-65
-7
43
60
68
0
-48
1
-48
67
43
14
51
-75
21
-61
-11
-28
-38
22
-9
-11
-11
-1
61
75
-95
43
21
-55
15
31
70
-23
38
-10
10
-28
-14
3
-1
26
4
10
27
-12
-7
16
-10
0
31
-39
11
41
-53
-32
9
7
-2
-40
42
57
-1
36
-19
48
18
-87
28
-6
67
-34
-44
36
-47
37
3
26
-31
0
5
59
41
-24
-31
22
-12
42
-19
10
0
-87
40
26
-62
76
-30
-36
55
-1
15
-8
23
-46
-40
83
-9
-41
-41
-10
22
50
31
-2
4
-16
11
-47
12
55
-33
-30
-8
62
31
-67
-58
7
21
-26
-69
36
109
-6
-34
-50
27
57
-8
2
-72
23
31
-35
41
-14
2
46
1
4
2
-9
-15
-23
31
-3
-19
44
5
-11
27
-75
-59
25
35
24
-62
27
-38
6
-4
32
6
16
29
-1
-69
-37
28
104
96
21
-59
-65
10
82
55
3
-23
-35
-25
7
54
-14
-114
-56
40
55
-40
-38
28
-13
-38
17
89
30
-70
-53
-2
26
10
-16
25
51
-16
-34
13
45
83
62
-15
-54
-38
-9
-6
5
-18
5
-1
-63
92
32
-30
-38
-56
24
-46
30
-19
88
3
-46
-26
8
19
-9
56
-2
-26
4
4
6
31
-59
24
25
0
23
30
-25
-70
11
53
-20
9
16
-34
-37
13
64
-15
-2
-14
82
-49
-4
15
51
7
-68
4
-7
56
-10
12
-37
55
-11
1
-34
21
-11
-26
1
2
-36
72
5
-27
5
4
54
-22
-34
21
36
-63
32
-34
10
-24
22
92
-30
-24
1
4
32
-23
-69
20
-23
0
123
-36
-23
-39
40
3
15
-16
11
0
-4
-47
-95
88
84
26
-21
9
-45
-16
68
38
-51
-39
-14
3
78
88
3
-44
-82
-17
24
6
29
-39
-18
20
4
66
20
-40
-22
-19
3
16
-33
-24
50
36
31
-6
-99
39
61
72
0
-70
-16
2
48
15
-40
-12
-7
-65
96
34
-65
-9
0
26
-13
-25
23
29
-11
-36
30
23
-45
88
-17
6
-1
-39
67
7
34
20
-65
50
88
-14
-85
4
15
-38
16
-25
6
-19
-38
-28
58
23
-59
-26
-29
75
56
-19
-46
-5
54
-19
22
-17
16
-45
-39
77
-40
-25
-23
16
86
-2
-37
-86
-6
133
-22
8
0
-71
34
12
-53
-36
-1
71
11
-54
-31
16
44
-3
-31
-26
52
-10
-3
-37
-36
-5
33
46
8
-59
-17
25
-13
25
5
-2
22
26
7
-71
-30
3
97
35
-45
42
-34
-13
-59
-21
73
31
43
-8
-33
-25
23
-19
-12
-50
69
0
19
-10
-19
60
-4
-64
-50
110
7
-25
-16
106
49
-7
-69
-35
57
-34
59
-18
2
-9
1
6
-8
-23
46
-12
25
36
-19
-67
-19
21
57
72
-32
1
-27
71
-49
-4
5
-22
47
28
-3
41
-23
15
37
-57
41
-39
-17
-36
43
33
4
21
19
-6
-6
-28
-21
-22
21
-3
43
33
23
22
-96
-21
30
37
6
-8
-84
68
-11
-18
65
2
37
-74
7
-6
-38
-10
-27
-28
11
25
1
-4
-4
51
21
11
-17
-19
-9
-7
42
4
1
21
-12
52
40
-12
-13
4
-12
-104
5
72
-17
12
-22
-73
-36
47
84
21
-43
-11
52
-17
-52
-23
41
41
-19
-6
-10
16
29
-6
-24
-13
-35
33
-9
4
9
-6
-10
-12
-12
27
29
3
12
-6
31
50
-26
-5
-30
-20
12
-42
6
41
-12
-26
8
-9
-52
30
26
10
55
-64
27
7
11
-31
-36
-43
40
89
-21
12
-19
55
-19
-40
37
-34
-13
29
35
66
13
-44
-20
33
33
16
-82
-30
62
59
10
-65
-9
-14
-50
45
32
37
-24
-40
-49
12
65
21
-92
-69
131
15
20
24
-116
24
24
-49
56
74
-32
0
13
40
-22
-81
44
26
22
-80
-31
69
16
12
22
-3
3
-3
25
42
-57
-36
-22
-3
83
-11
-62
-84
72
97
12
-22
-27
-25
36
20
-13
-8
15
14
-51
27
-33
30
23
-9
40
12
-55
27
54
22
-44
-31
61
-13
24
-50
-49
2
-28
22
43
-20
14
19
-14
4
-41
-18
-28
43
50
2
-52
-11
71
43
-67
-14
0
73
-9
