-2
-2
3
6
6
5
0
1
1
-2
-1
1
5
5
4
2
0
0
0
1
4
5
5
2
1
3
9
11
5
0
-3
-1
4
5
4
4
5
5
3
2
0
0
2
1
1
2
3
4
1
1
0
1
1
0
2
2
3
3
4
2
-1
-1
3
6
6
2
3
3
4
3
1
2
3
2
1
0
2
3
1
1
-1
-2
3
4
4
-1
-2
2
7
7
2
-3
-3
2
7
9
6
-2
-5
-2
1
3
0
0
2
4
1
-2
-5
-1
5
5
3
1
0
3
3
0
-1
0
2
2
0
-1
0
0
4
2
1
-1
-1
-1
-2
-2
0
2
2
1
3
0
-4
-6
-2
5
5
-3
-5
-1
4
5
2
0
-1
0
1
2
1
-2
-4
-2
5
8
5
2
1
1
2
1
-1
-3
-4
-3
-1
3
6
5
-1
-4
-5
-3
1
4
5
3
-2
-5
1
9
11
5
-2
-1
3
8
8
4
1
0
0
2
2
-1
-1
1
6
11
11
6
1
-1
2
6
9
8
6
4
1
0
4
8
7
0
-3
-1
3
7
5
3
1
2
4
7
7
5
4
3
2
0
2
6
7
4
4
6
8
5
1
-1
2
5
8
6
4
2
1
1
1
0
0
0
0
1
0
-1
0
3
9
9
2
-2
0
6
6
0
-3
2
3
2
0
0
4
4
2
1
0
-1
0
2
3
2
0
-1
-1
2
4
5
3
0
-3
-2
0
3
4
2
1
1
3
-1
-8
-9
-2
6
6
-2
-6
-4
0
-1
-5
-5
-1
3
2
0
-1
1
0
-1
-1
2
3
2
2
0
1
1
0
0
1
2
1
0
0
3
3
-1
-1
-1
0
1
1
1
0
-2
-2
0
0
1
4
5
2
0
1
3
-1
-2
-2
2
2
-1
-2
1
4
3
1
1
4
6
6
3
1
-3
-3
-4
-2
1
3
2
0
-1
0
4
2
-1
-2
0
5
7
5
1
1
3
5
5
1
-3
-4
-3
1
6
8
6
1
-2
1
5
6
1
-1
-1
2
2
1
0
3
5
8
6
1
-2
-1
2
6
8
8
10
9
3
0
1
3
2
1
4
6
5
3
2
4
6
5
3
0
-1
2
4
3
2
1
3
2
1
3
6
9
6
2
1
4
5
4
2
3
5
4
2
-1
-2
1
5
8
7
3
-2
-4
-1
5
7
3
1
3
6
5
3
0
2
6
5
3
-3
-4
-2
1
3
1
-1
-2
0
1
1
-1
1
3
0
-5
-6
-3
1
2
1
1
1
-1
-1
-1
2
3
1
-1
0
2
1
-1
-4
-6
-7
-4
-1
1
-1
-3
-2
2
4
3
-2
-4
-3
-1
0
0
-1
-1
1
1
0
-1
-3
-2
0
1
0
-3
-6
-4
-1
1
2
2
1
-2
-3
-3
-1
-1
0
1
5
5
0
-5
-5
0
2
0
-2
-1
3
4
3
2
5
6
5
6
7
10
8
8
7
3
-1
2
8
10
7
6
8
7
3
1
6
9
7
2
2
8
10
8
3
2
4
6
4
4
5
5
3
1
2
4
3
-2
-2
3
8
9
3
0
2
6
7
4
-1
0
1
3
1
2
5
2
2
4
2
4
10
8
2
4
5
3
2
14
7
1
9
15
23
16
4
-30
-21
83
144
31
-182
-197
52
226
110
-115
-162
-61
-7
8
38
42
-33
-104
-81
-22
15
38
32
-27
-70
-29
37
26
-36
-15
55
67
-2
-47
-5
38
29
11
24
39
7
-35
-37
4
38
34
-3
-35
-46
-36
-14
8
12
-9
-35
-42
-35
-18
3
8
-10
-28
-17
0
-5
-15
-4
17
21
8
-14
-12
3
25
32
19
16
1
-1
4
11
24
17
9
-2
-7
-2
2
13
18
14
3
-9
-18
-12
0
12
15
4
-8
-13
-11
-3
4
9
10
10
9
7
5
8
12
14
18
19
19
20
19
21
21
20
17
17
14
10
9
5
4
3
3
2
1
1
3
2
2
3
2
2
2
2
2
0
-1
-2
-2
-1
-2
-2
-2
-6
-7
-4
1
7
6
3
1
-1
-1
3
17
28
26
33
41
32
0
-20
-17
11
39
17
-19
-24
2
9
22
49
56
10
-47
-28
11
122
151
36
-102
-109
257
541
364
-149
-387
-7
380
448
212
-84
-206
-196
-47
139
162
7
-195
-374
-345
-129
4
-164
-401
-361
-159
-41
-212
-425
-517
-150
423
314
-350
-1092
-908
46
680
762
266
-284
-593
-444
241
892
1046
588
-106
-467
-183
438
817
689
277
-23
-121
-82
14
147
258
213
-14
-245
-302
-253
-238
-213
-66
56
-79
-401
-566
-395
-81
117
125
10
-198
-352
-288
-48
245
384
266
10
-132
-32
269
500
486
260
45
421
831
604
-29
-465
128
832
813
326
-383
-595
-401
-48
417
337
-169
-630
-993
-714
-89
210
61
-607
-822
-541
-303
-150
-310
-307
-147
-115
-250
-497
-527
-231
99
128
-324
-881
-398
927
1721
724
-1071
-1169
370
1923
1876
687
-219
-520
55
902
1318
1099
633
327
-161
-566
-203
647
824
137
-535
-698
-673
-695
-459
-7
112
-332
-897
-1104
-883
-362
88
35
-296
-363
-240
-300
-284
96
497
580
383
150
89
336
546
636
734
821
763
290
-136
-162
673
1418
1130
312
-696
-636
29
645
925
341
-288
-985
-1088
-412
113
236
-119
-670
-930
-768
-465
-279
-316
-99
-3
-280
-521
-723
-410
2
157
126
-113
-301
-490
-447
-250
-98
-40
-186
-468
-823
-1048
-1110
-576
844
1925
1170
-1214
-2496
-908
1757
3026
1955
-21
-1093
-954
423
1885
2202
1480
254
-420
-334
334
1165
1087
321
-287
-336
-180
-349
-604
-470
-105
-33
-421
-955
-1064
-901
-508
-151
-76
-40
-428
-904
-931
-207
543
544
302
2
-135
-78
105
467
1067
1290
710
70
-340
482
2053
2303
1165
-664
-916
572
1558
1745
510
-632
-815
-791
71
372
5
-437
-1165
-1305
-772
-338
-290
-683
-1087
-839
-575
-336
-461
-751
-638
-594
-157
21
-62
-356
-801
-710
-549
-22
358
1
-726
-1195
-878
-172
84
-631
-1761
-1628
776
2822
1948
-1145
-2932
-907
2268
3863
2892
495
-1003
-1028
643
2560
3087
2278
469
-952
-817
634
2006
1688
250
-752
-961
-664
-19
515
157
-1124
-2080
-1649
-572
72
-392
-1342
-1733
-1445
-571
-19
-120
-599
-684
-315
-165
272
810
893
504
276
560
1233
1616
1229
876
885
1734
2595
2292
1157
-360
104
1674
1992
1747
123
-1105
-1190
-831
345
261
-402
-1574
-2491
-1976
-1212
-148
-347
-1509
-2230
-2039
-941
-318
-434
-797
-842
-629
-335
-100
-31
-128
-326
-105
444
625
90
-565
-632
-312
-210
-394
-492
-597
-1132
-2342
-3412
-2436
965
3798
2365
-2577
-5375
-2661
2496
5333
4088
831
-1167
-1091
459
2710
4111
4043
2619
140
-1162
242
2357
2753
1558
526
319
-65
-983
-1387
-609
558
647
-636
-2100
-2546
-1900
-1137
-667
-203
23
-866
-2342
-2568
-1020
858
1400
771
-278
-776
-655
173
1417
1968
1959
1102
660
586
675
980
1834
3751
3744
2262
-937
-2323
453
2827
4337
2135
-1585
-3027
-2891
-386
1347
1123
-13
-2421
-3801
-2833
-1186
324
55
-1260
-1797
-2068
-1361
-1134
-836
243
519
456
-536
-1360
-867
212
1268
1162
336
-322
-744
-773
-382
15
96
21
-748
-1859
-2397
-1927
-1054
-1373
-2278
-4002
-4064
-569
2464
1979
-2510
-5024
-2349
2475
5673
4045
718
-1253
-633
2378
5117
5476
3577
1365
433
1288
3006
4234
2725
780
423
706
1185
108
-554
-578
-175
280
-944
-1853
-2284
-2026
-1169
-606
-473
-1219
-2273
-2760
-1903
-285
729
456
-453
-1221
-803
654
1445
1428
1311
1384
991
908
1094
1905
4218
4575
2391
-400
-1195
1231
3066
3618
2348
-701
-2115
-2320
-913
1145
909
-338
-2503
-3857
-2794
-1412
-204
-508
-1581
-1718
-1877
-1480
-1282
-1096
-143
-47
-91
-411
-783
-256
-214
192
607
397
314
-657
-1187
-803
-103
653
-374
-1614
-2025
-2050
-1180
-1044
-1254
-1580
-2568
-3133
-4108
-3290
480
3049
1759
-2980
-5009
-1499
2935
5039
3918
1764
217
-89
1594
3953
5096
4648
2966
990
502
1587
3552
3499
1724
787
371
624
-122
-604
-256
-221
-202
-1023
-1749
-2153
-2090
-1663
-774
-417
-1089
-1804
-2616
-1950
-764
105
258
-411
-501
-473
189
950
947
1454
2111
1817
1583
519
926
4280
5266
4199
803
-1814
866
2843
3886
2679
-699
-1089
-2326
-1467
639
-308
-230
-2145
-3675
-2850
-2029
-303
-984
-2217
-2132
-2122
-1276
-1202
-1646
-750
-585
-500
-221
-680
-124
-669
-736
427
728
910
-507
-1419
-849
-98
641
472
-54
-895
-1813
-1756
-955
-494
-590
-1787
-2600
-2591
-3139
-3600
-3427
-455
2551
1659
-2040
-4987
-2617
2237
5088
4591
1824
-46
-398
914
3148
4698
5040
3575
987
-80
1017
2815
3474
2558
1889
1177
20
-992
-1171
137
1248
960
-439
-1995
-2480
-1921
-954
-140
-31
-586
-1490
-2347
-2201
-1035
200
846
501
77
-214
-467
308
1274
2456
2667
1600
852
506
2699
4741
4455
2184
-905
-129
1761
3053
3250
1036
-508
-2018
-2083
-111
371
137
-1230
-3171
-2773
-1918
-729
-177
-1557
-1703
-1721
-1414
-831
-1139
-543
-376
-508
-299
-148
20
-210
-786
-625
70
481
629
-498
-862
-941
-702
178
-328
-461
-1577
-1968
-1441
-1313
-405
-1714
-2726
-3023
-2903
-965
-1255
-2587
-4272
-5458
-1942
2513
3822
349
-4799
-3986
353
4703
6418
3567
956
-946
-275
3420
5857
6500
4242
1149
-146
611
3069
4280
3246
1656
657
-8
-406
-417
40
631
395
-701
-1995
-2378
-1790
-990
-460
-496
-1088
-1912
-2333
-1830
-561
387
859
670
98
-457
-609
769
2271
2722
2118
1053
314
1054
1943
2959
4481
2598
948
-598
-457
2372
2272
2473
34
-1782
-1138
-1968
-319
203
-212
-283
-2078
-2958
-2096
-1284
176
-216
-1613
-1109
-2022
-1017
-745
-898
725
-49
57
-867
-1367
-744
-714
610
538
-189
-1097
-1848
-1053
-92
12
-366
-1320
-1828
-1419
-1436
-1054
-1359
-1711
-1220
-1502
-1853
-2959
-3490
-2241
-1205
-1239
-3240
-3811
-512
2139
1385
-1872
-2896
406
3722
4719
2938
475
471
1852
3566
4887
4435
3406
1631
94
1383
3783
4993
3016
248
34
348
784
922
623
646
-173
-1292
-1615
-1378
-870
-569
-695
-867
-987
-1385
-1851
-1694
-756
769
959
222
-1112
-1178
65
954
2179
2027
1883
500
71
391
2706
3838
3923
2595
226
106
-673
2230
3758
2433
897
-2067
-1533
-1336
148
1220
-64
-1186
-2710
-3126
-1771
-360
-81
-305
-1949
-1927
-1607
-985
-317
-911
-971
-868
-645
-32
-1098
-1189
-1497
-677
401
-200
-701
-1877
-1638
-760
-327
51
-717
-1430
-1580
-1672
-1446
-787
-669
-711
-1599
-2306
-2445
-2729
-1689
-1127
-1297
-2990
-4976
-2321
2457
4066
593
-4247
-3686
1353
5155
5370
2225
-191
-160
946
3872
5621
5360
3832
901
131
2210
4861
5058
2514
591
411
940
1111
832
591
531
82
-650
-1111
-1395
-1282
-952
-961
-1016
-747
-1008
-1814
-2023
-1109
224
644
229
-353
-734
-362
818
2009
2989
2756
1020
92
619
2863
4355
2720
540
-755
321
2072
1759
1000
-319
-871
-509
-723
-150
-343
-1160
-1693
-2073
-1138
-698
-1279
-2041
-2257
-1373
-606
-881
-1480
-1772
-1714
-1328
-1383
-684
-130
-398
-1076
-2076
-1073
96
535
14
-1277
-1392
-1490
-1155
-631
-377
-233
-909
-1675
-1995
-1588
-826
-495
-791
-1486
-2293
-2616
-1876
-1430
-2124
-2901
-1578
1751
2368
-516
-3579
-3202
1471
4947
5172
3008
-95
-799
501
3761
6554
5672
3276
300
-645
2003
4970
5659
3045
238
-474
111
1362
1918
1437
400
-954
-1724
-1154
-442
-396
-787
-1358
-1518
-1207
-861
-1112
-1393
-995
-162
325
273
-137
-247
216
397
1584
2490
2203
1373
259
1066
2126
2857
2793
1533
1007
651
987
1375
1223
1033
322
-635
-1105
-601
-225
-617
-1232
-1579
-1674
-1780
-1924
-1917
-1621
-1554
-1688
-1728
-1789
-1606
-1267
-1282
-1331
-965
-533
-651
-1207
-1387
-860
-180
27
-493
-1194
-1115
-629
-219
-146
-586
-1127
-1295
-986
-821
-622
-973
-1518
-1731
-1792
-1389
-1789
-2191
-2669
-3107
-2525
-1060
1296
1569
-614
-3026
-2763
1015
4543
5223
2731
-139
-703
1214
4165
5808
5410
3389
1051
232
1815
4253
4909
3363
1230
253
433
925
1296
1148
812
-116
-1069
-1227
-1165
-886
-957
-986
-984
-1054
-1127
-1882
-1663
-541
167
402
-111
-484
-242
184
690
1412
2056
1945
1357
739
847
1722
2575
2944
1913
784
480
446
1213
1499
977
550
-469
-1138
-807
-594
-477
-989
-1801
-1866
-1902
-1680
-1701
-2108
-1878
-1774
-1630
-1563
-1806
-1579
-1518
-1192
-766
-644
-510
-1032
-1214
-858
-211
367
-54
-656
-1058
-871
-371
-363
-601
-708
-688
-1074
-1712
-1926
-1533
-1159
-1211
-1630
-2233
-2485
-2292
-2273
-2722
-2382
-220
2173
1497
-1920
-3565
-963
3587
5771
4500
1461
-448
106
2389
5454
6570
5155
2078
-301
816
3918
5957
4442
1225
-145
259
1074
1613
1585
1045
-54
-1476
-1801
-1262
-331
-91
-957
-1440
-1776
-1523
-1271
-1270
-679
-91
29
-547
-577
32
423
604
757
1244
1788
1738
1335
1384
1667
2119
2080
1792
1765
1222
867
396
333
1148
1087
308
-808
-1700
-1308
-632
-519
-797
-1495
-1940
-2288
-2357
-1690
-1278
-873
-1210
-2136
-2207
-1988
-1466
-1040
-885
-624
-716
-1127
-1455
-1200
-239
489
164
-576
-1047
-866
-250
-69
-460
-920
-1164
-1247
-866
-733
-969
-1314
-2150
-2280
-1647
-829
-658
-2060
-3670
-4289
-2244
1745
3200
904
-2906
-4014
-577
3477
5185
3969
1369
-1
155
2134
4507
5338
4919
2954
980
893
2240
3820
3827
2885
1978
865
148
-277
364
1461
1249
267
-1186
-2106
-1728
-918
-347
-312
-626
-1244
-2000
-2090
-1170
50
752
325
-551
-706
-247
595
1249
1523
1956
2067
1433
926
914
1550
2502
2541
2151
1032
-97
90
649
1332
1142
279
-580
-1440
-1590
-1198
-499
-374
-905
-1577
-2205
-2237
-1767
-1183
-950
-1172
-1727
-2298
-2364
-1767
-890
-386
-446
-896
-1406
-1537
-1108
-479
-145
-171
-445
-945
-1474
-1540
-889
-50
240
-345
-1534
-2429
-2263
-1144
-232
-429
-1351
-2088
-2447
-2249
-1821
-2188
-2124
-159
2457
2149
-1764
-3904
-1426
3212
6067
4898
2238
-77
-808
1182
4229
6936
6486
3241
51
-1026
1651
4782
5670
3849
1126
-381
-856
41
1515
2396
1731
-155
-2126
-2328
-1062
-188
268
-349
-978
-1471
-2011
-1867
-1053
419
782
-71
-810
-778
-268
349
1079
1685
1953
1454
691
419
1165
1922
2181
2152
1760
1590
690
-156
-152
605
1598
1062
-150
-1233
-1660
-1182
-741
-490
-400
-991
-1951
-2351
-1990
-888
-457
-870
-1611
-2175
-1811
-1541
-1057
-701
-669
-729
-1341
-1513
-1267
-724
-276
-359
-511
-774
-1205
-1621
-1451
-580
202
-62
-1294
-2415
-2411
-1325
-451
-674
-1676
-2445
-2389
-2111
-1999
-2201
-2596
-1666
873
2556
1226
-1933
-3250
-579
3665
5897
4924
1627
-779
-465
2646
6203
6764
4862
1787
-131
627
3109
5359
4993
2640
181
-715
-87
957
1858
1754
323
-1361
-2077
-1860
-865
-230
-206
-838
-1689
-1759
-1875
-1342
-597
-115
194
-107
-322
-528
-416
154
1156
1895
1871
1038
160
585
1458
2357
2281
1531
1201
730
607
395
525
1069
802
127
-866
-1316
-960
-932
-872
-974
-1160
-1226
-2001
-2359
-1994
-1284
-524
-1066
-1928
-2280
-1978
-1050
-747
-833
-1009
-1240
-1227
-1195
-942
-579
-420
-457
-652
-895
-1135
-1217
-1032
-568
-326
-521
-1128
-1870
-1735
-1219
-611
-581
-1294
-1838
-2431
-1993
-1545
-2124
-2552
-1148
2126
3061
-103
-3702
-2809
1816
5662
5615
2703
248
-475
1418
3777
5543
6017
4088
1264
-540
1362
4473
5317
3511
940
205
416
730
783
1052
1327
452
-1166
-2069
-1492
-421
-68
-696
-1098
-1251
-1385
-1744
-1889
-713
476
726
-335
-1166
-775
-15
987
1172
1355
1688
946
308
620
1643
2531
2209
1224
757
875
992
657
420
978
1050
284
-549
-1366
-975
-447
-746
-996
-1331
-1406
-1828
-2146
-1875
-1287
-681
-1164
-1959
-2312
-1953
-1209
-837
-834
-917
-956
-1117
-1321
-1335
-639
-107
-67
-516
-1199
-1247
-1204
-667
-83
60
-676
-2005
-1964
-1359
-730
-416
-1087
-1817
-2362
-2527
-1976
-1764
-2382
-1877
581
2570
1247
-2255
-3258
-100
3965
5302
3798
1632
442
746
2493
4748
6075
5470
2784
162
223
3070
5453
4698
2195
240
-79
297
797
1478
1337
279
-1389
-2212
-1534
-586
-84
-872
-2067
-2187
-1764
-1417
-1440
-1248
-508
-485
-707
-763
-583
216
485
897
1357
1662
1791
907
786
1435
2432
2961
1997
1126
722
991
1421
1273
1081
681
60
-472
-784
-597
-369
-691
-1165
-1569
-1534
-1311
-1416
-1506
-1655
-1556
-1339
-1475
-1597
-1690
-1542
-1209
-1191
-1146
-952
-716
-490
-648
-890
-908
-799
-405
-146
-323
-588
-1077
-1284
-1152
-1075
-854
-916
-969
-1269
-1865
-1871
-1745
-1340
-1095
-1322
-1406
-2061
-2944
-3844
-2547
1886
4663
2741
-3017
-5341
-1158
4592
7709
5246
1243
-891
-204
3146
5882
6894
5136
2085
53
542
3550
5634
4724
1924
95
152
723
783
741
836
397
-718
-1960
-2189
-1516
-1085
-1142
-1342
-1370
-1272
-1771
-2665
-2312
-690
450
255
-840
-1629
-1152
-5
1005
1805
1970
1257
361
295
1435
2915
3618
3119
1760
684
543
1089
1975
2378
1745
492
-831
-1384
-682
367
593
-372
-1848
-2578
-2260
-1586
-1134
-1077
-1399
-1997
-2496
-2304
-1489
-826
-869
-1395
-1704
-1471
-965
-640
-425
-284
-373
-707
-893
-432
47
-89
-684
-960
-777
-384
-358
-704
-869
-1344
-1251
-1203
-985
-631
-1539
-2203
-2916
-2431
-1180
-1539
-2950
-4448
-2357
2200
3803
783
-3658
-3499
997
5013
5808
3680
1449
314
879
3234
5653
6536
4925
2059
381
1500
4085
5104
3618
1649
928
590
310
250
678
765
-213
-1284
-2109
-2047
-1643
-1644
-1684
-1599
-1242
-1528
-2460
-2629
-1780
-677
-154
-563
-948
-802
-485
62
577
1230
1638
1221
686
752
1429
2271
2585
2246
2117
1843
1920
2195
1877
1643
929
953
1338
1033
358
-966
-1446
-1260
-753
-417
-974
-1934
-2841
-2787
-1887
-923
-879
-1673
-2550
-2613
-1768
-893
-421
-831
-1371
-1598
-1205
-290
113
-142
-689
-720
-332
48
-55
-412
-555
-400
-175
-416
-377
-519
-848
-1263
-1427
-882
-649
-802
-1855
-2560
-2209
-1421
-1524
-3019
-4304
-3133
1529
4174
1987
-3547
-5470
-560
4541
7105
4734
1281
-476
-541
2976
6185
7681
5798
1626
-628
633
4437
6711
5205
1777
-267
-359
790
1333
1626
1332
-504
-2022
-2962
-2061
-885
-799
-1377
-2614
-2583
-2283
-2350
-2282
-1880
-908
-677
-1177
-1586
-1436
-715
-49
423
997
1404
900
292
144
1220
3020
3008
2172
753
1048
3869
4487
3314
490
-1007
1138
2404
3222
1895
-1234
-2369
-2899
-1095
928
760
-506
-3613
-4818
-3128
-714
600
-677
-2764
-3678
-3277
-2023
-596
-72
-316
-1816
-2719
-2004
-642
1067
837
-276
-1338
-1225
88
413
467
-16
-436
-438
-415
-133
-40
-224
-616
-1138
-1197
-652
-753
-1229
-1977
-2288
-1548
-1425
-1845
-3530
-4623
-1886
2092
3746
168
-4393
-3449
943
5418
5940
3581
1286
-456
767
3453
6364
6940
4308
1500
180
1997
4626
5313
3440
1105
676
897
668
340
490
346
-445
-1430
-1955
-1943
-1959
-2127
-2238
-1847
-1577
-1946
-2787
-2961
-2134
-840
-83
-500
-1021
-1419
-871
-59
875
1396
1049
1005
441
1275
1856
1986
2404
1695
3192
3979
3444
1929
-948
546
2969
3911
3176
-665
-2228
-2548
-1408
1340
725
-421
-2320
-4823
-4109
-1965
235
445
-2095
-3790
-3825
-2417
-521
-236
-223
-769
-1813
-1914
-1576
85
1303
919
168
-875
-545
143
359
962
713
409
-141
-816
-435
-148
28
-429
-1265
-1424
-1463
-1222
-1531
-2460
-2302
-1600
-1746
-3109
-5020
-4726
-547
3697
3567
-1360
-5814
-3585
2155
6350
6414
3302
730
-862
765
4574
7601
7944
4500
619
-830
1786
5508
6247
4112
1373
-35
-235
-60
491
1501
1006
-638
-2635
-3299
-2229
-1692
-1286
-2127
-2603
-2233
-2590
-2685
-2683
-1614
-605
-681
-1058
-1394
-1032
-402
171
755
1344
1470
1171
922
1074
1885
2642
2559
1924
1950
2733
3027
2354
1480
1180
1453
1714
1380
594
-141
-720
-1189
-1330
-1064
-880
-1291
-2124
-2644
-2426
-1884
-1668
-1787
-1823
-1701
-1700
-1827
-1646
-932
-171
-84
-703
-1326
-1238
-376
685
1146
718
-43
-438
-175
458
985
888
201
-518
-876
-680
-165
116
-424
-1239
-1751
-1732
-1507
-1587
-1760
-2195
-2183
-2386
-3145
-4427
-4839
-1128
3144
3368
-1143
-5373
-3283
2046
5771
5622
3165
1132
-267
483
3505
6689
7665
4855
749
-741
1569
5347
5932
3244
833
47
324
188
439
1280
881
-774
-2574
-2851
-1718
-945
-1333
-2238
-2475
-1933
-1847
-2600
-2839
-1933
-584
-461
-1229
-1360
-1014
-480
-241
432
1471
1765
1476
573
603
1710
2576
2971
2209
2033
2455
2209
1817
1157
1900
2688
1734
511
-487
-243
121
-426
-785
-1065
-1128
-1503
-2393
-2302
-1571
-1214
-1598
-2524
-2466
-1805
-1373
-1223
-1494
-1211
-932
-1051
-1090
-1278
-724
81
349
355
-143
-401
-235
173
923
1014
483
-249
-987
-821
-111
423
40
-834
-1561
-1914
-1527
-1568
-1463
-1789
-1947
-1913
-2810
-3549
-4859
-3103
1265
3905
1669
-4283
-5527
-1365
4501
6736
4457
1637
-677
-425
1873
5208
7321
6078
2712
-258
106
3296
5919
5252
2553
613
122
184
359
1064
1468
493
-1457
-2746
-2483
-1470
-973
-1379
-2010
-2263
-2254
-2392
-2531
-2114
-1210
-696
-1050
-1450
-1058
-389
-163
37
746
1511
1668
1262
838
975
1800
2714
2989
2545
1947
1792
2012
2076
1969
2064
2025
1318
411
25
24
-5
-149
-487
-1027
-1569
-2001
-2190
-1875
-1273
-1133
-1710
-2380
-2450
-1868
-1185
-887
-975
-1157
-1289
-1341
-1165
-721
-221
39
109
31
-32
-22
38
208
351
569
469
-18
-664
-729
-255
232
225
-776
-1443
-1927
-1609
-1303
-1441
-1336
-2207
-2263
-2545
-3002
-3907
-4470
-921
2913
3346
-1311
-5848
-3613
1737
6088
6182
3092
327
-1551
-46
3808
7040
7910
4773
351
-1752
483
5095
7008
4858
1477
-708
-1122
-271
1050
2583
1974
-272
-2562
-3641
-2210
-848
50
-830
-2404
-2528
-2589
-2378
-2301
-1347
-199
-434
-1189
-1515
-1135
-391
233
654
1315
1331
1187
430
200
1588
2489
2993
2138
1694
2038
1727
1795
1736
2353
2625
1596
321
-476
-223
240
288
-92
-600
-1261
-1946
-2244
-1879
-1038
-742
-1367
-2336
-2693
-2142
-1337
-962
-1092
-1359
-1503
-1453
-1193
-739
-291
-160
-362
-505
-286
85
122
-88
-155
150
425
123
-552
-906
-498
42
55
-719
-1416
-1538
-1272
-995
-1328
-1640
-2107
-2182
-2267
-2572
-2897
-4181
-2999
820
3484
1632
-3736
-4956
-1082
3961
6273
4147
1531
-572
-586
2194
4842
6715
5846
2839
60
-252
3036
5787
5427
2689
533
207
211
498
1173
1651
886
-970
-2598
-2651
-1367
-355
-750
-1979
-2342
-1942
-1831
-2278
-2183
-1178
-292
-518
-1102
-1127
-916
-174
102
656
1284
1336
1353
293
519
1703
2561
2778
1659
1517
1969
2326
2078
1318
1513
1968
1834
957
-3
-176
186
-36
-584
-711
-778
-1096
-1816
-2208
-1673
-982
-1052
-1789
-2425
-2427
-1917
-1370
-1060
-1087
-1279
-1390
-1332
-1032
-565
-129
8
-95
-252
-172
92
281
368
299
239
-81
-460
-615
-271
27
-77
-446
-1297
-1562
-1661
-1073
-787
-1368
-1800
-2739
-2312
-2024
-2238
-3307
-4390
-1466
2183
3207
-639
-5070
-3582
947
5122
5648
3151
791
-1091
-183
2924
5946
7532
5457
1322
-1360
107
4663
7106
5387
1925
-368
-840
-159
1161
2396
2166
37
-2387
-3339
-2302
-528
180
-741
-2191
-2781
-2519
-2263
-2142
-1638
-873
-535
-845
-1334
-1470
-1158
-507
402
1328
1684
1053
-45
-428
569
2291
3270
2669
1217
453
1050
2211
2812
2629
2119
1499
715
82
159
794
1017
220
-994
-1574
-1342
-1051
-1232
-1574
-1616
-1540
-1821
-2348
-2493
-2005
-1385
-1192
-1364
-1538
-1585
-1610
-1450
-910
-167
213
-61
-550
-651
-164
341
477
291
241
291
122
-178
-407
-72
125
-50
-530
-788
-650
-754
-630
-1210
-1712
-1828
-1893
-1301
-1720
-2513
-4039
-4736
-1222
2658
3345
-825
-5506
-4100
646
5342
6106
3108
56
-1957
6
3842
6607
6980
4102
598
-972
1290
5317
6463
4185
1446
-119
151
888
1486
2091
1049
-299
-1789
-2350
-1332
-569
-192
-1211
-2328
-2366
-2101
-2003
-2144
-1853
-1085
-828
-1266
-1480
-1555
-766
-49
220
616
434
677
292
159
1197
1744
2125
1829
1553
1669
1418
1670
2144
2507
2692
1900
945
456
334
727
720
470
-69
-1110
-1678
-1856
-1319
-639
-911
-1550
-2550
-2986
-2376
-1613
-879
-1142
-1846
-2048
-1889
-1209
-749
-495
-397
-617
-722
-365
213
526
352
-24
60
282
693
524
125
93
-137
-44
-252
-219
-311
-587
-750
-1166
-1027
-1000
-1123
-1977
-2317
-1947
-2226
-3126
-4797
-3290
1116
3751
1428
-4533
-5863
-1380
3854
6107
4046
1318
-784
-1039
1510
4473
6984
6605
3185
-251
-732
2877
6212
6063
3441
751
-149
165
859
2038
2344
1103
-960
-2748
-2437
-980
23
-430
-2075
-2774
-2618
-2362
-2248
-2061
-1538
-1280
-1621
-1984
-1798
-1127
-379
-228
-7
310
536
595
257
640
1355
2197
2499
1916
1501
1266
1628
2200
2671
2807
2250
1394
583
47
350
1084
951
307
-827
-1391
-1540
-1715
-1028
-1127
-1366
-1833
-2666
-2549
-2253
-1348
-943
-1528
-1654
-1678
-1597
-1297
-994
-350
-45
-239
-424
-712
-60
806
1163
1044
275
136
199
539
779
659
401
-262
-531
-263
442
208
-680
-1860
-2010
-1145
-941
-845
-2006
-2389
-2702
-3120
-3591
-4719
-2123
1680
3260
-112
-5184
-4609
-71
4683
5834
3602
955
-793
-367
2328
5610
7600
6681
2523
-878
-335
3648
6905
5907
3014
628
-410
-222
501
1927
2433
1169
-1190
-3391
-3341
-1642
22
-150
-2026
-3267
-3423
-2931
-2479
-1855
-1038
-926
-1571
-2226
-2155
-1204
-46
431
624
694
840
600
100
697
1859
2952
2737
1660
1347
1633
2216
2327
2428
2807
2610
1517
95
-356
398
1268
1122
35
-1188
-1962
-2175
-1942
-1315
-828
-1162
-2311
-3297
-3110
-1914
-842
-730
-1315
-1798
-1715
-1235
-688
-177
249
382
62
-400
-333
470
1314
1468
927
378
316
515
660
724
621
380
20
-456
-644
-581
-398
-380
-1060
-1782
-1949
-1987
-1729
-1837
-2174
-2085
-2777
-3459
-4764
-4692
-819
2800
3065
-1884
-6011
-3977
1207
6225
6549
3503
-186
-2179
166
3970
7304
8267
5263
861
-1652
395
5295
7384
5818
2148
-1030
-1220
-168
1722
2734
1644
-244
-2712
-3725
-2757
-998
-34
-1155
-2841
-3451
-3152
-2629
-2219
-1888
-1293
-1144
-1536
-1931
-1835
-681
211
567
668
574
920
780
690
1242
2072
3108
2794
1877
1295
1322
2335
2772
2907
2526
1569
771
-148
-176
430
847
747
-469
-1779
-2253
-2041
-1295
-1132
-1524
-1922
-2590
-2711
-2546
-1794
-820
-811
-1089
-1553
-1292
-552
-175
179
237
412
521
352
371
592
966
1364
1223
785
526
431
678
671
640
445
-148
-517
-1083
-1198
-842
-724
-890
-1536
-1975
-2157
-2447
-2342
-2260
-2252
-1805
-1974
-2727
-4196
-4853
-1908
2377
4076
407
-4477
-4301
93
5287
6799
4501
1299
-846
113
2779
5671
7426
5879
2224
-816
-472
3318
6045
5503
2569
-530
-1391
-762
627
1609
1153
47
-1900
-3427
-3287
-1889
-380
-796
-2367
-3390
-3289
-2289
-1944
-1892
-1482
-936
-544
-1033
-1393
-933
27
995
1202
1223
1327
1181
913
741
1450
2694
3123
2440
1257
877
1430
1892
2088
2044
1832
1169
-139
-846
-432
567
1077
94
-1270
-2282
-2363
-1681
-1315
-1031
-1319
-1805
-2313
-2707
-2055
-956
6
-76
-983
-1458
-1080
-75
764
995
897
674
344
329
465
1004
1564
1404
1011
240
-79
221
324
515
100
-428
-710
-1281
-1403
-1539
-1476
-1332
-1676
-1904
-2056
-2103
-2466
-2862
-2817
-1923
-1230
-1988
-3978
-5387
-2746
1910
4352
1513
-3494
-4124
-624
4472
6524
4974
2377
78
294
2010
4562
7039
7000
4009
245
-1046
1615
5002
5612
3671
655
-770
-929
-446
540
805
852
-557
-2799
-3798
-2969
-923
-376
-1443
-2549
-3094
-2684
-2158
-1982
-1401
-891
-706
-850
-1208
-676
-11
361
690
831
1436
1604
1124
873
1054
2003
2488
2156
1635
1136
1222
1197
1250
1603
1771
1697
640
-561
-1040
-670
434
697
57
-1192
-2338
-2379
-1924
-941
-333
-567
-1331
-2382
-2430
-1528
-263
413
-23
-726
-999
-668
-29
484
822
1000
624
194
-29
201
900
1126
1195
768
55
-271
-537
-143
112
-66
-281
-975
-1272
-1416
-1388
-1028
-1414
-1731
-2081
-2246
-1790
-1990
-1897
-2166
-2280
-1701
-2071
-2526
-3651
-2759
471
2684
2188
-1460
-2951
-1030
2497
5088
4778
3170
877
194
1423
3611
5865
6334
4257
885
-488
1316
4067
4786
3268
849
-413
-247
101
564
587
430
-589
-2133
-2736
-2366
-1298
-1045
-1760
-2458
-2570
-2093
-1792
-1831
-1832
-1394
-729
-367
-531
-816
-671
-100
635
1202
1439
1247
718
365
712
1654
2385
2231
1368
650
625
1079
1478
1574
1416
1013
402
-116
-168
180
435
249
-239
-694
-940
-981
-884
-755
-736
-854
-961
-940
-851
-841
-885
-798
-524
-233
-111
-156
-193
-138
13
294
588
610
251
-131
-34
376
553
331
-111
-351
-342
-435
-456
-376
-496
-771
-1147
-1421
-1414
-1378
-1316
-1265
-1513
-1710
-1871
-1995
-1860
-1745
-1529
-1323
-1303
-1659
-2553
-3182
-1640
1411
3040
1654
-1765
-2556
-197
3173
5221
4045
2173
403
500
2134
3650
5237
4906
3064
672
-79
1755
3663
3884
2442
624
-287
-262
-139
518
479
200
-459
-1907
-2267
-2256
-1189
-818
-1633
-2006
-2290
-1718
-1713
-2011
-1592
-781
56
-147
-1025
-1495
-827
339
1041
1082
903
702
309
211
675
1476
2009
1784
976
308
410
1119
1734
1745
1285
743
326
73
81
417
733
515
-258
-976
-1087
-684
-329
-363
-651
-910
-1078
-1208
-1219
-973
-574
-349
-471
-730
-786
-557
-229
11
131
178
166
71
-13
42
254
441
355
14
-314
-413
-374
-266
-203
-128
-241
-729
-1264
-1520
-1160
-589
-365
-802
-1463
-1939
-1834
-1324
-1133
-869
-1352
-1615
-1644
-1955
-1862
-2347
-1241
884
2104
1290
-1469
-2098
-426
2340
4427
4051
2359
667
248
1342
3081
4453
4760
3236
783
-202
1012
3058
3892
2957
1139
-273
-516
-41
388
585
531
-87
-1242
-2241
-2255
-1388
-692
-847
-1458
-1915
-2108
-2086
-1869
-1498
-913
-319
-339
-1002
-1363
-858
-12
537
722
769
783
623
262
145
693
1573
1976
1579
788
212
264
811
1384
1708
1523
789
15
-298
85
855
1080
394
-539
-977
-705
-179
21
-147
-488
-879
-1124
-1021
-609
-267
-342
-691
-870
-664
-312
-181
-268
-286
-130
4
-81
-289
-359
-217
-74
-102
-254
-323
-245
-171
-259
-482
-645
-638
-503
-450
-492
-674
-816
-847
-1012
-1099
-997
-702
-605
-876
-1437
-1657
-1374
-927
-548
-1154
-1797
-2616
-2188
356
2223
2259
-514
-2479
-1495
1044
3948
4278
2751
646
-375
736
2526
4201
4846
3562
1116
-239
496
2690
3856
3240
1520
-224
-472
-114
611
889
561
-2
-1256
-1987
-1911
-1264
-782
-1033
-1460
-1836
-1950
-1880
-1790
-1711
-1364
-750
-392
-539
-958
-1027
-555
79
608
887
911
606
232
179
778
1629
1894
1654
879
498
559
733
1375
1590
1655
1091
254
188
419
942
865
289
-217
-579
-525
-344
-216
-335
-670
-1015
-1131
-1039
-883
-754
-756
-771
-768
-678
-529
-433
-418
-440
-382
-224
-69
-17
-115
-235
-210
-107
45
162
-13
-342
-466
-327
-17
44
-262
-524
-694
-836
-824
-635
-519
-518
-785
-1153
-1343
-1290
-912
-646
-582
-1191
-1741
-1464
-1061
-875
-1677
-1781
-101
1590
1623
-570
-1938
-763
1571
3442
3261
1958
666
344
1423
2463
3371
3709
3078
1700
259
482
1856
2925
2741
1453
163
-498
-412
23
340
324
-30
-1028
-2083
-2405
-1676
-648
-556
-1169
-2024
-2135
-1740
-1389
-1133
-1027
-545
-369
-519
-781
-724
-17
571
810
761
826
933
868
564
518
1082
1805
2055
1216
310
22
450
1299
1695
1513
686
-101
-243
186
798
990
538
-296
-944
-879
-189
128
-207
-776
-992
-872
-909
-779
-595
-379
-348
-706
-841
-688
-244
-1
-229
-390
-443
-209
-79
-274
-353
-359
-73
159
63
-255
-585
-409
-179
-173
-220
-331
-462
-669
-763
-603
-373
-294
-610
-1114
-1128
-734
-483
-464
-829
-1111
-1156
-1224
-793
-619
-655
-1290
-2246
-1312
683
2371
1407
-1267
-2043
-627
2323
3749
2972
1286
-177
311
1515
2623
3429
3327
2403
682
-294
814
2487
3145
2134
297
-546
-400
291
561
157
-59
-493
-1034
-1441
-1558
-1149
-902
-853
-1229
-1683
-1469
-1196
-980
-1109
-1030
-428
46
159
-453
-703
-261
566
1059
895
717
559
642
526
727
1095
1330
1250
553
306
278
836
1367
1333
1121
501
321
230
210
416
532
692
301
-411
-808
-731
-186
76
-211
-608
-997
-1041
-957
-881
-534
-312
-259
-557
-1006
-919
-529
-62
32
-288
-435
-532
-513
-460
-388
-27
100
-38
-324
-637
-494
-254
-33
47
-234
-380
-496
-544
-507
-515
-267
-262
-568
-811
-907
-636
-467
-582
-693
-840
-722
-650
-901
-1137
-1646
-1600
-442
1071
1679
145
-1622
-1643
51
2388
3180
2380
732
-489
139
1383
2703
3440
2877
1582
62
-58
1057
2307
2783
1799
508
-360
-302
306
628
518
101
-486
-1056
-1275
-1132
-705
-584
-747
-1208
-1376
-1057
-1034
-922
-1050
-813
-327
-261
-279
-612
-499
-134
152
543
648
523
336
152
181
522
865
1158
1021
532
136
145
729
1134
1210
884
425
234
178
488
732
701
331
-308
-450
-277
3
164
-259
-629
-783
-804
-560
-480
-450
-486
-644
-707
-813
-716
-534
-473
-391
-495
-476
-311
-276
-236
-381
-294
-46
18
-8
-299
-307
-99
58
84
-119
-164
-151
-169
-244
-278
-261
-177
-213
-465
-535
-553
-463
-490
-597
-579
-791
-776
-713
-722
-674
-955
-1191
-1647
-1488
-57
1263
1339
-438
-1822
-1218
537
2318
2621
1685
375
-171
512
1557
2484
2935
2470
1206
178
276
1481
2469
2399
1414
273
-99
19
395
540
443
352
-210
-921
-1373
-1170
-574
-380
-482
-928
-1267
-1193
-1113
-986
-852
-418
-7
-183
-587
-850
-533
67
406
469
357
262
128
23
170
589
1031
1078
692
209
138
478
894
1118
1042
965
709
425
232
318
717
728
505
-55
-381
-398
-380
-140
-200
-168
-376
-700
-865
-1066
-833
-421
-190
-367
-706
-994
-863
-557
-352
-75
-89
-190
-505
-593
-297
-36
174
5
-128
-121
-112
-108
-170
-87
89
188
55
-239
-469
-443
-171
78
109
-206
-713
-1005
-833
-383
-58
-88
-512
-1057
-1361
-1172
-625
-353
-571
-1237
-1663
-985
376
1147
226
-1168
-1192
21
1651
2141
1371
505
-32
491
1428
2248
2703
2090
1139
353
587
1754
2457
2259
1067
82
121
634
1090
807
165
-206
-433
-424
-464
-495
-438
-752
-1045
-1181
-928
-490
-606
-935
-1236
-978
-375
-151
-282
-669
-701
-371
-34
171
135
69
36
39
164
427
687
778
548
293
333
585
960
1005
740
507
353
473
538
538
569
336
183
31
-26
95
-16
-191
-456
-583
-465
-401
-385
-577
-765
-663
-466
-324
-393
-552
-529
-424
-228
-129
-149
-165
-351
-393
-288
-80
131
70
-27
-216
-248
-52
-10
-54
-206
-272
-166
-130
-100
-216
-468
-537
-423
-267
-223
-396
-584
-634
-627
-416
-399
-532
-561
-681
-587
-645
-620
-573
-763
-750
-730
-269
329
530
185
-554
-490
437
1450
1744
1145
495
344
775
1418
1694
1638
1441
1140
903
735
863
1208
1322
1072
505
177
223
252
236
94
-11
-56
-269
-538
-832
-861
-565
-354
-356
-607
-873
-976
-912
-665
-368
-95
-6
-296
-730
-773
-354
250
585
423
29
-169
-13
273
578
752
788
597
318
244
287
564
686
669
686
691
690
287
-93
-153
177
709
687
162
-491
-819
-571
-178
30
7
-280
-538
-799
-970
-653
-183
156
-19
-520
-778
-713
-286
-34
11
-3
-133
-206
-358
-367
-192
-19
125
-13
-216
-336
-413
-234
-106
-56
43
-53
-234
-551
-702
-341
67
238
-110
-735
-893
-561
-58
78
-225
-500
-686
-661
-465
-319
-184
-293
-622
-765
-410
332
726
387
-432
-698
190
1315
1741
1108
205
21
592
1461
1752
1376
821
485
629
1008
1260
1257
927
440
178
259
621
834
505
-59
-382
-292
-65
14
-210
-493
-545
-549
-489
-422
-420
-388
-479
-584
-545
-382
-142
-75
-209
-358
-343
-64
171
145
-16
-106
52
267
296
164
44
119
222
154
112
188
364
534
440
213
-20
-186
12
335
473
367
-44
-468
-592
-396
-114
41
-47
-378
-694
-721
-431
-81
66
-67
-356
-496
-399
-200
12
72
-69
-160
-104
-99
-176
-222
-139
74
219
129
-150
-266
-182
-90
-41
-109
-110
-77
-100
-82
-68
-76
-103
-55
-29
-73
-75
-110
-126
-42
54
132
97
-132
-291
-199
42
214
105
-130
-278
-261
-34
154
119
11
-113
-157
13
179
191
114
48
89
206
277
271
244
210
266
336
352
367
269
208
209
221
363
383
216
92
30
71
159
190
204
145
48
3
-17
39
87
52
31
1
23
59
17
14
21
51
67
5
2
-5
4
58
49
25
-80
-145
-74
-49
-9
-18
-122
-130
-80
-4
29
-49
-169
-265
-199
-80
-83
-172
-279
-283
-223
-135
-85
-185
-302
-328
-279
-161
-79
-84
-94
-108
-102
-69
-78
-73
-32
32
68
94
54
-26
-56
29
172
139
95
49
13
33
-30
1
53
64
37
-8
-28
-76
-22
50
97
124
69
14
-57
-66
6
78
157
107
-4
-10
-5
25
60
51
26
-54
-88
-49
-27
28
71
39
8
-31
-7
75
70
40
20
50
125
88
47
37
23
88
164
180
88
-19
-25
1
48
117
123
37
-50
-42
26
62
60
38
17
40
72
100
131
117
80
2
-74
-32
55
122
120
-22
-68
34
55
44
22
-50
-61
-80
-35
34
-1
21
-5
-62
-37
-100
-92
-46
-99
-109
-138
-105
-13
-72
-187
-280
-235
-171
-190
-98
-109
-160
-159
-235
-218
-148
-44
32
12
22
-12
-28
70
109
70
90
105
116
146
118
82
115
183
154
70
87
123
96
137
180
139
127
65
10
69
151
163
104
6
-94
-34
38
63
90
-30
-89
-90
-84
-43
-96
-139
-118
-139
-108
-74
-88
1
-21
-108
-108
-101
-3
43
23
20
12
-3
-31
13
85
144
94
-17
22
83
140
181
70
-13
-7
9
54
51
78
79
27
32
-23
-34
-8
11
55
31
-21
-76
-21
14
-5
45
-14
-58
-57
-103
-31
63
20
-8
-87
-125
-33
-2
44
44
22
10
-51
-86
-96
-21
53
87
25
-55
-30
-71
-44
-8
-67
-54
-52
-113
-135
-131
-115
-79
-127
-149
-81
-84
-110
-86
-69
-7
47
1
-7
35
61
133
159
93
88
113
114
185
194
101
111
115
108
180
196
249
214
112
118
84
112
96
63
101
72
36
-41
-96
-81
-17
-18
15
2
-150
-215
-306
-239
-82
-53
-62
-170
-220
-222
-212
-146
-67
-33
-76
-78
-81
-70
-21
-17
5
-10
-16
55
26
55
105
39
90
117
101
78
61
168
170
164
155
54
44
34
45
87
89
83
45
29
-4
-21
19
13
21
-12
-93
-94
-26
18
37
-3
-78
-51
-50
-26
9
-45
-23
-30
-16
60
37
4
-6
-34
-18
4
38
95
66
18
-76
-125
-33
-2
51
29
-129
-164
-100
13
87
-29
-144
-165
-140
-14
16
-56
-70
-89
-60
-43
11
127
91
35
-14
-22
91
103
126
134
115
143
89
99
146
163
189
126
76
110
139
158
137
42
-5
29
36
-21
-82
-71
-63
-70
-57
-99
-134
-111
-144
-173
-107
-71
-100
-146
-223
-267
-204
-112
-72
-77
-81
-91
-109
-69
-6
-8
-13
-22
-70
-40
28
55
96
88
36
59
104
120
138
111
88
99
63
35
94
141
75
35
55
34
93
95
-14
-2
9
36
84
28
-11
-37
-6
31
-8
8
-18
3
79
-7
-34
27
42
31
-19
-59
-38
4
-3
16
9
-11
-6
-55
-54
-57
-43
-14
-49
-59
-61
-73
-52
-33
-77
-52
-33
-74
-57
-88
-60
-5
-4
21
-2
-22
-8
24
60
28
-5
37
65
87
72
32
40
39
83
96
81
106
85
101
87
48
77
63
46
55
31
20
23
0
0
-45
-82
-60
-62
-55
-63
-113
-124
-71
-61
-56
-68
-129
-117
-107
-43
7
-50
-89
-119
-78
-9
28
39
10
8
33
32
41
58
46
56
26
15
23
29
110
101
70
36
-56
-9
30
8
41
34
75
121
42
21
6
-44
31
61
30
45
10
-6
-8
-1
57
70
51
-13
-18
46
55
25
-18
3
53
65
-2
-48
-51
-50
7
-20
-68
-90
-39
80
60
-8
-89
-141
-57
24
29
-35
-111
-139
-49
61
26
-18
-86
-115
2
7
-15
-18
-71
-40
-55
-64
-18
1
44
31
26
39
47
39
-12
3
40
62
75
61
25
-24
-13
56
92
65
45
57
51
40
24
-2
-7
8
-1
19
34
-70
-111
-32
-34
-46
-28
-53
-49
-43
-58
-11
-44
-130
-83
-25
48
68
8
-14
-41
-12
5
4
15
4
22
24
44
63
31
13
41
54
41
61
31
7
54
55
54
27
23
99
107
88
38
-7
17
-15
4
48
10
9
27
31
1
-42
-36
-31
-1
10
-38
-56
-83
-59
-2
14
12
-21
-25
-48
-43
-16
-35
-5
-23
-56
-24
-9
7
29
5
-32
-41
-64
-54
8
60
51
0
-58
-72
-36
-15
11
-40
-33
-14
-62
-19
-5
49
33
-38
-25
-49
15
45
6
12
19
48
40
31
27
16
67
78
55
71
77
83
41
12
62
47
39
69
37
34
13
-37
0
-25
-70
-32
-36
-43
-17
-22
-35
-63
-90
-66
-89
-57
-13
-54
-8
-36
-27
46
-23
-37
-16
-45
2
73
58
40
-28
-59
-17
-3
56
38
70
135
49
-5
-26
30
91
67
55
11
14
-6
-33
38
54
83
47
-20
5
-25
37
72
8
-11
-56
1
26
-35
1
-32
-35
32
21
27
-21
-58
-41
-22
12
20
55
-20
-57
-16
-43
2
-5
20
28
-35
-22
-81
-64
-4
1
33
-8
-3
36
12
2
-30
0
23
-20
-21
-86
-83
-4
1
15
-50
-80
-43
-55
-2
9
18
66
22
-3
-18
5
80
49
5
14
23
39
50
38
35
54
64
55
48
39
-20
11
61
20
29
-3
-28
3
13
-15
-57
-35
-15
-15
-9
-28
-42
-8
18
-17
-24
-42
-77
-37
-13
-26
-3
23
19
-9
-13
12
0
-12
-9
-48
-32
22
7
25
21
-15
-14
1
38
19
5
-9
-24
22
34
62
50
-36
-2
47
26
44
-11
-38
33
16
25
16
-23
-32
-30
2
7
23
25
12
-6
7
8
-31
-15
-8
18
19
40
70
32
40
-10
-27
40
37
28
30
25
10
-7
-3
-40
-99
-57
-38
-34
50
34
-17
-44
-102
-54
11
-19
-21
-53
-56
25
0
0
-14
-97
-33
69
101
69
8
-63
-15
134
151
110
10
-69
-22
41
102
106
22
4
-2
-58
32
86
51
52
21
3
6
70
45
-49
-59
-53
-7
16
-24
-56
-32
-14
-24
-10
-10
-46
-89
-87
-67
-51
-47
-45
-46
-72
-65
-52
-19
17
15
50
-22
-93
-53
-41
28
10
-14
2
-71
5
36
22
94
53
36
53
25
40
60
56
47
21
42
45
44
72
34
36
37
39
55
26
33
64
83
30
-6
-2
-4
2
18
12
-45
-5
22
40
71
-23
-70
-65
-38
16
-3
-52
-92
-57
-1
17
31
-12
-39
-3
37
-4
-33
-25
-53
-29
-81
-75
-43
-77
-22
-54
-45
1
-8
17
-1
-31
-37
-36
-73
-60
2
21
25
16
14
-3
14
59
70
116
76
4
29
19
72
138
86
31
-19
5
67
88
75
-5
-8
5
-45
-14
7
-32
-43
-24
-44
-50
-36
-41
-11
10
-34
-65
-31
-13
17
5
-39
8
0
11
34
-49
-86
-77
-2
88
59
10
-56
-115
-2
86
55
38
-11
-15
5
35
71
44
20
-20
-33
30
80
67
40
23
-19
-8
40
38
31
18
5
4
19
31
44
51
9
-19
-44
-13
44
23
20
-40
-53
38
68
44
-18
-46
-31
-14
5
43
48
-33
-82
-79
-55
5
34
-13
-73
-69
-40
-39
-46
-46
-37
-10
5
-18
-41
-31
8
27
-6
-29
-27
-28
-10
-5
-35
-14
37
36
32
27
15
46
72
52
22
25
38
45
22
30
102
64
18
44
19
30
79
38
-4
16
-18
-58
-67
-36
25
-9
-40
-48
-40
38
62
14
-28
-81
-98
-44
-10
33
33
-50
-66
-52
-40
2
2
-29
-35
-24
15
40
19
3
-20
0
11
16
52
30
8
-30
-26
11
42
65
8
-2
29
58
69
33
20
-2
-28
29
63
41
63
-24
-93
-23
29
94
74
-24
-84
-88
-21
33
25
-25
-48
-62
-89
-71
9
18
8
36
-36
-80
-52
0
90
60
-28
-55
-62
-19
28
-6
6
20
-26
-16
-31
-23
30
24
33
44
12
-14
-8
5
-11
-13
24
25
10
-9
-52
-48
-7
76
114
23
-23
-19
-15
33
47
60
63
35
34
12
-2
28
64
45
-10
-36
-31
30
47
-1
-42
-40
0
16
-17
-25
-19
-57
-51
-31
-12
1
-7
15
7
14
0
-28
-50
-55
5
30
37
14
-23
-24
-1
22
25
35
9
3
-9
-27
10
36
38
3
-6
25
10
18
72
48
9
5
-23
4
41
20
30
52
21
-18
1
21
37
32
-18
-44
-51
-45
-16
-7
-47
-40
25
2
-65
-63
-51
-55
-7
39
43
43
-3
-48
-8
27
49
18
-73
-59
19
68
51
-26
-19
-32
-58
13
20
11
9
-38
-18
8
17
40
3
-3
19
2
32
42
4
15
-21
-30
18
19
61
11
-48
-23
-26
65
127
73
-6
-57
-20
-5
25
72
53
18
-24
-32
-2
24
45
57
36
-31
-37
1
15
20
-34
-60
-14
36
53
15
-9
-21
-39
-12
7
-26
-29
-20
-37
-13
16
17
2
-48
-61
-26
12
9
-13
1
-24
-15
-10
-36
6
8
-2
11
-16
-11
4
19
33
10
5
-7
16
76
57
28
-27
-74
38
98
39
1
-58
-61
3
16
14
27
1
-51
-42
-15
29
31
2
14
-23
-33
-33
-28
32
39
20
-7
-16
15
18
0
-14
-26
-30
18
36
2
19
-9
0
27
-34
-52
-37
17
45
79
72
40
44
-21
3
3
-31
28
54
11
-49
-55
-27
14
17
48
5
-78
-58
-67
20
68
8
0
-55
-25
19
10
9
-42
12
34
4
79
38
-25
-28
-60
-9
52
47
2
-7
21
5
11
11
-14
6
-11
-21
26
55
46
-16
-35
-24
-28
46
65
20
30
-12
-47
-26
-39
43
63
-55
-49
-23
24
71
14
-17
-70
-83
3
46
33
28
7
14
61
36
42
44
-4
25
5
-28
-7
-1
6
-32
-22
27
-2
-32
-47
-55
-40
1
36
39
32
8
-8
-44
-48
-25
-28
33
-8
-41
29
-11
0
-11
-32
-7
-40
8
11
-34
-22
-15
7
10
12
24
27
43
41
20
10
9
-16
-2
11
0
-15
-62
1
23
19
37
-54
-9
18
-9
14
-9
-13
-40
-11
51
62
16
-22
-30
-42
11
58
60
27
3
-17
-40
-19
16
-2
-20
28
-25
-29
46
9
38
64
20
-9
-40
9
35
27
46
-12
-15
31
9
-12
-30
-29
-24
-2
46
40
16
-8
-66
6
89
23
-43
-87
-45
4
26
26
-31
-22
-15
4
25
-19
-51
-35
7
10
-2
4
14
-34
-44
9
20
46
26
5
-6
-14
39
23
-7
12
-4
-2
-3
-3
60
62
28
23
16
36
29
-1
-10
-16
0
19
10
-20
-29
-18
-11
18
56
49
-15
-73
-64
-6
8
-13
-24
-51
-46
-4
13
0
6
54
8
-95
-105
-62
28
67
20
-8
-12
2
12
36
21
-28
-17
-1
27
34
-14
-22
-2
2
23
50
66
47
-17
-30
-4
14
31
-9
-26
28
46
94
93
-22
-18
-32
-68
8
-11
-4
34
11
21
8
12
39
16
-24
-21
-12
21
84
21
-17
4
-45
-24
-29
-12
11
-19
39
-15
-55
-15
6
68
32
-32
-51
-39
13
27
19
6
-25
1
48
14
-7
-19
-15
56
36
-8
-9
-27
-5
-21
-18
42
18
-29
-42
-21
9
16
26
21
13
-7
-47
-44
-4
24
7
-19
-34
-16
10
33
31
-28
9
-5
-22
35
-36
-44
-39
-2
60
31
27
-12
-19
5
16
-5
-32
0
-3
-26
-32
-18
4
14
3
6
14
14
17
-7
-26
-31
-13
16
55
73
31
-2
-66
-53
16
58
96
31
-9
10
28
62
4
-28
6
7
9
-8
2
38
30
45
16
-26
-31
-34
18
9
-48
-47
-29
15
41
37
6
-44
-54
19
71
30
2
-30
-37
20
29
-17
-31
-27
-3
11
9
64
9
4
17
-45
22
-26
-75
-36
-49
-41
-35
34
40
-25
-55
-63
-14
28
54
13
-18
-19
-78
-14
6
-34
7
-4
31
61
61
55
15
-9
-50
-34
-4
-4
-3
-2
-7
-14
14
8
3
-6
-32
43
38
8
22
13
37
21
42
29
19
77
13
8
6
-28
33
24
25
67
41
37
8
-26
-7
-5
-26
-48
-56
-10
30
22
-2
-21
26
12
-22
19
-14
-27
-1
28
43
22
16
-22
-36
-28
-16
17
16
19
8
-28
-24
-18
13
34
-26
-29
-39
-33
53
58
65
-2
-60
-11
6
57
0
-75
-18
-49
-39
20
-18
-27
-46
-47
-12
-43
9
7
-40
36
33
27
35
18
36
9
-46
-37
25
81
87
10
10
37
-2
17
-7
-17
-11
-13
15
-6
19
33
-29
-14
-5
-20
41
69
34
18
6
11
24
17
2
-52
-36
1
-3
40
-2
-43
-43
-44
7
-59
-73
-1
-14
25
5
-55
-25
-24
21
68
27
9
-4
-4
16
3
8
4
-24
-6
2
-5
-6
-23
19
44
-6
-2
0
21
61
34
7
-45
-67
-13
29
66
43
-6
13
-18
-52
8
25
9
-9
-46
-34
-6
12
2
-13
9
17
13
15
-8
-18
40
26
-7
-4
-39
-29
-20
-9
7
9
28
16
-33
-35
13
26
50
18
-28
8
3
-21
1
39
-8
-15
10
-16
33
24
4
40
22
2
-40
-52
28
40
15
21
-17
15
18
-15
10
-20
2
36
51
67
45
41
4
-22
1
8
3
-2
-18
-20
-3
3
16
-11
-21
-22
-38
-28
16
58
5
-20
-17
-63
-46
-26
-9
36
-10
-69
-44
9
73
64
-9
-2
16
-2
-16
-38
10
44
15
29
5
-33
-5
1
-4
-11
-1
15
5
20
-15
-52
-10
-2
1
37
16
6
14
-25
19
20
-13
26
-26
0
21
4
45
-22
-51
-31
-23
0
-7
-2
-1
34
37
13
15
-39
-27
-34
12
58
-22
49
22
-13
93
43
30
4
-12
54
32
27
11
16
-4
-64
-11
-3
8
6
-15
17
-10
-6
-22
-49
-15
-19
4
-24
-80
-64
-39
65
88
10
1
-39
-4
15
-10
16
-30
37
70
19
71
-1
-26
-25
-70
33
31
30
36
-73
-52
-36
-40
-3
-23
-36
3
12
12
35
7
17
-5
-21
9
-6
21
9
-3
2
-4
59
75
11
-21
-38
-23
46
33
36
26
-28
-21
-10
27
-11
-44
8
-2
10
60
55
8
-28
-45
-16
35
56
55
-21
-44
12
11
43
-7
-84
-7
19
39
66
-9
-54
-63
-25
10
0
27
11
2
21
19
34
42
9
-46
-51
-34
-11
30
27
-8
-11
1
-18
-11
-12
-3
-1
-14
28
23
10
-42
-53
15
-17
-41
-17
32
67
46
17
16
0
-33
0
21
9
14
11
-1
14
17
23
29
-12
-4
1
-29
-45
-8
50
9
14
36
25
32
20
19
-15
11
50
12
24
21
-20
-19
-18
-11
29
21
-13
-13
-10
14
11
-19
-2
-6
-9
-29
-25
4
-31
-39
-24
41
76
36
3
-46
-25
-6
-1
5
-1
-23
-58
11
53
22
-11
-45
-45
-43
-17
-23
-50
-12
-13
26
38
-22
-10
-29
-7
23
-13
34
32
-30
-23
-23
-15
-3
2
29
10
15
14
-7
6
5
53
36
22
-2
-26
52
49
40
-1
-46
-48
-46
41
54
26
23
-10
-18
0
26
38
16
-18
-23
8
55
30
-5
-13
-25
1
22
33
-14
-42
-18
-13
4
7
10
-18
-22
8
-6
6
27
-9
-48
-37
-23
-1
22
15
-30
-33
24
30
83
86
-8
-50
-70
-11
22
26
65
-14
-70
-33
-39
-19
32
20
0
-26
-44
-16
-4
14
-8
-49
-17
-39
-18
26
-13
36
31
21
47
-50
-40
37
8
11
31
27
15
29
30
-7
7
-3
-29
5
15
6
18
46
7
-44
6
6
-6
45
26
10
-8
-15
17
8
51
58
1
6
-11
-20
4
37
71
3
-81
-38
29
-1
-27
-24
-53
16
62
32
17
-36
-33
-27
19
66
10
-16
-22
-52
-29
40
36
57
51
-22
-56
-74
40
67
-27
-26
-41
-27
25
-13
-49
7
8
-12
-1
-16
16
16
7
34
-18
-10
45
17
9
0
-51
-65
0
24
34
67
39
3
-19
3
30
35
32
-14
-24
-17
-24
-21
-22
-10
17
58
54
1
-18
-21
6
2
43
63
-6
-41
-61
2
6
13
46
-19
-5
24
46
22
-35
-70
-53
-7
17
49
-35
-69
-61
-69
2
42
45
16
-2
-33
-41
3
-10
4
43
39
16
-22
1
22
1
-3
-35
-2
31
-19
13
32
-20
-56
-82
-28
65
75
35
-19
-26
38
35
-39
-48
-16
10
27
7
1
12
-22
-33
-11
-16
11
38
27
13
-31
-29
44
60
33
4
-15
32
62
28
14
-14
-43
-2
33
36
46
-1
-67
-58
-13
24
20
-35
-38
8
32
56
33
-49
-73
-17
8
-16
6
67
52
6
2
9
48
66
25
-16
-28
-27
-13
7
39
33
-16
6
5
13
22
-14
1
-9
-11
-6
33
80
9
-48
-49
-4
32
26
13
-32
-23
22
22
7
-14
-43
-2
32
-8
1
36
32
5
-43
-47
-19
-4
8
-4
-31
-24
-6
-6
-14
-19
-7
1
0
13
19
65
34
-35
-35
-52
-17
3
15
7
-40
-15
26
50
17
-22
-31
-22
-4
21
36
37
22
-62
-75
-22
56
61
0
-18
-111
-52
31
21
51
-17
-56
-38
-10
44
49
46
34
-41
-31
47
53
66
16
-26
16
27
50
17
-58
-68
-35
16
32
7
-12
12
23
6
22
-7
-24
-4
-1
17
13
44
54
20
2
-11
32
20
-26
-22
-33
-11
28
71
72
-14
-51
-56
-36
32
31
11
-19
-46
1
31
75
40
-61
-68
-48
6
59
14
-37
-16
1
-42
-38
2
-10
-4
18
-21
-32
10
-10
-36
-11
18
45
-7
-26
3
14
44
-7
-32
-6
-12
1
8
19
17
17
18
14
6
-13
-5
-8
7
32
20
28
31
8
-33
-41
9
12
7
-3
-49
-31
16
22
32
14
-26
6
35
23
-45
-72
7
30
71
41
-29
35
26
4
-7
-42
7
14
-8
-24
-46
-12
-7
0
34
31
6
6
29
-2
-11
14
-6
-5
-10
-52
-30
27
55
32
-19
4
-1
7
8
-11
41
5
-7
15
-5
14
5
19
40
15
-34
-56
-47
0
38
22
-21
-59
10
41
30
27
-19
-21
-2
18
13
10
25
14
-38
-71
-42
-22
50
42
-12
-29
-51
12
39
7
-7
-7
-11
11
27
8
-5
-16
30
14
25
51
21
7
-42
-2
28
44
53
-8
-10
-29
-13
16
18
27
-37
-64
-9
43
47
34
31
-35
-58
-11
19
44
15
-31
-53
-40
6
6
-5
-9
3
31
19
2
1
-10
7
6
-43
-45
-29
-22
11
4
-10
-2
-10
0
13
17
-8
-18
32
45
0
-10
23
7
28
43
20
18
-25
-38
-32
-39
-26
5
46
22
15
16
-15
-7
-2
14
35
1
-4
22
-8
-15
25
16
38
55
10
-9
-54
-37
1
-4
22
-3
-24
-18
-34
-14
14
0
8
41
9
-4
22
22
16
12
-18
-8
43
23
-21
-44
7
42
9
2
-67
-63
4
-9
25
25
-17
-5
-43
-78
-70
-6
80
33
2
15
-26
-14
3
1
20
27
20
-18
12
56
13
-34
-57
-24
-15
0
53
-10
-6
35
-7
-3
34
50
1
-39
-63
-53
34
77
52
20
-6
-23
-9
9
12
20
26
28
22
8
6
27
28
-6
-16
-21
-40
-23
31
49
0
16
26
-17
22
3
-17
15
-5
25
28
9
16
-11
-12
2
48
87
26
-26
-54
-33
-2
-40
4
27
-16
-12
5
34
7
-21
-42
-62
-3
18
28
6
-61
-42
-13
23
43
13
-3
-16
25
47
18
43
-6
-51
-34
-43
32
73
21
-28
-50
-3
11
7
15
-5
-7
-38
-46
7
23
14
-15
-46
-35
22
63
39
26
-18
-50
-6
9
34
-17
-76
-24
-14
41
54
0
-24
-57
-28
9
27
33
16
2
-5
3
6
31
13
4
40
21
46
36
-33
-51
-46
8
34
49
40
-37
-58
-36
-6
6
42
52
30
29
-15
-26
-37
-17
40
17
-13
-22
-15
5
34
80
63
30
-3
-28
-9
-4
2
12
38
16
-12
2
-34
-21
3
21
42
31
22
-89
-123
5
53
80
45
-61
-82
-77
-33
17
16
33
12
-22
-3
-17
-25
-27
-33
0
-9
13
38
-1
0
2
6
-4
-10
13
37
34
-32
-45
13
24
-2
-35
-33
-1
32
50
53
28
-36
-52
-2
9
40
50
-4
-1
-7
-5
0
-17
24
35
34
38
30
32
11
-41
-26
10
-17
-23
-65
-54
-11
-26
35
60
25
-18
-32
12
16
19
12
-36
-47
-25
8
41
15
11
23
-34
-33
16
31
27
29
20
-7
3
5
-22
-19
22
42
15
-2
2
12
27
13
-64
-49
18
3
1
6
-6
-50
-41
36
39
0
-33
-30
-32
11
63
5
-1
19
-5
17
27
21
-5
-11
6
18
41
-4
-29
-10
11
20
8
23
-2
-3
12
-11
-13
-20
-20
43
57
-8
-6
7
7
2
-3
-16
-49
24
54
-5
-14
-34
-26
11
40
55
6
-33
-8
-1
16
15
-6
5
-23
-19
21
15
7
16
30
6
-35
-19
11
11
30
-36
-69
50
19
19
42
-49
-24
-7
6
42
13
-5
-22
-45
5
2
13
90
20
5
15
-20
7
9
26
1
-8
-28
-59
-36
-25
15
9
-18
13
25
-11
-23
-18
-48
-1
54
16
-26
-11
-21
-16
24
15
-1
23
39
-18
-25
-5
-30
10
28
19
5
24
6
-43
-3
-1
21
57
17
-33
-36
-58
-57
-4
-19
36
74
41
4
-86
-69
-20
21
49
-4
-13
-5
10
34
-7
-24
-49
-37
60
39
6
23
-18
-29
-9
28
25
21
17
-43
1
69
36
3
-7
-45
-44
17
49
66
88
89
3
-33
-5
12
52
8
-6
-16
-21
33
-2
-35
-40
-33
16
67
24
-19
-5
-44
-45
16
42
-3
-34
-27
27
62
22
23
-28
-56
-54
-45
20
37
55
33
1
-1
-35
1
34
-18
-11
-3
-49
14
8
-35
-23
-41
-7
-11
23
59
2
-9
-26
-38
8
25
8
16
-19
-43
28
4
-34
-17
-20
28
16
-6
5
-19
-4
-17
0
34
34
40
-24
-48
-22
-4
19
31
29
-50
-65
-4
35
86
44
-9
-21
-25
24
26
26
16
2
31
59
55
32
2
-20
-32
-37
-5
-12
13
23
-35
-20
-17
7
5
-26
19
7
-13
-5
-34
-39
-15
-43
-54
10
26
51
40
-21
-10
-30
43
106
12
8
-28
-64
-7
8
26
37
18
0
-3
8
29
-19
-33
9
-31
4
45
-25
-8
42
2
-28
-16
24
24
-34
13
57
67
60
-7
-16
-45
-43
-4
6
44
30
20
32
-17
-14
18
-11
6
24
41
44
-19
9
12
-35
-23
-36
-24
21
54
28
-20
-42
-32
8
25
-5
-41
-47
-49
-7
36
56
59
-6
-24
-47
-48
14
4
18
26
5
40
-2
-37
21
13
13
27
-33
-13
36
17
2
-32
-26
6
0
5
-4
18
28
31
38
-32
-51
-23
12
50
32
14
-8
-7
55
45
-2
25
-7
-54
-24
-7
33
57
5
-25
-33
-11
34
13
-8
-13
-49
-29
-7
-31
-17
-22
-69
-49
12
5
-25
-12
11
-9
-18
21
-13
-78
-79
-29
-18
-6
44
-5
-49
-67
-75
-20
-8
14
27
-1
-7
-53
-63
-22
-63
-36
-15
-91
-32
9
-5
-2
-41
30
114
69
-44
-112
-60
11
23
28
-20
-122
-105
-59
-69
16
5
-164
-54
300
404
248
6
-214
-70
288
259
-410
-1107
148
3402
5045
3186
-928
-4839
-4728
-202
4296
5130
1702
-2788
-4311
-2676
490
2851
2454
510
-1151
-1399
-273
-122
-1219
-1424
-394
911
1137
-249
-1933
-2622
-1464
1021
2187
872
-1248
-2450
-1971
-4
1852
1846
236
-900
-423
569
1106
1237
810
266
150
-37
-308
-387
-150
560
755
-62
-996
-1319
-634
119
43
-104
-473
-964
-591
-104
-84
-254
-386
-36
63
-229
-29
115
229
676
703
511
365
153
261
442
487
412
127
113
265
192
165
73
-120
-125
-161
-322
-390
-383
-239
-34
-16
-135
-386
-542
-357
-73
237
351
152
16
-64
-43
163
237
200
161
124
191
203
229
278
116
20
-38
-149
-92
-50
7
74
-32
-126
-171
-140
-10
23
17
-41
-124
-92
-70
36
164
90
5
-59
-86
15
123
178
117
33
18
32
99
89
-3
-31
-3
39
65
71
-12
-58
2
-36
-111
-107
-101
-45
35
-3
-49
-72
-82
-14
33
58
104
114
72
39
-17
-21
61
76
91
54
-12
6
41
65
-12
-54
3
20
-8
-43
-55
-90
-152
-101
43
104
108
69
-34
-95
-98
-63
-1
31
34
41
57
42
-25
-31
22
7
1
52
52
28
40
54
45
-19
-73
-14
32
-22
-18
24
-4
-5
1
-79
-123
-119
-108
-4
59
-7
-18
-1
-31
9
27
-42
-28
49
90
79
-12
-97
-71
-22
59
184
120
-6
-64
-82
31
94
111
91
-38
-60
13
70
83
-17
-98
-119
-107
28
55
-61
-104
-130
-86
-15
-25
-24
-13
-16
1
45
1
-97
-88
-1
110
182
187
80
-59
-32
30
92
164
112
-29
-121
-56
-28
-3
74
56
7
-53
-42
-9
-43
-36
-40
-55
-18
3
7
-10
-88
-93
-39
-36
38
114
40
-23
5
21
42
68
19
-25
22
63
72
76
9
-70
-22
85
129
113
68
-26
-113
-95
-10
46
85
100
23
-55
-66
-57
-34
0
-23
-67
-20
-12
-12
16
-6
-41
-80
-25
6
18
65
15
-6
-1
-10
4
43
49
31
61
60
-23
-90
-74
-64
3
129
186
92
-69
-88
-105
-61
106
94
28
-5
-113
-121
-46
23
117
109
46
3
-78
-88
-50
-20
27
0
1
12
-18
26
-18
-70
15
37
11
20
-21
-43
29
57
47
3
-66
-40
-9
11
27
-22
5
63
47
44
30
0
-45
-80
-5
35
12
55
-10
-102
-26
15
-1
-4
-41
-66
-40
3
39
66
51
20
-37
-28
47
3
15
48
10
26
39
48
19
-8
10
22
42
-4
-49
-45
2
136
154
75
-18
-141
-121
-5
76
60
-8
-48
-111
-83
-28
-12
40
15
0
-31
-70
-31
5
-2
-40
1
1
-62
-39
33
54
57
67
-20
-34
-15
-39
8
0
10
53
20
12
6
-24
-6
-22
6
50
-17
-7
15
-3
14
-17
-40
-28
2
24
29
20
2
9
-1
-13
-8
-16
-21
-12
22
48
36
-2
-24
7
37
22
1
-7
-18
-2
-3
-30
5
33
87
66
-50
-59
-97
-75
45
91
73
44
6
-65
-30
35
44
65
15
-50
-39
-12
10
43
30
-24
-60
-59
-37
-41
-6
40
24
30
49
35
24
-6
-10
36
45
47
37
-26
-46
-19
-16
-32
-38
-14
11
24
53
57
2
-79
-125
-88
-35
9
40
9
-31
-51
-69
-33
19
42
72
65
11
-71
-99
-30
17
50
143
115
-23
-17
24
23
2
0
27
21
34
-5
-51
-59
-3
107
113
66
-47
-126
-62
-21
-7
5
-51
-83
-48
-13
32
26
-31
-21
7
18
39
36
12
5
13
49
48
-7
7
41
19
8
-30
-76
-38
33
108
116
3
-46
-36
-53
-21
21
24
21
19
10
17
6
-14
-10
-15
29
23
-18
-6
-40
-39
-11
22
85
37
-9
-34
-66
-23
-6
-16
-7
15
24
49
56
9
-7
-44
-50
-4
18
-3
8
37
-27
-12
41
3
-4
0
-25
-43
-27
-18
-44
-61
-46
15
34
29
31
3
-31
-88
-59
-39
-63
30
78
65
28
0
12
5
15
12
29
52
40
32
-10
-23
-5
-10
29
50
20
5
-18
-38
4
40
48
45
-15
-45
-46
-49
-18
-27
-44
-18
37
77
33
-17
-39
-48
-1
53
55
41
23
-22
-22
2
11
50
26
10
44
40
-6
-36
-23
-35
7
35
24
13
-17
-11
-13
-17
-42
-35
15
0
2
23
11
-10
-3
-13
-44
1
17
-20
21
42
20
13
11
-2
-41
-20
43
11
6
41
-14
-21
19
16
24
0
8
18
-32
-5
14
-16
-6
9
21
-7
-35
-64
-55
6
41
73
19
-31
-18
-12
23
15
28
60
8
-21
-2
1
16
30
16
5
-11
-8
-11
-20
40
71
9
-32
-16
7
9
4
16
-6
-17
35
26
-9
-13
-20
-11
25
47
21
-15
-37
-29
25
60
30
-31
-36
-22
-17
47
40
-1
10
3
-5
-38
8
28
-72
-42
-1
-28
30
58
20
-16
-36
-30
-51
-28
39
16
-11
5
-21
-46
-11
24
14
27
14
-17
-12
-7
-15
-1
34
25
16
-14
-45
-18
2
21
27
19
16
23
-13
-31
-9
-16
37
47
6
-18
-39
-22
-16
12
26
-15
-9
15
19
39
10
-54
-41
-17
-5
36
35
2
-32
-16
13
-9
20
32
1
-3
2
17
-1
12
9
-7
25
17
0
12
23
3
4
0
-13
3
-31
-27
-10
-30
8
15
8
25
4
-16
-1
27
25
0
-16
-11
31
24
5
29
19
-8
-23
-29
-13
19
50
13
-14
-19
-71
-67
-10
-10
7
35
-8
-22
-35
-29
9
-5
29
29
2
11
-20
-7
-11
-21
17
6
11
13
4
25
16
26
40
17
-8
-24
-25
-27
-24
-11
3
13
18
30
18
2
-2
-14
-5
8
-1
-17
-26
8
13
7
32
13
3
0
-21
-16
-1
12
25
31
-1
-34
-6
0
14
32
-10
-1
-13
21
15
44
43
1
14
-2
-11
-4
33
21
19
15
-15
-13
-6
-16
1
0
11
15
9
-6
-14
-29
-29
5
34
20
-15
-18
-41
-17
53
32
28
26
2
4
5
7
-3
13
-2
-28
8
-6
3
7
-20
12
8
8
30
-4
-28
-11
-17
-27
-7
0
19
20
3
-10
-6
-19
-23
-2
-16
12
23
15
26
-19
-15
-5
-6
37
23
7
-33
-69
-5
21
23
38
0
-26
-7
3
16
12
-19
-15
-32
2
26
-18
19
11
-4
8
-20
-6
2
-6
14
11
4
1
-12
8
1
-20
6
12
-11
-19
-3
-11
-27
7
30
12
-14
-32
-15
32
26
-9
9
-8
-17
12
14
18
8
16
11
-33
-11
25
40
23
10
20
-43
-42
-19
-50
0
42
14
-6
6
-3
-34
-1
8
-14
1
4
-7
-19
27
48
2
17
-6
-41
-10
15
20
-1
24
18
-27
14
-7
6
68
4
-12
-22
-34
-28
-13
16
11
-15
3
3
0
9
26
21
-1
3
-13
-3
27
9
8
5
0
8
6
9
-5
-13
-1
-15
-3
31
6
-13
-7
-7
8
5
-5
13
24
14
35
55
28
0
-1
6
-19
14
49
-1
3
0
-27
-5
-14
-10
-4
-9
8
4
22
22
-14
-11
-22
-4
13
9
12
-33
20
21
-26
8
11
-4
11
-9
-21
-4
5
15
16
12
-1
-6
-18
-33
13
-3
5
29
5
-16
-28
-23
-6
-6
8
-14
-3
12
-8
21
6
-8
9
-32
-22
-8
-9
41
25
16
23
-13
0
-10
-9
10
7
6
-17
-16
-9
-3
-9
-15
-2
-8
-10
15
13
-14
11
0
2
25
9
18
-12
4
14
1
26
0
-17
-23
-4
15
24
42
0
-26
-13
-25
-30
18
32
15
12
-20
-40
-17
-1
-3
11
24
8
-12
-1
8
-19
-22
25
43
8
-22
-19
-5
4
22
20
-17
-15
-6
-18
10
34
22
18
15
-15
-28
-6
14
32
16
1
12
-3
9
-13
-35
21
-55
17
67
62
77
-26
-25
-103
-64
-62
47
12
54
-8
-33
74
25
86
40
15
-22
-9
4
4
24
43
40
7
18
3
5
11
10
-29
-11
-6
-7
9
-6
0
-3
0
-5
-3
-11
-31
6
-46
-9
7
-16
25
-50
-56
-22
-33
13
17
-20
47
-40
-6
-8
-36
21
17
-27
14
-5
-2
12
-31
-1
19
19
38
-5
16
5
-31
0
3
1
-12
-12
16
8
25
19
-5
8
10
20
11
8
15
-15
8
33
-2
21
11
-21
14
-9
-10
-2
-16
-6
-41
-13
13
-16
1
4
-22
12
41
10
7
2
-2
4
30
18
-11
11
-29
-22
23
1
7
0
-3
10
-20
-9
27
12
30
1
-29
7
-17
11
7
-14
18
-9
-9
-13
-11
14
9
19
-3
28
35
18
4
-15
31
5
-8
13
-4
23
21
-16
-12
-13
10
10
18
23
1
-5
-35
-21
16
-14
23
1
2
20
-15
-21
-17
6
24
10
12
5
-16
3
-4
-29
2
9
-12
-13
-1
-20
-4
-8
-10
-12
-10
6
3
10
9
-1
-13
-11
-5
-6
-6
9
19
18
-20
-31
-16
-30
7
14
6
35
6
9
5
-3
14
-11
-19
-14
-5
6
10
28
35
15
5
-12
-1
0
38
22
-1
10
1
2
-8
10
3
-11
-27
6
25
-12
11
-5
-19
-5
-8
-3
-23
-19
-4
-4
14
24
8
-16
10
-2
-20
25
2
9
16
-7
6
2
-11
-4
-13
10
17
0
24
6
24
26
3
4
-28
-25
27
24
19
4
-10
-12
-4
11
-7
-18
4
-12
-8
16
-19
10
16
17
26
-2
12
-2
-12
14
4
-11
18
20
0
-18
-2
1
7
34
7
-26
-6
-10
-21
24
17
0
-4
-16
3
-4
-13
18
2
-11
44
12
1
11
6
-24
-25
13
-8
-8
5
-6
18
19
12
4
5
11
-27
-13
6
-26
7
18
-13
13
21
