5
1
1
1
2
5
5
9
2
-3
7
5
0
2
2
7
9
6
2
2
3
4
5
5
2
-4
-1
1
1
1
-3
-1
6
2
2
3
2
2
4
1
3
2
5
6
7
7
4
2
3
4
5
2
1
2
3
3
3
3
3
2
2
2
2
0
2
4
5
2
1
1
1
2
3
5
5
2
-2
-1
1
4
3
2
0
1
0
-1
-1
2
2
0
-2
-3
0
2
1
1
0
0
0
-1
0
2
4
5
3
2
0
-2
-1
-1
-1
0
1
0
-2
-3
0
2
1
1
0
2
3
-2
-4
-4
-3
-1
0
0
1
-1
3
7
-1
-1
4
0
0
5
0
-1
3
2
3
0
-1
-1
-2
-2
-2
-1
1
0
1
1
-1
-2
-1
1
4
5
-2
-2
-1
1
5
6
2
2
0
-2
-2
1
2
1
0
1
0
0
1
2
0
4
1
-3
4
5
1
3
0
-1
3
0
-1
3
2
2
8
5
0
1
6
9
8
5
4
7
5
6
11
6
-18
-27
3
31
19
-20
-10
24
25
28
2
-2
3
-4
1
-24
7
48
62
18
-104
-63
52
320
410
-141
-444
-235
150
303
-77
-301
-157
137
195
-2
-100
-72
49
67
-18
-84
-41
37
49
10
-59
-10
-15
19
78
-61
-68
-128
73
539
221
-353
-443
-7
458
235
-260
-344
18
235
131
-116
-168
52
153
78
-144
-134
50
126
74
-98
-83
38
73
1
-48
-13
4
25
19
4
-14
-32
4
60
42
-35
-54
0
50
30
-9
7
-2
-35
-40
-25
26
21
-34
-40
24
45
34
-23
-77
7
41
6
-10
-45
10
40
21
-1
-44
30
30
20
-58
-11
33
32
-2
-11
41
25
-59
-63
10
53
37
-43
-92
8
96
44
-60
-70
30
75
3
-51
-3
35
2
-30
-12
62
43
-48
-47
17
80
2
-81
8
60
39
-35
-51
16
17
-5
13
-14
-4
23
-12
-33
-16
45
35
-1
-82
11
55
59
-45
-65
-26
47
93
-24
-61
-44
39
76
19
-73
-6
38
24
-10
-11
57
-23
-48
-29
50
62
-43
-66
-20
91
57
-88
-105
107
119
12
-118
-154
151
136
-26
-90
-49
44
74
-11
-35
-34
20
84
7
-89
-59
110
-21
-13
30
-54
90
-118
-27
113
35
46
-237
2
230
-14
-84
-131
137
99
-69
-212
74
178
-9
-44
-140
105
88
-40
-91
49
19
35
8
-92
43
-17
66
12
-42
-23
-55
50
111
-70
-16
-45
71
144
-136
-55
10
138
-58
-63
95
-11
41
-87
38
40
45
-117
-8
124
-37
-62
1
54
20
6
-109
52
141
-57
-52
-142
105
190
-75
-56
-141
119
90
63
-66
-178
82
85
57
-115
-50
70
64
-52
-61
13
47
100
-76
-135
109
75
-46
-105
14
186
-1
-176
-117
142
192
-71
-82
-184
101
259
-2
-275
3
52
128
55
-256
105
46
-29
63
-88
-8
17
75
-21
-34
-13
-43
4
83
33
-103
7
8
29
99
-79
-178
133
146
-192
20
-17
35
297
-276
-172
206
74
85
-250
-36
195
84
-146
-177
260
-26
-149
157
15
-47
-170
53
308
-126
-190
-41
216
-174
282
-203
-75
73
-158
441
-129
-303
10
181
26
71
-273
124
275
-134
-6
-68
-48
291
-35
-449
61
360
47
-209
-243
200
221
-169
-12
-77
63
225
-301
-46
108
309
3
-300
-391
366
445
-39
-559
79
313
-257
450
-380
-50
143
-80
320
-141
-214
43
228
-41
-253
100
220
-17
-177
-227
500
-101
-228
208
26
-7
-360
469
-548
549
331
-836
165
-140
678
-175
-161
-322
-251
1119
-140
-960
367
375
-8
4
-621
300
220
418
-530
-643
844
-147
399
-472
-313
497
80
-70
-682
704
377
-748
39
91
-34
721
-649
-308
284
32
674
-730
-324
183
505
23
90
-831
-368
1494
-337
-381
-92
-72
131
187
374
-991
507
245
-235
25
-445
652
120
-95
-608
-52
800
-228
-447
396
253
-743
-19
680
74
-278
-486
119
628
88
-704
-137
756
-240
54
-148
-448
541
119
278
-560
-658
970
144
-227
-286
153
94
89
-111
-522
605
278
-364
237
-856
191
1083
-270
-662
-254
499
547
-38
-673
-712
1213
510
-1079
42
486
-249
-82
193
-87
39
-306
443
174
-188
-1124
978
1002
-1019
-714
512
749
-214
-812
424
185
-314
713
-727
-48
-39
662
188
-1277
630
295
27
-169
-525
354
666
-170
-723
-89
399
755
-445
-460
-102
391
43
-116
416
-406
103
-484
338
66
289
627
-1461
-379
951
866
55
-1813
107
370
1285
653
-2661
171
554
921
1187
-2315
-584
567
1199
789
-1941
228
-172
273
1258
-1350
769
-828
-599
1877
-1162
891
-449
-1805
2690
-1613
503
1349
-2181
78
770
891
-953
-366
663
-153
-750
687
542
-746
577
-175
-1452
704
1735
-563
-1250
511
-534
554
1232
-1275
-570
9
1031
1412
-2419
-894
1281
881
1325
-2141
-1768
693
2726
927
-2296
-2578
1011
2617
1524
-1851
-3680
1367
3394
-1064
-50
-2164
841
1155
-377
148
45
-1713
2296
-856
-1190
2696
-2130
954
-1405
1283
923
-2310
1139
970
-860
-1058
561
1314
-459
-666
-543
768
-608
1988
-912
-1680
1067
-192
1808
-1668
290
-1090
211
2197
-588
-1129
-521
1064
-257
162
458
-544
-524
512
925
-586
-2390
2323
1105
-284
-2116
139
429
927
1909
-2863
-1025
56
2660
1331
-2923
-1668
1390
2161
-731
-1621
814
97
194
256
-997
1507
-1931
-439
3562
-1860
-1119
1478
-2079
1451
2483
-2948
-1477
3291
-1962
1208
78
-1423
1571
-2237
1883
351
-540
-573
-231
1151
-550
-430
452
-8
535
-132
-1903
685
2046
-147
-1450
-1327
405
3623
-1046
-2496
-2
436
2557
-2460
1191
-46
-1645
1399
-1251
2169
-686
-931
414
-551
751
-180
1118
-1818
77
1139
12
-313
-1196
474
1436
176
-1865
1017
-1720
1318
1245
-953
668
-1764
-592
2320
165
4
-1884
488
1396
-2879
3415
-1864
-717
2724
-2726
1121
-153
-803
3292
-1305
-4207
1761
2619
1048
-1095
-5288
2690
4278
-1570
-2663
1565
-2505
2823
1864
-1903
-1119
-2365
4222
-243
-361
-319
-291
-2576
2893
1918
-906
-2820
-1952
6123
-1196
-1327
-2352
2603
-466
-453
2361
-1231
-1535
506
106
1848
-1944
-1489
4106
-1972
-557
-617
2082
-204
-1790
90
652
1597
643
-3880
-314
4604
-2179
170
-2824
3679
965
-3724
650
125
2634
-1482
-976
-315
261
1431
566
-491
-2921
2012
550
310
-1395
820
297
-884
-745
1740
851
-2012
1386
-2395
2049
114
-2005
4358
-4376
820
1259
-388
405
-3658
4872
431
-4580
1512
868
796
1237
-6187
5207
541
-4153
5571
-3995
-677
1800
352
306
-180
-2632
2175
1247
-2748
843
1196
1690
-5648
1224
4459
-162
-2972
-876
910
346
2738
-2297
-1291
10
1972
347
-2029
-1530
2682
2848
-3133
-668
-3510
4088
5362
-4999
-2742
145
2691
1495
547
-6369
3548
3084
-3373
1045
-2339
1767
2260
-2263
1465
-3991
1771
3298
-1502
-916
-2544
3704
-411
-811
-164
2082
-3395
-127
2717
1545
-2656
-1809
559
996
6573
-7974
-3203
5120
3371
-695
-5732
1465
-593
5104
788
-7570
750
4440
1928
-3886
-1303
-1229
5117
1129
-3670
441
-2988
3704
2291
-3269
-2226
3274
-3710
4170
3329
-5272
-3449
3322
4847
-2926
-3076
787
2072
91
369
-6223
5066
5146
-5212
-2890
-408
5091
2547
-4932
-2057
1070
759
2236
1571
-3603
-3482
1954
6732
-2221
-3431
-627
-44
3403
-3644
2960
2314
-6155
113
5183
-3697
1058
3459
-4819
438
-148
2946
-1562
-2341
4424
-1318
-768
-4413
4240
2629
-1326
50
-3251
-2086
3618
4550
-1083
-6182
-1378
7184
-2447
-443
510
-877
-53
-728
2582
229
-2226
-1302
1329
3492
-3249
-428
1295
-2032
2546
-287
-837
1316
-4994
5196
364
-178
-3226
910
2670
-4548
3694
1733
-1713
-2196
-502
-629
5501
1305
-3666
-4372
-83
5582
1730
-1313
-4572
-1994
4129
4692
-2887
-2486
-3049
6132
-1168
-1503
-605
-235
4538
-4500
3646
-5137
1442
1358
3044
-1582
-1991
-795
-3638
6648
3383
-2438
-6526
-1986
4859
7933
-3308
-3944
-9915
7326
12153
-8257
1437
-9213
4624
5237
-3612
1261
3691
-5030
-5326
6398
-1969
9420
-4084
-11507
907
8119
6325
-4250
-5949
-5101
5580
5972
4030
-8703
-5997
3260
3401
5483
-1123
-7133
-2892
-699
10744
5066
-8625
-9417
1895
11548
2054
-7008
-5102
1016
7960
394
-7919
-133
6883
-1411
-1810
362
-4810
5242
3013
-4314
-1641
1779
2934
-3581
-4061
3705
9258
-3869
-9710
-5367
13221
7646
-4175
-11263
-4229
10425
5150
-129
-7985
-2815
2868
4871
-251
-4578
839
3940
-878
-4956
-5102
11954
9228
-10084
-11629
-1777
9534
12649
-2538
-14307
-1982
4892
7316
-3077
-5511
3536
8957
-8125
-6243
-1987
4170
21515
-6979
-21859
-5653
15883
17220
-4424
-17588
-8645
6105
19374
5252
-16398
-13012
1196
19038
10628
-14802
-16977
1822
20549
4138
-10999
-5778
-3562
6090
9329
-1581
-6663
-3694
1150
3941
325
2182
-1144
-4498
270
973
5706
-1556
-2470
-2938
-1551
8279
-2579
5117
-5729
-14827
10133
13795
5200
-14642
-19746
5681
25989
8426
-15624
-23436
2524
19392
13974
-9966
-22054
3505
14821
6102
-10753
-8528
5346
10416
-1346
-12719
942
4535
7043
-4889
-3158
1711
-3843
5637
-3159
664
5299
-534
-6962
-7712
7000
12653
-2038
-9027
-7130
4929
8454
452
-5954
-850
883
55
3232
-472
-2652
-1917
2478
2458
535
-136
-4581
-1091
2115
5778
4350
-5864
-7997
-772
7408
7753
202
-10660
-5551
7531
2639
2472
-391
-2025
536
-9376
2864
9841
3368
-2078
-13846
-1379
7426
7708
7683
-15616
-8196
8626
6252
-150
-6826
-262
-1367
6997
1071
-2068
-7133
-1943
8076
1655
261
-4330
-3719
3841
-5723
2026
6269
3128
-7247
-7707
1724
4088
10802
-3830
-12799
-3487
2990
16799
3417
-18077
-8325
6476
12000
1626
-9360
-7148
-2497
11457
8651
-10599
-8656
-791
8123
7978
-1747
-9069
-6005
3924
6852
4364
-4543
-1318
-3289
-178
2321
5600
1570
-2071
-6040
831
6191
5567
-58
-6679
-4632
2898
8638
6853
-6958
-8088
3501
5669
3870
-9
-6695
-781
6573
3855
-1003
-4836
-1964
4078
2591
1144
521
-3092
-3558
1360
4465
1165
-719
-1892
-4022
-276
6172
2881
-3299
-6827
-4919
9381
6009
-5331
-5687
-2995
2656
3742
1383
-6404
-3194
7707
-4210
-5480
-2865
427
11803
-5679
-7790
-5688
3355
8132
-449
-6376
-6905
-1304
16952
2084
-15403
-10619
2258
16872
4769
-8688
-9482
-4910
7001
4444
-222
-4549
-2315
359
-1420
5662
2132
-2946
-3522
-4367
7199
4432
-1713
-1864
-3036
1981
3486
6718
2082
-4376
-5037
3193
7734
6056
-2447
-6858
-1967
6968
8644
1015
-6346
-3355
2297
6815
2929
-1758
-3043
-2127
1907
2546
145
-2469
903
2891
-2267
-3356
811
1331
1023
401
-3764
418
4564
-146
-2635
-2959
1788
3870
475
819
-2054
479
624
-735
-1131
3214
-648
4283
-3042
-3557
4085
-4393
4693
2464
-5326
-3365
36
1955
915
-3799
-2721
1488
-884
-2849
-3297
342
-1052
570
-970
-5291
482
-2120
-3429
1873
1821
-2859
-4671
-4260
3603
1629
-537
-2893
-9038
5077
2883
660
-3552
-8807
3424
8846
77
-6224
-3715
-1577
6755
7079
-953
-1843
-3657
-1102
5659
7500
1103
323
-1854
-404
2856
6837
3680
-425
-3379
185
5487
5881
1549
-3020
-3748
1682
5465
3890
-458
-4221
-3457
1654
3390
2341
-235
-3960
-2221
591
952
971
-983
-1621
-1120
-354
-1250
409
984
-311
1645
-1658
-500
1469
443
241
-2806
3404
6089
-1976
-2648
-746
-1310
4904
3479
445
-2832
-6608
5371
1689
101
201
-6115
1433
48
-1999
-3354
3809
-358
-8116
52
-5983
941
4520
-2367
-3643
-8202
-1074
4853
933
-4497
-6462
-2477
3086
2681
-2651
-6989
-2303
1528
-2142
3735
638
-7186
-1471
2646
3429
-414
-4187
-1910
3604
5206
-481
-1851
1434
1922
1517
1556
2248
5624
4616
-1248
-1641
1579
5167
5981
1014
-956
2121
2648
1157
227
493
2474
2720
725
-616
-1076
-360
1313
1715
286
-1123
-472
463
-622
-1806
-1598
-606
1231
1538
-1709
-3118
-1664
529
2902
1610
-1998
-2724
40
1156
1830
2120
-616
-937
-1358
-638
3022
3738
2639
-3320
-5656
456
3031
5394
1484
-7241
-5806
1241
5101
-24
-5048
-3602
-1065
76
-1375
-3930
-1821
-2158
-5476
1423
-433
-3759
-2714
-5500
1725
2103
-3481
-8667
-4880
5313
2579
-44
-6407
-10818
-1284
8295
8353
-543
-10634
-8217
2134
8743
11152
-990
-8568
-2758
3410
9461
4941
-1164
-1670
2570
6578
4347
2208
910
2517
3478
2753
2811
3070
2989
537
-847
763
3840
4501
1298
-2407
-3021
-78
2610
2576
239
-2061
-2438
-976
664
979
-108
-1689
-2172
-1186
-164
59
-249
-577
-745
-332
662
579
-175
-812
-1374
-62
3000
2929
-532
-2262
-1615
943
3350
3084
-327
-2573
-1628
-1
2675
1062
-719
-1402
-3304
-153
-962
-2409
-1173
-2189
-544
-4108
-3881
519
-2983
-1399
-3425
-4787
1859
-2719
-3573
-855
-4903
-522
-1034
-5479
692
-1857
-5413
1891
1484
-183
1
-4030
-458
3644
2159
2702
572
-1774
629
3028
4226
4172
2001
1746
3158
2282
2527
3523
4294
3240
1420
2266
2884
4081
1741
-84
1869
1900
2955
2134
-427
-1235
-459
975
778
-406
-354
52
-1472
-1733
-1066
-785
131
177
-946
-1915
-2177
-2070
1013
2665
296
-729
-2823
-2834
1245
3196
3113
-766
-3910
-900
1475
2441
1772
-468
96
256
-393
-271
213
1137
557
-1213
-2312
-1514
-1982
-1051
456
-1933
-2003
-3018
-3072
-1563
-3607
-2068
-1045
-3839
-3425
-1590
-1599
-3116
-4679
-1326
-545
-1504
-839
-5928
-4434
-189
3136
3945
-3542
-4774
-3020
2629
6562
1615
-501
-1959
884
4578
2913
3005
2690
2613
3970
3029
2466
2811
4065
4782
2751
2508
2988
3077
2583
1273
2410
2842
2364
1743
513
672
406
1093
1380
-460
-634
-340
466
-220
-1808
-1040
-966
46
282
-1038
-1918
-2421
-840
478
-47
-1211
-562
72
-343
-1550
-1682
1265
1358
265
-340
-1055
-524
34
1216
802
-102
-112
-419
-597
-1125
-588
455
351
-1266
-3120
-2822
-1725
-77
-847
-3223
-2819
-2343
-1150
-1850
-4695
-4772
-1521
924
-1987
-4372
-4463
-3530
-232
1004
-2700
-5020
-1627
1936
1602
-1817
-2366
-1332
353
4127
2751
386
662
591
1502
2748
3762
5208
5117
1840
78
1792
4721
6224
4250
2234
2432
2994
2674
1744
1579
3412
4112
1878
5
-421
516
1890
1561
-113
-367
230
-117
-661
-1785
-1505
-25
179
-464
-1990
-2631
-2239
-1559
573
1036
-863
-1219
-2230
-2776
61
1904
2121
26
-2255
-1735
-358
1605
1318
155
122
-20
76
-591
-994
-150
713
676
-848
-2721
-1913
-735
-708
-1601
-2680
-1598
-2275
-2744
-2486
-2873
-1973
-1824
-1803
-3598
-3425
-1116
-1752
-3319
-4630
-995
183
-3936
-2532
-1179
1191
3238
-1920
-4291
-2108
2297
5135
2563
-257
-872
1721
3706
3069
2958
3688
4693
3585
1254
1408
4225
6625
5195
2203
1251
2273
4498
4063
1962
1363
1407
3180
2670
223
-247
155
1277
1015
455
5
-969
-1348
-1330
-710
-458
-387
-1225
-2092
-2159
-2137
-857
309
-726
-1099
-336
-1784
-1832
-1284
-436
1961
1230
-650
-2399
-2016
506
2058
2159
36
-1215
-1245
-531
416
298
489
-68
-1412
-2004
-1722
-751
-704
-2038
-2415
-2125
-2333
-1670
-2658
-4506
-3000
-1929
-1654
-2218
-3692
-2599
-2142
-2443
-2029
-2420
-3863
-2995
17
1622
2666
-1544
-6169
-3225
2141
7175
5212
-2286
-3691
-393
4063
6601
4267
1637
1679
2521
2828
3784
4660
4540
3409
1600
2229
4454
4810
2760
805
1515
3087
3470
2620
337
-1165
27
1706
2117
896
-959
-1399
-816
-255
-213
-478
-222
-483
-1588
-2141
-1933
-855
140
-479
-1022
-794
-1083
-1647
-1802
-619
1470
1940
-332
-2620
-2374
278
2396
1728
-32
-1270
-672
48
43
87
358
825
-635
-1689
-2120
-1089
549
-683
-1689
-3374
-3174
-1098
-2034
-2677
-2845
-3035
-1964
-2342
-3140
-2844
-3327
-1945
-1131
-2529
-3046
-4562
-3109
1176
2203
452
-2384
-5088
-2909
3308
5435
3827
-586
-3546
-407
2820
5719
5753
2305
1558
1334
2287
4805
4999
4293
2378
1116
3066
4670
4676
2504
112
1026
3058
3921
2781
462
-749
-151
1489
1950
1431
250
-1529
-1473
-806
189
970
-239
-1241
-2034
-2043
-1011
-349
-516
-803
675
646
-1626
-3065
-2850
392
3458
2353
-1157
-3645
-2653
595
2269
1826
634
-969
-1396
-914
-895
758
1907
118
-1343
-2864
-2571
-195
-189
-651
-2336
-3291
-1651
-2030
-2930
-3158
-2439
-1586
-2275
-3101
-3639
-3269
-2388
-1989
-1827
-2827
-4294
-2640
-159
1368
1293
-2875
-5096
-2120
3403
5575
1261
-2145
-1820
2080
5465
3640
2010
1061
1860
4780
4759
3497
2070
2219
3824
4654
4479
2652
1911
1615
1851
3726
4189
2557
208
-822
487
2605
2776
943
-661
-1146
-210
611
318
-352
-988
-663
-418
-1035
-1472
-991
-512
-924
-1255
-1361
424
1269
-1034
-2418
-2727
-212
3001
1773
-648
-2369
-2116
819
2172
1580
688
-598
-778
-447
-454
1192
1858
-310
-1507
-2234
-1706
454
-120
-1613
-2633
-3343
-1649
-986
-2178
-2309
-3257
-3327
-2303
-3009
-2500
-2085
-3152
-3115
-2388
-2041
-2679
-3286
-2831
-787
1208
377
-2100
-3594
-2128
1628
3973
2887
28
-1453
160
2624
3137
3317
4058
3371
1787
1361
2384
4368
5574
4230
2038
1240
2286
3983
3840
2309
1871
1919
1802
1969
1269
901
1268
1112
913
459
139
219
37
-831
-745
119
628
543
-1724
-2464
-1105
191
1428
219
-1355
-1829
-1889
-842
419
839
380
-531
-1692
-1849
-272
1551
1558
-207
-1269
-1072
-533
228
259
-236
-143
-655
-1564
-1578
-1472
-404
33
-1942
-2692
-2889
-2343
-728
-2019
-2675
-2446
-3370
-2396
-2453
-3026
-2396
-2451
-1753
-1956
-3831
-4120
-1110
1336
1117
-663
-4411
-3610
1142
2941
2636
190
-1188
635
1507
1993
2930
3014
3541
2964
1460
2108
3154
4336
4913
2953
1958
2400
3189
3940
2541
1711
2401
2552
2136
1222
786
1340
1616
735
463
661
454
276
-440
-724
-243
500
426
-1014
-1604
-854
-429
-12
-384
-1221
-176
102
-188
-904
-2144
-514
1050
1042
-79
-1696
-1540
-179
1063
995
239
-456
-819
-850
-279
594
567
135
-1324
-2314
-1338
-714
-437
-501
-1983
-2761
-2346
-1994
-1686
-2381
-2671
-2216
-2697
-2922
-2684
-2474
-2073
-1981
-2636
-3137
-3538
-3043
-555
564
142
-1407
-3890
-2369
886
2264
2218
-99
-881
582
1450
2369
2620
2515
3066
2880
1746
1808
2809
3724
4424
3205
1929
2374
2869
3041
2406
1813
2505
2505
1814
1234
224
743
1765
1583
1097
132
-189
125
-161
-330
50
139
156
-476
-1823
-1343
-530
-20
430
-1056
-1437
-813
-330
700
-399
-899
-347
-701
190
186
-150
326
-486
-582
45
402
865
-58
-928
-315
-74
112
392
-745
-1486
-1294
-912
-418
-1335
-2024
-2280
-2107
-1705
-1984
-1531
-2254
-2922
-2946
-2795
-1906
-1970
-1943
-2485
-2907
-3308
-3387
-1063
362
1047
-445
-4281
-3908
-265
3223
3562
195
-2096
-1434
1682
3606
3245
2370
1141
2141
2925
2689
3214
2841
3473
3389
2758
3034
2847
2886
1587
1619
3022
3176
2721
898
-346
414
1960
2301
1421
240
-532
-6
170
-70
133
237
30
-674
-1382
-1394
-564
54
-30
-312
-796
-770
-1109
-1289
-567
120
959
50
-1436
-1801
-1012
771
1024
202
-633
-1002
-691
-524
-204
335
506
-364
-1713
-2170
-1404
-137
208
-778
-2296
-2837
-1983
-1404
-1548
-1983
-2150
-2412
-2384
-2624
-3024
-2027
-1926
-1873
-2435
-3089
-2895
-2703
-363
-187
-638
-1009
-2707
-1428
-431
1338
2409
-27
-81
801
1586
2404
1725
2313
3401
3379
2095
1176
2418
4104
4560
3278
2239
1992
2285
3189
2860
2161
2293
2172
1696
1106
533
1184
1979
1272
417
-10
-35
168
-19
-37
-238
-106
296
-412
-1049
-1212
-945
12
557
-152
-619
-1075
-1929
-829
361
1198
941
-1427
-2026
-1314
218
1873
856
-695
-1083
-902
-194
473
254
-82
-234
-1166
-1308
-1141
-792
-217
-1029
-1631
-1666
-2137
-1693
-1961
-2387
-1503
-1701
-2105
-3157
-3172
-2874
-1070
-1371
-2036
-2763
-3661
-2632
-1877
94
80
21
-1623
-3886
-1647
1163
2580
1535
-306
-845
1251
1859
1897
2133
2647
3197
2843
1278
1427
3210
3880
4069
2843
1958
2328
2399
2715
2120
2532
2622
2140
1635
636
671
1152
2048
1266
414
76
-428
348
-83
-357
84
276
-91
-1406
-1423
-404
-94
-375
-930
-1014
193
450
-880
-1638
-1462
-59
1463
982
-909
-2085
-1394
410
1393
874
-187
-911
-947
-699
-99
773
913
-165
-1753
-2205
-1286
-125
-30
-1003
-2188
-2392
-1856
-2028
-2067
-2014
-1417
-1731
-2903
-2923
-2827
-1605
-1513
-2231
-2231
-2649
-2620
-2821
-1622
3
845
121
-3113
-3432
-883
1879
3438
1163
-1021
-756
800
2604
2863
2638
2923
2722
1699
1765
2524
4045
4948
2738
1695
2122
2967
3864
2738
1631
1846
2666
2803
1790
240
84
1621
1948
1339
311
-453
125
325
292
-5
47
315
-562
-1064
-1324
-395
657
38
-706
-1121
-523
-515
-928
-470
-132
605
343
-1183
-1360
-532
480
1195
55
-1112
-599
-286
153
100
-477
298
-297
-1037
-1067
-1644
-503
-49
-926
-1720
-2210
-1832
-1631
-1713
-1970
-1904
-1927
-2384
-2654
-2606
-2088
-2065
-2081
-2234
-2659
-2575
-3091
-1882
-15
360
54
-2719
-3474
-775
1442
2484
1112
-949
-358
991
1121
2168
2635
2811
3067
1462
1323
2086
3297
4805
3530
2172
1664
2143
3292
2798
2213
1861
2174
2034
1388
1237
675
1557
1718
1073
725
-23
207
122
131
176
-143
-178
-563
-902
-980
-554
-584
-985
-550
43
405
-906
-2234
-1620
-51
1761
755
-1356
-1934
-1231
728
1303
415
-615
-846
-125
158
-348
-173
743
137
-809
-1093
-1142
-417
-332
-1141
-1397
-1567
-1611
-1739
-2745
-2305
-1111
-1277
-2418
-3696
-3083
-1550
-1295
-2123
-2537
-2696
-2275
-1978
-2728
-1679
-299
785
-37
-3418
-3552
-369
3099
3465
427
-1634
-847
1095
2895
3532
2203
2057
2011
1219
2232
3245
4403
3965
1388
1373
2734
3606
3490
1799
1192
1871
2832
2853
998
-140
594
1978
2053
738
-217
-137
583
348
173
136
-138
83
-491
-848
-851
-12
399
-960
-1087
-703
-135
-29
-1341
-1343
-118
356
87
-531
-1073
-538
399
568
-5
-497
-82
202
-253
-371
137
427
-136
-977
-1254
-879
-259
-200
-973
-1771
-1656
-1225
-1234
-1930
-2524
-1988
-1686
-1889
-2469
-2711
-2283
-2191
-1831
-2194
-2345
-2138
-2882
-2136
-1063
-402
407
-1660
-3809
-2041
1100
2980
1563
-1419
-1553
-49
2050
3508
1745
997
2168
2300
2418
1915
2147
3414
3293
2683
2244
1986
2272
2610
2156
2059
2358
2116
1934
836
162
1386
2149
1745
730
-366
-180
635
760
539
1
-399
-178
-55
-176
-336
-605
-782
-696
-246
245
-282
-1469
-1658
-761
433
1041
14
-1596
-1806
-506
1088
1306
6
-903
-676
-46
304
214
170
62
-508
-1114
-1156
-667
-215
-403
-1110
-1659
-1680
-1372
-1524
-1816
-1724
-1571
-1869
-2200
-2065
-2207
-2001
-2060
-2142
-1754
-2156
-2255
-2782
-2540
-645
272
202
-1813
-3671
-1587
1310
2438
1636
-1201
-1700
405
1992
3009
2144
1460
1838
1583
1757
2411
3176
3357
2699
1938
2203
2946
2764
2193
1510
1789
2839
2677
1517
538
502
1595
2131
1211
364
60
248
492
481
299
87
7
-183
-177
-546
-396
-104
-416
-483
-815
-242
-393
-1197
-862
-719
13
152
-762
-930
-727
-224
411
386
-212
-423
-262
-76
199
57
127
22
-628
-807
-715
-310
-238
-624
-1119
-1316
-1306
-1517
-1328
-1736
-1735
-1475
-1960
-2116
-2426
-2121
-1642
-1817
-2021
-2171
-1869
-1944
-2822
-2410
-902
108
227
-2019
-3555
-1697
979
2871
1489
-1576
-1561
626
2389
2793
1761
1138
2028
2495
2162
2235
2627
3169
3054
2156
1930
2442
2774
2358
1414
1682
2703
2705
1778
449
214
1339
2160
1541
360
-72
-39
371
544
347
129
47
97
-479
-755
-387
16
167
-548
-1350
-673
477
278
-848
-1940
-1196
793
1336
176
-1594
-1736
26
1282
993
82
-593
-355
245
73
322
677
146
-476
-1107
-1105
-242
13
-640
-1391
-1793
-1356
-1087
-1816
-1903
-1518
-1392
-1272
-2362
-3128
-2339
-1421
-1029
-1798
-2783
-2822
-2250
-2070
-1299
-454
-471
-764
-2690
-2683
-63
1978
2395
-44
-1712
-873
1093
2965
2600
1052
1086
2373
2756
2333
1841
2197
3367
3269
2139
1791
2105
2390
2311
1863
1941
2168
1827
1208
458
637
1615
1741
1117
264
-218
265
511
250
151
-49
-75
-154
-687
-929
-767
-420
-125
-300
-669
-1029
-977
-280
108
-106
-700
-1263
-712
313
470
66
-396
-482
6
548
582
-34
-368
88
281
57
-107
-511
-718
-612
-605
-583
-807
-1292
-1600
-1743
-1659
-1150
-1150
-1901
-2649
-2579
-1791
-1616
-1789
-2167
-2189
-1986
-2413
-2061
-2369
-2503
-486
301
-264
-2280
-3617
-1144
1489
2723
855
-1687
-973
1009
2614
2285
1473
991
2162
3264
1666
1526
2347
3092
3465
2337
1804
2067
2216
2501
2444
1864
2084
2396
1675
707
620
1554
1819
1080
495
269
200
337
490
338
84
105
72
-453
-819
-433
83
-117
-807
-981
-335
132
-497
-1557
-1511
-213
763
278
-1046
-1693
-787
833
1237
-34
-1073
-528
315
131
-302
-64
247
-45
-616
-1024
-1022
-515
-1
-552
-1705
-1946
-1353
-1046
-1485
-1763
-1598
-1604
-2023
-2151
-1942
-1627
-1399
-2030
-2067
-2026
-1989
-1913
-2355
-1149
-184
205
-565
-3240
-3103
387
3153
2206
-704
-2166
-565
2408
3160
2045
1064
1354
2232
2163
1703
2103
2986
3081
2233
1548
1938
2579
2412
1736
1458
1886
2341
2037
979
219
727
1791
1832
735
-98
74
524
480
112
-76
48
133
-211
-741
-783
-335
-117
-385
-660
-566
-405
-741
-1281
-1015
50
655
-55
-1277
-1546
-503
880
1091
-134
-1068
-651
310
575
-83
-396
-62
-106
-365
-801
-1114
-410
-140
-876
-1211
-1376
-1520
-1264
-1458
-1603
-1122
-1485
-2394
-2586
-1932
-1203
-1124
-1947
-2648
-2198
-1646
-1207
-1956
-2193
-643
392
392
-2186
-3386
-657
1875
2404
388
-1641
-902
1453
2564
2070
1031
1023
2815
2870
1302
1296
2524
3647
3365
1721
1144
2099
2734
2571
1755
1348
1933
2273
1529
386
96
1164
2235
1332
169
-267
-155
787
608
165
70
-198
29
-346
-966
-458
226
26
-578
-1331
-940
282
-86
-868
-1140
-953
51
113
-749
-1007
-723
156
557
-381
-860
-487
-184
-82
-391
-581
-337
-339
-631
-924
-985
-670
-553
-947
-1399
-1632
-1357
-926
-1464
-2028
-1571
-1297
-1468
-1850
-2224
-1827
-1261
-1308
-1576
-1964
-1871
-1741
-2106
-1108
-138
-206
-728
-2377
-2219
304
1993
1315
-829
-1433
267
2288
2514
1197
431
1448
3299
2821
1011
976
2317
3844
3374
1623
1231
1819
2554
2416
1673
1511
1749
1728
1104
530
841
1898
1806
513
-3
-41
636
1081
259
-191
-249
110
179
-620
-1143
-712
399
592
-272
-1275
-1500
-752
12
368
120
-501
-1056
-1132
-555
323
801
311
-666
-1037
-410
385
507
122
-222
-350
-418
-517
-564
-539
-500
-549
-783
-1164
-1393
-1273
-1043
-1083
-1375
-1517
-1637
-1649
-1602
-1573
-1419
-1635
-1805
-1768
-1681
-1491
-1552
-2216
-2334
-637
511
138
-1491
-3248
-1729
1082
2203
1262
-1049
-1228
868
2434
2093
667
826
2454
3165
1807
572
1524
3088
3974
2878
1021
1178
2134
3033
2609
1215
1405
1828
1694
990
240
899
1654
1312
600
109
-87
385
494
202
317
90
-98
-205
-740
-705
213
20
-515
-360
-533
-418
-893
-1128
-135
498
313
-868
-1812
-1127
278
827
295
-1054
-1536
-58
473
-249
-324
-331
-262
-224
-766
-1002
-715
-313
-133
-677
-1418
-1436
-1156
-1060
-1218
-1428
-1232
-1520
-2141
-2048
-1109
-934
-1482
-1779
-2272
-1523
-1002
-1265
-2582
-2854
33
1369
677
-3024
-4648
70
3401
2760
-641
-2946
-856
2883
3510
1061
-342
827
3479
3398
926
478
1994
3759
3729
1615
906
1954
2354
2467
2107
1421
1789
1949
1084
351
589
1675
1773
691
41
251
567
473
153
-205
408
575
-88
-719
-1167
-176
345
301
-215
-1171
-931
-562
-53
53
-364
-551
-630
-533
-409
-172
15
104
-161
-447
-504
-304
-60
20
-56
-255
-254
-577
-507
-541
-615
-507
-932
-760
-975
-1110
-1204
-1361
-920
-1111
-1165
-1611
-1929
-1430
-1303
-1139
-1217
-1820
-1973
-1553
-1569
-1368
-1474
-2303
-1130
83
-417
-1038
-2286
-1439
1170
1384
474
-687
-1037
1105
2365
1198
502
1079
2532
3130
1284
260
1396
3069
4217
2691
577
847
2019
2970
2632
1511
1421
1494
1179
1094
916
1127
1732
1097
250
167
308
687
409
-41
120
196
-20
-402
-797
-403
288
37
-527
-1021
-669
293
-160
-898
-1006
-481
492
-106
-1061
-1056
-452
704
524
-753
-1138
-490
391
567
-289
-770
-177
-38
-266
-529
-805
-277
-257
-597
-920
-1360
-800
-758
-1116
-1397
-1410
-1078
-1355
-1396
-1547
-1395
-1568
-1539
-1281
-1767
-1488
-1685
-1634
-1980
-2140
-133
587
-1010
-2737
-2150
223
1913
1141
-991
-1268
259
2082
2367
762
-219
1180
3138
2911
1013
337
1919
3398
3142
1906
1090
1379
2297
2550
1899
1485
1587
1858
1325
702
1007
1343
1614
1026
230
384
475
622
559
265
462
255
-165
-231
-259
169
271
-375
-650
-667
-333
71
-493
-737
-449
-206
36
-660
-970
-461
83
382
-292
-905
-568
-1
33
-24
-531
-584
96
-380
-713
-731
-738
-353
-485
-1007
-1275
-962
-912
-1148
-1317
-1512
-1296
-1216
-1410
-1701
-1860
-1580
-1444
-1392
-1568
-1662
-1519
-1765
-2043
-1754
-267
562
-410
-2217
-2970
-364
2093
1709
-271
-2277
-754
2466
2511
891
-221
241
2939
3521
1002
-22
1244
3160
3641
1815
499
1160
2291
2607
1722
979
1475
1784
1305
836
577
1001
1564
906
178
344
372
392
426
33
45
401
291
-189
-618
-445
63
46
-357
-629
-555
-301
-423
-757
-620
-132
-2
-429
-875
-840
-281
303
134
-573
-731
-232
96
-52
-250
-121
60
-66
-384
-574
-415
-316
-431
-594
-867
-961
-823
-932
-1089
-1094
-1067
-924
-1502
-1678
-1147
-1184
-1054
-1484
-2024
-1555
-1040
-1309
-1501
-2046
-2101
445
795
-1057
-2485
-2827
446
2414
938
-822
-1503
331
2338
1764
573
556
1396
2695
2200
333
850
2909
3328
2070
819
969
2331
2727
1784
1043
1120
1907
2172
1230
318
425
1348
1651
763
178
183
351
658
442
163
175
-31
-34
-131
-383
-114
-36
-274
-513
-811
-417
9
-479
-804
-634
-381
-122
-326
-748
-704
-231
282
164
-496
-699
-310
135
275
-71
-389
-203
-229
-471
-518
-660
-603
-513
-821
-1019
-953
-1154
-1154
-1043
-1037
-958
-1486
-1609
-1543
-1442
-975
-1378
-1550
-1616
-1603
-1242
-1427
-1414
-2037
-1606
162
65
-578
-2236
-2991
208
2619
1807
-843
-2432
-409
2528
2873
916
-448
729
2921
2849
1023
452
1576
3052
3132
1732
988
1287
1659
2184
2166
1724
1552
883
573
1011
1205
1567
1223
124
235
705
595
349
-59
123
534
349
-60
-662
-665
6
174
60
-404
-953
-552
-178
-294
-278
-470
-535
-330
-485
-645
-428
-18
198
-228
-656
-386
65
167
-139
-535
-450
-116
-204
-385
-606
-785
-498
-504
-906
-943
-862
-1009
-1053
-1181
-1048
-952
-1482
-1513
-1516
-1254
-975
-1355
-1270
-1589
-1460
-1064
-1538
-1641
-1756
-759
251
-321
-969
-2449
-1904
1159
2110
930
-1201
-1766
732
2772
1916
96
-4
1917
3587
2118
-189
503
2787
3951
2804
496
174
1870
2941
2536
1217
658
1420
1794
1324
567
375
1172
1408
708
271
92
145
402
323
127
126
152
-38
-462
-602
-257
25
-175
-624
-758
-572
-532
-625
-577
-396
-287
-428
-777
-928
-476
228
264
-463
-870
-406
249
146
-429
-480
-210
-191
-432
-573
-576
-485
-410
-518
-904
-1112
-789
-998
-951
-916
-1219
-911
-1317
-1659
-1466
-1021
-769
-1278
-1664
-1843
-1172
-588
-1002
-2199
-2587
-325
1144
93
-2046
-3461
-1040
2626
2745
-117
-2493
-1265
1948
3045
1532
-176
465
2507
2802
1171
596
1928
3046
2942
1348
611
1713
2274
2264
1450
953
1686
1875
1174
361
455
1422
1866
846
-55
8
419
835
441
-12
92
338
273
-197
-782
-393
404
-18
-506
-971
-692
153
-296
-691
-645
-314
151
-280
-1005
-1035
-147
569
222
-715
-1018
-220
309
251
-271
-585
-188
-263
-370
-520
-578
-291
-528
-739
-930
-898
-664
-919
-1213
-1121
-601
-742
-1402
-1649
-1493
-831
-842
-1393
-1848
-1740
-866
-1038
-1570
-2229
-1979
428
871
-573
-2381
-3381
-217
2725
1808
-716
-2273
-502
2142
2391
978
125
873
2324
2239
617
691
2125
2963
2704
1188
738
1812
2232
2028
1405
1070
1896
1789
801
490
547
1393
1688
480
-3
380
459
570
284
-86
305
313
-137
-574
-776
-136
566
-216
-1187
-1025
-486
785
149
-1366
-1139
-828
463
536
-751
-1021
-736
209
467
-336
-790
-111
200
-130
-278
-471
-79
-87
-537
-428
-440
-508
-527
-787
-813
-654
-800
-908
-1028
-1323
-989
-916
-1289
-1343
-1458
-1146
-1087
-1391
-1639
-1387
-1129
-1339
-1604
-2369
-1064
429
235
-618
-3158
-2508
1406
2737
1130
-1361
-2198
389
3084
2127
272
82
1328
2718
1914
600
1297
2401
2810
2168
722
1014
2124
2108
1924
1295
1084
1871
1607
823
579
671
1501
1658
531
-52
160
509
667
400
129
88
107
-94
-518
-505
-46
77
-359
-905
-918
-409
-152
-410
-659
-608
-517
-539
-501
-347
-184
-113
-217
-367
-279
-40
-2
-159
-182
-33
15
-160
-366
-369
-214
-155
-353
-749
-872
-586
-394
-673
-1171
-1206
-839
-755
-1027
-1343
-1531
-1229
-897
-1084
-1404
-1834
-1501
-964
-1198
-1576
-2299
-1564
182
268
-529
-2229
-2683
63
2055
1472
-632
-2247
-649
2269
2767
1122
-299
264
2259
2413
1134
1145
1816
2584
2448
1084
913
1915
2301
1861
1072
1084
1951
1845
755
128
548
1744
1985
486
-532
0
843
1110
345
-415
-46
344
135
-458
-808
52
621
-230
-1149
-1387
-457
679
75
-1081
-1258
-680
238
288
-636
-1039
-512
312
303
-662
-805
101
408
-8
-435
-490
0
102
-403
-522
-421
-317
-308
-848
-881
-373
-537
-946
-1347
-1259
-441
-507
-1426
-1738
-1531
-925
-612
-1503
-2019
-1668
-1112
-772
-1569
-2733
-1695
510
492
-786
-2583
-2216
724
1644
947
-899
-1452
608
2117
1953
366
-137
1465
2988
2162
517
615
1953
3220
2563
994
708
1501
2402
2238
1261
1112
1640
1483
778
367
954
1790
1276
155
-115
288
877
870
40
-250
-24
34
35
-570
-669
271
65
-644
-651
-743
-300
-25
-768
-758
-232
-272
-459
-864
-977
-332
238
249
-356
-846
-360
155
34
-116
-285
-231
45
-309
-664
-345
-255
-338
-359
-877
-926
-390
-583
-990
-985
-910
-724
-962
-1747
-1429
-1027
-1165
-1016
-1667
-1967
-1374
-986
-1315
-1981
-2426
-1156
833
-106
-1498
-2718
-2210
1342
1984
378
-1159
-1716
598
2563
1738
227
67
1530
2935
1841
276
880
2351
3347
2683
745
533
1887
2422
2259
1386
806
1568
1584
977
781
684
1385
1565
579
171
35
368
919
324
88
239
-108
-128
-398
-446
282
86
-749
-954
-806
-50
371
-653
-1036
-412
-77
58
-570
-1002
-246
262
279
-195
-883
-453
267
134
-50
-218
-401
-24
-110
-502
-381
-393
-316
-412
-1024
-977
-434
-632
-1078
-1283
-1025
-455
-886
-1568
-1614
-1376
-815
-895
-1599
-1997
-1667
-882
-954
-1740
-2492
-1326
626
269
-1176
-2790
-1919
881
2004
1201
-1093
-1722
62
2231
2366
621
67
950
2446
2027
665
1200
2108
2904
2296
723
1213
2122
2130
1780
1166
1439
1871
1298
680
485
782
1659
1409
164
-160
174
700
751
36
-133
223
176
-208
-805
-571
348
107
-483
-1128
-1298
36
80
-550
-462
-1001
-431
-24
-712
-433
-161
87
91
-597
-636
-71
330
285
-246
-470
108
146
-358
-378
-402
-193
98
-660
-1241
-735
-474
-386
-789
-1642
-1313
-554
-661
-1414
-1875
-1438
-808
-917
-1401
-1989
-1775
-931
-1316
-1835
-2588
-1592
862
244
-1345
-2900
-2504
885
2571
1194
-1414
-2242
115
2983
2504
227
-438
1023
3242
2590
485
553
1951
3217
2946
1126
543
1666
2382
2253
1561
1247
1607
1456
824
567
958
1661
1533
250
-36
429
618
799
164
-137
324
403
-307
-638
-494
137
834
-690
-1486
-1152
-302
1064
-326
-1473
-1166
-639
573
258
-1058
-1010
-133
435
205
-805
-826
149
456
-35
-655
-461
109
17
-506
-734
-428
-62
-281
-857
-1023
-716
-349
-594
-1222
-1255
-704
-579
-1212
-1620
-1409
-841
-777
-1426
-2016
-1740
-1021
-978
-1589
-2470
-1038
713
58
-1356
-3164
-1844
1402
2178
485
-1836
-1349
1201
2541
1440
-28
205
1862
2979
1500
68
1039
2822
3299
1882
465
960
2341
2612
1642
656
1068
2142
1780
383
-115
877
2026
1418
-178
-391
337
801
812
81
-343
56
201
-81
-778
-1057
135
904
-155
-1523
-1594
-252
715
161
-771
-1158
-761
-54
-39
-396
-423
-208
-41
-332
-729
-390
310
439
-113
-524
-330
-158
-248
-259
-157
-161
-240
-541
-1021
-968
-290
-86
-910
-1454
-1211
-586
-623
-1416
-1605
-1258
-681
-957
-1592
-1960
-1575
-584
-1049
-1898
-2619
-1179
1095
130
-1748
-2951
-1641
1349
2027
441
-1508
-1476
920
2535
1602
326
384
1741
2645
1345
272
1438
2919
3039
1859
429
824
2408
2651
1729
811
988
2003
1832
633
244
928
1786
1353
-32
-187
387
812
678
-77
-309
78
279
-254
-599
-820
26
705
-634
-1240
-1329
-205
915
-230
-1171
-1397
-587
531
400
-738
-1224
-408
432
508
-472
-742
101
388
84
-384
-407
183
175
-369
-456
-517
-344
-230
-773
-1015
-744
-443
-630
-1237
-1402
-828
-772
-1330
-1717
-1435
-687
-1093
-1651
-1990
-1589
-723
-1119
-1737
-2675
-1499
796
521
-1134
-2979
-2266
893
2418
730
-1543
-1612
500
2614
1829
-96
-118
1652
3107
1857
-37
707
2587
3289
2295
516
656
2121
2451
1941
1121
1014
1869
1844
837
392
844
1603
1390
179
-99
477
797
574
55
-327
10
386
-80
-542
-1130
-461
219
-141
36
-890
-1104
-836
-934
210
615
-177
-1183
-1554
-807
714
1123
84
-853
-1227
-142
588
34
25
41
-162
-216
-677
-678
46
298
30
-926
-1535
-808
-181
-327
-883
-1247
-920
-635
-1125
-1580
-1408
-650
-456
-1438
-2028
-2157
-1246
-357
-1106
-2073
-2647
-990
844
-10
-1333
-2833
-1794
1605
2167
527
-1662
-1871
989
2739
1958
433
84
1402
2663
1940
816
1237
2005
2677
2259
1068
1275
1925
1913
1623
1239
1493
1828
1130
497
529
1165
1876
1144
-162
-254
407
857
799
65
-229
167
149
-248
-733
-634
34
366
-248
-950
-1101
-848
-7
-76
-348
-423
-817
-580
-707
-548
41
139
65
-573
-949
-301
334
197
-127
-363
-423
-117
-264
-415
-132
-51
-82
-541
-932
-734
-551
-551
-849
-1139
-960
-662
-952
-1318
-1413
-1389
-815
-779
-1603
-2021
-1640
-952
-954
-1485
-2418
-1897
357
462
-802
-2433
-2507
422
1878
1096
-961
-1992
12
2245
2166
438
-127
933
2530
2389
632
635
1834
2839
2588
998
725
1593
2209
2218
1321
1035
1661
1570
882
497
595
1442
1709
432
-267
54
533
933
294
-238
30
86
-27
-409
-783
-450
95
-86
-88
-725
-1380
-475
-432
228
616
-609
-872
-1212
-761
471
577
69
-517
-921
-454
363
109
-48
78
-263
-229
-275
-536
-217
73
-19
-372
-1056
-925
-484
-556
-562
-938
-1050
-683
-1086
-1510
-1083
-1155
-1124
-841
-1469
-1747
-1628
-1133
-982
-1524
-2095
-1667
143
131
-946
-2244
-2307
541
1992
1185
-901
-2137
-107
2348
2305
636
-123
1007
2487
1978
700
956
2162
3025
2413
906
799
1879
2340
2064
1170
826
1618
1531
759
422
515
1460
1558
232
-194
222
697
849
129
-190
61
32
-182
-662
-605
-94
-14
45
-611
-1393
-663
-91
-285
-310
-662
-748
-470
-603
-418
16
34
-168
-522
-617
-287
-21
167
93
-320
-296
-5
-139
-289
-191
-97
-103
-497
-886
-543
-286
-477
-738
-1034
-986
-818
-886
-1065
-1142
-1190
-1149
-1271
-1326
-1324
-1455
-1054
-1466
-1853
-1912
-1399
407
237
-1094
-2557
-2378
732
2282
1029
-1156
-1845
111
2601
2376
395
-133
882
2619
2514
638
461
1864
2933
2604
1122
713
1603
1937
1822
1508
1268
1574
1401
703
482
873
1557
1543
384
-362
193
890
815
154
-333
21
482
-50
-831
-796
-161
355
-243
-1491
-1277
143
715
-112
-1545
-1702
-170
833
411
-735
-1494
-634
634
696
10
-595
-213
506
132
-289
-7
276
377
-55
-575
-317
83
28
-409
-857
-695
-340
-635
-1223
-1261
-711
-496
-1214
-1936
-1607
-777
-589
-1324
-2072
-1798
-1083
-966
-1558
-2273
-1539
321
499
-1289
-2867
-2216
741
2416
831
-1463
-1842
345
2499
1828
153
22
1596
3020
1783
-312
238
2489
3697
2531
366
117
1646
2667
2239
1202
877
1340
1424
876
505
887
1600
1256
179
-216
504
911
419
-61
-312
251
374
-180
-959
-1017
95
179
-238
-1338
-1360
-69
-148
-335
-928
-836
141
-120
-793
-977
-496
397
572
-444
-1037
-445
476
624
-165
-451
-20
173
-28
-352
-470
18
366
-138
-677
-775
-408
16
-484
-1234
-926
-318
-456
-1149
-1640
-1257
-607
-637
-1287
-1818
-1698
-1121
-810
-1413
-2062
-1554
-181
240
-1022
-2320
-2140
-18
1802
1042
-875
-1636
-357
1517
1928
806
85
962
2057
1826
796
743
1964
2865
2311
1049
634
1446
2290
2053
1265
1049
1446
1605
1094
534
674
1263
1368
736
26
39
456
540
309
36
104
163
-196
-614
-529
-140
101
-374
-1156
-943
-588
19
163
-658
-866
-927
-428
-77
-147
-100
-348
-274
-395
-246
224
448
230
-447
-293
58
113
159
-60
-39
-105
-212
-417
-745
-406
-51
-118
-656
-1177
-923
-353
-345
-1143
-1458
-1146
-923
-942
-1358
-1526
-1525
-1180
-928
-1672
-2172
-1883
-503
403
-581
-1772
-2490
-1303
998
1490
120
-1423
-1099
711
1947
1460
371
453
1494
2052
1250
612
1381
2379
2502
1471
477
1146
2127
2045
1468
882
1127
1559
1276
782
525
860
1214
964
377
76
133
446
534
189
118
52
-100
-435
-562
-219
81
-174
-747
-911
-936
182
144
-1275
-1018
-679
171
455
-963
-1238
-389
434
642
-288
-1125
-403
447
516
175
-603
-198
690
159
-296
-114
94
294
-147
-690
-543
-228
-14
-400
-1329
-906
-258
-583
-964
-1651
-1286
-372
-622
-1574
-1820
-1313
-1038
-910
-1590
-2052
-1618
-361
297
-1045
-2138
-1975
-154
1457
968
-590
-1316
-171
1255
1893
951
-43
654
1920
2196
1063
529
1448
2467
2279
1421
929
1181
1781
1813
1653
1370
1259
1204
779
711
1025
1316
1175
508
-12
274
675
477
209
49
84
130
-208
-565
-600
-165
384
-21
-1028
-1262
-664
64
232
-395
-1035
-1041
-520
13
-49
-447
-478
-189
-126
-351
-413
0
352
-74
-451
-283
-27
202
-10
-197
-69
-128
-160
-372
-497
-283
-59
-164
-917
-1057
-646
-399
-464
-1181
-1140
-767
-928
-1091
-1448
-1366
-1000
-1113
-1397
-1730
-1809
-902
122
-328
-1370
-1982
-1474
484
1298
326
-855
-1128
229
1530
1420
621
372
1095
1832
1276
612
1273
1863
2046
1663
883
1025
1552
1663
1407
1082
1160
1463
1101
468
560
920
1298
1108
254
93
277
469
641
341
12
-90
-22
-230
-341
-241
-62
56
-660
-971
-560
-151
36
-680
-1218
-774
-35
293
-365
-1142
-891
-6
523
199
-543
-731
-133
303
190
25
-54
-6
25
-84
-66
105
231
4
-427
-522
-211
-50
-308
-487
-615
-581
-630
-848
-804
-888
-829
-893
-1131
-1270
-1363
-1182
-925
-1077
-1645
-1626
-1192
-273
-11
-989
-1583
-1752
-283
1239
780
-392
-1163
-235
1269
1642
840
181
709
1564
1789
959
572
1495
2131
1905
1175
690
1207
1720
1627
1248
1022
1272
1195
788
503
587
1042
1115
632
-24
53
500
476
306
-154
-236
30
-70
-127
-482
-541
-199
-186
-412
-899
-794
-433
82
198
-882
-1243
-863
-186
540
319
-527
-1071
-636
159
569
334
-193
-475
-242
239
171
-14
108
147
15
-215
-520
-394
72
101
-192
-593
-818
-685
-555
-643
-642
-682
-872
-1080
-1402
-976
-661
-984
-1211
-1434
-1276
-1266
-1324
-1341
-784
-35
-434
-1128
-1945
-1315
761
1467
465
-1112
-1309
473
1961
1504
496
282
921
1841
1522
629
911
1840
2356
1768
570
700
1539
1831
1712
1080
1024
1249
975
635
554
960
1221
899
-20
-223
457
685
481
-61
-360
-120
127
-111
-370
-558
-496
76
-137
-611
-857
-693
10
-48
-339
-509
-705
-420
-176
-129
-56
-190
-260
-134
-146
-76
139
58
-143
-199
-120
204
164
-191
-25
84
-55
-166
-393
-352
-113
-126
-386
-626
-800
-563
-367
-703
-945
-1128
-965
-882
-1094
-1091
-1113
-1034
-1073
-1149
-1280
-1444
-1086
-204
39
-839
-1469
-1610
-380
1171
967
-294
-1113
-434
1033
1734
822
172
440
1372
1813
1308
559
941
1750
2051
1502
703
695
1348
1672
1406
941
799
930
921
753
713
752
779
547
177
132
373
360
152
-57
-230
-43
-27
-312
-530
-508
-228
-162
-187
-628
-844
-328
-290
-364
-142
-279
-530
-589
-749
-422
309
294
-136
-614
-668
70
469
315
33
-307
-98
177
-88
-75
114
98
102
-148
-501
-394
-235
-122
-244
-593
-648
-532
-660
-898
-847
-770
-617
-968
-1323
-1392
-954
-885
-898
-1210
-1308
-1466
-1181
-38
-25
-754
-1437
-1407
185
1284
673
-513
-983
-164
1421
1762
791
145
455
1525
1881
1088
698
1198
1778
1838
1236
702
1028
1561
1584
1196
810
887
1072
801
518
574
787
811
349
33
267
393
341
252
-47
-169
-31
-55
-205
-400
-435
-53
42
-429
-717
-621
-268
91
-162
-706
-757
-375
119
63
-424
-527
-291
16
94
-97
-262
-50
39
-15
23
-153
31
70
-21
-140
-285
-74
-91
-170
-465
-482
-339
-352
-475
-800
-701
-644
-590
-881
-1127
-996
-844
-772
-1129
-1213
-1169
-883
-974
-1168
-1228
-1026
230
86
-893
-1621
-1508
478
1611
822
-678
-1249
37
1662
1695
614
92
628
1542
1502
821
811
1411
1684
1528
958
649
1164
1391
1390
1061
736
1053
979
553
246
449
1015
1003
262
-368
-34
371
375
168
-361
-161
116
-203
-375
-678
-335
385
-11
-767
-902
-543
232
309
-654
-971
-672
80
494
-399
-891
-407
229
368
-135
-565
-116
401
181
-195
-356
176
425
-44
-279
-301
-29
251
-50
-561
-488
-178
-146
-369
-771
-704
-349
-575
-1011
-948
-724
-583
-673
-1145
-1178
-976
-843
-567
-988
-1288
-1136
-907
29
144
-607
-1181
-1380
-220
1267
1109
-268
-989
-389
1099
1731
882
317
487
1091
1436
983
711
1229
1642
1626
1218
595
859
1283
1347
1218
790
843
993
664
353
449
696
884
566
-29
47
112
88
164
-36
-64
-195
-386
-356
-417
-163
116
-174
-593
-694
-401
-47
-128
-561
-602
-216
32
-91
-481
-472
-50
159
73
-235
-405
-27
259
-47
-240
-31
150
118
-195
-438
-171
172
67
-366
-578
-339
-166
-289
-496
-685
-605
-479
-669
-770
-803
-778
-698
-767
-958
-1070
-1020
-766
-569
-838
-1140
-1243
-1018
-152
284
-493
-966
-1428
-425
1028
1050
106
-818
-412
793
1645
987
244
224
964
1733
1116
489
739
1532
1718
1379
561
740
1322
1353
1191
682
704
1028
780
497
353
505
775
647
80
-124
-8
222
327
-8
-271
-300
-214
-101
-184
-512
-281
-58
27
-560
-635
-477
-152
168
-315
-265
-371
-308
-114
-182
-193
36
149
39
-283
-287
173
397
131
-114
-174
-44
119
23
-61
-40
-127
-150
-263
-421
-327
-180
-217
-458
-793
-777
-459
-468
-744
-759
-775
-788
-838
-882
-859
-863
-729
-665
-943
-1148
-1087
-832
323
117
-655
-1167
-1132
173
1264
914
-255
-757
-216
1137
1411
734
327
566
1174
1265
657
672
1279
1560
1373
848
410
901
1381
1204
915
505
652
891
618
390
291
503
700
492
-3
-214
-68
198
335
86
-137
-211
-278
-339
-256
-195
-42
-102
-563
-542
-377
-123
-19
-448
-528
-216
49
-48
-365
-458
-94
311
124
-300
-407
-68
233
101
-149
-213
-30
88
-163
-329
-115
-31
-174
-393
-542
-359
-188
-358
-622
-645
-529
-468
-632
-780
-725
-701
-657
-757
-811
-842
-793
-689
-759
-755
-776
-731
-986
-523
371
69
-524
-1256
-884
754
1275
481
-536
-667
446
1464
1112
399
285
836
1464
990
456
850
1386
1580
1243
559
510
1034
1208
1064
782
623
731
607
233
185
444
783
689
-84
-291
-14
250
434
5
-272
-229
-38
156
-94
-351
-334
-211
-185
-156
-200
-228
-210
-398
-380
-107
54
-50
-351
-472
-241
71
116
-128
-340
-225
7
24
-124
-177
-76
-40
-150
-265
-260
-185
-149
-213
-319
-363
-377
-419
-494
-483
-380
-376
-526
-675
-668
-515
-418
-589
-763
-805
-693
-471
-486
-663
-797
-813
-801
-348
183
23
-407
-1010
-758
444
1013
604
-322
-595
303
1263
1183
504
195
603
1340
1286
695
553
823
1216
1339
991
653
602
732
936
951
777
603
436
306
250
380
594
476
36
-191
21
307
274
-27
-283
-248
25
139
-137
-481
-472
-145
80
-95
-474
-606
-341
9
75
-173
-433
-426
-217
-93
-130
-161
-136
-153
-215
-218
-148
-95
-104
-120
-111
-153
-241
-252
-161
-142
-226
-293
-340
-371
-345
-288
-337
-434
-478
-473
-485
-567
-590
-555
-415
-430
-596
-697
-691
-505
-420
-402
-591
-767
-701
-503
52
261
-115
-647
-772
-24
788
841
202
-272
-29
652
1112
777
447
665
1014
1142
707
465
878
1281
1181
734
543
637
868
880
670
622
561
594
478
177
247
463
618
419
-105
-164
101
223
134
-58
-82
19
47
-132
-460
-458
-20
217
-1
-428
-655
-382
8
15
-184
-259
-311
-228
-169
-210
-62
-28
-79
-196
-313
-160
45
65
-166
-285
-156
-49
-123
-292
-313
-211
-122
-198
-401
-430
-329
-334
-383
-461
-552
-447
-427
-586
-490
-419
-477
-463
-563
-569
-505
-524
-488
-423
-474
-407
-422
-539
-148
90
80
-142
-572
-333
352
838
625
42
-254
206
895
967
760
426
500
835
821
658
734
1010
948
810
616
531
758
753
651
531
486
561
379
178
153
303
502
367
-2
-206
-98
81
183
111
7
-108
-335
-289
-190
-27
166
-98
-442
-523
-324
60
132
-255
-420
-288
-174
7
-81
-247
-155
-111
-99
-128
-244
-115
53
-74
-209
-210
-155
-137
-233
-263
-154
-107
-238
-399
-398
-246
-166
-221
-375
-530
-420
-265
-381
-459
-376
-366
-355
-422
-553
-395
-316
-355
-357
-490
-473
-280
-195
-353
-381
-131
136
158
-314
-475
5
477
689
339
-173
-53
533
1001
927
393
153
589
878
801
743
653
765
780
669
753
700
572
487
437
568
703
514
190
35
130
507
559
124
-142
-150
33
172
43
-43
-90
-207
-179
-113
-188
-52
60
-184
-343
-372
-112
140
-59
-259
-293
-170
23
3
-209
-272
-122
27
22
-248
-356
-106
46
-49
-233
-314
-245
-221
-217
-162
-206
-218
-217
-359
-399
-280
-187
-209
-361
-481
-340
-255
-415
-483
-388
-288
-328
-416
-550
-511
-316
-225
-233
-496
-530
-375
-262
-187
-230
-154
-173
-60
52
-32
68
54
114
375
346
264
454
448
287
459
659
773
695
438
536
555
590
790
694
597
448
337
410
529
570
553
376
96
222
338
339
235
-13
17
126
179
118
32
-73
-82
17
-26
12
-81
-160
-69
-187
-99
-12
-149
-141
-197
-190
-149
-189
-191
-164
-143
-166
-193
-234
-173
-206
-253
-94
-111
-210
-210
-186
-133
-125
-151
-199
-187
-189
-237
-233
-295
-295
-254
-180
-215
-404
-385
-319
-306
-355
-369
-355
-297
-277
-424
-418
-421
-261
-133
-209
-261
-329
-216
-141
-42
-47
-95
-32
-17
221
286
65
-26
90
346
553
410
151
123
251
608
697
440
231
251
654
817
545
260
229
485
706
639
311
187
395
471
379
203
153
557
667
268
80
0
6
53
56
61
-160
-296
-99
-14
-159
-146
-233
-360
-255
-226
-28
-10
-279
-187
-92
-63
62
-41
-145
-111
-118
-40
-101
-262
-163
39
39
-183
-258
-188
-110
-23
-33
-102
-278
-328
-213
-223
-170
-166
-349
-383
-321
-292
-241
-398
-558
-340
-162
-208
-341
-479
-391
-249
-143
-108
-241
-321
-307
-109
48
-62
-139
-203
-172
-1
120
112
-60
-6
99
45
121
125
274
476
239
34
206
423
500
357
242
484
672
600
327
198
471
720
700
346
114
228
421
511
329
150
92
152
246
173
77
24
45
125
65
-94
-93
-15
20
47
-37
-144
-149
-105
-1
46
-24
-62
-63
-115
-93
-6
-22
-17
-88
-118
-37
-118
-121
-91
-78
-68
-191
-238
-197
-126
-42
-105
-319
-348
-158
-107
-177
-302
-331
-236
-248
-207
-232
-308
-277
-327
-296
-226
-173
-149
-236
-326
-294
-102
-67
-137
-162
-218
-217
-93
34
61
-44
-272
-258
-59
167
198
22
-86
-79
197
260
182
69
21
275
389
418
205
173
338
308
427
428
353
334
346
336
344
457
471
322
106
83
230
380
336
157
47
50
121
167
256
104
-139
-160
-83
206
336
154
-111
-322
-82
256
266
27
-230
-169
37
176
54
-134
-117
-63
3
-67
-151
-156
-133
-80
-93
-146
-230
-182
-123
-171
-167
-200
-224
-300
-315
-185
-215
-279
-341
-296
-216
-191
-120
-231
-347
-403
-173
1
-191
-353
-422
-165
-67
-102
-62
-172
-231
-192
7
69
-24
-124
-127
-68
-19
165
124
-97
-179
-51
241
339
26
-224
-42
201
363
339
124
-23
51
331
448
361
283
252
302
389
485
476
284
203
319
443
537
461
308
190
189
378
377
241
157
137
219
210
157
82
12
19
13
8
0
-32
-92
-128
-127
-155
-176
-213
-236
-229
-231
-205
-230
-253
-273
-293
-266
-301
-346
-355
-324
-251
-263
-322
-275
-190
-215
-225
-184
-197
-182
-119
-134
-170
-124
-92
-60
-45
-127
-98
65
71
-28
-92
-64
16
-42
-20
8
-28
-42
-186
-118
28
145
225
-21
-261
-219
139
388
214
-107
-238
-46
257
390
268
60
-96
45
335
442
308
23
-82
87
506
636
276
27
30
294
514
412
218
107
199
319
300
246
190
170
142
109
112
99
70
-6
-41
26
41
-44
-127
-111
-88
-91
-98
-181
-257
-258
-214
-200
-212
-234
-272
-209
-197
-270
-293
-279
-191
-187
-297
-332
-246
-138
-122
-182
-205
-137
-78
-58
-87
-190
-193
-10
94
-25
-131
-65
78
108
-2
-88
-17
138
197
94
-73
-51
90
173
131
-31
-90
-56
124
293
178
-52
-148
-4
183
187
11
-65
-4
165
251
29
-97
-51
102
231
115
-76
-30
160
172
152
51
17
102
106
163
123
80
122
130
85
75
168
152
95
74
74
152
147
94
39
20
45
42
107
78
3
-46
-81
10
69
37
-90
-147
-111
-83
-14
-34
-84
-140
-227
-235
-110
28
-36
-252
-359
-231
-66
-52
-159
-278
-269
-123
2
-11
-148
-199
-90
-23
-13
32
-10
-50
28
51
101
101
-4
-52
-32
109
192
130
-11
-112
-16
159
190
27
-53
8
155
242
100
-61
-2
197
174
50
-116
-163
48
190
211
9
-148
-83
129
153
103
-8
-102
-84
-56
52
63
-27
-125
-45
48
44
16
-35
21
10
-7
-2
46
69
78
85
64
60
48
147
102
39
-70
-46
63
105
15
-129
-79
-30
5
-22
-85
-78
-53
-23
-115
-66
2
-29
-38
-91
-90
-55
-51
-68
-40
-51
-127
-114
-33
63
56
-23
-28
-14
-32
-29
-2
11
32
-7
-77
-38
87
93
82
12
-72
18
4
62
37
20
4
5
93
127
93
34
-16
-24
132
172
96
-11
-37
88
87
58
-18
-78
-47
98
82
-9
-112
-153
-27
117
158
-17
-131
-77
49
78
-16
-100
-108
65
43
45
-93
-53
-10
50
-4
-81
-80
-86
45
55
90
24
-30
-53
-38
10
60
11
-58
-105
-65
32
90
65
-40
-99
-9
91
59
-64
-100
-15
94
124
66
-63
-132
-48
57
96
22
-74
-99
-43
40
41
40
-46
-104
-16
13
6
-26
-14
30
10
-14
-10
3
5
-18
-52
-28
33
56
34
14
21
49
77
53
42
26
37
59
87
100
-8
-41
-20
13
86
17
-46
-9
22
31
43
-9
-66
-25
-19
-30
13
32
5
-24
-27
2
15
-14
-53
-50
19
26
-32
-43
-21
-9
-16
-11
-36
-49
-7
15
44
39
-12
0
17
-6
3
9
7
18
36
22
-59
-50
13
-17
-32
-32
-18
38
4
-65
-67
-42
-40
-32
-11
-42
-30
23
-4
-36
-22
-16
-14
24
20
-9
14
28
-5
-34
10
69
98
90
-3
-34
25
70
94
37
-9
15
5
6
27
63
72
17
6
-4
-5
15
14
37
27
13
18
0
-16
0
33
0
-38
-47
-40
-13
15
27
37
28
-25
-36
-32
-8
41
8
-16
6
10
-1
-12
8
-3
-30
-36
-4
54
26
-9
-36
-4
37
14
15
-10
29
49
5
-21
-54
-40
-1
44
26
-15
-73
-90
0
15
-20
-53
-62
-68
-72
-42
-37
-42
-62
-73
-66
-48
-6
-36
-72
-32
-5
-6
-31
-31
-24
-4
33
49
41
-15
-18
12
38
46
45
62
33
66
82
28
33
41
44
42
29
61
93
75
83
63
-7
13
45
53
43
-26
-20
62
80
61
14
-32
26
62
-3
-25
17
28
17
19
36
62
63
41
46
38
-8
0
44
37
10
-47
-81
-27
-1
-7
-22
-62
-48
-31
-24
-32
-65
-39
-42
-38
-27
-49
-10
-1
-40
-29
-1
-38
-82
-68
-31
20
12
-28
-46
-67
-51
-12
-22
-54
-55
-41
-44
-51
-32
-32
-41
-13
-25
-58
-42
-15
-6
16
25
20
20
36
48
16
26
11
0
27
15
76
79
17
-6
-20
27
56
45
60
78
36
5
32
61
80
38
8
46
68
82
63
17
17
41
71
62
-16
-30
34
33
12
15
13
23
-10
-39
-25
14
20
-11
30
20
-9
11
24
36
-11
-13
-18
-46
14
18
5
-9
-35
5
-5
-27
-32
-41
-28
-43
-23
-20
-36
-37
-63
-28
-37
-65
-60
-57
3
-14
-46
-75
-67
-38
-66
-22
-38
-42
-10
-40
-16
-15
-21
-23
-39
-28
-21
0
11
11
12
-4
-12
-2
14
30
46
17
-15
30
51
52
44
24
39
46
27
3
22
70
64
27
48
60
54
78
38
25
35
35
49
31
19
20
36
26
11
10
12
44
67
23
-39
-28
-26
-19
14
-1
-20
-30
-30
-4
29
-10
-56
-28
8
30
-13
-36
-5
-1
3
11
4
-18
-35
-22
33
66
44
3
-23
18
49
15
-6
6
8
3
-10
-15
-6
-5
-3
-31
-34
10
20
-13
-62
-36
10
5
-23
-54
-46
-16
5
0
-36
-41
-20
-7
-5
-40
-41
1
-13
-24
-4
-29
-20
0
3
17
-19
-28
-18
-24
-12
13
38
18
30
23
8
10
-4
27
37
58
18
-8
38
19
13
13
26
44
61
34
-47
-43
14
52
22
-27
7
29
20
23
31
23
-2
-14
-12
38
61
10
6
-8
-17
30
24
-10
-37
-11
40
28
13
-7
-14
12
11
-20
-35
-20
-7
55
82
27
-8
-38
-29
-5
11
45
-19
-62
-25
-13
2
-4
-19
-42
-24
18
-9
-26
-4
9
-6
-35
-44
-25
16
-4
-24
15
5
-14
-11
-33
-21
-17
-29
-2
20
20
-14
-23
-14
-8
9
-14
-11
17
11
1
3
-1
13
35
4
20
47
2
-1
5
1
35
51
47
26
21
13
-6
30
34
1
1
-13
4
31
6
-4
1
8
20
-18
-48
-13
1
11
3
-52
-59
-30
17
30
-29
-51
-45
10
77
38
7
-23
-18
55
47
2
-15
15
61
18
-35
-24
31
61
26
-17
-37
-27
6
25
0
-13
24
16
4
-15
-19
-2
-11
14
14
10
8
-3
14
0
-6
-16
-2
-4
-25
47
48
3
21
-9
-31
6
31
9
-13
0
-20
-2
35
3
-20
-4
30
26
-7
-21
-37
5
58
18
-24
3
15
-14
-13
15
21
22
3
-47
-34
35
40
17
-31
-66
-31
-19
-8
-1
-13
16
-13
-53
-44
-43
-9
10
-6
-26
-38
-8
-9
-23
3
11
27
48
20
29
16
-11
52
60
27
10
1
20
44
82
35
-44
-34
7
40
6
-17
0
-5
-4
-41
-39
2
5
25
2
-20
-12
-14
25
15
-19
0
0
3
24
29
19
-23
-41
7
29
12
-5
-21
11
37
10
-26
-8
30
14
9
-7
-30
1
17
29
15
-14
-20
-23
-26
-42
-25
4
-21
-37
-34
0
14
-32
-43
-13
-8
-25
-4
25
39
12
-45
-53
-12
32
9
-17
-1
15
23
-20
-47
-10
22
6
-28
-11
8
8
7
-22
-19
14
38
27
19
45
39
26
20
24
53
50
15
12
37
22
17
40
53
30
22
30
12
35
52
32
22
2
5
-16
