-7
13
7
-15
24
25
-11
11
-20
9
27
12
12
-18
11
-11
1
8
3
20
-13
7
16
-6
16
0
-9
27
-14
1
38
-29
15
20
-18
16
-15
18
19
-14
7
-14
24
10
-7
4
-25
17
-9
10
7
-28
26
-5
19
32
-27
-22
-14
20
25
-1
-8
-25
6
43
-51
-3
41
-28
13
3
-14
-8
24
-37
14
-4
-11
-12
-19
45
3
0
-24
-19
-5
8
43
-1
-7
10
-18
5
17
-54
31
-33
12
4
-37
51
-59
-2
26
-39
27
2
-28
1
15
-15
14
-7
-4
-14
15
-9
25
9
-17
10
28
-37
-29
25
-54
46
3
-18
3
-3
34
-29
-8
-3
-37
37
-16
18
6
-24
9
8
52
-47
35
-9
2
35
15
-19
46
-18
5
31
6
8
-3
-35
22
26
-20
3
3
5
26
5
-10
17
-8
-18
13
16
48
6
-27
-15
39
-23
65
-51
24
27
-18
44
-1
-9
8
43
-58
31
-16
-6
28
0
-12
-36
39
15
-1
49
-31
-5
-12
-18
14
17
12
-47
21
-7
65
3
-79
90
-84
47
23
-80
61
-27
4
-4
66
-42
-6
41
-46
84
-31
-10
-5
-17
10
-5
14
-6
33
-50
24
13
-43
21
-44
14
48
-26
-12
7
-27
60
-18
-39
37
-34
41
-23
0
-11
-32
33
-39
64
10
-26
21
-49
39
-21
-11
-25
-39
57
-74
63
-15
-36
15
-8
24
29
-57
42
-31
20
53
-32
8
-24
29
-5
-18
58
-78
44
6
-73
91
-72
32
-14
-10
37
-5
-35
37
-16
8
31
-55
27
2
-51
43
-12
-3
44
-33
-7
16
2
2
3
4
-1
29
15
-7
9
29
-6
61
-56
6
-58
15
15
-8
-23
24
4
-15
83
-61
4
-19
30
46
2
8
0
3
-24
3
-6
39
-10
24
12
-5
-1
-16
2
26
44
-52
69
-80
-3
43
-23
29
-20
43
-22
-31
4
-26
92
-14
-32
21
-31
58
-32
-45
80
-1
22
3
-31
22
-11
-21
43
-56
9
37
-25
-4
39
-7
-33
88
-90
-21
88
-93
52
-5
-50
43
26
-21
-13
8
-49
78
-3
-37
-5
-66
35
25
26
15
-65
-17
15
28
-2
23
-112
51
57
-73
97
-67
-13
60
-56
22
16
-65
63
-6
-36
47
-61
15
39
-64
20
1
-14
1
65
-40
30
14
-25
54
-19
-35
38
41
1
9
-43
24
16
-35
43
-21
-33
85
-90
88
-10
-107
59
-64
16
95
-43
-24
68
-51
73
46
-115
-11
85
-37
86
-8
-101
64
7
75
3
-66
61
-81
105
9
-64
90
-112
67
-67
90
-76
17
31
-79
92
-117
106
-75
18
103
-45
88
-28
-74
42
27
-65
20
50
-19
33
41
-129
40
-21
11
121
-69
-25
14
-59
78
40
-53
66
-70
39
53
-32
15
16
-98
76
17
-100
102
-78
-57
167
-141
59
14
-126
137
-29
32
-42
17
-14
56
41
-78
73
-99
24
112
-43
30
17
-72
52
3
-62
107
-111
-31
67
-49
-14
14
-5
-23
30
-10
-65
82
-39
18
-16
-42
88
-85
21
74
-78
70
-17
-31
39
-56
4
-11
1
41
-50
6
48
-114
99
-26
-21
1
-54
27
13
7
29
-24
3
21
15
45
-46
58
-38
33
-24
-28
27
-69
109
-41
-22
34
-74
20
52
-32
-10
-11
62
-36
36
68
-140
85
50
-100
117
-13
-114
46
61
-85
34
83
-134
86
54
-88
124
-28
-85
98
-44
-33
80
-34
-16
8
66
-31
12
-90
27
36
-32
38
-40
44
26
-57
117
-68
-32
133
-120
80
31
-114
7
154
-86
-1
103
-189
98
22
11
50
-139
24
-4
-24
93
-76
-46
62
48
13
50
-67
-31
34
37
-19
98
-147
44
94
-145
107
-85
-66
145
-71
-60
109
-86
49
28
-84
112
10
-123
59
-11
-4
114
-37
-63
-4
20
-53
142
-44
-108
157
-73
-14
36
-21
-20
116
-102
-31
8
-42
112
-50
-6
3
-40
40
-22
71
-83
-57
68
-39
129
-156
53
50
-67
45
31
-108
36
62
-112
75
61
-57
-52
191
-211
87
110
-257
167
28
-115
85
22
-16
-18
-28
29
-18
22
43
-48
35
34
-33
-11
66
-26
-20
36
-100
104
-61
-25
152
-92
-70
102
-77
24
95
-78
83
0
-67
43
20
-84
87
-21
-61
67
-31
-12
-11
59
-123
22
125
-95
-27
129
-104
-67
197
-115
59
16
-149
161
-22
-6
-22
69
10
-85
233
-178
30
-25
-47
107
-86
13
-9
-144
203
-52
-88
150
-138
46
74
-60
-134
149
-12
-47
164
-139
-20
115
-61
13
97
-127
9
94
-139
126
-43
-68
67
-15
-33
26
-43
23
34
-79
89
-49
-57
130
-45
-31
111
-40
-47
59
-44
18
21
-42
-45
37
94
-90
-35
103
-13
-135
130
2
-25
122
-233
103
-13
-64
118
49
-68
-68
90
16
-31
59
20
12
-92
70
-76
41
109
-223
115
35
-40
16
-24
168
-190
115
-43
17
145
-202
186
-162
17
37
-1
90
-33
-5
-69
104
34
-144
69
47
-14
-72
112
-88
-135
339
-196
-69
299
-280
6
192
-80
58
49
-150
1
101
-22
94
-29
-147
110
-8
121
-169
-44
151
-150
208
-133
102
-50
34
-75
145
-31
-200
189
-73
-46
72
-17
-240
273
42
-220
239
-75
-171
293
-244
5
178
-136
106
-29
-91
146
-129
74
65
-180
155
-213
90
137
-302
252
-76
-61
102
-103
42
87
12
-108
67
-93
24
126
-84
-31
32
9
-57
97
-109
2
-9
-50
103
-136
134
-75
-62
160
-118
-30
63
-47
-13
137
-152
48
140
-151
11
124
-108
-56
192
-185
24
145
-227
275
-95
-160
258
-254
105
-58
166
-169
38
126
-143
6
126
-125
1
58
-50
-22
64
16
-124
227
58
-305
296
-175
-154
467
-279
-23
272
-440
228
239
-389
272
-65
-170
263
-251
200
103
-352
354
-18
-289
290
-37
-229
140
180
-279
237
91
-362
461
-96
-233
285
-212
-96
379
-465
425
-146
-210
544
-570
254
220
-549
644
-312
-82
289
-303
174
-118
150
-89
-169
354
-319
178
58
-268
174
-57
141
-179
86
204
-407
279
89
-408
285
102
-352
180
217
-392
281
164
-505
302
-13
26
-44
60
-200
43
266
-220
114
-34
-134
62
127
-192
75
88
-286
302
-82
19
-48
-66
54
-83
267
-309
64
150
-264
236
140
-363
121
52
-189
197
-51
-8
-266
327
-68
-124
369
-221
-104
201
-136
-1
180
-5
-286
205
10
-220
274
-81
-102
149
-78
-30
154
-180
303
-458
351
-29
-197
392
-359
-122
513
-474
176
297
-669
520
-138
-198
391
-339
85
7
-54
21
174
-100
-128
37
168
37
-78
48
-97
-57
395
-222
-49
153
-335
159
159
-148
-79
123
-40
-217
491
-241
-138
429
-557
320
268
-528
511
-174
-350
517
-178
-141
325
-281
-176
631
-571
72
351
-416
98
243
-357
306
-20
-260
289
-292
177
199
-251
340
-366
44
243
-283
273
-288
81
70
-184
299
-384
325
-225
-50
426
-606
437
-24
-426
468
-87
-213
322
-289
69
122
-34
-12
52
-138
225
-146
-22
398
-490
-23
360
-220
41
268
-559
280
111
-324
471
-137
-368
549
-422
61
566
-746
425
44
-377
351
29
-314
344
-54
-368
612
-563
118
366
-586
268
296
-597
487
-143
-300
470
-100
-179
242
-161
-45
133
115
-376
369
-413
32
568
-802
554
-149
-304
681
-640
292
95
-436
652
-370
-72
276
-321
196
157
-438
416
-86
-154
260
-192
-45
299
-294
44
249
-352
84
271
-451
361
-73
-168
423
-394
97
162
-169
-109
272
-17
-133
99
167
-280
97
203
-327
236
-19
58
-335
456
-111
-333
345
-61
-135
72
-28
-6
-59
137
-230
143
115
-286
283
-24
-142
66
35
42
-149
181
111
-536
719
-558
160
477
-747
437
-13
-347
112
377
-658
659
-394
-123
671
-896
592
-299
138
106
-279
285
-100
2
-27
-32
161
-210
-25
478
-655
408
-102
37
-36
-154
304
-101
-106
150
59
-300
259
-104
-153
355
-141
-264
248
81
-400
452
-60
-376
590
-416
100
5
61
-86
-123
379
-240
-234
623
-766
791
-312
-381
885
-985
558
62
-493
461
-383
414
-331
-197
828
-1074
652
187
-764
718
-429
186
82
-265
492
-611
288
300
-855
1233
-844
-166
1136
-1533
1075
8
-801
1250
-1104
400
386
-1116
1431
-1271
614
402
-1336
1780
-1225
198
719
-1335
1395
-962
322
289
-1106
1423
-970
144
825
-1441
1342
-265
-873
1346
-1063
-42
1088
-1310
950
-151
-532
976
-1216
1122
-528
-273
1041
-1350
1009
-74
-955
1557
-1412
613
477
-1218
1385
-931
315
154
-454
680
-788
451
295
-951
1209
-962
324
449
-955
904
-371
-53
323
-277
105
-52
361
-490
85
447
-826
570
188
-684
407
56
-432
452
108
-380
153
230
-342
152
-4
136
-411
471
-129
-508
911
-833
559
66
-507
629
-648
439
-331
353
-42
-492
929
-831
125
526
-828
813
-501
-16
382
-525
414
-437
152
254
-414
470
-330
-17
350
-437
341
-209
-100
113
-75
219
-251
314
-136
-268
653
-689
277
49
-3
-150
319
-561
499
-173
-275
177
131
37
-159
148
-259
169
-49
188
-402
437
-185
-177
506
-567
327
33
-130
74
-274
451
-563
506
99
-887
1300
-1047
235
432
-540
455
-476
448
-343
65
405
-849
919
-398
-230
836
-1106
912
-552
222
93
-342
583
-655
636
-543
284
169
-431
322
56
-200
99
-91
202
-234
70
152
-182
364
-601
680
-548
534
-272
-115
369
-434
446
-296
161
-7
-246
397
-450
465
-388
-13
572
-941
719
-33
-541
373
156
-344
248
90
-348
323
-206
17
245
-213
42
52
-39
182
-120
-303
667
-731
156
594
-813
701
-457
134
-85
403
-435
-163
843
-1042
575
264
-517
409
-432
203
94
9
-91
40
-65
-19
287
-175
-121
348
-455
359
-240
41
440
-897
800
-308
-57
245
-380
475
-602
842
-861
460
-76
-122
262
-455
410
-61
30
-15
15
-69
-55
448
-667
388
83
-707
883
-467
43
222
-413
449
-407
570
-490
383
-178
-270
753
-912
738
-372
-76
155
-67
37
-73
53
-23
-110
526
-612
378
-145
-219
750
-1122
1204
-1051
473
-18
-217
652
-819
916
-1022
922
-519
-124
710
-806
636
-529
389
-58
-126
-160
225
57
-666
1225
-1140
637
196
-486
412
-148
173
-705
827
-332
-291
588
-853
487
90
-150
86
-311
662
-604
179
196
-130
-153
363
-211
-308
705
-655
148
382
-342
76
-85
83
-91
303
-154
-323
539
-428
20
253
-42
-369
451
-54
-392
429
-99
-321
310
218
-754
665
-318
-461
905
-571
14
256
110
-681
644
-32
-578
917
-709
263
-2
22
-139
232
132
-576
768
-456
-263
786
-769
178
365
-419
-87
843
-882
143
586
-765
347
184
-239
-193
329
-190
167
-94
-93
464
-792
711
-392
-110
699
-964
532
316
-535
125
667
-1173
685
527
-1463
1653
-821
-433
1225
-992
181
808
-1140
600
66
-302
109
352
-567
327
323
-944
1096
-497
-135
421
-556
213
160
-283
160
-172
394
-432
564
-536
299
65
-531
897
-817
714
-543
-153
883
-941
489
82
-349
173
45
95
-344
583
-185
-526
1013
-1119
460
272
-970
1048
-842
844
-692
536
-261
34
98
-115
532
-951
1010
-823
399
-4
-175
330
-477
318
-93
105
108
-167
299
-288
87
8
-110
341
-675
395
-23
-332
441
-290
-78
65
195
-181
341
-296
22
5
62
17
-174
193
76
-256
353
-289
-23
301
-531
769
-505
106
-206
405
-356
-83
546
-822
617
-400
192
90
-88
58
-251
259
-177
60
149
-254
179
65
-537
549
-240
-140
413
-526
477
-41
-261
477
-568
392
-127
60
-248
324
-312
222
11
-127
-65
193
-109
17
223
-466
699
-658
177
35
61
263
-466
372
-176
125
165
-230
55
-163
226
-164
166
51
-376
554
-521
291
-36
15
-60
-11
-84
134
121
-347
352
-258
45
180
-165
170
-254
-81
437
-361
244
-101
-59
224
-311
238
-173
222
-78
41
-183
103
341
-811
764
-173
-456
487
-175
-159
419
-232
-71
389
-236
-216
509
-352
73
225
-220
165
-120
243
-254
207
-189
363
-283
-24
361
-770
860
-318
-505
901
-640
-50
542
-454
24
362
-333
-121
688
-801
360
274
-727
569
-26
-361
342
62
-598
771
-127
-737
963
-580
-45
547
-579
414
-263
102
207
-370
288
-167
62
-4
-33
-199
223
-112
58
-35
-111
242
-404
376
-84
-245
349
-216
-211
647
-821
390
-24
129
-360
357
-260
-83
411
-187
-248
618
-448
45
333
-538
226
259
-189
-115
352
-585
471
-116
-8
58
20
-142
92
-52
100
102
-653
928
-702
206
107
-232
272
-55
-126
150
21
-161
144
-98
36
-100
129
-32
12
51
-105
9
354
-498
278
-97
-20
188
-185
-96
338
-367
301
-82
-123
351
-529
393
-239
83
117
-178
65
283
-486
197
249
-448
481
-335
165
-1
-32
325
-507
555
-471
111
445
-915
899
-487
-21
298
-370
263
105
-441
497
-376
90
308
-644
823
-585
78
210
-176
55
26
-33
11
-41
16
224
-515
548
-262
-127
519
-632
405
76
-385
475
-287
58
93
-268
347
-205
-264
612
-620
345
110
-503
707
-684
375
-66
-130
212
-90
-14
76
-27
36
-221
275
-233
-89
511
-569
300
86
-332
298
-160
140
-91
15
155
-243
149
-12
-83
31
54
-100
-10
173
-325
304
-24
-272
479
-530
197
197
-504
423
-148
-57
58
-239
315
-128
53
-104
23
328
-548
360
27
-333
341
-38
-312
575
-555
308
91
-303
199
38
225
-451
337
-278
109
96
-98
115
-204
191
-48
-10
-24
-66
6
279
-588
601
-346
-40
369
-585
579
-236
-50
71
-122
201
41
-264
343
-176
-141
362
-270
121
-53
70
-77
36
3
224
-205
75
-102
102
59
-113
172
-415
284
-80
-109
330
-445
279
89
-260
290
-202
209
-59
67
-206
271
-187
164
133
-233
108
137
-385
186
93
-548
718
-547
328
-51
-235
255
-226
23
71
0
-193
259
-76
-53
183
-150
-248
350
-256
213
220
-382
187
-91
-14
188
9
-419
459
-517
347
305
-635
595
-473
254
130
-99
-112
32
-2
-63
230
-141
91
-6
-266
246
-130
117
93
-258
198
-153
119
25
-37
82
-166
180
-113
-35
107
-313
244
-10
-162
214
-120
-35
189
-33
-165
150
-64
3
-179
190
-138
96
54
-184
201
-192
73
184
-311
346
-262
-2
303
-341
552
-470
240
-87
121
0
-59
105
-273
288
-4
-153
183
-149
-63
293
-241
12
112
-151
-96
398
-259
8
77
-115
90
-19
204
-235
86
-107
24
293
-512
530
-211
-140
374
-442
387
-365
287
15
-138
249
-124
-65
129
-136
-22
218
-284
247
-42
-27
119
-204
236
-332
225
-17
-172
129
-63
12
93
-194
142
-109
271
-246
118
27
-392
539
-376
186
21
-128
84
63
-22
-101
218
-313
446
-287
-60
324
-414
404
-315
102
134
-245
222
-357
456
-314
173
124
-445
477
-373
91
155
-281
238
-128
-27
56
40
97
-206
65
-61
126
144
-253
127
-139
51
205
-229
92
100
-407
395
-161
69
59
-200
106
4
43
-119
197
-159
135
58
-94
48
65
-293
402
-160
-108
170
-202
12
164
-36
-102
191
-338
309
-210
21
99
-192
265
-223
209
-147
55
14
-63
-91
109
-22
-11
142
-201
359
-317
102
192
-324
359
-289
51
138
-331
403
-314
128
9
-220
449
-346
180
45
-208
238
-287
306
-214
171
-13
-137
259
-247
55
156
-183
162
-148
-106
258
-331
271
-78
-72
127
-69
5
-104
124
144
-16
-103
150
-244
182
-48
-47
49
-125
282
-285
187
21
-248
227
-49
-2
13
100
-139
217
-106
-129
143
-125
73
-128
153
-80
59
52
-294
317
-154
-19
122
-261
235
-293
226
-99
-53
228
-158
-102
53
-6
85
-10
82
-86
-17
199
-358
416
-330
150
-38
-64
121
-113
233
-341
471
-383
101
364
-496
342
-268
92
107
-244
279
-328
458
-233
-48
132
-152
233
-160
207
-211
-19
283
-316
163
165
-285
138
-75
203
-253
273
-256
-16
205
-263
370
-264
8
18
-117
232
-11
-175
213
-230
243
-159
46
147
-208
124
54
-96
40
-104
81
-119
137
93
-125
194
-309
248
-208
197
-83
-38
-16
50
-140
236
22
-442
657
-622
502
-158
-75
331
-491
319
-95
172
-59
-154
56
-176
291
-149
84
205
-533
375
-113
-76
163
-109
-8
-22
-92
208
38
-187
146
-82
-3
139
-167
139
-11
-239
438
-335
323
-400
211
-5
-135
272
-351
23
178
-243
404
-163
-93
172
-380
364
-170
-49
175
-250
254
-36
-63
82
-154
103
45
-53
14
9
67
-58
-58
16
-14
-136
348
-208
109
127
-319
260
-238
108
47
-36
30
-178
295
-426
386
-195
-40
231
-325
318
-160
95
4
-98
77
59
-5
-14
53
-152
237
-158
224
-236
-60
246
-229
257
-185
40
-52
115
-64
7
-19
-77
18
128
-10
73
-109
-2
22
-91
164
-92
31
-49
-62
-2
87
0
-98
29
132
-182
211
29
-148
153
-168
148
3
-88
90
-97
37
11
-8
1
57
-73
115
9
-40
-57
-10
-25
49
84
-101
139
-109
-43
-41
84
-32
198
-146
-80
93
-106
123
-134
127
-111
-37
86
58
14
0
-129
43
-74
183
31
-142
162
-240
165
133
-220
102
-34
-114
-87
229
-125
62
-29
-114
196
41
-178
101
-143
-75
194
-91
171
-188
27
120
-151
117
-70
-8
-67
119
38
-114
189
-292
221
-2
-126
173
-82
21
-20
-98
77
63
-102
65
78
-186
155
32
-71
-5
213
-282
226
-83
-74
164
-185
126
5
-13
53
-46
-187
302
-155
85
61
13
-87
11
-20
52
-22
67
-86
-87
186
-109
163
-96
-60
-62
19
146
-180
202
-138
83
34
-157
219
-70
-98
10
54
-78
96
92
-291
250
-112
116
99
-154
11
-59
-80
167
43
-121
117
-129
21
33
5
-58
121
-190
155
-13
-44
40
-150
148
6
-38
95
-112
98
-128
111
-6
-14
121
-232
155
-172
82
61
-52
-75
16
29
29
2
-8
-16
8
-39
31
82
-57
-24
32
130
-144
132
-81
-32
70
-60
-15
41
37
-140
22
158
-188
201
-67
-214
215
-105
-17
185
-209
1
79
-103
88
118
-172
86
83
-128
186
-42
-48
-91
254
-234
109
61
-189
172
-34
-14
4
57
-132
59
-109
-70
192
-84
125
29
-141
187
-159
98
-51
21
-95
64
5
33
4
8
-40
143
-130
101
34
-182
75
-90
78
35
-65
-106
-31
140
-140
332
-131
2
-131
67
108
-35
45
-68
-47
-18
138
-77
0
-69
-8
46
25
-16
36
-70
78
33
-44
68
-104
-165
191
45
87
122
-116
79
-73
-18
22
47
-42
-137
223
-123
154
-5
-187
149
-150
170
26
-77
31
-35
9
-28
20
39
-13
-31
213
-121
201
31
-190
230
-252
141
7
-161
232
-111
132
-61
-21
9
-154
219
-298
267
-50
4
57
-122
57
-35
-10
27
-157
27
-21
61
-77
46
23
30
127
-177
66
-3
-61
21
-53
16
-80
104
-28
-75
168
-5
100
-35
41
-37
-142
236
-294
166
138
-280
183
157
-438
427
-186
-230
316
-332
-36
178
-343
64
141
-167
172
61
-148
98
-130
39
150
-72
-26
58
-4
-44
70
-66
-54
68
-24
-103
6
43
-123
72
-11
-96
162
-4
-185
158
3
-313
236
-185
-292
259
-226
-11
331
-282
-102
220
-148
63
256
-179
-30
78
-11
223
-101
3
-90
243
-57
240
-151
-201
183
-194
32
196
-170
-34
212
0
-57
126
-195
-27
151
-89
165
226
-59
54
142
-106
59
37
-321
230
21
-112
275
71
92
-116
128
-44
-4
284
-131
204
-136
-30
218
-63
16
-52
-37
-16
204
140
-86
-88
43
-219
263
-132
-137
31
-54
-193
260
-205
-289
233
-192
58
101
-8
41
8
-175
-166
435
-431
-63
73
-543
352
-132
-264
39
-341
-9
-43
-187
-126
-231
-195
5
177
-111
-115
84
-198
205
307
-64
202
8
-11
148
-18
120
148
202
236
174
186
102
70
291
340
134
190
223
220
144
348
256
72
372
-76
125
406
-25
66
130
-47
93
100
-226
190
-132
-25
284
-377
81
81
22
-48
31
143
-202
63
-193
25
68
-94
-278
-501
98
-412
-331
-152
-950
-183
-95
-927
-247
-297
-960
-357
-310
-546
-127
-509
-851
-214
-316
-698
-369
-610
-898
-741
-681
-500
-493
-700
-703
-851
-1117
-525
-377
-376
926
1662
2088
2342
1862
1582
1660
1538
1233
1465
1429
1338
1515
1559
1364
1031
584
-316
-368
-417
-809
-670
-716
-694
-586
-687
-905
-755
-842
-1012
-778
-421
174
258
469
645
554
968
1069
1034
925
916
1341
1311
1105
1083
851
326
262
283
-279
-257
-698
-1046
-591
-1240
-1177
-794
-1580
-1524
-935
-868
-980
-1224
-1060
-449
-344
-282
-186
-584
-621
-285
-193
-302
-715
-770
-263
-467
-685
-416
-940
-1233
-1070
-1439
-1297
-1456
-2237
-2236
-2514
-2746
-2173
-1984
-1518
-475
468
2304
3855
3741
3279
2904
3110
3347
3351
3405
2967
2987
3235
3528
3377
2272
1034
-275
-881
-885
-950
-1268
-1793
-1967
-1862
-1816
-2117
-2609
-2995
-3102
-2752
-2025
-1166
-645
-417
60
643
944
1013
1077
1078
1266
1672
1999
2196
2632
3835
3909
2670
1677
1032
995
427
127
256
-633
-867
-94
140
-308
-920
-1834
-2035
-1247
-738
-470
-754
-1192
-802
-343
-348
-438
-586
-965
-1221
-751
71
267
-237
-774
-717
-325
-351
-578
-866
-1182
-940
-666
-451
-518
-1407
-1856
-1788
-1785
-1322
-1020
-1984
-2337
-1473
-1320
-1309
-1821
-2595
-2699
-2706
-2628
-3669
-4868
-4714
-2511
2254
5622
5986
5131
3910
4762
6457
6351
5422
3925
3361
4711
6281
6945
5650
2841
12
-1458
-668
-190
-1918
-3732
-3896
-3030
-2088
-1740
-3216
-4920
-5294
-4961
-3138
-1525
-1328
-1550
-1391
375
2394
3145
2445
1146
1062
2252
3622
4280
4013
3175
2417
2319
2497
1939
732
36
-251
-239
283
279
-383
-1393
-1975
-2031
-2097
-1369
-1233
-1905
-1825
-1035
671
1795
1268
745
733
748
759
950
1408
676
-140
757
936
517
198
-1277
-2415
-1756
-707
-891
-1631
-2411
-2876
-2467
-2363
-2651
-2299
-2067
-2580
-2358
-1111
-819
-1502
-2063
-2116
-1188
-389
-546
-921
-1525
-2166
-1396
-614
-1379
-2423
-3320
-3335
-4000
-5587
-6949
-6943
-2152
4740
9533
9845
6982
5869
6364
7401
7734
6193
4168
3677
5683
8525
9531
6434
1599
-1716
-3359
-2392
-1989
-3644
-4835
-4742
-2835
-1837
-2284
-3800
-6066
-7057
-6587
-3688
-522
547
514
949
2239
3151
3240
2403
1347
1176
2539
4543
5827
5337
3645
2349
1684
1364
226
-1138
-2333
-1948
110
1036
525
-1127
-1661
-2205
-2666
-954
-792
-1582
-1167
186
2501
4179
3403
1199
260
282
733
1732
1572
184
-25
17
-714
-146
-154
-2471
-3904
-2984
-1311
-185
-754
-2070
-2264
-2068
-2176
-2457
-2595
-3190
-3235
-1344
101
443
-22
-1344
-2357
-2081
-993
-920
-851
-659
-1174
-708
-483
-1381
-2203
-3821
-5314
-4659
-3351
-4202
-6589
-7955
-6670
-309
8396
12373
10641
6364
4475
6833
9076
8850
6093
3205
3715
6821
10347
9810
3661
-2462
-5646
-5125
-1981
-1095
-3609
-6400
-6116
-3182
-1395
-2334
-5412
-8109
-7788
-4341
194
2442
1907
558
516
2783
4668
4402
2825
1371
2204
4642
6366
6222
4103
1901
388
563
1828
796
-1562
-3371
-3443
-2043
-394
1267
-245
-3613
-4408
-2468
-5
818
807
219
-185
2575
5684
4729
2162
-79
-1515
-385
1664
2045
528
-1252
-2192
-1150
983
-226
-3617
-4694
-3467
-1504
407
481
-1729
-3238
-2843
-2034
-1500
-1557
-2347
-2472
-1211
45
501
-117
-1944
-3068
-1820
-175
238
-60
-1142
-1989
-1536
-905
-967
-1876
-4075
-5343
-4313
-3225
-3375
-6358
-10812
-11122
-3413
8575
15079
13124
6808
3313
6314
9650
9943
6771
2180
2757
7246
11379
11223
4980
-2935
-7826
-6716
-2246
-438
-3803
-7515
-7350
-3961
-300
-964
-4693
-9030
-9921
-5306
365
3773
2700
352
772
3453
6204
6483
4018
1065
1039
4270
7439
7687
5022
1357
-1038
-795
269
-434
-2535
-4122
-4112
-2732
-468
325
-1688
-3889
-3914
-1613
606
1960
1691
233
499
2670
5399
5485
4205
2381
-204
788
2743
2397
702
-1892
-3491
-2506
-681
-1350
-3385
-3788
-3089
-1734
271
-176
-3035
-4253
-3759
-2260
-223
-328
-1969
-2671
-1811
-565
149
234
-1011
-1977
-1236
624
1752
1694
250
-2006
-1445
-495
-536
-929
-2529
-3178
-3482
-3046
-2144
-2527
-3859
-7110
-10788
-11345
-7183
1738
10965
13776
10885
7394
6318
7822
8692
7219
4586
3394
5977
9958
11129
7770
901
-4883
-6448
-5139
-3092
-3245
-5807
-6479
-4240
-2039
-2000
-4655
-8171
-9604
-7570
-3021
1134
2718
2284
2090
3460
5217
5253
3503
1837
1922
3973
6344
7090
5462
2808
484
-767
-1051
-1792
-2900
-3781
-3074
-1566
-1082
-1136
-1929
-2629
-3433
-2844
42
1257
1726
2307
1540
1910
3474
4590
4494
2911
2363
2226
1178
1411
865
-1270
-2203
-3219
-2867
-1175
-1913
-3044
-3187
-2322
-1513
-1275
-782
-1979
-3262
-2563
-1307
-918
-293
-334
-1629
-1483
-1087
-148
615
-401
-1135
-1055
16
463
-510
-1203
-2006
-2096
-857
-811
-711
-557
-1919
-2217
-2553
-3310
-4212
-5522
-5217
-5191
-6855
-10014
-11821
-6762
4037
13467
15423
10606
6179
6103
8283
10317
9406
5662
4418
7167
10471
11018
6712
-1094
-7533
-8648
-5323
-2420
-3189
-5974
-7122
-5233
-2810
-3068
-5782
-8241
-8467
-5902
-992
3532
4702
3255
2401
3297
4954
6393
5982
3987
3368
5329
7168
7110
5178
1547
-1586
-3090
-2452
-1472
-1876
-3171
-4965
-4135
-2548
-2780
-3659
-4878
-5140
-4276
164
6209
6997
3662
951
1817
4698
6396
6680
3694
119
709
2490
2458
-349
-3967
-5622
-5743
-2995
-47
-651
-3397
-5308
-3238
313
1017
-828
-2859
-2940
-1160
1148
2334
1169
-1552
-3226
-2391
-610
864
905
-783
-2141
-1438
814
1376
-114
-2312
-3052
-1283
237
1254
181
-2262
-3324
-3011
-1455
-1754
-3859
-5784
-6759
-5111
-2805
-3889
-8969
-12850
-10072
21
12016
17398
14393
7548
4138
7343
10852
10972
7813
4196
5463
9405
12218
10362
1941
-6659
-10379
-8027
-2817
-1134
-3705
-6821
-6897
-4481
-2697
-3992
-7862
-9897
-7608
-2356
2949
5803
5169
2628
1877
4047
6376
6335
4355
2588
3356
6487
8338
6093
1187
-2932
-4440
-3640
-2162
-2013
-3669
-5193
-4906
-3259
-1751
-2098
-4342
-5444
-2841
1856
5089
5601
4308
2359
2057
4616
6635
5650
3975
2661
1583
2428
3182
438
-3263
-4834
-4302
-2012
-363
-1250
-2838
-3588
-2956
-947
480
-92
-1663
-2108
-723
816
1279
485
-1230
-1926
-801
260
312
-2
-402
-533
-41
299
-296
-1269
-1971
-2027
-1126
-469
-1373
-2594
-2807
-2754
-2916
-3056
-3599
-4407
-4123
-2840
-2442
-3253
-4122
-5050
-7233
-10719
-11645
-5468
5892
15159
17017
12833
8307
6438
7198
9155
8618
5857
5639
8341
10622
9784
4485
-3186
-9075
-10189
-6822
-3433
-3494
-5532
-6506
-5398
-3792
-3843
-5793
-7884
-7562
-3674
1705
5223
5778
4838
3974
3862
4509
4907
4185
3336
3875
5363
6133
5041
1979
-1611
-3835
-4261
-3590
-2941
-3166
-3812
-4046
-3572
-3646
-4658
-4103
-1997
-728
-700
-212
2948
7422
8983
8197
6646
4561
4788
4863
3899
3655
1432
-57
-152
-1453
-2827
-4446
-5768
-6404
-5245
-1965
-1447
-3058
-2612
-2030
-1515
-541
-635
-259
235
-20
557
1787
2708
1242
-982
-822
-637
-290
528
394
-286
-966
-809
-1296
-2285
-2471
-2976
-3543
-3385
-2687
-2317
-2998
-3860
-3371
-1926
-1530
-1817
-1827
-2096
-3235
-3980
-3324
-4869
-8854
-11359
-7153
4759
15438
18295
13073
6548
4806
6687
9843
10091
7331
5243
6154
9150
9962
5849
-2371
-9864
-11295
-6361
-947
-364
-3601
-6279
-6014
-4345
-3808
-5237
-7063
-6943
-3816
1314
5827
7126
4801
1737
953
2845
5167
5348
3709
2921
4010
5326
4798
1710
-2106
-5164
-5833
-3428
-1136
-1294
-3549
-5303
-5033
-2903
-1609
-2623
-3794
-4298
-438
5171
5701
2420
712
4432
8716
9817
9001
5038
457
655
3638
3177
-390
-3626
-6001
-6430
-3366
-556
-2330
-6127
-7732
-5256
-300
2401
1385
-624
-1311
-202
1971
3915
3104
-643
-2028
389
2287
2521
1436
-1040
-2812
-2498
-821
78
-1673
-4234
-4960
-4161
-3105
-2510
-2636
-3434
-4247
-3051
-269
-53
-2427
-3093
-1781
-937
-1076
-1453
-1424
-2040
-3461
-4109
-6228
-11076
-12043
-3870
9264
18142
17169
9623
3381
3081
7188
10123
8591
5410
5199
8106
10133
8541
3379
-4147
-10281
-10083
-4187
513
-619
-4787
-6823
-5762
-4418
-4884
-6549
-7626
-6454
-2248
3207
6282
5560
3011
1043
1047
3264
5656
5815
4655
4561
5278
4794
2625
-184
-2641
-3961
-3538
-1674
-5
-565
-3188
-4920
-4602
-3724
-3550
-4158
-3531
-589
2368
3247
2734
2587
4188
6703
8663
8752
5296
2435
2053
868
88
-124
-1745
-4840
-5364
-2040
-979
-1830
-2661
-4292
-3452
-847
922
1470
1027
264
-235
1590
2850
496
-1732
-2573
-2384
-354
1145
22
-1867
-2813
-3098
-2914
-2807
-2769
-2869
-2737
-1678
-532
262
-1460
-3830
-3460
-2022
-768
-681
104
368
-1676
-2385
-994
628
-334
-2699
-3616
-3629
-3726
-4894
-8304
-12655
-11351
-555
13317
19146
14242
5964
2048
4106
8767
11446
9182
5826
5828
9948
13147
9499
1431
-7056
-10432
-7043
-1190
1624
-2354
-7598
-8694
-6532
-4562
-4933
-6497
-7526
-5802
-613
5258
7279
4406
341
-889
1327
4713
7157
7224
5226
3701
4214
4855
3003
-785
-4027
-5148
-3692
-764
386
-2017
-5309
-6313
-5360
-4146
-3242
-2932
-2595
-379
3031
4703
4591
5038
5947
5465
4792
5810
5863
3484
1914
1359
-122
-985
-1051
-2849
-5152
-4478
-2045
-1349
-1694
-1597
-2016
-2219
-1156
27
891
1004
4
-60
1142
1128
-87
-928
-1520
-1685
-863
-242
-967
-2183
-2822
-2879
-2516
-1843
-1554
-2049
-2317
-1596
-819
-824
-1359
-1911
-2116
-2278
-1942
-81
1109
-888
-3749
-4134
-2382
-1628
-2897
-3357
-2815
-3927
-6738
-10552
-12399
-6096
7295
17511
17494
10717
5260
4759
7784
10978
11095
8501
6775
8006
10612
10437
4703
-4386
-10848
-10317
-5022
-1065
-1605
-5254
-8159
-7710
-5749
-5254
-6275
-7426
-6964
-3368
2005
5901
6427
3817
754
581
3294
5992
6527
5152
3837
3858
4345
3568
834
-2612
-4707
-4494
-2507
-557
-794
-3239
-5549
-6144
-5260
-3447
-1544
-607
-336
318
1972
5380
9442
9752
5002
749
1254
4224
6082
5563
2702
-929
-2495
-1564
-1194
-2625
-3829
-4203
-3864
-1717
698
226
-2229
-3245
-1823
447
1637
1103
-17
-476
-436
-138
215
-758
-2898
-3539
-2189
-892
-311
-594
-2480
-4252
-3319
-1088
-420
-1177
-1945
-1908
-1009
-604
-1459
-2537
-2878
-2059
-409
507
-256
-1826
-2980
-3398
-2934
-1554
-984
-2650
-4838
-6631
-9570
-11087
-4972
7574
16413
15642
9960
6051
5845
8299
10779
10376
7941
7141
8555
9532
8193
3751
-3300
-9304
-10073
-5866
-1485
-1529
-5371
-7964
-7060
-5542
-5384
-5612
-5772
-5264
-2404
2058
5117
5550
4022
1974
1623
3407
5240
5953
5783
4772
3867
3710
2455
-581
-3018
-3790
-3906
-3431
-2439
-2245
-3160
-4375
-5426
-5405
-3887
-2109
-542
946
1692
2509
5155
8594
9287
6102
2750
2430
4064
5673
5468
2468
-593
-1475
-1967
-2623
-2974
-4299
-5287
-3783
-1497
-153
-37
-1124
-1962
-1460
1
969
613
431
332
-359
-82
-54
-1647
-2650
-2542
-2040
-1238
-548
-483
-2099
-3972
-3466
-1653
-408
-606
-1669
-1466
-921
-1339
-1726
-1969
-1424
-439
-440
-86
518
-683
-3066
-4076
-2740
-2165
-3235
-2589
-1430
-2242
-5091
-10795
-14130
-7174
7344
17751
16640
9967
6391
5959
7935
11112
10253
6600
5783
7793
9906
9545
5339
-2645
-10342
-11307
-6220
-1186
-1514
-6085
-8421
-7186
-5244
-4990
-6370
-7062
-6507
-3537
1854
6190
6755
3625
430
124
2476
5569
6685
5040
3099
3167
3788
2714
306
-1797
-3425
-4338
-3276
-855
-123
-2298
-4665
-5436
-4075
-1922
-651
-250
-415
1055
3694
6257
8126
7455
4578
1860
1947
3987
4648
2791
1181
105
-1365
-1545
-2264
-3958
-4416
-3438
-2412
-1172
603
81
-1845
-2202
-1529
-781
148
495
-108
-327
-250
-140
108
-656
-2002
-2509
-2183
-1489
-1013
-1187
-1845
-2581
-2652
-1854
-1546
-1875
-1777
-1253
-642
-651
-775
-1185
-2071
-2250
-1775
-554
-177
-1036
-1711
-2092
-2034
-2223
-2566
-2908
-3064
-2382
-2234
-4872
-9349
-9468
-578
12136
17937
14061
7751
5113
6200
8705
10136
8761
6464
6552
8284
8465
5970
884
-6164
-11291
-9975
-3979
-273
-2137
-5982
-7492
-6562
-5371
-4998
-5251
-5468
-4469
-1327
3105
6264
5902
2524
-421
11
2998
5520
5870
4451
2907
2678
3085
2048
-125
-1941
-3376
-3463
-1276
876
56
-2805
-4928
-4938
-3392
-1601
-854
-860
771
2814
5362
8244
7023
2931
-513
-161
2811
3856
4344
3266
-627
-2248
-1036
-1200
-3007
-3972
-2974
-2001
-328
2196
1425
-558
-1704
-1944
-223
869
310
-768
-1003
-906
-1193
-781
-1181
-2949
-3704
-3055
-1997
-645
-338
-1704
-2986
-2723
-853
538
72
-888
-1269
-1193
-958
-908
-979
-1116
-1506
-1525
-487
860
675
-1656
-3851
-3370
-1224
-699
-2375
-3418
-2364
-1074
-1446
-3674
-7205
-9342
-5101
5911
15585
16534
10836
5129
3380
6168
10294
10578
6917
4508
5341
6642
6434
3983
-1625
-8491
-11541
-8209
-2087
611
-2174
-6443
-7903
-6849
-5603
-4901
-4508
-4112
-2771
337
4280
6411
4780
894
-1438
-396
2736
5781
6779
5169
3128
2522
2069
694
-470
-1246
-2283
-2434
-785
857
543
-1566
-4245
-5715
-4776
-2389
-127
1355
2272
3361
4333
4371
3690
2667
1714
1460
2440
4672
5792
3863
1134
-765
-2708
-3650
-2682
-1520
-890
-272
-358
-1212
-1565
-2004
-3451
-4175
-3300
-1932
-403
661
230
-1160
-2380
-3003
-2871
-1934
-1099
-1229
-1102
-537
-563
-274
-566
-2121
-1845
-38
368
1031
2342
1678
-83
-1258
-2041
-3079
-2918
-1784
-1573
-1071
-654
-463
-184
-710
-1946
-3113
-2737
-1566
-984
-728
-943
-3640
-8058
-8502
-1620
8685
14331
12230
6724
3975
5249
8064
9393
7490
5258
4365
4697
5376
4709
2319
-2515
-7295
-8211
-4971
-1193
-1173
-4035
-6317
-6825
-5787
-4106
-3137
-2833
-2742
-2391
-631
1951
3601
3433
1621
-26
593
3345
5816
5835
4000
2488
1707
1104
1228
1459
514
-1188
-2321
-1938
-783
-500
-1973
-3803
-4399
-3528
-1458
66
1106
2287
3000
3745
3784
3144
2440
1723
2252
2940
3592
4539
3395
661
-1738
-2803
-2450
-1902
-1561
-1803
-2504
-2469
-1946
-1783
-1992
-2899
-3704
-3222
-2049
-598
561
255
-1201
-2198
-1722
-584
-303
-792
-840
-118
655
729
370
387
603
202
-543
-424
394
336
-814
-1549
-1322
-1102
-1359
-1600
-1481
-967
-83
274
-708
-2039
-2376
-1844
-1450
-1213
-772
-341
-350
-462
-790
-2745
-6139
-7997
-3977
4443
10924
12081
8882
5479
3620
3981
6147
7051
5906
3996
3300
3864
4436
3952
754
-4525
-8171
-7237
-3229
-118
-141
-2275
-4256
-5097
-4912
-4107
-3208
-2895
-2967
-2167
-18
2259
3250
2624
861
-806
-794
1084
3137
4017
3811
2817
1386
522
786
1276
712
-899
-1989
-1224
453
916
-255
-1579
-1838
-1304
-964
-970
-126
2287
4507
4279
2240
699
409
709
1313
1896
1348
63
-159
-95
-1188
-2077
-2365
-3202
-3364
-1711
104
637
-49
-1309
-2054
-1879
-1464
-1112
-668
-237
-49
-263
-716
-915
-733
-648
-825
-599
198
859
1035
612
-259
-700
-420
-19
165
117
-103
-459
-737
-536
-156
-305
-1007
-1571
-1334
-646
-205
-20
-166
-856
-1685
-1814
-961
-177
-98
-60
-89
-278
-171
-548
-2209
-4188
-4803
-3056
664
4695
6747
5970
4322
3407
2882
2862
3500
3855
3400
2612
2194
2302
2523
2157
444
-2065
-3449
-3030
-1874
-894
-352
-488
-1459
-2804
-3627
-3404
-2472
-1793
-1785
-1814
-1181
92
1276
1640
1164
288
-311
-149
595
1620
2409
2326
1794
1547
1617
1755
1355
252
-601
-642
-202
234
347
312
287
-117
-936
-1510
-1231
-116
1055
1591
1729
1861
1869
1412
376
-500
-487
-247
-361
-346
-145
-138
-203
-285
-688
-1247
-1551
-1649
-1363
-516
172
178
-293
-910
-1038
-708
-651
-822
-782
-266
448
826
823
594
159
-157
-346
-417
-17
129
131
68
-352
-551
-829
-1139
-1418
-1221
-689
-553
-522
-569
-393
-340
-352
-619
-538
-48
425
1167
1296
1313
385
-450
-965
-780
-222
-360
-757
-1262
-1340
-1936
-2797
-3577
-3824
-2608
-438
1742
2794
2834
2647
2530
2526
3007
3139
3107
2635
2214
2229
2448
2829
2591
1441
-12
-1032
-1137
-758
-424
-489
-977
-1662
-2201
-2368
-2129
-1734
-1741
-2149
-2215
-1403
-108
778
1026
890
642
470
624
977
1180
1403
1430
1245
919
679
629
232
12
-48
-205
-387
-661
-604
-380
-33
16
-553
-1017
-928
-80
954
1334
1493
1828
1854
1651
1460
982
401
-35
-181
-80
-93
-63
-353
-895
-1028
-1011
-927
-952
-832
-442
-160
149
302
517
832
503
-104
-266
50
905
1126
345
-423
-1254
-1567
-1320
-814
-487
-793
-1050
-1277
-1028
-625
-635
-413
-82
-119
-457
76
982
1145
1317
1098
623
705
752
618
327
-84
-542
-1024
-1545
-2065
-2023
-1951
-2317
-2532
-2468
-2285
-2277
-2405
-2366
-2018
-1676
-1890
-2143
-1579
376
2791
4143
4390
3740
3122
2914
2885
3217
3330
2859
1771
845
812
1061
874
-52
-1275
-2090
-2230
-1816
-1210
-713
-413
-422
-641
-464
8
256
412
312
249
594
989
1149
1045
838
409
215
247
200
208
-16
-122
-110
-206
-386
-697
-999
-1085
-644
-96
262
444
405
364
408
491
684
757
306
-72
162
598
649
431
320
185
173
230
401
668
584
487
484
332
167
146
285
256
264
332
155
-116
-391
-339
-261
-405
-691
-1164
-1411
-1495
-1364
-1115
-918
-868
-1003
-847
-467
-10
355
496
517
511
700
950
899
698
673
713
734
454
21
-109
-278
-526
-725
-1089
-1642
-1894
-1491
-1067
-893
-923
-1320
-1684
-1801
-1434
-691
-299
-208
-197
-59
262
363
323
74
-548
-835
-612
-700
-1265
-1652
-1218
-93
923
1408
1284
783
550
774
1116
1428
1649
1601
1396
1365
1485
1522
1513
1461
1184
832
691
632
535
506
423
155
-185
-471
-626
-659
-490
-149
4
13
-8
-252
-387
-287
-319
-286
-187
-308
-462
-498
-352
-50
87
-38
-332
-624
-624
-277
165
296
160
193
324
612
1164
1437
1268
842
559
921
1439
1317
993
885
865
921
727
368
-216
-711
-838
-1068
-1264
-1477
-1543
-1598
-1480
-1007
-816
-554
-293
-69
459
1015
1361
1235
665
489
888
1091
1182
952
350
-170
-268
-133
-493
-741
-1019
-1553
-1673
-1437
-1202
-1356
-1422
-1263
-1131
-842
-608
-433
-266
-235
-192
74
488
716
642
557
451
-45
-198
239
114
-350
-762
-1074
-1247
-1429
-1258
-1375
-1815
-2053
-2065
-1692
-1301
-1141
-1365
-1662
-1640
-1294
-638
306
1569
2621
3041
3027
2865
2689
2520
2335
2067
1835
1804
1814
1545
1179
1081
974
477
-134
-406
-401
-292
-71
114
53
-195
-552
-1003
-1203
-765
13
379
103
-312
-412
-258
-73
81
98
-92
-312
-207
353
946
1040
458
-228
-348
75
417
449
328
121
68
-47
-160
-340
-528
-373
-288
-126
-86
-113
-119
-476
-605
-366
126
481
537
780
1049
1122
1284
1369
725
-95
-213
190
678
986
818
164
-504
-771
-614
-640
-1073
-1367
-1249
-926
-464
-171
-520
-928
-1204
-1232
-812
-332
99
11
-109
118
296
398
148
-129
-309
-311
183
563
463
136
-90
-521
-1215
-1362
-1196
-1033
-818
-807
-837
-892
-1140
-1275
-1031
-806
-566
-291
-330
-452
-576
-537
-333
-135
-227
-655
-783
-587
-321
-174
-342
-742
-872
-81
1430
2697
2956
2391
1816
1774
2209
2673
2739
2242
1460
882
647
650
778
820
469
-168
-680
-855
-653
-354
-54
56
-119
-351
-592
-452
-36
346
537
417
342
387
525
646
605
463
142
-311
-691
-765
-521
-279
-369
-715
-951
-970
-832
-668
-588
-647
-789
-667
-270
279
687
648
656
906
1135
980
660
810
1160
1458
1594
1401
1035
672
454
94
-370
-462
-351
-489
-820
-799
-635
-714
-730
-900
-976
-854
-909
-619
-352
-173
165
-6
-226
-138
56
295
379
275
82
81
-49
-494
-699
-688
-609
-512
-453
-611
-683
-634
-933
-846
-960
-847
-181
-194
-111
-54
-12
-331
-528
1
438
740
361
-45
-826
-1181
-400
-132
-197
-570
-663
-391
8
270
-411
-679
-495
-729
-1019
-1157
-1024
-1071
-817
284
1796
2927
2824
2172
1567
1485
1713
1633
1748
1834
1816
1346
618
416
386
450
147
-310
-396
-489
-281
-42
266
675
639
230
-530
-759
-383
-10
249
126
-124
-446
-582
-510
-488
-511
-736
-1048
-1184
-883
-236
301
310
-112
-426
-400
-100
281
601
777
774
832
883
893
760
354
212
391
556
423
275
381
332
212
180
-19
-622
-941
-400
219
179
-220
-600
-1122
-1176
-531
80
556
663
438
309
96
-9
64
-91
-166
-217
-423
-264
-157
-465
-663
-1005
-1389
-1418
-1217
-757
-431
-428
-502
-378
-305
-382
-267
-167
106
441
684
833
719
658
434
-22
-386
-432
-250
-199
-276
-209
-51
-207
-737
-1298
-1486
-1488
-1294
-727
-291
-341
-819
-1125
-1133
-1025
-573
-281
-650
-1505
-2111
-1904
-1033
653
2503
3340
3087
2650
2903
3276
3403
3303
2848
2241
1624
1334
1175
1173
1182
492
-670
-1565
-1622
-1309
-1151
-1014
-1002
-1019
-1187
-1441
-1363
-962
-322
178
472
738
870
964
929
821
707
437
90
-72
165
618
833
488
-127
-522
-656
-713
-767
-771
-785
-888
-932
-751
-511
-334
-165
-99
73
638
988
724
552
766
898
963
1304
1722
1784
1545
1111
231
-680
-988
-1075
-1257
-1255
-1157
-1294
-1568
-1596
-1234
-888
-783
-682
-512
-75
468
581
343
238
345
343
423
542
385
301
372
406
124
-311
-283
-368
-720
-709
-466
-81
182
117
-212
-786
-1081
-1017
-908
-389
355
497
138
-251
-532
-652
-577
-261
72
187
96
-227
-572
-630
-588
-784
-1170
-1396
-1206
-770
-498
-629
-1197
-2058
-2799
-2760
-1434
947
3206
4122
3856
3559
3540
3268
2791
2533
2370
2121
1939
1679
1149
690
363
-450
-1655
-2143
-1605
-992
-815
-674
-508
-743
-1260
-1453
-1038
-216
537
805
714
737
904
864
623
461
318
94
-63
-87
-90
-41
29
-213
-752
-1027
-892
-851
-867
-552
-131
-159
-545
-587
-124
425
474
177
83
526
1309
1321
873
837
786
399
230
648
1142
1444
1150
60
-1019
-1316
-1138
-1141
-1154
-976
-606
-541
-739
-464
-46
140
31
-78
225
613
907
898
587
414
252
-3
-313
-512
-349
-180
-235
-503
-845
-850
-690
-738
-808
-675
-286
-129
-334
-210
111
319
223
-246
-487
-482
-467
-301
8
265
315
19
-587
-916
-746
-637
-872
-1140
-1110
-759
-516
-865
-1427
-1547
-1657
-2511
-3613
-3907
-3055
-1063
1684
3854
4442
4233
4271
4186
3648
3496
3905
3831
3094
2625
2439
1786
725
-325
-1431
-2358
-2483
-2023
-1741
-1626
-1391
-1428
-1984
-2382
-2025
-1196
-355
360
872
1227
1610
1840
1599
1155
936
779
598
758
1143
1132
638
-56
-911
-1682
-1942
-1931
-2042
-1943
-1420
-1064
-1143
-1149
-879
-655
-494
-140
304
700
1198
1731
2122
2417
2478
2134
1551
983
695
1030
1910
2386
1681
438
-599
-1631
-2265
-1858
-1146
-1035
-1218
-1149
-871
-500
0
273
32
-119
292
812
1087
1267
1234
782
205
-117
-198
-260
-536
-1021
-1345
-1344
-1302
-1347
-1321
-1228
-1197
-1184
-996
-550
-91
88
74
74
30
-1
226
552
621
510
316
-160
-729
-869
-713
-837
-1257
-1614
-1835
-1879
-1594
-1242
-1306
-1626
-1773
-1838
-2047
-2367
-2787
-2896
-1510
1710
4837
5892
5447
5050
4859
4361
3871
3987
4158
3518
2505
1618
629
-213
-823
-1930
-3405
-3912
-3068
-2123
-1822
-1621
-1411
-1593
-1904
-1742
-848
440
1402
1703
1750
2094
2328
1820
1101
766
670
758
853
724
391
-183
-859
-1519
-2156
-2302
-1961
-1906
-2043
-1603
-774
-395
-550
-656
-430
-4
453
928
1540
2076
2117
1801
1673
1871
2045
1853
1469
1503
1899
1758
984
567
592
172
-632
-1193
-1587
-1749
-1335
-945
-1148
-1253
-907
-765
-866
-459
413
794
495
275
359
441
494
415
78
-100
159
288
-140
-594
-656
-787
-1238
-1514
-1339
-1023
-792
-591
-427
-388
-460
-613
-817
-793
-286
262
197
-209
-204
112
144
-118
-407
-632
-646
-464
-452
-595
-555
-638
-1282
-1838
-1556
-1001
-923
-1020
-1083
-1688
-2882
-3749
-3417
-1416
1965
4881
5385
4230
3808
4418
4484
3815
3407
3140
2550
2159
2078
1454
104
-1519
-3228
-4268
-3582
-1916
-1161
-1598
-2073
-2056
-1794
-1437
-954
-301
454
1063
1516
2190
2985
3032
1986
777
411
843
1419
1570
1037
90
-684
-1206
-1771
-2181
-2094
-1908
-2047
-1928
-979
58
128
-590
-1047
-659
303
1283
1914
2110
2028
1819
1548
1294
1241
1554
1838
1551
1050
990
1289
1292
710
6
-867
-2104
-2412
-1329
-532
-763
-1326
-1879
-2157
-1702
-729
-94
128
642
1221
1283
1165
997
511
71
26
136
321
644
584
-351
-1500
-1912
-1751
-1728
-1762
-1366
-874
-851
-888
-581
-410
-473
-179
218
145
254
1131
1768
1253
205
-492
-606
-193
239
-73
-924
-1343
-1173
-1029
-1017
-943
-1191
-2000
-2552
-2169
-1529
-1464
-1776
-2138
-2689
-3212
-3077
-1793
856
3878
5075
4095
3472
4444
5113
4313
3302
2874
2599
2497
2448
1542
-137
-1422
-2272
-3167
-3221
-2005
-1223
-1805
-2245
-1582
-794
-560
-561
-509
-53
1048
2142
2541
2505
2268
1598
869
881
1450
1671
1226
401
-490
-1026
-1001
-998
-1550
-2091
-1996
-1674
-1521
-1145
-571
-459
-731
-669
-101
744
1596
1866
1333
895
1176
1450
1229
1098
1206
1190
1382
1922
1741
354
-869
-1083
-1040
-792
-114
-100
-997
-1389
-965
-783
-1026
-927
-465
-168
199
880
1316
1215
834
314
-77
56
537
707
459
226
-46
-630
-1168
-1302
-1341
-1446
-1278
-852
-597
-537
-577
-998
-1595
-1423
-318
651
881
841
726
264
-214
-271
-328
-645
-582
17
150
-675
-1587
-1729
-1289
-1001
-1324
-1870
-1878
-1355
-1061
-1248
-1379
-1481
-2195
-2993
-2809
-1947
-1037
282
2248
3864
4189
3990
4301
4589
4366
4242
4191
3699
2981
2324
1359
57
-1025
-1707
-2119
-2418
-2398
-2111
-1889
-1883
-1948
-1445
-809
-578
-326
270
1148
1879
2397
2605
2412
2114
1840
1570
1266
920
530
123
-281
-625
-917
-1333
-1945
-2499
-2619
-2374
-2032
-1642
-1213
-830
-639
-637
-449
153
776
1155
1400
1619
1805
1843
1650
1379
1124
766
820
1254
1559
1888
1873
918
-713
-1503
-973
-495
-539
-628
-615
-692
-563
-183
-353
-918
-839
-161
310
663
1095
958
256
-183
30
408
381
147
41
8
-287
-742
-1172
-1456
-1360
-1265
-1075
-721
-536
-694
-1109
-1256
-1094
-654
-91
87
-278
-315
434
727
-150
-1069
-621
-11
-505
-873
-395
13
-608
-1599
-1794
-1054
-355
-414
-982
-1387
-1260
-1248
-1114
-650
-727
-1321
-1790
-1920
-1604
12
2815
4475
3717
2857
3795
4465
3444
2500
2536
2383
1812
1860
1959
596
-1350
-2037
-1908
-1890
-1573
-1123
-1479
-2089
-1572
-429
-124
-540
-589
92
1060
1753
1974
1821
1452
994
670
786
1058
766
-7
-557
-620
-502
-651
-1108
-1624
-2095
-2080
-1360
-827
-839
-562
-122
-228
-260
394
1012
1037
998
1368
1684
1507
1179
935
639
529
848
1188
995
414
190
579
939
721
194
-261
-696
-881
-384
155
-191
-766
-472
138
66
-364
-562
-649
-521
178
937
824
-38
-647
-600
-444
-601
-841
-899
-811
-548
-129
-9
-590
-1486
-1821
-1234
-309
133
0
-246
-403
-432
-319
-414
-967
-1137
-281
639
523
-201
-521
-631
-689
-234
490
381
-737
-1244
-534
448
456
-685
-1480
-1333
-839
-467
-538
-1236
-2119
-2058
-1018
-367
-563
-163
1359
2441
2820
3174
3236
2853
2483
2623
2714
2355
1841
1269
600
-217
-652
-694
-1057
-1538
-1494
-1247
-1294
-1110
-647
-649
-891
-629
-126
292
915
1383
1240
1131
1412
1380
985
969
1030
497
27
261
306
-429
-1054
-1166
-1373
-1541
-1206
-939
-1138
-1080
-593
-409
-509
-234
331
594
634
928
1334
1331
1144
1247
1370
1143
711
338
48
90
207
-198
-477
-317
-488
-811
49
1528
903
-952
-740
590
620
157
457
148
-944
-447
812
218
-1009
-578
236
-219
-523
136
-86
-1380
-1343
-103
288
-369
-758
-639
-774
-654
-221
-2
-277
-638
-571
-383
-91
-26
-42
21
14
-137
-372
-207
-179
-439
-571
-293
107
28
-220
-489
-708
-799
-602
-132
-124
-821
-1448
-1314
-859
-835
-1076
-1145
-1501
-2147
-1867
-837
-614
-841
185
1921
2518
2198
2228
2527
2688
2942
3032
2468
1769
1626
1545
839
45
-112
-128
-676
-1130
-842
-674
-1248
-1474
-765
-146
-199
-344
-128
306
717
1006
1060
960
1070
1299
1192
860
770
873
700
191
-146
-133
-250
-668
-891
-753
-738
-994
-1164
-1067
-808
-556
-505
-586
-452
-131
98
172
238
348
481
492
296
291
389
307
90
-2
-73
-385
-461
-497
-613
-471
96
558
230
339
940
643
-21
209
795
459
65
475
585
181
213
374
-78
-615
-300
181
-281
-745
-568
-399
-343
-121
137
-330
-1083
-917
-223
136
-96
-474
-453
-418
-411
-217
-211
-459
-756
-702
-356
17
241
-262
-767
-500
-128
-341
-967
-957
-410
-122
-213
-373
-330
-609
-1039
-893
-401
-241
-734
-1099
-669
-155
-238
-1045
-1608
-1011
-577
-959
-760
729
1960
1578
1245
2007
2601
2380
2020
2166
2479
2523
2305
1928
1289
602
327
158
-225
-476
-403
-597
-1111
-945
-354
-560
-1163
-1049
-354
145
280
422
636
694
763
882
811
714
573
446
375
336
247
-194
-551
-645
-684
-798
-1030
-1005
-798
-599
-549
-600
-541
-442
-398
-339
-144
74
165
136
212
400
398
88
-184
-102
85
135
-71
-178
-56
116
82
-302
-209
425
964
902
699
1013
1049
653
441
711
707
173
252
716
388
-683
-1167
-929
-953
-1081
-790
-542
-759
-750
-321
-266
-724
-810
-299
56
90
394
811
446
-321
-519
-131
50
-185
-200
-152
-153
-174
-329
-499
-702
-772
-697
-524
-366
-352
-247
-106
-176
-341
-360
-273
-112
177
471
537
187
-328
-469
-124
60
-364
-611
-347
-343
-753
-1024
-797
-496
-304
275
721
719
665
990
1649
1640
1337
1248
1426
1779
1716
1514
1035
690
642
376
94
-167
-191
-266
-420
-322
-208
-309
-543
-457
-66
155
39
-25
122
208
218
250
203
-11
-140
-70
24
103
174
81
-160
-208
-6
81
-95
-244
-163
-35
-59
-174
-248
-275
-310
-358
-410
-462
-516
-567
-559
-491
-439
-478
-551
-531
-403
-276
-229
-242
-237
-79
71
88
50
34
104
164
368
621
791
761
512
476
315
290
640
611
425
223
79
23
-108
92
100
-95
50
-14
9
131
44
81
-49
-184
-197
-107
180
82
107
337
79
-60
-136
-310
-331
-351
-291
-387
-362
-258
-393
-304
-224
-311
-324
-207
-131
-79
67
24
-260
-406
-376
-466
-313
-268
-468
-452
-473
-552
-749
-616
-536
-851
-790
-604
-524
-534
-450
-216
-34
139
190
260
472
650
786
1004
1114
1134
1257
1299
1163
983
976
1031
891
772
777
670
485
316
214
210
93
-81
-97
-65
-68
-98
-108
-113
-183
-172
-113
-179
-199
-108
6
127
111
39
70
55
-13
-33
-55
-113
-198
-244
-245
-305
-386
-410
-448
-548
-643
-662
-679
-751
-767
-652
-533
-516
-519
-402
-317
-295
-143
-19
-45
-31
98
190
196
250
443
448
236
251
193
239
521
614
622
481
461
378
332
825
963
758
723
493
240
182
306
281
-106
-136
3
-63
18
-109
-266
-300
-429
-484
-480
-341
-346
-303
10
-32
-129
-17
-85
-220
-79
251
216
-17
-37
-55
-27
-36
-174
-280
-379
-412
-228
-44
-249
-623
-633
-432
-480
-520
-380
-403
-485
-281
-15
-38
-170
-294
-364
-304
-204
-78
-178
-365
-342
-267
-55
100
166
187
47
239
604
869
944
740
698
645
683
864
793
701
577
487
463
345
282
143
12
23
-23
-70
-106
-126
-97
-37
-2
-55
-169
-257
-180
-52
-44
-57
-53
-73
-119
-131
-39
67
36
-51
-41
30
24
-68
-123
-145
-209
-273
-298
-291
-289
-283
-246
-275
-344
-342
-279
-180
-43
41
32
-27
-127
-107
-23
-22
-75
-33
7
0
155
254
272
83
-51
40
117
520
809
818
603
440
399
106
393
805
536
276
267
66
-116
2
-21
-295
-458
-290
-159
103
219
19
137
92
0
67
180
170
145
558
570
165
-24
-167
-339
-356
-266
-267
-275
-454
-679
-559
-344
-433
-544
-497
-527
-523
-267
46
40
107
45
-253
-121
-114
-148
-35
-169
-173
-315
-497
-560
-794
-783
-817
-901
-701
-646
-654
-500
-344
-339
-185
115
245
410
675
878
863
766
829
903
910
966
987
842
622
481
469
490
473
456
380
176
-41
-93
-63
-150
-121
11
-8
-17
79
216
210
131
198
303
344
361
409
338
136
28
46
53
-42
-166
-225
-237
-234
-212
-246
-430
-644
-681
-586
-587
-583
-423
-364
-428
-368
-266
-219
-195
-169
-84
67
116
126
187
124
41
43
149
235
222
259
182
37
-6
31
68
-45
11
277
492
626
592
492
202
162
540
584
448
353
252
134
107
247
77
-102
-43
-119
-43
84
-10
-8
-38
-90
-1
66
80
-1
14
-26
-183
-140
-196
-354
-324
-159
-127
-275
-286
-289
-323
-235
-210
-261
-383
-468
-422
-426
-456
-412
-288
-333
-459
-349
-280
-317
-271
-230
-255
-273
-223
-181
-238
-285
-365
-439
-409
-382
-265
-252
-374
-337
-161
-20
-17
169
316
244
438
684
797
838
821
783
645
712
824
777
723
514
385
356
349
431
426
314
128
101
157
88
72
141
153
25
-106
-140
-115
-67
-22
-7
18
62
57
82
97
-9
-81
-74
-102
-78
-22
-82
-175
-192
-192
-209
-252
-349
-396
-310
-200
-162
-169
-175
-179
-213
-266
-266
-207
-185
-240
-276
-249
-229
-212
-144
-82
-104
-136
-129
-101
-34
82
179
164
112
114
143
103
167
461
669
586
451
450
248
193
542
609
425
269
217
98
-30
37
10
-73
-127
-134
-68
36
85
133
196
3
-204
-198
-107
-51
104
247
2
-310
-348
-297
-328
-299
-236
-226
-206
-181
-118
-177
-291
-240
-109
-122
-269
-175
-29
-133
-171
-78
-166
-412
-414
-177
-77
-115
-209
-338
-418
-390
-206
-162
-318
-389
-389
-365
-419
-370
-247
-356
-367
-101
180
188
164
335
329
366
574
667
640
589
669
740
695
624
499
396
339
332
379
387
376
380
378
316
287
332
254
151
229
336
267
149
132
113
-6
-101
-128
-189
-189
-104
-99
-142
-187
-255
-315
-358
-346
-281
-265
-272
-264
-234
-210
-213
-166
-144
-210
-242
-165
-133
-137
-74
-59
-94
-176
-183
-146
-175
-142
-131
-100
-18
11
30
26
-13
16
57
24
-23
-53
-3
-67
-103
12
-84
-65
199
392
383
266
265
87
-13
371
580
430
281
132
48
84
221
246
185
208
78
26
51
-7
51
138
170
44
76
75
-70
80
87
-9
-111
-285
-297
-251
-101
-64
-134
-133
-262
-326
-257
-165
-59
-81
-147
-194
-216
-234
-243
-113
-16
-73
-110
-115
-145
-28
129
15
-209
-242
-72
141
192
59
-71
-198
-413
-508
-387
-331
-467
-573
-561
-588
-620
-489
-273
-161
-137
-72
64
210
377
623
816
795
683
639
611
609
713
779
639
406
270
235
233
192
94
28
-9
-116
-170
-93
-85
-145
-165
-139
-72
-47
-39
38
135
124
120
158
118
57
-3
16
13
-53
-62
-90
-37
-4
-117
-200
-244
-209
-129
-94
-70
-111
-132
-114
-150
-168
-263
-287
-148
-72
11
15
-54
-74
-17
-28
-211
-217
-137
-57
60
53
-19
-25
67
104
73
13
29
177
390
495
408
335
134
19
211
313
246
272
271
31
-80
-49
-179
-323
-205
-60
-88
-40
-58
-81
59
165
99
36
112
59
148
375
270
120
106
25
-90
-39
33
-66
-7
140
100
-9
-189
-248
-78
-31
-135
-160
-163
-297
-360
-169
-76
-275
-414
-358
-201
-10
-1
-142
-242
-299
-205
-26
24
-25
-60
-61
-77
-118
-189
-208
-235
-257
-234
-303
-347
-383
-397
-319
-276
-247
-238
-173
-31
120
201
127
53
143
328
482
599
594
469
408
438
415
374
411
436
448
434
378
273
219
252
185
135
92
44
77
76
57
27
0
-64
-72
43
49
-65
-81
-3
10
-11
-60
-118
-96
-44
-110
-215
-205
-201
-187
-142
-107
-156
-206
-182
-173
-68
-1
-17
-102
-145
-42
-58
-48
-30
-121
-124
1
110
34
-47
-43
13
96
47
-18
44
142
186
210
238
125
56
109
-7
6
176
27
-137
22
134
-35
-180
-137
-150
-62
163
161
161
191
134
146
214
211
92
164
207
111
178
123
17
-6
-58
-161
-213
-40
-82
-197
-99
-195
-215
-183
-256
-155
-18
-91
-327
-206
28
-97
-94
10
-64
-198
-255
-171
-108
-27
-7
-160
-169
-174
-229
-117
-42
-70
-155
-211
-170
-48
23
-92
-155
-206
-313
-250
-109
-61
-148
-185
-184
-269
-256
-150
-10
154
252
326
296
188
207
317
420
350
231
322
384
393
477
492
392
263
230
349
455
375
315
233
67
37
73
80
8
16
59
-107
-251
-175
-91
-141
-130
-95
-73
-63
-56
30
48
-60
-192
-163
-100
-63
84
101
-24
-101
-99
-86
-70
-53
-26
-14
-95
-151
-132
-127
-214
-276
-301
-385
-436
-342
-130
-134
-200
-121
-159
-149
43
184
194
248
332
317
440
620
496
254
233
218
107
244
365
152
23
36
-87
-229
-178
-53
-78
-76
-90
-162
-36
0
-16
102
115
-16
-57
79
77
99
222
94
-84
-41
37
-61
-102
-40
-110
-190
-146
-88
-51
-41
-187
-333
-302
-249
-168
4
19
-78
-69
-109
-151
-58
40
-22
-186
-166
-92
-104
-101
-102
-73
-130
-253
-205
-75
12
26
37
10
-138
-181
-95
-8
43
-7
-127
-216
-165
43
208
171
90
85
79
82
193
372
441
385
313
286
321
336
287
285
297
224
166
141
73
50
70
-2
-92
-84
-47
-37
-52
-75
-78
-59
-25
2
-14
-60
-67
-30
22
46
21
25
15
-59
-112
-140
-173
-109
-31
-108
-164
-187
-160
-132
-125
-71
-113
-130
-111
-15
81
117
161
88
12
-90
-91
-8
50
82
6
-37
-88
-71
-56
38
238
249
179
189
312
280
216
325
225
61
84
141
117
119
199
20
-212
-220
-201
-129
-73
-84
-117
-120
-175
-297
-212
-157
-214
-118
6
-18
-81
-3
45
-23
-11
-2
55
248
308
269
222
58
-106
-104
17
-60
-170
-47
15
-52
-102
-163
-276
-297
-100
98
72
-56
-94
-25
36
-18
-33
-23
-89
-86
-66
-102
-119
-183
-186
-178
-127
-75
-139
-110
-152
-73
-12
-45
-39
113
246
210
171
228
132
51
87
160
143
82
117
167
184
105
0
11
40
97
124
159
167
95
110
103
52
47
55
76
59
44
35
-77
-212
-200
-144
-118
-63
-3
9
9
72
92
7
16
81
12
-54
17
51
-15
-23
-22
-154
-250
-190
-155
-137
-54
-65
-121
-58
-1
18
70
91
29
73
122
91
105
173
180
143
194
120
-4
-36
102
84
-43
-99
-33
-20
-32
-47
-111
-179
-165
-65
39
44
23
93
159
105
64
66
20
-3
82
179
156
101
118
125
134
141
68
1
-2
-61
-41
129
166
80
36
30
-77
-242
-273
-213
-88
-23
-30
-83
-239
-360
-419
-329
-217
-252
-195
-153
-237
-239
-163
-92
-155
-224
-132
-55
11
98
114
76
5
-15
12
-3
-35
-8
105
137
49
77
24
-52
-37
-11
47
23
126
162
189
217
240
169
90
95
103
131
184
226
125
69
8
18
44
58
-14
-62
-58
-59
22
132
116
-57
-51
2
17
-7
29
25
-11
-26
70
105
35
38
46
-40
-80
-37
2
16
-7
-74
-131
-133
-116
-126
-76
-54
-55
9
25
87
195
233
177
98
133
115
58
118
112
45
-3
-66
-101
-138
-121
-72
-52
-15
-37
-19
51
95
109
50
21
-16
34
154
81
-15
-36
-85
-112
-26
50
-10
-41
43
108
15
-118
-123
-71
-57
-31
2
-54
-98
-4
92
27
-97
-122
-93
-45
56
126
33
-131
-179
-113
-61
-57
-71
-98
-120
-120
-146
-176
-121
-2
46
-54
-212
-242
-95
29
33
40
23
-131
-203
-39
98
37
-36
-30
-2
82
146
105
56
60
-4
-71
16
114
148
135
143
85
-30
-37
20
136
108
22
-26
-43
71
151
206
122
9
111
253
215
102
167
202
176
206
194
94
63
134
105
13
-43
34
76
69
102
-64
-235
-242
-178
-47
54
-2
-156
-150
-1
18
-36
1
-21
-63
25
63
-1
-24
8
26
-31
-136
-172
-126
-97
-124
-134
-111
-121
-128
-92
-78
-108
-91
20
101
78
50
-16
-114
-50
92
102
58
45
57
106
140
96
-6
-67
-59
-40
20
98
50
-53
-42
4
-87
-197
-104
31
5
-54
-97
-166
-124
1
27
-60
-118
-87
-38
-10
-3
11
-29
-39
10
7
-7
-93
-91
29
35
6
-5
-2
-20
-30
21
29
6
-34
-22
18
-41
2
81
79
79
78
85
30
31
132
152
91
89
153
172
161
147
124
92
92
135
147
139
145
81
2
54
91
45
50
91
54
-33
-29
-12
-25
-8
42
-6
-125
-145
-155
-87
-11
-49
-97
-172
-167
-90
-32
-16
-68
-92
-64
-45
-36
-24
-57
-75
-29
-15
-77
-125
-108
-82
-90
-112
-123
-116
-109
-109
-72
1
-1
-51
-10
63
117
174
176
158
152
139
174
206
162
125
125
111
95
107
148
95
-4
-11
-5
-22
-41
-35
-45
-67
-137
-141
-80
-165
-200
-165
-91
-35
-52
-6
-19
-24
-9
17
31
-10
70
79
-2
49
90
-6
-107
-120
-105
-98
-89
-66
-49
-71
-93
-73
-31
-32
-60
-4
74
38
4
113
154
93
141
171
121
66
86
175
218
214
185
144
89
60
44
21
-2
-16
53
106
54
-49
-91
-73
-81
-81
-108
-110
-7
32
2
20
1
-13
32
64
83
59
67
78
32
42
51
35
32
-27
-119
-174
-144
-93
-109
-148
-196
-230
-148
-63
-148
-212
-140
-100
-95
-42
31
38
47
57
34
57
31
-24
27
171
204
111
114
59
-39
-8
62
82
26
5
36
17
-10
26
46
17
-35
-31
14
56
127
86
-37
-140
-156
-69
-49
-48
-42
-29
3
-11
-7
39
55
-1
-18
27
-3
-15
47
84
65
31
58
71
40
71
79
46
44
33
14
-16
-7
16
-10
8
43
37
31
8
-39
-64
-32
-33
-77
-36
-12
-56
-91
-118
-102
-75
-93
-108
-88
-40
-33
-64
-30
0
-24
-25
-22
-16
8
73
145
111
59
45
24
7
-13
11
15
-14
28
52
37
3
-21
10
9
-13
19
131
190
118
64
58
50
32
54
130
104
28
9
50
92
46
9
38
2
-71
-33
23
12
20
6
-36
-56
-45
-27
13
50
50
-6
-81
-52
3
30
-22
-156
-169
-120
-88
-55
-59
-47
-64
-93
-120
-184
-147
-49
2
25
1
-1
55
45
-38
-27
24
-50
-58
29
20
-28
-8
68
48
4
33
28
-8
-32
-18
14
42
74
120
126
44
-12
-10
62
114
90
77
36
22
64
30
-51
-80
-12
30
-1
56
98
6
-54
-11
15
5
-11
-27
0
12
-13
-9
-14
-74
-61
25
15
-60
-127
-118
-91
-47
39
20
-52
-69
-74
-85
-51
30
77
52
25
51
57
40
43
87
102
24
-38
0
117
157
140
141
36
-25
58
80
45
68
130
121
94
126
50
-68
-62
-8
52
34
-28
-25
-6
7
-41
-119
-167
-167
-127
-99
-73
-43
-4
1
-69
-137
-136
-91
-50
-4
12
6
-2
16
28
-10
-51
-73
-26
17
34
18
-45
-16
19
-3
-1
-1
-43
-93
-91
-49
24
76
56
42
51
50
16
36
122
113
67
50
56
67
14
-34
-37
-9
1
-47
-81
-75
-50
-8
76
108
44
5
-32
-67
-51
14
70
54
73
86
34
-49
-98
-60
-39
-7
-7
-48
-35
-16
8
0
-25
-17
-35
-29
3
-11
-6
28
33
52
74
35
-29
-29
18
54
36
37
62
25
38
91
67
15
-11
-1
-21
-33
10
39
51
54
61
47
2
-2
6
33
39
10
43
51
-2
-55
-73
-73
-111
-106
-52
-54
-86
-54
-11
-43
-105
-109
-93
-82
-21
49
110
110
52
18
-13
-3
30
25
41
76
97
89
86
73
28
-4
-38
-69
-60
-4
31
0
11
-8
-70
-56
-54
-56
-49
-37
-10
-37
-41
4
11
-15
-22
-20
-64
-76
-35
4
19
24
51
33
-14
-52
-90
-78
-62
-52
-31
-30
-43
-41
-8
35
18
-21
-23
-16
30
55
35
48
92
98
70
53
24
13
14
53
111
134
148
121
87
35
34
77
91
121
67
-2
-7
10
43
43
6
-27
-8
27
40
31
29
14
-30
-23
41
87
69
30
-1
-63
-85
-25
3
-13
-12
-42
-94
-127
-133
-111
-93
-101
-115
-126
-111
-71
-36
-19
-38
-102
-126
-66
7
20
13
30
27
-4
6
39
26
-5
-15
-24
-24
-24
-28
1
32
-1
-48
-27
23
34
35
48
43
49
85
99
76
60
62
82
118
125
63
9
30
64
51
35
31
6
-22
-16
-11
-40
-45
-6
14
-11
-49
-105
-136
-71
0
-31
-73
-49
-44
-91
-108
-89
-111
-129
-70
7
41
36
3
-9
17
20
-6
-6
40
107
139
102
50
36
67
65
35
33
22
8
20
44
47
34
19
5
-1
-38
-47
2
22
17
35
25
-11
0
26
32
-10
-55
-30
-1
8
23
50
74
55
17
13
10
-12
-18
-18
-31
-8
38
59
44
24
12
-15
-59
-58
-8
24
15
5
7
-11
-31
-8
14
-12
-32
-28
-42
-33
17
48
26
17
3
-39
-19
26
34
30
42
21
-20
7
15
-14
-29
-21
-39
-83
-74
-67
-104
-103
-43
-5
-24
-39
-45
-54
-42
-14
-8
-8
-5
14
36
-1
-46
-52
-44
-49
-46
-24
-12
-4
-10
-15
22
69
79
59
32
20
48
87
87
87
86
84
93
86
86
84
62
42
27
23
8
12
69
103
58
-6
-36
-40
-41
-24
-19
-35
-27
-13
-3
-2
-13
-12
-3
7
-21
-46
-33
-29
-8
-8
-61
-124
-141
-76
-15
-6
-17
-34
-46
-57
-59
-54
-48
-24
-7
6
23
41
46
38
37
56
57
27
20
59
84
67
47
51
49
31
39
50
32
40
70
63
36
21
8
6
9
15
0
-24
-18
-4
4
-12
-45
-50
-27
-3
-16
-41
-41
-50
-57
-47
-43
-43
-49
-53
-61
-61
-45
-34
-19
4
9
-4
-2
15
11
-7
4
24
5
-17
6
38
51
41
12
2
12
10
8
-1
-35
-33
6
21
19
30
47
48
51
50
42
41
65
80
40
21
26
21
13
-2
-11
-31
-21
6
-10
-26
-38
-48
-42
-59
-95
-111
-88
-43
14
53
26
-17
1
49
54
28
20
17
11
20
50
60
37
22
14
16
30
30
14
-2
-9
3
11
-17
-32
-3
26
13
-10
-7
1
-6
-4
9
12
22
30
29
37
49
27
-6
-10
-4
3
6
24
23
2
-3
-18
-24
-24
-17
-16
-38
-31
-13
-18
-48
-72
-73
-62
-62
-71
-70
-58
-35
-12
-7
-33
-44
-29
-34
-9
33
54
46
19
1
5
33
60
70
52
16
-4
8
26
20
10
21
26
9
6
25
31
33
55
75
69
66
72
68
51
42
44
52
58
57
48
34
9
-20
-28
-19
-15
-19
-26
-35
-40
-39
-31
-41
-63
-71
-84
-91
-66
-30
-11
-14
-20
-2
10
-12
-30
-35
-41
-37
-19
-5
-4
-13
-15
-14
-20
-30
-34
-21
8
40
54
40
-1
-30
-16
12
14
-1
-5
2
-3
2
24
18
-4
1
11
-6
-22
-4
27
43
55
65
48
30
27
29
35
35
18
12
17
7
-5
-5
-16
-27
-27
-23
-14
-6
-5
-7
-8
-8
-5
-3
-2
-7
-23
-40
-40
-19
-11
-17
-20
-25
-19
-8
-8
-3
6
1
7
30
27
15
17
31
46
53
48
51
66
70
65
59
45
31
32
35
24
17
27
32
24
21
23
13
-5
-15
-20
-33
-43
-38
-31
-31
-26
-20
-21
-31
-35
-27
-28
-35
-28
-17
-15
-13
-12
-21
-26
-11
1
3
-1
0
8
30
47
41
18
1
-2
2
4
4
2
2
7
-2
-4
-3
-14
-12
8
7
-5
-2
5
13
15
6
-1
-4
7
21
15
1
-4
-6
-18
-38
-30
-3
-3
-10
-10
-20
-26
-31
-45
-47
-39
-25
-7
6
14
18
11
-9
-17
2
14
6
3
7
5
-1
-1
-6
-22
-22
10
41
48
43
38
27
11
6
13
18
19
22
21
15
19
37
43
23
0
-4
3
4
0
-1
-5
-9
-7
-7
-9
-3
4
-2
-17
-23
-20
-27
-38
-28
2
19
7
-9
-10
-5
-3
-7
-3
8
17
21
29
32
24
5
-7
-9
-4
17
41
42
21
10
18
17
7
-7
-18
-21
0
34
43
24
4
-1
1
-1
3
12
11
1
-5
5
5
-7
-21
-26
-29
-28
-16
-8
-27
-52
-52
-37
-27
-21
-14
-18
-34
-37
-14
5
0
-10
-3
16
30
27
1
-24
-26
-14
-9
-13
-17
-20
-23
-12
0
-2
-6
-1
4
1
-3
5
19
31
41
41
26
8
0
12
32
41
33
21
8
-6
-7
11
25
20
12
12
16
19
15
5
-2
-2
0
-4
-19
-26
-18
-8
-9
-17
-14
2
9
6
5
7
5
-5
-15
-14
-6
2
-6
-12
2
24
24
10
4
8
9
18
32
30
5
-11
-4
15
27
23
10
-1
4
22
37
41
35
26
18
11
10
15
19
12
2
0
5
12
18
15
4
-6
-6
-8
-15
-16
-10
-7
-16
-28
-26
-12
-3
4
13
17
7
-12
-22
-26
-35
-36
-24
-16
-20
-21
-19
-29
-44
-50
-41
-27
-12
-5
-13
-20
-13
3
10
9
14
22
26
27
26
21
6
-9
-9
1
-1
-9
-13
-3
11
15
5
-11
-13
-3
-1
-2
3
15
20
11
4
-1
-5
-5
-2
-1
0
9
18
20
17
15
14
11
11
13
17
17
10
2
-5
-7
-4
0
-2
-9
-6
9
18
15
13
13
19
25
32
29
20
12
13
13
14
14
13
12
12
17
16
9
-1
-8
-10
-7
-5
-7
-11
-15
-17
-17
-15
-14
-15
-15
-11
-7
-6
-9
-12
-14
-17
-23
-26
-23
-14
-12
-14
-9
-4
-3
-5
-8
-10
-13
-18
-19
-14
-7
-2
4
8
13
18
16
12
11
15
16
13
16
20
21
17
15
12
9
