3
4
3
2
3
5
6
2
-3
-2
1
2
-2
-7
-9
-2
7
9
5
-3
-4
0
1
-1
-2
2
-1
-3
0
2
-2
-4
-1
4
7
8
5
-1
-4
0
1
5
5
3
2
4
5
3
2
3
0
0
3
5
5
4
4
-3
-5
0
3
3
2
2
-2
1
5
6
6
3
0
-2
1
4
3
1
-1
-1
0
-1
-2
-2
-1
1
1
1
2
-1
-2
-3
-2
-1
1
0
0
-1
0
0
2
3
0
2
3
4
2
6
7
2
-3
-4
1
6
7
5
2
3
6
5
3
2
0
-3
0
2
1
-1
1
1
0
2
5
5
1
-2
1
6
8
3
-2
-3
-1
0
1
5
6
4
2
2
5
6
3
0
0
3
3
2
2
6
7
5
1
1
3
5
4
3
0
-1
-1
2
4
6
7
4
-2
-4
1
6
1
-5
-4
6
11
8
3
2
2
0
1
4
4
-1
-5
-3
4
5
2
-2
-3
-3
1
4
2
1
1
5
3
0
-4
-1
4
6
5
0
0
3
5
2
-3
-2
3
7
6
4
3
2
-1
-5
-5
-2
3
3
1
2
2
1
-1
0
0
1
3
4
4
2
0
1
1
0
-1
-1
2
2
2
4
4
3
2
-1
-3
-3
2
5
5
3
3
2
4
1
1
-1
0
1
1
0
1
2
4
1
-3
-6
-4
-1
1
2
1
0
-1
-1
1
2
3
0
-2
-3
-1
1
0
-3
-1
2
5
5
3
4
6
9
8
6
1
-1
0
3
5
4
4
3
2
1
4
5
1
-1
2
6
6
-1
-5
-2
3
4
0
-3
-4
-3
6
12
12
3
-7
-9
-2
6
7
1
-6
-4
2
7
7
2
0
-2
0
-1
0
2
2
0
-2
-2
-1
0
2
3
1
-1
-3
1
8
8
4
-1
-1
5
6
6
4
3
2
-2
-2
-1
1
-1
0
2
2
2
2
4
1
-3
-3
1
5
5
1
-2
0
5
7
2
-2
-4
-2
3
4
5
0
-1
-2
0
4
7
4
0
-2
0
3
3
1
2
0
0
1
2
2
0
0
1
2
0
-3
-1
4
6
2
0
-2
4
9
10
6
-1
-3
-1
4
6
5
1
-2
2
6
5
2
0
-1
1
3
2
-1
-1
0
-1
-2
-1
1
5
0
-3
-2
5
7
4
-2
-5
-3
2
2
0
-2
-2
-1
0
-2
-2
0
4
7
3
-3
-5
-3
2
3
1
0
2
1
1
-1
0
0
0
0
2
2
0
1
2
0
-5
-6
-2
4
5
2
-1
-1
2
8
10
7
1
-1
-2
0
2
9
11
4
-6
-8
2
9
7
-1
-5
-4
1
5
5
4
1
-1
2
4
5
2
1
0
0
3
3
2
-2
-3
-2
0
3
7
8
5
-1
-2
2
7
7
3
1
4
7
8
3
2
2
5
4
2
0
4
9
9
1
-3
0
8
9
7
-1
-3
0
6
9
8
4
2
2
0
-2
-2
0
1
2
5
4
-1
-4
-4
3
8
7
3
0
-2
-2
-1
1
3
2
0
-1
0
3
6
6
2
-3
-2
3
6
6
3
2
3
5
5
4
1
-1
-2
0
3
5
2
1
0
2
1
1
1
3
6
5
3
1
0
-1
-1
-4
-4
-2
0
3
4
0
-5
-6
-4
3
3
1
-1
1
3
3
1
1
-3
-7
-5
2
6
3
-4
-9
-10
-5
1
5
2
-4
-6
-2
3
2
-3
-8
-6
-3
0
-3
-3
-2
0
1
1
1
3
0
-2
-7
-7
-2
2
5
4
1
-2
-2
0
4
4
1
1
2
5
4
5
4
1
-1
3
8
8
2
-1
-1
3
6
7
7
1
-4
-2
7
14
11
2
-5
-3
4
10
8
4
1
1
3
4
3
4
5
5
2
-1
-2
3
6
6
2
1
3
4
1
-3
-2
6
12
10
3
-3
-5
1
5
6
5
3
1
-1
0
4
8
6
3
2
3
7
8
5
-1
-8
-9
-1
8
9
0
-5
-4
2
7
4
-1
-2
0
2
3
5
5
0
-2
-3
-1
2
4
1
-4
-5
-5
-3
0
1
-1
0
1
4
5
0
-5
-5
0
3
3
2
2
1
0
0
-1
-1
-2
-3
-2
2
5
5
4
1
-3
-2
2
4
2
2
1
1
-1
2
7
11
7
0
-5
-1
6
7
3
0
-1
1
3
3
6
7
3
0
-1
4
6
8
6
6
4
2
2
4
6
2
2
3
9
12
10
4
0
0
1
4
7
10
9
4
1
5
10
10
6
3
2
5
5
6
7
8
5
0
-1
5
9
7
1
0
4
8
5
-2
-2
2
5
5
5
3
1
-5
-7
-2
8
9
0
-7
-9
-4
1
1
0
-2
-1
3
7
4
-1
-6
-3
0
-1
-4
-5
-5
-4
-2
-2
-1
-1
-2
-6
-6
-8
-6
-5
-4
-5
-6
-7
-8
-6
-7
-8
-8
-9
-10
-10
-10
-10
-9
-10
-8
-8
-6
-5
-4
-3
-2
-1
-1
-1
-1
-1
-1
-2
-1
-1
-1
0
-1
-1
-1
0
-2
0
-1
1
2
1
-1
-1
0
0
0
1
-1
-2
-3
-5
-5
-5
-2
1
7
8
11
13
-9
-26
-3
15
15
33
22
-30
-35
10
31
16
14
56
62
-10
-78
-85
99
426
290
-334
-472
14
364
251
-176
-326
43
244
49
-126
-115
44
46
-79
222
596
397
-9
-270
-423
-276
48
164
50
-178
-292
-146
97
428
680
207
-697
-769
89
663
212
-536
-548
232
655
59
-447
-239
213
243
-127
-183
400
750
43
-406
-283
-39
238
-63
-211
25
64
-56
-156
-67
115
10
-219
-292
-173
212
227
127
3
-197
92
93
58
7
-239
100
124
14
-29
-198
142
156
-61
-295
9
396
-136
-58
-58
-17
226
-176
-69
89
-88
-301
-191
300
314
-100
-188
-54
74
284
-89
-420
-40
513
474
-336
-349
332
63
-440
-134
99
191
50
-652
-210
549
-148
-298
198
-146
-157
187
119
-63
-301
220
856
86
-640
-258
299
374
-113
-468
-212
403
289
99
184
-793
-679
556
634
-119
-367
464
449
-410
-456
185
265
-186
-210
-206
232
391
9
72
-349
-92
702
81
-480
-250
166
442
96
-588
-132
1043
41
-1117
-123
550
240
-634
-706
626
713
-427
-654
221
535
-280
-409
88
329
130
-84
-151
245
59
-339
250
-174
-279
131
622
314
-8
-586
-31
204
-141
269
-86
-158
-170
9
-157
54
202
-447
-442
609
121
-456
4
111
255
-41
-252
-127
252
588
-352
-422
234
372
131
-285
-109
307
187
-394
-382
321
347
89
-455
-236
612
-30
-203
-60
240
-157
-47
-55
-70
178
-27
-102
0
293
-232
6
44
85
257
-357
68
255
79
-194
151
-46
-71
4
-30
86
22
-23
187
184
-104
-253
-55
461
-141
-155
147
-199
9
339
-129
-223
194
-5
151
-195
-45
91
-1
258
-67
-239
36
322
-68
-330
292
72
-173
78
-237
11
787
381
-701
-662
213
456
97
-205
-165
-61
12
81
-33
-335
-235
414
325
-267
-204
291
89
-244
16
-77
-1
126
104
-145
-291
344
216
-279
-115
-21
233
113
-294
-115
148
198
-62
-329
12
392
-168
-133
-81
145
82
65
-197
-27
341
-162
-357
-1
477
-205
-345
440
231
-379
-212
124
451
-78
-489
-5
352
45
-348
-128
331
99
-224
-212
81
296
-91
-335
171
370
-226
-220
306
-67
-204
165
-52
3
103
-157
92
334
129
-205
-281
187
321
-123
-155
-103
115
274
-329
-160
214
-39
-84
-76
174
50
41
70
56
-129
-176
270
-11
87
-41
-144
-30
407
-25
-55
-292
-85
288
77
91
-415
92
222
-95
-120
133
-86
-203
198
349
18
-319
-73
508
194
-348
-411
127
437
-88
-119
16
77
198
-152
-187
-37
25
197
144
-271
-196
313
182
-409
-189
417
43
-257
-202
101
359
-10
-185
-218
59
220
39
-241
-250
116
152
126
-278
-152
184
-202
3
326
-116
-256
200
65
214
-145
-654
375
370
-156
-128
-300
129
577
-90
-550
-21
288
252
-303
-386
346
375
-38
-459
-111
426
-26
-122
-26
-10
258
-23
-342
95
247
-177
-95
87
-220
75
251
-43
-144
-219
216
100
47
-149
-127
-26
403
26
-315
-26
213
-66
114
-130
-276
241
87
158
-206
-277
251
161
-170
-85
81
-5
21
140
-199
53
280
-277
99
208
-388
132
266
-196
84
156
-297
-32
402
24
-433
-159
431
-43
-179
295
-154
-176
219
172
-180
-58
141
-135
10
81
53
85
-34
-94
30
85
-27
0
-2
-55
-8
97
212
-237
-323
345
295
-337
-440
437
332
-241
-173
54
-161
282
159
-412
-12
138
79
-55
-420
281
271
-186
-15
-156
178
283
-147
-167
-15
153
-81
-116
145
16
12
131
-1
-183
-28
111
-114
1
66
-187
34
292
-76
-257
66
81
-177
-171
30
47
142
91
-157
49
169
72
-190
-330
229
314
-266
-172
198
105
-50
-12
101
-123
-97
224
-178
-34
357
-236
-204
72
105
322
-39
-335
-125
378
408
-245
-489
-140
513
380
-252
-358
-245
428
554
-293
-525
-98
398
238
-231
-357
28
434
-86
-262
72
72
-51
-22
152
91
80
-155
-258
129
343
83
-387
-135
226
203
141
-273
-329
109
383
249
-301
-439
191
614
-40
-483
-212
170
525
-81
-453
-107
317
397
-440
-377
253
308
139
-306
-265
190
468
20
-672
-164
432
225
-181
-367
105
268
-21
98
-96
-455
49
484
47
-444
-186
373
170
-55
-117
-310
272
455
-163
-300
-29
-87
92
166
-251
-89
195
176
-47
-157
-145
194
154
143
-449
-408
353
301
3
-190
-367
170
520
63
-359
-252
41
418
297
-423
-386
290
304
-98
-198
-6
-1
70
195
-131
-405
252
417
-335
-150
214
-49
-161
178
75
-136
-48
224
-289
71
359
-42
-109
-382
121
258
169
-130
-419
-19
336
374
-137
-643
-2
544
292
-195
-443
-111
472
432
-260
-426
23
331
308
-12
-459
-404
328
415
-9
-252
-409
151
548
152
-226
-326
57
166
-27
-29
-294
-86
348
164
-65
-180
-74
98
139
93
-270
-266
230
290
-87
-217
-17
108
131
102
-174
-314
182
339
-26
-252
-231
139
274
-5
-279
-18
46
95
446
-233
-315
83
-13
246
-25
-210
36
-24
-37
-14
124
180
-174
-86
79
-89
139
-25
-201
79
98
22
-18
-2
-44
36
-83
-210
126
131
52
-95
-208
117
45
16
209
-46
-160
-16
63
89
62
-53
-192
-66
17
184
192
-303
-124
209
83
-35
-92
158
-47
-151
242
67
-69
-154
-157
283
198
-193
-269
-125
188
353
10
-403
-168
225
304
20
-344
-200
114
326
149
-176
-405
62
433
56
-133
-286
117
107
108
-58
-8
106
-50
-7
12
-57
-144
112
167
45
-317
-134
328
23
-58
85
-269
66
256
-66
-28
-39
-215
127
166
-156
14
4
79
223
-54
-349
-140
369
148
-128
-56
-76
29
212
105
-148
-169
-19
146
51
67
-43
-139
68
50
19
-111
13
-1
28
199
-166
-141
178
167
-292
-126
190
-79
137
140
-86
-142
-1
41
-87
48
35
36
-28
35
162
-183
-232
214
158
-146
107
22
-294
98
253
-107
-60
24
-97
92
91
-179
-17
237
-50
-298
68
326
143
-100
-332
-296
261
512
-4
-332
-230
-29
184
129
27
-111
-274
-36
162
143
93
-80
-121
-26
45
61
12
-79
-72
17
65
157
152
-136
-307
47
268
151
-20
-168
1
62
-15
14
36
-57
-144
38
150
128
-37
-84
6
-10
113
22
-180
-3
142
-4
77
22
-285
28
273
28
-125
-98
19
40
-9
-18
-20
105
126
-258
-238
85
219
295
-51
-347
-215
104
191
83
48
-197
-117
115
67
38
-54
-26
32
11
19
-63
3
87
-67
-100
19
33
62
75
-76
-36
84
-12
-59
-28
-1
65
51
-108
-20
65
-30
96
36
-117
-151
-56
240
205
-42
-254
-223
198
175
-109
-38
-30
1
56
-17
20
8
-4
25
-28
12
4
15
65
-27
-51
-31
-28
80
115
-11
-135
-87
84
146
164
-112
-201
-27
95
100
67
-41
-189
-120
158
169
-63
-88
79
33
-19
29
-4
1
-73
-45
138
154
-120
-148
-99
58
245
59
-125
-93
-58
20
68
99
-33
-89
-14
5
38
7
-47
-11
38
-18
-1
-51
-84
121
109
-38
-59
58
90
-60
-160
-78
217
213
-122
-248
-103
135
234
82
-184
-249
22
271
145
-116
-211
-164
99
307
135
-156
-282
-132
169
300
114
-229
-343
-16
279
161
-119
-117
-54
-14
211
132
-71
-211
-43
195
175
-31
-244
-122
132
157
86
-174
-157
60
118
117
23
-126
-132
7
66
55
-16
-77
11
150
-34
-57
70
41
-83
-61
-32
56
193
-69
-160
-66
99
169
10
-152
-149
119
225
11
-146
-134
-5
177
140
-75
-156
-133
96
314
134
-255
-316
-30
247
335
6
-331
-129
75
158
184
-52
-187
-92
110
179
50
-177
-94
25
84
131
74
-135
-205
45
261
133
-98
-217
-51
90
151
113
-84
-111
-93
44
163
121
-85
-123
-66
43
137
79
-80
-174
19
80
79
-11
-142
-8
149
41
-46
-125
67
97
27
-39
-89
40
-37
-32
33
41
-19
-50
60
-6
-31
-3
22
-5
12
-42
17
97
-79
-137
95
105
-23
-78
-132
-26
133
154
-61
-155
-76
136
104
22
-140
-106
72
95
92
-45
-236
13
163
98
-30
-156
-75
-54
100
209
-4
-204
-122
59
207
6
-165
-6
33
98
0
-138
-88
61
111
-6
16
-53
-67
-9
-14
-7
111
67
-96
-120
-4
62
97
145
-29
-240
-69
56
152
202
-122
-232
-82
184
257
-52
-190
-32
-6
105
85
-31
-100
-68
36
129
97
-96
-98
-78
-15
203
59
-114
-83
43
152
-48
-172
-41
255
100
-98
-96
-111
23
144
147
8
-239
-181
79
233
215
-36
-291
-242
128
377
168
-151
-341
-117
263
308
-104
-229
-69
16
109
189
18
-140
-115
-16
173
210
-67
-196
-132
183
207
18
-206
-216
195
308
-50
-303
-98
126
262
-33
-209
-10
21
86
41
-33
16
19
-36
9
-21
-6
0
25
-33
-15
120
-44
-117
43
107
108
-157
-152
-1
93
226
-7
-197
-142
58
146
5
13
-37
-92
8
122
41
-190
-35
173
26
1
4
-89
27
79
-23
-31
57
51
-62
-60
13
68
30
-9
-53
-53
-122
90
223
-11
-129
-79
-12
18
65
59
-123
-3
50
-26
-66
-50
5
121
66
-32
-98
-107
39
166
44
-24
-74
-125
51
36
49
31
-62
0
47
-60
-20
-21
-5
134
101
-97
-217
5
223
64
-143
-122
48
87
20
-37
-37
-57
25
131
-23
-64
-31
-94
88
202
37
-164
-153
61
90
59
-6
-62
-50
14
-5
92
55
-31
-90
-91
104
131
-80
-73
-2
-10
80
-4
-8
91
-94
-54
24
21
17
19
78
-16
-78
-75
12
158
179
-201
-260
70
276
193
-157
-212
-32
98
282
20
-290
-159
150
288
76
-235
-190
53
152
136
-44
-144
-123
-15
207
118
-102
-163
-51
132
80
23
1
-93
-50
15
112
105
-69
-88
-59
-9
118
162
-18
-265
-143
180
254
47
-238
-200
93
219
110
-123
-180
-22
141
130
-93
-65
79
-7
-33
-19
-24
68
104
-17
-98
8
241
262
-114
-437
-253
300
425
23
-240
-306
-87
205
141
51
-60
-204
-152
54
287
222
-134
-373
-203
191
366
197
-214
-394
-54
303
247
-61
-277
-205
138
314
79
-131
-188
-122
72
235
112
-227
-212
60
190
52
-113
-67
8
83
-8
-76
-51
82
113
-69
-66
-73
35
87
64
-22
-159
-106
130
174
14
-127
-141
-13
146
100
-20
-92
-86
34
219
-7
-234
-35
83
205
62
-184
-160
14
254
94
-165
-107
54
86
-20
-44
66
-56
-47
38
146
49
-182
-165
139
231
23
-101
-208
-4
205
230
13
-330
-163
247
211
26
-116
-195
-9
197
83
-74
-179
-20
187
116
-120
-93
-55
43
138
61
-34
-87
-68
59
-6
-6
87
-43
-105
129
117
-91
-146
-52
141
90
34
-160
-141
90
113
84
-65
-158
0
35
51
-7
-42
1
3
38
-85
-53
27
111
90
1
-138
-187
97
184
74
-64
-157
-66
101
79
-9
-61
-19
48
-30
-30
66
-15
-63
13
25
51
23
-31
-35
-82
64
103
58
-123
-120
65
36
70
85
-124
-129
3
139
88
-60
-79
-36
42
93
-3
-134
-32
91
58
-8
-49
-28
21
41
5
-36
-52
141
8
-105
-17
5
76
86
10
-108
-62
52
148
75
-151
-159
89
113
123
13
-196
-150
33
305
217
-227
-352
5
304
249
-126
-295
-127
286
269
-77
-199
-189
131
255
51
-163
-217
47
191
113
-93
-138
-10
105
-73
-7
198
26
-163
-141
38
186
119
-132
-176
43
157
-22
-56
-4
9
27
-39
-1
47
-13
-74
-51
93
127
-27
-162
-53
194
80
-169
-80
22
157
18
-97
-102
15
77
77
-85
-94
57
67
-29
-104
-7
88
24
-131
-69
74
92
85
-83
-136
-72
111
98
-92
-106
-5
117
0
-63
-4
-26
69
67
-145
-14
172
85
-70
-174
-72
165
110
-23
-110
-40
15
135
101
-101
-96
-115
70
210
83
-118
-197
14
181
127
-51
-144
-56
145
114
8
-129
-106
4
84
131
-9
-151
-115
107
170
36
-162
-146
39
215
120
-146
-173
28
171
130
-103
-141
-11
119
54
-11
-105
-22
82
50
5
-38
-39
-13
146
80
-172
-156
138
206
-65
-163
10
141
104
-36
-84
-80
67
155
-30
-81
-44
21
157
95
-36
-159
-104
87
254
11
-194
-168
17
249
123
-142
-241
-82
226
137
-138
-149
-87
95
204
-134
-293
-41
203
280
20
-253
-194
41
309
160
-216
-139
127
132
-29
-64
9
4
-2
-7
81
91
-55
-47
-57
22
114
-41
-142
-84
83
215
76
-234
-306
23
350
227
-173
-288
-53
169
175
-56
-244
-79
330
104
-127
-163
-119
194
193
-23
-178
-151
153
182
-48
-108
-77
-28
46
62
45
-12
-52
-39
64
6
-114
10
55
90
124
-105
-163
-15
79
151
8
-203
-154
223
212
-66
-244
-107
147
175
-9
-120
-35
40
121
-25
-93
-56
68
76
45
-108
-169
32
135
61
-101
-102
64
55
124
-42
-237
-1
219
129
-87
-165
-10
125
39
-16
-2
51
43
-52
35
64
13
-4
-72
-58
60
84
-11
7
-109
-132
190
232
-55
-192
-32
125
32
-88
-23
-57
89
83
17
-43
-200
7
105
30
12
58
-12
-134
-11
64
60
82
-112
-72
106
117
24
-114
-84
53
106
21
-40
-27
-69
25
62
30
-28
-109
-65
67
182
-54
-125
8
-51
20
110
-27
-12
-106
-40
116
80
-100
-113
11
154
91
-41
-203
-165
147
231
32
-141
-172
-29
133
130
-75
-173
-24
142
119
-70
-127
31
21
-23
85
-22
-149
33
194
1
-227
-50
172
148
1
-180
-84
172
156
-22
-140
-76
156
198
-23
-130
-93
56
192
4
-164
-102
58
171
126
-112
-281
0
198
136
-92
-212
66
103
-26
-129
-76
190
146
-112
-160
14
37
1
70
-16
-86
-55
3
61
13
9
-41
-63
80
24
-25
96
27
-37
-25
-80
86
139
-36
-7
57
77
-78
-153
113
271
100
-214
-166
105
156
71
-118
-118
151
182
-97
-219
45
240
40
-138
-95
-10
134
164
-26
-121
-85
24
145
78
-97
-132
102
153
-121
-143
57
138
73
-129
-84
111
77
-56
-63
57
130
17
-171
8
80
69
-100
-115
73
167
-102
-56
84
-24
-30
-75
-40
125
112
-67
-187
-29
96
40
-59
-54
83
102
-97
-138
8
68
136
77
-134
-114
53
125
7
-131
-8
126
35
-124
-143
-9
152
166
-111
-242
-17
153
143
-84
-237
-52
151
116
-142
-214
18
107
51
-69
-122
0
0
-17
62
26
-53
-80
-64
54
157
-1
-160
-115
-17
131
131
-97
-261
-89
237
232
-72
-313
-202
237
370
-54
-299
-100
148
171
-19
-143
-118
107
216
29
-114
-91
95
148
22
-86
-42
117
40
9
74
-15
-4
-13
6
110
59
25
58
74
-46
-208
-35
269
225
-86
-213
-50
166
140
-62
-133
-39
177
254
-66
-360
-93
334
278
-108
-260
-62
133
134
-56
-132
-33
64
112
-22
-97
-43
53
83
-106
-90
72
38
-45
-56
48
79
-96
-174
36
261
108
-242
-266
86
216
-14
-118
-55
-7
0
34
1
-130
-88
106
237
73
-242
-224
108
333
158
-228
-254
160
328
1
-258
-90
213
238
-2
-171
-110
69
166
182
56
-148
-65
174
142
-79
-13
146
68
-75
-136
69
212
119
-96
-242
75
332
91
-234
-128
302
249
-208
-310
65
434
200
-259
-190
60
129
40
-136
-71
-5
-100
29
51
-244
-342
-147
149
193
-232
-498
-273
37
24
-211
-199
-58
-54
-171
-303
-242
-47
141
95
-163
-301
-348
-147
171
155
-73
-321
-212
176
142
-219
-217
121
242
47
-265
-243
240
402
-49
-354
-56
354
368
92
-127
-143
136
467
305
-89
-21
365
489
219
-126
-63
422
711
412
-80
-62
353
551
259
-114
118
597
561
10
-362
-15
642
695
21
-344
116
577
283
-211
-226
90
480
241
-452
-449
191
678
71
-948
-557
470
529
-297
-921
-642
57
282
-159
-554
-653
-414
-46
-174
-378
-566
-441
240
-15
-894
-900
-185
399
63
-788
-1102
-489
245
150
-443
-904
-612
66
103
-225
-615
-754
-220
91
-304
-654
-534
-127
184
-88
-743
-767
65
986
1218
484
-540
-730
123
1162
1552
1151
507
297
542
669
599
876
1414
1422
702
39
149
803
1208
954
405
171
351
519
374
56
-91
62
270
218
-53
-166
-83
-125
-214
-106
37
124
257
404
299
-152
-453
-211
316
839
944
226
-570
-596
-28
477
426
47
50
327
-147
-1003
-1035
-294
378
377
-316
-1191
-1129
-470
-344
-532
-855
-1000
-779
-489
-507
-1151
-1545
-1021
-468
-425
-755
-1134
-886
-575
-1001
-1291
-892
-251
80
-430
-1308
-1559
-1249
-724
-18
412
-52
-1430
-2418
-1387
1060
2780
2315
-319
-2452
-1406
1393
3056
2815
1511
529
360
519
962
1879
2929
3072
1621
-104
-102
1536
2797
2288
770
-51
342
1038
1091
591
140
-132
-394
-540
-328
80
107
-501
-1247
-1446
-974
-256
202
112
-449
-1038
-1155
-638
247
986
1214
952
435
30
98
650
1323
1711
1510
752
147
343
885
1047
740
129
-195
378
1020
388
-982
-1417
-524
265
-105
-942
-1395
-1304
-911
-795
-1174
-1254
-1441
-1845
-1284
-999
-1792
-1939
-934
-1053
-1994
-1893
-1442
-684
-772
-1608
-1856
-1532
-485
-388
-1340
-1803
-1448
-675
-351
-763
-1323
-1154
-882
-1566
-1921
109
3077
3330
300
-2962
-2885
916
4781
5007
2213
-9
91
1187
1748
2126
3188
4125
3260
963
-235
998
3035
3512
2134
560
202
850
1349
988
81
-522
-341
249
488
85
-601
-1120
-1341
-1265
-833
-111
413
105
-1003
-1874
-1438
107
1346
1251
304
-131
449
1109
1051
680
959
1982
2557
1623
30
-265
1055
2233
2002
1022
141
95
268
-258
-367
292
681
-426
-1980
-2009
-909
-339
-502
-1075
-2617
-2757
-1943
-1557
-402
-1251
-2979
-2710
-2185
-1742
-1152
-1346
-2061
-2401
-1524
-596
-1382
-1647
-1305
-1153
-875
-1380
-962
-344
-931
-1330
-1222
-1276
-1721
-1769
-840
1291
2816
1892
-698
-2811
-1811
2133
5429
4953
1849
-282
-214
884
2164
3556
4508
4038
1955
-76
83
2166
3622
2959
1468
868
1080
1077
655
401
496
467
98
-117
103
99
-732
-1687
-1710
-916
-163
10
-427
-1080
-1469
-1509
-993
365
1453
809
-823
-1349
-380
1009
2047
2199
1334
453
647
1456
1980
1724
1276
1187
1143
1310
1174
699
234
87
253
430
226
-757
-836
-1011
-1579
-846
-529
-858
-1863
-3355
-2782
-829
-1116
-2502
-1584
-636
-2797
-5195
-3531
225
1096
-2154
-4513
-2627
-897
-674
-944
-2166
-2128
-952
-835
-1774
-1988
-717
-317
-1226
-2226
-2762
-1468
1777
4676
3400
-1886
-5207
-2450
3751
7111
4885
540
-1086
299
1698
2283
3585
5288
4611
1064
-1564
66
3923
5124
2684
336
649
1912
1779
739
455
816
564
-244
-388
293
491
-529
-1765
-1838
-774
187
152
-660
-1524
-1876
-1344
-86
883
655
-305
-742
-288
411
946
1501
1951
1589
473
87
1223
2496
2409
1372
636
633
1059
1340
1066
733
863
739
-196
-913
-195
954
120
-2133
-2484
-546
646
-721
-3170
-3609
-1745
-718
-1272
-1832
-2749
-3285
-2313
-2154
-2688
-1474
-874
-2429
-3192
-2517
-1615
-654
-620
-1757
-2427
-2147
-1714
-1155
-646
-694
-1017
-2004
-3517
-2757
1378
5451
4522
-2131
-7000
-3313
4743
8762
5553
-882
-3010
286
3045
3129
3540
4878
4233
752
-1770
227
4766
6308
2950
-815
-689
1816
2998
2013
481
-253
-110
401
718
441
-363
-1206
-1695
-1653
-876
343
689
-753
-2675
-2792
-776
1238
1279
-312
-1604
-1337
32
1249
1577
1228
930
1058
1109
877
1077
1864
2430
2122
1169
413
869
1997
2085
965
205
456
377
238
277
-306
-859
-1271
-1305
-786
-149
-620
-2723
-3749
-3034
-1052
976
-1057
-4597
-4416
-2149
-605
-788
-2080
-3416
-3602
-2045
-1235
-1443
-1741
-2386
-1770
-1378
-2378
-1900
-180
352
-1527
-3801
-3409
-981
2156
4078
2684
-1531
-4946
-3058
2989
7293
5739
525
-2082
-256
2295
3098
3634
4659
4063
1085
-1116
578
4297
5450
2836
8
175
2156
2759
1282
-120
57
854
867
394
313
234
-697
-1896
-1808
-258
969
329
-1552
-2712
-2161
-685
394
536
30
-641
-1058
-864
-41
944
1536
1533
1190
856
774
1077
1608
2047
2206
2022
1647
1286
976
934
1094
1293
1377
930
247
-363
-909
-886
-367
-123
-301
-1196
-2234
-2268
-2269
-2057
-1617
-1759
-1612
-2028
-3245
-3791
-2753
-1208
-1753
-3284
-3751
-2978
-1549
-1292
-1946
-2411
-2407
-1799
-1955
-1889
-755
-382
-1011
-3189
-4491
-1575
3306
5627
2070
-4108
-6226
-1602
6040
8448
3324
-2514
-2646
1065
3641
4005
3839
3922
2453
-188
-328
3140
6201
4579
110
-1414
1498
4269
3275
460
-596
160
883
1019
808
354
-660
-1926
-2014
-653
646
531
-1097
-2869
-3062
-1451
537
987
-574
-2226
-1831
218
1516
913
-42
387
1576
1780
916
611
1576
2442
1961
1065
1333
2365
2413
1232
480
1081
1971
1769
565
-312
-212
-9
-406
-749
-413
-126
-936
-2178
-2537
-2304
-2043
-1420
-1046
-1939
-3245
-3500
-2786
-2241
-2202
-1822
-1479
-2646
-4203
-3866
-1951
-460
-1073
-3052
-3581
-2152
-559
-155
-1632
-3806
-4140
-1442
3177
5586
1901
-4850
-6587
-429
7027
7870
2408
-2379
-1924
1485
3729
4497
4829
3901
1434
-327
1079
4523
5853
3403
172
-173
2155
3628
2535
534
-533
-169
886
1429
965
-430
-1873
-1989
-836
215
254
-638
-1799
-2567
-2331
-895
610
631
-762
-1914
-1621
-424
517
866
862
641
286
207
838
1861
2312
1768
970
936
1659
2239
2067
1483
1248
1413
1471
1383
1205
711
-29
-530
-380
206
468
-91
-1391
-2479
-2175
-1101
-862
-1457
-2083
-2761
-3261
-2793
-1860
-1830
-2619
-3155
-3119
-2673
-2233
-2417
-2638
-2228
-2192
-2623
-2430
-2109
-1917
-1349
-1491
-2782
-3192
-880
2938
3810
-421
-4983
-3589
3161
7787
5037
-1091
-2938
647
4276
4282
2788
2835
3437
2338
756
1662
4443
5166
2585
98
669
2855
3331
1466
-371
-234
1141
1647
588
-766
-1209
-947
-640
-406
-236
-431
-1223
-2232
-2528
-1488
146
675
-545
-2086
-2087
-584
666
540
-181
-197
577
1165
1061
820
1098
1762
2101
1789
1300
1226
1542
1720
1548
1512
1764
1715
1049
164
-187
338
984
900
242
-638
-1435
-1628
-1205
-717
-735
-1639
-2721
-2901
-2579
-2463
-2432
-2488
-2610
-2698
-3021
-3504
-3372
-2254
-1384
-1950
-2951
-3205
-2922
-2318
-1596
-1327
-2075
-3290
-2221
1987
4433
1000
-4752
-5727
354
7508
7567
1034
-3581
-1645
3112
5323
4447
3403
3015
1903
675
1601
4560
6029
3575
-4
-260
2599
4391
2840
76
-790
574
2024
1677
-185
-1667
-1562
-537
30
-268
-831
-1282
-1873
-2486
-2136
-474
803
-200
-2520
-3233
-1420
687
939
-129
-661
-129
472
479
452
994
1696
1782
1304
1012
1239
1600
1724
1698
1660
1511
1236
1017
854
601
439
629
793
381
-330
-669
-761
-1132
-1431
-1064
-715
-1451
-2842
-3497
-2977
-1997
-1389
-1660
-2698
-3693
-3984
-3409
-2239
-1402
-1686
-2797
-3654
-3422
-2287
-1178
-1323
-3077
-3887
-985
3277
3420
-1702
-6219
-3555
4290
8107
3888
-2157
-2644
1911
5105
4069
2639
3575
4203
2381
589
1940
5156
5894
3028
272
792
3148
3667
1590
-222
321
1983
2275
521
-1440
-1631
-415
287
-288
-1082
-1272
-1428
-2168
-2737
-1865
-66
386
-1295
-2976
-2498
-564
474
-22
-566
-77
671
375
-422
-64
1395
2416
1976
650
162
947
1829
2170
2000
1612
1450
1266
829
657
954
1229
927
180
-179
63
27
-801
-1594
-1326
-415
-389
-1670
-2912
-2984
-2282
-1807
-1860
-2047
-2356
-3198
-4000
-3547
-2047
-1114
-1769
-3438
-4336
-3239
-1335
-1092
-2963
-4453
-2852
1461
4292
1434
-4916
-6642
-200
7494
7610
810
-3877
-1379
3679
5366
4049
3187
3366
2602
1206
1947
4734
5950
3810
993
939
3139
4087
2337
160
95
1778
2750
1479
-957
-2154
-1175
357
513
-524
-1486
-1933
-2156
-2394
-2196
-1184
-430
-1081
-2454
-2913
-1861
-557
-205
-308
-327
-401
-460
-344
64
731
1270
1422
1240
967
929
1222
1751
2193
2110
1598
1191
1113
1226
1364
1408
1114
460
-19
104
485
240
-745
-1531
-1407
-885
-903
-1564
-2235
-2269
-2021
-2002
-2284
-2632
-2860
-2884
-2783
-2809
-2402
-2361
-2887
-3210
-3118
-2143
-1523
-1845
-3251
-4079
-1893
1875
3761
404
-5200
-5770
656
7666
6886
-9
-3971
-808
4697
5906
3552
2369
3110
3292
2328
2538
4409
5298
3793
1799
1779
3393
4067
2447
273
103
2034
3378
2000
-943
-2360
-1096
676
644
-935
-1855
-1785
-2027
-2467
-2161
-849
-357
-1655
-3118
-3012
-1404
-665
-1291
-1201
188
1094
-338
-2255
-1690
1121
3500
2936
439
-1187
-484
1776
3281
3174
2056
884
299
493
1504
2535
2511
1216
-345
-790
255
1376
861
-913
-1885
-1165
-264
-699
-1932
-2526
-2243
-2094
-2417
-2420
-2218
-2674
-3440
-3537
-2641
-1782
-2021
-2988
-3894
-3504
-1987
-1326
-2123
-3966
-4414
-1385
2765
3739
-975
-6369
-4907
2847
8557
5354
-2070
-4074
719
5626
5707
3185
2006
2496
2835
2796
3455
4532
4391
2804
1759
2477
3782
3647
1741
55
651
2793
3411
1119
-1718
-2065
-150
1272
594
-1178
-2207
-2098
-1888
-2067
-1865
-1109
-1042
-2170
-3167
-2802
-1599
-1066
-1744
-2222
-941
956
721
-1668
-2858
-617
2993
4051
1521
-1484
-1523
1143
3431
3466
2112
988
591
692
1311
2331
2797
1797
15
-762
150
1394
1295
-105
-1276
-1252
-733
-905
-1708
-2013
-1592
-1594
-2437
-3006
-2546
-2018
-2558
-3417
-3126
-1903
-1407
-2578
-3991
-3692
-2110
-1052
-1650
-3530
-4618
-3139
639
3790
2022
-3878
-6690
-1892
6003
8089
2142
-3772
-2487
3256
6410
4868
2410
2114
2905
3208
3374
3967
4298
3529
2398
2278
3198
3806
2902
1145
490
1737
3388
2866
-95
-2298
-1360
1054
1693
-158
-2166
-2424
-1650
-1332
-1580
-1486
-1064
-1461
-2638
-3111
-2237
-922
-562
-1520
-2492
-2117
-595
846
995
-386
-1719
-977
1523
3133
2183
169
-410
714
1993
2499
2348
1696
716
184
812
1973
2194
1140
15
-193
187
291
-70
-575
-1012
-1211
-1127
-1185
-1841
-2772
-2908
-1996
-1373
-1984
-3193
-3809
-3239
-2222
-1833
-2232
-3116
-3705
-3278
-2254
-1496
-1953
-3666
-4349
-1742
2801
4257
-449
-6459
-5683
2314
8720
6097
-1539
-4261
182
5353
5929
3400
2130
2845
3417
3102
2917
3769
4730
4254
2814
2079
2723
3491
2582
902
954
2651
3205
966
-1936
-2050
414
1893
552
-1758
-2445
-1719
-1475
-2054
-2074
-1123
-694
-1728
-3207
-3123
-1678
-747
-1019
-1860
-1926
-1421
-1026
-563
183
1047
629
-774
-958
683
2586
2543
1057
174
674
1948
2423
2004
1451
1173
1281
1175
955
1024
1309
1122
199
-406
-320
-334
-845
-1291
-1190
-857
-1162
-2261
-3098
-2792
-1778
-1484
-2313
-3389
-3832
-3141
-2146
-2100
-2531
-2884
-2930
-2663
-2616
-2317
-2731
-3335
-1770
1252
3046
-119
-5329
-5101
1456
7584
5721
-1088
-3806
-103
4735
5599
3610
2273
2708
3416
3330
3136
3508
4230
4122
3139
2596
2829
3162
2453
1112
1370
2978
3367
952
-2096
-1860
825
2231
706
-1822
-2571
-1740
-1079
-1453
-1873
-1555
-1110
-1781
-3115
-3244
-1975
-554
-867
-2079
-2241
-1400
-877
-1489
-1089
987
2373
738
-2406
-2509
1144
4625
4000
453
-1574
-280
2289
3376
2676
1511
895
687
492
544
1177
1775
1200
-336
-1375
-1128
-367
-204
-828
-1486
-1675
-1856
-2455
-3032
-2771
-1958
-1763
-2586
-3406
-3448
-2919
-2433
-2510
-2581
-2698
-2740
-2559
-2607
-2511
-2992
-3310
-1534
1765
3299
-593
-6120
-5445
1981
8284
6048
-1145
-4173
-526
4668
5827
3871
2471
2698
3224
2820
2620
3508
4793
4871
3184
1740
1968
3201
3203
1433
670
2036
3223
1530
-1621
-2166
187
2095
970
-1697
-2782
-1883
-1044
-1387
-1792
-1379
-944
-1685
-2944
-3106
-1790
-495
-649
-1873
-2478
-1761
-1086
-517
218
1017
769
-949
-1397
50
2302
3092
1579
124
-31
1287
2472
2445
1849
1281
1113
1014
842
791
986
1078
726
47
-560
-805
-851
-824
-845
-1056
-1458
-2102
-2711
-2804
-2273
-1794
-2147
-2970
-3441
-3225
-2722
-2409
-2536
-2707
-2606
-2535
-2409
-2594
-2579
-2629
-2805
-1498
1058
2748
-192
-5454
-5293
1725
8303
6335
-1277
-4887
-843
5426
6956
3985
1457
1792
3183
3658
3411
3555
4132
3968
2866
2104
2602
3257
2604
1243
1050
2316
2868
984
-1665
-1800
714
2336
704
-2209
-3084
-1696
-540
-1007
-1899
-1813
-1252
-1540
-2598
-2963
-1918
-656
-686
-1709
-2177
-1679
-1168
-885
-29
1222
1178
-683
-2051
-644
2371
3702
2154
-85
-581
829
2614
3000
1868
932
1063
1384
1024
493
861
1483
993
-102
-592
-394
-326
-918
-1321
-939
-796
-1744
-3053
-3175
-2029
-1408
-2094
-3141
-3560
-3038
-2349
-2408
-2785
-2800
-2588
-2474
-2598
-2578
-2049
-1965
-3116
-3754
-1447
2631
3359
-1665
-6637
-4108
4183
8665
4158
-3256
-4247
1614
6677
6069
2550
1082
2464
3958
3802
2933
3092
4241
4532
3164
1822
2118
3059
2703
1370
1191
2498
2771
461
-2013
-1430
1343
2450
357
-2462
-3045
-1412
-65
-534
-1700
-2018
-1612
-1578
-2108
-2231
-1580
-905
-946
-1599
-1817
-1307
-1057
-1045
-202
1385
1969
127
-2254
-1647
1954
4758
3665
98
-1587
155
2789
3574
2316
1085
993
1075
768
619
1150
1755
1210
-239
-1108
-952
-454
-474
-1003
-1093
-1121
-1938
-3222
-3464
-2148
-1169
-1629
-3094
-4098
-3714
-2674
-1810
-2031
-2976
-3513
-3193
-2183
-1715
-2107
-2910
-3785
-3260
-470
2924
2760
-2547
-6882
-3607
4761
8649
3421
-3797
-3980
2077
6832
5781
2134
1077
2676
4102
3656
2656
3080
4104
4067
2735
1839
2571
3284
2335
885
1212
2764
2588
21
-1924
-804
1663
1994
-456
-2697
-2453
-885
-244
-1163
-2047
-1861
-1336
-1495
-2357
-2393
-1443
-788
-1116
-1946
-1790
-1069
-945
-1355
-1226
761
2509
1610
-1331
-2979
-210
4096
5395
2384
-1527
-1677
1292
3959
3860
1906
510
258
597
934
1357
1718
1347
37
-1076
-971
-374
-343
-895
-1251
-1152
-1395
-2437
-3487
-3466
-2013
-652
-1449
-3599
-4720
-3767
-1806
-1246
-2359
-3245
-3240
-2676
-2120
-1982
-2123
-3048
-3977
-2501
1222
3615
897
-5148
-6611
-83
7613
7620
97
-5294
-2253
4631
7595
4658
784
819
3256
4440
3692
2717
3199
4202
3720
2307
1916
2828
3213
2005
1066
1976
2955
1651
-1005
-1758
400
2558
1685
-1465
-3322
-2093
81
355
-1187
-2320
-1871
-973
-1192
-2226
-2384
-1218
-312
-845
-1934
-2139
-1359
-410
260
661
634
0
-684
-387
1090
2601
2776
1501
112
63
1437
2840
2924
1859
898
728
1020
1326
1510
1384
763
-63
-478
-263
33
-284
-1150
-1691
-1526
-1338
-1791
-2604
-2904
-2447
-1914
-2074
-2878
-3486
-3205
-2535
-2378
-2581
-2702
-2518
-2541
-2897
-2681
-2022
-1794
-2940
-4275
-2578
1731
3956
260
-5979
-6199
1349
8471
6809
-1342
-5487
-1110
5707
7282
3519
368
1135
3589
4309
3197
2526
3322
4231
3535
2191
1952
2655
2780
1653
1301
2474
2844
927
-1691
-1560
1189
2638
886
-2252
-3290
-1452
331
-15
-1672
-2403
-1580
-979
-1620
-2595
-2210
-769
-153
-1222
-2584
-2093
-768
-6
-585
-1008
789
2216
1279
-1599
-2343
1314
5024
4878
761
-2285
-682
2982
4614
3070
894
160
768
1327
1272
1271
1389
1100
-10
-990
-796
-283
-314
-986
-1572
-1364
-1449
-2389
-3312
-3022
-1522
-1007
-2391
-4051
-4297
-2817
-1527
-1709
-2599
-3235
-2872
-2617
-2661
-2180
-1593
-1650
-3287
-4162
-1560
2967
3841
-1888
-7073
-4133
4562
9070
3847
-3974
-4617
1921
7437
6252
1490
-244
2157
4799
4649
2437
1695
3422
4675
3597
1894
1760
2610
2475
1488
1479
2514
2433
261
-1662
-782
1748
2428
79
-2592
-2577
-481
581
-713
-2394
-2275
-974
-714
-1920
-2675
-1683
-273
-482
-2025
-2646
-1274
504
651
-651
-1414
-471
1167
1749
945
81
434
1701
2446
1981
1188
1160
1751
2074
1828
1484
1410
1379
1156
984
951
650
75
-182
-80
-181
-637
-1202
-1637
-1652
-1376
-1506
-2197
-2737
-2728
-2474
-2313
-2404
-2717
-2907
-2870
-2859
-2801
-2481
-2217
-2510
-3102
-3087
-2195
-1327
-1786
-3536
-3996
-1002
3120
3179
-2228
-6798
-3558
4649
8254
3400
-3582
-4045
1911
6542
5483
1695
305
2265
4137
3668
2285
2317
3964
4603
2897
1340
1628
2831
2762
1509
1407
2098
1903
129
-1385
-391
1640
1859
-300
-2459
-2411
-586
510
-502
-2011
-2106
-1042
-755
-1674
-2306
-1726
-501
-300
-1558
-2262
-1266
19
278
-291
-644
-128
714
1058
831
618
794
1271
1825
1971
1469
1133
1592
2147
2076
1645
1354
1348
1456
1355
936
453
141
-13
-52
-95
-476
-1197
-1641
-1565
-1349
-1374
-1784
-2440
-2983
-2965
-2330
-1929
-2379
-2976
-3260
-3124
-2638
-2294
-2202
-2395
-2698
-2832
-2362
-1832
-1941
-2738
-3407
-1857
1279
2948
97
-4937
-4980
1140
6954
5557
-1012
-4417
-988
5021
6618
3280
127
754
3622
4676
3299
1861
2525
4224
4058
2450
1429
1867
2610
2254
1772
1892
1910
894
-602
-661
1013
2159
766
-1863
-2813
-1209
690
327
-1661
-2615
-1637
-467
-769
-1923
-2089
-983
-207
-825
-1914
-1934
-850
89
187
-158
-339
-192
92
441
1026
1733
1865
1125
424
782
1912
2616
2251
1350
907
1216
1694
1770
1464
1006
498
106
59
259
327
-7
-623
-1185
-1527
-1608
-1454
-1297
-1441
-1967
-2624
-3058
-3001
-2419
-1852
-2052
-2874
-3581
-3516
-2560
-1659
-1633
-2347
-3063
-3000
-2123
-1413
-1655
-2773
-3334
-1435
1750
2711
-773
-5204
-4186
2099
7054
4914
-1593
-4222
-308
5120
6076
2797
186
1077
3402
3920
2588
1788
2919
4072
3213
1478
1069
2194
2835
1977
1203
1605
1918
868
-713
-669
1107
2017
588
-1648
-2261
-888
444
131
-1246
-1971
-1375
-731
-1090
-1741
-1618
-705
-181
-918
-1908
-1712
-543
249
210
131
179
-153
-412
255
1694
2682
2099
566
-111
843
2462
3100
2192
873
513
1217
1891
1691
1096
893
839
314
-375
-367
270
433
-395
-1441
-1833
-1617
-1300
-1181
-1454
-2104
-2624
-2595
-2288
-2178
-2311
-2439
-2483
-2601
-2810
-2771
-2369
-2113
-2298
-2485
-2321
-2024
-1788
-1745
-2297
-3043
-2200
788
2885
621
-4174
-5128
327
6438
5980
-269
-4441
-1650
4327
6559
3474
-122
146
2957
4255
2836
1269
2098
4040
3984
1915
615
1428
2742
2719
1884
1529
1429
742
-185
8
1372
1998
800
-1140
-1967
-912
558
485
-909
-1735
-1116
-438
-1034
-1948
-1630
-241
412
-768
-2289
-2197
-626
912
1036
-98
-1053
-891
307
1533
1793
1327
751
392
590
1280
2011
2253
1649
762
553
1052
1506
1520
1301
1014
575
33
-369
-379
-10
286
29
-757
-1603
-1925
-1533
-986
-1042
-1741
-2476
-2742
-2495
-2114
-1953
-2110
-2380
-2583
-2817
-2811
-2354
-1857
-1885
-2476
-2931
-2489
-1633
-1294
-1767
-2980
-2988
-577
2248
2084
-2068
-5146
-2454
3646
6375
2415
-3075
-3427
1446
5605
4730
1208
-351
1487
3653
3374
1934
1568
2902
3703
2590
1355
1315
2257
2709
2144
1612
1525
1352
663
126
585
1521
1446
41
-1295
-1156
94
643
-275
-1399
-1323
-544
-476
-1135
-1359
-783
-312
-711
-1442
-1328
-253
474
-44
-905
-655
590
1268
563
-372
11
1454
2192
1369
181
203
1313
2036
1603
817
730
1191
1272
746
359
578
872
586
-155
-704
-637
-235
-162
-611
-1204
-1528
-1513
-1320
-1262
-1675
-2206
-2289
-2075
-1883
-1856
-2140
-2489
-2553
-2379
-2063
-1966
-2075
-2165
-2278
-2268
-2075
-1692
-1503
-1880
-2690
-2452
-266
1727
961
-2666
-4581
-1240
3918
5036
651
-3550
-2247
2573
5192
3222
80
-155
2234
3908
2993
1201
1398
3235
3851
2481
1116
1444
2622
2819
2067
1701
1883
1570
579
153
1046
2113
1733
-46
-1443
-1045
440
1078
142
-1094
-1266
-691
-514
-868
-944
-509
-319
-843
-1373
-1019
-105
259
-208
-624
-255
459
571
-15
-302
382
1282
1254
419
-42
485
1314
1483
979
596
733
980
910
668
614
717
604
134
-325
-366
-164
-209
-538
-767
-819
-1024
-1427
-1621
-1351
-1013
-1189
-1963
-2632
-2429
-1644
-1273
-1816
-2591
-2748
-2185
-1686
-1839
-2277
-2398
-2064
-2057
-2145
-1970
-1833
-2106
-2602
-1559
495
1188
-1043
-3947
-3022
1378
4584
2549
-2127
-3407
101
4305
4359
1336
-438
937
3399
3553
1935
1251
2578
4028
3216
1478
1056
2230
3323
2866
1896
1523
1721
1635
1026
861
1428
1802
991
-473
-989
39
1211
897
-588
-1494
-965
-114
-194
-904
-1139
-667
-333
-686
-1148
-904
-181
50
-439
-778
-304
449
536
-47
-344
198
911
866
244
72
717
1332
1092
391
261
876
1335
993
360
298
753
879
334
-240
-220
95
4
-495
-778
-629
-549
-885
-1299
-1388
-1254
-1279
-1575
-1872
-1839
-1641
-1705
-2112
-2427
-2273
-1891
-1736
-2035
-2435
-2404
-1961
-1782
-2050
-2208
-2059
-2050
-2652
-2517
-757
1041
424
-2781
-4236
-1254
3269
4146
318
-2999
-1856
2124
4396
2960
437
203
2228
3559
2743
1457
1970
3708
4003
2361
1046
1661
3158
3552
2556
1575
1526
1890
1679
1071
1191
1785
1490
128
-915
-327
1120
1303
-195
-1557
-1271
-118
97
-756
-1377
-1031
-311
-415
-1224
-1321
-457
132
-298
-973
-752
98
354
-237
-701
-186
850
1122
301
-487
-147
964
1506
932
143
175
838
1152
817
489
618
771
390
-216
-257
277
463
-206
-962
-892
-320
-351
-1168
-1728
-1409
-915
-1163
-2028
-2527
-2184
-1419
-1249
-1920
-2738
-2637
-1843
-1437
-1846
-2517
-2515
-2198
-2079
-2201
-1921
-1863
-2264
-3092
-1957
437
1468
-1055
-4397
-3425
1524
4897
2419
-2421
-3488
500
4438
4393
1281
-457
907
3346
3807
2295
1342
2461
3944
3564
1861
1222
2307
3466
3258
2188
1454
1441
1513
1346
1405
1854
1744
541
-673
-524
747
1346
298
-1163
-1231
-155
290
-573
-1440
-1001
-23
85
-1217
-2152
-1147
453
712
-838
-1909
-1052
463
976
-52
-899
-408
696
1103
450
-106
253
1074
1330
817
368
684
1268
1208
707
561
868
1008
707
344
282
417
199
-498
-924
-531
70
-151
-1184
-2028
-1907
-1163
-963
-1504
-2204
-2383
-2220
-2036
-2061
-2300
-2287
-2281
-2303
-2583
-2270
-1994
-1966
-2425
-2579
-2293
-1730
-1573
-2111
-2761
-2551
-456
1217
792
-2348
-3857
-1392
2933
4129
1062
-2231
-1556
2097
4442
3282
819
627
2437
3838
2980
1833
2115
3633
3840
2574
1302
1720
2980
3532
2651
1558
1410
1842
1700
1158
1152
1627
1473
396
-651
-509
443
778
30
-814
-928
-643
-570
-788
-875
-626
-443
-808
-1522
-1315
-285
346
-247
-1427
-1289
-78
771
265
-816
-648
448
1150
604
-339
-211
866
1645
1223
292
101
789
1347
1137
548
277
530
761
486
-13
-94
144
-32
-661
-979
-695
-475
-878
-1538
-1780
-1585
-1467
-1631
-1811
-1837
-1888
-2165
-2456
-2410
-1952
-1610
-1942
-2671
-2948
-2284
-1424
-1332
-2023
-2598
-2383
-1639
-1014
-1264
-1894
-2263
-1233
608
1190
-248
-2473
-1994
934
3464
2736
-145
-1582
367
3313
4102
2287
808
1386
2953
3403
2435
1735
2505
3533
3176
1834
1251
1988
2961
2970
2043
1150
1008
1301
1381
1212
1132
1051
581
-126
-371
161
716
375
-610
-1106
-633
-108
-284
-760
-820
-596
-592
-950
-1266
-768
-30
18
-834
-1409
-649
342
673
-93
-777
-268
626
958
334
-53
331
976
1167
542
122
506
1247
1239
468
55
268
682
559
4
-259
-217
-168
-520
-983
-1011
-803
-748
-1193
-1773
-1884
-1542
-1210
-1366
-1840
-2179
-2212
-2108
-2052
-2008
-1903
-1833
-1986
-2276
-2155
-1759
-1441
-1453
-1579
-1691
-1734
-1567
-1286
-867
-811
-1077
-1592
-612
1038
1548
-395
-2389
-1227
2165
4261
2266
-982
-1472
1588
4394
3853
1368
309
1703
3491
3351
1960
1448
2638
3611
2609
1134
1124
2446
3203
2280
1018
731
1532
1956
1252
576
675
1172
865
-190
-660
3
873
463
-682
-1083
-446
160
-289
-1101
-1252
-594
-177
-791
-1587
-1238
-163
199
-785
-1542
-870
280
675
-289
-803
-400
620
748
87
-286
224
836
723
52
-32
576
1040
634
-106
-159
450
737
198
-555
-626
-166
-69
-672
-1262
-1151
-655
-677
-1352
-1888
-1685
-1146
-1084
-1608
-2049
-1910
-1505
-1454
-1820
-2017
-1653
-1163
-1297
-1969
-2211
-1588
-824
-810
-1425
-1822
-1505
-892
-586
-650
-851
-1068
-1256
-674
749
1533
421
-1654
-1659
1124
3773
3166
-100
-1831
181
3563
4419
2167
-11
467
2719
3772
2477
961
1498
3119
3287
1781
688
1298
2583
2838
1794
771
788
1301
1371
1072
971
979
598
-102
-409
64
706
580
-350
-1079
-846
-128
0
-653
-1189
-905
-321
-416
-1111
-1317
-654
-47
-263
-879
-1060
-586
3
49
-325
-391
-24
164
-35
-157
109
503
541
134
-154
99
478
457
171
-17
-1
130
101
-239
-501
-303
-29
-269
-899
-1265
-1059
-635
-544
-943
-1461
-1645
-1403
-1029
-916
-1233
-1702
-1829
-1504
-1151
-1121
-1346
-1581
-1646
-1436
-1057
-899
-1083
-1278
-1200
-958
-741
-659
-699
-655
-539
-562
-974
-975
255
1688
1568
-452
-1897
-539
2474
3837
1808
-1023
-1086
1669
3875
3067
805
176
1728
3098
2536
1172
1154
2534
3297
2274
720
597
1942
2947
2406
1095
495
873
1292
1123
766
729
741
273
-427
-516
150
626
102
-895
-1186
-557
-37
-404
-1125
-1197
-586
-248
-730
-1375
-1242
-448
-26
-498
-1196
-1145
-352
197
-120
-703
-649
-58
258
-21
-379
-227
310
524
90
-382
-201
381
553
125
-318
-292
40
199
-23
-365
-460
-348
-380
-638
-801
-687
-524
-631
-994
-1240
-1120
-889
-878
-1024
-1153
-1281
-1359
-1292
-1142
-1011
-943
-1066
-1316
-1332
-999
-665
-606
-728
-823
-815
-738
-616
-394
-153
-191
-607
-909
-411
806
1539
698
-977
-1308
556
2722
2756
743
-831
-119
1967
3038
2145
738
625
1722
2444
1997
1340
1570
2275
2266
1408
779
1171
2068
2301
1502
553
402
876
1152
949
646
497
308
-58
-288
-53
349
238
-456
-995
-808
-253
-135
-663
-1167
-955
-286
-141
-852
-1500
-1152
-205
148
-483
-1265
-1223
-401
237
39
-539
-658
-260
45
-49
-183
15
352
348
-44
-308
-45
493
697
330
-192
-310
-5
240
102
-193
-300
-287
-432
-695
-741
-497
-335
-578
-1005
-1175
-982
-714
-684
-863
-1063
-1156
-1161
-1043
-827
-651
-689
-973
-1116
-964
-539
-313
-505
-701
-748
-492
-373
-446
-521
-403
3
-70
-579
-880
-267
913
1348
541
-901
-1223
344
2352
2554
652
-960
-333
1684
2703
1899
635
457
1371
2119
1858
1187
1250
1925
2077
1422
854
997
1505
1715
1361
786
517
618
758
777
727
574
244
-151
-300
-30
305
173
-346
-695
-684
-564
-475
-404
-396
-497
-685
-917
-984
-625
-95
-91
-721
-1191
-897
-257
-12
-273
-590
-596
-339
-171
-238
-317
-172
76
64
-208
-351
-196
147
349
99
-289
-362
-196
21
134
-38
-316
-434
-446
-404
-263
-198
-348
-536
-654
-718
-625
-436
-406
-541
-735
-920
-897
-637
-464
-507
-602
-696
-752
-670
-490
-331
-313
-519
-700
-509
-175
-180
-450
-654
-569
-149
38
-418
-599
110
654
202
-541
-500
452
1352
1207
239
-293
349
1420
1700
1130
703
946
1332
1310
1152
1288
1577
1599
1248
866
887
1327
1644
1369
801
594
786
880
707
534
485
447
295
4
-205
-56
230
120
-371
-647
-453
-151
-159
-452
-658
-577
-429
-461
-622
-644
-434
-263
-379
-642
-713
-426
-114
-136
-312
-345
-276
-189
-136
-143
-82
52
48
-170
-219
61
262
152
-125
-225
-36
150
78
-156
-226
-120
-57
-158
-368
-440
-271
-159
-359
-608
-586
-416
-371
-506
-644
-625
-543
-543
-561
-532
-548
-605
-582
-516
-508
-518
-527
-532
-416
-358
-559
-753
-579
-171
-77
-432
-793
-692
-170
153
57
-115
-196
-192
-31
338
655
694
450
177
344
840
1157
1028
775
882
1150
1183
972
907
1193
1484
1392
951
727
970
1284
1236
843
563
637
848
800
420
200
372
559
344
-142
-308
-35
220
59
-353
-509
-350
-201
-285
-487
-505
-378
-330
-440
-544
-455
-307
-265
-333
-390
-289
-145
-91
-167
-214
-96
19
48
-3
17
101
121
106
73
111
172
193
114
-50
-74
65
181
88
-133
-258
-230
-139
-159
-308
-418
-378
-346
-479
-655
-668
-547
-476
-516
-641
-765
-757
-625
-538
-579
-626
-627
-647
-635
-533
-415
-339
-357
-493
-617
-593
-351
-3
-39
-607
-1016
-686
-14
213
-269
-898
-785
125
731
271
-608
-803
-7
1091
1372
461
-531
-340
793
1626
1447
671
192
518
1183
1444
1221
919
932
1070
1029
852
872
1136
1185
897
480
339
562
754
658
418
268
134
51
28
64
148
94
-69
-231
-300
-246
-73
62
-73
-304
-323
-217
-141
-41
0
-127
-231
-200
-119
13
147
63
-157
-186
-12
152
199
82
-93
-86
83
157
94
8
-65
-90
-27
14
-66
-185
-229
-211
-217
-291
-389
-425
-404
-410
-467
-538
-611
-678
-660
-527
-422
-531
-789
-914
-731
-422
-373
-664
-872
-611
-189
-237
-702
-891
-505
-16
3
-472
-863
-690
-161
61
-305
-738
-664
-249
-6
-154
-567
-777
-400
229
449
79
-513
-707
-86
902
1187
447
-388
-309
615
1402
1312
672
331
571
1002
1216
1140
1005
1060
1131
941
770
924
1115
1069
895
757
685
622
567
581
649
663
460
104
-3
259
512
409
27
-228
-126
77
123
68
-35
-179
-223
-114
-33
-62
-96
-128
-165
-122
-51
-78
-159
-180
-126
-48
-38
-136
-205
-126
-16
-16
-122
-231
-181
17
87
-53
-231
-284
-175
-68
-138
-303
-390
-363
-321
-356
-444
-501
-490
-502
-583
-590
-534
-560
-638
-691
-665
-546
-497
-630
-806
-761
-412
-147
-381
-836
-935
-575
-142
-77
-413
-721
-670
-420
-292
-361
-479
-543
-514
-416
-415
-494
-435
-369
-444
-361
-11
213
-7
-477
-538
160
941
910
186
-332
-29
902
1509
1106
356
300
896
1416
1400
976
765
1083
1430
1347
1047
912
1044
1228
1178
970
869
823
698
638
710
743
602
324
124
198
420
426
96
-221
-162
124
201
-29
-300
-347
-177
-46
-147
-342
-361
-187
-94
-226
-388
-339
-135
-47
-188
-332
-247
-66
-55
-191
-255
-162
-32
-34
-200
-308
-181
-48
-147
-296
-313
-238
-146
-178
-378
-549
-502
-325
-316
-510
-651
-653
-548
-479
-644
-760
-576
-489
-638
-703
-627
-528
-498
-638
-749
-557
-283
-337
-667
-781
-406
-9
-201
-672
-708
-359
-90
-103
-454
-775
-489
-6
-44
-301
-482
-654
-382
297
569
201
-409
-706
-118
953
1295
647
-137
-272
466
1455
1572
821
378
689
1196
1429
1247
931
1014
1369
1383
1036
803
955
1288
1311
983
746
707
719
733
689
623
573
381
69
-8
225
392
210
-166
-348
-193
23
21
-156
-350
-420
-313
-227
-297
-346
-289
-271
-354
-440
-412
-257
-130
-134
-217
-319
-320
-171
-88
-145
-125
-46
-69
-136
-196
-229
-95
82
-14
-276
-368
-261
-135
-161
-348
-477
-452
-415
-468
-557
-580
-543
-569
-689
-783
-731
-587
-551
-622
-665
-710
-713
-580
-487
-508
-486
-480
-523
-447
-371
-461
-414
-136
-65
-365
-663
-548
-39
234
-206
-744
-567
-1
165
-147
-497
-472
50
553
358
-316
-560
43
936
1160
481
-225
-66
842
1567
1307
459
230
894
1507
1431
979
752
989
1371
1398
1063
805
908
1191
1251
942
603
587
767
820
699
494
257
138
230
336
247
29
-157
-230
-152
-20
-55
-303
-492
-397
-195
-193
-403
-557
-462
-246
-212
-446
-655
-522
-183
-53
-263
-536
-538
-251
-17
-62
-238
-301
-181
-73
-137
-162
-25
-3
-171
-264
-217
-144
-121
-219
-370
-398
-323
-353
-516
-582
-451
-339
-432
-638
-746
-619
-367
-287
-461
-662
-663
-456
-243
-261
-482
-576
-393
-210
-254
-351
-295
-190
-182
-220
-224
-219
-215
-135
-30
-93
-286
-353
-208
24
126
-104
-467
-497
-74
479
603
5
-660
-441
523
1198
908
32
-335
307
1162
1303
847
509
633
975
1117
981
911
1134
1325
1084
684
693
1070
1302
1139
748
455
505
762
785
518
319
287
269
199
86
33
48
-54
-236
-271
-190
-160
-218
-362
-482
-405
-253
-306
-491
-503
-345
-260
-351
-514
-529
-296
-92
-170
-366
-438
-276
-20
-20
-236
-304
-174
-36
-15
-136
-241
-158
-11
-34
-208
-314
-237
-99
-87
-252
-424
-405
-329
-377
-406
-385
-436
-477
-491
-529
-482
-401
-435
-474
-437
-401
-388
-363
-350
-307
-207
-224
-397
-438
-217
8
0
-263
-525
-441
-88
58
-155
-405
-438
-282
-116
-102
-238
-363
-373
-229
95
351
114
-402
-431
180
826
914
321
-300
-46
902
1440
1066
363
214
812
1388
1254
763
644
997
1333
1184
667
467
880
1309
1167
627
245
373
760
841
511
150
64
219
280
108
-55
-87
-129
-231
-259
-181
-179
-344
-506
-500
-341
-209
-310
-540
-561
-330
-192
-314
-465
-413
-228
-124
-222
-375
-332
-90
71
-53
-271
-266
-55
123
104
-75
-177
-86
29
42
-36
-153
-169
-86
-106
-227
-255
-195
-196
-298
-394
-348
-235
-250
-380
-475
-458
-330
-240
-331
-467
-452
-295
-192
-289
-425
-377
-226
-142
-213
-344
-294
-158
-221
-313
-246
-132
-33
-140
-493
-527
-109
133
15
-257
-554
-480
-25
177
45
-39
-110
-161
-12
135
265
516
516
151
40
424
784
869
676
460
573
850
934
813
744
709
960
1103
875
562
570
756
911
901
576
358
370
452
418
396
289
165
83
-38
-52
89
59
-168
-254
-195
-157
-183
-310
-357
-221
-151
-274
-409
-414
-250
-79
-141
-312
-344
-237
-105
-71
-142
-160
-76
-22
-74
-130
-97
20
113
30
-175
-202
-8
103
5
-149
-235
-207
-99
-88
-212
-288
-262
-259
-288
-297
-326
-366
-360
-341
-354
-374
-383
-373
-322
-269
-292
-360
-378
-341
-252
-83
-21
-296
-610
-478
-49
141
-76
-434
-612
-403
7
68
-253
-455
-399
-257
-154
-194
-223
-154
-197
-315
-313
-138
136
155
-126
-289
-34
372
520
294
89
283
627
763
594
470
565
898
947
678
507
757
989
965
747
586
651
773
838
707
567
466
502
440
361
350
331
189
-16
-26
44
105
11
-141
-276
-214
-74
-93
-262
-313
-140
1
-135
-424
-496
-176
191
161
-277
-606
-398
116
312
8
-342
-324
-54
110
18
-157
-108
97
57
-194
-250
-77
99
113
-106
-340
-295
-105
-45
-147
-303
-353
-251
-215
-348
-431
-326
-195
-290
-454
-490
-381
-238
-194
-345
-510
-431
-269
-155
-245
-307
-324
-285
-274
-113
-57
-215
-401
-334
-89
84
-25
-421
-630
-404
86
247
-113
-720
-783
-162
401
243
-335
-699
-434
268
575
113
-398
-255
294
587
429
114
46
355
739
757
446
304
560
888
907
670
512
647
922
977
703
450
536
799
856
622
369
327
433
490
435
337
240
154
124
168
197
139
44
-10
-5
30
21
-66
-128
-76
-22
-88
-188
-199
-115
-15
-18
-157
-269
-206
-54
9
-59
-179
-241
-173
-48
-55
-197
-267
-193
-116
-126
-196
-300
-337
-201
-82
-192
-367
-405
-336
-219
-193
-359
-481
-400
-315
-302
-322
-408
-450
-357
-273
-227
-214
-315
-398
-306
-129
-25
-119
-323
-308
-88
1
-60
-161
-267
-214
-42
-13
-102
-211
-284
-157
-34
-149
-213
-189
-254
-226
-149
-188
-154
-99
-254
-274
14
118
-72
-147
-43
142
316
201
22
175
358
463
522
365
267
560
748
611
568
633
712
745
722
582
650
793
808
637
460
468
670
690
438
294
366
432
391
233
89
95
214
242
68
-99
-100
-13
-18
-64
-50
-59
-143
-287
-237
-90
43
-119
-333
-355
-126
21
-132
-334
-356
-120
-10
-107
-341
-354
-171
7
-82
-329
-434
-287
-82
-114
-277
-409
-365
-334
-305
-285
-223
-279
-424
-504
-376
-168
-107
-244
-391
-382
-239
-121
-119
-164
-163
-133
-138
-201
-167
-9
70
-24
-207
-262
-61
111
36
-147
-256
-142
36
-70
-239
-179
-89
-73
-125
-319
-384
-135
-3
-171
-270
-245
-220
-129
-126
-216
-79
95
-17
-116
-43
43
206
367
294
169
203
330
492
550
487
555
645
534
503
684
769
731
696
619
599
704
736
644
583
584
589
567
505
436
406
387
351
331
293
185
106
135
170
134
63
-34
-88
-34
34
-20
-195
-284
-178
-89
-135
-251
-393
-395
-251
-227
-338
-442
-497
-412
-277
-324
-463
-465
-404
-400
-358
-337
-416
-420
-354
-359
-327
-256
-262
-315
-390
-326
-37
36
-291
-469
-220
125
232
-105
-569
-353
383
509
-138
-614
-393
238
585
209
-408
-500
-100
312
405
70
-323
-323
-80
104
143
-10
-229
-280
-171
-54
-60
-190
-281
-241
-182
-146
-109
-188
-300
-178
10
-18
-61
-9
-51
-98
45
212
198
153
236
244
124
242
561
580
361
325
424
515
651
717
571
405
519
741
692
506
480
538
542
514
523
482
326
329
496
414
207
221
234
155
205
233
43
-141
-107
8
-37
-200
-257
-271
-356
-346
-266
-335
-457
-440
-411
-460
-443
-366
-427
-575
-574
-443
-365
-399
-515
-568
-431
-270
-302
-446
-452
-251
-108
-210
-317
-244
-108
-30
-63
-147
-147
-121
-90
58
124
-42
-137
-55
15
116
210
92
-77
-67
68
222
229
52
-70
-35
85
196
131
-58
-112
7
109
59
-76
-104
-1
54
-22
-103
-79
-42
-36
-28
-48
-77
-87
-70
-13
16
-1
-50
-96
43
253
206
36
4
65
221
406
346
84
51
287
411
397
343
178
162
428
526
333
184
217
432
579
352
128
219
296
323
394
250
55
122
214
185
152
114
85
67
-14
-39
37
18
-34
2
-88
-250
-197
-66
-57
-129
-269
-347
-280
-197
-146
-219
-426
-410
-204
-220
-294
-276
-374
-353
-151
-203
-329
-244
-237
-245
-86
-102
-265
-225
-171
-182
12
99
-175
-292
-114
-15
78
140
-78
-235
-78
66
145
180
-30
-193
-35
135
179
135
-59
-134
68
193
128
38
-67
-32
201
236
-13
-146
-54
89
199
129
-133
-233
-28
171
184
30
-198
-179
112
251
87
-134
-145
74
242
171
-27
-134
-1
201
164
-10
46
197
50
-55
128
147
162
346
106
-197
90
308
249
284
65
-169
132
358
243
174
-25
-109
272
400
91
-16
0
16
274
360
-13
-198
-6
111
189
169
-128
-218
-20
-3
38
82
-220
-313
-37
-14
-128
-83
-196
-312
-50
16
-242
-262
-186
-92
29
-183
-390
-178
-24
-53
-50
-233
-359
-111
83
48
-187
-355
-197
129
198
-146
-323
-218
101
306
69
-383
-306
94
289
237
-97
-390
-86
301
272
36
-191
-213
108
351
133
-145
-137
-29
185
322
34
-260
-121
163
285
172
-116
-210
-53
182
278
95
-163
-163
58
126
103
48
-36
-136
39
134
84
17
-5
-64
100
113
40
59
41
-15
33
118
27
55
64
33
9
90
12
100
136
-12
-26
92
99
113
113
-98
-73
139
232
107
-68
-154
8
217
209
-28
-203
-89
81
203
115
-84
-272
-110
145
188
36
-177
-316
-143
204
237
-49
-258
-297
-43
208
107
-133
-238
-184
-2
155
-55
-275
-135
45
105
-43
-222
-230
-63
123
50
-120
-242
-180
67
108
-7
-150
-145
-71
18
141
-40
-126
-8
21
10
25
91
17
-22
31
77
112
63
49
3
37
139
105
95
-8
-98
85
251
126
-140
-128
44
153
255
36
-308
-174
200
198
-59
-159
-124
-9
82
57
-54
-190
-128
49
74
-60
-120
40
19
-131
-9
86
37
39
-2
-81
-37
99
200
144
-131
-190
116
225
132
54
-65
-143
-2
330
197
-147
-54
-31
69
221
-5
-105
1
30
82
72
-132
-140
129
134
-20
-115
-137
-13
103
142
-11
-96
-76
-111
124
128
-115
-40
-47
-211
-57
173
-13
-171
-137
-184
-80
134
51
-217
-250
-168
38
310
14
-401
-234
21
227
332
-101
-429
-124
248
377
140
-306
-271
169
372
246
-6
-256
-116
337
316
-43
-154
6
152
191
6
-242
6
184
50
1
-146
-92
149
81
-115
-109
-29
54
118
-74
-171
-20
24
6
-87
-82
2
3
0
-122
-65
127
72
-110
-97
31
1
140
113
-267
-129
244
112
-78
-57
-76
39
134
17
5
-22
-77
126
192
8
43
16
-86
220
319
-35
-71
-8
-74
156
199
-88
-27
22
-121
42
103
-47
49
-38
-197
88
108
-160
21
121
-114
-77
-62
-95
195
81
-368
-278
39
137
240
-27
-522
-249
281
401
242
-302
-607
-55
563
417
-74
-439
-370
239
456
65
-256
-359
-45
441
316
-225
-388
-26
351
296
-63
-239
-91
146
261
74
-190
-131
109
188
36
-159
-85
134
101
-32
-61
-72
37
140
0
-93
-21
-10
-3
27
-11
-77
-116
-74
19
60
5
-89
-180
-72
141
96
-64
-117
-57
19
75
51
-59
-46
-55
-93
51
104
-15
-72
-75
-76
58
178
44
-88
-97
22
172
105
-19
-83
36
147
-1
-58
-54
14
213
113
-149
-139
70
208
159
-29
-132
10
124
146
85
-30
1
-16
-11
57
-19
0
43
-78
-116
-41
-5
55
7
-213
-138
85
72
25
-112
-216
-91
145
248
-133
-340
-71
66
232
166
-239
-259
-14
119
252
123
-223
-126
35
93
246
16
-165
-62
19
137
107
7
-36
-90
66
187
4
-98
-45
30
120
39
-89
-53
20
80
70
-74
-105
-16
142
156
-196
-168
127
4
59
159
-192
-224
153
198
11
-188
-214
111
231
14
-103
-144
-161
81
334
5
-370
-48
154
-22
106
34
-251
-82
135
149
-36
-299
-72
271
-8
-173
83
-34
-107
164
71
-178
46
164
-56
-4
24
31
131
-25
-67
179
59
-190
154
139
-235
79
181
-163
2
142
-133
-22
112
-71
42
-10
-201
151
170
-277
-37
193
-118
9
109
-230
-35
300
22
-154
-24
2
134
167
-135
-115
135
29
58
138
-226
-172
256
36
-154
54
-67
-153
62
28
-69
0
-117
-111
81
-30
-58
114
-95
-255
155
139
-230
33
111
-140
45
112
-63
22
57
-4
117
27
-109
169
196
-101
13
203
7
-35
203
85
-140
46
165
58
-40
-87
43
86
-41
-10
66
-76
-163
81
133
-142
-171
10
73
-8
-125
-93
-11
-69
17
87
-176
-255
79
231
-45
-226
-88
82
114
21
-36
-46
-48
62
166
39
-119
-25
76
48
51
14
-54
-20
40
60
80
-1
-129
6
148
13
-14
46
-54
-48
96
50
-86
-25
56
7
-62
-79
-2
37
-2
-47
-66
-47
-5
111
43
-180
-90
105
84
21
-64
-117
-32
52
81
-11
-149
-68
72
59
-19
-34
-21
-30
18
95
3
-98
37
78
-24
-37
-2
39
15
2
15
-53
-62
103
154
-31
-102
21
135
101
43
52
-36
-41
143
183
14
-113
-34
95
86
46
15
-73
-73
107
153
-38
-79
27
27
24
49
-10
-51
-41
-6
61
4
-108
-53
-16
-79
-4
70
-79
-172
-38
75
32
-62
-82
-18
20
10
22
-12
-83
-31
49
10
-25
7
-3
-53
-29
16
35
20
6
6
-38
-2
94
95
-15
-63
33
79
73
49
-22
-48
20
84
47
-27
-49
10
31
-10
-10
2
20
-16
-22
42
-7
-34
11
7
21
4
-21
-24
-45
-17
51
-5
-95
-75
-23
42
8
-84
-69
-20
33
25
-50
-86
-31
33
30
-2
-17
-11
-15
9
44
9
-26
-3
15
46
80
19
-12
44
81
61
-2
-27
30
84
31
-3
-2
-37
22
55
-25
-24
-10
-18
35
34
-2
-8
-5
33
43
22
10
-35
-20
37
-11
-40
-16
-17
-1
-5
-10
6
-18
-12
26
-4
7
43
4
6
43
31
4
-25
-42
2
42
3
-42
-66
-36
28
26
-41
-80
-45
7
37
-16
-70
-53
-12
32
14
-52
-63
-17
2
-9
-16
-13
-2
-9
20
37
9
11
30
35
32
36
39
31
7
37
82
41
-16
-33
1
40
24
-17
-40
-28
4
25
-2
-37
-29
-5
5
-4
-21
-30
-21
6
24
19
-4
-9
14
36
31
17
14
20
41
57
60
36
17
42
56
16
27
74
37
-11
16
33
25
23
6
-7
-2
-2
5
-13
-45
-27
-15
-41
-39
-38
-47
-24
-31
-51
-31
-27
-31
-19
-10
-23
-17
-3
6
-17
-7
16
3
-5
18
18
7
8
14
29
15
-8
20
17
-7
11
-4
-31
-5
2
-30
-55
-36
-2
-18
-49
-53
-45
3
9
-37
-31
-18
-15
33
34
-22
-15
27
33
33
40
20
-1
30
67
57
27
16
19
36
63
63
27
8
20
40
52
27
-14
-17
5
18
3
-40
-55
-31
-22
-18
-23
-58
-63
-23
-2
-16
-35
-29
-3
8
-1
-13
-12
-1
19
16
-20
-12
36
41
15
-17
-12
63
86
14
-9
16
22
65
80
-10
-48
15
46
26
-3
-38
-24
16
17
8
-6
-32
-8
26
0
-8
19
4
-23
-13
13
24
5
-17
-37
-32
12
34
4
-40
-48
-16
32
40
-15
-57
-27
37
29
-4
-26
-41
16
51
7
-44
-39
-2
25
21
-22
-47
-15
34
20
-6
-2
-16
3
21
-4
-4
-8
-17
1
-20
-38
-1
0
-19
-18
-11
23
27
9
22
19
25
55
59
39
20
34
67
58
19
23
43
49
39
10
6
26
32
26
-14
-30
2
14
-4
-33
-55
-37
-9
-19
-53
-72
-41
10
-38
-69
-27
-43
-43
-1
-36
-70
-29
-3
-7
-31
-45
0
17
-6
0
-8
-7
25
31
25
20
7
20
31
25
34
34
14
9
8
6
25
33
9
-8
-2
14
23
20
13
-3
-13
17
52
28
-16
-14
18
29
25
16
-9
-16
21
43
11
-22
-5
30
41
22
-8
-17
-1
22
24
-5
-37
-31
-8
-10
-34
-45
-42
-38
-33
-24
-25
-30
-24
-14
-10
-8
-4
-3
-1
9
12
6
7
14
16
27
36
19
8
39
48
19
10
14
18
38
30
0
-9
-2
12
16
-23
-45
-21
-8
-14
-20
-37
-33
-10
-2
-8
-25
-20
16
21
-11
-13
10
23
28
23
4
3
28
41
22
7
20
35
27
14
14
23
29
23
1
-5
10
15
5
-9
-14
-6
2
6
-7
-19
-8
-9
-21
-14
-16
-16
-13
-23
-17
-19
-28
-14
-26
-38
-10
-4
-25
-29
-18
-7
-7
-12
-4
-9
-1
28
14
-16
-5
14
28
30
-1
-5
24
26
31
35
10
13
45
36
18
30
36
29
27
19
18
33
28
6
-3
1
14
34
10
-34
-6
43
28
4
0
-14
