5
-1
0
8
14
11
14
12
6
13
13
15
14
15
19
8
7
9
8
14
5
-4
-7
-11
1
0
0
9
5
15
6
-1
-1
-11
1
4
16
12
3
6
4
7
-2
-1
0
-5
0
3
-1
-7
0
2
-7
-8
-3
-1
2
8
12
12
10
8
14
18
13
3
2
9
6
4
6
0
-4
-9
-7
-5
-4
-6
-8
-2
1
-5
-16
-20
-20
-16
-13
-10
-7
-7
-11
-17
-23
-25
-23
-21
-20
-21
-19
-19
-24
-27
-25
-18
-14
-11
-9
-8
-9
-9
-4
-2
0
-3
-4
1
1
-3
-5
-6
-8
-10
-9
-5
1
-1
-7
-12
-13
-11
-6
-3
-6
-11
-13
-11
-6
-1
3
3
0
-4
-7
-4
0
0
-3
-6
-5
0
-1
-3
-4
-2
-3
-7
-12
-15
-15
-16
-21
-24
-23
-17
-7
-2
-4
-7
-9
-9
-5
-8
-11
-9
-4
1
-2
-4
-4
-1
0
-2
0
9
12
9
5
2
6
9
10
10
5
-4
-9
-15
-13
-6
-2
6
6
3
7
7
1
0
-6
-4
7
10
12
14
4
-4
-2
0
3
5
3
9
10
3
-2
4
9
14
14
11
8
7
2
-1
1
8
18
25
20
14
12
8
8
7
1
4
9
6
9
10
8
13
13
9
12
17
19
25
30
33
28
17
10
10
12
17
21
20
14
5
2
12
13
12
15
17
15
10
4
2
3
-3
-5
5
8
3
-3
-11
-11
-1
-5
-8
-4
-9
-9
-6
-18
-17
-8
-7
-4
-9
-17
-14
-14
-16
-8
0
0
-2
-4
-12
-19
-18
-23
-19
-3
-6
-14
-5
-3
-4
-10
-19
-11
-7
-8
-9
-18
-12
-1
3
8
1
-2
2
-2
-2
3
-1
-4
-3
-3
-1
2
5
5
9
11
-4
-2
5
-9
-12
-5
-7
-2
-8
-16
-11
-16
-20
-13
-14
-12
-3
-1
7
15
12
7
9
9
2
-2
6
15
21
19
16
17
21
17
10
12
20
22
15
12
12
9
9
13
4
-1
7
7
4
8
9
10
11
11
20
25
19
22
18
8
11
3
0
12
2
-6
8
14
14
17
15
16
11
6
17
10
-1
6
11
2
-5
-6
-16
-13
-11
-7
-10
-6
2
-16
-11
2
0
1
2
15
10
8
9
3
6
11
5
-3
-5
-2
-4
3
10
0
-4
3
6
6
-2
0
3
4
10
2
5
10
16
15
5
-1
1
11
16
14
16
9
2
4
9
6
7
17
14
12
9
-4
3
10
-5
-5
-2
-12
-9
-9
-8
4
5
1
0
6
13
22
11
-3
7
8
25
30
27
34
22
29
30
27
43
41
44
45
38
35
27
35
45
30
31
28
8
13
13
5
14
16
14
9
2
2
10
15
8
4
3
4
4
-5
-7
-13
-2
-2
-8
6
0
7
24
13
-1
-10
4
-5
-16
-5
-11
-2
-1
-17
-15
-19
-25
-26
-23
-31
-26
-12
-12
-18
-19
-14
-17
-12
-12
-13
-9
-4
-3
-12
-20
-22
-28
-30
-20
-15
-23
-11
-8
-22
-9
-11
-11
-2
-4
-9
-20
-15
-26
-17
-7
-18
-15
-18
-23
-29
-16
-20
-22
-8
-24
-19
-12
-19
-28
-24
-11
-4
-2
-8
-7
-11
-11
-6
3
2
0
3
0
1
-7
-5
-2
3
16
2
-3
4
6
9
14
7
0
7
-3
-6
3
3
12
13
11
5
-5
-6
-14
-13
-11
-11
-4
-6
-4
-4
-6
-15
-18
-13
-13
-7
-6
-7
-8
-10
-11
-10
-6
-11
-18
-14
-11
-15
-9
-5
-7
-6
-2
10
16
10
6
5
-11
-15
-8
-12
-17
-7
-7
-12
-9
-8
-9
-10
-9
-6
-7
-12
-14
-12
-14
-13
-14
-21
-22
-24
-30
-25
-15
-9
-5
5
10
0
-7
0
-2
-6
-4
0
-5
-8
-2
4
1
-1
2
5
7
7
1
-3
-4
-5
-2
2
7
2
-8
-3
2
-2
2
12
11
-4
-2
5
0
1
8
-1
-1
0
-3
1
-3
-12
-6
-1
3
3
-4
-3
0
5
16
16
11
7
2
2
5
3
-1
-1
1
2
2
12
18
14
11
12
9
12
21
27
31
33
24
12
9
8
4
4
7
-1
-2
2
-1
1
3
-2
-3
-8
-18
-14
-8
-11
-3
0
-10
-17
-15
-12
-13
-26
-29
-14
-7
-11
-13
-16
-20
-16
-13
-20
-18
-6
-9
-14
-10
-17
-18
-9
-22
-25
-11
-15
-14
-9
-21
-23
-12
-10
-15
-19
-3
5
-9
-10
-8
-14
-14
-15
-18
-9
-9
1
8
4
4
1
-17
-15
-4
-13
-26
-15
-14
-21
-16
-9
-8
-6
-5
-9
-13
-11
-9
-10
-12
-7
-5
-9
-9
-2
3
4
8
14
10
5
11
14
10
10
19
11
4
6
11
-2
2
8
10
17
13
24
18
16
17
34
20
21
18
10
13
14
13
8
21
24
21
13
15
9
9
8
6
9
3
12
16
19
27
18
18
22
15
4
-3
-1
4
15
7
3
13
14
9
8
-1
-8
-2
-1
-5
-3
6
5
-8
-13
-4
7
3
-9
-16
-14
-6
7
15
10
-1
-11
-7
-2
5
5
7
12
8
8
7
16
15
26
20
21
12
21
18
13
28
33
35
33
30
37
29
29
22
22
28
18
22
21
24
24
27
38
24
16
12
6
0
5
11
5
3
11
7
-10
10
8
-12
-1
-8
-14
-5
8
6
-8
-3
1
0
1
-8
-13
-11
-22
-13
-9
-18
-10
-11
-15
-13
-15
-19
-23
-19
-27
-30
-28
-33
-35
-34
-33
-23
-10
-12
-26
-26
-26
-23
-16
-23
-34
-21
-16
-19
-12
-16
-26
-27
-26
-18
-13
-15
-4
6
-2
-10
-14
-11
-9
-22
-25
-7
6
8
6
-2
-11
-12
-9
-3
3
10
15
11
5
4
3
11
22
20
11
12
20
21
23
17
20
24
19
20
8
14
22
17
28
26
32
40
30
22
26
35
44
47
33
28
37
41
44
41
35
36
33
28
24
21
20
20
20
18
17
17
19
19
19
20
19
20
20
19
19
19
19
19
20
22
24
21
19
17
16
15
16
9
11
-3
-13
-3
-6
20
35
27
22
16
11
40
22
54
28
58
93
195
417
257
281
-31
-170
-124
-197
-139
-133
-79
-24
8
0
-6
-92
-98
-74
-39
-28
-11
-69
-88
-101
-87
-39
-6
10
-2
-8
-2
9
28
72
60
34
14
36
30
20
27
-37
57
-33
70
43
49
67
-28
-48
-61
8
-22
2
-52
-5
-21
-45
-17
-94
23
-54
-26
-17
-62
-37
-82
-67
-21
-8
27
-22
28
27
44
25
13
36
-22
32
-13
3
70
0
77
15
37
30
-4
30
-6
-27
-2
-34
121
197
111
-68
-50
-167
51
18
-117
9
-97
8
-7
-30
-13
-111
-42
-7
-7
-19
-36
-84
-22
-74
-13
28
-36
48
-28
26
-5
-42
57
32
62
31
11
86
10
33
25
96
62
133
73
101
69
-28
13
-15
102
110
87
143
55
41
29
-46
-14
-75
0
-12
45
27
-3
30
33
72
92
79
70
45
87
5
27
63
19
52
62
36
43
9
17
62
57
74
74
86
100
46
32
0
24
101
69
88
-11
7
7
44
95
103
101
68
56
85
164
321
566
836
894
653
159
-137
-189
-278
-319
-432
-546
-562
-568
-579
-527
-320
-453
-487
-529
-826
-359
-196
-149
54
-170
237
322
909
1331
326
898
491
121
1331
-295
-203
258
-639
423
-154
142
263
-503
202
-268
-112
-101
-585
-219
-438
-965
-622
-428
-674
-335
-354
-28
18
-127
161
24
167
23
-144
106
224
120
508
435
460
776
75
275
-96
-271
-57
-131
456
102
510
684
665
637
297
669
496
136
-434
-202
-97
-38
-327
-1056
-448
103
708
546
2
-770
-637
150
339
971
384
258
250
572
545
-625
-142
-740
-419
412
-458
-3
-723
-1530
-1226
-1352
-555
-592
-535
-260
-950
-603
-562
-424
-103
62
318
714
385
132
-530
-983
-23
-481
818
820
714
853
565
107
305
164
155
112
108
30
-504
-840
-557
-1127
-50
-318
-422
286
-1224
-1210
-1188
-1570
-1202
-1444
-755
-571
-184
90
-428
-5
-857
-153
-427
366
612
741
1617
1207
1404
499
470
-147
215
442
-165
542
-574
-537
-735
-1191
-956
-979
-737
-463
-196
-81
-311
-42
-295
140
356
1553
1052
1102
209
65
-53
-431
4
139
437
600
472
242
213
-326
274
225
821
1200
738
640
-271
-177
-439
-534
14
-109
472
-267
234
-308
-242
-683
-153
-99
580
-92
969
-533
296
-461
186
488
1369
972
1723
-16
426
-436
-562
-118
-23
450
477
-36
167
-687
-418
-721
-134
379
641
664
-59
592
-972
316
-251
197
362
277
470
472
-64
-99
-748
-227
-192
255
639
374
175
-145
-253
-229
-117
25
-84
185
13
93
-210
-237
-140
-534
1
-217
-115
46
-103
145
-47
225
-102
23
-114
-268
-219
-424
115
74
-35
243
-151
187
-302
-168
134
32
511
-237
587
-177
813
452
1066
522
858
548
691
815
631
431
157
-295
-239
59
214
391
459
225
479
343
149
-193
-411
-561
-212
-140
-98
350
-302
-136
-26
-377
185
18
-15
311
153
154
345
-287
-278
-153
-343
-67
-482
-158
-318
-503
-639
-933
-122
-515
8
-43
-237
-19
-261
154
-168
-288
-524
30
-403
61
-190
-18
-356
-390
-269
-825
64
-418
-127
-90
24
20
-237
-49
-562
143
-91
-21
-14
-126
-281
77
166
20
-374
-362
-505
-243
-272
132
440
465
165
-196
-400
-353
-314
-704
360
13
702
169
-254
52
-444
-456
-267
119
273
143
436
-221
330
-455
-448
-433
14
12
289
305
431
-166
200
-260
-11
26
-391
186
42
361
-278
119
-271
-180
-11
-29
49
398
396
-368
129
-250
-14
78
60
-480
127
153
-61
862
424
-67
227
219
438
346
315
335
34
-13
290
380
376
143
100
-49
345
203
14
96
-136
-274
-174
-123
-51
-201
-385
-181
391
322
287
-51
-24
-91
-165
-40
383
210
-147
222
180
319
681
76
36
223
-74
413
297
222
68
175
91
-15
132
-385
88
-158
-395
-558
-561
29
-260
-261
-48
-317
-330
-588
-645
-181
-157
-414
-251
4
25
-207
-652
-687
-391
-397
-339
-262
-213
-275
-622
-475
123
-39
-482
-466
-509
-300
-354
-829
-632
-353
-651
-370
140
-40
106
-597
-740
-103
-180
93
-71
113
46
4
161
510
719
361
287
344
512
799
446
603
675
777
1068
1254
1628
1360
769
939
1330
1547
1486
1173
1097
1136
1179
1342
1537
1617
1314
1044
1054
1133
1318
1427
1156
1042
1002
761
816
570
418
438
357
656
469
221
-144
-662
-458
-118
37
-112
-245
-445
-695
-667
-762
-722
-687
-960
-1064
-1097
-1058
-976
-1334
-1049
-614
-866
-710
-860
-1204
-1051
-828
-993
-962
-726
-1011
-878
-1228
-1803
-1820
-1853
-1422
-1535
-1650
-1286
-1403
-1577
-1574
-1272
-1270
-1675
-2125
-2301
-1673
-1599
-1911
-1877
-1679
-1174
-1171
-1027
-954
-1340
-1477
-1712
-1512
-741
-8
211
173
416
666
671
321
399
792
906
1233
1361
1516
1730
1714
1850
1908
2320
2504
2421
2636
2472
2469
2442
2220
2527
2961
2866
2331
2004
1828
1827
1852
1640
1767
1747
1623
1594
1188
1186
1308
878
615
743
782
729
580
300
282
68
22
310
-258
-253
112
100
204
-415
-196
-14
-362
-648
-1053
-231
47
-443
-941
-896
-623
-881
-1038
-1224
-955
-1094
-1229
-1475
-1666
-1264
-1294
-957
-1105
-1183
-1044
-1542
-1587
-1536
-1353
-1339
-1618
-1467
-1085
-1106
-1786
-1910
-1579
-1071
-704
-1456
-1477
-1157
-1212
-1320
-1821
-1368
-1070
-1374
-1416
-1127
-901
-1061
-909
-1095
-1197
-825
-425
-141
-606
-822
-155
175
125
248
547
1061
857
570
980
1312
1626
1545
1361
1337
1570
2042
2019
2024
1983
1885
1967
1904
2042
2221
1961
1762
1633
1550
1718
1838
1704
1374
1134
1346
1308
1292
1751
1287
1203
1172
1159
1207
1117
1036
1353
1217
1029
917
835
1167
1129
666
564
837
1090
1371
569
178
300
290
28
384
426
338
271
-255
-138
-158
25
-519
-613
-11
-262
-586
-593
-504
-410
-405
-438
-781
-504
-433
-804
-795
-490
-513
-416
-601
-773
-408
-693
-868
-1117
-884
-509
-929
-603
-558
-609
-563
-786
-971
-790
-631
-632
-596
-951
-528
-654
-677
-890
-1028
-840
-768
-533
-790
-1015
-1087
-1060
-951
-857
-729
-693
-913
-871
-939
-975
-1336
-967
-787
-439
-350
-465
-407
-319
-147
-118
-147
-60
256
617
570
607
746
861
813
729
864
1016
1283
1377
1290
1093
1032
1379
1419
1488
1234
1245
1565
1314
1268
839
941
1377
1142
1085
801
851
909
520
619
650
596
721
741
708
378
128
400
548
328
234
-25
71
328
-131
-221
-243
-80
47
-437
-683
-939
-574
-54
-290
-596
-571
-412
-622
-635
-627
-724
-497
-618
-902
-1118
-821
-479
-668
-1090
-885
-400
-104
-829
-1194
-884
-1047
-567
-899
-611
-823
-419
-1036
-1140
-1174
-684
-724
-680
-816
-779
-638
-1082
-985
-874
-987
-920
-1052
-864
-845
-713
-824
-1006
-1019
-730
-640
-777
-793
-925
-821
-919
-901
-860
-858
-781
-899
-686
-988
-932
-726
-749
-605
-693
-379
-157
75
166
106
29
421
309
410
523
516
916
983
934
783
1090
1321
1306
1052
934
1338
1372
1256
1393
1309
1530
1443
1201
1185
1174
1079
1089
1226
987
1014
962
863
856
803
782
479
542
468
329
544
593
448
740
451
115
-103
65
-56
-45
95
-121
117
-55
-390
-182
-449
-331
-265
-308
-160
-330
-261
-403
-349
-334
-494
-429
-483
-337
-422
-312
-500
-554
-343
-488
-277
-572
-716
-525
-520
-112
-279
-613
-464
-540
-354
-302
-701
-792
-569
-620
-386
-710
-457
-456
-426
-273
-401
-178
-570
-329
-554
-532
-485
-514
-424
-455
-373
-354
-555
-317
-520
-411
-438
-641
-522
-626
-542
-490
-564
-481
-579
-652
-582
-534
-666
-482
-547
-419
47
-32
-58
-48
105
317
147
19
318
596
713
799
571
693
815
710
808
823
932
972
977
1103
1183
1202
1108
940
969
1291
1283
920
877
961
920
745
557
581
692
734
524
372
443
598
477
402
449
268
387
259
27
28
-43
315
228
-138
68
-24
127
-209
-347
-269
11
-32
-137
-136
-326
-110
-251
-118
-433
-403
-435
-356
-102
-354
-246
-275
-358
-441
-324
-439
-151
-339
-489
-298
-470
-192
-315
-442
-487
-480
-144
-38
-289
-579
-774
-518
-129
-224
-309
-633
-281
-198
-333
-337
-320
-248
-163
-143
-502
-389
-247
-423
-367
-571
-489
-266
-336
-504
-527
-409
-294
-253
-439
-558
-529
-440
-406
-606
-706
-537
-343
-180
-93
-192
-201
-35
111
108
-67
-120
103
377
502
422
292
365
559
663
680
710
782
814
757
742
797
789
773
802
765
736
840
877
803
756
657
617
677
651
511
377
250
333
573
542
363
133
261
499
407
229
-53
90
303
244
185
9
-21
-97
-114
104
135
-120
-292
-160
10
92
-72
-265
-142
-77
-137
-216
-255
-124
-29
-148
-272
-96
-39
-48
-28
-167
-101
-154
-166
-205
-361
-126
38
-15
-235
-312
-53
26
-192
-371
-243
-51
-63
-238
-382
-419
-293
-102
-140
-343
-484
-416
-252
-217
-387
-563
-556
-379
-351
-567
-636
-648
-557
-525
-654
-569
-645
-700
-681
-782
-666
-752
-841
-790
-888
-757
-677
-593
-432
-461
-389
-404
-460
-377
-267
-93
31
90
175
276
284
225
276
455
558
603
792
929
877
791
724
684
761
961
1025
924
923
897
797
819
840
845
881
747
682
800
663
496
482
463
605
680
664
528
486
438
468
497
431
456
302
511
432
371
77
175
239
97
101
118
418
172
-98
-383
-256
41
160
355
-119
-377
-263
17
140
-12
-420
-514
-245
52
-6
-289
-417
-369
-379
-100
-121
-198
-323
-680
-553
-394
-241
-200
-455
-594
-491
-531
-529
-473
-692
-419
-453
-585
-461
-638
-579
-593
-664
-817
-766
-690
-705
-610
-926
-1054
-970
-937
-942
-1058
-1238
-1148
-984
-1209
-1320
-1468
-1210
-650
-409
-316
-586
-735
-685
-575
-329
-143
105
330
397
321
196
322
718
946
961
895
944
1343
1488
1226
1034
936
1208
1621
1546
1389
1293
1074
1078
1178
1172
1255
1172
1092
1009
809
683
606
683
805
721
694
694
689
656
419
577
445
532
405
609
556
443
249
134
144
189
273
151
358
44
24
-103
-287
-58
-97
-163
1
-188
-201
-124
-100
-171
-224
-472
-431
-135
-280
-479
-634
-639
-277
-404
-743
-694
-593
-384
-525
-846
-734
-500
-297
-494
-691
-807
-753
-599
-836
-768
-792
-833
-643
-702
-905
-1019
-807
-866
-957
-1023
-1143
-889
-977
-1148
-1223
-1434
-1298
-1324
-1548
-1489
-1587
-1866
-1994
-1796
-1205
-539
-328
-622
-1174
-1580
-1120
-216
225
276
204
180
292
366
511
875
1186
1354
1401
1515
1750
1880
1753
1534
1608
1810
2012
2041
1843
1479
1207
1400
1626
1938
1915
1436
1109
828
886
1215
1472
1357
905
525
515
901
1133
1020
672
605
791
763
853
695
618
644
410
454
759
447
333
20
-249
347
198
459
269
-81
-331
-164
-197
250
-9
-8
-324
-582
-462
-431
-68
-231
-487
-620
-382
-510
-353
-719
-754
-818
-905
-833
-655
-584
-623
-992
-1115
-736
-516
-811
-964
-1173
-1175
-972
-1008
-985
-952
-915
-1132
-1298
-1300
-1386
-1106
-1291
-1561
-1569
-1643
-1414
-1377
-1727
-2101
-2235
-2128
-1927
-2102
-2489
-2463
-1990
-917
-77
-342
-1135
-1721
-1524
-490
454
715
544
327
322
431
709
1391
2082
2226
2000
2009
2419
2671
2391
2110
2303
2725
2995
2878
2463
2000
1517
1412
1837
2344
2606
2133
1132
591
796
1322
1999
1996
1360
817
588
617
932
1077
1283
1098
569
776
693
1157
945
715
602
809
869
1122
691
82
8
68
344
691
443
76
-295
-406
-636
-216
361
-6
-260
-739
-877
-612
-365
-375
-771
-639
-1005
-952
-699
-851
-891
-1228
-1368
-1124
-776
-1084
-1373
-1825
-1769
-1275
-1160
-919
-1634
-1815
-1925
-1910
-1205
-1386
-1549
-1866
-2104
-2064
-1916
-1917
-1918
-1944
-2442
-2570
-2565
-2272
-2372
-2801
-2940
-3213
-3081
-3081
-2906
-2050
-973
-525
-1498
-2617
-2374
-1017
224
522
31
-107
391
729
927
1375
2096
2612
2607
2618
3018
3283
3008
2652
2919
3741
4337
4219
3519
2612
1982
2035
2635
3109
2901
2161
1296
776
847
1245
1676
1782
1434
757
204
83
444
895
1113
1091
636
605
684
857
1096
773
994
1224
1301
1058
451
550
823
977
849
396
188
614
418
-220
-19
53
270
48
-713
-610
-728
-842
-934
-995
-495
-765
-1165
-1646
-1821
-1273
-881
-831
-1407
-1675
-2167
-2053
-1509
-1690
-1394
-1738
-2077
-2303
-2456
-1869
-2004
-1996
-1856
-2060
-1908
-2245
-2770
-2768
-2627
-2643
-2737
-2713
-3004
-3374
-3518
-3727
-3858
-4076
-4464
-4601
-3969
-2631
-1386
-1223
-2408
-3615
-3152
-1085
649
752
8
-159
486
1202
1704
2314
3037
3395
3391
3640
4295
4644
4265
3818
4123
5004
5561
5194
4143
3238
3096
3583
4107
4165
3563
2518
1606
1330
1641
2033
2053
1512
676
146
217
601
774
634
510
428
352
470
689
925
1063
958
1041
1300
1183
978
1103
1343
1486
1366
1114
1053
926
656
554
769
966
768
246
-268
-372
-274
-65
-132
-615
-977
-1258
-1266
-1252
-1223
-1260
-1616
-1801
-2076
-2133
-1881
-2011
-2342
-2501
-2357
-2036
-2070
-2574
-2831
-2763
-2704
-2515
-2419
-2615
-2855
-3020
-3003
-2832
-3013
-3411
-3469
-3425
-3626
-3981
-4333
-4609
-4740
-4307
-3025
-1680
-1490
-2657
-3866
-3467
-1416
524
818
-136
-658
131
1545
2492
2710
2725
3003
3587
4350
5029
5197
4731
4259
4625
5753
6539
6098
4838
3959
4114
4860
5300
4918
3900
2857
2305
2335
2644
2732
2297
1462
680
357
497
738
706
477
340
271
65
-77
103
427
684
782
813
716
501
537
811
1181
1453
1481
1258
861
837
1079
1250
1326
1043
864
688
168
-63
7
33
-118
-367
-630
-990
-1457
-1820
-1889
-1715
-1455
-1774
-2477
-2841
-2967
-2676
-2414
-2759
-3072
-3194
-3338
-3269
-3358
-3553
-3481
-3490
-3529
-3582
-3787
-4008
-4115
-4065
-3991
-3963
-4217
-4747
-5227
-5444
-5100
-4052
-2651
-1855
-2450
-3834
-4233
-2661
-349
640
-41
-802
-349
923
1929
2372
2700
3186
3732
4236
4706
5020
5020
4919
5176
5867
6413
6125
5148
4431
4669
5477
5816
5164
4088
3368
3171
3214
3092
2861
2502
1909
1368
963
884
933
796
713
550
319
64
-241
-177
116
490
759
684
454
218
248
596
1032
1238
1248
1080
836
889
1055
1277
1289
1157
1028
768
604
482
384
265
125
-172
-522
-823
-1006
-970
-1048
-1225
-1735
-2280
-2526
-2598
-2482
-2558
-2736
-3103
-3495
-3607
-3437
-3203
-3364
-3609
-3815
-3945
-3836
-3747
-3777
-3883
-4055
-4228
-4332
-4442
-4586
-4852
-5258
-5409
-4811
-3411
-2146
-2238
-3581
-4468
-3442
-1173
239
-170
-1202
-1190
56
1413
2026
2064
2168
2686
3457
4156
4561
4590
4419
4537
5195
5900
5950
5320
4685
4672
5201
5527
5094
4235
3679
3604
3607
3366
2939
2529
2198
1861
1475
1117
865
732
697
686
572
308
28
-45
150
432
544
413
213
182
365
626
816
905
929
943
942
910
910
1007
1109
1106
996
817
655
636
719
712
560
295
-100
-492
-656
-671
-767
-981
-1213
-1464
-1759
-2116
-2430
-2522
-2512
-2696
-3063
-3288
-3296
-3223
-3203
-3362
-3615
-3824
-3889
-3909
-3961
-4032
-4224
-4247
-4331
-4396
-4658
-4735
-4910
-5275
-5374
-4855
-3521
-2878
-3077
-4289
-4382
-3318
-1465
-937
-1434
-1932
-1274
-86
710
864
957
1523
2427
3126
3522
3703
3851
4002
4388
4862
5170
5108
4783
4515
4603
4881
4888
4525
4145
3946
3771
3417
2955
2628
2511
2363
1930
1307
846
769
935
969
663
208
-66
-50
114
235
230
137
70
145
355
506
441
371
594
933
984
761
634
754
959
1113
1149
1016
791
660
688
730
602
376
197
51
-131
-294
-440
-685
-975
-1167
-1268
-1428
-1728
-2052
-2270
-2360
-2518
-2778
-2879
-2857
-2832
-2981
-3064
-3273
-3363
-3432
-3404
-3482
-3599
-3612
-3725
-3824
-4177
-4273
-4411
-4196
-4699
-4845
-4962
-3828
-3016
-2733
-3688
-4115
-3473
-1866
-1109
-1257
-1802
-1490
-466
533
787
700
944
1764
2631
3189
3324
3354
3501
3906
4397
4772
4798
4533
4325
4481
4810
4824
4372
3910
3860
4005
3766
3072
2490
2457
2669
2506
1858
1215
1018
1161
1214
967
592
363
339
408
442
416
351
270
265
379
541
596
540
537
729
944
954
828
714
846
1029
1099
1054
875
817
787
861
919
708
412
138
80
110
48
-191
-601
-826
-934
-1140
-1352
-1568
-1856
-1986
-1966
-2082
-2297
-2536
-2753
-2808
-2801
-2860
-2967
-3142
-3251
-3282
-3141
-3188
-3219
-3333
-3518
-3661
-3794
-3960
-4085
-4195
-4478
-4220
-3918
-2993
-2952
-2979
-3424
-3308
-2639
-1709
-1205
-1277
-1374
-980
-224
360
587
881
1408
2023
2388
2706
3012
3368
3739
4054
4223
4301
4342
4337
4335
4389
4411
4321
4158
3985
3800
3581
3295
3027
2864
2752
2537
2152
1732
1472
1440
1497
1368
1050
770
567
554
714
699
546
503
521
563
552
495
581
734
792
788
706
612
651
821
940
820
572
474
545
617
618
539
386
255
189
148
26
-146
-283
-372
-488
-657
-878
-1161
-1323
-1439
-1412
-1448
-1719
-1967
-2227
-2192
-2113
-2176
-2276
-2547
-2808
-2902
-2797
-2812
-2946
-3218
-3236
-3006
-3177
-3447
-3848
-3815
-3824
-3737
-3954
-4482
-4584
-4223
-3076
-2657
-2820
-3770
-3691
-2794
-1558
-1244
-1496
-1653
-1044
-242
370
442
557
1048
1825
2514
2824
2854
3059
3442
3786
4028
4115
4024
4079
4137
4282
4399
4241
4056
3914
3866
3679
3327
3075
2910
2873
2721
2453
2174
1901
1718
1629
1618
1522
1258
945
820
924
1038
979
806
760
872
935
832
706
740
943
1079
1005
831
655
673
831
881
783
641
543
546
445
271
330
292
195
108
-79
-140
-231
-282
-407
-591
-699
-928
-1154
-1270
-1321
-1472
-1614
-1817
-1953
-2037
-2315
-2511
-2497
-2273
-2230
-2419
-2878
-3253
-3124
-2980
-2958
-3142
-3526
-3728
-3792
-3560
-3518
-3957
-4577
-4753
-4350
-3980
-3334
-3273
-3452
-3812
-3598
-2839
-2028
-1830
-1816
-1859
-1157
-654
-200
-78
343
935
1656
1789
2032
2233
2737
3173
3373
3491
3693
3821
4024
4095
4116
4154
4061
3951
3961
3819
3566
3233
3021
3082
3155
2941
2511
2130
2025
2071
2010
1762
1430
1172
1043
1008
1044
1069
1022
929
852
816
761
683
659
706
758
721
588
481
480
568
624
562
450
340
302
363
337
230
140
-6
-105
-131
-242
-341
-395
-492
-532
-581
-751
-958
-1179
-1359
-1459
-1550
-1673
-1851
-2051
-2173
-2193
-2245
-2425
-2643
-2829
-2874
-2970
-3050
-3090
-3089
-3199
-3228
-3198
-3402
-3477
-3679
-3883
-3999
-4085
-4440
-4260
-4105
-3495
-3082
-3088
-3449
-3696
-3167
-2310
-1662
-1582
-1733
-1491
-909
-218
176
481
924
1475
1898
2208
2548
2902
3233
3484
3665
3842
4032
4103
4004
3974
4163
4361
4315
4112
3939
3826
3678
3418
3176
3084
3036
2852
2480
2150
2063
2019
1934
1839
1616
1385
1253
1152
1202
1279
1191
1060
941
853
807
786
821
824
773
719
564
431
447
431
457
479
337
253
177
160
126
120
20
-49
-122
-233
-289
-434
-429
-614
-663
-907
-1018
-1295
-1382
-1487
-1548
-1751
-1875
-1984
-2092
-2297
-2593
-2691
-2670
-2709
-2970
-3106
-3229
-3348
-3331
-3516
-3414
-3415
-3594
-3637
-3755
-3675
-3704
-3770
-4096
-4354
-4193
-3905
-3109
-2992
-3063
-3590
-3425
-2762
-1968
-1572
-1577
-1619
-1124
-521
189
242
541
971
1850
2312
2508
2452
2720
3176
3608
3822
3891
3966
4123
4218
4256
4199
4094
4054
4088
4061
4030
3775
3400
3187
3095
3128
3072
2641
2219
2045
2031
2121
1977
1586
1362
1371
1415
1309
1160
1135
1108
1060
961
790
811
944
933
809
627
567
676
695
602
505
453
418
320
258
256
197
120
-15
-181
-231
-339
-529
-620
-700
-801
-910
-1116
-1301
-1348
-1433
-1587
-1672
-1829
-1909
-2050
-2245
-2430
-2476
-2529
-2618
-2627
-2780
-2771
-2887
-2960
-3143
-3116
-3323
-3307
-3435
-3465
-3464
-3551
-3691
-3987
-4200
-4166
-3863
-3207
-2861
-2929
-3193
-3391
-3019
-2253
-1715
-1557
-1601
-1430
-835
-183
96
269
665
1236
1744
1940
2029
2396
2960
3421
3650
3734
3811
3962
4155
4266
4260
4249
4175
4041
3987
3810
3728
3672
3435
3282
3025
2812
2672
2467
2324
2148
1953
1739
1549
1396
1301
1241
1174
1138
1064
1028
985
895
836
801
860
942
863
688
546
495
573
616
554
484
410
332
250
199
213
195
87
-93
-280
-363
-410
-490
-563
-682
-898
-1077
-1191
-1297
-1412
-1601
-1742
-1861
-1987
-2171
-2299
-2285
-2390
-2487
-2645
-2758
-2738
-2768
-2847
-2917
-3124
-3185
-3253
-3246
-3338
-3473
-3666
-3766
-3874
-4146
-4305
-4632
-4254
-3970
-3236
-3255
-3272
-3752
-3347
-2796
-1733
-1455
-1444
-1600
-1161
-456
140
223
472
964
1731
2199
2353
2437
2780
3339
3784
3838
3829
4001
4264
4330
4260
4231
4253
4202
4116
4008
3857
3680
3542
3412
3226
2986
2740
2538
2403
2301
2157
1975
1811
1647
1458
1319
1275
1235
1155
1121
1132
1069
931
853
852
863
879
893
816
658
574
611
647
593
452
291
201
192
193
141
35
-91
-212
-330
-465
-618
-758
-870
-951
-1061
-1249
-1457
-1553
-1619
-1766
-1925
-2004
-2096
-2281
-2410
-2435
-2526
-2743
-2904
-2868
-2810
-2851
-3010
-3186
-3203
-3210
-3171
-3372
-3492
-3589
-3621
-3738
-3919
-4101
-4314
-4229
-4054
-3356
-3217
-3130
-3708
-3545
-2945
-1931
-1528
-1676
-1824
-1351
-463
154
244
236
752
1722
2348
2474
2387
2658
3329
3877
3945
4003
4104
4281
4419
4365
4381
4356
4288
4114
3912
3815
3675
3597
3458
3249
2980
2655
2424
2306
2265
2151
1900
1601
1412
1370
1387
1339
1192
1046
957
942
924
874
824
831
871
888
818
695
650
632
700
696
620
552
411
370
274
197
165
92
79
-49
-209
-367
-496
-530
-608
-735
-935
-1158
-1315
-1420
-1509
-1623
-1770
-1948
-2130
-2323
-2445
-2492
-2510
-2470
-2638
-2807
-3008
-3219
-3121
-3097
-3088
-3258
-3578
-3761
-3757
-3672
-3757
-3893
-4260
-4431
-4355
-4051
-3419
-3060
-3059
-3405
-3473
-2952
-2076
-1477
-1550
-1623
-1336
-521
152
295
408
769
1585
2253
2451
2553
2754
3226
3658
3838
3977
4098
4258
4353
4351
4387
4413
4370
4213
3982
3785
3655
3548
3431
3228
2894
2546
2320
2253
2236
2108
1799
1459
1305
1308
1291
1216
1105
953
859
894
927
866
810
825
842
847
832
788
727
669
614
571
525
475
458
447
350
217
147
82
-28
-110
-186
-355
-556
-671
-736
-859
-1046
-1256
-1436
-1575
-1707
-1839
-1923
-2015
-2240
-2532
-2656
-2580
-2555
-2708
-2905
-3091
-3162
-3092
-3068
-3217
-3521
-3626
-3553
-3453
-3608
-3910
-4269
-4265
-4245
-4164
-4069
-3812
-3291
-3262
-3190
-3604
-3233
-2691
-1860
-1568
-1580
-1644
-968
-394
185
364
731
1117
1832
2176
2564
2617
2987
3364
3849
3932
4117
4099
4226
4281
4388
4408
4312
4210
3967
3863
3619
3451
3272
3343
3262
3072
2536
2031
1999
2272
2429
2148
1468
1065
1154
1521
1586
1439
944
1010
986
1125
1058
945
1039
1154
1087
966
865
854
922
981
946
925
705
523
521
561
562
297
24
-54
-90
-107
-314
-525
-653
-760
-852
-1069
-1402
-1665
-1735
-1765
-1892
-2112
-2325
-2448
-2580
-2701
-2777
-2981
-3028
-3043
-3187
-3439
-3617
-3742
-3685
-3622
-3763
-3904
-4125
-4119
-4302
-4399
-4554
-4500
-4298
-3687
-3456
-3328
-3721
-3823
-3295
-2272
-1688
-1507
-1809
-1396
-723
63
235
425
821
1662
2333
2586
2642
2915
3425
3898
4108
4105
4057
4199
4327
4430
4475
4362
4201
4109
3930
3751
3555
3313
3216
3221
3098
2677
2092
1819
1983
2251
2157
1538
987
983
1231
1399
1308
1044
971
1046
1019
924
862
933
1094
1137
1019
869
843
939
1011
993
906
776
659
583
558
533
430
250
70
-69
-199
-349
-507
-630
-744
-890
-1108
-1380
-1640
-1811
-1879
-1947
-2111
-2386
-2655
-2817
-2873
-2855
-2865
-2964
-3163
-3404
-3566
-3644
-3628
-3675
-3793
-4014
-4172
-4384
-4510
-4699
-4935
-4841
-4405
-3740
-3410
-3608
-4236
-4098
-3318
-2091
-1631
-1743
-2070
-1514
-650
168
306
436
830
1579
2131
2388
2559
2964
3447
3794
3915
4021
4151
4265
4265
4265
4300
4385
4333
4049
3786
3577
3428
3233
3000
2918
2777
2610
2177
1624
1507
1778
2033
1704
1027
669
855
1280
1349
1017
735
799
1005
1074
1000
978
1098
1211
1192
1063
986
1062
1210
1258
1132
967
919
952
922
802
667
558
425
214
10
-99
-195
-412
-689
-903
-1060
-1242
-1507
-1847
-2111
-2192
-2272
-2524
-2807
-2928
-2979
-3134
-3339
-3519
-3619
-3671
-3749
-3882
-3976
-4051
-4173
-4316
-4499
-4583
-4716
-4909
-4902
-4489
-3622
-3127
-3405
-4070
-4278
-3391
-2178
-1666
-2034
-2346
-1798
-797
-108
23
87
608
1467
2023
2074
2135
2617
3323
3741
3754
3720
3873
4109
4235
4223
4210
4201
4034
3803
3633
3525
3443
3195
2859
2743
2750
2614
2202
1607
1314
1555
1882
1754
1146
634
701
1098
1291
1122
867
843
984
1033
974
1005
1210
1387
1312
1082
993
1159
1366
1353
1179
1097
1117
1080
960
861
836
784
611
386
181
37
-41
-208
-486
-724
-915
-1106
-1341
-1670
-1930
-1989
-2030
-2252
-2593
-2817
-2883
-2987
-3216
-3464
-3602
-3648
-3724
-3868
-4126
-4412
-4508
-4503
-4615
-4891
-5185
-5070
-4388
-3634
-3407
-3901
-4503
-4251
-3112
-1974
-1662
-2076
-2218
-1506
-472
47
3
156
921
1793
2169
2062
2077
2639
3391
3835
3850
3669
3704
4004
4230
4238
4144
4044
3913
3719
3489
3257
3067
2892
2684
2541
2455
2251
1883
1455
1226
1343
1500
1325
855
443
437
758
965
850
640
622
793
906
879
899
1061
1222
1217
1062
1015
1200
1378
1391
1278
1159
1179
1240
1182
1052
930
837
714
523
351
235
153
32
-227
-514
-725
-930
-1149
-1405
-1658
-1809
-1970
-2247
-2594
-2867
-2959
-3007
-3145
-3376
-3626
-3703
-3699
-3834
-4063
-4314
-4438
-4400
-4558
-4883
-4935
-4468
-3609
-3103
-3536
-4282
-4258
-3196
-1975
-1691
-2199
-2345
-1580
-554
-155
-342
-260
498
1440
1933
1915
1929
2417
3114
3514
3529
3411
3466
3708
3868
3861
3804
3752
3687
3559
3362
3131
2872
2616
2433
2352
2301
2133
1776
1360
1112
1147
1278
1182
785
402
344
555
709
644
537
572
674
693
671
775
1013
1201
1188
1044
1009
1189
1373
1434
1422
1349
1307
1336
1327
1283
1224
1125
982
800
632
508
385
252
73
-159
-414
-722
-997
-1174
-1327
-1506
-1762
-2099
-2374
-2568
-2760
-2940
-3114
-3287
-3418
-3529
-3659
-3795
-3963
-4127
-4218
-4331
-4537
-4658
-4439
-3810
-3184
-3236
-3874
-4184
-3598
-2411
-1632
-1916
-2461
-2178
-1150
-241
-96
-291
96
1039
1813
2002
1869
2062
2657
3172
3349
3289
3296
3484
3638
3654
3603
3578
3573
3481
3280
2955
2637
2518
2378
2103
1929
1814
1636
1381
1087
925
912
887
726
420
248
301
363
391
374
341
388
417
444
580
730
834
852
776
770
897
1058
1159
1152
1110
1114
1145
1152
1091
1014
1002
982
831
608
448
388
331
168
-73
-333
-560
-698
-841
-1042
-1218
-1447
-1769
-2044
-2229
-2324
-2445
-2729
-3023
-3202
-3301
-3366
-3557
-3882
-4083
-4144
-4285
-4493
-4474
-3999
-3286
-2985
-3451
-4035
-3780
-2709
-1734
-1617
-2104
-2107
-1260
-355
-56
-185
-26
769
1604
1858
1755
1867
2394
2964
3168
3082
3036
3201
3419
3440
3317
3251
3244
3147
2901
2639
2477
2369
2197
1912
1650
1514
1412
1252
981
698
605
601
509
317
95
41
109
58
-25
19
173
311
269
167
274
531
725
730
610
589
751
954
1037
996
973
1056
1132
1088
994
987
1064
1051
865
651
529
485
429
252
7
-204
-382
-497
-643
-908
-1181
-1414
-1620
-1748
-1868
-2016
-2213
-2542
-2805
-2882
-2920
-3105
-3402
-3623
-3796
-3956
-4096
-3892
-3299
-2807
-2959
-3646
-3783
-3064
-1950
-1319
-1707
-2096
-1687
-717
-29
-78
-172
346
1308
1944
1914
1700
1966
2728
3207
3176
2923
2874
3191
3397
3417
3226
3056
3065
2914
2647
2336
2145
2048
1852
1595
1317
1113
1010
928
743
470
216
53
-6
-36
-88
-201
-318
-319
-241
-204
-220
-287
-314
-137
118
226
191
118
128
284
476
583
585
560
599
654
679
670
665
709
713
590
423
353
343
282
123
-64
-246
-444
-563
-721
-843
-993
-1256
-1499
-1777
-1852
-1874
-2029
-2242
-2578
-2760
-2845
-2922
-3021
-3248
-3420
-3669
-3696
-3292
-2763
-2331
-2578
-3146
-3073
-2227
-1191
-927
-1442
-1652
-928
127
646
469
329
949
1834
2269
2183
2029
2406
3049
3311
3168
2966
3056
3382
3474
3273
3065
3006
3040
2895
2528
2166
1959
1864
1668
1338
1018
759
629
591
509
347
25
-348
-463
-337
-209
-302
-637
-843
-705
-460
-392
-541
-655
-483
-184
-45
-125
-229
-146
73
224
217
161
198
337
446
454
423
424
470
462
342
178
101
107
123
43
-187
-389
-584
-708
-789
-933
-1075
-1358
-1571
-1676
-1745
-1766
-2029
-2318
-2469
-2607
-2644
-2763
-2986
-3080
-3222
-3184
-2808
-2429
-2143
-2372
-2815
-2686
-1887
-910
-640
-1070
-1264
-660
205
730
649
477
1046
1827
2327
2340
2154
2468
3029
3357
3318
3152
3160
3367
3405
3218
3059
2923
2918
2829
2479
2150
1899
1731
1628
1408
1097
815
600
493
412
334
147
-214
-439
-441
-343
-278
-496
-807
-799
-578
-434
-503
-687
-649
-356
-145
-198
-354
-337
-118
66
58
-45
-82
31
155
116
12
-61
-29
23
-85
-245
-272
-330
-409
-453
-676
-808
-918
-1044
-1114
-1295
-1391
-1563
-1734
-1945
-2139
-2114
-2151
-2326
-2643
-2826
-2956
-2989
-2996
-3236
-3166
-2780
-2262
-2003
-2402
-2745
-2373
-1420
-585
-458
-869
-934
-212
638
1064
1019
1092
1688
2248
2584
2597
2585
2998
3436
3633
3603
3525
3570
3725
3741
3558
3375
3210
3120
2991
2772
2500
2180
1935
1716
1421
1183
889
582
545
450
359
163
-296
-485
-493
-337
-214
-458
-756
-859
-691
-487
-552
-757
-725
-542
-391
-339
-483
-471
-278
-183
-177
-284
-384
-293
-180
-195
-276
-409
-466
-468
-512
-627
-767
-858
-915
-1011
-1204
-1292
-1386
-1513
-1624
-1800
-1850
-1975
-2100
-2200
-2362
-2414
-2498
-2629
-2779
-2875
-2984
-3079
-3093
-2823
-2296
-1973
-1904
-2245
-2433
-1910
-1074
-413
-426
-757
-577
167
806
1028
1027
1268
1958
2498
2665
2691
2815
3297
3754
3828
3724
3617
3733
3962
3877
3654
3501
3436
3435
3197
2811
2543
2362
2227
2015
1665
1391
1146
841
729
732
722
598
82
-386
-421
-191
73
-113
-574
-714
-525
-314
-365
-616
-701
-476
-287
-339
-525
-596
-354
-216
-347
-500
-533
-387
-309
-371
-492
-646
-695
-725
-828
-966
-1136
-1224
-1271
-1406
-1591
-1707
-1755
-1861
-2034
-2217
-2304
-2344
-2519
-2733
-2870
-2840
-2831
-3004
-3234
-3442
-3458
-3300
-3004
-2702
-2418
-2242
-2460
-2545
-2141
-1401
-744
-682
-876
-660
5
602
818
894
1285
1935
2356
2438
2408
2644
3164
3539
3623
3538
3560
3772
3892
3826
3697
3636
3634
3594
3360
3057
2832
2638
2538
2287
1984
1761
1454
1188
1022
1025
1033
873
471
23
-36
217
433
261
-152
-347
-216
7
-27
-262
-327
-168
-43
-98
-281
-356
-205
-77
-124
-245
-310
-300
-324
-415
-543
-662
-705
-775
-964
-1198
-1333
-1399
-1467
-1592
-1781
-2003
-2182
-2226
-2383
-2496
-2565
-2691
-2794
-3099
-3273
-3299
-3216
-3198
-3448
-3692
-3791
-3405
-2828
-2397
-2426
-2870
-2878
-2275
-1380
-915
-1101
-1234
-777
35
519
549
605
1101
1786
2239
2347
2311
2546
3076
3451
3474
3352
3352
3595
3778
3703
3559
3464
3481
3437
3209
2992
2808
2594
2457
2258
1979
1762
1478
1282
1130
1066
1140
1004
712
308
160
370
509
456
187
-9
44
187
209
151
132
158
227
182
119
166
228
268
174
10
-33
-35
-81
-176
-360
-515
-608
-757
-929
-1093
-1260
-1414
-1584
-1764
-1935
-2064
-2178
-2364
-2584
-2769
-2873
-2995
-3140
-3307
-3462
-3531
-3578
-3650
-3836
-3841
-3482
-3061
-2797
-2915
-3170
-2993
-2325
-1631
-1392
-1542
-1553
-1071
-380
29
105
246
740
1323
1674
1821
1944
2223
2648
2920
2964
2997
3131
3311
3377
3310
3236
3207
3231
3204
3022
2789
2591
2494
2438
2219
1945
1749
1541
1372
1261
1178
1157
1073
869
651
506
516
588
566
453
325
308
393
455
462
415
388
441
443
425
484
538
511
428
356
313
313
262
126
-41
-170
-241
-412
-595
-784
-972
-1069
-1267
-1507
-1708
-1889
-2020
-2173
-2357
-2551
-2727
-2885
-3052
-3205
-3329
-3452
-3539
-3632
-3706
-3524
-3157
-2908
-2944
-3175
-3160
-2646
-1965
-1566
-1613
-1713
-1338
-687
-283
-199
-108
305
897
1236
1269
1346
1676
2147
2442
2450
2416
2518
2736
2890
2827
2684
2671
2684
2627
2501
2263
2173
2091
1946
1834
1611
1466
1301
1178
1115
1004
994
888
682
548
538
598
657
618
463
394
393
447
504
484
530
609
614
564
481
506
655
675
555
424
355
395
390
284
146
19
-62
-152
-287
-451
-654
-812
-949
-1168
-1331
-1490
-1692
-1859
-2031
-2184
-2339
-2470
-2657
-2875
-3098
-3174
-3115
-3228
-3215
-3060
-2782
-2637
-2891
-2986
-2697
-2099
-1614
-1581
-1747
-1568
-1023
-459
-128
-179
6
495
984
1283
1278
1467
1856
2198
2309
2225
2262
2443
2596
2586
2482
2397
2423
2452
2325
2119
1924
1819
1774
1620
1378
1200
1054
924
813
705
700
707
568
391
270
285
414
478
406
282
239
280
372
427
469
515
538
589
559
584
662
673
686
614
549
570
541
403
285
196
82
-19
-154
-323
-489
-615
-793
-982
-1111
-1225
-1387
-1596
-1719
-1917
-2060
-2128
-2307
-2482
-2671
-2735
-2764
-2809
-2728
-2591
-2403
-2353
-2464
-2489
-2227
-1724
-1348
-1303
-1411
-1202
-664
-223
28
86
260
722
1124
1327
1371
1482
1798
2117
2205
2198
2216
2281
2447
2451
2349
2278
2215
2196
2110
1965
1793
1625
1505
1366
1181
1007
838
701
635
592
553
415
213
100
119
241
253
96
-41
-21
113
217
185
84
99
239
357
351
257
233
323
399
371
276
198
178
145
29
-113
-183
-187
-235
-372
-561
-741
-856
-922
-1050
-1219
-1399
-1543
-1650
-1786
-1968
-2118
-2253
-2364
-2450
-2542
-2606
-2573
-2368
-2232
-2131
-2253
-2284
-2067
-1624
-1305
-1159
-1174
-1019
-673
-244
28
180
367
686
1012
1266
1431
1586
1795
2025
2174
2248
2293
2367
2445
2468
2439
2403
2408
2394
2285
2105
1969
1865
1726
1572
1399
1265
1198
1069
911
705
497
511
505
448
200
18
2
81
91
33
-97
-150
-115
-69
-48
-68
-52
-49
-40
-23
-36
-6
-18
-65
-148
-202
-241
-304
-377
-467
-510
-580
-709
-846
-999
-1115
-1152
-1249
-1460
-1607
-1713
-1803
-1916
-2096
-2223
-2290
-2323
-2372
-2463
-2471
-2324
-2133
-2034
-2064
-2161
-2063
-1685
-1302
-1104
-1138
-1121
-762
-270
45
138
280
603
967
1231
1333
1436
1667
1985
2180
2214
2269
2326
2439
2560
2533
2483
2428
2387
2370
2285
2212
2101
1961
1876
1730
1608
1520
1371
1275
1210
1131
1042
881
674
582
583
555
488
342
209
159
161
165
37
-80
-89
-103
-109
-159
-250
-270
-296
-370
-465
-588
-672
-682
-743
-853
-943
-1038
-1093
-1196
-1367
-1443
-1505
-1555
-1636
-1812
-1940
-2032
-2147
-2211
-2295
-2376
-2447
-2510
-2567
-2539
-2381
-2215
-2077
-2139
-2201
-2154
-1834
-1429
-1176
-1181
-1107
-935
-558
-230
-41
72
309
628
922
1105
1225
1422
1694
1848
1916
1966
2055
2170
2243
2286
2282
2256
2274
2230
2173
2165
2079
1983
1909
1806
1758
1700
1619
1529
1390
1298
1234
1145
1034
935
886
849
780
696
618
563
540
492
410
364
346
313
247
172
104
30
-63
-132
-221
-331
-393
-467
-577
-672
-773
-894
-977
-1077
-1215
-1310
-1403
-1488
-1584
-1721
-1823
-1917
-2051
-2168
-2249
-2270
-2332
-2405
-2462
-2473
-2352
-2181
-2052
-2080
-2071
-2001
-1763
-1513
-1312
-1227
-1128
-960
-706
-435
-222
-78
104
377
620
748
909
1081
1274
1471
1554
1601
1672
1773
1843
1822
1789
1828
1924
1877
1779
1713
1658
1667
1613
1490
1403
1376
1374
1271
1092
1017
1030
1041
962
773
669
685
729
709
573
477
456
457
437
375
314
312
302
213
121
39
-31
-72
-177
-319
-384
-417
-476
-581
-720
-785
-807
-877
-1022
-1188
-1274
-1335
-1408
-1507
-1609
-1666
-1714
-1772
-1840
-1940
-1960
-1993
-1943
-1897
-1811
-1671
-1634
-1564
-1599
-1460
-1268
-1012
-912
-796
-751
-537
-286
-104
42
167
301
530
687
812
948
1086
1217
1318
1339
1364
1422
1467
1522
1550
1549
1514
1467
1453
1453
1447
1332
1216
1145
1158
1164
1023
869
745
777
824
733
590
448
449
482
449
361
294
302
279
215
165
153
149
138
86
-18
-98
-129
-153
-204
-252
-297
-362
-424
-475
-523
-579
-643
-710
-784
-857
-928
-979
-1026
-1080
-1152
-1234
-1266
-1302
-1347
-1389
-1411
-1419
-1431
-1404
-1387
-1253
-1094
-1059
-1052
-1075
-954
-682
-460
-370
-359
-270
-49
178
280
321
403
600
836
953
1011
1120
1223
1305
1358
1353
1385
1459
1475
1474
1488
1489
1449
1355
1286
1288
1288
1241
1146
1006
886
866
906
845
655
495
448
419
335
224
144
103
65
10
-62
-122
-170
-202
-245
-297
-370
-428
-455
-509
-556
-611
-629
-656
-700
-755
-818
-815
-854
-850
-932
-998
-890
-832
-822
-944
-1079
-1185
-1229
-1263
-1348
-1349
-1394
-1403
-1393
-1347
-1302
-1324
-1266
-1179
-1030
-883
-826
-788
-643
-342
-62
70
112
234
466
663
724
730
850
1088
1299
1386
1397
1454
1603
1756
1788
1690
1581
1608
1721
1786
1735
1568
1443
1460
1482
1432
1301
1091
965
944
911
814
639
454
336
333
329
255
112
-13
-64
-114
-114
-193
-272
-271
-338
-374
-430
-497
-496
-502
-544
-629
-705
-731
-726
-751
-815
-900
-968
-1009
-1050
-1086
-1134
-1205
-1282
-1336
-1354
-1361
-1387
-1428
-1459
-1468
-1464
-1465
-1465
-1454
-1441
-1437
-1407
-1322
-1170
-1010
-928
-905
-840
-657
-384
-182
-98
-41
78
297
546
702
773
923
1110
1276
1359
1396
1478
1616
1711
1737
1773
1783
1853
1852
1833
1782
1808
1799
1766
1609
1515
1508
1518
1371
1221
1042
1007
974
891
773
605
544
498
415
338
204
161
123
24
-76
-161
-208
-293
-377
-475
-592
-636
-705
-783
-873
-963
-1012
-1071
-1139
-1207
-1262
-1303
-1365
-1448
-1473
-1476
-1502
-1534
-1597
-1611
-1594
-1581
-1589
-1555
-1542
-1551
-1527
-1489
-1420
-1404
-1321
-1228
-1073
-1001
-936
-884
-702
-475
-319
-217
-154
-36
148
294
453
587
691
830
946
1062
1173
1304
1440
1472
1522
1501
1571
1670
1792
1782
1727
1627
1590
1654
1678
1586
1479
1389
1297
1247
1214
1128
1025
945
867
766
700
628
528
454
360
269
217
122
19
-78
-201
-279
-337
-430
-488
-556
-650
-726
-820
-882
-893
-915
-965
-1044
-1129
-1174
-1172
-1189
-1211
-1251
-1290
-1285
-1304
-1287
-1267
-1264
-1251
-1280
-1293
-1255
-1195
-1145
-1106
-1058
-980
-854
-746
-672
-597
-476
-305
-146
-50
28
159
343
511
609
702
811
957
1086
1157
1225
1274
1344
1395
1410
1424
1418
1449
1461
1427
1399
1358
1341
1307
1235
1133
1035
985
906
832
760
661
598
522
420
325
250
161
58
-30
-117
-199
-251
-311
-391
-434
-483
-543
-592
-659
-714
-762
-794
-850
-916
-938
-994
-1023
-1043
-1098
-1092
-1086
-1111
-1132
-1147
-1117
-1109
-1117
-1109
-1101
-1045
-1014
-982
-908
-870
-806
-719
-643
-548
-439
-317
-211
-100
15
132
249
375
526
660
756
837
943
1073
1200
1307
1363
1401
1461
1515
1561
1601
1587
1558
1561
1544
1500
1451
1389
1331
1274
1174
1059
968
871
756
644
529
411
305
178
54
-43
-137
-223
-317
-425
-522
-576
-644
-724
-772
-853
-921
-967
-1030
-1061
-1108
-1115
-1091
-1128
-1151
-1185
-1188
-1161
-1172
-1179
-1183
-1155
-1151
-1139
-1118
-1124
-1075
-1020
-982
-958
-935
-888
-830
-787
-716
-626
-575
-505
-421
-332
-224
-109
-32
46
161
279
438
534
630
766
860
978
1075
1160
1229
1301
1396
1454
1487
1497
1530
1553
1538
1526
1481
1458
1423
1366
1314
1212
1134
1063
958
865
758
653
556
456
343
248
170
88
8
-89
-196
-296
-373
-432
-498
-552
-600
-654
-692
-735
-787
-829
-861
-888
-913
-947
-954
-952
-971
-967
-1005
-1031
-1017
-1014
-998
-991
-946
-937
-945
-946
-944
-905
-888
-862
-864
-815
-723
-653
-602
-568
-477
-416
-363
-305
-249
-171
-98
15
88
158
252
338
429
499
576
678
752
800
866
897
931
963
1011
1075
1068
1078
1095
1103
1099
1080
1059
1022
1009
959
891
831
793
780
696
615
530
430
400
323
230
166
89
53
2
-61
-99
-153
-215
-270
-323
-357
-393
-433
-465
-501
-516
-558
-592
-572
-581
-596
-619
-633
-627
-630
-624
-634
-649
-677
-701
-678
-629
-595
-602
-607
-600
-583
-551
-515
-491
-461
-420
-399
-375
-339
-305
-265
-223
-195
-168
-120
-42
40
97
142
190
209
249
327
371
390
424
466
488
513
531
537
559
545
555
572
605
630
592
561
507
470
467
438
409
380
338
315
294
262
243
205
167
113
64
49
21
11
-12
-27
-26
-71
-94
-93
-105
-139
-169
-177
-174
-178
-197
-202
-204
-215
-235
-261
-258
-265
-270
-255
-269
-282
-282
-299
-291
-278
-295
-284
-268
-280
-279
-277
-248
-241
-259
-247
-239
-216
-188
-144
-125
-131
-106
-77
-40
-16
14
31
47
94
111
134
176
206
232
253
258
271
297
297
305
306
294
297
281
286
308
295
275
247
238
238
214
204
186
148
122
115
110
113
86
32
13
-12
-41
-27
-36
-46
-38
-59
-80
-79
-84
-106
-111
-119
-114
-103
-114
-129
-137
-137
-169
-171
-176
-191
-190
-209
-190
-190
-213
-227
-223
-224
-235
-217
-216
-213
-222
-227
-220
-196
-176
-187
-172
-176
-170
-143
-114
-97
-80
-48
-42
-18
-6
13
40
81
112
109
139
143
170
192
197
219
214
248
282
293
291
277
280
282
287
299
324
346
347
345
329
311
302
297
286
250
245
258
244
241
245
230
199
169
154
141
125
126
110
84
49
17
21
-7
-22
-9
-44
-62
-80
-97
-94
-128
-168
-175
-205
-235
-227
-251
-291
-285
-295
-325
-324
-331
-357
-360
-363
-369
-363
-373
-380
-373
-371
-364
-358
-365
-347
-299
-266
-243
-207
-191
-174
-155
-138
-108
-78
-25
14
35
76
90
120
182
218
257
289
306
327
331
341
345
358
383
380
374
388
399
392
411
409
385
393
362
336
309
297
321
279
227
198
171
160
150
130
116
78
31
12
-21
-19
-21
-34
-55
-105
-122
-140
-146
-162
-202
-200
-201
-236
-238
-238
-277
-299
-307
-326
-348
-352
-346
-366
-365
-356
-380
-392
-385
-369
-381
-376
-388
-364
-343
-326
-334
-320
-299
-287
-273
-262
-225
-192
-157
-144
-144
-116
-70
-44
-7
8
14
46
80
121
138
142
159
185
206
238
283
293
275
264
300
287
314
323
348
342
341
338
320
301
285
296
283
271
260
228
211
214
187
176
176
143
128
109
86
74
82
62
66
50
18
-2
8
-2
-23
-43
-56
-67
-82
-86
-111
-119
-110
-129
-128
-139
-151
-145
-153
-157
-165
-177
-169
-160
-169
-173
-170
-162
-154
-149
-150
-157
-154
-151
-151
-142
-140
-122
-83
-73
-71
-45
-32
-25
-16
-13
10
47
69
77
71
84
121
147
151
155
175
183
188
188
182
180
192
207
185
166
155
161
175
159
150
155
151
140
128
108
107
116
112
105
85
65
57
10
9
-1
8
-3
-43
-46
-32
6
4
-22
-34
-43
-47
-35
-32
-44
-48
-48
-37
-21
-42
-39
-48
-51
-42
-36
-11
-26
-27
-31
-31
-32
-21
1
-8
-31
-19
-2
16
0
-4
19
1
6
27
3
44
49
52
44
88
89
75
61
62
84
77
65
97
103
75
75
62
45
59
66
73
64
59
40
22
3
34
-4
-2
-19
-44
-17
-39
-50
-66
-65
-97
-94
-88
-109
-87
-103
-97
-111
-118
-137
-137
-141
-150
-147
-150
-153
-149
-161
-154
-166
-144
-164
-156
-167
-159
-148
-125
-123
-124
-118
-145
-122
-115
-101
-109
-100
-80
-49
-21
-30
-15
3
2
6
17
41
52
55
62
66
85
87
98
114
113
119
139
147
119
138
127
168
168
179
192
165
172
193
201
195
218
207
213
184
156
169
166
153
139
125
127
99
95
80
80
59
51
-2
-10
-10
-1
-15
-16
-47
-60
-65
-69
-68
-91
-92
-96
-105
-122
-154
-137
-142
-141
-147
-165
-167
-195
-188
-173
-196
-195
-180
-178
-186
-164
-152
-154
-128
-134
-132
-117
-115
-117
-122
-103
-101
-102
-71
-65
-61
-42
-34
-7
5
0
16
2
2
27
16
33
53
64
97
104
107
110
116
113
97
118
112
102
114
123
124
110
114
103
96
95
112
141
119
102
104
101
90
79
74
73
68
60
59
35
4
6
3
-10
-8
-12
-28
-42
-55
-69
-73
-76
-93
-116
-129
-122
-130
-134
-139
-148
-150
-157
-146
-145
-140
-116
-108
-91
-104
-130
-123
-106
-85
-85
-87
-84
-86
-67
-59
-71
-65
-52
-53
-59
-44
-16
13
34
38
23
21
23
23
33
42
48
62
66
50
63
72
69
96
87
78
100
107
111
114
123
128
110
90
93
89
83
104
105
72
52
55
70
66
76
77
54
72
82
73
72
89
39
40
44
29
-9
-5
-15
-21
-33
-37
-31
-44
-36
-40
-43
-59
-45
-47
-43
-63
-42
-29
-31
-41
-31
-38
-29
11
-17
-1
20
6
22
17
30
39
67
76
71
71
87
98
103
131
103
91
79
80
59
69
74
72
62
68
60
56
81
92
69
78
71
66
72
69
81
66
49
50
39
50
45
38
37
19
17
1
2
3
-24
-22
-19
-32
-18
-18
-29
-20
-38
-51
-41
-51
-66
-81
-84
-91
-104
-103
-99
-90
-99
-115
-105
-95
-82
-79
-90
-85
-67
-58
-58
-52
-58
-72
-77
-77
-71
-46
-20
-14
-10
-23
-3
16
-6
2
19
34
38
55
85
68
68
72
61
58
77
112
119
108
98
86
74
60
65
72
65
65
85
90
70
67
57
30
29
35
45
44
31
40
9
-11
-27
-60
-59
-74
-88
-77
-71
-98
-84
-68
-103
-95
-112
-112
-102
-132
-114
-96
-98
-104
-119
-123
-130
-113
-107
-140
-152
-132
-125
-135
-133
-158
-141
-150
-149
-164
-138
-146
-138
-114
-117
-115
-110
-99
-117
-104
-78
-67
-43
-33
-14
-17
-14
0
14
5
38
44
70
59
84
104
105
93
90
95
112
147
133
121
132
126
127
115
112
105
96
94
99
82
64
90
103
94
92
85
64
46
57
36
37
54
22
32
32
12
20
-1
0
-13
-18
-21
-25
-24
-35
-44
-45
-51
-61
-40
-48
-24
-41
-55
-60
-45
-57
-62
-84
-62
-61
-90
-85
-96
-104
-89
-66
-86
-63
-52
-34
-47
-29
-38
-47
-38
-35
-31
-25
-40
-49
-28
-11
-7
-6
-9
15
24
6
-14
-3
26
34
36
41
49
46
42
50
45
46
62
74
68
61
73
85
86
82
90
92
72
60
47
58
56
50
55
50
59
37
49
31
31
40
24
55
31
22
15
17
-2
14
-20
-17
1
-9
4
4
11
-16
-21
-1
10
-3
22
35
35
24
22
23
25
28
16
33
26
50
26
38
35
37
52
55
49
55
43
41
36
34
37
30
40
48
43
57
40
39
41
36
37
41
35
34
16
-38
-22
-24
-10
-16
-1
4
2
-7
-22
-7
-16
10
2
6
6
4
-3
-12
-24
-19
-17
-7
-2
1
2
-4
-5
0
3
10
10
14
17
8
-7
-15
-14
-16
-32
-26
-13
-15
-26
-16
-15
-30
-24
-41
-36
-30
-19
-1
-4
17
21
20
3
-19
-26
-16
-16
-7
7
-20
9
4
-3
24
18
22
22
66
66
67
74
46
57
31
29
43
37
50
53
53
44
39
50
40
18
22
27
20
39
40
25
34
42
54
42
27
13
-4
5
0
2
-8
9
18
-1
26
31
40
38
22
41
49
40
23
13
-3
-11
2
-11
-30
-33
-8
5
-7
-8
-2
-6
-15
-12
-16
-23
-23
-17
-4
-6
0
9
12
13
-2
7
18
17
32
40
38
28
31
37
32
41
37
26
18
12
11
13
16
10
25
33
26
34
24
37
41
35
54
40
30
37
46
55
54
56
46
35
35
40
40
23
28
32
9
-5
-19
-23
-15
-3
16
9
-6
0
-7
-6
2
9
-5
4
0
-6
5
-5
-5
-38
-32
-25
11
-1
-7
-26
-36
-16
-21
-43
-37
-55
-45
-45
-56
-46
-38
-36
-40
-50
-43
-31
-25
-40
-56
-54
-35
-47
-59
-48
-66
-57
-33
-41
-54
-51
-40
-51
-54
-43
-30
-35
-40
-44
-51
-51
-64
-50
-48
-49
-41
-42
-39
-48
-34
-38
-36
-15
-23
-16
-19
-32
-39
-29
-23
-33
-35
-35
-35
-38
-37
-42
-28
-17
-34
-34
-19
-25
-44
-32
-29
-28
4
-11
-24
-12
-34
-30
-19
-28
-1
9
10
23
-1
3
-1
-19
-5
-8
-13
-6
11
11
10
15
8
9
18
24
29
33
30
32
18
14
28
25
19
-5
-24
-11
0
-1
4
1
-26
-29
-28
-47
-57
-42
-32
-40
-28
-22
-18
-12
-39
-48
-29
-21
-23
-30
-48
-57
-50
-47
-42
-45
-57
-56
-52
-46
-43
-44
-50
-50
-46
-62
-86
-99
-68
-62
-88
-65
-58
-50
-38
-58
-51
-62
-63
-56
-73
-47
-40
-39
-35
-43
-22
-25
-27
-34
-38
-13
-13
-12
0
12
16
30
22
28
32
42
77
71
89
107
112
101
121
98
109
97
107
115
100
86
79
71
80
89
79
66
63
53
52
42
21
19
45
44
45
25
1
19
15
2
17
9
-18
-6
-23
-9
-22
-34
-69
-52
-58
-46
-38
-49
-27
-51
-51
-47
-47
-69
-67
-77
-57
-44
-57
-67
-64
-50
-55
-75
-60
-65
-52
-78
-70
-83
-76
-75
-58
-62
-57
-60
-76
-72
-79
-71
-65
-26
-35
-18
-33
-42
-12
-24
-26
-33
-39
-23
-9
-21
-29
-24
-18
0
-16
-22
-21
-11
8
6
29
19
32
60
39
47
54
54
40
44
33
25
20
35
28
17
15
13
-8
-9
-18
-12
-11
-14
-6
-15
-13
-8
-8
-25
-1
2
0
-1
-16
-28
-28
-21
-15
-27
-10
1
2
8
1
-15
-32
-24
-16
-31
-27
-8
-19
-22
-5
-10
-14
-7
-19
-24
-9
-16
-8
-17
-10
-34
-33
-5
-5
-27
-35
-24
-20
-34
-24
-3
-17
-6
12
-2
-2
-1
1
-10
-14
8
-9
-13
5
-3
-1
1
16
-1
2
14
27
20
22
22
8
0
-10
8
19
6
6
25
8
-2
2
-5
8
8
-13
-24
-2
9
14
15
5
-7
-23
-6
-26
-22
5
-17
-9
-6
-2
-6
-13
-9
18
20
6
50
33
18
23
26
36
25
37
14
-5
9
5
8
24
29
33
51
50
29
26
35
40
37
39
57
54
34
34
37
27
40
46
27
44
72
58
30
41
21
-13
10
1
-9
14
22
32
33
3
-19
-10
-9
6
12
-3
-3
11
33
18
21
35
20
13
21
43
51
46
52
62
65
64
57
34
25
30
22
31
42
29
38
43
42
52
46
66
70
