31
38
45
51
54
52
49
51
56
63
63
61
60
55
53
55
53
48
44
39
36
33
32
31
29
24
19
15
12
8
4
5
2
-2
-7
-11
-12
-16
-21
-26
-29
-31
-34
-41
-48
-49
-49
-52
-57
-61
-63
-62
-63
-65
-67
-65
-63
-66
-67
-65
-64
-60
-60
-57
-54
-52
-53
-51
-47
-43
-43
-41
-38
-34
-32
-31
-28
-22
-17
-13
-8
-2
3
7
12
21
28
31
34
39
49
55
56
60
66
73
74
74
75
79
81
80
80
80
77
74
76
80
80
74
69
67
63
60
62
64
62
53
45
42
42
38
33
29
29
26
19
9
1
0
-1
-4
-9
-13
-18
-26
-33
-41
-45
-44
-46
-50
-56
-58
-62
-68
-72
-74
-72
-73
-75
-78
-78
-74
-70
-68
-70
-72
-69
-63
-59
-58
-56
-55
-51
-47
-45
-48
-48
-44
-34
-30
-35
-41
-36
-23
-15
-18
-18
-8
7
16
22
23
29
42
56
68
75
78
84
94
103
104
100
99
101
107
108
101
89
83
83
85
83
77
73
70
67
63
58
55
52
51
52
52
49
46
46
47
46
39
34
33
33
33
28
22
17
13
10
10
7
5
-1
-5
-9
-12
-18
-23
-29
-30
-32
-34
-41
-48
-49
-52
-58
-62
-62
-61
-64
-73
-74
-67
-64
-69
-79
-87
-86
-81
-79
-79
-83
-86
-86
-85
-89
-96
-101
-98
-92
-90
-95
-101
-100
-94
-91
-93
-97
-92
-78
-63
-57
-59
-57
-42
-15
8
20
22
30
45
66
81
93
102
114
126
132
129
126
125
134
136
129
115
105
107
112
114
104
94
88
89
88
82
72
62
62
65
69
65
53
43
40
39
36
31
28
26
24
20
15
12
12
14
22
27
25
18
15
18
22
23
22
19
19
16
9
-1
-10
-15
-13
-14
-22
-34
-42
-45
-48
-56
-60
-59
-56
-58
-68
-79
-85
-84
-79
-76
-78
-83
-83
-83
-82
-85
-91
-95
-99
-103
-108
-111
-115
-119
-123
-123
-122
-122
-122
-125
-128
-128
-121
-111
-105
-104
-102
-91
-67
-42
-23
-10
4
24
47
67
82
98
120
143
159
166
168
168
170
175
178
172
163
148
140
137
137
131
123
113
106
103
101
96
89
86
90
99
101
93
87
87
86
79
69
61
56
51
49
44
34
29
32
36
37
35
33
34
35
36
38
43
49
51
49
47
46
40
30
22
15
11
4
-9
-23
-33
-43
-53
-65
-77
-86
-95
-102
-111
-114
-117
-114
-113
-117
-126
-134
-135
-132
-129
-132
-137
-136
-132
-136
-150
-163
-163
-156
-157
-174
-191
-194
-186
-183
-199
-222
-228
-213
-197
-195
-204
-203
-182
-146
-112
-90
-76
-55
-19
27
65
91
109
135
168
193
204
208
220
243
265
269
257
240
232
231
232
225
212
200
191
188
185
180
175
169
165
162
161
163
164
159
153
152
153
148
139
127
120
115
106
91
75
66
64
69
64
52
34
25
27
32
29
18
12
10
8
-5
-22
-32
-35
-41
-58
-79
-100
-117
-131
-139
-141
-138
-141
-151
-165
-175
-177
-175
-175
-178
-182
-182
-183
-186
-191
-195
-195
-196
-203
-214
-214
-203
-190
-192
-208
-213
-205
-194
-192
-204
-216
-212
-194
-172
-159
-171
-193
-195
-180
-161
-156
-161
-158
-122
-67
-29
-18
-14
8
65
134
176
186
198
235
287
336
342
321
323
353
378
378
352
319
309
317
314
289
249
221
218
229
220
190
169
169
181
187
182
163
151
147
146
147
138
119
107
94
74
57
41
32
29
21
13
17
24
22
12
3
6
24
44
42
24
13
17
31
45
36
5
-16
-23
-31
-42
-62
-88
-91
-80
-90
-113
-136
-157
-156
-137
-136
-158
-172
-181
-181
-169
-164
-178
-186
-185
-190
-186
-186
-200
-205
-193
-186
-186
-190
-204
-217
-220
-222
-222
-222
-228
-242
-247
-235
-230
-242
-267
-286
-279
-251
-237
-246
-253
-234
-196
-153
-114
-101
-85
-48
0
58
107
127
148
192
246
284
293
290
290
325
377
395
379
357
343
354
366
343
312
298
302
318
318
298
278
277
294
304
292
267
249
249
249
235
216
202
196
185
162
137
119
112
106
86
62
51
54
66
64
44
29
31
43
52
40
22
23
36
38
18
-25
-65
-80
-82
-91
-111
-139
-164
-183
-204
-229
-255
-270
-279
-290
-299
-311
-324
-328
-323
-317
-315
-318
-321
-310
-293
-290
-297
-291
-276
-269
-264
-252
-239
-222
-215
-227
-237
-236
-229
-208
-193
-218
-258
-272
-256
-219
-203
-231
-268
-271
-246
-223
-217
-235
-251
-209
-129
-79
-57
-38
-7
56
117
157
200
253
319
396
449
454
439
454
496
544
572
568
544
539
547
546
531
508
490
483
472
438
400
384
373
364
367
355
330
318
295
265
243
222
219
226
206
164
128
114
111
100
85
71
63
65
64
43
15
-5
-10
-11
-25
-52
-72
-71
-65
-82
-130
-185
-210
-200
-194
-226
-275
-311
-324
-316
-310
-320
-333
-330
-322
-334
-355
-364
-354
-333
-326
-332
-341
-351
-351
-330
-304
-295
-289
-282
-273
-255
-230
-207
-191
-169
-147
-139
-130
-114
-109
-108
-90
-80
-87
-89
-95
-109
-105
-98
-131
-169
-183
-194
-196
-200
-223
-243
-233
-221
-192
-116
-84
-78
-25
23
69
139
199
246
296
356
428
495
525
502
498
559
595
593
584
558
532
519
511
493
466
426
399
396
365
321
303
293
281
271
246
212
185
168
187
204
178
148
154
173
169
155
139
119
118
138
137
103
72
42
1
-16
-26
-38
-57
-108
-171
-223
-252
-267
-292
-311
-336
-373
-394
-410
-418
-433
-457
-446
-433
-425
-412
-406
-397
-387
-358
-356
-363
-336
-313
-290
-269
-269
-277
-260
-223
-206
-179
-155
-166
-175
-165
-144
-107
-71
-56
-45
-55
-58
-33
-1
32
39
21
19
23
9
10
11
-4
-4
2
-22
-52
-61
-81
-97
-86
-98
-119
-105
-98
-89
-38
0
15
53
91
123
170
192
201
245
289
329
386
425
435
432
426
437
457
462
455
433
424
433
430
417
406
378
360
350
328
327
330
304
285
263
234
235
232
215
204
172
136
128
127
118
89
46
26
38
57
56
38
22
-9
-48
-55
-54
-80
-111
-129
-161
-207
-241
-271
-292
-297
-311
-337
-372
-422
-446
-434
-433
-435
-437
-441
-419
-387
-376
-366
-339
-314
-279
-246
-232
-224
-222
-193
-161
-136
-97
-77
-69
-84
-85
-59
-41
-13
-7
-3
24
24
25
37
46
78
115
128
135
158
164
139
140
162
143
111
97
58
36
60
51
28
-10
-77
-110
-97
-93
-128
-152
-156
-164
-143
-106
-93
-97
-73
-37
-11
25
43
53
100
141
168
212
222
188
209
279
317
334
327
304
295
292
287
274
287
288
256
240
212
176
175
199
196
166
143
101
91
138
154
132
92
90
134
161
160
121
84
98
131
140
106
55
25
19
26
-3
-44
-68
-99
-129
-155
-178
-201
-206
-217
-254
-275
-302
-309
-287
-303
-324
-330
-320
-294
-258
-224
-250
-281
-270
-264
-239
-211
-224
-205
-156
-151
-162
-130
-88
-90
-70
-53
-88
-72
-11
14
34
72
56
53
83
65
63
108
136
134
162
151
114
117
118
113
100
73
50
58
59
4
-17
-25
-49
-45
-45
-85
-116
-118
-138
-149
-142
-137
-152
-190
-189
-171
-152
-98
-108
-132
-90
-51
-11
29
24
15
54
101
150
174
160
152
175
223
228
240
251
208
217
261
241
216
234
223
163
156
164
155
192
197
148
135
150
172
212
233
204
181
183
181
199
233
228
200
200
189
161
158
135
76
59
50
4
-14
-32
-102
-125
-105
-116
-153
-182
-193
-192
-164
-175
-210
-224
-241
-258
-260
-229
-233
-271
-278
-285
-255
-206
-220
-249
-245
-236
-201
-145
-126
-140
-148
-139
-121
-62
-14
-8
16
26
9
25
43
35
79
117
88
74
67
74
96
105
82
51
56
60
46
51
44
18
14
34
23
10
-4
-43
-48
-38
-52
-78
-113
-127
-150
-144
-118
-136
-151
-160
-175
-164
-145
-131
-114
-105
-116
-93
-50
-37
-46
-29
33
65
75
81
81
105
103
127
166
163
169
158
164
206
213
206
218
207
188
213
242
229
210
213
221
209
212
260
296
281
238
202
232
273
257
245
238
196
181
169
142
150
126
53
15
0
-9
-13
-25
-55
-103
-127
-115
-134
-178
-197
-193
-199
-225
-257
-263
-247
-250
-284
-288
-255
-251
-272
-269
-250
-250
-260
-254
-232
-223
-230
-211
-170
-154
-150
-114
-73
-69
-57
-36
-37
-31
-13
-11
-12
4
15
18
39
37
12
44
76
28
19
81
85
47
38
42
69
67
14
21
54
3
-17
48
76
34
-16
-22
16
12
-28
-13
7
-46
-104
-84
-27
-31
-96
-87
-37
-31
-50
-20
6
-27
-15
11
30
-103
-130
56
185
94
-160
12
210
178
43
96
298
480
523
22
-42
-134
369
917
563
230
-496
-65
458
1473
2594
901
-1884
-2345
1458
3475
48
-3124
-1626
1205
1282
-927
-2116
1520
3190
-406
-3175
-2398
1266
2242
-720
-2610
-1033
1061
615
-824
-1021
274
741
-611
-1369
-226
856
272
-728
-649
356
802
-284
-1165
61
1311
-199
-1138
72
867
75
-624
-80
136
-188
17
-70
360
765
-1109
-442
124
589
271
54
-1018
-70
1557
206
-1032
-329
439
524
417
-561
-563
350
376
251
-312
-201
302
696
-740
-251
564
933
-691
-1169
-186
1496
578
-808
-437
-156
294
592
334
-1167
-117
590
342
-364
-299
17
361
-59
-106
645
-117
-312
-1019
674
805
703
-576
-1789
826
1337
-483
-793
770
207
-558
148
388
250
-250
99
-597
1119
801
-1020
-280
-443
1536
1096
-823
-1575
-421
2789
659
-2002
-492
1423
57
-326
353
128
-354
-414
1449
-241
-1447
363
1729
-1448
-69
-263
262
1356
-2704
-144
2010
547
-1349
-2375
596
2475
-249
-1880
-481
-143
1897
9
-1895
-1076
1632
1912
-1918
-1286
-502
1676
454
-1575
-309
1409
771
-1932
-873
963
-607
1154
-108
-1342
-490
1193
1626
-1780
-1000
1113
2087
-3216
-597
2921
-38
-1494
-415
1896
-170
194
-937
955
-1435
1065
2822
-3606
-258
696
2406
204
-3049
1088
1654
-2459
797
3877
-2153
-1347
-910
1851
1386
-2196
-684
333
1221
489
-2220
884
651
700
-1252
-1847
1943
1254
-1280
-1735
839
1560
9
-1642
-1176
1779
666
-732
301
-1070
-998
2409
-265
-909
652
-1891
1240
1226
-863
630
-1585
-812
1862
1051
535
-2562
-1012
2348
350
-383
947
-699
-2118
1010
2684
758
-3331
-106
441
3174
-1518
-934
-381
164
1412
914
-1947
-989
1964
-1450
1878
-716
-655
228
592
-965
-415
1917
-1343
501
-1240
-866
2487
1456
-2511
-2438
687
4024
2939
-8025
-1626
4527
987
-846
-2001
974
2315
-2995
-2396
5737
-359
-2451
-1535
1559
1312
-1328
1224
-1409
-210
1469
-1365
929
-247
1793
-3630
585
3212
668
-3354
-2185
1875
4984
-497
-5391
-2184
2825
7797
-4351
-5352
387
4028
1805
-2732
-1562
-293
3755
-2714
-3023
4915
1633
-3171
-2466
-1407
6229
2929
-4807
-3814
-1566
2713
6561
481
-6395
-5432
3767
7466
-1185
-4033
-980
-558
1732
1356
-1259
1911
739
-4904
-2554
4407
6578
-2927
-5291
-911
303
5042
1519
-1170
-3187
-5084
3805
6734
1161
-6526
-5338
4258
6369
-113
-6093
526
3829
-3166
238
1598
-221
3160
-4790
-3514
5187
2635
1342
-5248
-3611
5902
3439
-4014
-3435
1883
1787
3451
-4120
-2940
2415
2482
3498
-6782
-2132
2769
7085
-1395
-11056
1617
8596
2514
-4347
-7844
3305
8050
-4091
-2804
440
2267
610
-3363
-1944
1207
4878
558
-4707
-5682
7503
3850
-4631
-3540
-745
4712
641
-2297
-480
455
340
-1402
1497
1064
-1456
-361
427
-1033
-452
1046
2298
1066
-2733
-2137
1370
2489
-7
-2147
-635
2934
-2918
-1596
6690
-2996
-3164
-974
2462
6188
-6327
-2198
2343
316
1835
-1892
-2109
1675
3330
-1410
-5393
-1472
8998
2316
-8654
-2646
4064
7721
-3092
-8135
958
2651
4762
762
-5477
-502
1279
-71
2238
754
-1313
-1207
920
313
-2793
3403
3734
-4392
-2940
2092
5127
-915
-6788
1477
4409
955
-2008
-2103
1489
171
60
13
220
1360
-162
-3667
-3338
5311
9014
-2752
-12264
-5321
14474
9973
-9825
-10271
-2165
12808
4783
-4421
-11682
4161
9862
-2597
-6210
-2679
9678
3098
-8557
-8225
4747
11261
3902
-13179
-9797
10501
9206
-4404
-5574
-3583
5714
5086
-2841
-7873
-229
10501
590
-8791
-3993
7723
4410
-4271
-5386
-717
8229
172
-5118
-4094
5176
4320
-2294
-4369
-2687
7542
-740
-1054
-3118
2073
3394
-3484
-3940
2295
4688
4482
-8550
-5361
4015
4562
2484
-1887
-4677
-2568
3461
6766
-4667
-4776
2561
796
4002
-1773
-2814
-1173
1004
1050
-532
6216
-2252
-4731
-3835
4628
3317
4040
-1455
-8969
-1464
6895
3584
2796
-6027
-3383
-444
593
7676
3029
-3301
-8147
-2752
8492
3702
1281
-3535
-4488
-3407
6491
8186
-3905
-7381
-1960
8844
-2328
-755
2027
-1083
-2810
1150
1032
2006
1392
-4130
-5845
6134
3283
-2171
-903
-3478
-32
6031
-1843
-1409
786
-7449
1565
10581
-1214
-6505
-2717
-2936
7511
4172
-7496
2506
-352
-792
-2085
-1439
6467
-2390
-462
-2130
-3180
5248
4334
-5680
-9025
8149
8344
-5512
-7673
386
7825
345
-6739
-2320
3665
4835
973
-5265
-4049
-406
2147
5828
1140
-4503
-3641
-6008
4897
9434
1289
-6237
-10135
2136
5640
6746
-2554
-6426
-4063
4037
3823
2672
-2549
-3327
-1494
-289
3332
7528
-2329
-8280
-531
4910
5858
853
-4181
-3054
-1504
6257
4995
2039
-6105
-4491
3358
4003
6366
-5010
-1259
-2939
3461
3106
2847
-2743
-6234
4158
2507
6741
-3637
-11304
3013
10027
710
-4956
-4737
-2404
5756
6851
-6874
-4825
-59
4974
2291
-5793
-2265
632
1517
2898
-2596
-4897
2542
1301
-995
-386
-1537
525
-4284
-419
6234
969
-3314
-6936
-4469
6164
9584
-973
-8852
-6955
5465
4067
-750
3106
-4698
-2277
-1405
2588
2478
3305
-6991
-3170
3886
1512
375
-2094
-2211
-2260
4724
711
-2138
-4425
2347
1910
-549
2976
-3354
-6274
3175
5199
735
-586
-4899
-2408
4389
3677
649
-4110
373
1604
1579
2284
-1337
715
-583
473
1489
1444
2873
-195
-2102
-2029
2839
5533
1611
-4219
-2904
2711
4448
328
-2790
-259
1429
-56
-600
1024
3055
1287
-1542
-1711
-1858
4873
825
1493
-3760
508
707
1061
838
2395
649
-8091
3465
864
3669
1385
-5276
-3970
2819
4640
-277
-1447
-7252
-1522
7003
2905
-3267
-6835
-998
3613
-134
-5221
1599
875
1159
-5511
-4095
399
8319
-1594
-7601
-3572
665
8699
-2794
-6436
-5427
8750
5459
-7179
-5941
252
5797
829
-3354
-3180
-374
5011
-2650
-3175
-1953
4973
187
-3618
-1511
-91
4939
1641
-4017
-5974
3503
5322
4594
-3503
-4905
-257
6362
3630
-1520
-1492
1938
3179
1437
538
-1185
2751
1648
882
-665
3201
2756
-1656
-1887
-1246
5825
5133
-3415
-6299
-909
6023
4934
-652
-8135
-3514
6435
5320
-255
-5472
-4485
2763
5381
2497
-2144
-4775
412
4093
-253
-555
813
609
1705
-1935
-2247
2162
3850
727
-5007
-2312
4695
6191
-2581
-8455
-1907
4912
6765
-2313
-10497
-2027
4113
3798
-3760
-6178
2542
-1389
-408
-485
-2573
-1440
-1471
-3983
1244
3625
174
-5489
-9099
1443
5933
6005
-2660
-10513
-4820
690
9613
3565
-5836
-9848
-3373
7660
4024
-3035
-5106
-332
1369
1696
678
753
-1025
-277
98
836
2553
2677
343
-1503
-51
3403
4069
1334
-1568
-642
3301
5174
1627
-2382
-873
3680
4279
880
-1110
-315
772
1894
2489
534
-2162
-1155
2278
2726
-43
-1640
-719
466
627
569
727
-89
-1967
-2033
1071
4080
2773
-1541
-3408
-306
4269
4124
-477
-3696
-1967
2833
5180
1725
-3609
-3934
121
3387
3947
1230
-2575
-6085
-2820
4484
5909
-2276
-5807
-2226
-2829
1897
959
-3722
-2959
591
-2020
855
-3399
-2651
338
-3982
405
2068
-1830
-6633
-1569
-371
408
412
-1750
-2320
-1694
-93
-812
-2502
-1983
783
-200
-1479
-597
-68
2034
-1291
-2115
-79
2453
3436
-933
-381
1722
1843
1507
921
1638
2327
2864
1855
638
625
1950
2534
1735
666
911
2399
1942
60
-279
1936
1921
1406
816
-939
-1035
-392
2449
1254
-1731
-1345
10
939
89
260
-1489
-1487
-271
513
2301
400
-708
-243
1126
1044
192
739
1116
2202
324
-369
1227
437
25
356
270
2189
2227
-2862
-3238
1123
2444
1583
-1151
-5158
-3654
2818
1623
-3195
-2352
-2052
-2161
-2219
-1953
1512
430
-5523
-7928
-1088
8108
2340
-7005
-8047
-5186
4745
6584
-1447
-6974
-7767
-1134
3953
4484
-1105
-7172
-5162
572
6450
4552
-2844
-7336
-3079
6796
8044
973
-3462
-2472
607
4646
5488
2627
434
-403
555
3519
5255
2647
-371
-952
1596
4779
4527
530
-2945
-373
2959
3882
1776
-1254
-1512
-951
1529
1446
-773
-1398
-768
523
-598
-1249
-1011
-1018
-863
-417
958
995
-866
-2091
-1012
1146
2862
2069
-166
-1687
-1176
1989
2929
1493
542
104
173
186
951
1451
450
-1009
-1631
-346
565
73
531
-2068
-5212
-1928
1460
786
-2561
-3607
-2790
-3113
-1209
-2177
-2182
1081
-790
-4377
-5532
-3294
-466
1880
2463
-3305
-7235
-4885
84
3053
273
-1349
-1325
-1144
-59
-1010
325
2186
1788
640
-1505
681
4693
4471
1112
-2257
-409
4823
6664
3464
-426
-353
1819
3956
4230
2062
781
1011
1977
1400
640
1512
1505
1405
-32
-1062
292
1059
-373
-2400
-1171
952
1540
-374
-2675
-2476
-1345
442
430
-868
-1296
-759
-427
-430
203
1279
2105
-734
-2336
79
2509
3852
705
-1858
277
1130
1304
1516
-75
21
-70
323
527
-958
308
1069
-853
-2574
-3528
-519
1250
-1443
-1456
-4770
-3651
-2547
-1175
-656
-633
-2063
-5320
-5342
-1901
3095
2140
-3376
-9157
-3719
1085
4678
13
-4620
-3728
73
4099
733
-2016
-1373
805
3469
2475
-281
1087
2372
2094
1247
720
3486
4999
2679
1366
-561
3068
4378
2815
1045
1839
2805
2997
196
-682
530
2690
2906
382
-1540
-442
770
198
-1130
-875
283
354
-1108
-2394
-2272
-800
430
25
-1502
-2353
-1462
280
731
-432
-1098
-114
557
4
-603
328
1674
1086
-132
-540
26
1670
1852
575
-769
-869
1573
1210
157
-1718
-1715
1907
-963
-1104
-983
-2465
-1531
-2465
-370
-1982
-3336
-3067
-3050
-783
-1160
-1383
-3240
-4993
-3152
859
991
-1675
-3527
-5017
-1982
359
1564
2213
581
-2634
-4700
-992
4040
5678
2025
-2458
-2580
2544
6117
3480
824
125
3042
4952
3505
2443
1631
2192
2588
3238
3769
2975
1870
703
579
1509
2513
2103
778
-329
-619
238
466
-460
-740
-364
-758
-1126
-1320
-1505
-1117
-737
-826
-1173
-1291
-1415
-1007
-564
-1412
-2082
188
2608
1402
-1363
-3855
-1464
3175
3984
2159
-1669
-2174
-128
1499
2980
1741
297
-342
-1139
-1034
734
1423
111
-1056
-2303
-1564
-144
-1250
-2504
-2407
-2301
-2040
-1710
-2443
-3117
-2668
-2320
-2878
-2316
-930
-936
-2016
-3448
-3115
-1102
-543
-1497
-941
788
1203
-868
-2698
-842
991
3171
3575
1230
1197
533
577
1486
3003
5545
5506
2395
-1238
116
4076
6697
5123
605
-248
1688
4200
4119
1304
-378
208
2349
2732
898
-331
-898
-1098
-39
761
529
-294
-1920
-2129
-1236
-703
330
-449
-2382
-2933
-1932
85
86
-1485
-1895
197
2493
987
-2296
-3822
-1089
3571
4127
1271
-1917
-2149
-61
1277
2371
1775
880
-302
-2424
-2370
947
3393
1019
-2486
-3616
-999
-254
-1508
-1925
-3140
-1375
-1529
-2562
-2694
-3610
-2010
-1755
-2752
-2897
-2006
-1134
-1137
-2925
-4078
-1851
-1228
-129
2200
1523
-1582
-4442
-2686
2381
4955
3413
-289
-2129
317
3628
4612
2667
1125
2939
4218
3602
2180
1620
2988
3725
3783
3557
2783
2059
1322
1313
1957
2720
2631
1329
-207
-1067
271
1478
1064
-230
-1276
-228
-52
-833
-1537
-1848
-754
63
-105
-1679
-2634
-1740
-393
-225
-1119
-1113
5
1162
-142
-2079
-2194
-616
2937
3252
-1
-1802
-1622
384
1266
1242
1636
799
-55
-1451
-2008
34
2063
1497
-827
-2787
-2443
-641
-1523
-2500
-2161
-1106
-297
-3101
-4691
-3518
-2673
-1231
-384
-1898
-3723
-3949
-2891
-587
442
-2183
-5110
-2935
3009
4997
-140
-6186
-5162
1935
7169
5094
-940
-3778
-1217
3253
5414
4620
1866
914
1898
2569
3645
4052
3551
1648
1368
3455
4352
3365
401
-595
1491
3566
3643
1921
-850
-1966
138
1609
1824
125
-1508
-1297
-818
-83
-144
-584
-1243
-1193
-1047
-900
-751
-1115
-1188
-1819
-728
375
1035
1337
-1443
-2629
-1878
370
3634
2432
-445
-1731
-1427
735
1772
1780
1281
-280
-920
-573
-640
87
947
196
-142
-1194
-2390
-1866
-1722
-1107
-712
-1725
-2623
-3458
-3336
-1811
-1511
-1966
-2835
-3251
-1944
-2203
-1816
-1333
-2339
-2336
-3338
-2187
2198
3937
88
-5468
-5726
-25
6708
6623
-22
-4240
-2586
3219
6347
3916
788
387
2798
3564
2923
2752
2852
2911
1814
2546
3868
3699
2051
-21
649
2767
4201
2674
-802
-1909
51
2320
1813
-99
-1043
-611
189
-197
-866
-1322
-799
32
-517
-1228
-1582
-736
-371
-1328
-1491
-875
1456
1746
-1212
-2664
-2414
644
3213
1769
-288
-2120
-1692
504
1531
1879
1267
10
-1005
-1529
-997
913
1538
276
-1215
-2348
-1444
-798
-1663
-1885
-1773
-1367
-1442
-3050
-3466
-2669
-1922
-1059
-2501
-2882
-2121
-2951
-2069
-1856
-2281
-2048
-2852
-1922
395
1642
571
-3254
-5098
-620
5162
5414
991
-3730
-2391
3423
5186
3873
1290
391
2876
3221
2747
2670
2394
3060
2639
2404
3284
2963
1963
914
684
2459
3240
2113
556
-924
-193
1397
1465
808
-479
-708
224
-189
-779
-701
-370
247
-265
-1513
-1261
-559
-358
-687
-1505
-577
798
1393
144
-2107
-2078
-522
2135
2609
767
-1100
-1904
-410
970
1915
1537
482
-383
-830
-464
-85
1106
1023
-338
-1534
-1613
-1053
-1364
-1182
-941
-1493
-2501
-2885
-2795
-2372
-1708
-1819
-2632
-3464
-2369
-873
-1325
-2844
-3581
-2177
-1098
-1575
-2057
-1588
255
963
-889
-3333
-2715
1945
4757
2300
-2104
-2521
1671
4583
3333
460
698
3114
3814
2562
1499
1983
3493
3849
2156
2008
2589
2868
2364
470
1161
2816
2811
1288
-436
-512
1048
1946
461
-640
-708
183
563
-684
-1143
-742
14
26
-796
-1266
-1079
-225
239
-430
-1372
-1073
172
757
17
-984
-950
-57
741
755
136
-299
-206
153
267
355
806
763
-129
-875
-501
182
339
-72
-612
-969
-1332
-1298
-1789
-1414
-777
-1321
-2097
-3087
-2243
-1437
-1456
-2157
-3065
-2310
-1447
-1536
-2290
-2263
-1659
-1078
-1617
-4111
-2297
1686
2281
-83
-5423
-4428
1364
5892
3270
-1910
-3340
371
3723
4214
1886
61
1835
3328
3347
1798
2210
2386
2823
2253
2670
3775
2936
1541
-486
1339
3749
3868
1397
-1509
-1315
1231
2609
1465
-543
-768
-216
727
58
-578
-375
-198
-26
-626
-539
-735
-867
-473
-686
-386
522
-84
-1575
-1233
-367
961
705
-640
-241
-9
754
643
-368
322
939
1078
688
-603
-676
157
289
274
-250
-659
-522
-1428
-1865
-1110
-724
-630
-1456
-2387
-2014
-1476
-1943
-2326
-1943
-1594
-1062
-2128
-3196
-2306
-1698
-462
-812
-2495
-3037
-3911
-1382
1987
2105
-467
-5239
-4337
1112
4982
3841
-1878
-3563
-393
3923
4586
1984
138
717
3273
3388
2619
2155
2440
2548
1814
2666
3316
2846
1457
601
1116
2643
3072
1602
321
-231
981
1497
751
317
-172
237
192
-575
-584
-318
21
34
-506
-498
-848
-886
-98
-469
-389
-606
-1048
-83
-166
-598
-559
-437
24
-103
-503
-504
-109
320
80
-318
-99
-11
62
-90
-677
-432
-377
-563
-291
-670
-870
-781
-1589
-1695
-1217
-1365
-1129
-1388
-1609
-1989
-2528
-1488
-827
-1316
-2205
-2579
-2471
-1129
135
-512
-2474
-4892
-1806
2680
2922
-89
-5719
-4289
2702
5223
2768
-1933
-3002
887
3905
3144
1090
725
2297
3369
2160
1472
2309
3058
2859
1440
2101
3558
2911
1286
-224
1213
3506
3081
1100
-690
-461
1323
1866
601
-287
30
342
-323
-1068
-500
275
94
-485
-973
-817
-369
-747
-1354
-513
829
909
-710
-2873
-1833
1043
2138
739
-1687
-1655
-248
998
1068
-173
-376
38
317
-67
-389
323
449
-309
-998
-560
82
-289
-1135
-2004
-1196
-552
-711
-1481
-2700
-1809
-1366
-1294
-1838
-2296
-1682
-1615
-2086
-2609
-1050
-902
-857
-1630
-2925
-1855
-2315
-164
1475
687
-976
-3897
-2223
1273
3443
2532
-1084
-1638
707
2656
2444
1139
1049
2597
3516
2054
1031
1749
3169
3481
2115
1906
2123
2203
1875
861
1388
2443
2471
1186
-79
29
966
1516
752
80
29
130
150
-373
-531
-454
-152
187
-178
-530
-1167
-1233
-493
219
628
13
-950
-1518
-1089
-32
876
618
-442
-1031
-1014
2
524
477
120
-373
-134
-39
-47
-315
-447
-106
21
-522
-1033
-869
-661
-699
-1014
-933
-1158
-1625
-1771
-1656
-801
-1114
-2107
-2947
-1416
-122
-1304
-2437
-3226
-1085
375
-107
-2251
-3431
-3323
650
3443
1880
-2693
-6416
-2344
4131
5871
1130
-3824
-3163
2286
4688
3138
247
-633
2203
3962
3033
1658
909
2188
3141
2765
2790
2123
1178
1224
1364
2259
2637
1566
731
-204
84
1985
1702
-49
-504
318
1032
182
-1007
-949
18
643
143
-1084
-1537
-1118
-435
367
-633
-1560
-760
-93
366
-466
-1680
-1144
201
972
569
-489
-1013
-554
226
641
643
439
-150
-762
-422
315
532
311
-190
-768
-996
-567
-453
-1132
-1280
-785
-631
-1324
-2346
-2156
-1105
-860
-1420
-1292
-2208
-2810
-1653
-631
-270
-1020
-2006
-2687
-1109
-786
-884
-1570
-968
668
1278
-1390
-3232
-351
1944
2957
155
-1355
366
1980
2439
638
908
2387
3751
2272
715
714
2717
3975
2820
1458
1526
2147
1798
1219
1563
2035
2017
1219
303
190
1064
1386
550
-154
232
883
591
-469
-995
-306
631
480
-527
-1122
-837
-435
-501
-610
-208
221
-268
-1370
-1578
-318
1058
870
-631
-1509
-757
585
881
-30
-680
-234
483
380
-413
-599
80
488
130
-797
-1120
-371
3
-452
-897
-1077
-785
-683
-1760
-1996
-1106
-783
-998
-1528
-2163
-1866
-869
-1412
-1405
-1259
-1799
-1367
-1688
-1173
-871
-1421
-1809
-1749
37
1369
892
-2729
-4043
273
3453
3127
-420
-2776
60
2970
3020
1415
-355
1473
4019
2435
600
583
2144
4181
2840
943
1070
1596
2496
1763
676
1500
2393
2018
449
-577
336
1956
1404
-108
-281
177
576
-49
-697
-351
350
565
-514
-1660
-1094
-297
-84
-266
-1333
-497
435
-486
-1254
-1552
-134
918
527
-698
-1512
-160
782
553
-96
-443
160
618
-67
-764
73
679
342
-339
-1198
-718
38
-455
-810
-866
-585
-819
-1301
-1685
-1136
-598
-1057
-1321
-1856
-1526
-1834
-525
-959
-1494
-1563
-1824
-1771
-1480
-255
-209
-1680
-3976
-1803
1807
2441
-375
-4296
-3358
1606
4882
1832
-1454
-2733
418
3888
3441
987
-1064
819
3921
3044
1242
904
1649
2856
2563
1691
1869
1598
1410
1410
1746
2721
1822
587
298
30
1498
1920
497
-475
-337
912
1065
-49
-1032
-667
256
695
-258
-1681
-990
-360
-77
-452
-1396
-291
456
-47
-912
-1860
-675
969
798
-22
-1213
-1022
503
487
466
498
-265
85
-271
-572
647
669
255
-265
-791
-587
-454
-224
-412
-734
-751
-899
-1168
-1162
-1226
-1688
-1151
-646
-1150
-1416
-1833
-1702
-1195
-1399
-1651
-1543
-569
-353
-1457
-1993
-2084
-2346
-486
1988
947
-1158
-3965
-3549
2246
4632
1886
-2236
-3249
451
3810
3100
591
-728
945
3882
2623
609
740
1917
3431
2604
1375
1201
1707
1950
1485
1307
1754
1861
1018
607
132
903
1737
326
-168
290
496
368
-533
-764
-213
137
568
-515
-1618
-786
-527
-93
-542
-1462
-510
115
-32
-606
-1054
-940
-89
370
256
-179
-787
16
-44
-126
473
506
487
11
-46
-76
81
378
524
-109
-734
-455
-429
32
-444
-782
-817
-1395
-1133
-782
-244
-788
-1982
-2140
-1142
-371
-789
-2048
-2638
-1474
-669
-217
-1396
-2386
-1992
-1016
-236
-1651
-1138
-343
578
-136
-2938
-1486
1122
2738
1192
-1554
-1214
1610
3171
1230
74
469
2742
3307
1220
525
1035
2743
2939
1816
1484
1685
1892
1260
1027
1639
2400
1970
392
-133
335
1737
1845
245
-327
-313
643
520
-447
-417
-207
254
-197
-931
-1033
-375
-290
-644
-898
-879
-20
-526
-954
-1062
-580
548
41
-585
-886
-328
477
160
-384
-399
318
691
87
-722
-531
379
668
144
-572
-635
-188
-154
-538
-723
-396
-325
-921
-1451
-861
-278
-1093
-1661
-1637
-639
-296
-1349
-1893
-2284
-834
-173
-1873
-2345
-1503
-218
-231
-2069
-3312
-1326
1782
1761
-1374
-4013
-2086
2340
3965
1192
-2492
-1903
1751
3495
2269
-74
-220
2306
3017
1523
716
1120
2562
2788
1377
1308
1953
1761
1323
844
1277
2266
1771
306
-307
506
1606
1264
-34
-477
233
760
67
-866
-629
326
585
-303
-1267
-1097
-183
117
-502
-945
-534
-103
-458
-962
-671
102
324
-207
-728
-593
-36
281
78
-208
-43
330
259
-208
-285
226
712
376
-472
-766
-248
348
17
-658
-745
-398
-516
-958
-1210
-895
-47
-325
-1214
-2461
-2158
-168
102
-800
-2572
-2614
-1015
-265
-299
-1519
-2275
-2016
-1225
-778
73
504
-108
-1435
-2823
-491
2186
2377
265
-2097
-430
2432
2435
649
141
1006
2893
2485
399
794
1771
3061
2696
1051
959
1800
2376
1511
870
1272
1930
1729
699
-82
201
1323
1006
263
170
-109
122
88
-556
-425
-111
-131
-285
-879
-836
-392
-533
-676
-708
-250
127
-646
-1176
-798
-37
651
137
-689
-528
-42
361
135
-283
265
635
213
-233
-391
237
851
400
-299
-536
-284
32
-152
-512
-792
-737
-414
-705
-1235
-1361
-1202
-718
-491
-1273
-2073
-1811
-1066
-755
-1233
-1587
-1552
-1501
-1338
-833
-750
-1607
-2156
-2032
-93
1245
333
-1156
-3477
-1962
2358
3131
394
-2433
-1269
2529
3636
839
-1094
474
3308
3816
980
-512
951
3053
3846
2011
302
848
1769
2089
1624
1048
1524
1526
688
154
307
1340
1219
-133
-217
234
323
119
-667
-465
497
270
-547
-1038
-812
-39
-59
-731
-892
-383
122
-302
-1151
-1031
-59
638
398
-429
-843
-360
487
681
57
-278
206
525
47
-368
97
756
600
-147
-617
-472
-24
124
-318
-685
-468
-373
-893
-1326
-1097
-506
-520
-1330
-1755
-1366
-724
-962
-1820
-1522
-698
-657
-1359
-2143
-1637
-132
-249
-1143
-3061
-1766
1454
1232
-84
-3933
-2380
2149
3791
777
-2667
-2160
1530
4108
2123
-314
-720
1953
3284
1921
815
1021
1997
2647
1613
1189
1580
1844
1407
914
856
2051
1927
235
-316
152
1680
1323
-378
-513
138
853
298
-798
-962
17
550
-55
-987
-1300
-329
152
-239
-691
-801
-110
-49
-891
-918
-244
427
639
-405
-1197
-398
702
841
40
-355
211
406
-38
-76
403
683
284
-262
-292
-113
-126
-318
-409
-389
-576
-799
-925
-1088
-1080
-842
-512
-1060
-1641
-1553
-1192
-1107
-1060
-1238
-1410
-1254
-1717
-1588
-918
-253
-1116
-1764
-3211
-431
2046
1290
-1814
-4831
-1227
3526
4146
-18
-3521
-2014
3274
4605
1640
-1345
-886
2939
4009
1710
154
369
2507
3122
1633
1061
1322
1647
1387
777
1226
2257
1337
-138
-329
203
1953
1078
-719
-243
364
831
-89
-1015
-456
420
298
-614
-1049
-601
118
-364
-542
-859
-970
508
117
-678
-702
-897
506
688
-266
-429
-251
490
477
16
48
749
812
268
-419
-322
1057
781
174
-455
-590
280
80
-421
-981
-730
-144
-437
-1607
-1719
-580
-303
-1042
-2109
-1828
-819
-1130
-1268
-1642
-1524
-1286
-1746
-1201
-1497
-468
-730
-2408
-2568
91
1062
1232
-2438
-3372
282
2293
1948
-314
-1162
21
2087
1478
1007
658
1849
2661
880
64
1439
2836
3355
1240
-167
1099
2752
2107
1009
377
1090
2074
1438
477
-522
572
1638
589
6
-116
256
292
-144
-427
0
244
-361
-775
-920
-380
26
-267
-661
-866
-211
124
-628
-904
-661
19
949
156
-1024
-825
-121
913
818
-325
-249
180
392
419
-235
42
678
207
-194
-432
-561
-27
0
-460
-504
-786
-1018
-1176
-1202
-842
-422
-732
-1647
-1881
-1614
-604
-661
-1349
-1651
-1911
-747
-935
-1378
-1446
-1901
-1199
-509
349
42
-612
-2187
-1933
1039
2639
1656
-1222
-1833
156
3069
2478
746
-502
1131
2938
2528
804
388
1548
2958
2303
1128
797
1451
1829
1370
1113
1411
1539
1084
216
133
975
1414
533
-317
-103
540
395
-379
-617
-344
304
132
-687
-1145
-1054
-170
-109
-447
-945
-937
-150
-126
-323
-816
-424
424
423
-112
-759
-113
809
882
252
-173
296
661
472
143
256
544
380
-97
-309
14
136
-221
-702
-783
-469
-691
-1042
-1192
-1008
-702
-1132
-1543
-1710
-1461
-1183
-1180
-1258
-2032
-1832
-1244
-943
-972
-1426
-1706
-1196
-1842
-1726
831
914
-104
-2608
-2603
610
3479
1957
-1167
-2434
405
3050
2526
603
88
1428
2590
1870
880
1199
2285
2386
1494
1027
1567
1943
1400
711
937
1813
1950
795
-203
67
1188
1504
560
-505
-323
445
479
-79
-824
-242
260
-4
-501
-1279
-561
-208
-308
-613
-1189
-572
-306
-241
-400
-566
-162
-42
-150
-251
16
370
357
-35
-147
286
662
586
125
-43
250
514
394
26
-172
-111
-99
-306
-498
-484
-520
-777
-1131
-1132
-769
-697
-1137
-1763
-1744
-1172
-765
-1105
-1584
-1695
-1665
-1383
-1377
-835
-980
-1781
-2092
-1899
275
1577
247
-2824
-3247
680
3079
2000
-1033
-1944
610
2879
1933
147
160
1545
3455
2089
106
644
2267
3509
2034
601
911
1853
2316
1472
782
1093
1764
1579
519
-154
485
1369
917
-1
-53
450
424
-218
-474
-92
384
88
-782
-1262
-690
300
-24
-721
-1256
-795
278
-89
-725
-1323
-544
702
369
-339
-960
-310
557
415
-22
-257
50
254
112
-112
8
268
288
-6
-338
-354
-339
-407
-561
-529
-329
-348
-1096
-1667
-1134
-458
-429
-1209
-1819
-1831
-1194
-852
-1091
-1524
-1637
-1054
-1496
-1208
-1452
-1823
-1156
-1482
183
386
-337
-1965
-2883
245
2639
2547
-761
-1915
-398
2937
2662
584
-385
1131
3459
2200
400
358
2187
3090
2274
796
911
1502
1917
1288
842
1371
1862
1342
428
-232
249
1401
1152
146
142
49
8
153
-324
-257
443
414
-287
-1154
-1075
-180
88
-319
-996
-1000
-191
-396
-917
-516
-59
449
202
-1118
-1229
54
1063
1072
-58
-900
-203
768
681
116
148
500
305
-176
-265
60
361
138
-545
-814
-553
-545
-899
-1180
-958
-536
-906
-1703
-1978
-1678
-741
-750
-1542
-1784
-1648
-1426
-982
-1320
-1711
-1289
-1558
-1893
-701
495
388
-981
-3461
-1071
1731
2760
411
-1964
-1389
1947
3349
1548
-375
-66
2884
3296
1125
-79
850
3440
3225
1337
246
915
2339
2292
1324
789
1209
1650
1142
99
53
1081
1420
567
-300
-80
530
463
-172
-523
-113
324
-23
-742
-927
-420
62
-175
-909
-1037
-407
-202
-860
-1174
-226
646
427
-730
-1526
-573
975
1478
243
-1008
-599
535
1030
408
-187
36
540
310
-247
-340
-7
352
-93
-602
-783
-702
-622
-983
-1067
-800
-672
-1137
-1832
-2004
-1274
-662
-1095
-1659
-1874
-1581
-1365
-1422
-1227
-1052
-1302
-2113
-1905
-182
1044
210
-2423
-3059
210
3140
2126
-1214
-2336
106
2948
3108
637
-672
1119
2972
2387
862
769
1911
2752
2174
955
1053
1870
1954
1503
1042
1343
1650
1041
372
126
877
1502
696
-62
37
450
479
-7
-417
-101
377
160
-536
-1043
-529
103
-64
-731
-1189
-599
-128
-558
-1181
-962
552
1077
-276
-1851
-1852
464
2186
1248
-778
-1487
-205
1290
1170
76
-164
172
456
-43
-549
77
482
203
-679
-926
-522
-588
-725
-1087
-916
-567
-936
-1543
-2034
-1455
-487
-682
-1722
-2343
-1667
-802
-864
-1314
-1656
-1607
-1977
-1597
311
671
-167
-1913
-3132
-566
2483
2655
-27
-2775
-1467
2708
3647
1103
-569
149
2722
2906
1140
446
1297
2982
2843
1504
316
846
1986
2144
1612
933
1365
998
638
720
630
1222
845
35
136
357
289
259
-313
-385
468
179
-369
-690
-953
-98
205
-588
-861
-586
-222
-197
-793
-1017
-32
413
-177
-965
-1091
295
947
344
-636
-852
313
903
468
-220
-187
303
550
80
-298
41
34
0
-478
-546
-184
-317
-601
-1256
-1131
-481
-561
-1294
-1597
-1342
-989
-1104
-1657
-1530
-1338
-1187
-1434
-1652
-1504
-1041
-1087
-2292
-1325
258
768
-247
-2924
-2290
1042
2905
1314
-1811
-1864
1084
3083
1970
-203
-299
2175
3582
1801
-33
556
2504
3386
2070
491
779
1829
2138
1502
823
1321
1695
1010
401
308
990
1443
523
-142
101
456
568
-115
-509
28
421
359
-540
-1227
-482
105
25
-553
-1305
-579
231
-424
-1124
-1277
-129
1473
851
-1075
-2059
-1016
1416
2035
363
-1114
-1098
317
1204
700
182
-63
95
328
-188
-335
140
153
-78
-470
-890
-883
-950
-1005
-628
-506
-937
-1588
-2026
-1631
-847
-673
-1108
-1893
-2257
-1430
-756
-1142
-1364
-1464
-1849
-1411
-336
318
-7
-1822
-2843
-513
2222
1999
-120
-1734
-823
1895
2704
892
-381
768
2602
2350
693
484
1884
2864
2241
908
716
1682
2112
1531
1072
1313
1617
1359
616
166
708
1401
963
35
-97
337
524
261
-211
-359
59
293
-186
-703
-625
-217
-47
-438
-966
-799
-264
-422
-878
-506
302
327
-609
-1499
-1055
736
1799
538
-1400
-1414
315
1503
912
-365
-549
332
774
117
-500
-47
504
117
-839
-1129
-382
137
-356
-1111
-1319
-839
-430
-1241
-1649
-1333
-937
-602
-1625
-2073
-1278
-809
-1374
-1505
-1491
-1405
-912
-2025
-1125
43
288
-266
-2735
-1761
882
2379
1052
-1553
-1752
928
3522
1782
-236
-618
1484
3585
2122
411
157
2065
3336
2167
570
619
1768
2092
1559
703
1189
1563
1002
534
24
860
1598
655
-164
-145
495
705
-99
-602
-155
620
487
-605
-1239
-636
159
81
-630
-1298
-816
-126
-519
-743
-488
-97
229
-430
-1062
-566
230
813
288
-712
-314
553
821
417
-200
196
646
248
63
-3
126
397
-156
-655
-591
-281
-38
-704
-1413
-1082
-620
-878
-1304
-1685
-1479
-798
-1061
-1413
-1611
-1821
-1196
-1088
-1352
-1347
-1570
-1671
-1771
-564
814
132
-1687
-2905
-1207
1932
2547
20
-2105
-1379
1489
3142
1192
-575
57
2331
2965
951
131
1106
2727
2598
1221
714
1207
2126
1746
951
967
1610
1702
670
-16
444
1336
1298
391
-204
138
685
434
-288
-482
176
667
136
-848
-1057
-304
265
-165
-926
-891
-223
-89
-810
-1244
-474
655
568
-771
-1612
-736
865
1269
148
-926
-680
342
805
424
42
226
487
294
-71
-20
345
370
-112
-561
-485
-189
-297
-721
-922
-736
-596
-935
-1207
-1423
-1087
-848
-1189
-1634
-1562
-1275
-1251
-1206
-1452
-1416
-1430
-1491
-1830
334
407
-21
-1919
-2722
-156
1868
1947
-458
-1232
-566
1755
2015
849
-159
1272
2742
1739
297
244
2055
2714
2210
487
646
1465
2266
1364
773
946
1647
1466
592
106
586
1200
1019
313
95
339
557
110
-374
-208
338
372
-237
-875
-715
-132
4
-370
-894
-812
-332
-496
-671
-433
-361
-275
-394
-670
-336
145
295
48
-460
-225
494
586
147
-240
72
691
544
99
16
111
241
-50
-584
-558
-151
-101
-639
-1173
-1035
-645
-778
-1183
-1442
-1365
-1075
-1155
-1338
-1411
-1489
-1377
-1136
-1165
-1355
-1351
-1829
-1858
-351
730
86
-1825
-2869
-801
1912
1812
-357
-1869
-647
1871
2279
808
-304
430
2630
2731
589
-39
1253
2829
2899
1349
511
1070
1742
1896
1393
952
1390
1226
563
307
459
1378
1207
9
-191
388
786
414
-386
-528
173
557
145
-742
-1008
-146
271
-260
-814
-751
-208
-248
-962
-917
53
571
7
-1151
-1482
-168
1197
967
-334
-1083
-341
772
755
133
-150
163
680
461
-164
-152
302
542
156
-532
-672
-383
-297
-537
-745
-699
-732
-1122
-1380
-1171
-873
-883
-1383
-1705
-1459
-1171
-1180
-1278
-1492
-1564
-1270
-1598
-1156
104
297
-722
-2443
-1821
837
2191
1002
-1410
-1653
788
2651
1711
53
-181
1555
2820
1446
201
603
2227
2944
1701
536
633
1762
2087
1464
860
715
1421
1231
376
191
625
1326
714
-115
-74
321
638
179
-236
-111
322
198
-426
-930
-546
251
-135
-770
-1166
-670
-28
-417
-910
-1201
-431
627
469
-671
-1518
-983
407
1212
501
-539
-643
-106
434
599
433
275
318
287
19
-164
99
346
98
-277
-481
-543
-660
-696
-541
-475
-749
-1206
-1532
-1373
-908
-946
-1184
-1569
-1711
-1230
-1004
-1170
-1487
-1497
-1573
-1104
-87
82
-678
-1926
-1676
175
1747
1063
-869
-1234
26
1834
1907
740
57
902
2331
1830
859
833
1740
2312
1879
1263
1041
1423
1450
1397
1383
1445
1527
949
429
330
836
1448
976
154
-37
167
383
292
38
-65
14
139
-118
-671
-669
-87
-23
-425
-751
-834
-387
-483
-759
-242
38
-43
-656
-1234
-501
569
782
51
-893
-626
540
786
234
-244
-200
457
447
-36
-41
55
311
146
-517
-546
-155
-59
-498
-950
-808
-443
-714
-1119
-1179
-1124
-811
-1097
-1364
-1397
-1374
-1000
-1224
-1465
-1475
-1463
-1565
-1042
-182
20
-534
-2229
-2008
274
1621
1086
-771
-1393
184
1837
1639
714
146
1162
2327
1503
786
746
1848
2754
1786
691
478
1412
2141
1666
994
892
1197
1155
677
339
743
1208
781
258
155
316
334
29
-107
-68
164
83
-371
-639
-428
60
-75
-552
-762
-449
19
-295
-1074
-989
-43
393
95
-764
-1248
-339
538
455
-212
-543
104
379
-18
-240
-4
519
497
-27
-347
-127
62
-41
-329
-439
-176
-326
-670
-1003
-886
-385
-434
-1090
-1614
-1294
-802
-594
-1096
-1620
-1479
-941
-489
-1131
-1525
-1622
-1281
110
388
-372
-1488
-2038
-509
1211
1288
97
-1033
-328
1328
1653
805
46
525
2016
2210
980
357
945
2112
2364
1537
975
981
1272
1469
1393
1415
1480
1040
581
596
728
1025
907
319
211
246
230
221
-8
-49
98
133
-69
-502
-728
-280
85
-119
-426
-773
-577
-334
-422
-355
-409
-293
-256
-525
-529
-131
19
0
-61
-319
-149
-67
-63
109
61
-21
-87
-113
-141
-35
-33
-182
-496
-486
-131
-364
-664
-901
-871
-403
-392
-912
-1446
-1450
-837
-480
-932
-1414
-1670
-1348
-658
-1091
-1583
-1619
-1446
-48
405
-733
-1739
-1925
-241
1518
1425
-59
-1322
-580
1420
2133
1017
67
333
1878
2249
987
514
949
2066
2292
1511
903
798
1200
1372
1457
1202
1252
1015
355
454
732
1109
913
256
54
248
325
321
-104
100
150
159
-320
-676
-446
-72
241
-417
-568
-647
-139
-371
-558
-539
-254
63
-280
-557
-731
-73
367
132
-448
-508
162
244
-43
-308
169
457
96
-364
-469
-41
335
50
-352
-701
-297
26
-377
-908
-914
-336
-124
-804
-1514
-1521
-761
-122
-681
-1556
-1956
-1156
-492
-704
-1697
-2027
-1263
93
277
-926
-1601
-1675
-114
1019
872
-317
-979
-109
1185
1497
493
217
953
2156
1870
531
285
1484
2551
2454
1100
441
871
1810
1953
1248
866
923
1068
797
747
455
640
731
339
255
344
199
2
-195
-18
275
234
-345
-839
-713
243
464
-256
-756
-903
-210
6
-420
-579
-570
-156
-112
-491
-651
-336
149
264
-269
-707
-128
301
42
-258
-378
116
357
-129
-494
-385
115
181
-312
-751
-313
49
-246
-773
-1250
-517
-253
-518
-1063
-1513
-902
-663
-587
-1161
-1484
-1415
-938
-668
-1488
-1626
-1547
-229
361
-706
-1538
-2086
-702
1169
1342
-142
-1347
-872
979
2026
1005
296
365
1312
1883
1090
800
1281
1955
1945
1268
904
1153
1498
1281
1209
1258
1305
1275
452
288
695
918
1094
363
-77
187
353
426
97
-192
63
297
23
-463
-701
-263
312
164
-431
-840
-559
-78
-44
-465
-540
-324
-83
-105
-545
-476
-119
143
-75
-308
-462
42
200
76
-91
-99
104
115
-165
-118
46
22
-149
-409
-318
1
-241
-739
-945
-719
-350
-470
-1100
-1416
-1129
-575
-549
-1141
-1590
-1363
-961
-1059
-1410
-1591
-1242
-263
8
-960
-1650
-1582
16
1149
784
-597
-1051
-233
1167
1565
793
300
695
1712
1692
764
439
1282
2021
2190
1145
450
882
1437
1587
1382
1021
1069
1023
678
543
700
1048
967
271
90
407
473
252
46
4
106
54
-308
-561
-470
-72
19
-138
-412
-627
-586
-589
-411
-344
-35
-215
-446
-717
-425
63
209
-43
-454
-303
-60
168
-61
-111
28
165
64
-290
-298
30
192
35
-492
-573
-325
-145
-218
-549
-586
-482
-494
-743
-963
-926
-739
-779
-1004
-1125
-1246
-1014
-1028
-1116
-1244
-1368
-1181
-842
-108
-588
-1158
-1703
-1111
726
1096
426
-1032
-847
177
1715
1527
732
348
719
1699
1132
804
1177
1838
2040
1371
494
838
1440
1801
1293
887
767
1053
1029
505
661
625
1123
587
152
103
385
576
419
86
-47
5
45
-188
-332
-383
131
-103
-334
-309
-544
-293
-532
-564
-83
77
-300
-693
-767
-486
306
199
-196
-532
-450
229
159
-2
-22
119
277
-56
-300
-142
258
206
-246
-559
-406
134
-120
-579
-764
-541
5
-525
-1047
-1133
-847
-398
-599
-1152
-1576
-1183
-810
-813
-1366
-1666
-1380
-1023
-61
-320
-1224
-1540
-1326
-1
898
494
-553
-1039
-156
1248
1501
515
75
542
1589
1847
603
453
1325
2003
1976
895
399
892
1632
1601
1147
813
791
985
711
712
559
716
837
240
168
288
388
331
156
29
131
155
-227
-446
-329
87
-15
-364
-361
-200
-98
-490
-769
-500
132
379
-284
-992
-860
-25
572
286
-502
-704
-91
341
40
-305
-51
309
255
-158
-423
-116
291
164
-241
-445
-351
-67
-181
-574
-590
-331
-303
-607
-862
-830
-457
-589
-1064
-1290
-1161
-576
-694
-1157
-1433
-1322
-1001
-635
-153
-482
-1004
-1463
-1227
266
953
437
-647
-963
116
1228
1329
518
192
473
1594
1300
768
719
1172
1661
1638
893
689
928
1399
1602
1072
909
903
870
590
546
789
1128
635
32
53
228
551
452
88
11
-102
37
-26
-347
-336
-218
-107
-375
-340
-343
-6
-295
-852
-743
-50
535
-59
-906
-1124
-166
599
394
-486
-792
-18
460
99
-250
-105
391
196
-302
-393
-24
462
291
-268
-538
-283
81
61
-393
-690
-434
-334
-485
-832
-920
-587
-573
-720
-1092
-1152
-886
-933
-900
-971
-1129
-1203
-1112
-289
24
-645
-1274
-1544
-247
896
795
-460
-1035
-397
1117
1585
583
-220
286
1592
1667
647
223
961
1467
1465
886
684
982
1297
1046
828
874
1142
1057
400
192
449
868
992
375
1
164
468
478
129
-203
-118
170
36
-263
-352
-179
-48
-393
-513
-328
75
128
-704
-964
-395
365
375
-464
-1027
-602
385
546
-21
-739
-385
369
245
-33
-310
39
304
25
-253
-206
175
220
-81
-450
-196
-24
-162
-327
-606
-350
-252
-420
-569
-744
-594
-360
-563
-858
-977
-957
-557
-676
-1022
-1083
-1008
-1003
-900
-185
-136
-465
-1064
-1503
-349
984
972
-329
-1198
-412
1226
1481
467
-89
285
1625
1495
300
265
961
1817
1742
724
219
837
1450
1382
917
559
790
779
650
585
275
648
741
291
200
159
194
330
79
-121
58
237
-59
-512
-552
-79
241
-359
-472
-695
294
194
-572
-918
-506
294
661
-130
-1053
-822
19
730
346
-575
-515
-44
332
47
-302
5
345
124
-220
-275
-135
182
77
-387
-402
-252
-117
-306
-724
-450
-192
-383
-648
-965
-595
-206
-610
-1030
-1074
-675
-436
-776
-1140
-1110
-666
-584
-786
-309
-269
-283
-898
-1328
25
952
849
-466
-929
-333
1196
1162
526
-79
71
1302
1220
755
312
582
1257
1524
835
335
534
1067
1298
1012
515
663
795
669
366
344
828
770
213
-100
-10
332
431
87
-285
-109
130
-43
-359
-522
-129
-55
-152
-364
-596
-131
-247
-424
-482
-34
178
19
-484
-646
-183
365
510
-223
-399
-65
284
286
21
-106
210
241
80
-141
-96
132
187
83
-392
-396
-219
52
-234
-471
-479
-376
-487
-612
-581
-541
-542
-657
-865
-784
-635
-599
-757
-747
-566
-598
-824
-1005
-386
284
-16
-677
-1118
-596
587
924
220
-733
-581
584
1260
703
-204
25
957
1562
707
0
318
1247
1547
1075
234
176
888
1277
963
458
388
717
730
387
214
434
612
383
6
23
252
236
-59
-274
-146
140
120
-336
-600
-255
142
22
-358
-359
-141
-8
-249
-449
-297
99
214
-230
-527
-424
177
287
35
-420
-237
108
252
-40
-188
16
281
189
-146
-259
-9
202
94
-234
-351
-205
-48
-146
-340
-378
-302
-351
-506
-629
-547
-389
-368
-682
-906
-755
-402
-324
-622
-787
-725
-488
-418
-463
-491
-105
-56
-70
-610
-376
93
482
354
-157
-110
177
699
575
397
178
507
801
615
506
518
680
1038
715
500
501
671
861
737
550
426
649
519
504
266
308
505
462
133
-28
53
190
193
-37
-173
-75
-12
146
-98
-292
-131
-173
29
56
-182
-181
-217
-126
21
-7
-131
-201
-247
-121
-21
-146
-72
-72
-136
-17
-104
-197
-113
-71
-59
-118
-221
-215
-160
-234
-241
-252
-250
-192
-310
-289
-307
-338
-315
-359
-333
-366
-402
-536
-430
-282
-353
-428
-509
-454
-486
-438
-356
-326
-427
-515
-251
-73
6
-158
-323
-145
84
347
327
8
-10
325
564
624
396
269
663
795
659
433
206
692
1052
816
487
276
431
521
592
556
437
312
134
246
315
465
339
8
-29
-27
199
212
-34
-150
-96
77
45
-209
-413
-293
-2
82
-176
-432
-363
-146
-60
-184
-304
-239
-82
-40
-168
-253
-126
50
27
-124
-158
-52
33
27
-4
-26
-59
-93
-128
-142
-94
-54
-140
-236
-220
-188
-198
-305
-304
-145
-89
-231
-461
-386
-188
-147
-119
-233
-361
-342
-155
-14
-229
-350
-278
-261
-121
-40
-149
-155
-1
-4
-151
-125
-39
139
314
99
-148
-38
280
458
326
145
96
271
577
629
310
67
204
560
804
542
115
44
313
634
580
235
30
130
391
459
208
8
100
152
132
152
51
9
69
73
55
22
-9
-48
-64
-60
-20
63
-5
-127
-152
-68
63
42
-11
-67
-114
-56
-80
-89
-40
6
-40
-154
-141
-70
14
-37
-181
-269
-253
-38
-17
-304
-423
-283
-144
-203
-336
-290
-201
-240
-363
-450
-249
20
-156
-427
-358
-139
-35
-63
-32
-122
-200
-34
73
-17
-171
-97
8
3
50
40
35
-5
-130
-69
139
39
-160
12
167
114
149
168
3
2
275
359
161
74
195
354
406
271
183
310
415
355
187
69
178
380
361
112
-43
91
269
241
102
-6
-43
33
163
145
-46
-76
88
131
80
22
-54
-10
83
88
47
-55
-97
-13
64
76
-56
-226
-215
-76
65
-16
-286
-291
-150
-135
-106
-176
-304
-243
-172
-193
-190
-193
-281
-276
-126
-135
-322
-315
-155
-80
34
-17
-215
-254
-110
49
101
9
-263
-172
33
175
190
-107
-102
82
364
119
-206
53
196
264
8
-10
180
138
184
102
56
22
137
237
40
-7
92
136
105
151
37
-137
128
167
67
1
13
205
46
-42
-53
259
252
-158
-75
4
212
69
45
-3
-262
134
229
84
-22
-134
-35
248
183
-119
-52
8
152
63
-122
-47
0
80
29
30
-121
-357
-171
18
22
-203
-315
-126
-132
-75
-45
-190
-381
-379
93
166
-173
-268
-196
-47
24
-58
-94
-32
-77
-31
88
-26
-89
101
112
-134
-122
87
183
143
89
20
-41
30
169
149
1
100
12
92
502
201
-154
-4
198
143
266
408
-94
-216
312
407
16
1
-40
-78
298
191
-104
-140
-65
13
122
25
-407
-148
305
-12
-282
-152
-147
-78
160
-61
-57
626
714
193
-147
-280
-430
-261
298
116
-442
-411
-225
-285
-110
210
-224
-633
-361
48
182
2
-145
-178
184
560
347
51
-20
55
205
171
-150
-247
50
71
-115
-100
-75
-134
-14
188
-102
-238
115
-65
-246
78
119
-21
45
-1
-204
-15
194
39
-134
-159
208
258
-83
-178
35
406
218
-30
85
172
249
241
39
-146
111
281
164
47
-8
194
68
-115
162
136
-57
-25
13
68
142
116
15
-18
-1
131
55
-138
-110
-119
-46
83
125
-151
-399
-161
78
48
-135
-119
-179
-250
-13
12
-96
-154
-303
-163
-17
-39
-144
-172
-256
-271
182
61
-171
-357
-42
116
186
18
-234
-78
123
404
101
-89
-74
84
183
21
-58
-76
139
-124
-50
50
-52
-95
-27
-116
-164
146
174
-200
-62
49
68
116
36
52
73
182
147
23
154
227
125
21
119
273
235
95
36
14
117
192
41
20
46
-42
58
157
-24
-77
109
37
-25
12
-30
-143
45
181
-4
-47
-63
2
23
172
-93
-120
-119
64
45
102
-147
-259
-116
-40
-19
-67
-71
-250
-1
-20
31
-74
-172
-161
22
110
-37
12
-127
-105
-74
172
88
-118
-159
23
113
59
-33
-103
-73
-5
129
27
-126
-164
-155
54
26
37
-89
-168
52
66
135
66
-142
-72
196
236
-9
-124
-130
-97
-11
122
44
-177
-131
103
143
80
-25
-239
-63
196
209
25
-84
61
23
179
218
88
179
86
29
86
134
28
51
314
201
-72
-5
141
113
151
90
-124
-74
114
53
-136
-118
14
20
-54
5
-78
-268
-19
20
-129
-62
51
-14
-18
-39
-153
37
-58
28
-101
9
-55
-84
-63
7
90
41
38
-137
-35
-59
80
53
-70
-81
44
70
-54
-91
-12
-9
-31
-28
-131
-177
-21
-22
-77
-70
-112
-48
122
60
-155
-113
64
92
145
103
-173
-246
41
198
113
22
-57
-7
49
22
-2
-81
-62
-49
-56
32
-4
-92
-46
-43
-38
80
101
30
9
75
98
26
76
192
231
185
103
54
60
181
240
182
143
33
-51
-23
37
116
101
78
33
-120
-135
-149
-235
-195
-151
-110
-40
-10
28
35
4
-14
12
-32
-75
30
2
-3
32
35
78
30
109
107
59
17
-24
31
0
136
113
70
159
66
50
50
62
55
-59
-181
-150
-106
-161
-86
-80
-122
-128
-127
15
96
59
-52
-131
-29
-13
-47
-17
-106
-157
-96
-27
-18
-98
-104
-50
-28
-45
-48
8
96
152
149
116
87
106
136
69
11
26
37
47
-63
-49
-45
-63
-121
-104
-115
-125
-97
-61
-14
36
28
-65
-30
84
26
40
103
88
116
152
144
79
101
78
148
147
120
24
-13
-1
-20
57
109
20
-69
-103
-82
-77
-72
-12
-48
-94
-6
5
-8
11
44
97
54
22
28
24
65
93
65
-29
-33
36
-31
-81
-13
-13
-83
-110
-165
-132
32
-41
-176
-159
-91
0
9
-24
-74
-68
30
13
-90
-76
15
26
-27
-68
-64
-35
2
-5
-65
-57
53
87
-14
-61
22
75
65
84
142
95
55
101
113
84
123
150
60
18
14
84
51
1
-17
38
29
-8
-68
-81
-27
35
57
35
-1
-1
14
19
20
55
82
46
-21
-20
32
50
32
21
22
17
-28
-89
-104
-73
-46
-46
-43
-44
-90
-107
-63
-20
30
33
-22
-10
12
2
39
63
66
71
50
66
67
29
21
12
21
39
-23
-62
-19
-20
-50
-62
-67
-88
-84
-61
-132
-173
-81
3
-41
-47
-7
-24
26
32
6
-22
-18
64
69
46
45
49
35
18
-24
-53
-3
12
2
-38
-7
34
22
5
-48
7
88
67
19
26
75
98
74
40
98
89
9
-17
-23
29
11
-21
-2
-73
-70
-86
-96
3
31
20
-34
-61
-47
7
65
20
0
21
44
39
33
70
56
5
-14
1
25
46
-4
-43
-5
36
10
-57
-59
-26
27
13
-25
-17
-6
25
9
-1
10
26
54
24
-11
8
71
60
4
-31
-27
-3
1
-10
-37
-10
-38
-51
-42
-68
-28
2
5
-86
-110
-4
24
15
-23
4
41
-4
41
35
9
50
1
-8
-3
-18
24
35
13
-15
-44
-32
-13
-16
-17
-7
5
-1
0
4
-1
22
18
32
32
19
61
27
-22
-6
7
-5
-8
6
-18
-29
-11
-7
-7
-6
8
-30
-57
-2
16
7
-16
-26
11
16
12
33
49
17
13
49
56
53
49
41
53
57
9
19
28
11
28
18
27
-24
-45
1
3
16
4
-28
-44
1
47
38
17
-22
-21
18
-1
-44
-26
-20
-31
-4
16
-15
-56
-44
-22
8
-3
-31
-51
-57
21
41
28
-2
-52
-10
10
6
0
0
16
-3
-14
-13
-21
-17
7
-1
-35
-40
-7
-3
-49
-58
-34
-21
-4
-18
-40
5
77
82
26
2
27
47
69
90
54
-4
-9
24
41
-9
-70
-73
-25
21
24
-6
-40
-28
-38
-56
-19
-14
-6
3
15
41
57
92
45
28
84
54
84
98
79
102
42
20
44
53
31
-47
-56
-4
-17
-50
-39
-59
-67
-34
-34
-45
-49
-53
-64
-44
-12
5
29
22
32
55
24
5
17
38
40
27
30
4
-1
13
-9
-14
-48
-89
-5
33
-18
-9
-47
-59
6
6
14
9
4
40
43
63
47
-9
14
74
58
16
35
2
-20
22
-42
-55
-3
-52
-77
-74
-56
-8
2
-20
-40
-34
-33
-37
-36
-24
17
28
18
7
-31
-26
38
31
-6
7
-8
-8
-6
-16
-23
-17
14
-36
-62
11
31
21
31
8
21
52
24
35
33
22
36
23
31
29
33
37
10
-20
4
3
-33
-18
-29
-25
5
13
12
22
23
-10
13
40
33
41
55
32
6
23
32
55
28
-3
25
-2
-41
-43
-22
-9
-29
-72
-101
-72
-19
-3
-23
-34
-16
1
18
19
20
43
64
62
39
66
79
55
17
-7
48
12
-46
-34
-47
-39
-42
-51
-63
-67
-70
-84
-46
-24
-27
-7
-17
-16
21
19
37
46
43
47
22
59
63
46
35
12
-2
-18
-6
-58
-36
-9
-34
-18
-43
-6
-9
-32
3
34
67
31
33
59
58
96
96
55
61
69
61
43
-17
-10
42
-11
-79
-73
-85
-71
-28
-93
-110
-49
-12
14
-39
-95
-57
29
96
72
31
32
58
104
97
72
67
42
32
39
49
29
-19
-27
-31
-9
8
-62
-109
-91
-55
-31
-49
-35
-15
-9
-9
-25
-15
-2
42
31
10
9
2
38
2
-19
-24
-12
4
-26
-22
-44
-16
-4
-32
-40
-87
-42
-1
-3
34
18
18
17
-24
-8
43
70
40
4
-13
-14
22
31
-11
-33
-23
-27
-15
-3
-24
7
15
4
19
-10
-6
-7
-1
27
30
53
28
12
16
23
61
36
17
13
22
11
-17
26
4
-12
33
-2
-23
-26
-26
11
18
-24
-49
23
36
-23
-3
-3
32
60
52
87
48
39
78
46
19
38
46
18
23
25
13
-18
-40
-48
-61
-21
-46
-66
-48
-82
-61
-54
-48
-11
-40
-54
-23
13
23
23
35
-4
5
56
22
4
11
1
4
-1
-38
-66
-31
-25
-22
-37
-50
-21
-51
-27
-23
-18
4
-3
7
-30
3
56
88
41
19
58
15
45
34
5
29
33
32
-10
-9
14
35
33
0
-29
-9
24
-5
4
44
34
30
29
35
51
46
30
45
69
61
48
-6
-41
-28
-40
-2
2
-15
-31
-56
-44
-27
2
29
4
-40
-39
-22
21
71
27
6
52
36
24
-103
12
51
1
97
33
-48
-60
-35
-75
-41
-60
-96
-34
-38
-49
-33
-8
-74
-44
-6
14
6
35
52
27
8
15
62
77
40
-18
16
37
-6
17
-35
-41
-24
-4
-8
-48
-28
-45
-27
-45
-29
8
13
25
-51
-31
11
17
20
7
49
11
3
22
2
39
12
-11
28
38
59
39
8
16
33
22
-23
-10
37
8
-6
19
-20
29
58
-16
4
29
-6
-39
7
3
-24
40
2
-43
5
10
-19
-1
9
-4
29
15
-35
-16
28
27
-18
-46
-16
33
30
-5
-17
12
26
-2
-12
3
4
1
23
1
-14
-10
-13
6
8
20
3
-16
-8
1
13
-10
-4
3
-5
11
28
13
-29
-16
-22
-43
2
-8
-81
-61
6
-4
-21
-43
-64
-28
-9
-39
-36
-23
-26
2
18
38
13
-1
28
6
30
19
8
64
42
-3
11
36
42
46
9
2
40
22
-3
-19
-27
-1
28
10
14
41
28
0
-30
16
81
72
30
-12
14
65
59
42
2
-24
6
-8
-26
-10
-11
7
-1
-48
-28
2
2
-10
-12
-13
-25
9
24
25
34
32
50
20
13
14
4
38
21
18
-6
-39
-17
-61
-34
-24
-63
-23
-38
-21
-33
-64
-26
-31
-8
-4
5
16
-15
-19
2
18
11
8
5
8
12
10
25
10
-26
-17
-10
-31
-23
-19
-32
-4
22
18
0
-26
-43
-12
43
46
5
-3
11
13
34
34
-3
0
22
2
-3
5
-9
27
54
-25
-70
-19
-2
1
26
0
-3
36
28
26
30
0
-7
25
32
3
