-6
-9
-11
-13
-7
4
6
9
9
-1
1
5
9
7
0
-9
2
3
-1
5
2
8
11
-1
-10
2
3
12
12
11
17
20
11
14
12
3
8
7
6
6
3
-2
6
8
6
6
6
5
5
7
5
1
4
6
2
-3
2
4
1
1
4
10
7
2
0
-6
1
4
-1
10
8
5
0
-6
6
3
-1
-6
-10
0
-5
2
9
1
-6
8
19
13
6
3
3
1
5
4
1
8
7
8
9
7
-2
-2
4
-5
-7
5
27
25
13
8
0
-5
-6
-1
-2
-4
4
7
2
-1
4
0
-5
-6
-11
-12
-4
1
-3
-8
4
3
-8
-3
-4
-8
1
2
1
-7
-4
-4
-10
-4
-6
-13
-4
4
2
2
4
11
9
-4
-6
-4
-1
-7
-15
-9
-6
-5
-5
-5
-6
-7
-5
-4
-1
-2
-11
-12
-1
-14
-15
-6
-11
-9
-18
-9
1
-3
-5
-13
-15
-23
-10
-5
-6
-10
-18
-6
-1
0
4
5
18
24
24
19
13
5
7
5
-1
6
9
2
1
3
1
-4
0
-3
-1
1
2
9
-6
-3
1
3
0
-20
-16
-13
-11
-7
-6
-2
-8
-5
-11
-21
-17
-18
-7
2
3
4
3
15
14
5
7
11
17
17
2
6
4
-7
3
10
0
0
6
16
6
-13
-6
5
-1
-1
-2
-8
-7
2
10
3
-5
-8
-5
3
7
10
15
16
11
9
7
6
6
4
6
2
2
2
-11
-4
0
-4
1
2
3
2
6
4
1
4
7
11
8
10
11
2
14
14
4
12
6
4
12
-1
0
12
19
19
14
11
9
10
10
-8
-15
-7
3
1
4
13
2
1
5
14
10
3
12
0
-8
-5
-1
-2
-6
-12
-17
-6
5
-2
-26
-29
-19
-22
-21
-16
-6
-18
-12
-2
-13
-6
-6
-4
0
-4
2
2
1
-12
-23
-20
-20
-14
-12
-22
-15
-3
-10
-14
-7
-13
-18
-22
-26
-29
-28
-24
-28
-32
-31
-34
-37
-37
-39
-45
-44
-45
-29
-19
-35
-30
-30
-34
-27
-28
-22
-23
-14
-1
-12
-10
-8
-6
-14
-15
-7
-19
-22
-24
-16
-11
-8
-4
-7
-6
-11
-10
-9
-8
-2
2
6
-2
-5
-6
-8
-2
0
6
5
-4
-7
-13
-6
-11
-11
-11
-10
-1
5
11
4
-1
-6
-4
5
9
13
0
-6
-14
-21
-20
-28
-29
-28
-24
-8
2
6
-1
-4
1
2
0
4
11
19
17
8
-1
4
18
25
20
19
28
28
22
24
21
20
25
30
31
24
26
34
32
31
31
28
33
35
35
35
28
39
35
27
31
28
37
36
36
38
43
42
37
33
37
36
22
30
30
23
22
30
26
16
25
7
0
1
-10
3
5
11
16
10
19
23
21
31
31
23
11
20
35
18
15
22
19
23
17
11
23
17
22
26
9
9
21
21
3
1
3
7
11
8
9
-10
-1
2
-15
-5
2
-1
-3
5
4
5
9
4
-3
-12
5
18
6
2
-1
0
-6
-10
-15
-20
-16
-6
-2
-6
-5
-8
-16
-18
-22
-19
-9
-3
3
2
-6
-10
-12
4
9
-3
-5
0
4
-1
-5
-1
2
-5
-4
3
2
13
7
0
-1
-8
2
7
6
3
6
8
8
7
4
11
2
-5
2
-2
-15
-2
4
-2
12
9
-2
-11
-16
-8
-10
-1
-3
-13
-12
-15
-19
-16
-9
-11
-10
7
7
-4
-8
-12
-9
-15
-22
-11
-9
-1
-5
-13
0
-4
-6
4
-2
-7
-2
3
1
4
1
-10
-4
3
1
3
11
5
-2
8
-1
-6
7
-6
-12
1
11
11
9
16
5
-11
4
3
-2
5
6
1
-3
-4
-7
-9
-18
-19
-3
7
-18
-1
2
6
6
4
5
-9
-6
-13
-18
-28
-20
-9
-18
-13
-3
10
-6
0
5
11
9
19
26
21
21
23
20
15
11
17
25
14
7
26
22
7
13
2
-7
5
12
2
-1
6
-1
-7
-5
-4
-4
-3
-9
-11
-8
-10
4
4
-8
5
6
7
10
15
11
0
8
-3
-12
-10
-14
-15
-10
-10
-14
-20
-13
-9
-27
-31
-30
-25
-19
-20
-5
-14
-19
-11
-11
2
5
5
2
-12
-20
-18
-16
-25
-23
-17
-4
14
4
-2
-1
-6
1
-6
-11
-5
3
17
22
22
28
23
5
4
7
-1
-10
-2
2
-6
5
15
5
-9
-4
-8
-16
-3
-4
0
3
2
5
-1
-5
-4
5
4
10
26
22
13
20
22
25
28
10
29
25
15
23
20
39
23
17
20
13
26
8
-4
6
10
5
11
26
17
-1
18
24
-2
10
14
26
43
27
26
11
12
19
14
10
2
4
1
-6
-16
-11
-3
7
0
-8
7
-5
-5
-9
-10
-7
5
-5
-12
-11
2
2
3
-1
2
1
9
19
10
5
13
20
12
-5
-3
15
25
10
8
4
-2
4
-6
10
10
-9
3
14
6
8
-1
23
24
22
28
31
33
25
17
18
29
34
39
44
37
31
23
18
17
18
19
28
23
17
17
18
15
1
5
11
5
8
5
5
-1
2
7
-20
1
6
0
-20
-13
-2
-10
-18
-5
-2
-18
-5
5
0
12
7
-11
-13
-10
-15
-12
-11
-14
-14
-14
-20
-29
-27
-22
-21
-15
-13
-20
-18
-9
-1
-5
-8
4
9
-4
-7
-3
-3
-4
-11
-22
-21
-14
-16
-20
-26
-29
-21
-19
-29
-30
-28
-25
-20
-24
-30
-26
-22
-28
-39
-47
-37
-29
-29
-23
-18
-14
-7
-14
-31
-30
-19
-14
-7
2
3
3
2
-6
-6
9
19
18
12
8
7
6
9
15
14
0
-3
7
4
10
18
10
13
21
11
5
8
10
8
0
0
14
20
16
14
13
25
34
34
22
15
18
19
10
-1
7
7
15
15
6
19
18
21
24
15
13
14
26
39
46
46
51
56
42
33
31
24
26
36
33
28
18
16
25
26
30
23
28
24
11
15
14
26
30
24
14
17
45
35
21
24
14
25
23
9
11
7
-1
-6
-5
-1
-3
9
5
-10
-16
-11
7
1
-14
-17
-12
-6
-12
-10
-16
-28
-17
-11
-14
-5
1
-8
-12
-11
-15
-16
-14
-18
-16
-7
-6
2
8
-17
-30
-12
-12
-15
-3
-1
0
4
-8
-19
-21
-19
-16
-19
-25
-14
-3
-3
3
5
-13
-22
-15
-12
-11
-11
-15
-19
-18
-13
-13
-18
-16
-19
-24
-20
-21
-25
-18
-18
-24
-28
-35
-40
-35
-37
-31
-25
-33
-33
-31
-37
-37
-21
-29
-32
-34
-39
-31
-25
-16
-18
3
-7
-23
-26
-16
-16
-16
-34
-40
-39
-29
-16
-2
-5
-17
-10
3
4
7
13
6
4
11
-1
-2
8
0
4
12
23
37
23
20
26
18
17
20
30
23
7
3
3
11
22
23
20
19
15
18
25
24
23
14
4
6
4
6
17
11
5
7
12
1
4
-2
4
3
-4
2
-1
3
3
16
-17
0
-2
-9
-22
0
-5
-6
4
7
-6
-12
-14
-26
-34
-22
-20
-13
-6
-20
-30
-15
-7
-9
-14
-29
-33
-19
-18
-20
-7
-10
-22
-24
-26
-27
-24
-20
-23
-22
-17
-25
-23
-17
-20
-15
-19
-8
1
-13
-11
-10
-24
-8
5
-12
-5
13
8
23
26
6
6
18
9
19
21
5
12
9
8
1
-6
-4
-12
-1
13
13
10
10
8
10
14
9
9
14
16
18
12
6
10
7
2
3
16
21
17
21
22
3
-1
8
7
9
23
24
15
12
14
9
-2
2
15
-8
-29
-21
-27
-27
-22
-21
-17
-14
-16
-26
-28
-21
-14
-6
-8
-7
-22
-35
-24
-11
-15
-6
8
16
10
-3
5
16
16
12
21
1
4
21
29
21
15
10
15
12
-3
-5
7
14
24
24
20
10
0
-3
-5
5
11
19
9
22
17
10
-6
-3
-11
-10
-2
4
-4
-9
-9
-22
-29
-28
-28
-32
-22
-21
-12
-13
-17
-10
-13
-21
-24
-21
-10
-1
-7
-8
-15
-23
-18
-15
-15
-18
-20
-12
-7
-12
-14
-7
-2
-4
-2
4
0
-4
-9
-17
-14
-10
-18
-15
-14
-23
-21
-12
-12
-20
-15
-8
-17
-18
-8
-18
-28
-14
-7
-24
-32
-23
-23
-29
-20
-12
-14
-17
-19
-23
-24
-23
-23
-27
-22
-10
-16
-11
-4
-19
-16
-12
-5
0
-11
-9
-11
-13
-10
-16
-11
-13
-8
-11
-22
-3
-2
-15
-5
0
-1
1
-2
-3
4
-2
-10
-9
0
2
4
11
8
16
9
5
25
29
35
51
44
22
14
28
33
28
33
58
52
25
32
40
34
34
30
8
1
26
27
13
26
29
1
3
20
3
10
24
22
24
20
44
52
27
19
33
26
27
34
17
10
6
15
26
23
38
35
26
24
14
24
22
18
17
19
23
2
5
12
2
-2
-9
4
-3
-23
-10
2
-6
2
11
-6
0
15
9
13
10
9
13
12
18
16
10
4
20
18
24
22
23
15
26
30
27
29
22
14
16
4
4
12
14
12
20
17
12
12
14
22
9
4
7
11
1
7
15
13
1
2
9
6
-8
-4
-8
-14
-15
-16
-23
-17
-13
-19
-12
-6
6
2
-9
-29
-9
10
29
25
25
32
32
29
20
15
20
12
23
37
30
28
25
12
15
30
33
26
30
53
47
21
32
34
46
37
38
38
36
40
49
33
38
45
40
25
10
11
16
12
10
5
-1
6
20
23
18
19
24
19
11
15
15
4
-8
-8
-8
-16
-18
-13
-10
-1
13
10
4
3
-6
1
12
-3
-9
1
-5
-5
1
-1
2
-2
-1
3
-12
-2
12
1
0
5
3
-11
-12
-11
-24
-23
-28
-33
-15
-18
-33
-31
-23
-29
-15
1
-19
-11
-11
-19
-7
-7
-2
-13
-20
-20
-10
2
-13
-31
-36
-23
-1
1
-6
-4
-4
2
-4
-13
-8
-11
2
-4
-18
-25
-45
-21
-17
-18
-8
-15
5
-5
-12
-10
-25
5
-2
-23
-9
-4
-3
-21
-20
-15
-27
-17
-16
-25
-26
-17
-19
-28
-24
-25
-33
-17
-17
-31
-19
-25
-32
-23
-26
-22
-30
-44
-26
9
5
-3
2
1
10
10
7
3
0
0
3
3
-14
-23
-22
-21
-16
-5
2
-5
-10
-7
-5
-7
-13
-25
-33
-28
-24
-22
-22
-27
-17
-4
-8
-10
-11
-28
-30
-19
-14
0
22
25
24
32
12
9
20
9
22
28
24
19
-4
0
10
14
11
6
19
18
12
6
-7
-15
-21
-8
-3
9
19
13
18
10
10
16
10
12
10
16
13
11
17
19
34
31
31
32
40
52
38
39
51
61
54
37
36
46
45
34
35
36
40
42
37
52
68
62
66
78
70
57
61
82
70
65
95
57
-13
-35
-9
13
52
195
463
843
1469
2231
2806
3115
2860
2243
1490
402
-370
-584
-532
-322
-84
213
629
1156
1411
1370
1051
362
62
106
218
581
679
712
1021
1422
1994
2317
2097
1597
770
-513
-1885
-3103
-4240
-4866
-4916
-4504
-3617
-2835
-2209
-1868
-2066
-2538
-3269
-4093
-4847
-5375
-5348
-4761
-3822
-2809
-1951
-1313
-796
-553
-657
-977
-1595
-2127
-2304
-2274
-1834
-1142
-433
428
1174
1477
1547
1268
711
353
-191
-654
-693
-699
-390
91
663
1395
1910
2253
2227
1769
1171
492
-38
-347
-302
179
684
1229
1632
1587
1296
897
635
354
-4
-199
-329
-286
-122
11
201
522
632
538
565
793
1133
1180
1029
732
328
-229
-642
-717
-583
169
660
840
811
273
-294
-1198
-1788
-2130
-2392
-2234
-2339
-2384
-2288
-2095
-1571
-1291
-1339
-1612
-2054
-2207
-2162
-2059
-2000
-2019
-1915
-1847
-1511
-1105
-725
-205
-44
211
528
850
1189
1216
1412
1755
2242
2905
3546
4130
4714
5170
5348
5344
5202
5153
5038
4780
4529
4670
5146
5502
5812
5721
5439
4799
3849
3105
2188
1497
973
365
-19
-194
-73
15
-249
-500
-558
-644
-656
-672
-752
-682
-587
-516
-380
-203
20
140
55
138
497
737
848
947
967
943
833
538
160
-227
-635
-1122
-1658
-1935
-1819
-1404
-1046
-1214
-1879
-2816
-3785
-4568
-4976
-5131
-4985
-4495
-3947
-3212
-2535
-2125
-1948
-2146
-2422
-2783
-3198
-3595
-4066
-4348
-4497
-4443
-4107
-3623
-2986
-2514
-2272
-2128
-1920
-1405
-854
-340
133
717
1773
3009
4170
4986
5398
5549
5394
5366
5522
5741
5968
5970
5898
5919
6261
6813
7180
7204
6841
6166
5293
4367
3506
2745
1971
1087
208
-430
-661
-600
-476
-457
-597
-858
-1175
-1480
-1692
-1807
-1953
-2172
-2290
-2055
-1390
-392
741
1762
2558
3186
3607
3675
3411
2944
2311
1532
789
355
241
244
234
285
406
500
470
284
3
-571
-1371
-2303
-3253
-3984
-4582
-4915
-5117
-5199
-4928
-4400
-3638
-3043
-2796
-2921
-3614
-4616
-5643
-6256
-6318
-6068
-5508
-4869
-4273
-3913
-3850
-3846
-4034
-4317
-4741
-5229
-5621
-6013
-5811
-4855
-3536
-2105
-1018
164
1779
3317
4665
5429
5520
5395
5111
4950
5059
5410
5974
6388
6589
6929
7646
8505
9195
9406
9090
8457
7443
6196
4995
3838
2633
1323
90
-736
-1043
-990
-823
-721
-734
-868
-1103
-1403
-1771
-2180
-2628
-3069
-3346
-3241
-2644
-1647
-428
901
2264
3519
4446
4886
4863
4452
3719
2768
1738
814
57
-537
-918
-929
-536
105
670
850
622
-147
-1311
-2735
-4230
-5484
-6602
-7370
-7725
-7577
-6876
-5990
-5059
-4389
-4052
-3986
-4143
-4396
-4793
-5354
-6029
-6614
-6870
-6671
-6124
-5455
-4864
-4460
-4210
-4101
-4195
-4534
-4954
-5053
-4565
-3657
-2719
-1886
-917
433
2067
3639
4867
5662
6064
6201
6265
6430
6717
6966
7042
7025
7169
7662
8419
9151
9602
9669
9357
8741
7949
7099
6190
5075
3652
2098
757
-202
-847
-1254
-1470
-1591
-1711
-1834
-1946
-2106
-2389
-2790
-3214
-3499
-3511
-3193
-2575
-1735
-718
419
1542
2553
3442
4170
4562
4486
4024
3333
2506
1610
745
35
-418
-608
-626
-574
-489
-418
-507
-912
-1665
-2693
-3861
-5025
-6091
-6993
-7552
-7710
-7559
-7207
-6671
-5990
-5377
-4934
-4720
-4749
-4976
-5242
-5504
-5758
-6056
-6431
-6552
-6536
-6260
-5921
-5759
-5618
-5759
-5554
-4887
-3818
-2509
-1610
-798
134
1379
2742
3811
4645
5233
5615
5855
6152
6626
7275
7844
8164
8406
8813
9412
9975
10292
10284
10074
9565
8859
8021
7097
6179
5006
3809
2701
1782
1095
350
-330
-944
-1469
-1907
-2296
-2563
-2829
-3103
-3313
-3406
-3299
-2919
-2408
-1894
-1233
-338
670
1627
2500
3236
3734
3995
4066
3956
3657
3128
2391
1566
760
84
-394
-688
-868
-1018
-1196
-1490
-1892
-2450
-3272
-4308
-5380
-6439
-7327
-7814
-7973
-7857
-7590
-7179
-6669
-6255
-5789
-5485
-5331
-5210
-5312
-5463
-5642
-5862
-6006
-6050
-5992
-5949
-5991
-6003
-6195
-6246
-5701
-4674
-3180
-1948
-964
191
1381
2858
4053
4816
5413
5776
5942
6028
6330
6822
7434
7949
8369
8891
9564
10286
10746
10921
10949
10788
10169
9239
8159
7053
5905
4594
3445
2420
1525
686
-106
-555
-859
-1155
-1576
-2099
-2582
-3007
-3286
-3456
-3545
-3489
-3224
-2774
-2083
-1038
222
1372
2261
3027
3707
4211
4508
4584
4362
3851
3213
2547
1893
1286
704
153
-271
-555
-766
-945
-1184
-1663
-2377
-3225
-4222
-5340
-6397
-7302
-8036
-8496
-8548
-8240
-7762
-7206
-6615
-6086
-5669
-5418
-5344
-5367
-5562
-5888
-6268
-6683
-6929
-7088
-7162
-7103
-7171
-7182
-6716
-5834
-4409
-2785
-1666
-417
828
2038
3384
4119
4720
5291
5643
5930
6165
6541
7016
7674
8280
8865
9544
10155
10624
10840
11018
11101
10777
9969
8906
7835
6766
5658
4510
3392
2322
1335
529
-11
-346
-676
-1134
-1709
-2248
-2611
-2797
-2929
-3080
-3199
-3179
-2918
-2401
-1607
-639
349
1220
1983
2675
3309
3792
4021
4092
3938
3649
3186
2551
1948
1241
605
-5
-564
-956
-1375
-1717
-2074
-2464
-2950
-3661
-4557
-5566
-6521
-7324
-7920
-8327
-8480
-8365
-8065
-7599
-7083
-6593
-6146
-5831
-5593
-5333
-5240
-5312
-5549
-5908
-6189
-6510
-6794
-7014
-7216
-7299
-6919
-5992
-4588
-3009
-1778
-424
1018
2472
3909
4818
5551
6067
6325
6403
6400
6583
6935
7447
7903
8447
9059
9594
10145
10653
11130
11412
11207
10514
9556
8492
7436
6322
5038
3670
2265
1008
102
-492
-831
-1150
-1544
-1872
-2053
-2080
-2061
-2100
-2264
-2366
-2433
-2431
-2192
-1853
-1234
-520
202
975
1668
2457
3134
3657
4032
4103
3979
3651
3115
2481
1772
963
113
-735
-1491
-2048
-2429
-2671
-2864
-3112
-3522
-4121
-4832
-5576
-6349
-7157
-7918
-8494
-8810
-8849
-8660
-8224
-7604
-6957
-6355
-5884
-5508
-5241
-5113
-5113
-5205
-5419
-5675
-5991
-6378
-6661
-7056
-7061
-6521
-5548
-4049
-2822
-1476
107
1695
3345
4579
5564
6418
6989
7110
7032
6936
6966
7209
7373
7565
7871
8294
8852
9675
10447
11080
11348
10953
10484
9775
9032
8132
6745
5250
3531
1954
632
-450
-1187
-1782
-2209
-2442
-2426
-2172
-1793
-1467
-1249
-1096
-987
-908
-894
-840
-684
-463
-249
-7
390
966
1628
2271
2851
3318
3583
3627
3508
3267
2844
2164
1244
209
-844
-1862
-2775
-3521
-4060
-4442
-4715
-4926
-5062
-5210
-5484
-5896
-6359
-6806
-7219
-7533
-7719
-7718
-7637
-7506
-7370
-7153
-6738
-6386
-5951
-5534
-5274
-5148
-5114
-5255
-5656
-5951
-6522
-6866
-6623
-6076
-4946
-3927
-2751
-1107
495
2201
3736
4966
6202
7088
7450
7661
7648
7726
7950
7905
7815
7797
7757
7968
8494
8914
9570
9952
9761
9767
9511
9199
8704
7631
6383
4842
3230
1785
421
-822
-1749
-2594
-3301
-3565
-3643
-3317
-2774
-2297
-1613
-1004
-630
-262
43
357
683
745
642
563
600
844
1192
1559
1905
2235
2608
2973
3244
3349
3219
2850
2240
1383
318
-891
-2157
-3361
-4415
-5285
-5957
-6431
-6676
-6682
-6508
-6306
-6223
-6302
-6487
-6704
-6872
-6955
-7088
-7219
-7212
-7123
-6922
-6674
-6489
-6366
-6197
-5917
-5640
-5515
-5405
-5418
-5742
-5751
-5543
-4950
-4035
-3461
-2458
-1182
166
1740
3044
4396
5787
6806
7414
7811
8098
8434
8739
8614
8427
8246
7973
8058
8259
8501
8876
8826
8656
8633
8454
8320
7932
7082
6168
4984
3640
2431
1088
-100
-1148
-2296
-3093
-3619
-3896
-3657
-3293
-2723
-1907
-1308
-660
11
591
1266
1629
1709
1721
1652
1645
1694
1696
1686
1684
1604
1617
1766
1938
2152
2213
2103
1864
1416
783
-12
-953
-2016
-3205
-4459
-5583
-6419
-6855
-6980
-6928
-6793
-6650
-6487
-6294
-6064
-5864
-5759
-5842
-6027
-6201
-6317
-6346
-6381
-6321
-6236
-6099
-5990
-5950
-5855
-5841
-5867
-6080
-6005
-5568
-4810
-3768
-3050
-2130
-1029
140
1516
2731
3885
5053
5959
6433
6907
7286
7675
8146
8137
8128
8162
8043
8203
8433
8638
8899
8792
8550
8421
8138
7911
7517
6774
5979
4874
3623
2541
1390
390
-519
-1608
-2441
-3084
-3505
-3442
-3293
-2951
-2437
-1998
-1407
-682
50
788
1325
1546
1697
1737
1693
1725
1635
1552
1510
1399
1436
1569
1703
1856
1865
1717
1478
1104
653
97
-633
-1523
-2553
-3626
-4624
-5487
-6124
-6552
-6795
-6878
-6854
-6770
-6684
-6639
-6635
-6663
-6685
-6632
-6505
-6277
-6015
-5867
-5744
-5659
-5546
-5437
-5428
-5439
-5590
-5757
-6033
-6330
-6145
-5649
-4832
-3830
-3003
-1885
-551
773
2222
3473
4593
5717
6437
6885
7328
7565
7881
8110
7892
7805
7685
7552
7872
8064
8309
8631
8514
8518
8550
8382
8297
7827
6989
6155
4968
3759
2696
1385
313
-822
-1997
-2692
-3350
-3573
-3374
-3138
-2574
-1965
-1386
-623
65
675
1253
1547
1624
1587
1492
1423
1272
1076
927
826
794
834
1007
1289
1495
1530
1445
1315
1125
766
202
-584
-1562
-2613
-3663
-4671
-5543
-6233
-6663
-6836
-6810
-6660
-6514
-6309
-6128
-6077
-5938
-5851
-5955
-5916
-5856
-5898
-5816
-5783
-5681
-5521
-5482
-5372
-5314
-5312
-5349
-5463
-5713
-5623
-5237
-4747
-3857
-3204
-2235
-887
223
1582
2880
4001
5227
6171
6584
7156
7503
7749
8229
8061
7967
7830
7565
7799
7898
7963
8174
8071
7890
7954
7852
7790
7531
6812
6225
5291
4230
3354
2132
1078
123
-1115
-2081
-2862
-3421
-3435
-3408
-3262
-2830
-2353
-1643
-822
-66
714
1315
1711
1998
2140
2192
2116
1902
1632
1306
1000
772
612
532
498
487
519
571
649
697
627
354
-187
-952
-1892
-2925
-3964
-4952
-5840
-6533
-7005
-7228
-7238
-7173
-6968
-6710
-6385
-5951
-5555
-5052
-4624
-4362
-4200
-4264
-4336
-4491
-4713
-4850
-5088
-5287
-5493
-5741
-5927
-6100
-5979
-5536
-4800
-3899
-3068
-1951
-626
667
2048
3258
4354
5452
6173
6569
6927
7153
7380
7570
7414
7258
7095
6955
7156
7257
7435
7780
7749
7738
7822
7757
7771
7450
6791
6180
5170
4024
3079
1872
708
-388
-1654
-2598
-3303
-3744
-3721
-3605
-3361
-2817
-2186
-1468
-558
230
931
1543
1805
1979
2109
2070
1960
1703
1357
1061
803
592
461
437
521
606
665
716
748
753
652
373
-123
-848
-1747
-2728
-3723
-4701
-5630
-6436
-7058
-7420
-7528
-7405
-7129
-6772
-6329
-5855
-5381
-4957
-4578
-4243
-3964
-3853
-3860
-3919
-4072
-4191
-4552
-4893
-5191
-5564
-5770
-6109
-6041
-5562
-4872
-3961
-3189
-2135
-846
460
1788
3030
4175
5287
6106
6526
6992
7263
7439
7678
7506
7314
7178
6921
7031
7126
7138
7479
7468
7383
7583
7510
7515
7378
6822
6328
5455
4373
3533
2412
1261
194
-1088
-2159
-3037
-3735
-3957
-3968
-3782
-3319
-2743
-1976
-1080
-194
655
1334
1829
2187
2418
2545
2518
2303
1925
1420
896
446
108
-106
-212
-227
-140
34
257
454
556
484
219
-224
-847
-1636
-2558
-3594
-4722
-5778
-6624
-7245
-7605
-7705
-7662
-7480
-7078
-6536
-5937
-5305
-4620
-4098
-3814
-3559
-3451
-3442
-3522
-3774
-4118
-4473
-4903
-5341
-5640
-6108
-6287
-6024
-5597
-4772
-3959
-3068
-1774
-374
1039
2480
3711
4899
6045
6593
7061
7484
7566
7781
7723
7328
7058
6714
6551
6648
6605
6807
7008
6916
7053
7215
7374
7466
7187
6794
6185
5222
4286
3302
2103
934
-422
-1810
-2930
-3906
-4413
-4679
-4834
-4519
-4042
-3307
-2195
-1117
85
1232
1994
2685
3147
3309
3395
3168
2694
2146
1465
840
349
-46
-300
-442
-448
-288
5
397
756
979
1010
801
339
-376
-1371
-2574
-3883
-5155
-6280
-7188
-7828
-8199
-8321
-8204
-7857
-7308
-6582
-5771
-4956
-4205
-3622
-3187
-2987
-2899
-2892
-3093
-3427
-3938
-4470
-4933
-5346
-5758
-6170
-6250
-6044
-5528
-4677
-3850
-2739
-1324
2
1474
2881
4087
5414
6312
6794
7294
7479
7618
7742
7428
7125
6807
6374
6329
6297
6254
6506
6521
6567
6864
6964
7118
7149
6833
6506
5821
4902
4067
2937
1768
506
-978
-2236
-3387
-4223
-4618
-4912
-4901
-4511
-3943
-3053
-1941
-892
255
1281
2033
2743
3225
3522
3700
3573
3229
2756
2182
1612
1059
534
83
-265
-456
-475
-316
-47
187
356
457
417
179
-263
-959
-1944
-3131
-4359
-5513
-6587
-7452
-8027
-8303
-8311
-8028
-7479
-6741
-5860
-5011
-4228
-3632
-3183
-2825
-2635
-2501
-2623
-2925
-3361
-3880
-4302
-4787
-5261
-5815
-6175
-6104
-5819
-5137
-4310
-3427
-2148
-858
462
2008
3398
4717
5912
6562
7087
7578
7762
8021
7942
7484
7199
6709
6354
6295
6076
6140
6239
6113
6290
6463
6631
6932
6784
6433
5995
5143
4306
3381
2203
1102
-246
-1702
-2827
-3855
-4539
-4859
-5121
-4942
-4435
-3755
-2651
-1495
-325
887
1774
2569
3296
3753
4096
4071
3710
3213
2501
1762
1052
412
-121
-568
-873
-1004
-838
-526
-162
191
424
555
475
139
-455
-1325
-2386
-3555
-4776
-5887
-6851
-7651
-8120
-8315
-8261
-7892
-7395
-6705
-5837
-4990
-4174
-3492
-2950
-2485
-2155
-2077
-2214
-2562
-3069
-3573
-4197
-4820
-5440
-6048
-6257
-6172
-5727
-4925
-4055
-2820
-1353
71
1704
3270
4677
6101
7011
7592
8212
8397
8504
8480
7866
7395
6846
6221
6095
5812
5677
5824
5762
5927
6144
6401
6716
6684
6511
6211
5570
4747
3905
2854
1719
461
-994
-2214
-3343
-4225
-4660
-5029
-5087
-4697
-4094
-3134
-1943
-759
460
1510
2308
2967
3475
3837
3947
3755
3337
2774
2170
1553
898
266
-297
-744
-1002
-1040
-865
-543
-181
143
368
456
348
-8
-644
-1556
-2692
-3938
-5169
-6279
-7225
-7948
-8376
-8477
-8287
-7884
-7328
-6625
-5834
-5055
-4328
-3696
-3176
-2804
-2652
-2678
-2855
-3179
-3576
-4072
-4618
-5201
-5815
-6160
-6172
-5838
-5134
-4376
-3405
-2081
-735
820
2425
3803
5326
6458
7129
7814
8161
8416
8591
8228
7693
7251
6607
6186
6012
5631
5636
5580
5368
5637
5757
5970
6273
6084
5899
5515
4832
4283
3419
2377
1300
-163
-1436
-2567
-3726
-4343
-4903
-5251
-5022
-4727
-3917
-2788
-1688
-408
724
1712
2654
3440
4031
4452
4498
4237
3835
3160
2537
1870
1075
400
-351
-935
-1138
-1201
-952
-538
-281
32
240
255
202
-221
-993
-1943
-3129
-4346
-5442
-6398
-7208
-7932
-8439
-8537
-8250
-7689
-7010
-6223
-5359
-4571
-3857
-3203
-2626
-2220
-2046
-2049
-2236
-2614
-3080
-3613
-4168
-4767
-5490
-5876
-5892
-5630
-4970
-4269
-3289
-2013
-717
698
2278
3739
5173
6412
6977
7676
8116
8266
8494
8041
7579
7075
6373
6051
5744
5377
5381
5347
5143
5336
5454
5746
6089
5882
5793
5438
4758
4291
3530
2592
1575
193
-1063
-2234
-3359
-4035
-4666
-5042
-4955
-4684
-3934
-2944
-1848
-480
644
1599
2562
3213
3879
4286
4278
4163
3660
3155
2579
1794
1121
315
-346
-824
-1188
-1244
-1083
-782
-455
-123
220
467
460
176
-437
-1414
-2606
-3868
-5078
-6158
-7078
-7794
-8269
-8454
-8310
-7899
-7319
-6570
-5738
-4955
-4230
-3585
-3010
-2573
-2393
-2374
-2571
-2894
-3187
-3648
-4150
-4590
-5207
-5643
-5688
-5541
-4942
-4227
-3461
-2286
-975
464
1976
3454
4865
6097
6838
7444
8023
8208
8472
8253
7707
7289
6602
6142
5813
5484
5334
5262
5088
5100
5276
5450
5795
5746
5663
5490
4858
4483
3835
2921
2043
713
-497
-1574
-2707
-3521
-4175
-4694
-4808
-4590
-4161
-3309
-2292
-1096
189
1122
2138
3081
3824
4475
4649
4537
4246
3746
3140
2450
1769
1007
254
-376
-860
-1042
-1022
-841
-530
-195
140
405
549
464
57
-710
-1804
-3093
-4431
-5656
-6685
-7475
-8016
-8326
-8379
-8137
-7638
-6946
-6207
-5496
-4820
-4241
-3666
-3086
-2709
-2520
-2571
-2788
-3011
-3437
-3925
-4364
-4978
-5605
-5855
-5813
-5487
-4806
-4148
-3218
-1917
-623
952
2535
3931
5352
6317
6973
7681
8046
8294
8325
7793
7327
6778
6135
5854
5367
4951
4924
4621
4504
4681
4854
5398
5631
5492
5483
5072
4611
4226
3427
2509
1436
119
-1052
-2186
-3258
-3952
-4580
-4989
-4937
-4647
-3915
-2862
-1747
-532
610
1663
2676
3543
4202
4570
4621
4446
4092
3625
3053
2345
1541
686
-122
-747
-1124
-1237
-1143
-924
-634
-301
31
297
420
263
-307
-1230
-2311
-3463
-4640
-5756
-6727
-7596
-8301
-8660
-8629
-8335
-7815
-7057
-6205
-5380
-4586
-3771
-3081
-2593
-2253
-2191
-2276
-2474
-2758
-3143
-3673
-4341
-5109
-5516
-5699
-5574
-5078
-4579
-3710
-2490
-1223
329
2050
3521
5123
6402
7048
7917
8471
8734
8901
8424
7854
7250
6439
5957
5530
4984
4813
4514
4257
4418
4505
4881
5211
5161
5281
5094
4654
4405
3804
2956
1979
674
-510
-1662
-2801
-3615
-4359
-4984
-5213
-5071
-4550
-3604
-2505
-1312
-98
957
2044
2995
3781
4409
4650
4701
4519
4115
3691
3090
2359
1571
643
-148
-780
-1229
-1349
-1382
-1241
-993
-729
-342
-68
49
-122
-706
-1567
-2636
-3752
-4855
-5959
-7022
-7963
-8682
-9077
-9083
-8770
-8185
-7464
-6705
-5885
-5044
-4147
-3358
-2727
-2275
-2045
-1964
-2085
-2348
-2850
-3434
-4219
-5004
-5337
-5529
-5264
-4734
-4207
-3175
-1952
-644
1072
2716
4232
5810
6795
7616
8476
8825
9162
9102
8442
7895
7122
6304
5824
5180
4704
4424
3923
3787
3931
4125
4631
4912
4953
5071
4881
4618
4348
3688
2925
1928
654
-456
-1620
-2697
-3519
-4352
-4856
-4992
-4856
-4175
-3278
-2234
-963
190
1373
2561
3595
4528
5095
5325
5300
5046
4598
3936
3151
2215
1213
206
-674
-1266
-1604
-1712
-1623
-1365
-1018
-613
-207
52
141
-66
-646
-1463
-2514
-3751
-4999
-6285
-7530
-8488
-9107
-9342
-9185
-8769
-8084
-7245
-6335
-5429
-4474
-3517
-2802
-2219
-1899
-1767
-1865
-2155
-2565
-3172
-3887
-4791
-5210
-5415
-5430
-4926
-4473
-3611
-2429
-1102
468
2119
3762
5384
6601
7462
8464
8962
9297
9313
8707
8143
7316
6504
5917
5208
4542
4244
3838
3538
3740
3865
4343
4712
4719
4946
4812
4642
4473
3864
3190
2191
961
-176
-1388
-2515
-3446
-4279
-4945
-5214
-5214
-4830
-3987
-3023
-1831
-531
710
2031
3281
4295
4998
5338
5400
5255
4880
4309
3608
2808
1875
878
26
-652
-1195
-1528
-1624
-1562
-1366
-980
-483
-98
55
-44
-468
-1236
-2221
-3321
-4550
-5859
-7110
-8198
-9008
-9475
-9567
-9319
-8805
-8093
-7223
-6190
-5112
-4096
-3190
-2470
-2021
-1739
-1591
-1709
-1995
-2524
-3214
-4066
-4877
-5231
-5378
-5228
-4864
-4283
-3287
-2035
-510
1149
2807
4452
5909
6928
7908
8713
9058
9329
9051
8409
7762
6922
6203
5522
4825
4343
3903
3511
3508
3671
4004
4472
4634
4828
4963
4807
4686
4333
3739
2952
1785
631
-516
-1761
-2776
-3667
-4610
-5164
-5355
-5238
-4569
-3745
-2665
-1389
-179
1131
2425
3685
4696
5329
5619
5660
5428
4987
4400
3577
2717
1697
725
-79
-783
-1225
-1551
-1652
-1549
-1303
-900
-507
-219
-148
-334
-781
-1449
-2339
-3426
-4668
-6030
-7359
-8502
-9326
-9733
-9748
-9413
-8805
-7994
-7038
-5950
-4857
-3820
-2884
-2214
-1715
-1526
-1554
-1714
-2179
-2709
-3481
-4283
-4752
-5111
-5107
-4856
-4508
-3708
-2630
-1397
173
1823
3423
5070
6284
7253
8269
8792
9247
9295
8699
8246
7410
6490
5833
4951
4330
3916
3312
3124
3249
3393
3929
4222
4308
4624
4624
4603
4539
4010
3405
2510
1273
169
-989
-2111
-3055
-4098
-4857
-5236
-5395
-4983
-4252
-3315
-2048
-830
478
1903
3203
4344
5182
5640
5796
5732
5368
4805
4077
3133
2149
1143
208
-560
-1206
-1677
-1922
-1913
-1656
-1274
-864
-495
-288
-310
-561
-1111
-1849
-2743
-3885
-5178
-6520
-7723
-8717
-9338
-9681
-9722
-9330
-8816
-7991
-7006
-5995
-4907
-3992
-3179
-2502
-2038
-1771
-1665
-1876
-2235
-2835
-3636
-4109
-4536
-4661
-4533
-4377
-3690
-2683
-1527
16
1617
3162
4821
5983
7089
8231
8876
9497
9583
9236
8858
8099
7336
6668
5752
4950
4402
3661
3265
3161
3161
3574
3697
3798
4130
4135
4206
4238
3833
3329
2544
1520
595
-493
-1544
-2502
-3563
-4354
-4867
-5085
-4797
-4239
-3389
-2297
-1184
126
1523
2856
4115
5012
5586
5946
5931
5706
5184
4393
3563
2495
1384
327
-619
-1290
-1862
-2267
-2410
-2281
-1963
-1513
-1077
-710
-464
-578
-876
-1502
-2433
-3524
-4902
-6245
-7497
-8607
-9311
-9721
-9775
-9458
-8943
-8106
-7068
-5995
-4836
-3848
-3008
-2251
-1774
-1435
-1308
-1539
-2011
-2712
-3413
-3943
-4297
-4384
-4388
-4131
-3408
-2565
-1384
150
1577
3258
4859
6004
7334
8443
9141
9721
9714
9349
8891
8057
7264
6514
5490
4757
4054
3220
2927
2760
2762
3067
3118
3333
3599
3646
3843
3780
3445
3051
2268
1359
479
-624
-1620
-2572
-3652
-4337
-4827
-5046
-4673
-4169
-3328
-2169
-1067
331
1805
3094
4349
5205
5719
6085
6024
5740
5257
4407
3486
2385
1211
228
-746
-1509
-2068
-2467
-2547
-2430
-2121
-1694
-1304
-1058
-945
-1065
-1407
-1924
-2751
-3756
-4908
-6169
-7275
-8193
-8895
-9221
-9233
-8948
-8364
-7651
-6747
-5805
-4861
-3964
-3195
-2482
-2001
-1663
-1594
-1763
-2165
-2718
-3104
-3465
-3630
-3698
-3670
-3247
-2604
-1710
-476
866
2299
3827
5061
6310
7536
8381
9209
9538
9372
9207
8613
7935
7333
6364
5561
4791
3790
3220
2827
2572
2718
2665
2640
2857
2855
2999
3155
2947
2737
2238
1446
788
-98
-1029
-1800
-2751
-3492
-4029
-4422
-4296
-3985
-3443
-2584
-1692
-589
691
1910
3139
4206
4875
5424
5727
5640
5423
4927
4184
3299
2216
1133
127
-824
-1620
-2253
-2706
-2908
-2843
-2564
-2212
-1864
-1561
-1430
-1520
-1824
-2373
-3150
-4111
-5164
-6212
-7155
-7903
-8416
-8685
-8703
-8521
-8145
-7563
-6792
-5876
-4939
-4037
-3204
-2536
-2012
-1652
-1528
-1688
-2139
-2581
-2910
-3250
-3355
-3330
-3282
-2829
-2142
-1283
-70
1136
2466
3857
4994
6219
7367
8208
8871
9126
9021
8765
8230
7608
6958
6070
5337
4561
3667
3146
2716
2514
2531
2343
2396
2561
2568
2777
2827
2629
2443
1942
1320
739
-34
-768
-1571
-2425
-3052
-3623
-3887
-3812
-3573
-3001
-2278
-1431
-370
793
1936
3024
3896
4504
5005
5237
5183
4961
4442
3684
2796
1796
810
-104
-963
-1700
-2314
-2738
-2879
-2798
-2544
-2206
-1907
-1679
-1601
-1747
-2025
-2480
-3161
-3942
-4826
-5757
-6549
-7229
-7765
-8048
-8143
-8010
-7579
-6936
-6133
-5220
-4318
-3472
-2731
-2154
-1737
-1499
-1494
-1705
-2052
-2400
-2697
-2931
-3028
-3042
-2910
-2461
-1816
-956
165
1366
2677
3921
4988
6148
7180
7950
8562
8755
8694
8444
7878
7344
6692
5826
5110
4328
3571
3081
2668
2503
2449
2284
2298
2372
2431
2582
2585
2455
2205
1696
1117
521
-155
-845
-1578
-2310
-2917
-3364
-3545
-3443
-3148
-2623
-1911
-1065
-54
1025
2073
3065
3830
4361
4774
4940
4825
4553
4049
3304
2427
1470
526
-353
-1147
-1810
-2346
-2710
-2845
-2793
-2621
-2408
-2193
-2008
-1904
-1921
-2085
-2432
-2960
-3660
-4468
-5300
-6072
-6712
-7186
-7472
-7519
-7324
-6900
-6280
-5542
-4772
-4056
-3357
-2685
-2143
-1715
-1432
-1350
-1469
-1830
-2211
-2497
-2769
-2852
-2866
-2846
-2444
-1875
-1152
-71
995
2179
3456
4481
5573
6623
7400
8004
8253
8176
7997
7549
7007
6494
5686
4969
4296
3462
2997
2658
2372
2356
2249
2216
2345
2386
2503
2563
2450
2272
1867
1402
948
323
-281
-956
-1669
-2193
-2679
-2913
-2907
-2741
-2292
-1728
-988
-117
795
1743
2582
3266
3772
4101
4253
4218
3961
3504
2877
2114
1262
387
-441
-1201
-1854
-2404
-2785
-2947
-2910
-2717
-2470
-2219
-2055
-1951
-1970
-2191
-2498
-3003
-3659
-4316
-5022
-5616
-6103
-6466
-6581
-6605
-6502
-6189
-5735
-5119
-4401
-3696
-3047
-2450
-1959
-1591
-1379
-1381
-1538
-1920
-2322
-2615
-2910
-3006
-3019
-2950
-2612
-2122
-1398
-456
541
1680
2865
3881
4934
5920
6676
7315
7622
7669
7601
7294
6834
6330
5692
5068
4458
3772
3288
2921
2679
2618
2490
2412
2410
2445
2553
2593
2508
2357
2045
1566
1075
496
-121
-688
-1354
-1968
-2399
-2697
-2739
-2586
-2302
-1777
-1122
-377
501
1360
2181
2905
3413
3781
3982
3974
3779
3360
2776
2109
1343
509
-260
-999
-1661
-2187
-2582
-2729
-2745
-2643
-2461
-2335
-2182
-2098
-2150
-2303
-2609
-3051
-3590
-4169
-4774
-5294
-5722
-6066
-6226
-6273
-6114
-5769
-5375
-4858
-4296
-3722
-3151
-2616
-2132
-1751
-1463
-1311
-1333
-1557
-1871
-2177
-2421
-2585
-2695
-2677
-2457
-2016
-1430
-647
298
1286
2353
3389
4331
5262
6084
6747
7214
7367
7323
7133
6753
6327
5794
5169
4603
4044
3501
3074
2768
2599
2514
2408
2387
2409
2423
2479
2427
2287
2049
1662
1219
684
89
-484
-1056
-1593
-2007
-2319
-2483
-2401
-2181
-1818
-1273
-657
98
891
1629
2317
2828
3181
3428
3488
3366
3109
2655
2097
1503
834
202
-433
-1057
-1579
-1998
-2290
-2429
-2424
-2363
-2236
-2113
-2042
-2026
-2190
-2472
-2811
-3288
-3798
-4328
-4878
-5312
-5638
-5865
-5958
-5915
-5713
-5363
-4879
-4339
-3784
-3230
-2734
-2283
-1932
-1682
-1540
-1550
-1691
-1952
-2260
-2482
-2614
-2663
-2594
-2466
-2169
-1635
-983
-205
714
1674
2612
3540
4346
5113
5795
6224
6571
6690
6578
6379
6039
5626
5180
4690
4190
3730
3289
3001
2786
2601
2549
2470
2417
2384
2352
2342
2252
2045
1713
1339
886
389
-137
-708
-1259
-1761
-2163
-2392
-2423
-2275
-1957
-1547
-996
-357
313
1066
1751
2381
2843
3121
3342
3369
3221
2943
2521
1947
1291
604
-68
-653
-1180
-1626
-1967
-2189
-2275
-2254
-2131
-1989
-1923
-1908
-1958
-2112
-2355
-2736
-3208
-3695
-4253
-4805
-5199
-5490
-5682
-5733
-5672
-5477
-5129
-4683
-4165
-3590
-3060
-2571
-2114
-1777
-1531
-1360
-1376
-1520
-1699
-1966
-2192
-2310
-2382
-2340
-2174
-1862
-1397
-782
-43
823
1709
2565
3454
4217
4953
5600
6020
6286
6310
6182
5977
5637
5222
4836
4355
3843
3428
3026
2788
2606
2455
2407
2325
2287
2301
2287
2252
2164
1957
1690
1319
864
448
-76
-605
-1057
-1543
-1864
-2002
-2069
-1956
-1717
-1364
-833
-258
396
1113
1739
2286
2718
3000
3181
3214
3072
2779
2343
1813
1223
604
-10
-614
-1167
-1625
-1968
-2176
-2259
-2241
-2163
-2069
-2016
-2038
-2124
-2254
-2461
-2776
-3176
-3602
-4040
-4453
-4794
-5049
-5218
-5301
-5259
-5083
-4807
-4474
-4066
-3595
-3106
-2634
-2207
-1810
-1531
-1337
-1279
-1402
-1561
-1758
-1887
-1972
-1998
-1924
-1813
-1546
-1123
-559
114
870
1652
2437
3211
3956
4689
5278
5742
6003
6064
6036
5873
5609
5285
4902
4417
3960
3509
3122
2849
2576
2423
2293
2165
2113
2074
2047
2008
1914
1725
1489
1185
816
431
22
-401
-856
-1268
-1558
-1696
-1713
-1629
-1439
-1140
-725
-185
410
979
1536
2028
2423
2698
2871
2951
2842
2609
2256
1790
1308
784
242
-305
-839
-1312
-1685
-1957
-2121
-2229
-2279
-2237
-2249
-2303
-2311
-2398
-2563
-2786
-3111
-3446
-3783
-4136
-4388
-4636
-4815
-4872
-4875
-4717
-4467
-4149
-3758
-3366
-2958
-2521
-2128
-1813
-1537
-1367
-1315
-1370
-1474
-1564
-1656
-1714
-1736
-1679
-1540
-1288
-906
-414
197
836
1520
2232
2885
3514
4134
4621
4964
5236
5312
5260
5147
4901
4649
4291
3885
3558
3152
2861
2669
2435
2303
2183
2033
1980
1933
1830
1777
1646
1414
1217
947
632
306
-88
-480
-841
-1200
-1417
-1485
-1498
-1353
-1158
-876
-411
50
585
1124
1561
1998
2318
2536
2695
2704
2586
2352
2000
1586
1121
614
121
-365
-845
-1239
-1586
-1845
-1961
-2024
-2035
-2052
-2088
-2114
-2234
-2449
-2705
-2983
-3311
-3633
-3985
-4310
-4518
-4718
-4787
-4793
-4739
-4528
-4251
-3898
-3519
-3093
-2646
-2219
-1867
-1564
-1341
-1251
-1228
-1337
-1425
-1529
-1647
-1686
-1705
-1632
-1454
-1134
-718
-190
405
1057
1706
2341
3011
3547
4081
4506
4775
4946
4960
4894
4728
4520
4202
3892
3521
3163
2915
2622
2487
2342
2226
2196
2134
2130
2112
2067
1996
1853
1648
1454
1127
794
460
-27
-424
-835
-1187
-1389
-1549
-1539
-1420
-1258
-949
-527
-85
433
938
1382
1820
2126
2378
2581
2605
2527
2337
2012
1620
1168
675
191
-306
-791
-1164
-1499
-1738
-1843
-1932
-1905
-1865
-1834
-1786
-1804
-1895
-2098
-2368
-2691
-3020
-3340
-3690
-4001
-4251
-4452
-4595
-4615
-4500
-4293
-4019
-3707
-3321
-2865
-2406
-1968
-1604
-1320
-1091
-1024
-1038
-1067
-1200
-1278
-1300
-1364
-1372
-1297
-1147
-844
-446
-8
570
1132
1721
2376
2933
3541
4061
4381
4698
4824
4784
4761
4557
4281
4015
3610
3276
2967
2611
2417
2193
1971
1919
1802
1744
1799
1729
1728
1691
1514
1407
1172
874
621
236
-152
-493
-847
-1066
-1217
-1344
-1274
-1148
-957
-574
-214
208
683
1063
1482
1862
2117
2330
2407
2336
2203
1937
1576
1223
790
352
-44
-501
-863
-1178
-1463
-1605
-1776
-1903
-1950
-2029
-2082
-2152
-2239
-2356
-2513
-2689
-2914
-3153
-3414
-3674
-3878
-4035
-4116
-4115
-4014
-3858
-3676
-3446
-3155
-2820
-2466
-2107
-1790
-1542
-1346
-1219
-1167
-1151
-1195
-1246
-1261
-1258
-1193
-1087
-911
-653
-318
46
478
977
1430
1975
2481
2923
3367
3684
3948
4134
4206
4207
4147
3974
3798
3578
3294
3090
2804
2591
2453
2242
2111
1999
1891
1830
1723
1589
1513
1359
1159
978
705
465
211
-79
-283
-526
-722
-780
-851
-821
-686
-540
-286
-5
257
597
891
1142
1414
1576
1650
1706
1676
1571
1418
1190
952
689
340
45
-280
-626
-903
-1215
-1457
-1677
-1887
-2024
-2170
-2294
-2396
-2501
-2607
-2696
-2814
-2946
-3028
-3127
-3208
-3278
-3356
-3387
-3374
-3327
-3254
-3125
-2925
-2692
-2460
-2243
-1995
-1787
-1578
-1404
-1319
-1248
-1237
-1204
-1199
-1175
-1122
-1074
-938
-796
-573
-276
47
423
840
1260
1701
2160
2541
2937
3229
3447
3628
3673
3723
3690
3594
3500
3352
3153
2984
2780
2579
2483
2306
2181
2070
1940
1894
1763
1627
1537
1364
1150
974
710
434
217
-60
-264
-429
-597
-674
-689
-673
-540
-359
-162
103
315
595
847
1009
1211
1300
1337
1323
1214
1094
933
706
493
250
-45
-261
-496
-748
-938
-1123
-1280
-1424
-1555
-1690
-1836
-1993
-2155
-2323
-2512
-2670
-2797
-2918
-3018
-3085
-3139
-3170
-3180
-3155
-3074
-2958
-2800
-2607
-2406
-2210
-1996
-1799
-1652
-1501
-1375
-1276
-1204
-1202
-1187
-1194
-1211
-1150
-1086
-986
-805
-609
-367
-91
229
618
997
1348
1735
2083
2383
2687
2911
3093
3226
3242
3255
3225
3130
3064
2945
2801
2714
2598
2473
2420
2334
2241
2195
2089
1989
1879
1727
1607
1420
1203
1006
718
447
223
-14
-198
-363
-497
-527
-535
-472
-313
-176
9
220
405
613
773
911
1020
1083
1080
1031
953
807
657
457
240
33
-184
-379
-587
-766
-938
-1106
-1242
-1361
-1479
-1586
-1692
-1837
-1972
-2131
-2262
-2369
-2517
-2652
-2770
-2851
-2907
-2935
-2906
-2851
-2764
-2641
-2485
-2302
-2104
-1914
-1734
-1555
-1394
-1250
-1123
-1032
-988
-979
-974
-968
-969
-937
-859
-776
-654
-470
-264
-14
221
513
863
1152
1482
1801
2068
2346
2579
2747
2872
2948
2956
2957
2904
2830
2782
2655
2552
2430
2275
2214
2108
2005
1949
1838
1759
1690
1564
1433
1284
1064
872
673
452
297
98
-54
-130
-231
-274
-264
-230
-148
-56
26
149
269
387
521
581
635
678
662
660
620
524
436
325
185
48
-109
-271
-412
-591
-786
-967
-1169
-1348
-1528
-1697
-1834
-1993
-2124
-2239
-2337
-2370
-2433
-2470
-2460
-2475
-2467
-2426
-2392
-2340
-2245
-2175
-2079
-1942
-1813
-1681
-1567
-1433
-1312
-1228
-1174
-1130
-1088
-1081
-1065
-1053
-1025
-942
-841
-725
-577
-409
-218
19
272
541
818
1074
1328
1589
1810
1992
2153
2284
2408
2452
2463
2490
2464
2459
2415
2331
2300
2231
2153
2134
2092
2011
1962
1888
1771
1647
1518
1395
1209
998
819
608
427
293
155
36
-38
-57
-47
-23
21
104
152
208
312
361
432
485
483
488
473
456
416
354
287
205
77
-29
-151
-320
-437
-594
-732
-844
-1005
-1123
-1224
-1358
-1495
-1626
-1773
-1905
-2005
-2097
-2146
-2184
-2186
-2143
-2136
-2102
-2021
-1964
-1886
-1810
-1714
-1594
-1511
-1395
-1296
-1221
-1099
-1013
-940
-869
-824
-766
-732
-720
-671
-609
-562
-491
-415
-328
-201
-74
90
281
434
613
816
988
1188
1387
1540
1700
1825
1929
2046
2096
2131
2145
2142
2154
2106
2080
2064
2010
1959
1902
1848
1787
1722
1650
1568
1452
1347
1253
1117
978
828
654
520
425
325
240
190
160
128
80
60
69
98
93
100
128
105
96
83
52
16
-32
-75
-141
-201
-284
-377
-433
-496
-590
-679
-765
-865
-940
-1024
-1125
-1222
-1302
-1394
-1490
-1551
-1612
-1646
-1689
-1719
-1683
-1692
-1686
-1636
-1615
-1560
-1500
-1435
-1344
-1282
-1199
-1088
-988
-885
-793
-739
-707
-671
-650
-649
-649
-621
-580
-551
-530
-477
-397
-314
-203
-119
-29
98
214
346
474
607
748
860
1002
1142
1240
1360
1466
1555
1657
1728
1820
1897
1911
1959
2001
2004
2025
2034
2033
2003
1935
1897
1818
1704
1635
1519
1377
1244
1081
923
769
624
483
327
170
36
-77
-199
-300
-393
-496
-581
-646
-685
-700
-699
-683
-665
-629
-604
-569
-541
-566
-584
-618
-660
-685
-750
-786
-805
-840
-852
-878
-884
-869
-878
-870
-887
-904
-929
-974
-988
-1018
-1040
-1074
-1102
-1109
-1127
-1122
-1132
-1123
-1084
-1057
-1018
-973
-923
-854
-785
-737
-673
-599
-519
-457
-398
-304
-237
-188
-138
-69
-8
21
86
136
183
262
320
422
516
562
643
713
782
881
980
1066
1178
1302
1414
1519
1637
1752
1825
1906
1966
1995
2006
1989
1943
1863
1809
1685
1559
1459
1305
1169
1022
899
761
604
460
321
199
66
-63
-199
-314
-430
-572
-726
-860
-961
-1065
-1149
-1239
-1265
-1271
-1251
-1195
-1162
-1070
-999
-932
-844
-776
-693
-621
-541
-471
-419
-378
-338
-306
-305
-312
-336
-333
-341
-398
-449
-514
-567
-606
-656
-671
-698
-701
-692
-708
-683
-664
-653
-616
-590
-552
-518
-499
-458
-459
-461
-437
-434
-361
-281
-213
-141
-72
29
110
224
337
419
516
590
694
770
803
873
918
945
978
1002
1013
1004
1014
1020
1016
1036
1059
1038
1027
1047
1048
1049
1037
1002
970
959
927
875
817
735
700
636
553
475
355
267
150
35
-44
-133
-192
-243
-297
-342
-368
-391
-429
-484
-541
-599
-632
-638
-649
-660
-646
-600
-578
-546
-482
-444
-401
-372
-343
-305
-292
-281
-292
-305
-317
-351
-352
-336
-326
-308
-292
-275
-270
-270
-277
-272
-278
-299
-288
-280
-275
-265
-266
-266
-281
-274
-257
-261
-253
-238
-190
-121
-62
5
67
121
167
222
255
264
278
283
286
284
255
239
270
280
258
243
227
202
192
210
221
238
248
258
284
306
338
358
349
330
309
275
269
281
273
267
259
275
300
288
290
312
318
310
304
290
266
237
195
150
108
70
24
-33
-88
-149
-212
-258
-298
-319
-303
-281
-258
-229
-226
-238
-241
-239
-249
-258
-279
-327
-344
-340
-326
-286
-247
-208
-187
-171
-137
-123
-111
-89
-56
-5
37
64
77
83
91
88
94
109
74
43
29
-9
-32
-48
-82
-87
-93
-135
-145
-116
-94
-82
-82
-75
-55
-55
-25
10
3
18
40
45
45
28
28
-2
-54
-58
-76
-117
-143
-160
-145
-126
-109
-57
-35
-22
28
68
98
139
156
164
179
148
105
59
8
-4
-9
-8
6
42
88
107
138
191
212
221
260
282
277
271
260
233
177
118
88
46
-8
-39
-62
-95
-111
-96
-85
-101
-114
-127
-157
-190
-219
-261
-304
-317
-306
-310
-273
-87
198
365
323
215
129
11
-48
26
44
-105
-287
-372
-368
-335
-284
-270
-344
-393
-382
-328
-165
-8
33
80
164
270
495
727
794
739
652
552
471
449
450
380
240
139
79
37
46
27
-46
-105
-167
-189
-113
-44
-31
-37
-55
-49
-20
-13
-25
-46
-71
-109
-146
-146
-133
-150
-168
-139
-92
-79
-80
-54
-23
-3
32
88
127
142
157
167
148
124
111
85
43
-1
-45
-92
-145
-190
-231
-257
-270
-275
-270
-233
-191
-148
-109
-67
-5
31
39
34
17
34
34
-6
-55
-123
-168
-189
-206
-208
-229
-241
-255
-256
-213
-195
-156
-100
-58
8
31
48
75
68
67
51
36
-10
-70
-73
-102
-132
-128
-131
-125
-151
-148
-86
-38
31
102
134
145
146
135
111
93
57
-2
-51
-123
-180
-226
-298
-343
-373
-400
-422
-450
-438
-397
-356
-316
-272
-215
-157
-121
-108
-97
-96
-88
-54
-37
-45
-72
-102
-107
-107
-126
-131
-139
-142
-147
-161
-146
-133
-99
-61
-40
-21
-11
14
40
51
26
-1
-12
-59
-92
-90
-91
-99
-106
-70
-35
-24
11
61
101
135
179
211
209
177
161
170
154
135
134
116
86
54
25
-4
1
26
25
35
36
10
16
31
21
35
62
47
57
73
73
104
127
150
178
210
227
228
241
232
206
193
183
171
152
101
67
46
13
1
-24
-37
-32
-25
-17
-27
-15
-14
10
51
41
35
14
-17
-24
-45
-54
-68
-88
-100
-94
-76
-52
-14
-11
-17
-15
-8
36
47
25
36
65
62
69
96
91
66
48
19
-5
-34
-75
-93
-111
-142
-126
-105
-120
-110
-108
-103
-71
-49
-31
-25
-24
-17
-5
3
-3
8
16
8
-10
-34
-29
-16
-1
8
2
1
-6
-1
14
8
13
20
40
60
53
84
73
93
115
103
86
75
81
91
89
84
91
104
123
132
144
146
127
127
111
126
138
166
172
158
156
133
117
98
88
56
33
25
12
1
0
-8
-38
-47
-60
-75
-61
-71
-74
-90
-69
-53
-50
-40
-42
-29
-10
-16
-24
-9
-6
-16
-16
-23
-19
-5
1
24
21
-7
-17
-21
-25
-17
-14
-10
0
10
11
8
-2
4
13
4
13
25
15
12
29
17
22
12
12
14
9
9
-2
-3
13
16
7
4
6
-9
-9
-24
-25
-50
-64
-67
-59
-55
-77
-76
-78
-85
-93
-90
-66
-52
-35
-5
26
44
66
60
69
74
65
49
58
66
68
65
49
35
32
39
48
25
23
23
9
11
8
12
16
17
10
-6
-36
-72
-93
-113
-121
-121
-108
-95
-89
-108
-88
-71
-40
-10
3
26
43
72
54
72
109
110
121
112
84
67
61
59
40
33
3
-3
-1
0
-11
20
30
22
31
8
1
0
-7
-22
-36
-37
-42
-34
-68
-84
-87
-86
-68
-59
-66
-53
-49
-21
-8
12
14
39
49
66
49
25
18
-6
-23
-63
-70
-99
-103
-96
-131
-117
-122
-110
-119
-95
-90
-69
-43
-15
-2
15
24
65
87
89
100
87
104
100
80
84
53
69
49
26
31
28
36
52
37
28
31
47
50
33
21
19
-9
-17
-50
-56
-57
-55
-63
-62
-63
-50
-32
-34
-25
13
45
70
108
116
132
147
141
158
135
127
126
105
104
80
77
65
42
39
-10
-3
-4
-9
-11
-24
-43
-18
-11
-46
-43
-31
-23
-7
-40
-58
-69
-61
-46
-49
-25
-32
-39
-22
-5
-3
7
15
8
3
-3
-2
1
-7
-41
-57
-84
-80
-91
-94
-97
-104
-106
-107
-108
-112
-97
-80
-45
-18
1
11
22
54
63
58
71
71
79
73
63
56
50
58
42
22
23
18
36
58
56
63
46
70
54
21
0
-25
-38
-40
-61
-56
-57
-59
-59
-46
-19
-21
-16
24
58
79
90
103
118
125
159
160
157
164
158
129
134
119
81
57
41
36
39
33
9
21
26
44
48
37
18
7
14
30
12
-11
-18
-27
-43
-58
-87
-72
-68
-73
-70
-37
-15
14
26
23
17
5
40
36
14
6
3
-24
-43
-68
-107
-127
-135
-142
-124
-111
-145
-139
-108
-98
-94
-54
-43
-7
3
30
32
23
32
23
9
19
14
20
12
22
30
14
25
42
39
41
76
79
66
88
81
63
37
45
44
9
-24
-8
-43
-62
-76
-61
-60
-58
-46
-31
6
56
50
56
89
103
118
102
121
126
116
102
53
48
29
7
12
-13
-28
-29
-36
-54
-51
-37
-40
-42
-29
-25
-14
-39
-43
-41
-64
-58
-61
-45
-52
-63
-92
-113
-85
-78
-75
-82
-53
-31
-41
-37
-47
-13
-12
-13
-45
-63
-79
-69
-71
-99
-120
-152
-145
-157
-174
-152
-162
-156
-136
-104
-92
-95
-95
-74
-64
-22
-26
-16
-25
-11
5
-30
-8
36
26
18
12
5
33
33
41
46
20
30
13
6
3
17
8
25
22
-21
-16
-20
-32
-34
-15
-7
-13
-7
13
25
25
57
49
49
53
94
104
128
132
136
126
130
131
122
107
92
79
86
90
82
81
76
67
67
49
52
63
57
56
53
56
55
33
16
16
17
13
2
2
9
17
30
16
7
25
46
29
17
46
32
32
26
32
-15
-16
-6
-25
-54
-67
-64
-85
-68
-79
-69
-63
-32
-24
-23
-42
-47
-26
-8
-1
-10
10
12
12
-10
11
-4
-8
9
10
18
29
27
26
21
31
17
13
26
27
22
19
21
6
-10
-12
-25
-22
-5
1
-14
-18
7
12
2
13
27
42
59
72
70
64
88
91
89
98
95
93
67
71
71
66
70
56
38
23
31
22
40
22
30
45
42
33
5
5
0
3
3
-7
-1
-30
-17
22
-9
-25
-10
-20
-40
-26
-26
-33
6
10
-22
-22
-25
-37
-48
-54
-43
-46
-41
-65
-83
-60
-72
-58
-71
-84
-72
-61
-44
-44
-61
-56
-39
-12
-13
-34
-38
-17
1
8
-7
-29
-21
-7
-7
0
3
-7
0
3
-9
-9
-16
2
9
-23
-10
-8
0
0
-5
-11
-11
-28
-3
9
4
21
36
55
59
72
88
93
105
101
98
104
119
110
103
111
92
98
114
111
114
115
128
129
133
141
132
138
123
119
124
116
122
136
129
138
117
102
76
75
52
29
63
63
49
44
74
54
69
65
61
60
72
75
63
43
34
9
4
-1
-9
-21
-23
-14
-36
-63
-50
-36
-22
-23
-39
-17
-3
-23
-7
-8
-23
-13
-19
-23
-20
-16
-41
-44
-60
-66
-76
-91
-106
-101
-90
-90
-65
-62
-61
-71
-64
-61
-75
-98
-100
-100
-96
-96
-92
-98
-106
-98
-84
-88
-74
-44
-38
-18
7
7
34
72
62
69
68
49
59
48
36
46
43
31
42
25
34
31
42
49
42
46
51
38
23
32
14
4
33
43
19
9
4
-8
2
-5
21
12
20
13
20
18
42
38
29
24
24
20
23
33
24
15
11
13
-3
-28
-34
-30
-2
-4
-11
-31
-51
-32
-36
-43
-47
-38
-33
-33
-15
-25
-33
-25
4
-8
-40
-16
5
23
21
31
21
31
43
46
32
37
36
16
3
14
5
7
-15
-17
-13
-26
12
16
7
13
8
25
10
5
22
32
48
58
51
50
69
56
46
65
75
76
53
59
80
69
66
69
71
50
26
39
45
43
37
22
19
26
18
6
8
4
17
19
0
5
5
16
32
32
19
16
24
23
0
-2
-7
-14
-9
-34
-9
-17
-11
-44
-54
-56
-65
-70
-38
-37
-48
-40
-33
-42
-52
-55
-70
-56
-51
-43
-32
-32
-33
-30
-22
-13
4
-2
2
-16
-26
-36
-18
-15
-42
-46
-45
-46
-52
-58
-65
-56
-31
-48
-42
-35
-61
-53
-58
-64
-58
-70
-65
-63
-60
-58
-52
-43
-43
-37
-32
-12
5
9
18
19
13
5
6
15
10
7
19
25
30
35
8
-18
-5
6
15
5
15
33
25
40
24
26
32
35
38
40
51
49
39
47
34
26
37
21
42
37
39
41
36
48
40
50
50
37
38
15
1
0
-10
-13
-37
-48
-48
-42
-32
-48
-27
-30
-20
-15
-24
-25
-17
-52
-42
-45
-39
-29
-22
-11
-25
-21
-27
-37
-32
-34
-36
-34
-57
-51
-33
-56
-62
-44
-52
-58
-44
-58
-56
-74
-68
-69
-71
-64
-55
-54
-58
-55
-46
-41
-41
-40
-26
-35
-13
13
11
30
17
14
16
7
11
-3
15
41
55
46
41
32
2
5
13
13
27
34
39
42
49
36
23
30
10
10
29
22
12
27
14
18
17
11
28
8
16
30
38
36
56
56
30
53
60
53
48
49
47
32
22
15
-1
1
-22
-35
-29
-37
-15
-7
-22
-20
-27
-28
-33
-31
-21
-7
-5
-38
-54
-53
-60
-45
-33
-39
-34
-43
-42
-33
-51
-48
-53
-56
-51
-55
-36
-32
-32
-35
-25
-28
-54
-70
-77
-65
-79
-89
-77
-71
-90
-92
-73
-78
-61
-59
-56
-50
-32
-36
-46
-54
-62
-65
-58
-69
-59
-28
-36
-52
-43
-38
-17
-12
-31
-31
-9
7
9
36
49
44
35
0
18
3
-1
-8
36
30
31
27
35
32
29
31
48
49
68
61
43
18
10
21
32
15
14
-4
5
-14
0
25
23
5
-2
11
9
-5
12
16
8
18
19
6
0
-5
7
18
6
14
31
41
40
41
51
21
17
31
45
25
15
9
-3
-15
-1
-2
2
11
4
-2
-8
-10
-17
-17
-7
-23
-23
-18
-25
-22
-25
-2
-8
-13
6
0
27
24
22
20
-15
-17
-18
-5
1
2
-6
9
53
31
15
31
28
33
36
51
52
58
57
55
40
52
74
63
41
43
38
42
46
44
39
34
29
49
37
43
44
41
50
19
27
12
22
-2
6
-13
-28
-27
-29
-23
-19
-7
-17
-19
-7
-14
-3
-18
-15
-5
-29
-31
-27
-16
-19
-30
-21
-37
-31
-24
-23
-34
-46
-27
-26
-23
-22
-38
-50
-59
-49
-42
-56
-64
-55
-58
-51
-39
-25
-29
-46
-36
-48
-54
-59
-63
-58
-61
-38
-37
-42
-41
-38
-22
-23
-23
-18
-21
-10
16
3
-16
-13
-16
-14
-29
-39
-32
-9
-9
3
