17
29
13
15
5
12
17
2
4
7
15
3
14
1
-10
-4
6
-11
-4
2
-7
2
6
0
13
9
9
13
4
-2
6
17
8
-1
-7
-11
-16
-7
2
-7
-12
-10
2
-8
-1
8
13
9
28
22
10
14
12
4
5
2
-3
6
11
27
41
1
24
13
-2
-23
2
-3
6
-23
7
10
1
-13
3
13
-3
0
10
8
25
-5
-12
1
7
-5
-13
5
9
-5
-2
15
11
-16
-16
2
6
-18
-36
-30
-12
-6
-12
-8
-2
-3
-15
-9
-1
4
21
35
26
6
24
39
33
-2
3
19
37
21
9
15
26
5
-12
4
26
17
-3
8
41
24
-9
8
30
28
6
-3
-4
-9
-11
3
-8
-8
-18
-14
-7
-19
1
-8
-5
-22
-22
-3
8
8
-18
-23
7
19
-1
-17
-14
6
8
-22
-23
11
29
13
-19
-21
3
18
16
3
21
44
21
1
20
43
42
-7
28
41
4
1
16
35
-29
-25
4
4
-3
-43
-5
-7
-30
-44
-37
0
18
0
-12
-10
4
4
5
13
-13
-25
-30
-28
-14
-9
19
-1
-26
-13
33
27
-39
-7
29
37
29
16
32
7
30
43
4
7
-21
-45
-37
2
60
18
-32
-14
5
22
4
12
34
14
-25
-34
42
51
-7
-20
-14
-2
-40
-22
43
30
16
-11
2
7
-25
-1
-56
-48
12
-20
-23
-26
0
-15
-34
22
-11
-35
1
31
43
12
19
26
-4
7
18
30
19
-14
-1
-22
-30
-9
18
49
-19
-42
0
17
12
7
60
60
3
-13
24
77
49
10
20
28
45
42
29
74
42
-10
0
-18
29
59
33
26
-4
2
-17
-22
1
14
9
17
-31
-4
49
15
-19
-74
24
-57
-58
-48
58
25
-11
-20
21
18
16
15
2
-30
-20
-26
19
-6
9
37
-29
-11
-24
15
-44
-14
-44
7
-45
4
11
-63
-51
-54
70
-14
-48
-71
14
-3
-43
18
52
-15
-84
-27
44
22
-16
14
41
16
30
30
40
21
-18
-19
36
82
40
-6
-23
51
-19
-44
-3
33
8
-137
-8
-2
18
-80
-18
-26
-4
-2
-16
23
-12
-15
-34
4
37
65
-35
12
-10
100
19
15
-36
18
60
3
-13
40
38
8
-46
81
70
-3
-45
-12
71
69
3
-38
-5
32
59
-56
38
51
22
-33
21
75
47
-11
41
3
-52
3
9
-23
-33
47
83
-55
-61
32
61
-3
-48
-3
55
61
54
72
95
101
32
-4
-18
-9
16
-15
-16
-34
14
48
23
19
-21
30
47
9
-23
-39
37
51
51
6
-16
50
53
9
42
43
109
80
-10
27
58
101
29
11
-8
66
36
32
-91
69
40
68
-71
64
84
79
-56
-2
8
55
-61
-15
19
-32
22
-15
24
11
26
36
-13
33
24
15
-26
13
95
-3
57
-72
120
-102
-53
-24
-3
22
-92
61
-18
77
-12
-16
-36
69
50
-28
-71
49
83
-38
-158
15
64
-19
-159
49
87
0
-99
4
68
-66
-34
-42
35
-60
-140
-45
6
9
-93
-96
-3
-15
71
-24
-89
-11
70
62
-68
-69
77
128
-65
-85
65
209
10
-216
12
164
176
-119
-146
47
135
32
-102
-21
179
9
-195
-88
97
161
-81
-94
-46
56
83
-82
-47
-10
189
-13
-108
2
173
129
-194
-70
97
213
-61
-177
2
126
9
-179
-78
167
18
-96
-201
104
119
2
-235
-7
158
23
-201
-4
63
30
-179
-52
66
46
22
-47
-71
49
11
-34
-112
-27
47
-2
37
-67
-46
-71
14
-128
-41
-63
8
-81
-2
38
-15
-91
-6
69
-31
-53
75
-6
-24
-73
113
42
-55
-108
-80
12
4
-158
-111
152
3
-256
-49
118
45
-305
-4
157
-40
-18
-64
173
-19
44
37
-127
19
93
-17
-207
-18
150
-13
-220
49
106
72
-122
22
127
-128
18
-6
111
-80
-32
71
-123
-73
140
109
-34
-147
34
58
-77
0
-49
51
-49
58
-76
-42
36
1
-104
-125
119
135
-70
-60
62
160
-78
56
30
159
-17
-16
-14
15
9
11
54
-2
122
-118
34
-5
90
-41
-94
125
-9
-174
-38
62
0
-193
44
131
-56
-122
126
69
-179
-73
20
-86
-217
19
45
12
-142
-22
23
-190
69
-5
78
-214
-86
32
130
-198
32
28
-5
-218
-93
175
10
-89
-18
-14
11
-141
29
-92
-145
50
-89
-71
-43
166
42
-283
-21
85
73
-64
-183
98
22
20
-94
-68
209
-28
6
-123
120
51
81
-82
140
-10
122
-138
-58
62
-82
61
-10
103
69
-21
127
-130
-6
31
14
-99
-191
252
53
-25
51
11
229
-67
132
61
77
185
-122
167
44
47
-28
-23
59
-51
230
98
-15
-98
101
145
-80
28
52
58
-201
-125
194
178
-57
-126
84
122
53
-14
212
-32
64
171
88
119
-53
171
-206
75
95
-56
-92
75
98
-97
-111
309
-273
-45
192
40
6
-211
470
73
-221
171
105
167
-229
54
129
-150
144
35
228
-127
-107
221
-169
188
-371
242
-139
67
-27
33
198
-120
-89
96
-144
127
-101
15
-87
-184
171
276
51
-145
-126
119
245
-240
252
48
104
-56
-164
271
87
-75
-24
-139
37
-175
131
138
-271
81
141
196
-207
261
131
-63
-98
49
231
-182
245
-173
-9
-7
142
-85
-284
209
53
-135
-121
66
146
-201
-118
7
-46
179
-385
200
-133
164
-136
-118
276
-39
65
-1
-30
185
-268
98
53
140
108
-344
42
193
32
-158
-143
210
-3
-128
-36
225
-78
-69
-158
22
-25
141
31
12
-18
183
-38
-228
30
248
54
-208
-124
430
101
-144
-79
27
396
-349
199
-76
335
-36
-232
20
94
338
46
-407
219
81
20
54
36
338
-193
-122
196
66
16
-245
353
36
31
-130
64
75
-157
63
103
90
-93
-142
287
89
139
-87
238
25
-210
310
36
33
-246
-73
315
-200
-68
172
-2
-7
-227
-60
380
-180
-61
-114
-48
324
-345
-9
-272
45
281
-366
-83
-53
319
-134
-254
4
397
4
-227
-213
-75
311
32
126
-85
-112
113
-134
-306
105
95
65
-258
-93
361
-311
266
-117
-48
-34
14
65
-52
74
258
-115
-262
238
163
-1
-249
-241
564
-117
100
-131
249
-10
-276
-23
320
-168
-55
-76
194
-117
-158
131
97
-99
-71
-269
268
136
-233
-234
-71
350
-480
58
-12
327
-381
-102
511
-119
-36
7
176
-7
-233
233
99
-167
-52
97
-4
-230
57
159
-28
-190
133
65
-258
11
75
307
-68
-442
86
79
213
-502
-152
211
-48
-191
-450
197
226
-135
-143
-133
412
-255
-123
-233
376
-18
-230
-79
183
147
-281
-137
110
-30
84
37
91
-366
154
107
-21
-401
205
79
-98
-469
461
-219
-122
-495
288
163
-30
-25
-219
161
-184
150
-82
52
-102
-114
104
-235
125
44
-107
-134
-492
339
-116
38
-123
-265
245
-270
24
144
-188
205
-445
327
161
-128
-127
-7
-75
70
-337
570
-276
-138
-91
57
235
-382
49
-47
-294
137
-228
256
-235
279
10
-467
29
201
148
-226
-128
376
-192
21
-109
346
-185
-76
91
188
149
-199
-19
77
194
-28
-154
129
68
260
-293
109
18
218
-70
-240
-55
68
161
-391
-230
243
344
20
-653
134
403
-143
-322
-245
472
-81
-460
39
189
181
-308
-147
201
50
132
-46
-176
74
286
-106
-266
235
142
38
-534
746
-277
-244
-172
335
186
-596
34
-50
92
-25
36
29
185
-65
18
-450
225
80
25
-210
-136
615
45
-411
121
186
486
-418
-76
558
-541
224
-471
892
-332
-457
131
41
155
-239
75
514
-490
112
-85
303
117
-227
309
-252
90
-80
185
-19
-34
8
262
5
14
251
-9
74
-610
412
653
-246
-63
-320
478
-140
-350
374
-356
475
-579
649
-523
348
-189
85
-208
-97
239
313
-312
-7
-225
307
-96
95
117
-215
248
67
-64
-199
-37
471
-221
-497
2
546
456
-514
-217
570
76
16
-354
544
150
-28
-238
409
3
-143
-390
26
415
-264
-100
12
430
-226
-257
28
408
-268
-224
293
204
-406
-223
499
335
-598
-165
290
338
-172
-289
146
-3
119
-87
106
-355
224
-146
-66
30
30
454
-1106
666
-229
532
-674
-73
374
-25
-183
-39
-35
114
-371
279
-102
150
-380
60
-40
50
-49
339
10
-43
82
-74
-146
-36
201
26
-384
70
-174
282
-174
172
205
-142
-197
-28
-57
352
-508
104
-202
240
-130
121
-326
-124
-398
579
-29
-163
-384
117
223
-429
636
-101
354
-973
-115
347
68
-7
-426
170
-178
-175
136
147
-140
-75
-278
484
194
336
-270
167
57
-1
-264
189
-89
5
-391
290
-251
384
-110
28
-187
-111
499
-236
55
-259
145
138
57
-175
601
-144
301
-819
755
124
-4
-280
328
163
-235
-432
354
330
-290
-204
352
80
99
-718
590
-491
107
-206
403
-94
-351
226
64
-271
-36
139
416
-670
98
440
205
-397
-481
598
127
-116
-123
165
29
-452
417
251
-183
-36
114
75
-431
0
343
-193
-392
-129
181
520
21
-241
60
-365
443
-751
558
-176
427
-440
-67
268
158
574
-975
369
-199
597
-572
-427
596
422
-515
-271
211
1071
-885
-637
329
354
29
-751
181
330
-417
115
-56
305
-152
-508
259
10
218
6
-296
264
12
152
-231
130
168
-286
-73
-240
357
-151
61
-71
-186
106
-258
427
-420
221
135
-14
189
-566
540
-503
161
-57
165
148
-811
528
328
303
-423
274
165
28
-669
595
50
175
-369
58
164
-87
-29
172
-72
36
-25
-79
-228
-75
111
-67
-231
200
211
41
-195
-330
168
260
-225
-446
-177
560
106
-461
112
595
258
-274
-190
201
466
-260
-115
192
-75
682
-244
369
-69
-445
377
-41
173
-471
281
266
70
-1121
469
89
241
-547
-101
245
-200
-35
36
-126
-196
267
-244
-479
-460
569
257
-473
-553
233
373
354
-818
381
-182
259
-812
104
412
433
-685
27
-131
177
-184
63
-144
-49
-67
193
22
-151
359
-554
621
-453
368
-447
320
413
-128
-78
-61
289
-43
-400
47
216
16
-233
-378
341
387
10
-225
-74
264
-47
-316
-297
294
359
-132
-145
248
374
-326
-90
-208
408
-367
37
-3
50
62
-334
185
103
133
20
-238
-221
185
-30
311
-240
-56
-513
8
180
273
-154
447
-432
234
-403
702
-190
146
-68
147
-224
167
626
-336
-471
-270
607
-129
-278
-54
300
-118
-425
288
138
158
6
-187
154
31
455
-438
-630
473
251
164
-615
151
834
-375
-36
-448
1254
13
-410
-675
674
298
-148
-601
-127
226
-202
-302
45
230
-85
-736
-64
618
212
-440
-41
370
-88
-291
410
415
-517
-422
245
139
7
-92
256
-248
-477
552
543
22
-497
126
138
-320
459
307
-166
-914
-424
504
16
17
-21
-56
391
-260
181
175
-223
-234
-232
450
62
-413
-108
480
-557
149
-401
870
-665
146
360
79
288
-159
339
-205
-509
574
199
-201
-560
68
764
139
-283
-60
104
263
-203
-209
587
521
-243
-231
-240
320
94
65
41
-528
124
-79
169
-55
-27
67
85
-286
324
427
473
-362
-279
322
82
-266
-178
207
-62
-371
-52
102
295
-17
-134
112
-81
120
-230
49
259
-550
-147
37
264
-43
-89
216
389
-188
532
14
489
-341
-75
495
-398
153
-52
85
-277
-375
620
200
-812
-197
118
657
-340
-26
411
-42
-198
-421
158
144
-325
-281
173
1125
-660
-291
-227
986
-259
-682
354
194
100
-413
542
371
109
-448
254
145
761
-709
-157
264
116
-265
-881
298
303
228
57
-325
-69
219
267
-96
-409
819
-35
158
-849
797
116
-237
-465
224
100
-260
50
441
-337
-274
-21
900
-231
-286
51
812
-133
-1083
-42
544
131
-706
-76
372
252
-548
870
-486
237
-235
870
-861
-49
57
778
-862
-596
721
-91
-28
-573
550
-237
-500
234
720
-264
-553
151
761
79
-387
-66
398
-47
-675
-304
636
393
-493
-435
468
724
-378
-647
-49
487
312
-667
94
550
272
-440
-618
711
295
-477
-790
500
559
-341
-564
282
408
-860
-170
-148
980
-512
-115
-80
308
239
-46
71
-35
-37
389
-186
286
-321
271
-191
279
-228
421
-248
560
-600
-36
337
-22
347
-666
757
-474
221
-113
232
-352
-83
372
-531
32
-168
529
-375
146
1059
-194
-284
-249
877
-224
-384
-86
568
268
-368
648
-429
181
-506
-14
164
-700
894
-402
58
-350
212
320
-796
307
204
-164
-424
482
166
56
-655
591
-279
-94
-309
463
293
-202
-276
11
-284
193
372
367
-217
286
184
-431
-620
45
283
-405
293
-202
400
-566
745
-236
-742
126
611
561
-1083
-216
1152
-29
-219
-1171
1106
112
-340
-961
136
664
161
-674
-49
970
1175
-544
-1046
-156
1056
-38
-446
-359
224
62
-519
92
-31
78
40
-586
643
-11
352
-36
-427
570
-557
397
-569
475
-55
-202
-55
422
-465
397
-463
1105
-906
-21
185
290
64
-890
610
-321
46
-501
380
-64
-422
-458
50
420
-143
-168
167
694
-32
-342
-66
752
598
-969
201
205
806
-353
-357
581
-177
327
-684
92
264
550
-279
-179
-318
1042
-460
-446
-297
381
93
-603
308
884
-253
-482
420
394
276
-1010
974
-240
-288
-324
493
336
-350
385
356
-198
-557
52
373
-845
-258
591
189
-614
-257
714
-114
-738
188
48
174
113
80
-128
-251
-9
-82
-680
329
690
-179
-298
-454
1139
-660
491
41
-232
-588
-50
985
-216
-585
477
-12
72
-149
377
65
-817
-32
-121
239
76
-93
584
-438
492
-733
396
-133
65
-427
144
23
376
-326
-157
55
94
139
-648
465
198
150
-1075
-57
-76
403
-72
-151
-166
65
128
-40
-91
-50
-267
-158
92
81
-318
478
416
-484
-620
610
713
-191
-909
542
709
-596
-61
-243
954
-887
-68
552
365
-301
-174
606
505
-306
-203
159
397
-422
100
-5
781
-484
-40
-373
553
231
217
-695
100
21
-98
145
49
200
-176
75
-63
57
626
-12
-229
-308
610
-222
-527
439
639
-144
-1059
412
1026
399
-558
-269
730
-245
-363
-557
676
473
-822
-302
243
887
-75
-446
117
410
-474
195
-468
770
-546
430
224
-276
327
-367
489
-899
661
254
346
-465
31
648
-329
-363
-149
771
13
-202
43
130
-97
-712
236
-332
10
71
-194
-386
-220
591
-614
-669
282
841
-148
-911
681
617
-379
-495
492
663
-554
-150
251
374
228
-447
311
-285
627
-134
-828
191
157
373
-1064
-187
622
173
-1180
-55
597
851
-1851
-105
195
976
-1217
-265
186
453
-621
-1220
677
790
257
-1553
-210
999
797
-1010
126
788
985
-1718
-220
975
796
-1218
-375
872
97
-1061
-155
1460
222
-704
-211
762
710
-814
55
435
112
-27
-468
607
-267
-496
110
-268
307
-489
897
-227
-152
-192
634
-111
-443
-283
181
103
41
-2
235
-89
113
-317
-348
92
163
42
-538
23
590
-49
66
37
363
-47
-169
565
-82
-95
-235
153
482
-397
-186
26
307
-155
-99
412
204
-492
-701
174
-404
26
137
-163
20
-293
486
-203
-167
429
11
-197
-377
298
151
-517
113
689
-40
-206
104
785
164
-986
376
564
212
-714
-473
659
-571
-304
30
508
298
-438
48
-245
491
262
-794
-245
337
-63
-540
-91
517
-24
-420
442
189
237
32
-237
368
-28
45
-487
125
557
-486
-90
358
321
-201
-666
356
-38
-168
-35
174
517
-728
-385
-206
758
-511
-369
-733
873
-313
-280
-249
772
429
-1003
102
522
155
-1035
66
227
75
-506
869
-598
-433
-203
361
-404
-501
595
146
-318
-155
475
-448
-167
-202
843
-766
228
258
278
-723
-177
289
10
50
-508
-1
-319
888
-730
-285
115
431
-456
-968
308
643
-315
-463
-413
759
243
-271
277
287
374
-807
-135
948
38
-88
-556
885
-388
-223
-67
778
-654
-613
61
709
-65
-187
-132
-278
-344
10
-132
-331
-175
597
172
-479
-117
536
167
-1065
596
545
413
-1232
784
423
-103
-138
333
476
-674
166
296
-86
-215
184
-129
-500
264
187
35
-466
777
-298
-392
-442
881
-29
-720
-490
664
541
-173
-339
431
402
-388
-735
727
645
0
-1179
1018
640
691
-1305
593
759
-192
-623
-413
1617
-307
-573
-94
330
11
-781
-4
481
-589
-333
207
100
-408
-672
737
258
-187
-588
437
312
-146
-1024
282
1157
-230
-1547
310
1389
-99
-1361
444
1762
19
-1524
218
979
252
-1657
3
1073
335
-1357
-1073
1122
828
-688
-1047
1140
832
-596
-1393
657
1335
-491
-810
17
1036
-256
-1364
374
606
-67
-835
-89
965
-154
-307
-91
778
-121
-873
-213
651
-544
-559
124
1420
66
-1365
26
611
313
-984
1
1498
-129
-729
-116
843
-124
-851
403
160
-753
-305
473
218
-551
-252
684
-470
-907
652
671
-534
-306
890
849
-1201
-401
688
144
-301
-59
1097
-123
-121
102
947
-294
564
-498
494
-1022
1030
535
-136
-534
361
759
-1049
-174
825
667
-1172
-382
516
435
-518
-318
297
296
-156
-88
-212
413
-353
-521
137
263
-18
-631
276
421
-629
-471
1241
94
-135
-1357
978
453
-106
-69
157
431
-756
-634
-40
242
69
-669
-85
291
176
-348
-23
148
-138
35
426
124
-537
-251
75
-171
-42
325
322
-285
-201
578
383
-7
-116
-98
154
-9
391
191
-559
239
-485
66
-32
-8
290
-931
50
108
484
-380
16
-175
-75
-1149
485
478
-167
-429
-35
633
401
212
788
-270
-205
403
219
201
-245
625
519
-889
466
327
37
-291
-436
688
-261
535
183
-690
-23
426
186
-952
13
602
35
-1245
301
1041
115
-1099
-435
837
189
-868
13
824
316
-1267
-119
1149
630
30
-279
685
324
-87
393
-377
371
84
-261
117
61
625
-521
-552
686
101
-33
-52
4
-366
-702
259
73
183
-348
319
-483
-192
97
137
-267
-1018
88
773
374
-1028
260
908
-12
-1026
615
1159
-39
-1322
601
637
86
-943
-428
529
226
139
-597
158
514
77
-978
192
795
-141
-1136
-271
1181
-470
-800
176
1000
-401
-710
397
496
-403
-712
427
-88
7
-379
216
87
21
-210
207
-183
-15
-579
506
99
-800
-21
853
218
-891
-331
636
34
-468
85
721
-41
-509
-158
442
268
-722
-50
556
-129
-304
42
692
-34
-522
198
257
0
-241
241
469
-82
52
180
-569
-725
541
415
-612
164
836
195
-1279
-472
1454
-41
-1161
150
1470
447
-888
221
994
-34
-1013
127
948
286
-722
-314
616
-69
-305
-399
545
707
-23
-319
-367
1190
62
-1010
-78
373
562
-857
-492
1072
-275
-575
39
972
86
-840
674
756
-462
-1082
1238
166
-778
-507
1516
-6
-799
-211
849
-427
-638
586
528
-354
-685
625
618
-344
-272
-109
573
-84
121
418
120
-180
-475
417
169
-451
110
615
221
-812
28
832
-163
-828
-240
977
305
-388
559
680
191
-460
-222
251
-124
122
494
26
-332
-243
-463
-463
77
541
83
-638
-73
695
-33
-792
201
617
-119
-898
-543
849
254
-657
-366
269
565
-73
-406
256
394
153
-846
-121
477
-95
-625
-299
1321
373
-94
-964
583
-133
42
-583
804
489
-566
-408
400
137
-335
-310
354
292
-1342
579
101
87
-1266
60
874
-768
-633
516
367
-111
-350
369
-132
57
31
-228
-44
319
711
-528
17
424
167
-599
-707
646
744
-235
-999
-40
7
50
-883
123
159
1019
-664
-152
-389
842
-825
-537
-33
424
-513
-342
68
494
-95
-280
-100
301
-73
-278
-246
290
-3
-98
369
11
-322
-599
-377
234
8
143
-44
12
212
-300
-58
594
165
-734
-565
869
740
-772
14
1002
-41
-896
135
888
-225
-252
396
295
-261
-277
342
-158
-167
192
443
745
-56
248
461
-300
-361
-295
613
373
-484
14
167
-14
-501
-165
310
97
158
370
358
-149
31
227
17
-242
39
337
-358
-344
588
-54
-326
-179
515
-68
-358
839
111
135
-583
475
-263
-68
-315
429
-199
-220
-195
450
-71
-678
26
392
68
-347
-276
-134
-629
-419
12
349
-164
-327
-20
38
-283
-250
303
-30
-177
-316
350
307
-380
-144
112
313
-445
12
581
377
-978
-136
265
-36
-870
-181
566
-217
-45
788
539
314
-204
405
-298
-54
632
-13
15
-403
553
162
-160
-316
208
102
-265
-192
918
274
-730
298
-75
-275
-784
309
211
-369
-64
630
86
-594
-475
59
650
-618
393
432
273
-438
-159
628
-123
-439
-203
590
151
-463
10
621
-596
-928
-97
352
-371
-598
762
534
-975
16
626
288
-1286
393
711
-301
-332
730
227
-772
-284
577
456
36
30
164
300
-25
335
-566
160
-147
-92
-369
-501
922
209
-78
-536
619
396
-338
81
302
369
-95
130
-75
-337
511
-196
189
-271
481
-95
-823
445
612
-607
-774
519
1124
-1370
-817
1006
624
-902
63
968
-384
-969
-156
345
-571
-137
262
516
-935
-1
81
617
-702
297
657
326
-1051
314
305
468
-1047
-72
276
-31
55
-152
61
-267
375
-58
-443
57
730
76
-815
-27
931
-25
-475
-394
908
120
-148
-693
270
1021
-248
-493
115
858
-129
-1384
318
361
99
-931
352
34
267
-563
163
-392
-69
662
-170
51
-289
513
172
-755
537
454
154
-23
167
133
-479
-541
504
-688
-307
35
497
-684
-972
510
630
-586
-386
388
549
-491
-838
1094
364
-19
-1158
726
513
-538
-459
553
339
-265
-67
248
-119
-301
-117
370
-10
-280
55
264
-305
-447
578
19
-586
-1062
1399
636
-1129
-261
896
500
-865
336
1984
726
-1440
767
816
672
-961
1026
1442
-457
178
1055
1727
-385
-916
709
100
-407
-431
235
596
-1318
-245
-255
-356
-1185
-688
-568
-714
-546
184
-712
-450
-674
-362
-1364
-520
-130
-1035
-938
-550
-517
-769
-1018
-980
-668
-687
-777
-451
-343
-459
-1605
-1586
-436
-636
-837
-780
-118
19
-651
143
330
348
-443
582
699
667
698
1134
1015
883
1041
1411
1453
1325
992
1289
1477
1720
1421
1171
1290
1039
1150
905
1070
753
957
520
781
618
923
454
297
1123
572
649
1123
863
658
-226
1273
189
573
687
353
812
-244
426
458
-6
508
-700
277
238
254
-380
-417
-314
-195
-1274
-606
-402
-1312
-1281
-1355
-827
-1656
-1724
-1536
-2071
-1867
-1259
-1900
-1776
-2052
-2430
-2763
-3119
-2412
-2603
-3318
-2755
-1406
-643
-1244
-1023
-588
-1049
-1205
-345
736
782
553
818
1110
1539
1939
1766
1450
1544
1834
2396
2638
2349
2318
2055
1515
1348
1642
1770
1273
772
628
1101
1080
444
-86
-348
-244
-880
-437
566
29
-499
-793
-400
-18
-670
110
34
-413
-180
520
1113
-222
386
844
475
-305
827
1625
1115
504
1907
2074
1061
696
1635
1680
926
1516
2333
2011
1024
1349
1545
752
840
581
822
114
253
913
-24
-965
-1505
-726
-1419
-1685
-1173
-1049
-1754
-2722
-1287
-1793
-2570
-2736
-2264
-2406
-3394
-2014
-2023
-2988
-4337
-3683
-3051
-4700
-4537
-3773
-2937
-2594
-1206
-164
-1266
-2123
-1838
-914
-676
649
1934
1804
1366
1395
2391
2554
2243
2051
2043
2910
3815
4161
3482
2748
2457
1684
1263
1505
2242
1808
461
762
905
-15
-763
-561
-506
-1636
-1357
-10
54
-741
-1124
-904
-1196
-1274
-249
93
-158
58
356
330
166
863
898
-105
380
1485
1591
1008
1005
1581
1536
1874
2788
2810
1928
1757
2734
2890
2304
2378
2400
1655
565
1495
2050
1330
-41
-583
492
-410
-536
-363
-518
-1310
-1757
-1905
-1145
-2092
-2245
-2862
-3175
-2712
-2842
-2899
-3378
-3840
-3928
-4314
-4011
-3673
-4095
-5007
-5386
-5625
-5622
-4031
-1192
-215
-1914
-3003
-2196
-1435
-1225
-186
1467
1973
1435
1634
2853
3407
2713
2129
2517
3395
4409
5154
4645
3146
2252
2168
1898
1726
2275
2535
1603
466
235
373
-157
-1170
-1648
-1317
-763
-367
-287
-743
-1373
-1561
-1495
-1326
-620
141
94
-49
479
757
377
295
557
586
975
1910
2259
1758
1546
2061
2565
2695
2820
3180
3284
3068
3039
3295
3183
2278
1655
1832
2129
1891
1501
1034
464
-81
-538
-347
-801
-1043
-1034
-1508
-1664
-2305
-2173
-2644
-3444
-2844
-2781
-3137
-3685
-3665
-3790
-4633
-4686
-4465
-4742
-5248
-5634
-6331
-6901
-6180
-3857
-1191
-321
-1734
-3600
-3547
-1784
-193
991
2397
3044
2107
1481
2749
4203
3852
2760
2883
4225
5553
5895
4937
3168
1743
1483
2063
2539
2466
1985
1124
-18
-799
-876
-987
-1768
-2498
-2165
-1127
-615
-1047
-1820
-2339
-2414
-1973
-1037
51
675
430
-240
-355
384
1219
1464
1348
1478
1990
2546
2767
2564
2209
2188
2855
3995
4813
4687
3786
2849
2552
3012
3647
3678
2929
1935
1378
1408
1438
847
-160
-931
-1187
-961
-489
-528
-1523
-2660
-3077
-3132
-3261
-3099
-2717
-3013
-4087
-4797
-4638
-4554
-5202
-5829
-5775
-5652
-6107
-6852
-7520
-7818
-6664
-3483
-436
-497
-3058
-4514
-3294
-1067
777
2351
3294
2868
1902
2131
3702
4917
4560
3516
3633
5299
6908
6671
4552
2267
1524
2320
3322
3584
3020
1697
-53
-1287
-1358
-915
-1100
-2063
-2809
-2542
-1740
-1551
-2338
-3335
-3561
-2696
-1263
-165
74
-325
-785
-801
-209
732
1577
2014
1991
1922
2358
3061
3109
2343
1823
2605
4635
6556
6643
4807
2940
2567
3328
4197
4648
4377
3303
1964
1144
982
852
159
-803
-1089
-387
309
-204
-1894
-3550
-4076
-3441
-2544
-2295
-2824
-3709
-4650
-5413
-5650
-5472
-5545
-6094
-6568
-6634
-6706
-7440
-8774
-9296
-7231
-2974
264
-333
-3624
-5624
-4176
-940
1667
3214
4000
3654
2614
2585
4074
5365
5025
4035
4462
6597
8267
7324
4274
1701
1433
2966
4376
4337
3020
1253
-427
-1562
-1729
-1244
-1124
-1759
-2378
-2267
-1807
-1985
-3119
-4331
-4284
-2628
-544
364
-259
-1296
-1626
-1061
27
1259
2181
2474
2226
1969
2165
2622
2891
2677
2699
3940
5982
7196
6210
3979
2562
2777
3992
4846
5021
4520
3233
1709
530
385
574
189
-381
-754
-540
-545
-1485
-3014
-4359
-4323
-3364
-2611
-2671
-3629
-4695
-5519
-5857
-5822
-5644
-5354
-5604
-6492
-7470
-7868
-8146
-9125
-9329
-6769
-2048
765
-1018
-4895
-6447
-3937
217
3310
4666
4543
3562
2521
2785
4476
5877
5871
5249
5851
7618
8367
6677
3419
1355
2050
4381
5928
4938
2237
-304
-1652
-1865
-1541
-935
-851
-1642
-2498
-2799
-2701
-2972
-3627
-3924
-3177
-1476
-74
-38
-1076
-1894
-1596
-347
1050
2043
2532
2594
2400
2256
2543
3196
3767
4124
4699
5713
6620
6460
4984
3339
2978
4101
5236
5362
4502
2849
1225
354
430
745
653
185
-631
-1265
-1528
-1898
-2658
-3509
-3774
-3266
-2613
-2828
-4052
-5315
-5731
-5433
-5015
-4918
-5345
-6124
-6927
-7500
-7844
-8220
-8773
-8716
-6586
-2470
473
-806
-4778
-6810
-4424
247
3883
5371
4862
3122
1502
1676
4117
6560
7220
6672
6424
7063
7245
6026
3734
2168
3100
5428
6598
4998
1733
-899
-1834
-1296
-416
128
-244
-1664
-3102
-3622
-3169
-2836
-3109
-3244
-2715
-1565
-741
-842
-1577
-2212
-1669
38
1724
2305
1923
1493
1287
1416
2144
3263
4071
4254
4253
4638
5385
5685
5005
3948
3692
4503
5230
4917
3523
1996
1139
958
1211
1222
814
-104
-1170
-1820
-2094
-1990
-2133
-2661
-3219
-3543
-3462
-3668
-4269
-4801
-4904
-4572
-4563
-5111
-5870
-6559
-6877
-6969
-6935
-7006
-7703
-8620
-8387
-5611
-1482
90
-2569
-6412
-6774
-2865
1724
4192
4258
2973
1524
1078
2796
5482
6949
6705
5961
6181
6872
6904
5626
3625
3005
4466
6472
6483
3848
733
-965
-741
311
886
555
-831
-2437
-3467
-3549
-2917
-2544
-2573
-2728
-2600
-2091
-1834
-2102
-2628
-2519
-1093
719
1588
1145
340
296
897
1808
2777
3559
3892
3533
3230
3740
5051
6105
5621
4266
3569
4129
4916
4638
3709
2779
2302
2071
1467
836
329
7
-479
-1218
-1517
-1567
-1695
-2426
-3585
-4014
-3668
-3228
-3504
-4288
-4788
-5027
-5086
-5434
-5991
-6027
-5902
-6015
-6617
-7282
-7769
-8675
-8672
-6666
-2849
-221
-1785
-5462
-7312
-4600
19
3049
3928
2857
1502
589
1610
4053
5608
6163
5846
5816
6012
5987
5654
4159
3205
4069
6042
6807
4541
1447
-478
-437
658
1318
1500
490
-1269
-2790
-3265
-2636
-2191
-1936
-1861
-2013
-2069
-2174
-2234
-2392
-2158
-1098
149
942
762
112
-114
378
1357
2318
3023
3361
3146
2529
2233
2799
4249
5425
5430
4524
3452
3135
3223
3421
3664
3730
3542
2493
1037
30
-187
265
373
62
-559
-1272
-1878
-2623
-2941
-2898
-2519
-2318
-2743
-3281
-3879
-4086
-4246
-4384
-4275
-4205
-4047
-4471
-5349
-6080
-6193
-5713
-5767
-5882
-5007
-2863
-999
-1747
-4142
-5496
-3816
-446
1992
2893
2179
742
-438
125
2608
4944
5884
5125
3890
3321
3718
4660
4701
4200
4078
4520
4610
3255
1583
540
657
1371
1851
1886
670
-1090
-2465
-2567
-1612
-788
-389
-831
-1747
-2556
-2603
-1786
-989
-604
-392
-60
70
-161
-348
-129
422
1066
1681
2028
1988
1623
1214
1155
1735
2819
3766
3894
3119
2153
1788
2081
2481
2633
2569
2241
1482
515
-83
-80
168
163
-235
-792
-1246
-1518
-1754
-1944
-2020
-1997
-1987
-2171
-2685
-3045
-2777
-2450
-2352
-2422
-2395
-2559
-3032
-3104
-2913
-2771
-2657
-2870
-3188
-3792
-4156
-3435
-2001
-586
-702
-1677
-2803
-2814
-1765
-70
1114
1388
966
142
-354
196
1519
2755
3079
2804
2482
2345
2397
2338
2342
2639
2979
3132
2703
1988
1318
954
1007
1134
1307
1141
574
-239
-945
-963
-541
32
140
-268
-789
-1132
-947
-504
-30
203
144
-20
-137
-70
118
367
578
737
783
695
538
432
453
602
839
1000
936
626
503
688
1081
1266
1089
948
951
955
903
885
952
792
678
721
568
353
97
277
165
141
-195
-261
-327
-401
-483
-490
-376
-578
-927
-1060
-961
-930
-1176
-1500
-1521
-1253
-1235
-1501
-1765
-1773
-1645
-1543
-1442
-1746
-2193
-2261
-1985
-1457
-1234
-832
-1086
-1585
-1953
-1371
-527
-137
-131
-173
-285
-483
-381
159
685
893
896
915
932
1010
1071
1187
1334
1432
1484
1403
1150
918
826
835
880
869
781
618
368
147
130
295
433
412
264
51
-105
-61
144
346
420
324
115
-80
-127
-13
165
286
227
45
-63
-66
0
68
63
103
173
96
-19
-9
74
144
208
344
469
459
432
469
492
463
434
504
587
559
541
560
494
398
351
400
535
541
326
135
136
170
85
44
182
229
17
-154
-155
-131
-101
-92
-187
-337
-468
-528
-518
-500
-491
-508
-605
-762
-929
-1037
-1051
-1067
-1115
-1112
-1048
-1015
-1072
-1190
-1258
-1202
-1044
-843
-711
-721
-762
-729
-667
-552
-332
-128
-41
-58
-86
-40
111
286
409
447
414
437
510
550
551
584
644
666
724
715
649
585
509
486
462
472
483
470
402
281
264
288
246
173
157
178
186
167
131
126
109
78
47
51
129
209
177
25
-106
-70
38
36
3
-10
-19
-29
-86
-155
-180
-149
-87
-24
-56
-131
-141
-153
-130
-113
-29
90
95
51
29
112
205
240
242
216
218
236
300
359
376
382
333
230
170
181
204
243
247
191
131
51
-15
2
33
28
42
55
42
-24
-149
-226
-210
-171
-131
-80
-94
-215
-375
-444
-343
-153
-48
-77
-146
-250
-293
-204
-115
-31
38
65
43
-27
-102
-187
-210
-142
-19
76
39
-89
-235
-305
-220
-76
27
4
-112
-134
-103
-87
-72
-25
91
154
197
186
93
58
70
154
204
175
160
143
71
-41
-86
-69
-15
-4
-82
-184
-224
-235
-290
-282
-251
-189
-137
-177
-223
-224
-195
-154
-103
-68
8
80
87
62
20
63
128
195
213
180
157
140
144
145
195
204
181
137
53
51
56
55
26
-16
-31
-65
-99
-156
-184
-174
-189
-248
-312
-333
-286
-199
-183
-227
-274
-306
-285
-232
-193
-147
-114
-103
-63
-11
2
-49
-142
-179
-88
66
133
51
-80
-138
-94
6
94
121
108
88
85
85
69
60
115
226
306
343
305
212
135
177
326
371
326
258
203
165
123
139
159
154
120
43
-35
-93
-89
-70
-119
-158
-105
-91
-114
-126
-162
-204
-201
-115
-56
-25
1
5
9
-9
21
82
89
62
48
47
57
81
92
133
177
175
122
88
72
68
91
87
118
103
17
-45
-75
-50
-14
2
-42
-121
-153
-100
-62
-86
-68
-39
-8
-9
-12
-2
-15
37
131
202
196
152
96
48
47
94
142
112
80
9
-59
-36
-18
-7
-30
-72
-71
-25
-20
-60
-98
-108
-56
-15
-24
-81
-104
-60
-40
-56
-82
-80
-78
-73
-77
-118
-157
-171
-145
-143
-188
-209
-201
-177
-174
-183
-157
-151
-174
-190
-183
-133
-111
-123
-98
-66
-49
-39
14
75
101
127
133
122
100
93
122
141
166
184
186
189
154
124
120
140
151
110
54
21
20
-19
-84
-119
-134
-123
-131
-183
-259
-307
-278
-238
-246
-264
-247
-198
-190
-205
-169
-83
-46
-53
-42
-3
54
48
17
31
37
52
81
92
83
78
80
66
50
80
155
203
203
193
173
168
208
281
340
322
236
186
203
231
225
189
144
104
72
68
41
-20
-81
-113
-130
-161
-175
-201
-240
-268
-233
-170
-149
-143
-180
-168
-127
-68
-50
-97
-49
-23
-44
-26
39
118
129
97
58
54
86
136
187
196
187
167
157
146
122
118
137
162
186
192
145
72
13
-6
26
50
7
-78
-138
-135
-115
-129
-185
-227
-216
-186
-201
-216
-196
-200
-172
-140
-123
-100
-106
-111
-128
-96
-38
6
31
13
22
22
31
30
34
69
70
99
118
107
105
103
131
179
221
212
183
159
150
200
255
261
206
157
150
107
75
55
21
-11
-57
-79
-129
-182
-209
-239
-234
-212
-192
-176
-194
-255
-282
-245
-201
-186
-177
-135
-97
-89
-83
-46
10
43
36
24
50
92
112
108
103
87
85
106
121
123
114
117
105
96
107
97
59
12
4
-9
23
61
17
-14
-45
-30
35
4
-75
-111
-117
-106
-90
-66
-32
-43
-96
-118
-95
-43
-9
-43
-99
-94
-55
-27
-16
-38
-63
-44
-1
23
31
27
50
92
98
100
109
126
152
203
228
212
202
170
181
204
215
220
196
196
148
104
114
103
97
105
80
25
-14
-27
-43
-66
-70
-60
-69
-76
-90
-132
-150
-134
-118
-113
-101
-102
-118
-133
-138
-101
-58
-13
-2
-18
-1
5
33
40
47
88
96
88
56
40
9
-19
19
37
34
9
-52
-79
-65
-47
-28
-38
-71
-79
-73
-70
-41
-13
-19
-43
-63
-72
-49
7
27
-14
-51
-34
-10
0
-9
-47
-41
-25
-1
33
35
16
-9
12
45
40
32
35
20
0
23
33
35
60
51
36
53
51
50
72
48
-1
-14
-18
5
45
47
16
-20
-41
-16
17
27
35
23
10
5
-17
-18
2
16
35
36
34
52
44
36
35
11
17
56
63
36
36
49
57
70
62
72
100
120
117
88
88
111
110
110
109
79
69
60
14
-35
-53
-45
-35
-37
-51
-78
-115
-139
-149
-133
-76
-50
-68
-101
-115
-90
-50
-9
-4
-14
13
40
43
45
45
33
15
14
49
89
83
62
54
38
38
60
77
51
47
58
53
65
51
52
47
23
22
37
84
87
40
-11
-32
-20
-28
-40
-41
-52
-71
-86
-96
-101
-86
-85
-87
-68
-63
-43
-16
-20
-39
-63
-40
23
59
68
51
7
-9
-9
21
80
101
94
50
11
3
-5
34
76
79
66
44
47
27
7
34
75
112
83
32
-8
-27
-7
0
0
-14
-23
-30
-53
-69
-95
-121
-137
-124
-90
-89
-71
-51
-60
-40
-53
-62
-24
-29
-8
20
19
16
-20
-13
14
38
72
54
3
-40
-8
48
64
106
93
35
-10
-20
30
43
67
71
32
9
-10
-10
-29
-45
-31
-3
9
-4
-42
-83
-88
-95
-82
-47
-32
-35
-69
-86
-75
-50
-31
-32
-22
-21
-38
-31
20
70
56
30
24
19
29
47
70
75
56
49
60
49
38
43
58
92
70
15
16
23
24
43
55
41
11
-37
-66
-56
-31
14
30
0
-41
-89
-100
-75
-35
-3
-19
-47
-94
-131
-102
-67
-57
-44
-34
-49
-59
-60
-59
-43
-29
-3
30
21
-23
-51
-44
-23
-6
-6
-15
-30
-33
-4
2
3
16
36
51
23
8
18
25
19
6
15
30
40
14
-16
-7
6
15
1
-18
-41
-47
-23
-32
-47
-45
-37
-19
-33
-47
-39
-45
-52
-47
-16
16
4
-16
-40
-49
-22
-1
12
10
7
2
-20
-47
-70
-49
1
32
33
-2
-38
-54
-56
-35
-14
7
20
0
-29
-38
-8
11
-1
10
10
-8
-37
-43
-25
-33
-28
-7
-9
-38
-55
-43
-36
-17
2
-18
-36
-31
-9
15
13
13
13
22
48
26
-12
-14
6
27
46
57
11
-20
-12
-24
-9
24
38
12
-40
-43
-32
-20
-15
-20
-8
0
0
-19
-38
-57
-47
1
6
-9
-24
-32
-56
-79
-71
-49
-14
-17
-37
-39
-48
-50
-39
-22
-6
0
-10
-20
-31
-35
-14
26
55
60
64
46
5
14
54
60
54
56
47
26
3
9
7
4
30
34
23
4
-2
14
3
-22
-13
17
24
2
-10
13
9
-7
7
-19
-26
15
50
63
33
-2
-9
-10
7
56
77
68
65
54
60
88
106
93
57
68
85
73
61
49
57
41
40
70
73
54
19
15
44
63
53
51
29
-6
12
43
63
50
22
-8
-8
-1
-19
-6
-16
-20
-22
3
39
18
5
-24
-35
-10
21
42
21
4
-13
-32
-33
-25
-18
-4
1
16
26
8
-7
-8
18
46
80
98
53
12
0
22
58
99
119
78
39
9
5
22
31
41
30
32
42
4
-27
-43
-70
-38
3
21
20
-24
-44
-24
17
41
52
25
-22
9
41
64
72
51
53
72
84
78
68
48
62
79
88
85
69
51
13
12
7
27
56
23
3
-10
16
14
3
8
-18
-23
-2
19
32
33
2
-16
-12
-16
-2
-9
-24
-37
-52
-50
-52
-39
-49
-58
-26
-4
29
7
-52
-61
-54
-27
-1
-2
-15
-19
8
6
4
13
2
21
43
63
61
32
8
-17
-6
28
58
81
56
16
-6
5
37
46
20
-2
-1
2
6
-8
-37
-48
-27
0
-4
-27
-42
-48
-41
-40
-52
-50
-42
-55
-53
-33
-28
-46
-72
-56
-22
-5
1
-14
-20
-13
-6
15
14
-1
-3
17
19
-4
-9
-27
-31
-18
-31
-9
8
0
2
1
25
42
41
48
43
43
42
64
88
82
84
86
77
58
65
74
55
33
13
15
23
15
12
6
-6
-21
-32
-34
-24
-41
-52
-37
-32
-31
-42
-41
-15
-10
7
27
27
14
0
7
19
39
64
57
27
12
15
39
70
93
102
63
60
67
38
56
48
22
18
19
37
28
9
-5
12
32
26
23
-5
-8
16
14
13
10
-3
-27
-46
-46
-42
-22
-11
-13
-25
-47
-40
-60
-65
-22
-16
-14
-40
-65
-57
-53
-20
-8
-15
-16
-41
-48
-30
-17
-7
18
41
59
62
31
23
34
26
26
32
45
46
18
3
-13
-13
-5
-31
-37
-29
-19
-10
-23
-51
-61
-35
-23
-41
-30
-34
-46
-40
-27
-7
-17
-2
-20
-2
-10
-14
-46
-44
-38
-23
-16
-19
-26
-44
-41
-23
-21
6
1
-13
-2
-5
13
25
12
16
17
40
40
23
34
22
14
21
9
27
26
15
10
-8
1
-10
-12
-4
-16
0
9
10
-5
-20
-11
-24
-27
-6
15
18
29
41
44
53
50
40
46
44
33
48
54
52
69
72
64
89
97
70
71
70
54
79
100
104
97
77
64
57
65
81
89
75
39
28
27
21
15
1
0
-1
-16
-23
-16
-5
-1
-21
-49
-44
-53
-54
-49
-44
-40
-49
-46
-62
-58
-51
-46
-30
-29
-25
-21
-8
-4
6
21
23
36
17
26
46
38
62
46
26
38
22
31
41
23
14
30
44
21
1
-3
0
-15
-13
-4
-25
-39
-56
-60
-41
-34
-39
-54
-70
-73
-55
-46
-56
-68
-65
-43
-38
-45
-40
-34
-29
-42
-44
-12
14
26
18
-2
-2
6
27
48
32
28
43
48
60
68
49
24
33
55
79
94
54
43
43
22
36
50
65
51
13
10
-1
11
15
-30
-49
-25
2
-2
-14
-19
-27
-5
13
8
7
0
-19
-4
32
26
7
3
-6
-20
-7
41
50
16
15
35
49
38
34
32
12
35
48
31
29
18
35
41
28
23
4
8
-9
-24
-1
-7
-12
-34
-62
-59
-51
-53
-65
-62
-53
-55
-56
-64
-68
-79
-83
-59
-58
-65
-53
-58
-70
-62
-73
-53
-22
-19
-4
1
-11
-15
1
-2
4
15
16
-8
2
-5
-2
-7
15
24
15
10
11
-9
-11
-26
-18
-17
-48
-50
-51
-71
-88
-94
-97
-113
-109
-85
-92
-102
-107
-106
-109
-96
-79
-93
-95
-125
-106
-85
-66
-90
-76
-82
-62
-37
-45
-28
-34
-36
-41
-38
0
0
-3
6
10
8
31
23
32
35
26
14
42
40
32
9
12
14
7
1
-16
-30
-43
-15
-16
-26
-59
-62
-54
-62
-38
-26
-4
-23
-29
-7
-31
-59
-43
-61
-62
-36
7
17
7
-24
-5
9
17
1
4
18
32
33
28
44
56
50
48
74
75
68
53
23
31
56
59
71
44
15
20
27
30
27
-1
-4
-7
-42
-58
-38
-40
-65
-50
-47
-35
-32
-42
-57
-43
-38
-43
-29
-33
-42
-25
-26
-11
3
-9
-40
-28
-19
4
-3
-8
-5
-11
-1
25
22
13
34
48
31
33
40
42
36
23
22
23
46
55
48
30
-10
-5
0
-4
25
7
16
36
25
27
-3
-6
-4
-21
-26
-25
-55
-37
-18
-5
-2
-12
-10
-8
-15
-12
-16
-9
-11
-7
4
13
25
11
2
7
15
32
24
12
22
13
25
55
51
59
49
58
68
41
37
50
79
62
42
37
18
4
-1
0
-6
-11
20
9
-33
-50
-27
-8
-20
-12
-14
-39
-45
-44
-42
-36
-18
-1
3
-10
-19
-16
-24
-28
-27
2
44
64
59
34
26
25
22
27
33
27
25
36
41
48
38
34
49
32
20
32
45
66
68
56
58
43
41
36
4
17
30
16
22
31
16
17
29
7
1
-4
12
35
24
23
-3
-10
-4
-18
-1
11
12
7
-19
-20
10
10
-2
-3
5
16
10
13
-2
-19
-4
22
13
-9
-6
-17
-29
-17
0
-2
-10
-21
-33
-24
-12
0
-9
-15
-37
-55
-38
-55
-55
-56
-81
-90
-82
-54
-63
-78
-89
-86
-74
-65
-64
-89
-92
-85
-68
-60
-79
-63
-65
-74
-51
-38
-32
-40
-48
-42
-18
-34
-23
-2
-30
-27
-24
-25
-2
-31
-55
-40
-25
-24
-9
3
7
26
8
-2
-3
-10
-3
-13
-16
6
21
10
17
25
3
-6
3
-2
-18
-13
3
9
10
3
-12
-11
-2
-8
-23
-27
-18
-3
13
16
-3
-12
14
45
58
64
77
93
86
83
71
56
48
44
47
50
49
59
59
41
31
29
54
61
50
38
34
24
20
30
64
54
49
49
48
43
41
34
37
33
54
50
54
56
45
47
55
48
63
47
47
42
44
51
32
38
58
53
42
40
41
27
26
32
31
27
34
29
10
13
37
51
51
39
23
18
22
21
18
14
30
48
34
16
22
32
24
22
14
3
15
14
3
8
9
-5
3
13
-9
-17
-10
-24
-13
-39
-57
-46
-41
-64
-60
-70
-63
-38
-67
-59
-51
-57
-58
-18
-38
-27
-26
-22
-23
-40
-36
-37
-47
-20
-13
-20
-40
-45
-30
-19
-18
-24
-18
-14
-1
-2
-7
7
16
8
-4
14
6
6
9
12
44
32
27
35
24
14
-2
0
18
19
43
18
-6
-6
-5
0
-9
1
2
-6
-5
-13
-13
-21
-7
10
9
6
-2
7
6
-4
-9
-26
-22
-17
-13
-19
-42
-45
-38
-23
-19
-26
-17
-20
-32
-4
-5
-22
-4
-18
-23
-18
-32
-32
-40
-26
-25
-30
-6
-22
-19
-9
-35
-44
-36
-18
-26
-18
-18
-48
-48
-35
-22
-15
2
-22
-25
3
-24
-7
1
-18
2
-4
-5
19
1
1
9
-21
5
35
30
37
37
47
37
29
42
50
46
51
51
50
59
55
45
48
49
28
45
34
25
20
21
36
46
60
59
31
36
43
46
48
27
48
32
24
15
9
25
29
24
31
38
52
50
42
42
33
26
16
17
40
58
89
109
131
174
224
218
202
224
309
473
585
751
766
576
313
-68
-328
-616
-857
-1072
-1301
-819
185
1146
1588
1804
1486
632
-339
-650
-546
-789
-666
-785
-383
-461
-12
164
376
259
75
116
-3
208
114
365
270
383
302
311
200
75
33
-7
-45
-49
58
138
224
267
247
162
-108
-296
-504
-455
-485
-559
-177
468
1032
944
694
195
-444
-1096
-1157
-697
-265
176
339
656
310
50
-572
-888
-1223
-1007
-562
-29
387
729
828
708
561
412
-105
-558
-1164
-1175
-1420
-439
669
2019
2069
1767
691
-583
-1724
-1954
-1387
-1057
-409
-165
583
490
1182
1434
2275
2045
2058
1256
376
-881
-1450
-1451
-1315
-630
-221
230
-330
-359
-1124
-1242
-1604
-801
-225
801
835
220
-1242
-2721
-3565
-3034
-756
1385
2905
2579
1487
-843
-2390
-3470
-2969
-1673
1289
3531
4919
3824
2414
-403
-1859
-3123
-1442
-290
1546
1898
2081
1270
-121
-972
-1045
-93
984
2292
2538
2511
926
-16
-1479
-1326
-1071
-29
186
594
250
-541
-1353
-1612
-1474
-1038
-174
977
755
234
-504
-1035
-1481
-1489
-369
536
920
745
549
234
-810
-1156
-896
-317
-11
298
727
153
-276
-184
-510
-807
-981
-435
403
237
61
-324
-874
-917
-1237
-632
301
247
676
546
74
-264
-1149
-980
-954
-653
202
414
615
340
202
244
428
448
1051
1539
1391
1450
587
348
-261
-447
-250
-267
976
891
348
-465
-681
-755
-1444
-408
273
-3
-632
327
837
-124
-723
-392
-743
-1306
294
671
866
-6
193
-576
-779
-302
11
457
948
806
933
-297
93
-247
-1275
920
739
194
158
524
-107
-1023
-727
1103
-864
-1130
527
352
-159
-415
600
-500
-1383
-726
644
483
508
-26
-318
-740
-895
-47
145
545
532
-546
174
-708
114
-170
-661
306
-203
1049
-461
-238
192
-614
-290
965
576
-563
-406
-103
-346
-608
142
278
92
-339
903
-234
-941
-71
-338
89
320
-193
167
8
-713
-307
-575
41
-227
103
-99
425
-104
120
65
-778
230
-208
-700
592
889
670
-343
-370
-143
-30
-776
-716
1014
-95
354
568
1
-885
-1243
-790
1168
-382
1169
954
-799
-898
-292
241
-638
48
959
633
271
250
-522
-836
-641
665
408
586
337
491
-1064
-266
-553
881
1197
-254
-758
-506
-114
276
-59
619
346
-413
249
-400
854
-367
487
675
-605
548
90
537
-668
328
2167
356
-501
-82
-548
-367
-577
1456
1564
-81
-398
-1153
-163
377
-177
540
-287
540
-170
-824
367
660
-781
339
61
737
415
53
-290
-269
-899
280
-138
389
543
-398
-186
-436
80
217
265
-612
313
-72
576
125
279
-154
-320
-459
-691
-88
796
926
627
-581
437
-934
497
-1088
55
1741
305
-134
-899
551
-754
-950
525
1077
-476
-416
850
-410
-817
-448
1311
-625
-87
741
759
-604
-1103
121
-596
-160
606
643
1192
-123
329
-787
259
-1020
1363
422
878
162
-467
1063
-1942
-167
897
547
-545
145
867
-306
-1741
525
854
-342
71
262
1262
-579
41
445
-107
-1042
1011
889
-206
580
696
617
-1236
-60
1417
-340
88
1083
943
-795
-287
-133
-14
-436
213
1215
464
702
-582
-362
-954
111
-754
869
998
240
452
-1300
-290
-703
-347
738
-458
2037
-1058
155
-773
-429
-756
-1335
1621
856
-336
508
-272
-1
-1011
-909
2145
3
859
-247
-156
-700
101
-1260
-443
492
-234
251
234
326
-754
-541
-746
-251
-427
698
982
-357
-827
-168
-303
-291
-263
685
303
-266
-487
435
43
-1359
28
-293
66
-843
738
526
260
-804
-740
226
-678
-715
650
129
853
-753
-752
300
-1227
298
350
180
131
-1803
74
-388
-322
259
-430
-42
-590
146
-145
478
225
-456
-85
-678
865
319
480
633
-989
427
701
163
-347
-656
1128
123
353
792
74
-797
-762
961
248
395
-592
1336
-872
-1049
776
50
123
-160
417
978
-679
560
302
-29
342
805
-573
142
399
-737
-69
-166
977
-671
-136
965
-638
158
-334
1190
522
-844
224
-179
390
58
282
979
-820
-620
-379
432
677
-193
435
-155
-129
66
610
-56
155
-527
768
-591
80
232
-415
-263
-284
346
300
-521
616
-479
-232
156
437
548
-103
684
160
-546
386
1316
-851
-15
-526
188
-838
511
956
699
-1080
365
-401
-387
-901
531
1259
-1150
760
-437
327
445
-405
1062
-510
440
1281
-104
700
-472
-42
-607
-315
-570
563
445
326
-183
-386
-83
228
-311
98
385
348
-49
344
-419
588
-943
-153
-97
714
397
881
-39
155
261
-512
-150
292
435
-5
-223
560
869
-1499
217
-244
464
-148
260
1390
-395
362
-718
294
-533
-43
1010
741
191
-408
-1
-960
-929
649
158
1575
-562
733
-207
152
960
-566
-1092
68
800
596
1018
-961
-82
-1603
-58
503
895
457
382
-1915
-507
41
-964
190
-720
257
-384
8
560
-86
-602
316
-439
-187
262
-120
303
-57
327
-34
-415
202
154
678
-153
-165
70
-334
19
159
446
485
-382
-683
663
-330
911
325
-1137
-233
-1513
-293
-452
-119
779
1
-1572
564
358
762
-119
961
-357
139
-1030
663
-1
-391
369
-546
309
-323
432
-5
66
198
795
34
39
-875
633
-494
-112
-322
570
-579
-749
472
414
329
-1009
579
42
-878
65
227
415
-815
152
344
248
-1249
118
-723
405
-551
743
-187
-564
-821
24
173
-546
551
411
34
180
-407
703
-1005
407
-81
407
457
779
-645
-933
-1287
456
-93
390
-220
170
-834
-252
443
626
-231
-686
465
-466
593
545
416
75
-848
-366
565
-791
1206
-196
751
393
-157
-334
471
-311
-580
-542
412
740
-162
-544
67
-599
-1370
89
-883
726
-498
-55
572
-588
-852
-471
-193
287
-366
378
1150
-578
-675
-554
487
-293
413
677
1272
-558
-744
244
-212
-552
-194
700
184
-563
825
-128
-621
-492
219
424
-1123
427
-73
-717
-1096
488
139
-366
-276
346
-78
-689
7
1382
-190
-407
682
-95
-451
-324
780
739
-549
220
374
-672
-569
-134
385
224
-228
-99
233
-422
-543
252
-675
787
-327
829
53
158
-205
-409
-189
324
-327
1073
-966
163
-1125
-34
477
-470
1250
-585
559
-1089
665
151
85
-428
-232
155
352
-123
183
683
-1398
389
-700
737
-501
-85
518
-429
202
447
171
-227
-803
-291
779
240
-72
219
-609
-446
-600
713
434
-640
52
-97
-38
-21
401
91
-593
-202
130
1153
403
-559
170
-615
-107
-367
894
581
-1531
118
-143
405
-920
329
1027
-201
-91
1057
348
-739
-646
874
-201
-229
764
235
-812
-923
392
-406
-412
900
696
303
-463
645
-711
-538
392
925
-429
574
-120
-24
-602
-172
319
-266
530
658
420
-343
-72
-87
-456
-109
401
584
-987
761
-183
-435
-483
409
-42
-619
-361
629
-676
-179
239
138
-281
-686
365
-264
363
418
-98
90
-217
537
-525
627
-22
180
-348
431
524
318
310
164
-1071
62
268
168
266
216
309
-406
-513
709
135
-395
240
459
379
309
541
328
-772
-211
517
301
527
556
700
-45
-771
308
79
-646
-400
143
511
-682
-395
414
-672
-861
-207
718
337
-204
685
-90
-1051
-43
491
-306
20
964
561
-221
-328
223
-433
-1282
295
864
-229
70
1096
293
-1138
-480
11
-353
-533
936
1029
-277
-257
-680
-447
-340
-545
1142
675
252
216
-646
268
-1367
444
84
697
120
-125
493
90
99
-194
-218
816
147
409
331
793
-362
-1191
259
397
125
-266
203
508
-1043
-296
108
-121
148
-201
814
-439
365
-313
239
-306
309
-295
-700
241
-270
747
-453
174
-645
175
-289
29
166
128
59
-102
506
-696
627
-433
-284
237
723
-171
18
54
-400
-681
-436
-80
309
-237
143
308
-300
-161
57
53
46
228
-100
-373
586
-971
709
-824
263
-5
-300
621
-802
303
-117
-145
-104
116
530
-439
-1012
150
8
45
-620
71
-53
-665
82
609
618
4
-380
183
345
-404
217
-923
896
-564
122
505
-183
-41
-1433
614
-263
680
-221
866
-92
205
-332
9
487
-141
-87
843
774
114
-520
184
428
-937
780
33
788
-443
126
269
-1097
-25
-95
126
340
-22
668
-723
-211
215
14
80
-347
1071
-874
650
-72
-6
116
6
554
-563
938
-324
356
-533
612
-178
-534
335
294
196
-430
400
-277
-171
83
66
811
-578
587
-274
-170
-27
74
-30
-229
585
-524
349
270
109
-193
-531
354
-1
-833
816
-14
-781
-109
433
71
-137
-827
1370
-1278
-193
1038
358
94
-564
564
-241
-215
-164
1282
-358
-359
458
419
-389
-811
813
721
-758
-198
650
-28
-1501
290
727
-702
110
325
468
-978
235
-66
-99
-769
343
-26
-235
-314
145
36
-588
-113
4
35
-496
53
435
-324
702
-264
265
240
-201
148
255
325
94
462
-750
291
-396
453
-47
17
167
135
47
-198
309
-49
100
-538
673
-262
291
298
-864
-363
-275
1176
-770
915
-71
-147
-334
-628
923
-342
-45
276
-92
184
150
750
-307
-887
223
429
-25
-135
844
299
-848
-167
353
-192
-190
241
390
92
-766
921
-814
272
-313
681
-107
366
47
574
-419
-488
348
274
96
-166
256
407
-802
390
-343
662
-635
200
309
390
123
-134
-628
-487
-591
408
103
139
-25
-581
-781
-198
-200
144
67
-97
376
-228
40
531
-546
-479
-23
197
-159
-71
977
208
-482
89
428
137
-133
384
125
-184
-470
27
258
-316
-171
-209
522
-586
262
410
-97
-324
-759
927
-206
384
28
819
-395
-204
316
138
393
-634
228
185
-635
920
-72
568
-828
487
56
224
-59
441
-216
-469
-498
117
361
-554
112
-32
281
-598
772
47
112
-679
276
-397
82
52
806
-379
-559
372
-131
-292
132
92
256
-685
431
52
-470
21
-199
158
-593
381
519
-268
-44
-341
483
-361
160
831
373
298
-92
245
-4
-245
414
221
24
165
97
-525
-485
305
-104
8
-479
355
-660
153
-663
10
-299
-160
-377
-614
861
-700
304
-279
806
25
-204
521
-260
191
-366
563
129
-150
393
-379
604
-1146
979
-448
520
-730
472
-279
-241
-63
163
75
-381
202
2
163
-110
-45
-255
190
-549
-72
147
502
-240
-715
458
-161
-490
269
228
64
-519
-127
363
-5
-478
433
-151
198
60
-282
359
-418
-17
-658
322
-236
155
-356
308
138
258
111
-2
-12
-31
-453
632
363
-93
-195
-209
-305
-257
64
252
48
-258
121
-267
628
-328
-369
40
68
150
-486
688
390
-415
-165
76
199
173
-527
196
650
-76
-352
15
452
-284
-930
337
377
-346
-25
136
111
-628
-153
237
-360
231
-60
632
-532
24
13
217
41
-89
191
566
-665
-62
240
97
-330
203
173
-275
115
-2
679
-722
236
-171
110
-242
-52
273
-321
540
-523
332
-203
-36
92
-108
197
218
-95
-27
6
-236
511
-259
365
-184
250
-85
494
-284
275
-157
-119
563
133
-133
190
-61
-49
-283
543
365
-66
-400
408
51
39
-117
-79
-130
98
216
195
193
1
-393
-101
-409
447
-164
155
-223
-227
77
107
-214
-427
143
-374
77
104
504
-260
-421
-290
407
-357
149
205
314
107
55
81
296
101
-305
-56
346
237
-537
296
-483
239
-706
124
-55
-622
-17
-376
-4
-481
118
-60
-86
-46
52
-118
-443
285
-387
138
-631
426
5
44
121
-170
9
139
279
-8
-294
528
-179
211
-404
1010
0
-527
153
576
540
-270
83
171
-173
-288
-230
355
69
-8
-388
-97
106
-502
-84
-382
75
-181
288
175
20
45
-408
-368
115
267
129
-125
404
-323
205
172
232
-190
54
-134
71
118
91
-70
-306
580
-388
-111
295
243
-406
20
-379
308
-124
0
232
-319
283
64
-155
102
-230
807
-74
490
224
-235
212
-833
387
612
356
-75
-433
111
350
-628
114
61
62
-304
-278
455
-136
-212
-181
515
-279
201
-167
274
-243
-365
231
300
-220
108
-68
528
-223
-169
74
18
404
-613
526
-275
35
-300
132
-69
89
-146
-270
-245
307
32
-73
51
535
-365
-320
394
-157
258
-385
363
-183
361
-461
291
-625
227
312
-16
310
45
-155
46
23
318
295
-147
181
40
412
-178
-17
69
-63
-481
475
-207
480
-244
172
214
-258
478
-52
-90
-37
300
-156
-244
41
202
-135
-803
475
-101
113
-393
655
17
1
-512
308
0
-3
119
-168
762
-190
-76
421
150
381
-226
269
110
-33
271
-557
-43
237
-12
-419
-306
291
-613
68
-432
786
-578
168
-12
-20
-503
120
-84
-31
216
237
382
-354
220
-23
262
-285
569
-622
346
-314
73
85
-145
-34
-228
202
-146
261
-153
271
-491
605
-306
38
-2
-110
-293
-503
824
-382
122
-345
479
-415
-378
367
84
-455
-369
20
132
-351
-42
309
97
-535
288
399
-233
339
-617
278
-1213
375
-377
-46
360
-398
503
-699
829
-31
-533
109
73
-241
-79
277
83
-782
24
-224
-127
-174
-84
87
-690
117
-488
180
-354
-115
112
-110
-159
-329
162
-61
-204
-239
51
-22
179
-46
188
-161
174
-74
75
10
-219
486
-61
182
-301
347
100
51
172
-71
476
-226
17
377
154
215
-497
213
-414
-9
-83
163
-418
48
267
-358
77
178
270
-262
-13
100
-98
-70
-230
216
-345
320
-147
198
188
537
98
55
-55
-191
-138
-225
156
-166
419
-207
322
-723
488
-195
227
-223
675
-28
32
-44
332
-12
337
-503
607
-221
82
72
-772
573
-680
491
-529
383
-240
-99
-71
169
536
-515
419
-394
-199
-239
462
305
-411
178
163
-268
-375
470
18
456
-585
757
-57
310
-185
-257
501
-74
-236
230
24
55
-629
275
64
79
-6
-141
-22
166
455
-498
118
730
-221
-26
-24
497
-243
-567
263
-365
282
-467
856
-511
305
-353
-111
-17
-235
95
-303
307
138
-138
216
28
176
35
58
-334
92
-100
-154
-436
562
-40
-621
268
-208
289
-764
341
-323
-132
0
182
-357
261
28
1
-185
189
281
-207
16
621
-180
66
-192
100
-136
-734
592
129
-78
-240
-111
119
-515
252
282
207
-479
325
46
-470
237
-189
534
-326
360
592
193
256
-321
420
-184
292
248
215
547
-76
418
-42
335
436
-112
231
-284
851
-259
21
327
260
210
-435
569
-68
106
-8
-88
514
24
146
-142
-172
322
-101
332
-286
360
-112
161
-428
62
555
-799
-185
-321
432
-560
-164
567
-463
80
-79
367
-171
388
-103
-177
-62
495
219
138
-4
349
-328
332
-345
426
-222
-119
-234
-292
253
-139
-170
-464
102
323
-425
-151
149
88
-479
206
334
214
38
-80
-257
139
313
-116
-29
-16
292
-339
-126
437
39
-445
33
-385
223
-497
538
-206
259
-522
308
-704
281
-449
362
-381
169
55
-215
648
-768
460
-187
652
5
-46
451
-30
-580
71
260
-668
26
84
-18
-609
-109
448
-122
-43
194
216
-34
-134
167
-90
248
-264
-85
-260
-170
311
-43
-84
-453
301
-142
-298
-180
388
-386
-85
109
-173
-33
-429
131
-423
-265
398
-382
-126
-297
128
77
-128
-90
-326
479
-375
299
-123
446
-130
-341
89
61
208
356
-343
-218
137
-319
93
-95
401
397
-577
383
323
-209
239
-30
183
43
333
59
-372
405
156
-343
-25
609
255
-390
279
307
-416
-26
-196
152
-146
83
-49
-210
207
-224
-141
-189
372
-19
-310
456
87
131
21
-242
540
-524
557
-840
390
152
-290
275
-254
780
-515
166
590
-197
-143
-90
738
-728
621
-254
284
-322
97
129
-688
676
76
-128
-165
749
96
-246
-107
431
24
-503
561
359
-202
389
-539
356
-302
426
94
-520
251
-564
270
-253
-49
172
-288
242
-400
416
-105
107
127
-735
563
-228
884
-720
389
-250
222
480
-273
603
103
70
-312
-257
510
-570
82
-620
686
-698
336
-311
353
-143
-459
166
-77
178
-258
308
49
138
-257
-125
388
-794
691
-29
30
-198
152
390
-663
533
-230
821
-375
-47
-10
-351
535
-898
472
-616
320
-423
311
436
-146
172
73
-165
-240
-127
442
-311
187
-92
697
-455
69
271
-21
68
11
866
-142
33
-149
130
-755
601
-50
-272
-282
63
-103
-372
-34
89
-334
-31
-394
-46
-453
136
-296
-216
553
50
364
-393
135
-345
-271
813
-242
269
140
376
-303
-234
517
-178
133
342
338
-333
353
112
-602
27
301
117
-557
125
554
-166
310
101
-14
-458
-163
391
-500
769
-404
297
-621
58
365
-239
91
10
424
116
-40
870
-518
-38
-440
542
-490
362
123
147
-451
-338
213
-118
-99
370
-595
105
-155
231
127
-319
97
-224
-88
-60
-95
563
-346
173
-72
243
-31
-547
604
-621
686
-768
514
-473
-460
-109
-254
755
-310
459
198
-187
112
350
-100
42
-136
298
-928
816
-8
126
-730
462
-28
-658
192
326
-56
-372
336
-23
-509
513
-140
22
-99
407
440
-832
541
205
-504
-211
-354
551
-131
324
308
-139
128
53
232
-476
-22
424
-324
171
-20
336
-112
-374
708
-631
583
-542
445
-653
363
586
-529
757
-751
572
-916
609
-22
-408
370
-263
165
-591
192
213
-814
849
-1320
1152
-835
1224
-757
9
382
-428
517
-477
835
-674
342
-89
-512
445
393
70
-774
613
299
-206
138
146
-389
-712
-278
-541
700
105
204
-83
-258
178
-182
-216
43
-70
-76
-468
259
-116
-30
-1018
425
-113
138
134
349
96
-102
137
-27
-365
23
-392
-121
-61
631
-218
-273
127
-416
-160
-149
441
-420
-220
258
-350
360
-219
-268
-201
-46
-332
-484
440
-105
-376
-58
350
49
-201
657
-356
-351
203
113
224
-418
1022
-503
-507
956
-98
628
-654
382
-363
-773
503
-8
660
-868
399
-51
-56
164
-485
1076
-710
241
162
-121
581
-459
49
-55
29
-136
676
-138
-142
-34
159
683
-558
623
-145
85
-243
769
31
-152
-94
424
-42
-573
968
231
-288
-926
687
-192
-644
437
257
-28
-503
1226
-768
97
75
237
-195
-74
911
-266
-150
200
-141
-173
322
660
-137
78
320
116
-340
-27
-29
-507
166
138
1
68
499
-14
-949
-10
578
-391
-240
484
-29
-536
-183
862
-897
30
270
738
-1145
942
216
-849
83
-178
467
-575
668
442
-766
268
-11
45
-316
325
138
-473
384
307
145
77
130
-10
-765
599
269
256
-718
931
-601
-340
103
24
634
-1163
794
-205
-144
2
248
36
-576
77
259
-283
-29
-163
80
-296
-251
422
-664
562
-784
570
-1098
890
250
-418
147
-450
756
-1180
973
-281
331
219
-117
147
-127
491
-513
159
183
546
-336
-143
225
-368
51
118
-160
253
-295
331
-297
11
-148
319
-107
-33
353
25
437
-454
453
-217
431
-439
384
-107
61
197
-476
537
-567
308
-306
67
-272
-300
321
-790
203
-592
274
-218
-241
365
-327
231
-65
-60
79
-391
821
-505
451
-185
915
-500
155
127
-216
156
-786
463
-534
428
-170
-172
398
-325
754
-7
107
-242
435
-224
-406
154
303
-937
120
344
58
-727
-31
250
-846
380
19
171
-518
632
-289
-258
-18
342
-534
-401
316
-238
-80
265
-68
-19
-598
280
-371
-637
574
-172
9
150
403
-56
-270
330
-437
0
-89
536
117
34
485
-362
95
-123
549
160
140
356
-263
330
-266
114
-59
-213
89
-272
-38
189
618
-170
-288
482
358
-69
-149
256
235
-140
-121
310
27
-98
-77
-85
18
-214
248
31
-495
-349
-79
-91
-77
349
43
-258
-431
7
34
-483
561
549
-254
569
-269
-22
-252
-232
336
-625
637
-17
-122
-464
508
-482
-253
51
379
-125
311
175
168
-240
-214
457
-175
112
272
356
-83
-419
348
-209
34
-287
647
-424
-46
-296
484
-588
-346
291
-70
-558
312
164
-279
-206
216
186
-488
-111
435
-41
-248
-336
186
15
-11
-19
200
-27
-86
-27
-435
92
214
-22
-20
-200
208
-317
-114
74
-397
786
-526
505
-712
371
-29
-129
-193
395
277
-593
463
106
-124
-219
52
313
-777
508
373
-260
-194
-44
469
-387
50
542
-220
-10
351
-172
-114
56
183
-341
-133
754
-121
217
-531
827
-582
190
171
-54
24
-685
682
-668
102
-193
-4
-159
-40
254
-219
328
-275
100
-398
508
-680
307
-496
327
-471
23
138
-102
-411
4
146
-314
-190
626
-460
23
-65
478
-779
325
69
247
-718
372
394
-263
47
-150
193
-549
674
-386
188
503
105
-443
-286
614
-293
-160
277
-10
199
-606
591
-895
729
-450
130
66
35
438
-485
45
-3
-113
522
-384
304
-273
307
313
-784
657
-314
474
-768
556
364
318
121
-399
735
-908
498
-525
692
-325
290
469
-582
467
-375
557
-1184
466
72
278
-104
-274
745
-639
387
-97
-519
149
415
-252
-98
70
186
-466
-252
263
-430
358
5
233
-431
-8
1106
-1205
-84
5
1300
-703
-134
999
-392
-710
-352
553
-459
-218
547
-47
-762
417
286
-296
-352
629
55
-652
75
543
-354
-402
401
331
-211
591
585
-301
-557
321
384
-644
109
622
-259
-216
399
-17
-368
-599
884
-870
188
353
452
-644
-630
646
-664
402
-541
616
-550
201
624
-252
279
119
236
-325
309
31
349
-163
-13
102
-528
1014
-865
479
-95
-171
325
-810
1031
-890
489
108
-491
353
-258
516
-987
-121
-82
-120
209
-356
701
-489
-9
71
-595
676
-731
822
-826
565
415
-333
483
-745
717
-582
385
95
-133
548
-854
134
-143
147
-358
-273
-4
-176
-394
549
-40
-152
-205
159
-164
67
465
-33
-310
-427
223
2
-163
565
77
-540
64
489
234
-477
643
726
-1102
656
-324
364
-1123
328
539
-879
581
234
406
-1066
801
237
-1111
205
-135
636
-977
606
371
-472
148
-294
499
67
667
-277
-10
255
-180
-35
342
523
-498
447
-54
60
-363
151
-134
-432
84
-119
558
-624
891
-475
-332
-59
-28
459
-666
33
396
-520
-276
-75
619
-583
-216
616
-474
383
165
568
-333
23
921
-486
42
-20
848
-865
359
142
11
-111
562
54
-502
746
58
-248
-539
829
-353
-506
303
-35
-31
-285
-23
-38
-497
614
-451
-56
-108
152
196
-757
217
114
635
-325
-222
596
-195
323
-191
638
304
-96
408
-194
398
-136
291
288
-631
534
-15
-49
-378
-496
563
-756
7
-450
90
179
-421
115
34
442
-673
473
-108
-133
-24
366
-269
-161
-346
846
-1165
682
-86
195
-522
60
845
-587
-1
-469
549
-394
-23
315
-62
285
-639
686
-501
-134
319
-4
-236
225
495
-413
-212
630
-649
-153
-84
561
-1018
508
62
-134
-165
331
154
-746
1025
-251
34
369
417
-560
-587
770
-591
-106
362
856
-964
-150
434
-585
-760
273
284
-387
92
701
-204
-499
570
23
-323
-145
293
709
-789
622
-255
278
-627
723
379
-339
561
363
284
-856
536
66
-542
17
268
-164
-446
217
118
-612
110
10
342
-403
269
-138
205
-676
129
-38
523
-300
164
88
-104
102
52
55
-293
577
517
-396
155
492
152
-669
363
150
-369
224
380
-97
-590
446
52
-469
367
304
-93
-414
597
-203
-755
440
179
-539
-244
790
229
-762
262
299
-352
209
-197
1013
-1037
884
-349
230
-348
217
455
-1165
794
-312
297
-733
474
142
-572
113
128
-111
-492
540
-257
79
-209
400
-223
-345
127
-453
579
-437
226
-193
141
-41
-260
184
-115
-356
259
49
-84
-519
385
92
-397
-145
477
494
-343
130
153
96
-566
33
426
-622
-150
-149
330
-654
-161
507
-441
-229
177
549
-557
-420
401
-274
-107
14
257
-245
-158
362
-493
115
-186
810
-1042
658
-45
399
-528
-4
696
-482
113
-374
749
-411
-94
-68
15
-17
16
-159
109
-122
670
-229
-239
267
318
-56
-154
378
-29
-412
363
-67
-253
314
361
-263
-329
533
-95
-632
-56
382
-144
-191
504
-193
-574
299
123
-356
-282
267
173
-998
1077
-35
8
-602
700
-670
-527
451
-43
-317
-492
552
-339
-124
345
-283
170
-202
519
-159
26
392
-315
-199
-207
457
-30
-531
565
-391
130
33
-17
361
-536
505
-87
663
-123
432
-518
40
-11
-95
610
-353
332
-394
170
-44
276
179
-330
510
-512
581
-116
512
82
-279
139
-93
301
-115
631
-185
41
-72
240
-247
-80
13
376
3
-350
421
59
-477
-38
187
816
-1074
1134
-324
138
-443
232
424
-843
529
-142
348
-35
18
546
-589
119
13
235
16
159
149
-297
-376
321
-701
331
-549
848
-679
-32
319
-147
329
-963
435
-313
53
130
-468
914
-1011
664
-653
374
-357
97
569
-429
-2
193
104
-114
-403
57
220
67
29
7
324
-293
-187
-53
168
-513
264
57
162
-86
605
-266
-41
68
484
-224
48
318
177
-208
129
-86
-422
-213
275
-291
-131
93
319
-229
-347
-6
-311
-159
-464
222
-240
318
-83
-1
151
-275
-20
-136
-41
167
-23
538
-450
244
226
-66
-87
-246
487
-362
-273
249
9
-359
-89
29
241
-435
480
80
265
-468
-184
71
-411
200
-238
269
-300
122
-55
-230
91
302
242
-470
54
341
248
-634
-167
208
-107
-511
-216
1103
-464
3
-201
526
-262
-429
314
-188
148
-47
156
-332
-142
228
-405
-409
52
198
-103
-283
357
-150
23
-138
-155
11
-135
411
-405
210
282
-189
-118
335
-91
230
-19
358
304
-454
425
142
120
-103
6
154
205
-128
230
203
-350
-93
179
84
-100
189
325
-210
27
300
-100
-365
64
177
-135
-23
241
40
-93
-142
16
-13
126
102
-23
94
66
-173
-365
376
-43
75
-391
300
319
-219
-29
390
-235
-295
156
265
-213
-462
190
101
-614
-88
195
-470
-181
130
83
-337
170
249
-350
-74
148
529
-718
418
-71
181
-699
187
185
-377
287
-157
82
-439
362
-56
-45
359
146
-338
162
267
-163
-221
449
-312
355
-518
375
-413
412
73
-215
243
-247
912
-1147
584
46
749
-622
299
751
-652
137
-312
676
-209
200
228
-166
-128
-110
183
-374
-178
300
-151
114
-16
134
126
-202
-161
-319
-170
219
-302
234
31
-66
5
-41
455
-551
469
-256
293
-455
418
54
-505
-33
189
-151
-145
151
498
-623
92
556
-494
-156
-88
932
-1291
449
212
403
-556
-27
520
-708
301
-118
761
-422
260
450
-287
-430
506
233
-246
-138
725
-483
-250
100
135
-235
-283
860
-247
-204
79
650
-685
272
41
108
-287
-94
83
-362
-367
-202
14
-13
-186
164
-175
224
-6
47
337
-352
377
-397
733
-355
525
96
388
-357
-28
60
-219
-169
-102
331
-256
161
-220
-444
-229
564
-670
306
-320
730
-616
-310
468
-90
340
-711
584
-321
-260
686
131
322
-792
1108
-478
-339
224
404
215
-1316
661
-494
-74
-494
224
-388
-77
259
-12
-88
-117
101
-577
39
-66
201
-277
484
-330
-104
707
-341
66
-540
1018
-509
203
-44
625
-15
-668
508
-230
477
-139
296
-74
-129
379
-478
353
-399
105
-426
-217
738
-126
322
-472
116
80
-292
626
-474
652
-777
677
-544
29
284
-181
-199
-582
450
252
-507
-155
224
190
-431
172
408
55
-119
-240
319
-484
363
269
-599
246
-362
678
-404
725
-234
1
-189
94
237
-564
661
-595
-40
-177
246
71
-631
395
-487
244
-459
399
-214
-197
197
-354
242
-349
814
-354
-148
-102
64
384
-251
353
210
-258
256
-128
581
-87
99
-2
-249
766
-324
-44
-88
-414
854
-985
1076
-646
256
238
-596
646
-664
815
-546
-195
-87
-139
290
-798
415
-229
365
-205
-260
346
52
-357
-114
197
339
-597
-89
-208
-58
-189
344
256
-312
224
122
136
-65
219
259
-666
-113
278
297
-297
-343
204
-309
-153
457
202
-61
-156
337
-260
-268
629
96
-77
-663
442
-194
73
-423
206
-5
-217
10
489
-157
70
-105
124
-473
-6
314
-423
-299
-54
250
-603
422
246
84
-276
-17
489
-141
-74
370
326
-327
225
124
653
-425
97
-56
386
-76
-11
277
-268
42
3
77
-675
113
334
-342
7
26
510
-402
386
160
94
317
16
384
-42
124
-244
-6
13
356
-153
-71
-1
-139
-531
324
-650
155
-62
-148
327
-493
413
-643
250
-304
-468
823
-642
447
-158
237
23
-195
546
-643
836
687
-544
214
-527
641
-632
-402
473
-239
286
-597
342
54
-493
218
-310
148
-67
366
330
-736
486
99
65
-307
193
830
-292
398
81
632
-470
100
132
112
-190
464
-101
209
-238
76
-166
-279
105
-21
-102
-228
-15
361
-343
-47
139
-69
96
244
182
-280
68
451
-198
-139
-56
601
-464
-63
418
-124
117
-487
52
-592
478
-184
-120
-197
454
-536
-632
-369
310
-262
16
162
50
-199
-419
181
-87
23
261
-309
264
-87
353
-325
119
256
-202
145
-50
581
-602
390
-309
177
-562
118
278
-2
-140
-69
499
-79
197
-141
366
-393
379
-397
327
131
-280
11
-359
399
-334
80
268
-444
518
-360
79
-225
-208
494
-832
493
-274
-198
43
9
273
-115
29
470
-602
-114
35
-35
-1
-601
470
-253
-241
181
-400
366
-649
635
-112
-162
573
-463
284
-743
449
-69
-300
127
-239
229
-78
26
524
43
207
-99
176
6
12
132
-106
-339
219
-52
478
-131
70
-81
43
-269
-103
408
132
-72
-38
139
197
-206
231
-558
100
95
267
-97
45
-9
-135
-200
14
189
15
-51
10
-151
427
11
212
-269
26
-176
94
-253
117
68
-166
-85
-256
405
-70
-477
497
-256
312
-320
631
-112
-388
335
-167
-138
-87
95
32
-557
419
74
-291
-66
-86
357
-443
75
597
-299
266
-144
352
-211
-437
648
-687
380
123
-126
293
-452
605
-793
208
211
-188
266
-263
429
-418
328
-65
-478
105
426
-337
378
-325
580
-719
231
-56
-548
264
-24
291
-203
20
855
-956
434
-45
-29
220
-859
1043
-1130
658
-404
-118
294
-489
500
-565
184
436
-48
48
-54
220
399
-755
468
-414
303
-347
-372
563
-528
568
-742
-223
295
-488
606
-671
320
-193
75
422
-535
367
-44
5
-534
47
650
-26
-332
211
564
-146
33
78
579
-307
26
396
-319
430
-388
173
-59
-256
422
-425
417
-95
-164
221
-370
556
-192
52
193
-215
580
-390
337
73
-198
382
-501
394
-277
99
7
-726
386
-293
96
-113
-118
33
-227
3
292
-313
397
-398
-27
42
-276
723
-1056
666
-655
260
-318
3
296
-628
54
16
-1
-293
326
-17
-232
-78
92
165
-269
312
-271
-212
62
149
-196
-277
248
-123
-21
-339
676
-712
382
-354
271
309
-380
513
-415
491
-913
798
-13
-305
7
-255
888
-1103
536
124
-255
181
-345
920
-822
340
136
-395
259
-537
975
-684
20
314
-274
500
-652
1016
-474
29
342
14
325
-331
567
-410
-19
-67
203
-115
-189
22
-556
299
-295
189
-505
231
303
-515
196
-234
503
-854
15
192
-402
395
-325
252
-510
568
281
-706
337
166
53
-572
398
106
-241
51
312
-39
-51
659
-417
-100
-321
884
-727
-34
350
-429
387
-792
671
-547
250
189
-863
528
-460
551
-670
97
243
-353
275
-261
577
-292
315
191
-202
321
-476
705
-677
219
-53
-80
417
-838
592
-332
-53
-97
-340
810
-945
133
211
-168
287
-664
1055
-483
-209
560
-329
592
-802
980
-472
-357
732
-277
471
-899
785
-300
-443
250
185
239
-481
270
210
-481
283
314
-6
-120
836
458
-268
115
985
-545
-512
468
368
-258
-586
833
-192
-273
231
-69
-137
-526
804
-354
-346
427
51
2
-771
1008
-364
83
-242
326
80
-496
738
-556
491
-174
304
-134
-396
877
-414
225
-395
405
-303
73
118
132
-286
299
78
-154
177
417
320
-484
186
401
-116
111
7
300
-362
-98
420
-340
90
-255
432
-429
-147
157
27
-100
-282
151
-3
-61
-71
5
-16
-376
272
-315
-25
-52
76
122
-348
485
-195
-159
341
-482
717
-797
699
-356
81
181
-727
721
-719
420
-564
-176
298
-429
385
-270
22
-256
-205
144
24
160
171
-162
118
-306
176
30
-26
283
-362
301
-119
509
-451
233
-110
207
-754
173
450
-12
-124
-402
858
-267
71
15
-53
446
-129
480
-494
617
-180
148
-519
241
432
-304
293
-363
621
-246
14
267
-368
169
-617
680
-486
45
-60
-21
-354
-538
680
-553
61
-133
253
-207
-231
766
-312
49
-143
326
-84
-114
579
-405
257
-499
630
-309
-9
141
-162
239
-616
531
-238
236
-112
-350
458
-369
363
-128
-77
384
-775
691
-408
204
44
-136
924
-755
542
-54
207
-111
-657
937
-648
35
-101
37
451
-910
644
-285
226
-86
-229
630
-393
673
-451
287
-393
46
19
-723
536
-172
308
-543
-91
552
-444
102
-150
314
-51
-635
647
-165
109
-97
64
-149
-563
698
75
-414
-239
445
-206
-447
299
222
-83
-349
355
75
87
255
216
-206
-351
562
2
-3
-198
378
174
-450
383
-345
321
-307
12
204
-299
776
-586
269
-159
170
27
-255
646
-426
229
-72
178
-190
-253
596
-626
144
-163
652
-278
-111
586
-551
280
-233
610
-501
-95
578
-536
188
-76
631
-293
-276
536
-211
178
-129
246
-60
-280
278
-272
37
178
251
12
-24
147
197
38
-136
355
-287
506
-535
312
5
-192
147
-318
679
-483
-20
448
-492
380
-263
500
-272
-202
552
-435
-70
-213
217
-157
-69
64
62
-471
-311
8
-92
-35
-352
345
-114
-455
150
-61
66
-345
-121
174
-634
458
-222
202
-214
-51
305
-217
245
-307
209
-92
5
-60
-60
289
-540
180
-406
73
77
-219
176
-332
576
-335
-201
250
74
-101
-455
379
215
-119
-181
208
-153
321
-432
440
-113
-64
109
-280
476
-436
483
153
-476
409
-319
670
-667
120
458
-481
369
-561
647
-494
231
140
-312
352
-28
68
-128
189
420
-112
305
188
-61
487
79
314
-208
64
375
-179
299
-194
299
34
-159
34
-189
605
-327
213
26
406
-52
-325
589
29
37
150
89
152
-325
553
-164
-89
175
123
174
-25
-17
499
-511
365
-99
69
-98
-329
398
-181
-261
6
-67
-32
-190
-46
523
-313
267
-91
189
134
117
179
-366
86
231
-175
-279
35
237
-203
-412
294
19
-291
-286
323
-84
-632
309
4
-111
-414
238
175
-574
186
145
21
-253
-176
436
-328
337
181
62
322
-241
475
-325
-17
214
-231
335
-226
280
15
-141
-59
-198
180
-195
9
109
-227
-43
245
80
-275
-161
320
-290
-8
84
276
-273
-139
126
-71
-342
324
249
-229
-49
402
119
-141
-10
156
-287
-203
259
14
-86
-142
327
-467
-318
32
188
-285
-201
451
-170
-186
-40
403
-185
-175
247
134
-162
49
383
-142
-177
-124
195
-166
-45
109
-89
5
138
153
-70
10
343
-129
-165
190
217
-59
-426
208
-310
114
-88
-172
330
-403
382
-355
80
380
-506
291
-480
382
-187
-298
346
-596
355
-331
148
57
-58
600
-459
156
-38
7
14
-209
442
-641
-6
-24
-73
-161
-430
308
-247
-107
177
99
154
-235
158
449
29
17
75
59
-122
-175
317
-85
-340
77
124
-22
-249
151
200
-386
-269
91
83
-322
-82
35
-297
-123
98
-138
-250
72
109
-214
-218
607
84
-166
-81
312
54
-248
200
164
-34
53
140
168
-66
260
-118
-102
144
201
-223
89
-36
34
-349
58
-118
-162
26
217
-66
37
216
-130
-196
-50
173
-125
214
-122
-116
-10
-110
-121
-185
283
-231
-195
256
-97
59
-37
115
-165
-181
234
-249
-101
-26
11
-169
-265
314
-101
-49
103
160
341
-392
469
-174
50
10
-240
414
-496
422
-222
13
74
-432
519
-632
218
46
-245
390
-340
405
-486
-68
135
-676
563
-570
488
-520
53
159
-539
252
-443
105
-376
7
316
-710
202
-214
150
-273
-385
845
-618
213
-217
429
-42
-354
486
-478
43
-149
74
89
-466
469
-328
129
-162
-253
260
-251
148
-125
230
265
-218
28
-128
105
90
-127
250
-209
353
-148
-76
-78
236
123
-278
102
-53
142
-88
44
-73
26
117
6
-133
214
174
44
115
34
291
-231
64
15
60
132
165
106
78
202
137
-111
19
116
7
-148
35
196
195
-16
123
174
-55
184
74
114
263
-138
480
-132
229
-88
-102
163
-373
162
-116
-37
164
-422
331
-316
177
57
-453
467
-416
178
-76
-101
330
-467
179
33
-275
356
-379
443
-358
-59
302
-431
338
-324
239
-91
-282
688
-553
213
13
-149
153
-797
852
-323
-184
248
-222
283
-698
448
49
-420
359
-130
122
-333
70
253
-604
239
-186
-27
41
66
249
-532
19
18
-152
89
-272
265
46
-146
140
-186
175
57
-122
132
1
130
111
-149
-8
-13
-26
3
-243
194
-15
-171
-9
-8
164
-403
70
33
-181
95
24
310
-273
164
103
-194
126
31
135
-266
15
148
21
-48
5
-6
45
-287
131
119
199
-146
-35
190
-57
-13
-75
28
-125
-169
90
-104
-13
-103
-60
-109
-129
148
-21
-38
77
36
30
17
83
183
-161
-15
39
-42
283
-50
193
-88
96
39
41
384
220
-41
231
247
31
156
108
248
-359
294
279
-346
251
-89
304
-419
94
400
-418
83
-26
104
-44
-296
549
-308
90
231
-125
364
-418
457
-329
0
7
-305
156
-100
24
12
-305
323
-195
159
-192
-174
253
-222
173
-104
101
288
-460
209
-102
112
111
-316
574
-122
35
254
-171
241
-346
223
156
-472
370
-257
-17
-174
-185
428
-668
510
-53
-141
112
-206
612
-350
-175
326
-295
274
-336
232
66
-132
236
-281
111
111
59
-3
-267
148
108
-207
176
-289
69
-341
-27
39
-368
337
-84
3
-197
238
354
-279
9
44
17
59
-73
324
-131
-16
176
-97
-14
-41
409
31
-313
390
294
-6
-154
186
275
-204
77
242
21
-139
107
194
-250
41
280
-5
-242
29
337
-219
-397
36
251
-185
-388
411
195
-281
38
225
40
-491
254
186
-349
-91
48
161
-223
10
-25
16
-46
46
-176
6
89
30
-114
128
-13
-46
71
8
-199
174
251
-262
-355
258
98
-540
-122
236
-210
-341
219
-19
73
-135
161
-195
31
399
-70
-211
29
168
-30
-98
171
-21
-132
-147
-16
215
-35
-138
9
-110
-32
-145
-95
-29
-264
-91
4
31
-48
-148
66
-128
-304
34
149
41
-275
256
207
-192
183
-19
53
-308
327
90
-357
111
411
-27
-421
33
321
-412
-212
223
143
-210
-56
344
-93
-265
98
133
-286
-393
418
-100
-234
-27
350
-237
-417
166
180
-352
-229
456
-220
-235
-67
248
-302
-197
478
-34
-350
201
322
-77
-141
355
284
-438
239
219
-95
-534
261
-92
-202
-122
295
-106
-526
209
57
-146
-77
206
-17
-347
118
260
-114
-198
126
-72
-74
-168
228
-12
-105
193
-219
171
-233
82
32
-276
246
-68
233
-68
-28
61
-64
95
-115
156
-74
-116
-44
-22
13
154
144
-36
44
61
199
-252
318
93
-6
100
-24
318
-290
252
-107
-189
21
173
-95
28
101
274
-249
-2
154
-119
-20
50
36
64
-88
210
-325
-124
28
-116
-92
-118
309
-350
-43
82
53
-281
32
342
-76
-74
119
454
-358
-2
208
-83
-83
-109
329
-243
-38
262
-201
-243
31
29
79
-302
372
-262
99
97
-120
160
66
176
-140
119
162
-27
-65
193
-139
-226
79
79
-115
-73
185
33
-284
150
196
-77
-72
-49
39
-235
151
156
-176
-12
7
46
-271
79
93
-9
-141
40
-165
18
44
39
-66
-121
130
-270
69
30
166
-7
-36
182
-264
70
-148
114
-110
-20
225
13
-112
-58
135
23
-321
24
204
-21
-16
4
122
128
-88
80
-90
198
255
-95
31
-1
198
44
-213
13
175
-57
14
-296
462
62
-6
-153
-164
227
-128
-188
-144
103
-3
-121
108
209
-225
-223
78
-14
-191
74
301
-126
-173
377
98
-196
-85
197
-195
-331
316
0
-191
-78
-38
29
-374
173
153
-357
67
-65
116
-109
40
358
-163
-83
-16
355
97
-19
75
-104
-121
-2
-14
-105
-112
116
-105
-238
107
325
-95
-324
-30
302
-62
-117
188
27
-75
-111
130
51
-38
266
-72
-155
106
316
39
-323
124
188
-194
-76
145
127
-179
-202
234
-27
31
-45
1
-61
18
155
106
0
-61
-3
96
38
66
138
69
-143
-24
240
79
35
111
4
-138
136
140
33
-96
312
6
-172
110
67
54
-261
164
-120
-74
175
-145
-98
-93
136
12
-176
130
-30
122
8
52
16
80
-35
-130
2
156
70
-230
120
-14
5
-76
-24
-2
-43
247
-64
-116
241
186
-46
-99
363
248
-230
69
259
-28
-45
201
184
-80
-59
118
1
-55
61
169
-76
-92
195
156
74
20
273
94
73
62
250
107
-25
76
50
34
-43
1
119
-20
79
-132
-53
-36
-85
55
-214
217
220
-73
147
112
187
-13
-38
128
-72
63
-64
-188
-12
-66
239
-177
64
-121
97
23
-52
29
31
184
-133
-69
113
35
-92
-156
39
46
-28
145
40
35
103
6
-180
-69
151
139
-62
-27
143
118
1
-15
19
42
72
-54
-25
48
-21
44
-48
-59
39
55
39
-85
95
127
-158
-31
145
7
-246
62
183
-225
39
335
195
-247
44
387
-182
-54
326
271
-343
-154
486
22
-222
41
226
-279
-285
229
100
-115
-14
164
-221
-153
138
22
-99
-39
115
-205
-76
201
0
-182
-147
81
-1
-43
-27
-13
77
-177
-186
100
109
-114
-146
152
35
-133
29
-21
-291
-236
110
65
-301
210
284
-134
-61
91
135
-379
259
10
-14
-77
127
44
-308
182
-77
-73
-110
-28
2
-102
89
125
-107
-14
16
-22
-163
143
115
-53
-43
103
70
-67
89
18
-120
38
-3
-78
-101
72
-88
-293
52
-44
22
-340
198
-35
-50
-39
41
108
-253
-5
67
73
-23
198
-34
72
-165
259
-64
-37
-1
66
-5
-67
12
130
-99
-90
23
91
-177
115
75
39
-88
117
248
-232
150
-54
-57
-225
142
53
-199
49
170
-19
-29
49
161
-125
131
164
11
71
243
187
-132
108
183
-75
-72
-4
178
-234
-33
143
-178
70
-43
45
-251
-57
287
-78
15
-67
334
124
-17
58
28
300
-189
-95
3
157
39
-307
-31
44
104
-245
-25
114
51
-75
-2
25
-149
212
-122
40
-194
355
80
-226
55
183
141
-330
44
254
102
-174
51
128
-120
-103
107
-64
-99
8
91
-186
-48
135
-24
-161
-8
167
-65
32
251
85
8
87
162
42
-33
63
28
-80
56
39
-91
63
95
-100
-128
123
174
-115
-150
108
-70
-80
13
-1
-9
-118
53
46
-151
64
96
-213
81
-73
185
-288
2
80
-179
48
-12
310
-181
-3
6
-137
116
-95
190
-85
-1
-23
12
14
-52
101
-151
40
-116
165
-120
-169
-15
-54
89
-214
81
-35
28
-65
59
72
118
-145
84
-165
240
76
190
-79
-33
204
-77
-15
-6
270
-192
-134
-28
97
-102
-316
315
-275
-109
211
-21
-112
-276
257
-72
-226
275
225
-15
-23
335
22
-38
261
26
47
-36
137
154
-163
150
3
-31
4
-245
36
55
35
-246
-38
-69
27
-166
8
-137
-258
254
-46
53
-187
126
41
-423
200
76
119
-222
35
40
-113
38
15
-152
-211
122
-74
-184
-164
99
-213
-477
-94
-170
-145
-296
-91
-185
-388
27
18
-165
-136
-83
67
-314
-48
237
-23
-119
-79
39
21
-87
124
-41
-279
-16
-49
27
-143
31
-91
-332
-193
-63
-45
-206
-71
-97
-51
-105
80
-42
-289
162
6
14
-198
188
40
-112
-54
136
-34
-117
78
-88
-208
74
104
-154
-232
157
142
-198
-35
208
-54
-236
143
222
22
122
222
75
-296
115
294
-71
-28
144
149
-214
-27
140
18
-173
-68
222
-135
-53
14
54
-101
-175
188
-67
-69
-34
89
3
-184
189
12
-107
-36
85
67
-243
200
101
-184
123
45
25
-193
15
129
-136
106
31
79
1
-44
100
-62
169
148
0
171
126
-10
-84
42
95
-9
-40
-25
-2
-17
36
-107
-31
64
-159
-103
-114
-13
-38
-109
52
-142
27
71
-175
-5
56
97
-233
-108
297
-57
-102
-17
221
-49
-124
230
-107
-21
-51
-2
-270
-179
87
-226
-148
-50
172
-106
-15
-31
-77
93
-101
-101
132
-56
23
-339
193
59
-186
27
-11
67
-170
13
86
-31
-30
-114
-88
32
40
-148
28
-53
15
-26
103
89
-116
8
52
-45
-41
-72
31
-16
-54
2
-136
168
-177
-16
33
84
63
-119
213
-115
-40
44
153
-73
11
87
-105
-345
62
118
-125
-225
190
-3
-202
83
219
-120
-281
233
-36
-81
-54
138
-49
-179
135
-87
31
47
-81
-10
-139
84
-240
29
67
-243
94
-86
140
-504
-143
143
-122
-81
-415
74
-73
286
442
188
256
-8
468
356
266
384
-129
288
-233
-83
-209
-33
76
-221
-24
-180
-310
-94
-201
-18
-327
-23
-19
-88
148
140
246
77
271
299
96
304
175
145
10
205
221
-102
190
43
64
-56
84
242
-201
150
50
156
77
-11
269
-75
60
8
8
135
-89
151
-147
-42
118
5
219
-291
242
-68
203
-71
-24
555
-108
38
-183
212
74
-341
83
-222
-47
-51
-26
-87
-262
130
155
-357
7
60
3
-358
-178
366
-393
164
-143
-7
-136
-39
260
-417
223
182
-151
-105
-216
447
-293
-77
202
-223
287
-231
341
-144
-95
156
-193
171
-32
20
-6
-265
140
-169
15
88
-225
211
-218
113
-67
-58
367
-328
178
-68
62
40
-99
288
-191
111
262
-20
-6
155
263
-173
-95
419
100
-113
65
166
57
-228
310
19
-131
146
-38
-6
-154
173
168
-376
278
145
40
50
101
354
-217
56
17
-115
-27
21
93
-60
-4
194
-56
-3
119
67
97
-56
219
16
-3
91
-116
114
-146
78
15
-144
0
7
168
-117
235
164
-120
-12
-121
15
-116
47
150
-106
-110
98
42
-35
-19
152
125
-129
130
114
269
-24
-12
54
-26
140
-3
157
156
24
102
-115
243
158
11
127
-35
345
7
197
149
-51
178
17
79
101
-13
332
-100
59
368
11
297
-338
232
6
19
360
-135
186
-100
77
228
-239
416
-270
186
-61
-69
336
-171
269
-199
-174
231
-210
309
-164
52
183
-324
306
-168
173
-124
-128
115
-298
189
-143
-47
-93
-241
295
-458
159
-44
-272
-97
-245
223
-392
-49
17
-281
-10
-140
140
-255
-163
94
-288
242
-127
89
86
-136
321
-213
301
130
-8
64
-254
228
-34
-112
177
-115
148
-112
-34
108
-56
-1
-180
126
-173
-208
119
-70
201
-215
213
155
-169
123
-9
39
-22
-32
73
-167
137
-71
-116
-164
-83
108
-414
79
125
-174
9
-269
251
-114
-221
111
-152
-5
-237
202
85
-121
52
-77
176
-211
32
57
-245
-42
-159
81
-139
-16
169
-345
-111
-70
-28
-250
-219
188
-307
-116
-61
-16
-63
-268
176
-160
-51
15
-119
49
-160
130
-27
-76
79
-120
75
-83
128
60
-159
142
-171
-51
-33
-131
48
-199
166
-70
-206
159
-138
17
-246
183
41
-174
259
25
14
21
86
192
-216
201
41
-129
124
105
76
-227
115
119
-299
78
113
155
-36
-5
212
-196
8
54
25
-107
23
253
-58
-65
319
26
-79
-16
190
133
-240
356
-24
-186
7
-12
130
-409
182
57
-275
126
27
98
-184
6
213
-348
108
125
36
-84
8
289
-173
-197
324
2
16
-214
287
185
-318
211
-59
11
73
-147
116
-79
81
106
-312
260
-72
110
-142
-105
352
-231
48
-123
-45
47
-243
219
-264
70
158
-219
121
-401
316
-22
-316
248
-74
20
-332
14
234
-201
195
75
-205
-72
35
206
-155
-77
156
-154
128
-131
177
195
-142
91
-134
50
69
-32
165
-158
119
-11
-151
52
-72
136
-100
-34
139
-170
74
-98
-47
9
-164
344
-242
-51
-86
-10
200
-228
217
16
37
71
-120
239
-122
-98
121
-141
135
-40
236
18
-279
222
-21
42
-13
-16
169
-283
127
20
-92
93
-124
91
-253
-37
234
-219
-80
31
-8
156
-220
297
-93
-150
272
-192
255
-100
31
98
-258
200
7
49
71
-205
191
-217
52
141
-105
298
-274
277
3
-93
145
-258
158
-220
-27
361
-315
148
-90
-11
-5
-296
512
-171
19
127
37
124
-198
366
-77
-188
278
-5
160
-237
259
240
-346
268
67
127
-151
-72
450
-293
301
83
47
-21
-178
394
-220
129
244
-112
143
-165
402
-165
-136
285
-201
74
-183
247
50
-280
232
-286
209
-20
74
102
-242
419
-126
-45
162
-30
191
-317
281
2
-23
107
-121
38
-103
-72
164
-391
269
-43
69
-16
-153
327
-353
45
173
-30
106
-342
276
-33
-109
268
-11
61
-284
55
79
-153
305
25
127
-125
-84
257
-225
139
12
-38
87
-136
299
-84
17
90
-253
19
-76
164
65
-238
253
-73
18
103
-172
300
-339
166
122
83
87
-46
96
-32
-39
268
-134
-36
-53
7
112
-277
264
-54
-256
45
-237
324
-237
-20
143
-324
233
-243
64
-137
-197
207
-366
77
44
-88
-33
-103
74
-64
-86
368
-337
97
58
22
-20
-130
553
-421
24
269
-33
-122
-228
464
-379
-285
301
0
-321
-21
292
-5
-441
387
30
-425
67
108
18
-380
226
99
-486
211
-14
-98
-293
83
272
-483
286
201
-195
-37
-112
218
-339
98
279
-403
49
54
152
-276
5
465
-448
26
65
13
99
-196
349
-358
-51
290
-385
179
-76
104
-132
-98
496
-312
75
60
-47
-128
-131
522
-248
-18
123
-185
10
-268
270
-77
-217
238
-88
141
59
37
123
-253
184
-115
-43
171
-308
290
-345
164
-102
-282
178
-145
112
-96
-54
260
-301
108
-77
46
-57
-158
169
-239
54
59
-86
-132
-196
213
-212
-131
83
15
60
-238
151
9
-98
170
-121
116
-112
29
125
-255
286
-70
-2
-18
-123
373
-358
171
-45
-136
290
-309
359
-353
87
207
-240
279
-380
342
-115
-234
222
-22
184
-149
-139
343
-379
178
-41
-39
38
-221
579
-380
56
77
83
-47
-353
500
-120
-217
4
-2
120
-410
339
-74
-384
214
-129
76
-294
227
222
-609
233
-39
-75
-107
-16
414
-412
82
128
-159
13
-250
349
-269
-199
302
-280
41
-238
176
97
-371
376
-82
-64
39
1
195
-300
151
89
-272
154
70
23
-206
78
236
-354
163
144
-70
-74
-14
462
-350
45
318
-186
23
-168
479
-124
-278
361
-164
-95
-285
280
118
-494
260
30
-108
-196
159
267
-517
177
56
-148
-182
-20
391
-578
68
194
-74
4
-223
467
-220
-162
199
-63
99
-209
187
-24
-168
160
-150
61
-75
218
325
-148
200
-35
119
80
-122
343
-114
50
97
-38
217
-167
235
39
-175
183
60
113
-201
184
163
-145
26
16
307
-219
-14
238
-138
102
-95
235
33
-230
243
-69
117
-53
20
214
-239
216
36
32
63
-70
141
-234
86
1
-113
88
-54
126
-137
189
198
-163
174
-102
125
9
-105
283
-177
150
68
-144
184
-59
182
-74
-129
103
-144
102
-64
-16
-60
-46
167
-126
250
47
1
-12
-155
301
-154
5
58
-195
-5
-166
143
34
-89
-25
-91
-3
-59
-33
147
15
-153
-169
-7
81
-170
183
-163
15
-165
184
32
-273
109
-17
-220
-78
40
163
-226
-53
81
-135
-175
40
125
-252
-89
78
7
-43
-60
292
-40
-236
177
91
48
-226
145
248
-272
126
168
37
-300
142
192
-113
-272
370
46
-223
67
453
-54
-239
214
196
-156
-261
477
163
-67
25
303
-70
-160
78
262
-84
-73
283
99
-303
40
202
-15
-347
92
350
-258
-219
167
268
-340
82
315
172
-406
49
470
-109
-308
232
439
-316
-262
403
150
-414
-104
381
-145
-336
285
150
-227
-241
406
47
-306
75
299
-156
-234
171
215
-199
-177
373
-15
-309
9
415
-139
-291
157
323
-325
-76
486
40
-541
-23
341
-272
-500
357
297
-480
-216
527
-24
-623
25
357
-198
-450
486
323
-412
-329
434
126
-567
-9
376
-158
-568
286
432
-367
-200
326
66
-417
-33
495
-142
-333
133
246
-280
-22
207
-54
-367
108
319
-170
-108
291
216
-309
1
340
61
-303
162
251
-122
-102
187
170
-316
-84
213
16
-181
-31
301
-67
-141
117
284
9
-217
163
131
-86
-29
341
106
-309
162
319
-119
-147
420
238
-352
107
573
-103
-407
352
225
-536
-156
544
-103
-519
236
236
-350
-166
418
-98
-510
212
256
-274
-208
327
54
-414
81
279
-119
-197
217
120
-305
-3
239
-137
-252
71
128
-207
-148
333
-21
-282
-3
44
43
-220
-4
104
-162
-117
-96
140
-92
-208
114
-6
-138
-153
336
137
-388
268
218
-203
-320
225
427
-583
-50
448
-76
-374
50
520
-350
-327
402
235
-404
-112
609
-39
-413
220
485
-156
-288
389
247
-356
-39
469
25
-207
170
263
-195
-137
324
25
-224
-74
174
-79
-223
135
98
-91
-133
158
39
-176
-61
51
143
-287
-98
242
-40
-366
-17
358
-191
-269
261
280
-391
-68
397
-27
-404
260
335
-403
-283
407
81
-456
-12
375
-285
-347
190
132
-377
102
240
-121
-230
317
100
-310
90
139
-172
-115
152
55
-268
138
119
-295
-52
207
-5
-363
76
253
-373
-56
334
-36
-378
23
384
-443
-322
496
10
-472
63
552
-251
-361
511
116
-418
-3
497
-69
-389
373
224
-343
-21
358
13
-363
187
256
-263
0
338
130
-254
76
229
-140
-131
363
-1
-226
-20
207
-64
-268
276
-3
-226
-147
227
142
-333
98
71
-121
-189
260
239
-238
-26
239
27
-317
259
292
-209
-234
278
131
-324
6
258
-97
-309
108
329
-266
-149
33
201
-204
-103
131
4
-210
-69
141
42
-108
29
236
-166
-132
72
200
-131
-244
188
156
-186
-11
134
-6
-183
79
92
-40
-26
116
-143
-47
0
113
-98
-67
24
-185
-4
-78
50
-139
-75
40
-156
14
110
-12
-81
20
115
-129
70
142
40
-238
42
235
68
-176
232
172
-179
-35
287
147
-366
57
358
-278
-334
292
316
-505
-261
549
-10
-523
59
448
-223
-469
482
307
-432
-238
488
-1
-504
9
452
-201
-426
334
184
-275
-155
416
-74
-444
199
57
-171
-172
312
-2
-415
20
142
-149
-280
180
74
-239
-215
239
-84
-256
126
97
-150
-261
202
14
-310
72
253
-162
-382
292
206
-227
-176
399
-11
-330
113
397
-84
-321
336
116
-298
-105
378
38
-472
89
310
-223
-201
278
251
-413
-134
355
-75
-325
120
310
-244
-229
316
150
-259
-64
358
-210
-214
103
253
-296
-166
239
19
-212
-23
265
-198
-266
129
164
-185
-162
403
-54
-376
105
484
-72
-412
343
195
-379
-67
447
30
-443
185
278
-331
-128
457
56
-560
73
539
-177
-285
505
206
-615
-120
589
-179
-468
377
286
-516
-251
730
-90
-595
190
469
-425
-380
527
200
-612
25
498
-99
-418
220
331
-382
-100
474
45
-340
26
290
-279
-210
343
-38
-370
61
243
-312
-279
318
-71
-563
29
425
-240
-456
251
195
-518
-218
422
-48
-542
50
242
-254
-274
297
121
-490
-20
328
-70
-455
217
204
-340
-240
369
74
-619
45
338
-283
-439
338
170
-593
-53
461
-90
-567
288
316
-555
-228
553
32
-658
170
466
-288
-509
509
296
-640
-92
518
13
-581
426
362
-442
-209
477
51
-534
290
481
-263
-324
409
265
-544
59
537
-138
-459
250
463
-441
-232
568
103
-583
-49
632
-123
-580
329
484
-449
-441
521
306
-686
-110
430
-52
-624
351
452
-576
-311
448
212
-674
165
589
-351
-547
350
346
-565
-125
574
-258
-550
362
517
-456
-373
639
154
-648
139
752
-214
-587
526
603
-522
-283
783
180
-664
65
805
-85
-611
474
526
-458
-383
671
331
-740
22
716
-73
-637
339
716
-476
-424
604
291
-658
-130
677
-40
-571
250
584
-245
-359
473
293
-400
-14
599
72
-471
212
458
-242
-274
570
244
-365
-147
532
-79
-376
231
334
-195
-342
384
175
-378
15
341
18
-420
133
441
-206
-271
317
173
-330
-272
527
-28
-384
-67
370
-80
-308
281
241
-174
-308
366
160
-221
12
268
-6
-297
58
291
-35
-134
-37
169
-32
-117
36
117
37
-154
-75
175
98
-125
-105
130
-26
-190
-9
253
15
-327
102
270
-90
-308
260
218
-242
-288
233
252
-218
-127
332
131
-278
-189
317
87
-258
-82
410
17
-212
77
411
-112
-303
307
271
-56
-251
357
166
-253
-59
312
213
-276
-2
314
52
-212
56
366
-18
-233
226
277
-214
-89
389
215
-221
108
487
-17
-158
348
266
-156
-115
426
-77
-98
217
239
-156
-21
392
-66
-240
203
205
-215
-144
334
81
-290
-35
295
-6
-271
128
222
-103
-212
55
244
-152
-182
137
142
-134
-211
268
242
-230
-152
268
209
-290
-153
320
48
-361
-39
214
-120
-275
-38
205
102
102
287
286
50
-319
-291
129
58
-163
141
298
-88
-574
146
324
-6
-182
221
137
-235
-120
250
257
123
315
173
194
200
328
66
58
277
71
-173
28
122
-84
-304
30
11
-324
-182
16
-70
-388
-182
233
-110
-206
66
121
-71
-149
39
-11
-85
-49
-101
-81
18
36
-135
-46
147
-38
-246
-161
56
-153
-236
62
-28
-190
-176
46
8
-244
-79
-8
-61
-80
-46
9
-27
35
10
-80
11
26
-142
-78
42
-106
-161
0
27
-150
-120
29
-75
-119
-58
-161
-100
65
-98
-227
-22
77
-146
-200
109
66
-285
-155
105
-23
-148
-19
103
-55
-127
71
-1
-48
-58
-1
128
-26
-24
-87
71
39
-249
-63
40
40
-232
-103
132
-122
-117
-41
79
-111
-138
92
-30
30
-39
-33
33
-109
-6
-61
91
71
-200
3
118
43
-181
77
175
-242
-51
259
204
-151
-12
269
-30
-105
139
172
-36
-7
63
4
59
150
63
-74
116
117
-103
37
189
64
-161
62
234
-156
-52
157
-3
-90
41
141
-108
-49
113
24
-32
33
11
-99
82
48
-123
-23
103
-77
-207
72
73
-148
-152
117
-47
-227
154
113
-189
-81
256
27
-195
164
228
-260
-49
253
-7
-240
65
157
-195
-46
289
-18
-200
31
178
-251
-67
233
21
-96
129
142
-140
59
158
-55
-162
180
191
-211
-17
224
-78
-189
81
184
-118
-9
97
-138
-74
81
27
-197
35
61
-169
44
144
-54
-173
95
53
-123
60
248
-101
-200
38
31
-170
1
106
-85
-8
137
-32
-62
82
85
-213
28
102
-84
-99
34
-46
-100
108
148
-74
69
151
-76
-75
149
43
-151
67
98
-186
-54
157
-16
-144
119
149
-147
-32
160
-19
-92
84
41
-127
50
111
-114
-24
127
-25
-129
110
114
-178
41
217
-66
-182
148
23
-285
-17
137
-225
-172
170
-23
-186
113
210
-242
-99
268
-80
-284
213
264
-282
-79
336
-52
-325
219
245
-283
-107
369
20
-230
240
285
-205
-49
351
15
-244
190
247
-219
-92
289
3
-202
149
149
-227
-4
279
-55
-160
189
136
-190
53
298
-59
-56
311
127
-193
99
313
-146
-95
318
152
-219
84
270
-165
-195
228
92
-241
41
251
-114
-194
169
127
-176
37
291
-22
-225
98
182
-121
-79
247
125
-170
26
248
-30
-164
170
177
-157
-73
168
-5
-133
79
251
-103
-107
199
57
-211
-61
235
-29
-242
129
149
-192
-180
222
25
-303
-4
211
-161
-231
116
146
-345
-150
235
-26
-327
43
260
-232
-346
212
257
-243
-173
302
79
-395
-53
285
-32
-339
100
286
-215
-258
184
156
-273
-158
303
75
-227
-8
265
-37
-169
144
199
-113
-130
204
6
-194
72
207
-75
-172
114
109
-200
-90
132
-52
-210
50
123
-105
-108
121
100
-187
-75
165
78
-153
2
178
-81
-271
87
192
-176
-169
219
64
-341
-95
268
-42
-293
91
244
-198
-257
212
202
-227
-73
337
80
-285
51
332
-83
-252
213
285
-198
-129
356
132
-251
114
409
-42
-290
188
296
-207
-188
318
201
-253
-35
341
29
-299
57
280
-138
-266
179
229
-171
-125
233
136
-205
-46
258
53
-212
-50
179
-5
-208
37
217
-47
-214
51
140
-175
-212
138
153
-208
-168
160
-5
-310
-12
277
-52
-258
54
141
-190
-208
144
149
-178
-168
101
25
-220
-75
193
17
-219
15
203
-69
-257
34
204
-100
-189
128
152
-167
-171
138
95
-159
-40
181
68
-138
-38
148
21
-157
-20
133
-20
-155
21
163
-27
-169
30
145
-79
-187
35
117
-134
-207
66
137
-126
-124
185
133
-182
-78
248
97
-220
-6
253
-44
-296
-16
191
-115
-248
83
132
-199
-268
33
62
-192
-71
147
-4
-199
-91
104
64
-4
75
133
28
-73
-10
75
107
87
32
57
80
-20
-72
65
149
-25
-77
121
93
-64
10
146
85
-48
19
145
57
-98
-21
85
5
-47
23
73
-25
-101
-23
61
27
-64
-36
36
-11
-111
-71
34
29
-26
-18
42
-2
-91
-48
31
32
-37
-40
31
-9
-82
-42
52
72
0
-10
40
10
-66
-48
50
60
-8
-4
46
-2
-87
-33
53
48
31
39
47
0
-38
-30
-37
-4
17
-38
-78
-72
-32
-36
-35
34
35
-28
-36
15
15
-47
-41
-1
-30
-66
-44
-15
-3
7
23
29
22
24
12
-3
11
12
-11
-3
-1
-28
-11
43
55
28
13
12
-13
0
101
132
39
41
112
35
-38
58
126
59
17
55
11
-51
-8
18
-3
-11
16
22
-39
-5
83
52
-9
9
52
7
-24
43
45
-44
-75
-18
-13
-44
-1
57
39
-1
11
-7
-22
17
32
47
40
10
5
11
46
45
41
84
48
-23
-15
25
26
10
23
26
-21
-68
-64
-47
-45
-20
16
15
-19
-19
23
23
-1
30
58
41
36
24
-11
-31
-41
-24
26
36
6
21
60
47
28
80
96
57
57
65
27
-7
40
64
15
-21
-16
-5
-39
-24
18
7
-10
-1
7
-17
-4
36
20
-20
-17
-12
-40
-28
19
15
-27
-29
-24
-39
-26
9
24
8
22
10
-20
12
50
53
15
15
14
-9
-18
-17
28
48
40
30
15
8
6
16
35
48
47
51
4
-5
43
52
74
74
42
-4
-10
12
-9
-15
-2
-1
-9
-20
-16
-29
-24
24
19
-39
-35
-2
-13
0
40
48
29
18
17
-11
-45
-15
33
17
7
24
-10
-29
-5
6
-14
-19
28
16
-35
-30
-23
-39
-51
-52
-60
-76
-66
-62
-61
-32
-3
18
7
-9
2
2
-15
-8
51
57
8
30
43
3
-30
-8
43
-3
-19
28
10
3
-26
-19
-28
-64
-13
-5
-33
-72
-44
-10
-36
-35
-29
-9
-22
2
27
-8
-1
7
-13
-30
-4
22
-20
-47
-8
2
-30
-26
-16
-31
-62
-48
-17
-59
-72
-22
-31
-77
-85
-60
-38
-30
1
11
-15
-22
-38
-47
-25
11
13
1
16
1
-3
-8
-6
19
11
21
9
2
16
10
26
36
17
-1
-11
-44
-57
-59
-53
-43
-56
-52
-63
-72
-70
-72
-78
-92
-96
-103
-90
-84
-77
-64
-71
-59
-49
-50
-36
-29
-26
-14
-23
-30
-34
-47
-44
-62
-63
-45
-37
-54
-53
-6
-20
-31
2
5
0
-15
-6
-4
-27
1
2
-30
-21
-6
4
10
27
10
-32
-20
-2
-14
-15
2
8
-8
-9
2
17
19
-2
-18
-20
-13
-32
-31
10
-7
-2
26
-11
-27
-10
10
20
9
9
-21
-37
-20
-36
-18
1
-2
11
3
7
-9
-19
5
7
-11
-9
9
7
6
-2
-2
4
10
14
-1
8
27
29
2
0
12
-21
-20
-6
-7
-26
-27
7
-20
-14
47
37
-6
1
16
4
-29
-9
20
-27
-25
-14
-40
-51
-59
-38
-40
-27
-7
-24
-18
-7
-35
-45
-32
-56
-85
-79
-64
-67
-75
-56
-29
-17
-46
-37
-6
-17
-33
-28
-20
-58
-58
-24
-26
-35
-28
-10
-31
-53
-45
-47
-43
-18
-14
-30
-11
-9
-26
-10
-4
-12
-10
-30
-50
-38
-23
-23
-21
-14
-3
-10
-21
-35
-54
-62
-63
-48
-44
-51
-27
-25
-22
1
15
8
-9
-1
8
0
2
8
6
5
2
-17
-25
-26
-27
-12
-5
-13
-11
-13
-14
5
9
3
3
-7
-18
-14
-18
-18
-16
-20
-10
-10
-26
-6
14
17
25
40
20
18
37
29
17
5
13
-13
-19
-37
-20
-29
-40
-49
-45
-27
-13
-31
-22
5
2
-12
15
29
-1
-22
-22
-39
-62
-59
-40
-33
-30
-15
-9
-28
-30
-8
-11
-22
-8
11
7
4
13
9
10
24
33
-3
-21
7
-1
-11
-5
19
10
-2
30
24
14
26
57
51
43
57
46
53
48
51
37
11
27
17
15
25
24
48
42
45
65
42
70
104
95
99
103
103
110
94
104
102
88
99
72
82
65
74
84
81
56
78
60
61
41
56
71
43
74
68
74
39
22
30
26
27
54
51
25
29
31
41
28
70
65
57
70
77
70
50
58
55
34
58
57
43
50
76
86
68
75
88
81
73
85
99
85
70
80
89
66
71
84
77
51
18
32
16
6
38
26
10
24
34
26
31
28
5
2
15
13
-1
17
42
22
30
41
26
16
-9
-12
14
15
5
22
12
-10
4
16
17
-7
-3
27
-5
-20
-10
-22
-35
-40
-32
-24
-36
-38
-26
-26
-10
13
-2
4
35
23
-2
0
28
23
-3
7
8
-1
0
1
2
12
14
0
5
14
25
58
73
73
67
57
81
80
58
57
52
54
34
48
72
36
22
6
-22
-39
-48
-28
-28
-17
17
-1
3
45
41
41
62
58
34
29
56
65
61
78
83
63
60
88
95
64
48
61
64
53
43
21
12
23
13
10
13
22
43
31
25
45
60
57
51
33
-1
2
20
26
24
16
1
10
9
-18
-13
11
13
-16
-2
10
-13
-9
-24
-7
-9
-17
