-1
0
1
-1
-5
-11
-11
-8
-6
-6
-8
-9
-11
-12
-9
-5
-1
2
5
11
15
16
18
25
34
41
43
43
42
47
53
57
55
52
53
55
55
51
48
45
44
41
38
34
32
30
28
27
27
24
21
19
23
26
25
19
17
19
21
17
16
14
14
12
10
9
7
5
6
5
1
-6
-9
-7
-8
-12
-17
-20
-18
-20
-25
-28
-28
-27
-31
-34
-35
-36
-37
-41
-44
-47
-50
-52
-49
-47
-44
-46
-46
-44
-43
-44
-43
-42
-38
-37
-36
-34
-31
-32
-33
-33
-31
-28
-27
-26
-26
-26
-28
-29
-25
-21
-22
-27
-28
-25
-21
-21
-18
-17
-18
-20
-16
-11
-8
-7
-4
4
11
16
22
28
32
34
41
50
59
62
64
70
78
83
81
78
79
81
85
81
76
73
73
70
70
69
68
67
64
60
58
56
55
53
49
46
43
41
39
37
35
32
32
26
19
16
17
17
13
5
1
3
4
2
1
3
10
18
21
18
13
10
13
19
20
16
9
6
3
0
-7
-9
-9
-11
-16
-22
-28
-30
-32
-31
-32
-30
-30
-33
-40
-44
-45
-44
-41
-44
-51
-56
-56
-52
-51
-56
-60
-58
-56
-58
-60
-64
-64
-64
-58
-54
-57
-61
-58
-58
-55
-52
-59
-58
-48
-48
-53
-58
-63
-60
-51
-52
-60
-58
-47
-35
-20
-13
-10
0
15
29
42
54
64
75
91
99
97
103
111
119
131
131
122
121
122
117
115
112
108
106
99
88
79
77
76
74
72
64
59
56
50
46
42
34
32
30
23
15
9
2
-3
-7
-12
-12
-15
-22
-29
-28
-23
-16
-12
-16
-18
-19
-17
-14
-12
-14
-17
-16
-16
-20
-24
-36
-42
-41
-42
-44
-50
-57
-59
-56
-56
-59
-61
-58
-55
-57
-57
-62
-59
-52
-54
-58
-61
-65
-63
-61
-62
-65
-69
-71
-70
-69
-68
-69
-69
-68
-64
-62
-61
-60
-59
-57
-59
-64
-65
-64
-61
-61
-66
-71
-76
-77
-74
-70
-70
-74
-70
-55
-34
-21
-16
-10
12
43
67
79
91
112
139
163
177
183
187
196
207
216
213
206
202
202
201
194
182
171
164
158
151
142
133
126
121
118
113
105
97
88
81
76
73
66
59
52
44
34
23
15
11
8
1
-11
-20
-21
-17
-13
-17
-21
-20
-14
-13
-14
-13
-6
-6
-11
-13
-12
-14
-21
-28
-34
-39
-45
-48
-54
-64
-73
-73
-70
-71
-75
-79
-78
-79
-85
-87
-86
-85
-88
-88
-91
-96
-102
-105
-104
-105
-107
-108
-110
-112
-117
-120
-117
-112
-108
-105
-105
-104
-103
-97
-93
-94
-101
-107
-105
-101
-106
-122
-135
-136
-126
-121
-130
-142
-136
-110
-80
-63
-58
-45
-16
23
61
90
116
145
178
208
229
240
251
268
289
298
296
286
278
271
264
254
241
231
222
212
200
188
180
176
173
165
155
144
137
128
120
108
97
85
72
58
39
15
-7
-24
-28
-34
-46
-68
-84
-87
-82
-78
-82
-85
-75
-55
-41
-45
-53
-53
-39
-24
-23
-35
-50
-58
-60
-64
-77
-95
-106
-104
-104
-109
-120
-123
-118
-118
-122
-117
-106
-101
-105
-102
-96
-100
-105
-101
-101
-107
-113
-111
-111
-120
-130
-129
-124
-128
-135
-134
-128
-122
-117
-114
-112
-108
-98
-87
-84
-86
-94
-101
-98
-84
-85
-115
-142
-141
-124
-117
-123
-138
-142
-118
-76
-46
-43
-44
-12
43
95
124
129
154
211
255
276
278
278
299
329
345
347
332
301
312
328
296
280
280
287
272
246
237
221
213
218
230
218
188
167
171
181
162
143
112
93
78
70
60
19
-10
-11
2
-9
-48
-74
-74
-61
-50
-49
-53
-51
-35
-21
-22
-35
-35
-25
-14
-7
-13
-36
-54
-53
-57
-70
-88
-104
-103
-110
-136
-146
-131
-123
-130
-141
-156
-151
-127
-114
-117
-121
-130
-131
-128
-133
-141
-142
-139
-133
-134
-149
-153
-141
-134
-131
-120
-116
-121
-116
-100
-97
-100
-93
-85
-82
-86
-101
-121
-126
-126
-135
-157
-186
-199
-190
-186
-204
-230
-243
-226
-175
-117
-105
-123
-106
-52
23
89
117
128
174
241
290
311
304
304
341
392
424
417
374
350
368
388
381
359
338
325
313
310
304
297
294
292
281
257
229
214
215
203
172
157
144
111
89
75
41
15
13
10
6
0
-8
-9
-11
-24
-30
-29
-30
-21
-16
-38
-64
-80
-103
-121
-126
-139
-159
-187
-221
-236
-230
-240
-264
-274
-269
-276
-284
-277
-262
-233
-208
-208
-207
-203
-195
-156
-106
-91
-105
-129
-139
-123
-101
-85
-78
-90
-113
-121
-109
-95
-93
-94
-93
-91
-74
-48
-48
-57
-50
-53
-50
-34
-37
-65
-93
-121
-136
-132
-138
-168
-202
-221
-233
-235
-244
-272
-276
-230
-176
-143
-128
-124
-99
-30
49
82
93
141
221
296
342
346
328
341
372
401
429
421
381
381
411
408
383
366
361
369
365
330
294
299
332
351
338
299
259
252
252
236
225
217
192
168
149
112
75
70
74
72
55
25
13
34
53
65
64
33
11
11
-6
-29
-43
-70
-102
-103
-106
-154
-202
-222
-242
-241
-218
-234
-271
-278
-289
-297
-277
-271
-276
-258
-248
-261
-252
-238
-234
-211
-188
-194
-193
-174
-167
-161
-154
-154
-141
-125
-132
-131
-121
-128
-119
-81
-71
-91
-94
-83
-72
-49
-33
-44
-66
-80
-69
-46
-36
-75
-139
-146
-103
-95
-130
-190
-239
-229
-190
-187
-212
-236
-222
-157
-90
-79
-93
-76
-15
63
111
107
119
183
264
325
349
341
347
382
419
449
465
468
460
456
448
417
400
412
413
407
395
343
303
315
322
317
314
279
243
239
206
165
168
181
187
188
154
113
101
108
120
123
111
89
64
40
24
21
17
-11
-52
-93
-133
-166
-176
-179
-191
-219
-262
-298
-311
-316
-328
-355
-372
-367
-356
-347
-332
-337
-331
-295
-293
-320
-317
-319
-323
-277
-236
-226
-220
-245
-256
-192
-140
-150
-156
-144
-130
-89
-57
-70
-73
-67
-77
-38
10
-8
-13
6
1
21
37
9
-7
-6
-22
-45
-41
-38
-48
-44
-62
-109
-104
-90
-133
-172
-186
-178
-138
-129
-169
-179
-144
-110
-84
-69
-66
-36
26
75
105
130
163
228
272
265
285
321
342
386
409
394
396
386
354
364
384
351
332
374
378
334
302
264
263
293
271
249
259
227
223
256
206
170
204
215
211
224
181
113
140
178
164
142
86
24
12
36
8
-59
-87
-107
-127
-121
-161
-240
-265
-273
-284
-260
-260
-298
-308
-311
-334
-317
-307
-327
-306
-296
-309
-301
-291
-292
-283
-238
-242
-271
-234
-225
-227
-189
-176
-163
-123
-122
-139
-110
-106
-124
-79
-27
-8
23
37
2
17
86
89
57
57
43
53
103
82
45
71
69
30
40
44
-8
-9
-3
-43
-45
-60
-92
-78
-68
-84
-101
-99
-97
-105
-121
-153
-151
-112
-79
-41
-21
-37
-48
-24
39
104
124
124
153
194
222
247
280
285
280
301
313
301
299
300
307
325
305
272
273
266
252
256
249
225
225
232
218
201
207
223
212
179
162
174
215
249
219
161
119
113
124
113
89
71
32
0
-9
-42
-83
-90
-125
-171
-188
-227
-266
-252
-257
-289
-291
-306
-335
-333
-333
-338
-330
-339
-347
-317
-298
-307
-297
-279
-274
-251
-224
-225
-224
-207
-195
-162
-113
-101
-101
-77
-55
-28
4
2
-9
18
42
37
31
42
72
99
98
88
92
129
160
138
115
114
119
139
121
69
73
107
108
85
51
39
32
30
30
6
4
-2
-70
-97
-85
-110
-111
-92
-107
-115
-114
-116
-114
-106
-96
-82
-68
-50
-39
-21
0
19
38
60
77
91
105
115
124
131
137
142
147
152
159
168
178
188
200
212
222
230
236
239
241
240
237
233
228
221
218
210
203
197
184
179
174
152
133
111
86
66
46
17
-14
-47
-53
-81
-99
-117
-164
-181
-236
-237
-243
-198
-175
-252
-271
-271
-276
-213
-137
-447
-399
-212
-191
-265
-486
-132
59
193
-644
-920
-259
363
2527
673
-2877
-2041
355
2535
1142
-1963
-1710
486
1769
573
-1136
-925
397
1166
169
-1130
-635
734
1058
-71
-827
-96
780
582
-169
-336
128
552
363
-184
-253
66
153
-19
24
196
143
-85
-63
9
-212
81
99
-72
103
-148
-22
-30
-277
-164
27
251
87
-333
-468
20
371
182
-302
-484
39
172
109
-242
-450
363
283
-7
-12
-329
136
231
261
219
-12
228
-3
147
265
358
357
-414
10
842
404
288
-55
-492
517
524
385
50
-455
379
106
196
237
-58
-17
-235
471
-95
-393
105
513
-91
-806
-85
285
502
-311
-1095
-287
953
193
-246
-1551
-372
867
807
-776
-1326
-181
347
307
83
-389
-757
146
-520
-10
966
-937
-145
-253
-222
232
642
-592
-863
-204
874
791
-142
-888
-1461
1459
1332
-227
-783
-914
1076
964
-331
-533
-504
1040
862
-407
-1035
872
684
-585
465
-863
536
938
-768
528
-1093
237
1292
-582
265
-1170
235
1099
-523
-230
-809
799
417
-884
8
-527
-52
1565
-413
-1557
54
373
1391
-883
-1561
612
643
726
-794
-1034
-301
1233
571
-1238
34
157
544
-393
-748
792
686
358
-1211
-308
1422
52
-289
-581
482
1184
-195
-540
-304
771
908
280
-953
149
800
-376
775
-723
734
132
-1019
1186
34
-195
-116
410
-315
-95
-174
353
-194
-82
-494
989
-252
-979
-256
675
320
143
-771
-1555
966
822
360
-1022
-2199
1644
1543
-328
-1743
-1975
2296
1043
-1279
-322
-703
230
-120
1989
-1711
-949
376
896
258
-359
-1008
569
370
-793
2023
-2149
447
626
197
-196
-1137
1475
396
16
-2256
1697
140
160
645
-2340
1786
247
-849
409
-588
182
1962
-888
-1826
-921
2291
2764
-2076
-3059
299
1508
2200
-784
-2368
-191
934
1014
1044
-2868
-1556
2204
2022
935
-2850
-2411
142
2983
2771
-1330
-3358
-528
-12
4480
-189
-1710
-1716
553
1980
-1019
-290
1136
761
-1289
-554
-544
2222
165
-1599
1437
-588
820
-2157
2152
-792
866
940
-2358
1119
-867
1091
1750
-1736
-616
465
98
278
876
142
-2759
2054
-18
882
-1821
-409
2444
-710
-2050
-24
3462
-1444
-1847
-1901
2618
3206
-1993
-3820
420
2600
1858
-178
-3735
-1881
401
6053
-451
-4666
-1196
-759
4742
622
-1598
-3131
802
2533
775
-2231
-406
1341
-895
1825
-1761
-2854
4149
367
534
-3689
-2728
6688
-341
-2023
-1381
1475
-550
1237
223
-4264
2896
3818
-3340
-2316
677
4372
-915
-3021
-907
1694
3032
-1211
-3241
-222
1701
2188
288
-4450
-502
3441
1214
-713
-2750
-602
1247
4230
-1003
-6647
1393
4307
2894
-2620
-6692
2661
5932
479
-3108
-4942
2896
3232
-847
1268
-6217
2507
5466
-3397
-1547
-2592
6477
1602
-2995
-4710
-1690
8946
1951
-1918
-9478
923
7715
3366
-4105
-5528
1934
4163
2599
-7466
-1171
4902
5998
-4133
-9619
3820
3554
8044
-7450
-6455
2445
2805
7847
-8092
-2381
722
3866
1692
-2447
-3522
1103
5612
-5029
-939
540
2851
1419
-4595
812
1529
-1308
-684
1974
1771
-3330
-1901
5023
-3896
4093
-4304
-3946
10351
-5447
737
-2178
1481
509
-2116
4147
-2750
-619
1488
-3560
2985
742
-681
-445
-503
-2287
2282
5070
-4635
-3027
-1652
5396
4648
-2765
-7350
-1568
4968
8355
-3146
-6190
-4551
2649
10662
-596
-9570
-1819
3117
5892
-2437
-3074
-333
5136
-3553
214
-3357
4134
4078
-6247
1167
-496
2382
2459
-6145
242
3040
2332
725
-5475
-3349
6752
3798
598
-9866
-3171
6810
4855
3833
-11566
-629
838
2742
6460
-2577
-4847
-1281
-734
5514
1732
-1503
-2771
-1207
-1121
3794
3288
1334
-3973
-6682
1607
7529
1519
-2435
-1749
-6124
5653
1785
3487
-2959
-5270
1113
2261
5771
-3173
-3436
2244
-2158
-1140
4514
-644
3176
-5528
-8612
7614
9531
-2840
-6563
-3530
3578
3284
2035
-5125
-144
-3798
10125
2763
-13979
1391
4861
7716
-4201
-9920
-22
9943
2842
-3866
-7330
-1356
8406
3635
-6319
-4673
3418
3675
3839
-11831
-982
7495
4226
-1921
-7679
2141
1986
-2295
3571
-1030
549
-3388
0
3165
-1788
-292
-236
2599
-1925
-5277
4415
6608
-3393
-5298
-3560
4402
7704
-3570
-1210
-5385
-2643
11030
609
-5571
-5169
3573
9553
-3842
-3744
-5485
4183
3378
3554
-4190
-4642
1029
6247
-190
-7312
1263
4059
1090
-3562
-3692
2160
8691
-2030
-5481
-3578
6753
1330
-1894
-390
743
574
-1918
2148
-1312
-1212
4035
-129
423
-2487
-2384
3916
4408
-3152
-8072
4327
3840
988
-1165
-3611
-672
4663
3301
-3718
-4772
-136
8329
1948
-5198
-5808
-580
7504
7202
-5981
-7623
1528
3068
4632
-1334
-6498
4655
1619
-1197
-4520
1475
3445
1222
-161
-7868
-1298
3549
6340
-930
-3679
-4803
447
2054
1687
3694
-3583
-337
-3052
-424
1113
-1276
4834
2472
-2505
-7356
-6827
14048
4762
-4992
-6126
-5824
4865
10538
-1029
-6418
-4943
1005
5066
1415
-3009
-1395
1108
-2403
367
3216
121
-6195
1420
1369
-1744
3788
-835
-4023
-4997
5146
7134
-874
-7065
-6269
5215
6592
1219
-7077
-2408
4214
3464
-1799
-1665
2405
605
-1473
1544
1820
183
64
241
2132
2220
-1533
535
1626
-1192
3417
3102
-1318
-1675
-1660
2578
6697
1776
-8230
-1216
5140
3702
842
-5058
-72
-487
4106
1545
-4768
1235
-1659
2579
-2263
-1461
2537
-944
-1054
-1301
-74
-2104
1339
387
2960
-6282
-2404
3636
2664
-2937
-5997
-2355
6525
4200
-4614
-7102
2112
4929
2358
-7963
-2758
5079
3499
-1298
-8290
-460
4200
4722
-3232
-1089
-5460
298
4832
490
-2084
350
2014
-7899
-1908
7304
6121
-4439
-7505
-7535
4839
11370
3149
-6238
-12483
-2696
11190
5862
-2712
-7177
-4602
5611
4584
-2161
-1364
-2878
574
6088
1203
-2495
-2146
1113
4599
-430
-1046
1979
1746
1552
-857
958
4081
2036
-1488
-2211
1707
5552
2811
-3118
-4017
951
6630
2768
-2937
-3737
-1091
4724
3401
-899
-3775
-1301
3936
1985
-810
-1443
-659
989
1656
519
730
854
-5159
-557
6061
2785
-2949
-4805
-1601
3452
7109
-3576
-6156
2298
237
160
5769
-7851
776
-4424
-321
6587
-5286
-773
-2194
-3
-10
3485
-1313
-4462
-8355
927
8494
1686
-138
-8207
-5084
5132
2952
-2342
-4701
-2907
3544
4975
-7846
-4985
1161
2921
5301
-4788
-5771
-2724
-716
4926
3154
-58
-6387
-7660
1027
6925
5118
-4840
-5797
1080
960
-790
2420
4338
-1807
-3626
-2602
2481
8355
2314
-3279
-3790
237
5702
6156
1456
-1753
-1792
649
5497
3787
931
-887
-360
2980
1612
1406
277
-781
1023
921
2375
890
-1676
-1629
-991
2480
1732
-266
-833
-1986
-381
1423
1832
-211
-787
-389
-288
1244
1116
-1298
-3153
1851
5393
1545
-2974
-5546
1540
4988
-617
1236
-739
-2547
170
-1455
4684
4336
-6676
-5899
170
1770
5904
-817
-5768
-4137
-4872
5186
3215
-61
-5460
-6217
-1874
3197
3445
-2880
-3983
-6023
-58
2451
791
-2723
-3410
2246
-2840
-2892
-2320
2509
2164
-1994
-1233
-5686
-790
1356
3480
2414
-6271
-7233
1448
7739
3027
-1742
-6200
-3144
2151
7018
3937
-2532
-2809
-958
4856
2548
1193
805
1846
3208
1733
199
1564
1976
3220
2263
1974
1557
195
508
1711
2609
2220
376
-760
-441
768
1355
609
-1043
-1422
-266
1105
852
-987
-1705
-776
479
-169
-925
-455
266
1966
722
-1331
-1948
147
3018
3060
1736
-3302
-2420
2014
2583
4063
324
-3452
-1730
618
3656
4545
-1674
-6764
-745
2906
2789
-485
-5438
-2668
-757
-910
1782
-1102
-3965
-2504
-5366
1463
625
426
-4370
-5832
-57
-1440
2197
-1846
-3900
-3801
-1059
2549
-1238
-591
-3010
-4087
59
955
-1382
-478
-2153
-600
-2426
-269
2585
453
248
-2774
-3915
2423
4821
3170
-348
-2657
-268
3454
3470
1161
1061
2158
4226
2300
-904
1246
2472
4368
2899
58
1366
1845
2572
1122
22
1008
1105
1649
958
-411
-656
271
610
-537
-838
402
1015
-1033
-2170
-1311
108
1476
-3
-690
-1397
-539
1932
1245
1180
-792
-432
1985
1525
1057
-932
-135
1333
1684
1980
-599
-96
938
-666
534
1087
-6
405
-298
-1840
-831
-222
-599
-629
-2702
-258
-3117
-2916
-444
-2458
410
-5097
-2164
-726
-4055
-3743
1946
-985
-3622
-3355
-5297
2742
1102
-2108
-2665
-5582
-3672
1460
3130
-1159
-4124
-4139
138
3283
5783
-2426
-6210
-3505
3410
7837
2982
-2078
-3235
720
5032
3764
1696
1021
2382
3163
2561
1487
2116
3281
2984
1855
1395
2558
3181
1681
-380
-519
1722
3482
2392
-549
-2154
-1071
1023
1584
331
-949
-1058
-483
-235
-534
-899
-872
-546
-313
-516
-849
-446
597
1147
549
-242
292
1146
545
-417
-86
1432
2136
767
-434
-30
1317
1990
231
-985
-493
-345
1120
1054
-1967
-2032
-939
-512
855
-1282
-3475
-2345
-1848
-843
-1095
-2977
-3175
-3253
-2111
-290
-2745
-3806
-2385
-2355
225
-806
-3678
-3559
-3426
-517
1188
100
-4027
-5695
675
5058
5003
-1300
-8414
-3691
5352
9299
4118
-4121
-4654
763
6815
6624
2458
278
1294
3519
3383
3945
3079
1260
1778
1998
3594
4866
2350
-173
-602
563
3150
3248
1268
-714
-2638
-633
2218
1375
-521
-2001
-1140
770
-375
-1441
-1013
-1028
-447
-774
-1425
-403
-432
-1418
-1285
-202
1607
2132
-133
-2497
-1765
1629
3689
1996
-661
-1118
581
1987
1570
668
738
1180
383
-944
-1157
427
1053
-627
-1554
-930
167
-1323
-3639
-2969
-253
393
-2162
-3247
-3757
-2611
-1306
-2537
-2077
-2604
-2238
-603
-2979
-4667
-3145
321
2007
-2107
-5941
-3870
1037
4142
3261
-3284
-6470
-1216
4185
7315
3569
-2506
-2705
824
5014
5437
3626
1694
1424
1721
2487
4260
3880
3096
1178
838
3086
3873
2882
346
-563
1174
3018
2681
471
-1380
-1663
92
1200
832
-254
-1985
-1348
-258
-848
-1292
-1699
-793
-326
-1295
-1410
-1534
-985
-170
-888
-1119
429
1687
918
-1176
-2696
-670
2574
3097
1806
-1028
-1853
288
1860
2499
1712
434
-145
-704
-1216
-243
1721
1808
-604
-3646
-3572
-237
1730
-134
-4328
-4895
-1372
504
-333
-3211
-5643
-4640
-1147
1015
592
-2485
-5855
-4208
-1972
-701
504
-1372
-2007
-1393
278
2124
-1166
-3241
-500
2782
4544
2095
-1107
-135
2416
3259
2618
2018
3402
4707
2672
1178
1597
3187
5370
3528
1216
1771
2037
2803
2508
557
353
1757
2608
1470
-680
-1553
-331
712
317
-148
-600
-863
-1304
-1865
-1597
-738
278
-214
-2128
-2661
-2053
-1056
199
-131
-599
-367
-1020
-1122
-743
-176
1237
1343
400
-164
-648
133
1153
1178
1197
415
69
327
-388
-297
419
242
-321
-730
-1120
-1363
-2001
-1992
-442
-462
-1550
-3033
-4291
-2174
-450
-1156
-2459
-3895
-3048
-1488
-588
-897
-3664
-3988
-1980
-582
483
-420
-463
-405
-2544
-1900
1024
3660
3819
-100
-2001
311
3827
5292
2442
206
1980
4799
4829
2183
812
2248
4652
4617
2596
1613
1789
2252
2235
1689
1323
1730
1993
670
-1054
-900
837
1503
92
-1407
-1249
-224
-286
-1425
-1994
-1399
-418
-159
-967
-2276
-2477
-1387
-331
-205
-470
-225
-498
-1102
-1862
-655
1596
1501
1023
-449
-1238
46
1093
1571
1073
304
100
473
-35
-416
-166
317
691
-505
-1078
-1534
-1847
-1178
-708
-752
-1884
-2392
-2228
-2663
-2229
-2122
-1301
-1703
-3621
-3178
-2036
-438
-1068
-2624
-3202
-2536
-1576
1153
1706
478
-2937
-4568
-829
4729
6054
1014
-3823
-2169
3573
6864
4098
-295
-559
3469
6304
4846
1301
-25
2529
5355
5120
2936
1015
792
1891
2476
2623
2546
1503
399
-188
57
1113
1097
60
-753
-1053
-376
-62
-1006
-1795
-1802
-1065
-102
-614
-1886
-2418
-1964
-507
-223
-799
-1120
-968
101
-405
-1317
-1144
-350
1369
1090
-301
-735
-702
446
790
636
742
237
53
-595
-811
251
859
193
-958
-1549
-1686
-1571
-1460
-1316
-1306
-1404
-2240
-3311
-3067
-1673
-839
-1894
-3048
-3632
-2326
-759
-1023
-2183
-3738
-2883
-1762
-233
1380
1199
-627
-3904
-2989
1083
4906
4561
12
-2468
-857
3348
4908
3565
1054
1027
3836
4015
2744
1610
2428
4270
4058
2873
1735
2097
2911
2195
1299
1256
2136
2911
2039
-552
-1105
658
1367
1539
-235
-1414
-502
-425
-502
-1187
-1274
-514
-273
-1061
-2117
-2125
-1011
-346
-1320
-1521
-1159
427
1151
-1220
-2067
-1540
389
2518
1185
-839
-1604
-678
1226
1523
885
446
-192
-816
-340
-174
440
1176
-351
-1347
-1953
-1056
-325
-1261
-1567
-2131
-1543
-1467
-2872
-3285
-2623
-1481
-1396
-2281
-3455
-2921
-664
-1564
-2130
-3459
-2636
-1477
-86
1132
-139
-1528
-2983
-1488
1354
3872
2805
-346
-2076
39
3932
4913
2517
87
1257
4646
5008
2690
470
1716
4792
5131
3645
1284
898
2613
2926
2586
1942
1515
1688
1614
543
-73
630
1044
818
-42
-508
-193
-87
-463
-1260
-1144
43
86
-991
-1884
-2312
-1233
199
-36
-788
-1207
-1301
-871
-652
-691
-336
210
394
-141
-870
-921
-172
659
917
498
-9
-232
-537
-720
-455
241
523
2
-1161
-2008
-1792
-1024
-233
-836
-1597
-2266
-2783
-2282
-2222
-1564
-1492
-1975
-2329
-3416
-2487
-1243
-1177
-2098
-3096
-2039
-2317
-1643
270
1330
1437
-3569
-4855
334
5093
5862
-178
-4330
-1639
4000
6669
3658
-536
-429
3364
5277
4295
1607
1366
3299
3658
3477
2943
2629
1791
905
1718
3082
3548
2091
-116
-991
525
2556
2248
646
-1057
-1092
259
635
470
-985
-1599
-391
183
-70
-1454
-2334
-1232
423
284
-896
-978
-574
-424
-943
-1144
30
1108
422
-953
-1284
-337
788
653
233
263
246
5
-584
-1069
-223
649
134
-436
-1621
-1676
-878
-1091
-1090
-1490
-1492
-1718
-2039
-2188
-2945
-2364
-1379
-1212
-2070
-2829
-2883
-2580
-1062
-1331
-1609
-1547
-3617
-2759
-394
2353
1890
-3340
-4081
-1346
2940
4904
871
-2723
-1500
2968
4832
2853
119
590
3584
4571
3118
1157
1776
3499
3524
2878
2452
2358
2426
2091
1524
1766
2682
2840
1282
-480
-197
1360
2060
1229
-316
-854
31
918
354
-874
-1239
-414
512
-216
-1328
-1828
-867
585
162
-604
-1300
-853
-33
-389
-466
-407
125
221
-617
-850
-110
524
343
-27
-359
34
531
-51
-705
-472
111
118
-507
-1084
-1261
-1324
-960
-912
-1484
-1801
-1971
-1938
-2076
-2036
-1562
-1744
-2980
-2722
-1334
-1342
-2040
-3011
-1940
-966
-1492
-2745
-3425
-258
1584
1169
-1657
-4233
-1496
2249
3989
1525
-1503
-1359
1551
4135
2836
1048
685
2509
4217
3153
1609
1315
2586
3888
3454
2149
1878
2033
2023
1870
1528
1905
2306
1724
595
-129
301
1353
1497
568
-179
-159
157
36
-425
-517
-173
185
-111
-1165
-1503
-850
-576
-586
-566
-331
308
-367
-1928
-1562
130
1237
1018
-648
-1653
-648
617
794
152
-364
-81
212
-239
-746
-604
-10
285
-215
-927
-1365
-1419
-925
-926
-1433
-1418
-1669
-1971
-1911
-2338
-2056
-1416
-1908
-2115
-2472
-2716
-1558
-1198
-1600
-1900
-2429
-2163
-1991
-1881
94
1040
-235
-1818
-3394
-1273
2663
3499
870
-2465
-1021
2453
3681
2275
-127
740
3511
4201
2535
1028
1336
3263
3954
2564
1982
1967
2419
2621
1490
1391
2227
2482
2085
349
-522
1172
2103
1281
169
-493
177
834
134
-774
-893
-73
648
10
-1152
-1664
-1343
-414
110
-134
-103
-505
-1658
-1507
-120
1001
901
-446
-1484
-976
221
1268
791
-766
-468
159
455
28
-1020
-350
280
505
-341
-1603
-1322
-815
-113
-355
-1701
-2170
-1413
-999
-1304
-1374
-2039
-2370
-2096
-1784
-1089
-1661
-2218
-1875
-1845
-1556
-1894
-2119
-2159
-1830
814
1940
-713
-4235
-3854
1657
4663
2013
-2005
-2813
858
3813
3276
745
-696
1801
4377
3591
1311
335
1715
3702
4034
2301
1445
1686
2060
2347
1522
1793
2134
1772
1064
-88
628
1425
1402
844
-172
-46
595
342
-445
-670
-269
568
520
-647
-1603
-1424
-377
329
-98
-975
-786
-801
-401
-269
-701
127
-221
-592
-440
-185
289
-106
-259
-112
327
634
331
-766
-462
439
-45
190
-388
-1060
-763
-543
-397
-1142
-1509
-1229
-1171
-1298
-1489
-1531
-1609
-1817
-2434
-1694
-759
-1354
-1611
-3014
-2255
-283
-923
-1928
-3483
-1868
1334
2096
-881
-4467
-2775
1112
3984
1909
-1972
-2026
166
3250
3395
690
-363
1872
3774
2869
1246
664
2188
3424
2943
2134
1475
1856
1936
1606
1760
1910
2519
1802
381
-85
725
2078
1329
86
-1
488
772
205
-573
-758
124
808
62
-1235
-1411
-592
-108
-228
-440
-267
-158
-706
-1402
-1103
213
1005
274
-1078
-1527
-636
696
991
-14
-685
-105
332
-344
-789
-149
538
420
-372
-1235
-1241
-307
237
-436
-1474
-1550
-1064
-987
-1255
-1567
-1405
-1199
-1523
-1731
-1742
-1841
-1294
-1306
-2125
-1426
-875
-1556
-2795
-2810
141
1774
409
-2714
-4624
-949
3361
3347
21
-3114
-1222
2895
4041
1583
-1294
-58
3441
4378
2085
-47
494
2891
4267
2709
995
1208
2030
2268
1675
1349
1961
2199
1208
57
80
1211
1703
841
16
179
783
623
-414
-934
-114
972
714
-781
-1692
-1011
126
117
-1002
-1628
-851
212
41
-1132
-1681
-920
223
570
-82
-846
-821
-210
98
160
370
499
5
-668
-541
185
751
433
-339
-892
-713
-294
-203
-504
-1179
-1030
-1057
-1110
-1371
-1560
-1091
-1477
-1204
-1490
-1592
-1252
-1595
-1352
-2076
-1500
-767
-1527
-1913
-2339
-961
388
277
-287
-2185
-2353
92
2140
2113
-154
-1399
187
2074
1921
851
1103
2389
2878
1448
344
1556
3309
3523
1957
507
1230
2892
2857
1369
507
1312
2601
2325
695
-295
316
1601
1677
501
-120
242
527
288
-276
-494
227
482
-241
-976
-974
-484
-267
-387
-974
-689
-487
-820
-1264
-1409
273
633
-166
-1383
-2218
-302
1466
1030
-621
-1230
-632
737
682
-554
-613
-210
733
-348
-1613
-979
-192
347
-526
-1742
-1874
-1004
-852
-1110
-1577
-1743
-848
-1176
-1483
-1856
-1790
-608
-1237
-1893
-1929
-1614
-415
-1226
-2577
-1872
83
1456
-166
-3068
-3176
224
3147
2173
-1108
-2202
516
2832
2242
454
-28
1881
3388
2412
680
328
2080
3823
3097
1500
925
1465
2444
2151
1278
1474
1873
1730
1024
210
490
1324
1302
639
213
389
543
-32
-450
73
653
536
-284
-1144
-910
-139
46
-325
-1091
-1015
165
230
-937
-1748
-1347
296
906
-394
-1441
-1339
-263
584
25
-563
-456
-13
299
-491
-1022
-90
613
256
-792
-1470
-577
233
-272
-1036
-1353
-875
-336
-869
-1795
-1723
-1102
-578
-884
-1808
-1979
-1593
-1105
-1337
-1406
-1474
-1580
-1323
-2233
-1954
-443
966
576
-2320
-3038
-729
2401
2703
-556
-2003
256
2747
2407
240
-422
1811
4001
3183
558
-516
1583
4098
3680
1268
124
1364
2800
2494
1194
853
1652
2185
1670
276
302
1347
1486
1165
311
263
696
464
8
-116
401
609
192
-755
-1211
-841
-9
108
-835
-970
-452
52
-667
-1701
-1227
-59
822
-6
-1513
-1578
-225
909
478
-605
-830
-61
291
-277
-729
-393
283
124
-743
-1180
-977
-291
47
-681
-1474
-1310
-951
-936
-1295
-1594
-862
-667
-1136
-1776
-2057
-1254
-918
-794
-1606
-2326
-1564
-818
-1388
-2327
-1145
304
755
-815
-2764
-2006
483
2627
1327
-1035
-1294
653
2387
1766
536
478
2412
2910
1438
635
1268
3031
3091
1724
1232
1810
2364
2041
1173
899
1887
2253
1519
631
-10
990
1683
1001
419
209
761
676
14
-445
-21
950
710
-303
-1258
-823
-139
-82
-477
-1011
-263
-58
-668
-1303
-1532
-179
897
162
-1276
-1968
-834
906
779
-374
-1015
-667
372
173
-574
-285
67
-15
-381
-988
-1059
-464
24
-333
-1324
-1341
-814
-879
-1355
-1400
-771
-839
-1533
-1899
-1351
-1088
-914
-1053
-2161
-2008
-876
-524
-1058
-2670
-1839
339
530
-339
-2382
-1764
-411
1621
1326
-176
-936
516
1941
1358
179
430
2375
3396
1283
383
1033
2432
3486
2257
1221
1204
1800
2224
1457
1088
1641
2135
1725
804
121
581
1407
1325
851
387
282
612
357
-139
177
531
562
92
-858
-825
-226
-43
-67
-559
-779
-607
-896
-781
-293
-104
-195
-1064
-1457
-458
412
476
-355
-1183
-616
254
450
71
-654
-447
281
29
-663
-866
-424
91
-113
-708
-1194
-1258
-708
-639
-1145
-1229
-1033
-1054
-1502
-1913
-1644
-959
-998
-1417
-1647
-1654
-1334
-1089
-1112
-1987
-1757
-633
132
298
-1809
-2532
-897
1118
2071
337
-1078
-609
889
1832
1402
716
1173
2350
2061
1128
1051
1894
2816
2575
1817
1612
1725
1778
1622
1387
1715
2112
1816
1021
294
539
1471
1693
1021
385
324
487
362
161
237
472
605
327
-322
-679
-310
205
155
-212
-515
-583
-375
-510
-775
-444
-221
-272
-318
-779
-838
-243
32
57
-227
-473
-225
-388
-609
-209
66
19
-429
-965
-733
-505
-416
-263
-682
-1013
-953
-973
-1223
-1307
-1079
-560
-806
-1587
-1591
-1460
-893
-990
-1208
-1393
-1500
-1052
-1410
-1345
-2174
-1455
311
421
-349
-2578
-2179
-204
1548
1585
-392
-1283
-465
1760
1804
873
301
1186
2827
1758
889
810
1699
2921
2360
1506
1162
1446
1772
1707
1425
1450
1875
1362
809
331
532
1602
1117
820
534
139
520
286
379
372
295
335
-92
-529
-539
-5
133
-230
-698
-724
-237
-155
-734
-1130
-635
151
240
-591
-1264
-866
48
372
-191
-680
-416
-26
-78
-293
-381
-133
203
-78
-716
-904
-553
-158
-338
-851
-896
-706
-906
-1259
-1147
-645
-573
-1062
-1451
-1485
-1126
-689
-919
-1543
-1603
-1087
-704
-1137
-2242
-2540
-1065
838
967
-1109
-3094
-2248
743
2391
1173
-956
-1448
121
1886
1945
721
325
1486
2514
1980
812
844
2182
3086
2403
1180
932
1574
2038
1826
1367
1260
1538
1505
968
508
734
1252
1193
708
303
383
571
433
69
221
624
502
-20
-852
-495
-61
-86
-239
-800
-66
19
-652
-1359
-1512
159
954
249
-1321
-2070
-787
698
891
-222
-928
-439
195
-143
-694
-338
414
508
-347
-1128
-955
-172
186
-274
-951
-1095
-824
-841
-1091
-1102
-733
-414
-1159
-2180
-2054
-1108
-308
-945
-2027
-1794
-1231
-1091
-1308
-2390
-2039
48
614
154
-2241
-3592
-597
1940
2275
-24
-2042
-581
1490
1981
888
-46
807
2641
2506
799
457
1329
2766
2973
1512
891
1287
1798
1761
1496
1131
1750
1769
1206
514
318
1018
1368
1012
654
470
342
275
78
265
408
599
165
-367
-805
-512
97
172
-81
-663
-856
-458
-511
-670
-626
-494
-132
-241
-898
-948
-435
167
232
-302
-394
-278
-217
-110
-190
-165
10
-100
-217
-333
-573
-488
-416
-243
-471
-714
-996
-980
-1092
-670
-478
-998
-1213
-1443
-1171
-933
-827
-1299
-1463
-1286
-1019
-1041
-1662
-2000
-1299
61
371
-613
-2290
-2035
-234
1556
1324
-546
-1076
-212
1341
1722
680
303
1298
2352
2110
528
293
1739
3057
2986
1506
452
1067
2011
1925
1472
1351
1576
1565
792
410
731
1304
1445
768
288
306
448
426
196
113
393
523
-151
-855
-835
-190
248
-286
-834
-812
-112
146
-835
-1321
-1021
145
745
-246
-1100
-1344
-409
669
576
-272
-669
-358
-143
-94
-440
-192
322
146
-457
-1044
-754
-84
-40
-500
-638
-863
-1056
-991
-1031
-693
-619
-942
-1556
-1918
-1284
-767
-617
-1211
-2058
-1780
-1200
-905
-1744
-2393
-1247
112
542
-1004
-2732
-2220
212
2134
1255
-753
-1487
99
1972
1868
677
411
1858
2563
1498
573
1094
2530
3053
1973
725
969
1941
2175
1653
914
1097
1784
1668
867
134
622
1479
1402
679
82
174
583
518
22
207
518
392
-278
-1025
-595
107
415
-255
-1108
-920
-456
-110
-385
-781
-708
-417
-182
-279
-530
-610
-278
-76
-144
-101
-72
-75
-46
-85
-88
15
36
-2
-78
-227
-360
-385
-309
-322
-365
-500
-870
-1026
-856
-649
-531
-955
-1578
-1505
-1008
-729
-1094
-1737
-1647
-1158
-1005
-1308
-2052
-2179
-1082
249
551
-1143
-3151
-2211
867
2429
1044
-1470
-1923
329
2441
2188
408
-269
1354
2960
2168
449
436
2035
3156
2478
1042
688
1482
2154
1887
1167
1069
1551
1655
943
131
404
1394
1553
745
-8
-65
435
639
260
33
214
301
-55
-644
-816
-362
121
162
-274
-931
-1216
-1026
-536
52
-5
-646
-1138
-1123
-437
236
-14
-511
-624
-436
37
30
-191
-231
-99
325
143
-346
-477
-260
-16
-180
-437
-592
-454
-467
-756
-902
-938
-487
-540
-1233
-1421
-1280
-706
-774
-1430
-1487
-1463
-1072
-917
-1456
-1899
-2003
-1045
263
155
-1186
-2427
-2073
169
1904
1282
-538
-1632
-506
1813
2292
1029
202
961
2151
2118
967
468
1799
2933
2774
1339
405
1342
2052
2157
1448
902
1394
1498
1029
436
471
1216
1587
757
-35
-24
235
733
558
105
61
-3
-31
-422
-579
-226
39
-24
-618
-774
-696
-469
-316
-813
-551
-251
-345
-407
-881
-693
-79
57
-156
-502
-374
93
234
-17
-221
-110
165
183
-264
-453
-234
-24
-56
-364
-580
-451
-336
-817
-1055
-871
-464
-458
-1273
-1508
-1401
-943
-640
-1200
-1714
-1868
-1131
-641
-1353
-2311
-2373
-552
1048
111
-2340
-3412
-1169
2094
2571
-259
-2228
-1266
1104
2848
1597
-127
-26
1727
2945
1520
325
789
2473
3023
1738
806
878
1870
2125
1549
1181
1334
1604
1131
430
364
1102
1549
959
44
-107
455
733
449
28
1
259
201
-371
-838
-572
69
188
-485
-1132
-985
-457
-422
-680
-452
-17
-287
-1138
-1428
-528
737
859
-390
-1440
-982
317
912
351
-420
-338
337
417
-219
-486
-14
394
85
-681
-1071
-618
56
-162
-985
-1229
-791
-521
-884
-1428
-1348
-803
-691
-1207
-1843
-1699
-1102
-1009
-1292
-1794
-2029
-1396
-100
371
-557
-2076
-2884
-693
2154
1882
-346
-2154
-959
1892
2543
1347
-181
97
2190
2647
1273
547
1400
2668
2801
1554
698
1330
1972
1943
1558
1301
1583
1622
1048
530
612
1256
1508
845
263
234
445
644
419
51
103
233
26
-400
-656
-348
37
-167
-466
-558
-619
-533
-573
-651
-424
-349
-412
-473
-682
-527
-64
68
-198
-526
-322
30
-164
-243
-45
51
71
-210
-383
-149
-19
-64
-238
-532
-546
-398
-409
-614
-945
-739
-356
-619
-1199
-1433
-1241
-897
-618
-1196
-1781
-1794
-1294
-584
-1204
-2005
-2158
-1376
74
227
-868
-2186
-2064
-73
1668
1102
-879
-1451
44
1853
1832
503
-14
1035
2600
2282
393
143
1788
3116
2730
821
139
1531
2458
2157
1246
678
1222
1588
1161
660
417
856
1264
792
201
17
305
612
290
-33
-19
-53
-137
-418
-599
-264
-42
-346
-758
-815
-506
-407
-676
-679
-278
-64
-410
-1008
-1027
-222
475
344
-386
-933
-510
395
575
32
-422
-197
387
314
-269
-292
193
326
-200
-658
-485
-128
-28
-447
-1051
-1024
-505
-521
-1103
-1453
-1219
-671
-797
-1468
-1824
-1443
-1016
-960
-1159
-1701
-1762
-1534
-290
299
-731
-1488
-2252
-805
1381
1656
318
-1689
-1087
1242
2525
1640
-69
-22
1740
2918
1770
393
714
2103
2984
2117
725
628
1590
2112
1723
1150
1046
1357
1110
602
519
883
1425
902
160
109
430
617
303
-89
-216
202
147
-115
-533
-759
-163
-194
-339
-707
-852
-359
-560
-767
-517
-253
-281
-633
-989
-569
222
255
-184
-853
-680
279
371
82
-391
-464
305
413
16
-286
-302
-158
-188
-438
-459
-257
-486
-570
-850
-989
-702
-769
-959
-1281
-1245
-972
-987
-1529
-1866
-1426
-1088
-873
-1347
-1857
-1693
-1511
-179
483
-643
-1679
-2335
-924
1356
1637
302
-1286
-1180
770
2181
1417
273
438
1542
2265
1390
574
1193
2252
2487
1621
814
1162
1959
2049
1498
867
1122
1795
1440
686
251
703
1588
1238
452
22
174
525
408
169
-166
-62
-4
-121
-480
-649
-122
-28
-127
-730
-978
-488
-387
-324
-436
-447
-343
-374
-431
-321
-196
-288
-196
-160
-102
7
-63
-14
7
-51
41
-20
-238
-247
-139
13
-173
-638
-601
-282
-235
-564
-968
-1008
-685
-544
-936
-1367
-1134
-674
-939
-1414
-1731
-1481
-801
-766
-1300
-1695
-1558
-1394
-176
504
-600
-1690
-2474
-806
1426
1578
164
-1633
-901
1349
2255
1196
50
321
1940
2571
986
293
1074
2423
2830
1527
607
921
1851
1994
1379
1042
1186
1511
993
493
508
957
1614
816
12
-101
173
627
217
-98
-125
137
33
-455
-746
-719
136
121
-614
-819
-625
-158
-372
-950
-716
-52
7
-522
-923
-622
223
369
-172
-598
-597
184
500
-66
-378
-131
250
45
-343
-317
-15
6
-284
-591
-629
-201
-173
-594
-1050
-1027
-405
-434
-1260
-1682
-1137
-442
-689
-1579
-1795
-1349
-795
-704
-1439
-1937
-1931
-932
448
11
-1223
-1911
-1541
262
1320
534
-636
-922
132
1547
1522
349
125
1279
2465
1876
336
603
1927
2730
2421
972
543
1450
2143
2086
1335
997
1325
1251
793
644
841
1115
1080
481
145
284
354
303
141
23
68
142
-39
-345
-586
-415
-100
-237
-433
-622
-456
-206
-437
-583
-429
-122
-180
-577
-608
-173
179
76
-263
-466
-130
307
171
-123
-154
-56
26
-75
-240
-155
-33
-211
-531
-619
-383
-245
-456
-793
-954
-750
-585
-730
-1009
-1221
-1062
-939
-1137
-1374
-1408
-1234
-1066
-1246
-1495
-1740
-1630
-59
558
-535
-1991
-2710
-273
2111
1490
-529
-1774
-722
1639
2551
764
-458
237
2042
3109
1013
-369
902
2449
3225
1873
252
534
1550
2245
1858
1130
950
976
1079
821
521
848
1130
714
227
191
287
288
176
74
51
43
-41
-312
-463
-327
-44
-80
-445
-685
-555
-127
-410
-754
-585
-160
232
-416
-868
-677
-11
599
12
-580
-567
-19
305
-66
-245
-119
37
-40
-241
-251
-50
40
-257
-619
-647
-279
-268
-714
-957
-1003
-614
-564
-1016
-1273
-1313
-761
-801
-1362
-1474
-1370
-888
-852
-1339
-1783
-1878
-704
535
-27
-1272
-2165
-1417
1066
1701
309
-987
-1010
714
1986
1359
291
429
1505
2260
1422
277
955
2214
2728
1848
513
835
1684
1952
1672
991
999
1331
1269
823
449
582
1139
1115
270
134
212
398
458
21
112
225
99
-364
-593
-294
135
108
-570
-827
-629
-96
-111
-548
-681
-518
-98
-296
-584
-588
-219
151
-99
-342
-307
74
233
-98
-349
-190
233
276
-60
-284
-112
147
-110
-519
-645
-313
-76
-531
-1026
-1133
-645
-404
-861
-1395
-1499
-911
-698
-1055
-1522
-1653
-1142
-671
-909
-1484
-1948
-1578
159
552
-580
-1936
-2521
-212
1930
1626
-233
-1998
-816
1836
2427
796
-473
253
2022
2421
760
102
1129
2260
2570
1153
320
885
1618
2146
1446
808
1073
1276
1073
628
549
1007
1277
705
71
20
297
545
348
-51
-139
-37
-55
-306
-614
-370
102
-69
-595
-830
-542
-82
-168
-631
-635
-185
-21
-353
-598
-346
81
195
-140
-496
-331
151
275
-37
-246
-81
71
-60
-270
-315
-92
82
-171
-621
-630
-268
-273
-739
-1025
-818
-473
-453
-1147
-1583
-1134
-647
-643
-1250
-1681
-1542
-801
-548
-1366
-2042
-1558
296
731
-578
-1987
-2177
26
1704
1128
-464
-1375
-535
1577
2131
658
-16
575
2150
2269
665
312
1346
2616
2439
966
206
1077
2069
1898
1193
720
1211
1693
1105
240
160
1043
1592
788
-166
-120
366
711
420
-117
-180
11
39
-315
-646
-470
171
145
-474
-823
-694
-176
-292
-533
-589
-406
-213
-582
-714
-503
136
281
-261
-791
-675
293
521
25
-565
-309
426
186
-385
-534
-143
139
-99
-608
-706
-341
-267
-533
-874
-945
-702
-508
-865
-1271
-1186
-702
-564
-1178
-1628
-1540
-1027
-640
-1198
-1913
-1729
-374
653
-431
-1736
-2452
-779
1521
1594
-61
-1558
-734
1009
1958
1036
-99
396
1828
2242
697
238
1438
2657
2543
1049
151
966
1934
2001
1134
813
1263
1475
974
375
472
954
1373
781
43
262
392
485
178
55
126
150
6
-598
-359
-128
119
-136
-722
-605
-475
-44
-429
-737
-530
-253
42
-478
-702
-490
9
212
-245
-524
-347
111
195
-63
-218
-23
163
-5
-248
-228
42
58
-285
-604
-558
-240
-89
-412
-964
-1025
-495
-272
-816
-1405
-1204
-667
-645
-1125
-1584
-1421
-982
-859
-1155
-1710
-1539
-176
393
-583
-1654
-2253
-544
1772
1403
-268
-1685
-721
1622
2008
791
-167
471
1904
2010
649
260
1298
2337
2467
1176
365
1089
1866
1846
1172
825
1287
1508
995
471
416
904
1336
750
54
47
207
397
338
129
-13
89
-177
-627
-519
-222
291
-161
-891
-871
-583
126
-240
-913
-595
-287
-154
-435
-796
-488
63
175
-221
-710
-535
307
412
-159
-436
-312
268
226
-383
-402
-3
211
-236
-810
-726
-86
99
-469
-1176
-1152
-301
-275
-929
-1181
-1032
-722
-759
-1170
-1490
-1346
-870
-675
-1314
-2020
-1606
-4
709
-723
-2148
-2097
-49
1838
979
-835
-1594
-193
1960
1916
327
-386
821
2360
2009
506
269
1505
2409
2193
1006
425
1248
1843
1754
1102
728
1079
1280
929
357
462
851
1034
599
43
166
293
409
294
82
152
173
-91
-418
-449
-5
396
-213
-884
-864
-271
267
-319
-885
-684
-211
-3
-592
-999
-507
172
317
-281
-907
-577
279
326
-180
-381
-47
383
-35
-495
-288
105
278
-191
-662
-609
-201
81
-394
-992
-995
-550
-421
-945
-1243
-1047
-698
-777
-1262
-1597
-1323
-813
-1055
-1445
-1725
-897
327
-166
-1332
-2222
-1294
994
1704
126
-1561
-1241
709
2350
1405
-216
-27
1353
2309
1418
313
740
1955
2422
1712
526
419
1556
1988
1610
971
781
1306
1178
636
426
707
1265
901
35
-85
382
695
444
3
-46
249
131
-369
-640
-353
189
56
-629
-967
-583
-104
-128
-670
-769
-162
-68
-388
-895
-898
28
594
192
-758
-992
-214
465
342
-321
-554
-62
290
-121
-522
-265
94
108
-381
-851
-522
10
-56
-725
-1171
-748
-162
-623
-1367
-1226
-684
-310
-1051
-1623
-1343
-889
-638
-1341
-1653
-1273
78
383
-996
-1973
-1958
457
1735
504
-1110
-1581
318
1723
1417
265
-41
1026
1904
1547
468
585
1694
2463
1987
800
557
1292
1878
1687
1046
826
1192
1228
821
535
650
1077
1012
339
28
290
484
334
22
-59
149
163
-223
-644
-535
147
373
-332
-1010
-914
-150
337
-263
-899
-607
-16
156
-395
-965
-515
340
501
-217
-956
-538
356
384
-180
-439
-156
241
52
-442
-359
44
250
-101
-674
-803
-337
61
-264
-975
-1286
-399
-183
-805
-1271
-1505
-693
-563
-947
-1407
-1497
-1152
-1233
-1295
-1416
-135
158
-1136
-1924
-1998
98
1566
734
-755
-1412
-74
1641
1685
484
81
772
1756
1794
539
393
1576
2278
1974
816
403
1215
1741
1499
939
795
1137
1202
714
403
636
1036
1084
384
-16
289
440
373
38
16
368
318
-100
-631
-584
-11
455
81
-878
-992
-409
120
-157
-894
-716
-110
-68
-515
-958
-714
108
424
-30
-765
-852
90
611
67
-472
-278
307
371
-290
-533
-8
305
45
-601
-895
-341
192
-65
-868
-1151
-802
-76
-393
-1145
-1300
-1012
-411
-848
-1133
-1512
-1172
-1012
-929
-1248
-626
45
-759
-1375
-1947
-298
1510
1081
-712
-1635
-283
1510
1968
543
-95
416
1700
1951
906
390
1323
2028
2000
1059
465
1220
1602
1360
1141
966
1198
1174
664
350
624
1072
1237
509
-244
115
559
656
323
-123
117
272
95
-373
-653
-128
393
114
-631
-1100
-714
62
105
-699
-971
-314
10
-74
-932
-816
-11
511
104
-712
-830
8
562
42
-534
-400
132
418
-189
-586
-203
116
2
-485
-676
-393
-134
-195
-754
-1063
-636
-327
-521
-1002
-1102
-728
-783
-1082
-1315
-1179
-675
-939
-1557
-1454
-730
341
-520
-1564
-2196
-851
1248
1048
-526
-1617
-536
1159
1612
512
-182
572
1779
1786
699
207
1279
2377
2058
1032
242
1138
1975
1777
1063
689
1099
1148
988
443
538
964
1123
522
-39
156
596
618
122
-45
165
317
58
-437
-405
-140
391
288
-642
-934
-682
162
392
-519
-842
-628
-20
22
-508
-614
-359
45
-109
-453
-571
-74
318
-99
-401
-403
22
184
-160
-241
-212
22
64
-440
-710
-361
89
40
-401
-1007
-811
-273
-304
-490
-1022
-943
-808
-939
-944
-1041
-1004
-1309
-1270
-1362
-747
103
-634
-1467
-2073
-933
1062
982
-372
-1628
-955
990
1629
782
-112
275
1331
1850
945
175
1105
1981
2109
1178
500
978
1401
1626
1200
875
998
1124
915
413
503
898
1198
702
-138
14
538
748
310
-227
28
418
301
-321
-635
-240
233
306
-239
-777
-686
-160
-48
-320
-431
-306
-142
-466
-670
-494
-132
149
-129
-460
-579
-309
141
132
-167
-267
-4
61
-250
-412
-171
210
27
-468
-748
-492
66
5
-490
-981
-789
-354
-310
-559
-948
-961
-732
-842
-1022
-1035
-963
-1146
-1373
-1307
-762
314
-519
-1336
-2148
-1014
941
1241
43
-1457
-858
657
1752
964
13
239
1275
1765
944
161
933
2001
2134
1164
415
695
1450
1725
1157
748
881
1118
982
421
447
957
1296
873
-25
-111
416
857
647
10
-105
177
284
-52
-399
-412
-39
169
-74
-488
-705
-272
-129
-291
-193
-161
-162
-425
-718
-463
135
347
-6
-569
-739
-159
247
72
-182
-340
-129
52
-206
-434
-283
8
11
-313
-774
-667
-216
20
-218
-880
-917
-651
-357
-405
-827
-914
-874
-726
-850
-1031
-934
-1196
-1253
-1048
-241
156
-1110
-1799
-1941
-98
1343
549
-951
-1831
-437
1183
1507
443
-355
489
1579
1623
475
104
1243
1979
1904
846
388
1016
1570
1511
1047
948
1159
1133
627
298
584
1094
1275
420
-240
107
574
660
193
-225
39
347
235
-289
-594
-241
193
46
-577
-480
-396
-34
-434
-797
-338
68
82
-419
-872
-556
68
392
-154
-690
-599
50
272
-295
-507
-306
158
82
-448
-567
-328
145
120
-369
-801
-491
-58
-121
-361
-760
-657
-363
-517
-582
-668
-727
-791
-914
-853
-700
-748
-1226
-1417
-1145
200
317
-896
-2031
-1910
33
1440
568
-1124
-1702
-135
1524
1530
249
-464
573
1849
1741
456
89
1248
2147
1902
659
245
1139
1639
1445
821
659
1142
1134
497
77
483
1189
1190
182
-324
256
801
648
-19
-131
233
521
255
-418
-500
-84
430
311
-219
-334
-416
-312
-334
-413
60
123
-310
-798
-952
-328
328
322
-370
-1011
-754
115
369
-137
-457
-373
-10
22
-480
-514
-51
183
-92
-558
-717
-455
-53
-57
-324
-725
-718
-454
-527
-499
-676
-706
-820
-1032
-889
-732
-646
-1126
-1471
-1077
36
296
-975
-1975
-1839
85
1524
565
-1107
-1529
-70
1537
1466
120
-317
668
1651
1417
307
231
1316
2022
1613
582
140
895
1645
1284
655
659
1064
1074
448
41
567
1207
982
171
-247
269
740
560
136
4
285
366
125
-328
-388
67
262
-29
-763
-748
71
212
-255
-970
-937
80
472
-43
-846
-910
1
504
50
-610
-616
5
454
5
-562
-299
191
199
-296
-563
-222
146
16
-407
-646
-422
-17
-98
-571
-855
-594
-344
-442
-718
-713
-440
-619
-794
-965
-791
-593
-852
-1187
-1414
-321
380
-185
-1165
-2088
-802
1138
1314
-117
-1624
-1028
854
1760
836
-391
-127
1114
1799
778
-112
612
1618
1896
943
183
684
1398
1461
880
653
997
1165
734
292
419
966
1354
689
-161
-2
547
766
437
-2
-27
291
309
-211
-446
-243
172
246
-262
-324
-218
-283
-362
-577
-176
288
42
-619
-1044
-538
223
491
-176
-863
-664
-72
367
-111
-524
-312
-5
42
-543
-794
-263
231
-17
-685
-1023
-555
135
16
-502
-751
-571
-294
-431
-716
-607
-273
-328
-748
-1127
-955
-444
-448
-822
-1369
-981
336
151
-1020
-1896
-1412
690
1472
203
-1290
-1361
213
1456
1113
90
-105
692
1512
1113
58
407
1529
1927
1348
339
349
1094
1406
1108
718
885
1097
736
210
262
805
1165
849
-45
-247
353
626
443
118
147
342
251
-142
-387
-156
123
428
5
-620
-563
-361
13
-144
-346
-136
-176
-418
-674
-548
-88
222
-6
-401
-536
-347
71
29
-290
-242
-4
21
-274
-471
-266
145
101
-324
-685
-561
-58
-55
-330
-483
-572
-392
-416
-633
-566
-554
-429
-769
-831
-979
-602
-500
-786
-882
-1247
-336
553
-181
-987
-1819
-536
1052
1098
-82
-1241
-810
645
1544
720
-141
-123
897
1619
726
35
570
1538
1688
970
203
485
1024
1191
859
748
797
786
495
253
574
797
868
537
-46
47
463
597
323
-85
-57
407
359
-218
-539
-356
399
488
-236
-534
-709
-5
109
-199
-422
-287
-114
-295
-434
-376
-4
246
-127
-447
-649
-195
276
-34
-334
-411
-182
-59
-230
-341
-293
-21
-169
-531
-676
-471
-9
-53
-458
-831
-594
-182
-378
-635
-681
-444
-245
-496
-773
-851
-522
-268
-703
-912
-1146
-91
441
-281
-1128
-1541
-244
906
809
-396
-1110
-562
619
1376
570
-100
103
952
1308
614
152
761
1418
1487
832
338
521
1104
1323
1102
759
542
650
701
538
512
708
788
425
118
192
378
352
132
111
105
258
45
-298
-416
-134
461
144
-226
-658
-287
49
27
-198
-352
-88
-88
-242
-389
-224
79
217
-224
-614
-499
60
163
-194
-456
-305
-65
-78
-317
-490
-228
-16
-173
-488
-657
-383
-161
-240
-423
-582
-425
-323
-494
-567
-614
-342
-385
-512
-870
-793
-513
-190
-548
-1105
-1045
-375
463
-164
-937
-1424
-605
721
761
-80
-835
-554
519
1239
787
39
110
763
1285
903
366
567
1162
1375
940
398
447
951
1181
921
494
433
729
740
484
379
422
581
576
178
-7
217
379
374
218
57
74
31
-123
-102
96
187
-22
-342
-401
-156
53
-74
-348
-374
-208
-158
-260
-349
-292
-122
-60
-229
-391
-279
-54
-47
-244
-365
-287
-175
-207
-321
-311
-186
-154
-314
-486
-447
-220
-79
-237
-491
-525
-260
-95
-318
-609
-605
-295
-175
-456
-802
-799
-428
-220
-408
-857
-845
-548
38
152
-577
-887
-753
177
685
491
-379
-513
121
823
995
414
163
345
1009
1106
549
338
762
1120
1095
579
344
652
964
823
550
480
624
678
494
319
352
553
646
400
103
104
368
481
286
47
4
145
217
38
-185
-189
-18
105
-43
-280
-317
-300
-91
-5
-243
-285
-349
-365
-229
-193
-172
-155
-217
-320
-233
-112
-107
-161
-247
-231
-176
-173
-224
-248
-214
-202
-244
-309
-355
-365
-346
-335
-336
-330
-348
-376
-458
-415
-347
-314
-411
-532
-525
-431
-388
-444
-499
-553
-499
-518
-145
-106
-184
-590
-469
-47
387
441
31
-222
-36
501
775
544
294
224
611
874
665
458
470
723
881
721
550
533
619
624
578
543
591
586
394
285
367
512
524
314
72
127
319
360
191
-59
-79
104
255
5
-253
-314
-100
259
-41
-351
-423
-250
91
13
-263
-405
-222
-108
-86
-200
-273
-84
-118
-182
-318
-275
-61
-101
-195
-284
-277
-194
-128
-193
-255
-159
-193
-248
-277
-315
-203
-204
-265
-340
-411
-306
-280
-354
-397
-384
-335
-306
-407
-540
-466
-306
-263
-389
-496
-507
-323
-159
-127
-115
-267
-299
-204
130
427
293
23
-123
190
550
653
437
227
408
654
782
599
500
617
715
693
516
554
662
703
624
431
412
509
548
452
284
228
315
394
284
136
116
197
150
-34
-38
-7
56
15
-118
-133
-174
-93
-92
-154
-176
-206
-166
-237
-319
-244
-36
-57
-240
-359
-386
-132
-7
-144
-303
-345
-164
-119
-253
-345
-256
-97
-158
-256
-357
-341
-167
-174
-247
-344
-357
-281
-288
-250
-224
-287
-371
-340
-262
-249
-242
-312
-337
-337
-347
-216
-212
-347
-393
-287
-160
-213
-311
-273
-110
-18
46
54
-56
-13
124
322
420
215
116
284
455
597
634
493
425
480
523
631
660
581
547
459
453
556
569
461
359
289
356
413
220
161
134
234
380
185
-5
-24
176
274
173
-81
-149
81
2
-39
-174
39
749
535
16
-208
-431
-332
-191
-47
-92
-535
-641
-374
-326
-342
-203
-308
-530
-562
-464
-236
-196
-204
-147
-239
-70
218
91
-122
-194
-194
-87
-146
-346
-318
-134
-95
-237
-347
-350
-294
-189
-190
-333
-382
-324
-342
-378
-303
-190
-192
-299
-384
-365
-255
-158
-159
-172
-75
74
141
119
74
112
341
593
545
270
206
461
722
752
586
390
409
595
668
580
465
471
548
562
424
307
341
446
441
301
290
193
196
219
118
180
88
72
-33
-119
45
33
10
-132
-190
-71
-91
-182
-243
-180
-109
-88
-109
-161
-190
-160
-152
-247
-293
-249
-170
-112
-186
-288
-308
-232
-195
-256
-246
-237
-156
-104
-207
-277
-186
-43
-103
-218
-281
-275
-165
-189
-299
-294
-223
-224
-315
-381
-338
-197
-242
-277
-422
-340
-200
-143
-198
-332
-228
-97
-12
-88
-142
-97
43
180
124
-30
39
163
330
385
274
212
226
444
425
450
383
368
424
454
519
431
501
419
461
528
509
545
504
433
377
416
452
364
316
218
290
328
298
241
64
122
118
88
28
4
18
-15
-18
-153
-137
-8
-68
-102
-254
-269
-339
-249
-187
-204
-231
-361
-287
-236
-169
-199
-217
-254
-335
-265
-283
-247
-247
-244
-287
-303
-220
-302
-399
-443
-433
-353
-391
-429
-478
-426
-345
-342
-321
-371
-406
-351
-285
-297
-333
-266
-239
-169
-142
-118
-149
-78
-9
0
43
136
151
154
236
347
405
441
368
405
531
584
559
478
458
477
667
632
592
529
504
619
609
553
396
412
463
402
357
264
250
249
267
181
80
36
32
25
49
35
-32
-77
-101
-54
-32
-33
-157
-199
-217
-151
-29
-24
-62
-180
-260
-209
-89
-18
-167
-266
-301
-303
-203
-171
-111
-103
-160
-257
-316
-192
-166
-125
-153
-285
-330
-363
-312
-273
-252
-289
-366
-413
-423
-403
-380
-338
-368
-340
-322
-329
-259
-205
-203
-251
-211
-123
-63
-70
-95
-82
-10
89
71
65
73
137
194
164
195
168
211
274
224
227
232
267
299
333
371
319
343
348
361
441
445
450
463
489
484
522
578
479
430
436
446
484
487
435
353
299
283
283
263
195
114
81
61
-2
-73
-128
-147
-160
-169
-181
-244
-304
-304
-298
-298
-297
-352
-368
-327
-309
-304
-311
-347
-362
-326
-336
-338
-351
-372
-321
-330
-313
-308
-330
-276
-268
-271
-269
-298
-306
-273
-263
-270
-241
-232
-192
-159
-183
-168
-142
-138
-131
-121
-85
-13
12
-31
-29
25
99
141
88
56
85
126
135
113
181
240
309
315
170
270
435
455
432
348
368
430
524
534
455
450
445
457
470
435
375
389
381
336
287
218
239
221
208
156
57
42
29
11
-50
-117
-102
-82
-152
-225
-194
-195
-216
-224
-246
-203
-144
-188
-260
-279
-287
-251
-194
-241
-291
-313
-293
-262
-310
-292
-272
-286
-303
-317
-236
-155
-136
-161
-188
-201
-175
-108
-97
-95
-54
-56
-116
-109
-42
-38
-46
-31
-56
-43
21
21
15
69
62
48
77
33
7
54
106
114
114
60
10
112
109
60
77
89
127
148
149
120
159
226
245
205
208
236
224
284
265
239
217
161
161
152
166
137
163
147
81
94
77
85
71
45
28
0
21
60
58
13
-5
-9
-20
-41
-46
-8
6
-40
-98
-124
-114
-95
-157
-170
-156
-192
-131
-148
-222
-192
-146
-133
-183
-204
-172
-149
-117
-137
-156
-104
-98
-90
-77
-102
-42
1
11
15
-43
-44
-59
-49
8
12
39
-27
-106
-34
22
44
20
-37
-35
18
56
-11
-36
5
27
68
51
28
28
70
131
74
64
86
94
123
81
72
121
165
133
69
49
54
96
110
68
54
76
54
23
37
29
19
53
58
6
-11
-2
10
32
39
13
-17
-8
-1
-6
-28
-37
-16
-6
-33
-85
-48
-22
-20
23
-12
-47
-55
-35
-23
-35
-29
-69
-66
-1
-3
-33
-39
-28
36
50
-19
-63
-54
11
35
28
-18
-83
-50
-31
-46
-40
-7
5
-31
-42
-80
-71
45
84
36
-21
-40
17
91
98
10
-2
74
69
25
13
-11
10
34
-22
-44
-62
-75
-39
-20
-24
-45
-7
6
-1
8
-3
27
47
30
9
77
119
74
94
91
58
55
67
66
58
54
36
28
24
-1
-30
-25
-32
-69
-90
-89
-78
-38
2
-27
-51
-41
-37
-28
-21
2
-15
-38
-33
10
56
-5
-66
-15
25
-4
-50
-76
-32
15
-76
-146
-115
-78
-12
10
-71
-61
24
40
52
35
8
57
93
55
40
78
85
112
118
61
30
19
38
11
-40
-18
-11
-6
27
-29
-99
-57
-8
-6
13
-18
-28
55
63
4
-2
24
39
57
74
33
36
73
9
-17
2
5
71
85
11
-8
45
37
5
31
21
1
59
57
-6
31
52
33
67
72
37
0
6
-2
-31
7
0
-52
-60
-72
-84
-62
-51
-86
-113
-80
-88
-114
-47
-52
-107
-54
-43
-52
8
-1
-43
-27
-2
19
58
80
24
-3
46
12
-33
17
22
30
55
-5
-26
-10
-24
-42
-54
-37
-24
-10
1
-47
-50
12
34
27
43
14
-15
41
-6
-26
47
62
65
26
12
-23
-11
14
-7
21
-11
7
34
31
17
-6
10
-13
38
68
11
18
49
37
34
42
-3
-3
72
86
51
40
19
6
70
109
65
27
17
29
73
66
5
15
73
59
18
2
-8
13
67
59
-3
-33
-34
-39
-38
-30
-18
-44
-91
-81
-50
-81
-98
-75
-79
-74
-46
-55
-64
-54
-63
-45
-3
-2
-24
-37
-26
1
-7
-28
-4
24
27
14
-32
-59
-52
-51
-43
-43
-68
-67
-35
-4
-3
-48
-71
-55
-60
-52
-11
-8
1
26
-4
7
62
56
33
47
60
69
60
66
103
75
54
21
1
44
39
65
63
35
50
74
69
37
87
109
110
132
81
54
108
136
140
134
81
69
63
87
92
45
50
-12
-31
-15
-46
-35
-37
-90
-143
-97
-90
-139
-111
-84
-106
-99
-76
-92
-101
-86
-42
-33
-44
-34
-52
17
42
6
29
-12
-32
-14
-31
-17
-40
-56
-28
-20
-69
-138
-103
-54
-62
-51
-72
-111
-80
-37
-49
-27
6
-11
32
74
74
73
30
7
84
144
79
47
43
51
108
47
-1
-4
-15
20
17
9
6
39
46
-18
-5
2
28
94
77
54
58
71
64
67
94
66
73
88
45
7
29
51
4
-1
22
10
34
21
-38
-9
4
-30
-15
6
28
29
9
-22
-17
28
2
-34
-49
-55
-3
25
-42
-82
-43
-58
-61
-20
-52
-73
-47
-63
-63
-29
-36
-23
-15
-54
-40
12
44
26
-21
-20
-24
-7
32
15
9
-1
-31
-28
-33
-31
-49
-62
-35
-46
-58
-31
-27
-43
-57
-34
2
17
16
6
34
37
43
48
24
62
66
59
69
31
25
34
34
39
19
-15
-18
10
26
29
-12
-32
-7
-5
49
64
42
56
13
16
62
77
69
80
65
20
59
71
60
79
67
15
-9
33
6
12
63
-11
-48
13
-6
-58
-39
-39
-79
-47
-24
-63
-45
-44
-69
-17
-34
-84
-34
-8
-43
-48
-30
-30
0
18
-11
-8
-6
-34
-25
4
-8
-21
8
-10
-38
-8
2
-6
-16
-18
4
24
-16
-63
8
42
-13
11
-7
-48
1
38
32
32
35
-29
-38
23
12
13
28
-6
-42
4
27
-35
-11
27
-6
-10
-3
10
32
66
67
29
35
49
28
27
74
69
54
80
68
88
48
0
31
34
47
45
0
-19
0
18
6
-19
-22
-13
-13
-9
-27
-15
6
-33
-39
-23
-30
-6
8
-27
-55
-33
-6
8
8
-22
-9
3
-35
-27
-36
-36
21
-1
-66
-68
-56
-28
11
-23
-70
-43
2
-8
-39
-45
-23
1
-13
-20
2
17
25
35
11
19
48
41
43
-3
1
30
17
36
-13
-35
5
18
-28
-62
-18
3
0
-44
-76
-23
5
14
9
-27
-3
61
74
28
14
48
55
51
43
41
55
20
9
10
4
28
19
-6
-16
-17
-15
4
8
0
7
8
42
5
-21
8
22
52
18
37
63
12
15
41
-4
-23
45
23
-24
13
3
-30
-28
-29
-73
-53
25
-29
-57
-17
-34
-12
5
-21
-28
26
19
-28
14
44
31
17
29
14
26
55
15
15
25
-4
3
-6
-23
-17
11
1
-42
-53
-67
-28
17
-2
-64
-28
-44
-33
0
10
0
-25
-24
3
6
14
14
-8
-13
-10
17
53
24
-2
5
-3
12
30
23
4
6
10
-6
25
-8
-11
0
15
-12
-23
-13
-4
-16
-12
-7
-8
-9
2
26
20
5
13
-11
14
72
68
28
25
30
20
27
50
16
-19
27
7
-44
