2
17
-2
-24
39
5
55
77
-17
-78
-27
11
-40
-35
28
58
12
-26
-35
-5
-28
-36
34
44
32
-45
-41
-1
-19
-6
22
33
-13
28
16
-36
-3
18
25
-20
-43
-39
-47
-37
-42
20
20
-35
3
-34
-17
-30
19
-40
-51
-33
-32
17
31
95
32
6
-5
-18
1
0
55
32
-4
-30
-70
47
7
-14
22
71
45
-68
-6
2
14
3
14
83
4
-52
-44
43
53
31
-16
33
50
-23
3
-4
-5
-56
-8
-30
78
29
15
1
15
-5
-19
-41
-34
7
14
-12
20
-10
28
5
-51
-32
-54
-43
-46
-13
39
30
10
-41
-24
-2
-12
-29
0
65
34
5
2
7
12
0
-1
26
44
-3
0
39
16
35
27
-27
11
-22
42
2
33
-15
5
-3
-30
-6
-35
38
-29
2
-11
56
-32
-86
37
-18
-5
-35
44
21
8
-32
-36
-47
-23
28
12
-41
-47
-58
6
14
90
52
-4
37
-2
9
23
20
15
-9
5
-15
17
-9
-8
65
29
31
-2
46
38
-59
-42
-22
37
-50
-5
9
-87
-29
-44
-20
-31
-23
34
-26
-7
32
24
-58
-38
92
-38
26
-54
-52
-73
-32
-4
-11
54
-22
11
-52
-11
-8
-5
33
38
-31
-33
6
13
20
21
88
65
33
44
-2
-71
-47
59
-27
17
-9
-5
-117
-52
38
84
2
28
13
-9
-51
-52
8
-32
-28
-34
42
6
-33
-50
26
-29
37
-27
-31
-16
-63
21
-2
27
-70
-8
13
-15
-1
-62
99
-25
-17
-54
36
-23
42
30
75
-24
-24
-32
15
-23
-21
19
43
9
-44
-34
-44
-11
93
100
64
-64
-82
-105
-53
90
97
73
-2
36
48
-101
-94
-6
-38
18
96
18
13
4
77
68
-8
-37
-140
-30
-27
34
146
18
-2
-56
-59
-19
-9
24
-8
-36
-55
-48
-66
-18
119
94
-28
-26
-15
-52
-37
123
123
44
-101
-74
7
-8
83
52
45
-109
-23
-115
-3
-33
39
27
54
68
85
78
39
-12
14
-22
18
56
-41
-74
-48
45
95
-4
55
2
2
4
-53
14
-89
-89
-5
63
17
-61
-43
-84
-42
-44
40
20
-63
6
31
60
15
65
65
-34
-101
-122
-121
-100
51
12
103
16
-93
-93
-21
175
58
-26
-104
-21
-169
2
35
84
17
-1
43
28
-80
-43
-56
-15
52
102
41
-30
-72
-39
-25
-7
42
6
6
-53
-185
-126
-76
26
103
93
37
-170
-93
-8
-3
76
61
87
-101
-19
68
-37
-13
-85
23
-92
-49
56
200
124
-44
39
-46
106
-91
-12
45
84
2
-16
48
109
-2
-68
-60
111
23
-46
-1
60
1
-40
59
141
92
22
-8
-19
43
82
15
-21
-6
-52
-37
95
107
53
-79
-76
-19
-37
77
12
33
83
-44
-18
-2
76
49
-66
95
104
8
68
39
-10
-107
-115
49
31
-19
-18
-32
-20
-29
153
155
80
-106
-119
-17
-76
-4
43
173
-26
72
7
8
-21
-9
-74
-6
127
43
-95
-18
16
92
-98
19
56
-14
-41
-77
76
-54
-122
-104
11
7
60
-52
100
7
61
111
181
203
140
11
-155
-159
-43
-18
-28
-16
86
6
-123
-53
66
44
-24
-11
-33
-155
-104
29
73
97
80
57
-86
-148
-67
-66
-27
-82
-82
1
6
9
26
145
64
-88
-66
-53
86
83
45
31
-160
-51
3
-26
88
108
117
-31
-111
-61
-109
-184
-35
135
88
49
22
106
60
21
83
6
-17
-61
-35
-42
-13
19
-70
17
74
75
76
73
113
2
-9
43
-10
-41
-117
-97
-88
4
164
134
63
-30
-159
-148
68
50
69
116
7
86
-6
47
96
-50
61
114
58
-8
105
-2
-123
-102
-24
73
55
148
127
11
-223
-61
41
172
81
153
18
9
-2
18
75
28
-13
28
-48
17
29
-40
-91
-60
-19
17
65
2
206
-38
11
15
32
-116
-111
92
85
135
-7
84
-58
-117
-109
-9
35
16
49
54
-13
-50
60
127
-85
-49
-50
-124
-46
-33
114
1
-57
-78
-93
-15
-76
2
-106
-75
-117
-10
53
39
34
-9
0
-110
-94
96
26
5
-98
-11
90
-19
-125
-29
72
-41
50
-37
149
-12
-24
-86
-126
-16
50
17
-54
66
-11
-54
-118
-32
29
-112
58
-49
-10
79
-23
27
-61
125
54
-9
-90
-41
-135
-132
-2
-78
23
20
71
99
71
39
-95
-144
-203
-149
76
-42
77
117
46
64
-13
-15
-29
-86
-68
-19
50
-37
-79
-17
-23
162
-16
177
-6
-14
-205
-62
-58
-84
145
76
149
-117
15
-59
-55
46
-35
99
-86
44
-28
-3
-29
27
-42
31
-89
-20
159
59
60
-52
-14
-27
121
149
112
-91
-65
-12
-136
-61
29
48
51
65
92
82
21
-151
-93
17
38
51
105
-53
51
-136
86
81
45
112
31
129
-155
-70
-125
-22
20
6
176
-19
-3
-224
-206
-61
221
5
10
-95
-120
-31
-116
121
48
5
-217
-143
-5
98
192
175
20
-60
-83
-39
-113
-108
-44
-61
-139
58
-12
-19
-154
-81
-66
201
185
201
-80
-51
31
109
295
48
-38
-344
-209
-147
-61
55
14
-48
-132
-102
-43
86
88
109
-136
-19
80
134
198
38
118
-236
-213
-146
50
86
6
-24
-68
-91
-42
174
292
217
65
-69
-185
-226
-43
115
114
19
129
32
-58
23
79
45
-193
74
180
-20
-134
-123
81
-85
31
208
141
-7
-95
105
-1
-95
-97
-125
-35
81
140
109
13
-116
9
103
27
0
-68
-64
-2
37
-109
19
-23
9
65
54
45
-100
49
-122
-16
-125
174
13
133
29
94
-11
-213
-307
-59
62
-7
55
178
122
135
3
-79
-46
-6
149
22
58
77
31
-55
-10
6
-200
134
-51
288
37
171
-98
-243
-215
-126
272
181
264
9
-12
-179
-168
-95
286
123
62
-173
-82
126
-5
253
-40
23
-187
-37
8
226
100
-144
-384
-287
-105
58
135
228
55
90
-143
100
140
-34
44
-131
-203
-217
147
32
158
-73
205
46
-46
-88
-6
-49
-89
-90
218
178
50
0
-20
181
-163
106
-44
34
-315
-151
-140
17
-104
87
252
-146
85
-24
285
156
228
-31
-72
-161
-150
16
3
182
153
351
80
24
-190
-128
-147
-47
30
30
45
57
-25
-205
-189
-11
36
65
141
200
-4
-236
-251
-31
123
229
221
-13
-94
-319
-273
-46
305
160
18
97
-116
90
-153
75
120
91
-44
224
9
-81
-186
77
150
115
-41
4
75
-216
-105
30
8
-66
-287
-36
-11
7
70
105
92
-78
94
181
124
30
-66
48
-66
10
114
-62
-80
-274
-90
-107
-11
135
157
158
-82
227
254
78
-128
-174
-203
116
-63
196
-132
-43
-271
-138
-132
191
171
229
74
306
-182
-16
-203
100
36
4
-163
-12
-133
-156
24
76
75
-67
21
164
-7
-22
-10
135
53
119
84
-265
-245
50
57
47
91
266
188
-96
-117
189
150
-114
-24
90
-10
-348
-69
47
363
-238
-61
51
60
42
6
37
-215
-309
-103
100
373
184
-125
-133
9
112
136
-40
87
-125
-275
-327
-63
272
98
304
60
-154
-362
51
110
70
-135
246
44
-153
20
153
48
-99
79
208
-46
-149
-221
-204
9
297
334
-17
-159
-365
-372
-211
149
374
-4
-2
-83
44
-236
-184
-179
7
-7
355
188
294
-13
-261
-57
-166
-11
136
195
19
-281
-209
-223
26
-154
-111
347
90
-122
-16
158
162
-183
114
175
-93
-324
-120
-62
-341
-190
-441
-307
-224
77
199
375
-29
51
-265
-225
-166
136
441
73
-311
-341
-164
-209
8
-96
244
-302
-375
-66
54
172
32
493
-3
-203
-77
114
-240
-187
212
30
-39
-27
385
-258
-44
-48
184
-134
-34
-230
-149
-5
-4
-63
215
123
136
-173
-243
-158
-187
252
12
249
141
-60
-564
-250
-1
189
316
164
492
-121
-441
-721
-218
126
598
444
460
152
-118
-375
130
9
-30
137
65
-27
-165
-366
-208
109
259
189
33
-162
-33
-162
62
335
53
-405
-385
-12
237
237
-100
7
-132
267
117
279
72
-73
-186
-291
-117
-75
158
35
466
112
134
-193
-290
-45
253
225
-342
-336
-371
157
114
399
117
-173
-307
-73
539
243
-5
-382
-129
19
247
444
170
-359
-588
-33
122
380
175
246
-359
-570
36
234
273
127
89
104
-378
-234
190
210
294
43
1
28
-159
203
63
219
78
71
-345
-33
153
13
4
-96
-206
-560
-369
351
-70
17
284
458
-112
-412
-344
75
-327
-74
182
369
173
-270
-267
-327
-128
61
710
687
-25
-308
-566
-257
-272
397
286
154
-220
156
450
40
-211
-221
44
-157
84
287
247
-189
-156
108
199
158
248
76
-350
-549
-30
108
356
261
-20
16
-160
91
189
509
32
-319
-361
-51
-454
-104
556
242
285
88
192
-534
-561
-44
207
435
240
15
-283
139
-166
-350
37
533
-71
-11
180
132
-767
-193
474
624
106
255
-146
-594
-49
94
339
-261
-88
-237
-336
266
568
314
-147
-373
-251
-134
-171
374
299
108
-96
-539
-191
-145
221
110
142
-78
-81
-1
-178
214
-71
306
-259
-81
-409
95
314
692
459
110
-388
-472
-407
-165
80
167
214
379
195
207
19
-70
277
2
136
-297
-85
-36
263
452
-69
365
-291
-101
-359
374
241
20
-274
80
356
339
519
-7
-34
-701
-802
-853
287
666
967
526
-106
-366
-812
-258
137
296
313
98
-170
-582
51
430
77
136
-107
-58
-285
-90
331
272
-195
84
142
258
-9
101
-277
-254
-60
82
163
-22
40
-357
-532
-332
281
148
83
352
270
-345
-87
-131
32
-159
317
224
347
-100
-291
-472
-11
631
107
-168
-88
485
-658
-260
315
540
-471
-519
214
416
266
-117
208
-549
-388
-515
563
568
836
457
-250
-300
-593
15
-203
40
4
-46
-410
82
439
678
-17
83
-378
-214
-1
-222
530
726
204
-373
-774
-21
277
347
159
-15
1
-408
277
758
415
104
-547
-398
-609
-110
104
-27
-111
-30
529
426
727
228
102
-660
-550
-876
-156
401
525
520
437
-14
-56
-258
-18
-105
-302
-81
234
450
257
-70
-176
-351
-206
85
317
179
-68
-269
-156
-1
-136
179
29
-249
160
237
440
156
-143
347
79
-73
128
304
152
-304
-264
-333
248
411
312
182
-140
305
-439
-389
530
588
-24
-595
-174
-575
-541
295
957
876
61
-91
-229
-392
3
188
377
99
-29
-400
-679
52
420
537
-65
114
-59
163
-386
405
206
-150
-617
-425
36
150
242
199
831
890
255
195
-136
-338
-792
-509
161
-164
-421
-5
403
321
406
372
31
90
-475
-366
-52
-359
216
248
45
127
71
51
-292
-391
-264
-162
-382
-236
565
633
406
74
-273
-469
-833
-265
394
360
-126
-533
-318
-462
-568
-278
226
255
-14
-89
-98
-108
-128
437
132
29
89
-305
103
18
157
-104
-284
-331
-375
-310
-257
204
-517
-441
-334
-286
-160
16
501
327
-678
-579
-267
-56
-100
395
675
126
-578
-734
-307
-296
-313
-111
-180
366
160
-130
127
130
299
-277
126
69
74
-469
-42
28
68
71
389
419
-166
-61
-135
-200
173
474
97
-311
-503
-143
-23
-122
302
243
-296
-245
-273
-40
-1
75
57
-273
61
106
-106
-136
286
-42
-118
365
357
512
-285
-83
-332
-31
-11
91
293
-9
49
-608
-145
122
289
196
346
234
-24
-268
-269
201
368
-205
-40
-23
282
-19
215
171
382
-388
-146
-30
245
150
-17
343
4
281
295
238
25
-132
-234
-667
-333
-308
-101
-328
-8
36
146
-261
-24
-202
-225
-174
115
-173
-21
27
24
-21
28
285
62
-104
-42
287
-13
235
267
399
71
-11
-173
75
155
258
477
78
-11
-176
17
-175
-191
-67
220
246
435
331
197
77
-38
116
169
136
176
-111
285
-179
-251
-204
-50
-292
-216
-150
3
-68
219
336
140
183
176
434
49
-122
111
127
196
-274
-5
-335
-363
-457
-76
82
181
-15
-83
114
-260
-302
-222
37
-157
114
294
220
64
3
160
-6
-200
135
0
-150
-103
94
58
-36
28
-164
-41
-37
51
174
241
275
-22
37
-68
-150
-234
183
472
169
215
83
95
-162
43
279
-43
-121
-274
-252
-375
73
489
418
134
-109
-143
-646
-438
30
428
332
-18
283
87
22
-253
-144
111
-80
11
-10
-28
-79
-32
-130
383
417
630
196
44
-349
-500
-53
-124
629
772
760
474
124
-149
-132
-263
-393
-7
21
187
-291
81
-130
298
-19
-131
-3
102
161
156
18
-169
-526
-374
-97
389
440
508
158
355
296
231
432
44
179
-62
110
66
347
149
121
-46
-413
-422
-483
9
157
533
373
101
-34
-194
-156
-641
-311
-414
-294
-243
-88
117
-202
-38
-230
-173
-299
-166
-51
-6
126
249
396
315
-88
-357
-525
-211
-272
-246
-153
109
196
203
118
-12
-248
-360
-415
-57
-233
-111
-210
-150
-223
61
15
160
22
-47
-109
-133
-156
-304
-358
-120
-193
-271
-159
354
484
210
78
-182
-204
-458
-203
-287
-141
-294
-480
-104
106
424
366
289
366
97
-398
-490
-216
-126
-52
-37
28
-239
-231
177
244
297
169
142
-294
-517
-5
26
167
265
415
-93
139
-114
130
293
186
67
-354
21
370
297
-7
-59
-197
-536
-386
-203
-180
-224
-383
-411
-584
-473
-395
-411
-343
-205
-347
-481
-460
-464
-294
-204
-6
-59
-106
-183
-597
-713
-711
-555
-585
-557
-489
-628
-544
-437
-285
-458
-680
-710
-862
-762
-531
-338
-295
-363
-355
-379
-201
-51
-32
109
17
-192
-347
-413
-400
-478
-446
-329
-275
-201
-85
-75
-144
-287
-190
-70
-165
-139
-316
-359
-351
-308
-112
-136
-118
-280
-356
-296
-253
-200
-157
-98
-135
95
317
488
405
227
90
-224
-250
-300
-326
-469
-594
-563
-512
-181
-98
-58
-82
-232
-266
-372
-453
-520
-543
-621
-692
-704
-727
-712
-724
-709
-670
-625
-681
-827
-931
-996
-1005
-984
-1030
-1080
-1060
-1073
-1078
-1019
-1037
-1174
-1320
-1420
-1448
-1396
-1227
-991
-734
-442
-146
79
277
550
753
1030
1333
1549
1877
2046
2077
2074
2070
2116
2040
1959
1901
1769
1614
1560
1556
1595
1605
1659
1760
1678
1664
1683
1706
1690
1593
1602
1452
1213
1080
1111
1199
1188
1236
1265
1226
1171
1130
1065
920
905
887
684
470
337
248
110
71
151
122
32
-51
-190
-396
-521
-593
-749
-945
-1041
-1016
-1008
-877
-652
-507
-454
-489
-461
-385
-341
-439
-767
-1143
-1553
-1895
-2028
-2000
-1886
-1893
-1963
-2113
-2256
-2317
-2492
-2821
-3205
-3297
-3128
-2727
-1918
-706
661
1774
2776
3681
4350
4645
4571
4304
3775
3061
2383
1964
1766
1757
1887
2054
2180
2263
2404
2318
2014
1650
1284
811
259
-7
-103
-109
1
338
643
836
1210
1500
1636
1601
1614
1601
1449
1488
1635
1834
2064
2359
2532
2453
2272
2198
2222
2121
1949
1696
1552
1422
1233
1117
973
749
354
111
-17
-97
-39
97
231
285
505
658
619
515
432
215
-303
-783
-1205
-1584
-1948
-2203
-2365
-2484
-2328
-2070
-1783
-1517
-1263
-1154
-1293
-1387
-1479
-1687
-1976
-2261
-2574
-2943
-3176
-3329
-3538
-3703
-3721
-3791
-4067
-4266
-4442
-4817
-5186
-5093
-4403
-3424
-1975
-123
1665
3134
4318
5274
5711
5782
5537
4877
3916
2944
2180
1498
1213
1371
1621
1699
1630
1523
1157
690
299
-155
-745
-1236
-1409
-1355
-1052
-425
329
923
1354
1675
1787
1703
1606
1546
1404
1253
1241
1326
1475
1827
2292
2494
2400
2232
2013
1659
1334
1125
974
923
996
1056
943
1007
1155
1125
959
807
754
426
194
149
132
213
343
614
691
871
1120
1015
685
312
11
-539
-1116
-1448
-1773
-2135
-2362
-2417
-2459
-2331
-1995
-1767
-1710
-1614
-1525
-1640
-1772
-1793
-1897
-2093
-2268
-2483
-2848
-3171
-3364
-3573
-3829
-4086
-4282
-4670
-5125
-5682
-6384
-6781
-6604
-5617
-4263
-2444
-162
2086
4097
5651
6872
7300
7023
6237
5004
3561
2130
1195
553
415
699
1140
1461
1539
1662
1456
1038
378
-468
-1351
-2119
-2375
-2337
-1932
-1124
-174
625
1220
1760
2042
1988
1806
1601
1302
1097
1196
1442
1747
2206
2693
2833
2595
2172
1605
882
155
-378
-645
-679
-510
-95
547
1224
1706
1931
1900
1580
1061
563
185
-106
-252
-138
165
526
972
1465
1730
1621
1261
662
-250
-1235
-1983
-2550
-3016
-3202
-3106
-2915
-2571
-2007
-1474
-1129
-904
-883
-1155
-1516
-1788
-2034
-2210
-2221
-2213
-2368
-2516
-2516
-2572
-2796
-3081
-3390
-3872
-4473
-5067
-5682
-6440
-7253
-7704
-7453
-6163
-4162
-1849
553
2796
4794
6108
6948
7225
6830
5916
4522
3053
1706
1028
811
816
1084
1363
1479
1204
986
660
91
-578
-1436
-2250
-2791
-2634
-1987
-1211
-275
670
1362
1713
1992
2183
2087
1766
1437
1115
864
973
1383
1778
2108
2398
2337
1849
1289
707
-47
-664
-830
-765
-581
-39
705
1215
1492
1705
1672
1306
893
565
179
-170
-204
57
434
948
1539
1890
1839
1538
1055
332
-519
-1302
-2007
-2639
-3018
-3028
-2810
-2522
-2158
-1805
-1629
-1617
-1593
-1598
-1715
-1792
-1783
-1792
-1784
-1614
-1393
-1265
-1217
-1262
-1596
-2264
-2975
-3700
-4299
-4710
-4943
-4984
-5149
-5303
-5595
-6261
-7045
-7419
-6794
-5429
-3560
-1193
1252
3417
5317
7062
8217
8509
8126
7080
5395
3491
2180
1349
631
353
470
630
487
421
574
320
-177
-634
-1201
-1911
-2195
-1726
-1096
-435
529
1408
1804
2104
2553
2642
2325
2046
1824
1445
1312
1726
2054
2197
2432
2712
2597
2159
1946
1411
451
-524
-1028
-978
-577
288
1041
1622
2068
2378
2396
2117
1951
1531
930
321
-3
20
235
752
1198
1542
1753
1716
1447
1004
482
-228
-1085
-1919
-2506
-2746
-2691
-2468
-2173
-1864
-1661
-1588
-1546
-1431
-1251
-1145
-1185
-1292
-1317
-1189
-1000
-850
-843
-1068
-1610
-2374
-3184
-3861
-4313
-4642
-4843
-5083
-5264
-5422
-5645
-5996
-6757
-7406
-7480
-6555
-4744
-2358
620
3465
5752
7354
8565
9197
8829
7952
6597
4629
2577
1290
581
-31
28
713
981
656
563
634
272
-250
-574
-1035
-1622
-1621
-1009
-388
278
1229
1982
2188
2320
2594
2606
2355
2241
2192
1950
1741
1861
2139
2308
2389
2334
1928
1283
836
594
181
-291
-350
-38
336
818
1432
1851
1896
1715
1459
1241
1193
1278
1395
1562
1792
2004
2141
2161
2047
1769
1244
480
-297
-903
-1319
-1577
-1737
-1857
-1857
-1693
-1545
-1489
-1418
-1430
-1661
-1925
-1999
-1917
-1694
-1254
-804
-550
-478
-473
-596
-882
-1294
-1779
-2310
-3031
-3629
-3893
-3805
-3649
-3669
-3610
-3759
-4077
-4715
-5606
-6618
-7926
-9001
-9271
-8062
-5750
-2633
1154
4796
7612
9366
10430
10299
9047
7231
5068
2677
467
-593
-823
-486
381
1423
2066
1976
1772
1369
495
-539
-1333
-1935
-2359
-1986
-795
540
1754
2944
3668
3552
3046
2508
1757
888
436
382
482
970
1978
2958
3536
3776
3518
2593
1301
249
-679
-1347
-1361
-951
-225
680
1785
2714
3200
3348
2919
2059
1109
343
-116
-87
328
978
1787
2474
3021
3132
2806
2043
879
-307
-1443
-2206
-2489
-2357
-1865
-1247
-662
-253
-104
-286
-732
-1358
-2088
-2708
-2930
-2691
-2137
-1325
-465
64
169
-4
-436
-1111
-1853
-2595
-3378
-4030
-4303
-4202
-3864
-3413
-3037
-2946
-3232
-3879
-4835
-6054
-7472
-8909
-9872
-9648
-7868
-4835
-1147
2695
6133
8594
9916
10203
9426
7702
5577
3447
1367
-268
-821
-363
491
1490
2479
2849
2342
1533
738
-304
-1393
-2047
-2401
-2519
-1805
-225
1345
2525
3500
3938
3534
2825
2239
1521
740
418
529
770
1377
2415
3175
3223
2898
2284
1127
-181
-971
-1290
-1435
-1209
-508
365
1383
2651
3718
4090
3861
3192
2139
1165
696
569
570
761
1040
1260
1512
1779
1824
1582
1088
395
-289
-745
-924
-850
-619
-428
-358
-414
-609
-909
-1294
-1811
-2330
-2685
-2890
-2824
-2262
-1414
-644
66
618
619
115
-548
-1447
-2582
-3532
-4156
-4575
-4673
-4305
-3781
-3429
-3273
-3262
-3533
-4180
-5046
-6075
-7254
-8766
-10007
-9918
-8182
-5007
-1225
2726
6271
8716
9930
10045
9486
8247
6283
3816
1499
-208
-1024
-906
-158
1016
1819
1995
1470
635
-97
-892
-1567
-2194
-2390
-2031
-1016
544
2188
3588
4081
3891
3154
2118
1211
648
523
490
745
1346
1986
2552
3174
3472
2989
2042
875
-386
-1580
-2086
-1781
-1391
-634
486
1402
2114
2837
3521
3262
2436
1900
1406
1025
1023
1466
1581
1513
1771
1919
1808
1665
1725
1252
374
-174
-605
-991
-1029
-493
-133
-244
-333
-496
-940
-1317
-1377
-1609
-2073
-2244
-2079
-1880
-1460
-756
-350
-405
-528
-690
-1092
-1524
-1863
-2345
-2896
-3212
-3343
-3517
-3547
-3410
-3550
-4128
-4756
-5298
-5905
-6477
-7034
-7700
-8690
-9468
-9112
-7204
-3850
-152
3265
6195
8266
9286
9387
9106
8305
6706
4628
2664
1020
23
-59
260
619
745
600
-28
-875
-1164
-1226
-1464
-1715
-1612
-1135
-359
854
2107
2890
3227
3200
2646
1882
1441
1240
1064
1087
1317
1431
1576
2084
2535
2445
2015
1412
435
-625
-1077
-1069
-1069
-966
-607
-355
-169
446
1331
2127
2708
3219
3322
3079
3084
3048
2880
2627
2488
2031
1179
655
289
-48
-345
-374
-456
-585
-286
86
361
436
517
293
-245
-527
-761
-1028
-1268
-1364
-1601
-1991
-2062
-1891
-1717
-1458
-1012
-684
-577
-510
-581
-951
-1490
-2048
-2724
-3371
-3686
-3937
-4456
-4986
-5216
-5388
-5581
-5589
-5564
-5745
-6247
-6924
-8005
-9282
-9476
-7767
-4287
-238
3623
7114
9656
10990
11221
10761
9454
6937
3825
1070
-855
-1778
-1528
-565
294
832
1070
694
-156
-721
-1011
-1641
-2425
-2612
-2015
-777
1109
3221
4688
5137
4797
3881
2660
1646
998
401
-111
-168
233
896
1864
2933
3387
2879
1769
387
-1080
-2183
-2568
-2489
-2226
-1646
-733
254
1244
2292
3207
3752
3938
3921
3749
3442
3195
3156
3110
2799
2353
1851
1088
193
-425
-849
-1285
-1438
-1148
-744
-294
411
1105
1371
1319
1120
591
-199
-831
-1301
-1828
-2152
-2025
-1747
-1536
-1262
-1083
-1250
-1460
-1376
-1286
-1426
-1545
-1562
-1720
-2068
-2381
-2725
-3227
-3826
-4463
-5193
-5843
-6199
-6379
-6256
-5840
-5315
-5216
-5597
-6191
-7250
-7986
-7220
-4427
-870
2235
5275
8134
10078
10543
10356
9719
7921
5115
2240
237
-1161
-1748
-1407
-673
19
382
459
-62
-771
-1014
-1007
-1191
-1350
-889
71
1234
2591
3860
4435
4256
3676
2651
1318
341
-27
-187
-108
514
1337
1891
2298
2540
2099
1056
-43
-1043
-1972
-2351
-1920
-1138
-352
471
1359
1915
2260
2408
2281
2320
2717
3431
3847
4203
4580
4386
3688
2826
2081
939
-340
-1353
-2053
-2209
-1807
-952
-206
734
1702
1965
1645
1234
1012
460
-344
-971
-1395
-1630
-1600
-1288
-1004
-900
-935
-1155
-1611
-2041
-2184
-2220
-2297
-2312
-2223
-2150
-2114
-2206
-2551
-3015
-3532
-4276
-5094
-5461
-5442
-5353
-5086
-4605
-4347
-4462
-4752
-5381
-6463
-7944
-8985
-8486
-5877
-1863
2055
5735
8962
11075
11544
10800
9566
7413
4541
1660
-451
-1828
-2358
-1682
-514
520
1001
1004
261
-864
-1314
-1294
-1271
-1199
-572
488
1704
3152
4386
4860
4499
3516
2058
630
-245
-616
-730
-470
232
951
1502
1991
2221
1832
974
14
-984
-1897
-2226
-1753
-970
-83
742
1392
1898
2313
2637
2402
1983
1995
2363
3004
3859
4811
5151
4555
3491
2222
867
-304
-1108
-1703
-2052
-1854
-1189
-419
401
1252
1672
1464
1032
651
236
-55
33
221
197
127
76
-262
-855
-1437
-2100
-2915
-3533
-3693
-3498
-3010
-2310
-1698
-1418
-1453
-1751
-2234
-2717
-3146
-3666
-4230
-4561
-4541
-4270
-3860
-3514
-3545
-3977
-4551
-5225
-6080
-6938
-7721
-8589
-8835
-6998
-2964
1563
5333
8357
10310
10479
9320
7947
6468
4477
2346
709
-351
-780
-326
700
1432
1492
1003
-141
-1744
-2728
-2424
-1502
-610
425
1571
2479
3311
4108
4224
3399
2083
617
-691
-1291
-1016
-226
737
1560
2016
2181
2122
1743
1067
190
-748
-1415
-1557
-1204
-302
976
1903
2117
2014
1788
1333
947
908
998
1129
1558
2375
3468
4592
5249
5020
3934
2304
561
-834
-1650
-1886
-1633
-1058
-286
627
1452
1929
2037
1725
930
38
-458
-556
-330
335
1080
1285
937
332
-556
-1670
-2639
-3408
-4160
-4662
-4510
-3851
-3022
-2056
-1146
-716
-782
-1026
-1422
-2023
-2585
-2911
-3220
-3519
-3471
-3291
-3262
-3438
-3794
-4272
-4964
-5564
-6075
-6762
-7338
-8070
-8875
-8730
-6485
-2219
2088
5758
8897
10794
10786
9374
8044
6615
4681
2666
1194
300
-162
239
918
1307
1095
352
-1014
-2640
-3154
-2511
-1451
-616
383
1601
2389
2873
3041
2796
2156
1384
511
-296
-282
495
1304
1967
2643
2924
2575
1934
1139
256
-388
-716
-1007
-1054
-441
560
1335
1698
1683
1239
539
9
-119
132
836
1896
2768
3240
3799
4488
4584
3953
3116
2015
550
-520
-734
-548
-116
650
1141
964
717
637
237
-378
-610
-555
-594
-509
-14
613
1008
1068
637
-422
-1757
-2829
-3487
-3789
-3631
-3121
-2616
-2181
-1664
-1174
-849
-632
-694
-1248
-1936
-2308
-2554
-2827
-2843
-2636
-2617
-2843
-3071
-3346
-3785
-4255
-4608
-4936
-5330
-5712
-6135
-6581
-7302
-8096
-8132
-6575
-3116
976
4617
7579
9662
10373
9588
8340
7034
5310
3408
2136
1386
822
689
786
655
51
-611
-1605
-3172
-4075
-3590
-2301
-1102
114
1524
2506
2924
3140
3064
2423
1628
1103
751
761
1538
2597
3046
2976
2756
2177
1189
251
-433
-897
-993
-732
-314
230
846
1210
1162
788
180
-479
-878
-728
21
1236
2577
3675
4340
4567
4351
3823
3321
2724
1993
1303
934
924
879
1092
1403
1214
434
-522
-1197
-1856
-2267
-1982
-1316
-560
282
970
1129
1032
914
391
-565
-1360
-1810
-2162
-2241
-1907
-1482
-1215
-1105
-1294
-1770
-2091
-2081
-2088
-2158
-1972
-1674
-1641
-1755
-1796
-1991
-2503
-3101
-3600
-3990
-4190
-4190
-4102
-3960
-3773
-3745
-4122
-4790
-5555
-6479
-7667
-8637
-8183
-5287
-634
3706
6890
9061
9904
8975
7174
6030
5159
4033
3037
2483
2265
2036
1683
900
-157
-1095
-2039
-3339
-4253
-3720
-2083
-171
1427
2748
3364
2972
2344
1827
1456
1267
1320
1428
1592
2253
3057
3211
2726
1997
963
-199
-916
-1068
-810
-147
663
1059
1013
858
516
-144
-729
-817
-543
-160
454
1382
2295
2909
3256
3242
2722
2072
1806
1848
1963
2261
2664
2732
2389
1973
1578
999
186
-695
-1418
-1797
-1769
-1392
-766
-61
498
785
781
559
268
33
-131
-231
-237
-175
-187
-391
-744
-1139
-1564
-2042
-2479
-2709
-2682
-2498
-2238
-1917
-1612
-1484
-1591
-1833
-2073
-2241
-2316
-2296
-2214
-2139
-2153
-2304
-2565
-2874
-3216
-3603
-4054
-4559
-5077
-5521
-5897
-6431
-7302
-8029
-7373
-4545
-403
3344
5881
7339
7609
6563
5159
4590
4571
4185
3731
3883
4160
3848
3018
1828
387
-836
-1688
-2464
-2866
-2312
-1044
272
1362
2019
1932
1151
184
-344
-116
605
1256
1682
2051
2348
2417
2210
1860
1439
1005
610
419
558
1007
1473
1490
1085
504
-6
-673
-1290
-1227
-772
-246
139
530
765
808
1100
1266
1377
1740
2338
2673
2684
3105
3495
3351
2991
2723
2241
1262
628
392
114
72
260
314
-180
-590
-798
-1179
-1357
-1224
-912
-749
-350
145
245
153
-4
-155
-541
-731
-709
-834
-900
-960
-1080
-1494
-1909
-2133
-2394
-2390
-2131
-1750
-1405
-1207
-1084
-1294
-1605
-1850
-2156
-2425
-2660
-2784
-2894
-2892
-2719
-2716
-3057
-3542
-3970
-4355
-4744
-5225
-5789
-6698
-7682
-7858
-6089
-2349
1440
4014
5378
6046
5746
4723
4438
4916
5303
5112
5037
5364
5320
4509
2817
795
-845
-1636
-1700
-1549
-1193
-620
-73
206
275
151
-367
-1171
-1622
-1077
242
1551
2273
2428
2364
2069
1724
1460
1277
1289
1414
1840
2221
2317
2234
1755
904
-112
-770
-955
-1011
-924
-593
-96
185
63
-151
-210
-151
78
657
1383
2149
3034
3684
3636
3096
2761
2379
1845
1695
1901
1913
1333
889
678
361
-30
-538
-940
-1264
-1174
-910
-809
-553
-292
-257
-511
-572
-362
-273
-298
-306
-207
-145
-281
-611
-988
-1291
-1467
-1406
-1200
-1038
-1072
-1190
-1205
-1206
-1188
-1337
-1627
-1904
-2160
-2182
-2255
-2425
-2630
-2819
-2838
-2843
-2676
-2442
-2447
-2827
-3467
-4030
-4387
-4597
-4755
-5092
-5873
-6758
-6988
-5508
-2347
991
3090
3683
3771
3638
3456
3907
4833
5427
5159
4745
4800
4933
4529
3277
1583
247
-249
-187
-83
-76
-71
-184
-579
-933
-914
-820
-1162
-1604
-1236
9
1172
1640
1662
1450
992
629
757
1201
1610
1884
1933
1822
1930
2232
2083
1316
663
600
744
710
616
513
248
-117
-336
-379
-386
-425
-423
-231
202
742
1177
1356
1369
1553
2067
2537
2644
2569
2529
2456
2354
2283
2070
1514
749
65
-349
-441
-364
-421
-725
-1071
-1236
-1237
-1194
-1157
-1129
-1107
-1047
-878
-597
-319
-219
-338
-491
-509
-425
-378
-469
-681
-893
-1024
-1117
-1169
-1134
-1115
-1262
-1450
-1521
-1578
-1788
-2134
-2425
-2564
-2593
-2633
-2724
-2858
-2959
-3009
-3063
-3044
-3039
-3033
-3193
-3529
-3826
-4441
-5391
-6063
-5366
-3056
-499
1188
1659
1499
1491
1937
3108
4386
4954
4507
3651
3469
3943
4643
4654
3688
2429
1554
1413
1351
1239
992
499
-22
-449
-514
-531
-921
-1662
-2021
-1603
-739
-57
87
-150
-580
-506
91
837
1577
1974
2069
2032
2339
2952
3250
3041
2522
1994
1613
1435
1294
898
241
-307
-503
-562
-627
-673
-816
-1091
-1178
-760
-71
484
769
943
1173
1542
2079
2487
2728
2743
2521
2338
2184
2183
2003
1471
830
250
41
-17
-152
-411
-770
-1078
-1325
-1442
-1404
-1312
-1289
-1295
-1206
-965
-705
-673
-842
-965
-913
-755
-562
-427
-452
-519
-509
-523
-572
-513
-546
-943
-1470
-1722
-1706
-1655
-1671
-1791
-1949
-2075
-2155
-2219
-2251
-2295
-2512
-2793
-2975
-2987
-3026
-3240
-3667
-4176
-4717
-5386
-5654
-5163
-3569
-1604
-280
208
-64
68
764
2190
3897
4925
5154
4378
3757
3744
4366
5069
4947
4366
3493
2694
1942
1368
1136
865
524
268
165
-145
-797
-1577
-2129
-2136
-1524
-678
-266
-367
-564
-561
-219
526
1372
1717
1496
1251
1279
1464
1774
2172
2321
2164
2124
2259
2065
1446
883
560
328
316
567
565
17
-593
-780
-597
-200
261
476
314
69
43
266
685
1258
1794
2017
1889
1649
1447
1247
1168
1404
1740
1759
1370
757
138
-223
-214
-105
-163
-346
-610
-1008
-1358
-1365
-1101
-903
-924
-1104
-1408
-1751
-1927
-1822
-1580
-1338
-1127
-1038
-1141
-1247
-1167
-1038
-964
-827
-646
-669
-913
-1055
-960
-754
-652
-723
-933
-1220
-1588
-1987
-2252
-2505
-2724
-3018
-3358
-3754
-4286
-4815
-5565
-6005
-5599
-4318
-2757
-1791
-1421
-1617
-1657
-785
976
2852
3797
3876
3361
2888
3217
4302
5461
5757
5318
4646
3865
3278
2858
2556
2234
1979
1955
1602
735
-240
-927
-1297
-1389
-1074
-804
-1212
-2082
-2571
-2379
-1775
-958
-104
384
309
101
212
603
1110
1716
2259
2419
2241
2067
1998
1924
1966
2249
2434
2100
1427
870
514
325
486
905
1038
638
17
-498
-742
-587
-191
71
122
151
161
51
-25
151
519
858
1131
1357
1399
1162
898
935
1214
1430
1373
1001
436
-39
-237
-249
-238
-274
-470
-923
-1462
-1798
-1905
-1946
-1949
-1894
-1872
-1937
-2031
-2103
-2055
-1758
-1280
-933
-870
-939
-951
-836
-542
-134
124
20
-367
-816
-1148
-1259
-1171
-1070
-1174
-1576
-2205
-2830
-3223
-3341
-3375
-3644
-4269
-4822
-4729
-4017
-3217
-2618
-2225
-2084
-1987
-1387
-202
895
1397
1539
1720
2065
2630
3362
3934
4156
4264
4420
4431
4221
3975
3754
3471
3209
3044
2714
1969
1061
457
224
133
-14
-388
-1047
-1662
-1839
-1653
-1415
-1195
-1020
-1075
-1286
-1247
-862
-449
-105
313
723
978
1185
1437
1583
1657
1823
1950
1807
1545
1399
1403
1570
1817
2083
2054
1668
1129
631
503
559
652
593
265
-56
-293
-260
18
346
494
318
17
-202
-242
-70
220
438
556
539
372
122
-4
126
261
312
268
114
-125
-368
-388
-280
-174
-132
-297
-604
-934
-1095
-1071
-998
-910
-994
-1216
-1421
-1518
-1432
-1291
-1189
-1178
-1231
-1280
-1262
-1117
-968
-966
-1046
-1081
-1128
-1183
-1238
-1347
-1538
-1708
-1859
-2078
-2336
-2750
-3262
-3781
-3965
-3644
-3097
-2606
-2583
-2696
-2721
-2476
-1671
-519
593
1013
984
911
1043
1650
2440
3154
3510
3609
3555
3342
3324
3568
3892
3984
3713
3232
2618
2093
1800
1666
1591
1396
981
352
-262
-600
-740
-851
-939
-949
-996
-1198
-1416
-1372
-1062
-750
-479
-201
-32
39
170
377
624
895
1129
1217
1137
1068
1128
1272
1446
1584
1613
1467
1148
963
1118
1356
1483
1395
1162
872
553
476
630
767
654
223
-244
-488
-424
-209
-45
3
-138
-310
-427
-414
-208
-30
5
-129
-218
-203
-244
-216
-83
56
153
193
74
-96
-223
-315
-315
-355
-454
-654
-865
-1023
-1054
-873
-749
-743
-913
-1164
-1286
-1276
-1151
-1054
-983
-1008
-1189
-1335
-1427
-1431
-1432
-1478
-1583
-1782
-1943
-2173
-2377
-2533
-2704
-2933
-3360
-3568
-3369
-2895
-2515
-2396
-2215
-2102
-1910
-1335
-502
198
444
626
824
1094
1690
2279
2662
2776
2885
3014
2984
3077
3246
3345
3258
3146
2993
2656
2357
2156
2041
1910
1723
1408
945
433
58
-110
-209
-286
-501
-705
-826
-840
-747
-699
-596
-590
-621
-614
-632
-473
-280
-87
148
270
340
384
491
733
1016
1205
1254
1302
1379
1465
1472
1433
1381
1333
1301
1174
1066
920
819
811
795
776
594
370
163
113
204
166
-9
-276
-467
-485
-310
-88
-42
-130
-249
-358
-419
-358
-245
-213
-259
-339
-392
-408
-388
-311
-238
-233
-318
-494
-651
-698
-724
-717
-658
-677
-716
-835
-1009
-1055
-1008
-886
-836
-900
-1046
-1212
-1263
-1253
-1202
-1210
-1352
-1551
-1721
-1783
-1798
-1874
-2123
-2516
-2939
-3322
-3432
-3187
-2814
-2654
-2732
-2747
-2665
-2399
-1790
-1017
-412
-183
0
300
655
1229
1815
2290
2547
2683
2869
2884
3016
3267
3427
3486
3373
3211
2915
2626
2442
2285
2184
1990
1598
1124
744
456
277
183
50
-122
-326
-536
-673
-695
-634
-539
-513
-590
-685
-726
-670
-566
-474
-347
-216
-197
-210
-106
108
390
699
924
1056
1210
1378
1425
1387
1391
1360
1267
1259
1299
1273
1209
1056
835
744
753
617
329
83
-29
-21
73
126
-8
-247
-391
-411
-356
-224
-139
-238
-398
-437
-358
-228
-118
-111
-202
-325
-421
-455
-458
-472
-490
-531
-605
-657
-677
-699
-695
-654
-556
-414
-356
-456
-614
-704
-654
-537
-519
-644
-841
-1040
-1160
-1194
-1210
-1309
-1532
-1809
-2048
-2159
-2182
-2238
-2372
-2567
-2828
-3046
-3061
-2858
-2566
-2428
-2298
-2072
-1854
-1557
-1142
-569
-168
32
201
378
690
1089
1494
1689
1879
2105
2235
2385
2588
2864
2957
2989
2986
2857
2777
2717
2637
2506
2405
2260
1970
1580
1178
915
774
635
399
79
-262
-538
-656
-664
-656
-639
-658
-795
-925
-895
-796
-691
-529
-366
-277
-211
-108
-5
102
321
585
663
622
634
665
779
923
976
948
876
857
806
771
867
884
826
754
702
653
504
400
301
321
460
447
336
112
-62
-137
-174
-146
-162
-206
-304
-400
-440
-408
-325
-324
-389
-467
-532
-564
-512
-403
-326
-276
-275
-351
-414
-389
-326
-266
-218
-216
-224
-275
-413
-527
-563
-538
-522
-558
-716
-925
-1088
-1251
-1271
-1254
-1327
-1452
-1661
-1829
-1919
-1941
-1945
-1973
-2071
-2296
-2529
-2559
-2348
-2112
-2008
-1974
-1843
-1705
-1514
-1133
-720
-400
-277
-135
136
439
811
1171
1448
1666
1901
2107
2325
2548
2719
2829
2862
2913
2871
2748
2633
2523
2418
2230
2020
1774
1468
1158
882
680
446
145
-119
-289
-401
-487
-538
-622
-707
-743
-767
-726
-686
-633
-571
-565
-494
-390
-286
-225
-254
-238
-171
-78
150
337
419
478
521
641
682
764
854
903
1040
1122
1234
1170
1146
1163
1127
1191
1072
966
756
596
608
573
621
509
296
51
-162
-271
-338
-369
-461
-550
-608
-614
-590
-565
-533
-517
-492
-482
-509
-528
-503
-458
-389
-297
-231
-181
-164
-203
-206
-168
-151
-198
-334
-515
-620
-620
-567
-450
-435
-541
-760
-1026
-1154
-1211
-1205
-1311
-1522
-1733
-1912
-1944
-1935
-1887
-1979
-2242
-2481
-2531
-2287
-2051
-1899
-1780
-1768
-1732
-1520
-1036
-603
-366
-210
-168
-4
371
929
1431
1676
1791
1856
2059
2324
2576
2755
2759
2713
2631
2598
2610
2598
2521
2329
2101
1857
1618
1392
1166
953
789
647
451
232
23
-164
-344
-481
-546
-681
-812
-875
-919
-916
-898
-762
-687
-734
-719
-690
-644
-559
-405
-254
-160
-33
124
248
319
448
646
796
895
983
1049
1100
1216
1359
1420
1360
1214
1066
971
982
1052
1038
901
650
417
296
254
257
200
59
-162
-398
-502
-494
-423
-403
-497
-615
-729
-728
-630
-481
-334
-279
-289
-335
-343
-283
-166
-79
-64
-127
-224
-269
-296
-261
-226
-231
-275
-407
-542
-637
-660
-646
-632
-705
-879
-1086
-1230
-1272
-1293
-1259
-1291
-1437
-1640
-1846
-1984
-2099
-2137
-2203
-2281
-2289
-2191
-2069
-2009
-1868
-1695
-1514
-1323
-1055
-759
-521
-235
33
292
557
893
1191
1381
1554
1711
1892
2069
2299
2497
2602
2622
2527
2419
2319
2303
2295
2211
2061
1804
1551
1336
1142
983
833
671
410
89
-158
-326
-404
-430
-468
-541
-642
-752
-838
-867
-823
-751
-712
-709
-765
-772
-712
-618
-439
-276
-152
-102
-69
-8
119
323
470
612
727
809
868
909
951
981
1085
1171
1248
1280
1203
1063
921
894
925
958
904
692
468
248
109
137
202
192
79
-141
-392
-530
-464
-332
-265
-280
-407
-532
-559
-520
-375
-215
-165
-190
-290
-365
-352
-297
-242
-223
-248
-329
-430
-487
-497
-452
-414
-424
-493
-607
-718
-791
-792
-812
-880
-973
-1111
-1220
-1300
-1320
-1389
-1523
-1643
-1759
-1823
-1883
-1929
-2044
-2190
-2203
-2053
-1797
-1624
-1520
-1465
-1426
-1304
-1024
-607
-255
-8
118
197
412
795
1242
1605
1814
1897
1908
1914
2043
2292
2500
2577
2510
2351
2189
2110
2103
2064
1940
1723
1422
1107
874
737
661
574
402
131
-150
-353
-463
-511
-541
-595
-718
-875
-999
-1053
-1002
-874
-766
-744
-761
-769
-733
-620
-444
-253
-133
-19
26
67
210
405
669
843
973
1008
1000
1026
1005
1070
1164
1311
1344
1251
1107
925
857
819
846
828
760
653
428
246
138
152
189
166
68
-124
-289
-358
-327
-245
-149
-110
-172
-305
-418
-424
-330
-206
-135
-154
-255
-374
-410
-340
-228
-164
-189
-307
-454
-545
-543
-491
-452
-473
-583
-739
-854
-887
-881
-882
-935
-1082
-1274
-1391
-1398
-1358
-1280
-1270
-1408
-1598
-1736
-1765
-1746
-1716
-1766
-1894
-1996
-1952
-1738
-1560
-1376
-1234
-1222
-1173
-1036
-726
-365
-65
188
306
386
583
895
1256
1581
1754
1775
1755
1790
1956
2207
2411
2438
2273
2062
1926
1914
1965
1978
1863
1575
1217
873
672
580
526
415
186
-83
-400
-559
-615
-594
-531
-634
-761
-936
-1028
-961
-828
-659
-586
-575
-613
-610
-510
-348
-153
9
119
171
227
305
397
524
631
706
764
812
847
890
942
964
1010
1019
1028
1061
1037
1028
957
880
828
736
699
669
623
526
380
259
202
181
146
134
82
-46
-166
-230
-240
-181
-78
-31
-79
-182
-270
-290
-225
-115
-42
-44
-128
-266
-358
-347
-279
-212
-219
-325
-457
-579
-652
-635
-593
-598
-671
-805
-918
-960
-949
-927
-938
-1014
-1121
-1214
-1248
-1210
-1176
-1192
-1329
-1481
-1583
-1629
-1577
-1557
-1598
-1726
-1812
-1739
-1611
-1409
-1264
-1179
-1109
-1074
-867
-559
-237
56
190
274
385
613
939
1302
1652
1800
1791
1758
1792
1948
2165
2338
2332
2152
1901
1684
1577
1572
1600
1564
1355
970
606
377
267
259
226
70
-185
-447
-636
-703
-636
-574
-574
-643
-713
-753
-754
-638
-545
-451
-372
-353
-280
-199
-72
56
127
203
266
337
436
559
671
740
764
775
838
957
1089
1155
1137
1058
941
866
892
988
1056
1043
918
699
502
392
411
428
417
389
251
101
-39
-74
-32
-13
2
-74
-175
-254
-294
-264
-215
-181
-186
-194
-193
-194
-200
-197
-201
-216
-213
-199
-200
-223
-271
-363
-481
-555
-565
-554
-551
-584
-681
-805
-905
-971
-994
-971
-967
-1050
-1178
-1266
-1285
-1245
-1200
-1228
-1340
-1473
-1586
-1654
-1682
-1702
-1766
-1843
-1835
-1731
-1574
-1412
-1273
-1208
-1181
-1113
-937
-641
-282
92
306
410
498
640
900
1180
1526
1734
1776
1733
1681
1784
1935
2146
2246
2179
2033
1819
1656
1521
1445
1358
1177
938
669
447
277
156
37
-116
-289
-450
-570
-649
-672
-671
-703
-769
-818
-794
-705
-574
-456
-392
-389
-416
-382
-307
-143
14
146
254
284
345
372
486
634
769
891
909
934
899
919
953
997
1043
1018
1038
1006
996
940
856
789
669
602
538
512
478
407
321
202
97
17
-13
-7
-9
-53
-101
-142
-203
-226
-168
-83
-36
-21
-52
-125
-160
-143
-144
-150
-132
-149
-204
-234
-244
-284
-347
-421
-518
-598
-621
-620
-643
-698
-783
-886
-955
-968
-941
-917
-912
-975
-1103
-1199
-1234
-1250
-1256
-1243
-1256
-1318
-1403
-1484
-1585
-1705
-1765
-1790
-1713
-1588
-1491
-1368
-1306
-1239
-1190
-1101
-828
-536
-216
120
359
490
611
825
1007
1209
1451
1647
1817
1894
2007
2090
2104
2119
2041
1973
1896
1848
1826
1716
1542
1327
1094
821
603
469
372
263
122
-85
-317
-457
-572
-624
-621
-642
-675
-740
-778
-781
-728
-626
-548
-475
-436
-400
-339
-249
-123
-36
52
136
188
291
409
520
620
691
747
801
823
821
861
891
867
841
861
850
840
834
789
735
647
573
502
448
437
394
351
268
145
29
-48
-60
-51
-58
-78
-99
-103
-87
-84
-76
-75
-81
-73
-70
-35
0
25
23
-39
-108
-195
-247
-265
-284
-293
-356
-442
-545
-644
-690
-722
-719
-729
-766
-804
-870
-909
-933
-956
-1000
-1060
-1107
-1139
-1146
-1125
-1115
-1162
-1233
-1337
-1451
-1560
-1601
-1608
-1685
-1753
-1762
-1686
-1609
-1510
-1352
-1240
-1150
-1079
-928
-711
-462
-173
65
267
471
699
929
1141
1342
1492
1607
1724
1851
1978
2086
2147
2143
2082
1981
1881
1797
1704
1602
1488
1320
1092
861
652
463
310
165
30
-122
-267
-416
-552
-621
-702
-762
-808
-834
-816
-780
-714
-665
-613
-586
-579
-534
-426
-311
-210
-81
7
100
200
349
484
543
618
644
692
790
869
959
1027
1079
1057
993
976
937
921
939
913
843
746
655
587
546
492
443
362
249
159
70
32
9
-16
-102
-183
-207
-234
-214
-192
-149
-141
-156
-171
-219
-221
-210
-185
-180
-189
-184
-223
-241
-278
-339
-388
-477
-559
-629
-641
-603
-593
-600
-661
-757
-846
-884
-882
-867
-828
-823
-867
-950
-1016
-1076
-1123
-1137
-1170
-1221
-1301
-1359
-1409
-1463
-1533
-1632
-1699
-1703
-1628
-1539
-1399
-1235
-1057
-906
-795
-620
-461
-255
-15
237
501
721
962
1147
1299
1452
1584
1673
1742
1830
1892
1964
2022
2037
1986
1896
1790
1624
1469
1347
1242
1126
993
856
686
495
305
114
-48
-180
-285
-379
-462
-519
-572
-622
-668
-713
-745
-750
-737
-715
-660
-567
-468
-390
-327
-251
-152
-43
55
150
268
395
493
561
636
716
779
821
863
904
929
948
943
910
869
831
825
835
839
818
771
708
608
506
423
355
303
238
146
56
-4
-51
-117
-146
-146
-168
-195
-193
-201
-211
-192
-175
-155
-182
-196
-183
-194
-207
-216
-201
-247
-281
-295
-370
-405
-436
-475
-519
-558
-582
-613
-594
-605
-642
-641
-690
-729
-742
-779
-833
-866
-864
-884
-909
-916
-913
-950
-1002
-1043
-1087
-1101
-1167
-1216
-1252
-1325
-1378
-1390
-1342
-1319
-1267
-1207
-1140
-1007
-876
-696
-492
-310
-136
42
219
416
654
871
1044
1186
1307
1404
1520
1634
1732
1818
1856
1867
1823
1762
1701
1608
1521
1393
1240
1078
920
800
657
525
387
209
49
-105
-204
-294
-387
-456
-535
-590
-639
-674
-670
-669
-676
-657
-621
-599
-538
-458
-388
-320
-250
-172
-60
60
175
293
377
459
530
597
684
782
893
971
1036
1037
1029
1042
1019
1040
1052
1018
982
929
857
785
711
617
508
411
335
272
218
172
114
66
2
-82
-137
-177
-212
-252
-274
-268
-262
-244
-250
-247
-218
-243
-253
-264
-297
-273
-261
-259
-237
-239
-270
-312
-336
-376
-423
-430
-432
-445
-461
-466
-474
-480
-471
-495
-545
-589
-616
-644
-691
-699
-710
-754
-795
-852
-915
-1008
-1088
-1139
-1200
-1212
-1249
-1316
-1332
-1354
-1338
-1292
-1238
-1138
-1033
-894
-699
-518
-350
-176
-15
148
321
502
665
806
967
1117
1242
1380
1492
1561
1622
1648
1646
1637
1619
1596
1561
1495
1415
1323
1206
1063
899
736
586
443
299
150
2
-124
-229
-350
-457
-546
-613
-663
-720
-737
-748
-730
-678
-638
-581
-540
-480
-405
-335
-242
-167
-50
92
219
363
465
569
658
733
815
842
865
913
949
966
996
1026
1020
1011
991
952
899
824
734
639
548
476
402
303
207
114
18
-61
-153
-241
-299
-355
-378
-382
-401
-389
-363
-357
-335
-315
-301
-283
-291
-283
-300
-320
-296
-297
-251
-204
-217
-210
-225
-279
-328
-354
-407
-436
-403
-407
-388
-376
-394
-385
-430
-494
-562
-613
-660
-714
-724
-744
-732
-729
-745
-778
-846
-891
-941
-986
-1029
-1073
-1099
-1123
-1131
-1124
-1091
-1050
-1029
-1004
-947
-870
-790
-677
-530
-376
-235
-91
68
188
333
478
575
705
806
901
986
1076
1162
1209
1254
1257
1259
1229
1207
1205
1148
1075
980
903
824
741
654
519
377
231
80
-40
-146
-244
-299
-350
-415
-457
-480
-486
-477
-462
-453
-465
-454
-411
-366
-301
-219
-118
-3
109
199
289
361
416
507
563
605
662
712
782
835
882
901
900
911
883
841
790
725
651
556
486
449
406
360
340
282
185
127
59
16
-17
-65
-71
-108
-137
-129
-127
-123
-125
-128
-154
-195
-225
-244
-251
-249
-224
-213
-213
-199
-173
-141
-144
-127
-121
-160
-183
-225
-262
-289
-341
-392
-432
-449
-456
-456
-467
-483
-490
-495
-497
-508
-525
-558
-586
-588
-612
-635
-656
-689
-750
-780
-781
-822
-820
-814
-839
-849
-877
-872
-861
-838
-787
-775
-743
-691
-611
-502
-379
-234
-126
-34
31
108
208
275
391
488
567
655
709
784
854
938
1006
1002
1004
1003
993
987
937
880
822
758
677
597
540
469
376
295
218
119
47
6
-51
-96
-128
-179
-220
-247
-265
-239
-221
-185
-129
-93
-22
26
77
116
138
181
207
242
281
320
352
358
367
397
442
470
496
490
470
477
457
403
367
311
251
214
159
119
123
105
63
41
2
-46
-68
-64
-48
-56
-88
-114
-150
-207
-251
-287
-315
-308
-275
-236
-186
-136
-118
-130
-155
-197
-274
-347
-385
-402
-384
-324
-256
-199
-153
-133
-121
-129
-169
-202
-226
-278
-335
-331
-282
-262
-254
-244
-258
-278
-288
-334
-389
-425
-483
-520
-547
-583
-627
-659
-661
-690
-678
-662
-622
-570
-550
-492
-447
-379
-306
-256
-198
-179
-143
-93
-33
47
101
192
292
381
488
566
631
674
686
690
686
685
707
732
753
770
786
814
784
746
713
632
577
518
475
426
392
375
307
244
170
87
33
-7
-42
-33
-12
-26
-22
-18
-32
-33
-14
-23
-29
-15
-18
1
5
36
82
102
144
158
164
179
196
211
195
168
146
133
112
58
-6
-52
-93
-126
-146
-166
-175
-192
-201
-190
-211
-275
-335
-408
-504
-569
-575
-565
-554
-516
-482
-457
-399
-364
-382
-381
-378
-386
-372
-346
-298
-248
-251
-270
-281
-284
-259
-220
-195
-169
-140
-131
-117
-129
-176
-222
-282
-320
-327
-297
-258
-247
-229
-259
-311
-317
-320
-292
-268
-264
-272
-325
-344
-336
-337
-301
-251
-218
-174
-106
-12
76
162
271
328
377
421
438
507
552
588
623
641
666
660
667
695
716
731
767
783
784
792
770
731
665
619
590
567
525
507
506
489
509
470
452
422
356
354
321
320
318
287
302
289
274
276
236
174
118
73
75
92
131
200
216
192
171
118
51
7
-11
-26
-50
-69
-81
-78
-53
-39
-46
-64
-84
-122
-182
-224
-245
-280
-314
-335
-354
-349
-344
-350
-339
-342
-347
-321
-289
-255
-236
-235
-241
-263
-291
-316
-340
-332
-313
-287
-238
-212
-201
-174
-186
-237
-285
-337
-384
-412
-417
-399
-371
-341
-317
-301
-290
-281
-274
-271
-284
-316
-346
-364
-385
-413
-442
-460
-461
-429
-359
-278
-201
-121
-44
4
24
26
21
21
4
16
44
84
137
192
279
337
377
425
462
499
514
553
592
602
613
598
571
532
503
501
498
513
546
537
518
535
535
525
524
498
454
393
323
259
234
251
249
255
266
247
211
218
226
209
228
233
247
272
275
272
250
253
206
116
39
-25
-35
15
55
75
102
65
25
-11
-44
-30
-62
-104
-155
-235
-269
-286
-320
-342
-360
-384
-357
-309
-278
-234
-180
-162
-165
-165
-194
-243
-285
-320
-334
-338
-329
-278
-228
-173
-83
-23
-10
-13
-56
-123
-184
-234
-244
-262
-247
-235
-254
-250
-293
-317
-324
-327
-308
-297
-293
-305
-285
-292
-293
-289
-315
-299
-304
-308
-303
-296
-257
-209
-154
-94
-34
18
35
22
14
1
-9
8
26
47
60
65
85
118
153
208
273
306
311
294
277
266
254
242
213
194
191
174
159
148
146
186
217
229
249
233
212
186
131
113
103
113
154
176
198
194
193
204
183
165
138
95
55
24
21
-2
-28
-31
-41
-33
-10
10
6
-21
-16
-20
-47
-59
-100
-148
-204
-224
-203
-194
-145
-115
-107
-127
-197
-251
-313
-338
-313
-303
-267
-236
-253
-259
-245
-246
-238
-214
-200
-194
-205
-222
-211
-177
-124
-65
-31
-2
12
-13
-31
-34
-39
-33
-17
-5
-30
-64
-80
-85
-76
-50
-21
-9
-25
-57
-72
-74
-99
-84
-60
-63
-89
-114
-112
-125
-120
-89
-68
-66
-70
-75
-66
-39
-31
-7
12
8
-3
-20
-10
-6
6
47
90
118
135
144
159
180
175
195
215
182
172
172
168
193
199
197
180
182
203
213
210
207
216
188
159
138
115
76
43
37
14
44
71
109
140
115
111
89
81
53
31
-1
-43
-38
-44
6
44
57
99
115
119
122
95
76
73
17
-1
-7
-16
16
44
72
43
22
29
2
-1
-2
-8
-21
-41
-38
-34
-50
-56
-76
-94
-88
-76
-58
-51
-64
-117
-148
-130
-86
-4
35
65
42
-31
-92
-152
-129
-116
-112
-63
-38
8
52
91
101
88
106
84
48
21
-24
-32
-36
-51
-58
-76
-56
-13
8
35
83
90
56
34
24
20
2
-32
-50
-48
-53
-72
-50
-34
-30
13
73
129
131
142
167
156
135
84
74
109
110
113
128
126
129
165
189
203
219
213
238
236
201
175
119
97
87
78
72
66
60
31
26
53
83
100
106
121
136
142
140
133
108
71
15
-10
-27
-42
-20
-31
-6
29
30
44
36
22
-17
-73
-121
-158
-169
-157
-154
-169
-154
-146
-136
-90
-67
-47
-18
-33
-52
-69
-127
-190
-231
-267
-289
-270
-197
-131
-105
-56
-28
-19
-28
-75
-101
-144
-160
-148
-145
-170
-219
-212
-205
-184
-127
-97
-77
-47
-40
-64
-87
-104
-114
-110
-101
-91
-102
-141
-151
-115
-74
-23
48
73
51
36
16
-3
9
25
20
10
4
7
29
61
76
74
71
66
78
105
99
64
24
-19
-40
-24
22
71
100
111
114
95
66
37
35
67
87
78
72
75
108
125
129
135
88
59
41
20
44
63
86
102
110
151
152
143
131
107
121
128
116
130
169
169
174
145
72
38
15
13
14
20
16
34
66
64
104
103
61
46
25
4
-29
-67
-104
-115
-120
-121
-105
-81
-52
-39
-22
0
2
-15
-43
-66
-108
-156
-162
-158
-144
-118
-80
-29
-5
6
7
-3
-12
-32
-72
-115
-106
-85
-104
-90
-60
-58
-63
-64
-56
-33
-16
-36
-48
-29
-32
-42
-43
-58
-71
-55
-53
-54
-51
-40
-20
-2
-20
-64
-49
-22
-27
4
10
-8
-7
-18
-25
-19
-14
-4
2
6
-20
-38
-40
-36
1
3
6
17
6
32
41
41
42
40
51
2
-20
17
55
99
112
122
119
92
66
28
13
28
64
72
44
33
25
31
32
32
48
62
72
60
40
24
16
3
21
28
25
43
39
40
29
45
124
203
257
253
217
135
44
9
-2
-14
-44
-78
-96
-97
-91
-74
-52
-48
-53
-46
-13
36
82
117
151
181
196
194
188
200
209
200
197
177
128
99
71
14
-37
-69
-93
-110
-118
-119
-115
-96
-85
-69
-39
-42
-83
-99
-109
-115
-103
-93
-55
-50
-66
-43
-35
-7
-5
-20
-19
-21
-7
5
16
23
53
72
89
89
74
52
11
27
28
23
55
53
34
9
-7
-13
15
35
17
18
21
8
-2
3
10
11
14
18
8
-5
-12
-23
-17
6
-21
-50
-41
-50
-74
-67
-39
-33
-12
13
23
12
-1
10
-25
-30
-34
-52
-52
-70
-63
-77
-86
-96
-111
-86
-87
-56
-24
-20
-7
-22
-36
-57
-102
-122
-137
-166
-157
-125
-111
-83
-29
6
-1
-12
-5
-7
-5
-10
-21
-12
2
33
37
25
3
-14
5
-5
1
40
40
29
15
18
41
63
66
54
56
46
57
44
2
7
-18
-20
-9
-35
-42
-40
-33
-15
6
8
1
7
7
5
-1
-14
-22
-37
-44
-33
-42
-53
-47
-35
-14
8
18
17
-1
-10
-9
-21
-32
-52
-87
-99
-99
-88
-60
-30
-5
9
29
42
20
-2
-1
-18
-41
-46
-72
-79
-68
-67
-66
-71
-54
-28
-19
14
47
41
19
1
-21
-36
-32
-17
-35
-49
-50
-70
-62
-43
-16
-26
-33
-12
-45
-72
-77
-76
-54
-33
-51
-64
-55
-80
-105
-91
-83
-94
-93
-89
-91
-69
-43
-44
-61
-79
-120
-119
-78
-93
-96
-78
-88
-59
-31
-25
-24
-31
-32
-60
-62
-26
13
35
52
68
45
49
54
41
43
19
19
35
41
33
4
9
23
31
47
47
77
94
72
76
78
86
98
80
76
81
82
81
75
87
81
67
83
90
87
95
110
121
102
96
107
83
73
73
63
57
72
101
88
82
78
50
39
40
48
42
36
42
23
13
40
56
39
35
58
53
48
68
58
64
101
102
97
91
78
62
44
40
9
-26
-28
-32
-36
-19
9
17
14
42
39
23
40
49
56
52
28
15
13
-1
-29
-16
-11
-21
-22
-41
-33
-13
12
23
10
2
1
2
-20
-21
-4
-5
-1
-12
-50
-74
-56
-36
-32
-27
-15
-21
-24
-1
-2
8
21
2
-26
-36
-39
-56
-64
-68
-74
-45
-25
0
14
10
14
-9
-11
-20
-31
-15
-15
-6
0
-1
-27
-51
-28
-17
-17
-10
-2
-17
-30
-8
-17
-24
2
2
-9
-38
-72
-77
-56
-38
-4
12
38
42
27
23
27
22
20
7
8
18
-6
-14
-3
12
24
11
-11
-24
2
0
-11
-3
-3
-1
-8
1
0
2
20
7
-15
-24
-13
-31
-37
-30
-41
-36
-54
-47
-16
-8
25
31
-12
-13
28
37
34
47
41
14
13
-8
-20
9
14
-22
-50
-29
-16
13
22
22
9
13
17
31
47
66
77
63
45
21
27
34
48
66
76
47
34
45
40
51
49
67
58
20
-8
-21
-21
-11
-36
-49
-51
-58
-48
-32
4
28
30
26
-4
-26
-17
1
12
15
-15
-40
-69
-63
-66
-38
-7
-4
-18
-28
-16
-3
20
45
24
7
-6
2
-18
-16
-1
6
-12
-13
-27
-30
-6
1
0
7
26
18
-6
12
33
43
39
50
39
-7
-34
-36
-20
-13
-24
-20
-22
-49
-32
-24
-39
-10
38
17
13
-7
-34
-3
3
-20
-24
-34
-49
-56
-44
-21
15
22
-16
-50
-65
-22
16
50
41
2
-48
-62
-45
-15
9
2
8
-31
-56
-29
-8
8
20
32
-1
-10
2
30
9
0
12
16
18
14
25
17
26
44
51
30
47
67
64
51
45
59
67
76
72
57
33
38
34
69
54
43
31
38
12
30
49
68
58
37
18
-15
-33
-40
-64
-71
-51
-57
-67
-43
-31
-2
28
43
34
40
48
33
50
52
61
47
20
24
0
-7
-6
-7
4
2
-23
-31
-4
4
-4
-15
-34
-62
-83
-98
-121
-130
-103
-54
-60
-77
-56
-36
-19
-22
-33
-35
-38
-42
-26
0
12
24
34
34
37
52
68
58
36
27
28
45
68
68
54
33
24
1
-22
-18
-37
-41
-42
-24
-2
5
50
58
66
52
31
42
49
79
84
98
116
114
111
89
75
68
52
39
51
41
32
56
60
55
61
43
-5
7
5
-22
-14
-25
-33
-51
-25
-12
-24
-29
-32
-34
-50
-27
-32
-20
-18
6
-6
-11
-4
-1
-20
1
-13
-14
-3
-34
-46
-46
-35
-9
5
14
5
-8
-8
1
2
22
27
9
4
4
18
30
25
31
43
23
-3
7
25
22
5
21
-7
-23
-21
-42
-12
-3
13
2
-2
-5
0
