-8
-12
12
-7
-13
-19
-24
-19
-28
-34
-39
-11
-1
25
19
-1
-36
-36
-29
-7
31
35
46
53
20
42
55
62
92
47
27
-6
17
-26
12
-26
-37
-94
-128
-112
-124
-91
-88
-50
-62
-34
-51
-21
-26
-18
-37
-50
-13
5
41
28
38
4
7
2
12
15
23
12
-27
-40
-16
1
-7
-25
-40
-64
-80
-72
-27
17
34
1
-53
-58
-53
-94
-121
-134
-158
-171
-162
-133
-99
-106
-135
-142
-120
-81
-53
-45
-36
-31
-28
-19
-12
-22
-60
-107
-135
-142
-131
-115
-112
-118
-122
-97
-54
-26
-13
-8
-10
-19
-34
-43
-46
-65
-93
-99
-87
-57
-41
7
60
63
63
31
11
-34
-73
-78
-98
-94
-73
-27
-8
-20
-49
-61
-87
-109
-130
-126
-123
-132
-127
-84
-45
-37
-46
-46
-52
-57
-38
-7
-9
-32
-40
-46
-50
-43
-10
15
7
-14
-38
-39
-51
-43
-43
-20
-8
5
19
61
107
106
70
30
9
-24
-44
-26
12
35
42
50
38
2
-33
-52
-57
-60
-42
-11
21
46
67
93
86
66
38
31
-6
-45
-60
-25
18
60
83
74
40
19
18
9
1
0
-15
-30
-10
43
76
81
75
65
43
19
14
28
61
86
104
113
124
116
83
47
12
-13
-38
-19
-3
16
27
63
86
97
121
128
98
65
64
36
13
3
25
31
17
22
42
48
46
58
48
61
56
56
49
47
46
26
22
41
57
53
66
50
11
-25
-57
-56
-49
-9
26
56
78
115
110
82
49
10
-33
-38
7
54
65
54
28
-5
-46
-80
-87
-78
-56
-21
48
109
136
141
110
60
-14
-45
-61
-64
-71
-51
-24
7
42
63
83
76
66
55
44
50
54
60
71
92
72
65
54
37
15
0
-7
-8
-3
6
28
64
91
97
97
93
83
79
86
90
77
64
66
83
96
100
94
77
51
32
36
63
87
106
116
112
88
63
66
69
48
16
-8
-21
-31
-23
17
55
74
93
113
143
153
130
111
99
72
72
112
154
166
150
124
97
66
40
15
-31
-78
-96
-74
-18
55
115
146
136
119
121
110
64
0
-65
-99
-83
-34
24
72
89
71
35
1
-25
-60
-88
-93
-88
-63
-12
24
43
58
50
36
35
32
5
-53
-99
-95
-67
-31
21
67
83
73
50
23
-6
-25
-41
-64
-69
-27
23
57
88
94
66
24
-19
-51
-68
-69
-63
-57
-39
4
42
46
25
-1
-30
-48
-40
-15
0
17
39
50
62
88
92
43
-31
-102
-152
-177
-185
-168
-115
-49
-6
39
99
125
86
22
-34
-83
-120
-140
-134
-97
-50
-16
2
25
43
26
-20
-70
-111
-144
-151
-119
-73
-50
-40
-35
-52
-72
-78
-84
-105
-119
-96
-71
-32
15
22
4
-8
-11
-28
-22
25
29
-17
-58
-82
-105
-121
-101
-62
-39
-5
51
87
114
155
170
133
88
68
40
-13
-49
-64
-81
-73
-41
1
48
82
74
39
18
29
53
36
17
27
24
35
56
60
49
8
-39
-69
-81
-76
-49
-30
-12
26
66
110
145
147
112
56
-13
-66
-99
-123
-131
-151
-145
-140
-139
-117
-119
-142
-171
-186
-194
-189
-163
-136
-120
-104
-74
-51
-48
-73
-121
-197
-267
-307
-332
-322
-302
-271
-243
-194
-127
-102
-97
-126
-185
-263
-310
-281
-233
-178
-125
-71
-16
40
102
127
107
59
-1
-60
-79
-32
59
144
195
214
192
129
61
32
58
106
162
217
250
277
306
333
341
310
264
195
131
97
87
75
58
59
68
73
95
141
176
196
213
224
235
258
280
272
249
230
206
166
110
30
-64
-133
-153
-137
-93
-27
25
39
49
63
56
15
-39
-108
-186
-233
-239
-236
-235
-212
-177
-143
-108
-73
-63
-83
-119
-172
-228
-261
-272
-271
-248
-207
-185
-191
-206
-244
-328
-432
-523
-591
-629
-633
-589
-508
-408
-323
-277
-249
-264
-321
-404
-489
-536
-549
-520
-445
-321
-170
-36
68
150
215
259
258
223
200
198
194
218
311
423
494
553
622
631
549
443
346
231
140
134
183
239
323
427
492
509
514
488
396
295
202
109
40
26
86
179
298
421
493
513
500
455
378
286
203
125
48
16
37
52
78
109
124
129
133
151
149
146
165
156
115
111
113
67
11
-55
-140
-212
-282
-337
-371
-394
-395
-378
-346
-295
-235
-176
-132
-108
-97
-114
-162
-212
-252
-302
-368
-424
-458
-488
-517
-528
-530
-525
-503
-472
-457
-462
-478
-510
-558
-615
-682
-743
-791
-833
-845
-779
-638
-473
-305
-115
87
266
402
487
550
613
631
604
585
574
553
507
438
366
292
219
169
117
61
43
42
21
21
89
173
209
256
346
394
362
342
348
318
274
270
264
224
212
233
216
191
227
259
208
155
159
159
147
185
227
229
235
248
203
141
134
126
67
44
88
124
154
237
334
409
519
628
610
497
399
282
113
-16
-75
-137
-195
-186
-152
-125
-79
-51
-109
-186
-208
-232
-301
-333
-321
-347
-377
-331
-264
-233
-202
-177
-225
-311
-357
-396
-470
-516
-505
-513
-556
-568
-558
-579
-615
-640
-679
-744
-812
-882
-946
-978
-993
-1033
-1093
-1111
-1034
-858
-616
-335
-16
329
626
829
994
1147
1193
1086
909
725
525
351
252
225
238
259
259
236
228
212
153
85
33
15
34
140
288
405
512
609
632
562
472
374
203
26
-47
-51
-42
32
198
347
435
504
527
442
297
164
9
-151
-217
-189
-133
-44
86
190
248
312
381
379
339
333
329
327
372
476
581
632
665
647
552
438
320
162
-12
-155
-241
-280
-242
-126
-31
29
74
74
21
-74
-186
-324
-450
-520
-558
-571
-524
-430
-343
-264
-182
-147
-184
-259
-340
-446
-554
-593
-584
-577
-554
-511
-520
-577
-645
-743
-882
-1016
-1135
-1241
-1301
-1292
-1240
-1199
-1184
-1123
-937
-650
-353
-52
295
613
820
1027
1288
1436
1399
1300
1165
916
647
506
392
203
95
111
74
40
166
279
225
167
182
133
48
93
187
198
247
389
472
485
559
628
547
427
410
387
286
216
189
148
128
170
218
224
214
197
125
38
20
33
29
31
48
71
134
222
291
364
470
554
595
658
719
708
649
580
475
335
206
97
14
-25
-48
-89
-111
-79
-31
-14
-11
-11
-48
-113
-172
-257
-362
-434
-485
-530
-558
-562
-538
-506
-471
-409
-342
-310
-318
-346
-377
-419
-484
-559
-633
-705
-770
-823
-872
-917
-966
-1021
-1067
-1105
-1144
-1179
-1225
-1305
-1409
-1513
-1591
-1548
-1310
-904
-382
224
784
1210
1568
1874
1994
1879
1673
1362
931
558
360
292
223
251
327
336
313
290
247
67
-89
-165
-229
-255
-139
142
356
531
706
804
768
665
592
429
227
117
100
113
183
343
466
495
490
461
345
174
29
-107
-250
-338
-310
-195
-34
144
295
414
511
562
556
532
513
468
437
485
570
599
623
674
663
577
464
361
205
20
-80
-151
-178
-155
-105
-52
-32
24
41
-14
-87
-166
-261
-374
-460
-523
-577
-592
-569
-541
-506
-442
-405
-424
-452
-477
-524
-563
-572
-589
-637
-665
-681
-721
-738
-742
-828
-978
-1116
-1227
-1323
-1421
-1490
-1491
-1483
-1516
-1592
-1715
-1769
-1600
-1194
-618
69
805
1457
1913
2196
2342
2305
2072
1688
1227
798
489
295
161
111
153
178
121
65
47
-15
-133
-209
-218
-173
-36
178
364
511
682
798
755
642
574
487
325
194
154
138
135
208
299
317
300
295
223
86
13
18
-4
-30
41
164
240
301
368
389
366
369
398
426
492
602
688
740
821
924
954
881
742
556
336
138
-11
-128
-195
-183
-141
-118
-74
-11
-2
-57
-98
-134
-213
-302
-360
-403
-429
-433
-438
-458
-469
-497
-577
-665
-696
-684
-654
-582
-477
-410
-412
-446
-500
-584
-682
-787
-906
-1015
-1087
-1139
-1185
-1205
-1204
-1246
-1373
-1531
-1637
-1715
-1828
-1951
-1995
-1865
-1449
-712
177
988
1647
2151
2440
2505
2424
2227
1851
1328
828
509
353
251
183
154
100
-22
-162
-292
-401
-433
-408
-388
-283
12
382
672
886
1031
1042
924
759
586
412
250
118
58
111
250
388
475
493
429
283
113
-25
-115
-157
-127
-36
80
216
384
519
568
573
560
481
370
338
385
443
529
686
843
933
988
1037
1005
855
656
460
249
37
-103
-188
-269
-309
-276
-247
-241
-181
-103
-90
-87
-50
-55
-108
-126
-144
-223
-315
-386
-492
-625
-722
-786
-843
-845
-766
-661
-552
-440
-374
-385
-419
-467
-567
-687
-776
-842
-910
-916
-919
-980
-1087
-1229
-1369
-1562
-1713
-1831
-1939
-2072
-2268
-2317
-2037
-1258
-185
896
1811
2483
2908
3003
2900
2621
2168
1496
796
290
-26
-88
-54
34
27
-48
-119
-298
-455
-529
-457
-359
-219
84
449
789
1024
1164
1150
984
748
471
220
50
-22
-70
-66
69
282
449
517
500
399
253
102
-49
-176
-200
-126
-37
66
230
386
441
431
427
422
412
426
484
586
743
896
967
980
970
893
724
535
375
223
93
16
-30
-73
-99
-113
-151
-218
-276
-322
-360
-353
-284
-189
-96
-4
50
18
-83
-214
-380
-562
-696
-776
-830
-844
-796
-714
-626
-533
-473
-471
-518
-572
-634
-694
-735
-770
-785
-796
-804
-883
-1018
-1173
-1367
-1550
-1754
-1885
-1996
-2072
-2156
-2333
-2372
-2088
-1257
-92
1068
2011
2627
3003
3050
2883
2593
2174
1550
831
328
84
43
34
34
-15
-156
-322
-543
-715
-755
-607
-347
-62
322
795
1203
1400
1439
1346
1076
714
370
139
-4
-68
-44
-7
103
260
377
389
255
127
37
-54
-136
-122
36
189
273
381
536
604
522
372
226
141
167
290
422
595
862
1092
1171
1168
1119
942
675
435
215
-14
-144
-131
-75
-10
78
69
-89
-230
-256
-268
-277
-173
2
127
215
264
197
31
-156
-386
-661
-873
-987
-1049
-1038
-910
-748
-621
-500
-410
-430
-528
-615
-701
-784
-780
-692
-621
-599
-580
-593
-706
-915
-1163
-1414
-1651
-1843
-1952
-1964
-1940
-1985
-2161
-2421
-2557
-2207
-1181
200
1407
2321
3071
3500
3420
3062
2676
2106
1226
359
-146
-308
-312
-234
-115
-29
-29
-144
-361
-529
-506
-386
-306
-142
278
812
1221
1448
1493
1310
963
554
129
-166
-217
-158
-125
-3
267
511
598
544
368
122
-87
-232
-324
-285
-88
117
246
388
562
627
544
423
318
235
222
322
515
774
1031
1210
1291
1285
1156
892
559
242
-8
-155
-192
-141
-39
60
114
110
45
-58
-162
-227
-235
-176
-68
64
190
270
264
165
-19
-269
-547
-801
-996
-1114
-1141
-1073
-912
-681
-463
-320
-234
-236
-374
-540
-621
-672
-726
-705
-659
-698
-793
-894
-1060
-1281
-1469
-1654
-1858
-2001
-2053
-2081
-2102
-2130
-2286
-2517
-2391
-1503
-59
1349
2430
3244
3730
3711
3298
2793
2233
1456
570
-62
-290
-256
-123
-9
-8
-105
-272
-560
-868
-924
-668
-329
-6
435
993
1455
1673
1676
1506
1133
592
95
-163
-200
-150
-64
81
267
425
483
371
119
-114
-229
-283
-289
-177
60
287
411
521
632
609
464
321
223
204
282
440
688
995
1236
1373
1404
1285
1033
720
393
107
-93
-188
-184
-114
-24
45
60
17
-76
-180
-253
-266
-201
-67
95
229
278
227
82
-123
-338
-536
-710
-833
-895
-912
-889
-849
-826
-784
-676
-548
-434
-330
-292
-352
-409
-432
-505
-598
-659
-773
-962
-1113
-1231
-1392
-1537
-1609
-1689
-1796
-1873
-1954
-2099
-2304
-2578
-2802
-2529
-1397
270
1752
2795
3599
4065
3894
3277
2654
1967
994
46
-422
-454
-319
-139
10
49
-36
-281
-702
-1065
-1069
-736
-308
157
735
1358
1827
1992
1840
1458
947
357
-171
-401
-315
-155
-19
184
429
566
521
295
-43
-350
-544
-617
-519
-219
192
559
796
893
869
700
384
71
-60
16
222
490
794
1131
1433
1516
1294
935
595
288
53
-7
57
122
199
316
401
400
308
104
-180
-382
-415
-350
-213
52
355
513
481
331
99
-189
-460
-664
-774
-777
-721
-678
-650
-619
-626
-684
-732
-742
-745
-708
-603
-501
-443
-366
-292
-326
-460
-611
-797
-1048
-1273
-1403
-1479
-1507
-1464
-1415
-1473
-1640
-1852
-2110
-2426
-2742
-3003
-3022
-2346
-757
1173
2682
3659
4252
4264
3615
2740
1954
1131
262
-339
-470
-257
36
190
147
-27
-322
-805
-1319
-1482
-1116
-457
226
883
1493
1893
1979
1808
1472
989
372
-249
-587
-470
-99
183
306
372
355
187
-65
-307
-476
-502
-412
-278
-33
369
703
766
697
636
460
164
10
102
296
546
847
1062
1160
1260
1282
1051
687
392
112
-139
-112
230
565
689
688
613
408
125
-119
-309
-421
-367
-173
54
305
541
588
401
169
-21
-240
-442
-528
-533
-512
-452
-441
-552
-695
-821
-996
-1168
-1168
-998
-788
-548
-240
32
118
16
-167
-375
-600
-819
-1006
-1164
-1268
-1309
-1322
-1342
-1362
-1424
-1593
-1838
-2055
-2229
-2395
-2565
-2765
-2910
-2591
-1367
500
2204
3310
3951
4133
3688
2889
2197
1671
1034
417
145
149
182
44
-191
-475
-742
-1010
-1347
-1463
-1114
-346
463
1136
1641
1814
1650
1302
1021
759
445
130
-95
-60
199
490
585
451
212
-119
-479
-720
-727
-558
-302
23
357
670
835
782
592
424
356
247
175
272
473
693
869
957
871
698
578
550
557
581
614
600
568
490
457
429
332
187
25
-19
-22
0
13
11
41
40
27
-21
-70
-98
-87
-13
78
116
59
-72
-222
-349
-505
-677
-842
-950
-980
-963
-877
-771
-595
-432
-358
-310
-276
-261
-354
-409
-396
-438
-568
-777
-999
-1236
-1407
-1514
-1649
-1737
-1685
-1569
-1547
-1609
-1743
-2000
-2360
-2744
-3031
-2821
-1646
258
2044
3233
3930
4110
3608
2737
2046
1558
999
466
272
398
515
363
-30
-437
-768
-1130
-1493
-1570
-1209
-526
288
1066
1632
1829
1626
1176
759
544
456
360
282
361
567
659
494
191
-134
-493
-803
-880
-674
-301
100
424
636
776
782
558
252
143
239
358
467
623
764
790
716
617
525
418
318
315
473
743
967
1016
899
695
453
194
2
-31
83
211
265
259
248
188
36
-141
-228
-212
-169
-130
-39
96
181
151
39
-106
-288
-494
-660
-734
-724
-681
-639
-623
-632
-671
-728
-762
-737
-668
-590
-497
-405
-373
-403
-439
-498
-642
-839
-1006
-1171
-1376
-1550
-1610
-1609
-1619
-1613
-1576
-1560
-1604
-1726
-1977
-2373
-2756
-2749
-1935
-314
1483
2735
3295
3408
3165
2599
1974
1547
1257
982
852
987
1120
869
238
-434
-926
-1244
-1417
-1423
-1167
-554
261
902
1196
1244
1084
716
364
316
528
744
835
871
882
752
423
28
-311
-569
-682
-580
-326
0
375
663
706
562
349
89
-149
-180
37
317
526
680
764
723
596
474
394
381
475
676
912
1110
1198
1109
878
623
422
301
274
298
275
188
84
-58
-254
-428
-522
-536
-437
-213
41
222
341
391
317
132
-94
-315
-492
-565
-521
-444
-437
-527
-681
-844
-944
-933
-823
-650
-452
-253
-92
-23
-117
-381
-697
-914
-1009
-1031
-983
-916
-900
-963
-1054
-1156
-1255
-1347
-1436
-1475
-1460
-1473
-1656
-1926
-2255
-2636
-2782
-2318
-1017
677
2054
2698
2811
2747
2408
1906
1603
1616
1577
1427
1513
1720
1596
874
-41
-758
-1130
-1238
-1221
-992
-532
76
519
678
673
507
216
-53
16
455
941
1174
1130
1010
844
535
124
-155
-170
-48
115
313
554
678
519
194
-115
-239
-267
-251
-121
98
350
451
433
347
242
200
201
307
531
803
986
1115
1280
1395
1247
881
614
513
533
591
637
585
337
45
-208
-399
-524
-605
-609
-497
-253
15
158
135
27
-80
-153
-193
-184
-106
-11
25
-12
-110
-293
-588
-889
-1039
-1006
-865
-725
-626
-540
-499
-533
-616
-711
-787
-872
-936
-891
-812
-760
-668
-618
-688
-812
-932
-1072
-1197
-1192
-1083
-1051
-1110
-1265
-1578
-2011
-2525
-2997
-3134
-2664
-1446
163
1436
2055
2183
2045
1830
1726
1877
2167
2328
2336
2326
2283
1946
1127
112
-642
-993
-996
-802
-572
-400
-358
-432
-519
-546
-503
-416
-249
124
701
1227
1456
1405
1226
986
722
566
598
740
846
832
730
572
300
-115
-519
-692
-562
-270
-13
101
110
68
-2
-40
37
185
338
539
825
1101
1277
1364
1384
1361
1357
1357
1246
1032
844
705
537
353
211
62
-155
-370
-519
-647
-760
-808
-769
-662
-503
-325
-171
-29
121
225
248
227
212
157
31
-108
-247
-417
-588
-725
-808
-833
-844
-861
-927
-1031
-1047
-954
-814
-642
-544
-595
-715
-792
-806
-783
-688
-544
-495
-527
-585
-738
-937
-1038
-1098
-1216
-1363
-1553
-1863
-2309
-2802
-3146
-3027
-2220
-876
466
1293
1536
1482
1453
1579
1842
2212
2569
2720
2671
2561
2336
1797
983
235
-147
-195
-128
-135
-280
-494
-684
-805
-789
-659
-555
-484
-301
31
410
670
717
644
568
530
592
764
951
1084
1122
1028
854
681
501
293
140
118
155
128
20
-135
-314
-447
-426
-269
-96
65
260
420
504
689
1037
1267
1188
1008
931
896
869
956
1124
1191
1098
894
586
224
-100
-396
-651
-721
-601
-513
-528
-497
-400
-358
-379
-394
-382
-342
-268
-197
-140
-64
-19
-98
-260
-372
-415
-492
-592
-598
-526
-537
-639
-718
-755
-803
-826
-796
-761
-738
-710
-696
-727
-782
-845
-900
-918
-910
-902
-957
-1087
-1243
-1341
-1422
-1567
-1760
-1949
-2174
-2516
-2700
-2479
-1756
-682
365
1066
1139
983
1002
1296
1751
2204
2615
2643
2390
2144
2032
1827
1375
1020
805
699
545
345
80
-306
-536
-575
-526
-523
-567
-632
-727
-634
-276
120
285
288
305
352
418
565
818
1051
1192
1254
1250
1172
1035
875
721
601
526
463
340
119
-105
-197
-178
-154
-135
-87
-72
-90
-1
265
569
747
817
929
1106
1221
1223
1175
1075
913
781
739
693
544
303
19
-204
-272
-249
-288
-392
-477
-551
-665
-765
-783
-759
-736
-683
-586
-495
-468
-498
-537
-537
-497
-465
-466
-462
-428
-384
-346
-313
-307
-334
-369
-426
-546
-697
-810
-871
-887
-894
-967
-1124
-1257
-1281
-1235
-1201
-1221
-1337
-1517
-1691
-1805
-1859
-1947
-2229
-2645
-2754
-2250
-1209
-154
482
546
261
274
747
1518
2181
2575
2621
2265
2007
2060
2251
2133
1820
1657
1555
1345
876
384
-27
-182
-149
-121
-122
-307
-644
-1098
-1230
-936
-576
-368
-324
-227
-153
-114
-14
189
522
896
1195
1324
1318
1241
1134
1075
1151
1297
1314
1102
729
400
227
146
113
161
224
171
41
-49
-41
81
275
409
459
534
615
579
474
460
559
670
753
809
806
716
549
367
282
304
274
112
-59
-161
-280
-425
-510
-553
-637
-750
-863
-968
-1029
-1028
-1000
-945
-841
-734
-693
-694
-647
-529
-409
-351
-337
-301
-260
-314
-447
-524
-520
-553
-621
-642
-677
-798
-949
-1055
-1130
-1165
-1187
-1266
-1413
-1580
-1739
-1964
-2182
-2438
-2687
-2744
-2432
-1694
-906
-329
-189
-331
-222
353
1224
1883
2273
2423
2267
2059
2048
2304
2461
2402
2316
2147
1863
1419
978
645
485
583
596
333
-198
-729
-1038
-1140
-938
-694
-607
-765
-993
-1009
-900
-648
-302
74
374
569
720
780
834
1004
1267
1491
1614
1574
1359
1072
836
745
833
972
951
750
509
272
69
23
124
150
11
-151
-199
-123
53
244
304
243
217
290
402
519
604
597
544
548
581
536
413
286
200
144
74
-40
-187
-356
-532
-675
-764
-825
-893
-965
-1015
-1034
-1042
-1061
-1074
-1045
-972
-887
-829
-781
-720
-644
-570
-497
-415
-352
-345
-416
-501
-529
-488
-451
-480
-576
-740
-886
-1065
-1199
-1271
-1340
-1469
-1792
-2137
-2527
-2791
-2716
-2279
-1578
-993
-691
-829
-1014
-728
44
879
1387
1727
1793
1579
1431
1729
2327
2648
2726
2682
2544
2272
1856
1597
1502
1532
1561
1328
853
262
-195
-506
-595
-465
-483
-784
-1274
-1533
-1501
-1333
-1020
-709
-451
-338
-301
-240
-86
223
594
950
1233
1353
1282
1185
1184
1261
1416
1581
1601
1409
1113
880
766
729
780
863
772
474
176
17
-32
-10
54
47
-100
-242
-240
-142
-21
94
138
114
93
81
47
31
108
251
336
311
189
-13
-190
-272
-297
-281
-305
-441
-615
-759
-856
-894
-906
-931
-960
-994
-1026
-1036
-1014
-956
-884
-800
-743
-728
-747
-762
-723
-677
-624
-605
-596
-648
-784
-919
-1025
-988
-979
-1054
-1246
-1577
-1835
-2121
-2299
-2173
-1781
-1275
-991
-959
-1177
-1323
-970
-272
500
936
1054
918
674
822
1314
1953
2304
2341
2252
2057
1979
1917
1951
2050
2126
2055
1671
1182
719
419
293
331
404
195
-346
-910
-1165
-1149
-1002
-807
-712
-859
-1102
-1153
-986
-711
-369
-5
226
302
372
500
627
809
1117
1374
1442
1381
1369
1332
1281
1468
1721
1718
1330
869
638
601
734
817
671
339
-20
-257
-308
-139
68
44
-194
-367
-373
-328
-263
-136
42
167
160
25
-129
-182
-136
-54
29
52
-58
-263
-421
-422
-309
-260
-368
-544
-681
-749
-736
-656
-561
-479
-464
-606
-823
-911
-865
-808
-749
-689
-745
-916
-1058
-1099
-1066
-954
-844
-870
-1008
-1149
-1249
-1345
-1361
-1300
-1316
-1601
-1998
-2125
-1853
-1277
-802
-642
-863
-1007
-745
-231
444
831
964
784
573
772
1192
1724
1936
1977
1954
1882
1934
1925
1954
1965
2012
2011
1762
1350
949
775
774
794
707
468
51
-454
-792
-840
-732
-716
-847
-1015
-1112
-1090
-975
-821
-637
-413
-226
-152
-104
60
315
547
730
880
998
1101
1199
1262
1290
1332
1360
1322
1301
1332
1265
1033
792
719
740
678
541
354
130
0
-10
4
33
54
-21
-193
-313
-268
-158
-75
-12
-14
-63
-92
-144
-206
-198
-144
-116
-144
-239
-347
-414
-429
-395
-330
-300
-352
-443
-527
-565
-553
-491
-455
-496
-573
-659
-729
-768
-699
-671
-712
-758
-864
-944
-1051
-1088
-1099
-1048
-962
-1054
-1199
-1360
-1438
-1534
-1673
-1861
-2090
-2082
-1850
-1440
-1065
-879
-945
-1186
-1104
-619
10
437
561
548
455
599
1016
1476
1815
1897
1872
1767
1770
1902
2007
2081
2053
2026
1875
1630
1372
1206
1156
1035
915
670
329
-37
-312
-401
-469
-482
-533
-693
-926
-1103
-1091
-964
-797
-648
-537
-472
-413
-327
-179
35
244
399
527
687
854
977
1074
1173
1285
1422
1539
1512
1302
1040
913
960
1068
1093
952
651
333
188
243
348
336
153
-131
-332
-315
-158
-52
-73
-186
-339
-459
-480
-409
-315
-261
-275
-333
-386
-408
-411
-392
-338
-262
-207
-226
-310
-383
-373
-289
-198
-177
-256
-385
-494
-536
-507
-441
-427
-514
-645
-756
-808
-815
-831
-919
-1013
-1069
-1129
-1240
-1341
-1420
-1516
-1587
-1661
-1743
-1916
-2096
-2116
-1891
-1457
-1161
-1040
-1175
-1375
-1273
-791
-65
350
489
427
292
422
818
1418
1820
1944
1934
1820
1818
1939
2154
2313
2297
2220
2040
1798
1578
1440
1401
1320
1143
849
487
118
-142
-257
-243
-222
-374
-615
-891
-1056
-1023
-855
-635
-573
-617
-689
-735
-642
-410
-126
103
262
358
424
539
726
914
1082
1278
1423
1385
1197
1030
1005
1120
1292
1346
1170
861
604
496
553
700
730
508
150
-116
-163
-42
75
36
-162
-400
-580
-646
-600
-500
-431
-442
-514
-590
-612
-576
-497
-405
-325
-286
-307
-380
-445
-433
-329
-201
-144
-185
-274
-355
-391
-375
-328
-310
-367
-483
-597
-676
-714
-724
-731
-800
-937
-1111
-1254
-1339
-1392
-1456
-1557
-1657
-1769
-1949
-2163
-2245
-2107
-1825
-1510
-1306
-1277
-1457
-1510
-1183
-564
70
379
435
289
252
554
1067
1605
1881
1970
1887
1819
1952
2188
2435
2516
2444
2242
2013
1846
1703
1583
1456
1305
1125
894
583
282
8
-177
-261
-304
-360
-569
-779
-935
-1006
-909
-774
-654
-674
-770
-789
-712
-455
-168
80
263
313
349
414
597
871
1091
1204
1156
1107
1132
1192
1292
1392
1418
1286
1057
855
759
783
844
822
657
406
157
-9
-74
-93
-143
-258
-420
-586
-711
-766
-753
-691
-632
-634
-701
-789
-829
-780
-658
-529
-454
-450
-485
-515
-501
-439
-338
-245
-191
-211
-280
-352
-370
-316
-237
-191
-239
-374
-546
-680
-750
-759
-750
-820
-954
-1168
-1344
-1439
-1477
-1498
-1653
-1869
-2173
-2366
-2267
-1976
-1610
-1416
-1378
-1528
-1645
-1405
-874
-236
196
355
264
117
285
757
1378
1847
2037
2008
1824
1822
2024
2330
2535
2522
2402
2134
1915
1782
1726
1692
1554
1375
1088
771
469
200
19
-88
-124
-186
-331
-562
-802
-957
-966
-857
-732
-673
-708
-782
-775
-606
-305
31
293
373
281
189
273
556
938
1257
1333
1158
925
843
979
1246
1469
1472
1235
910
695
680
802
892
817
565
231
-46
-163
-138
-81
-115
-282
-511
-693
-753
-714
-646
-605
-627
-691
-742
-768
-741
-655
-568
-489
-432
-446
-487
-513
-511
-432
-299
-180
-114
-135
-228
-312
-329
-266
-176
-149
-244
-434
-621
-717
-713
-673
-697
-827
-1032
-1248
-1400
-1461
-1471
-1506
-1639
-1871
-2110
-2173
-2002
-1704
-1422
-1263
-1316
-1489
-1462
-1124
-572
-75
237
307
190
235
540
1099
1640
1979
2073
1891
1772
1821
2093
2432
2638
2634
2337
2007
1794
1740
1778
1775
1642
1300
880
533
309
207
192
164
30
-191
-448
-677
-813
-819
-729
-661
-618
-681
-774
-777
-721
-520
-256
-23
95
135
256
385
557
753
897
1026
1163
1285
1312
1264
1191
1139
1157
1260
1364
1350
1164
844
556
458
543
652
603
329
-83
-448
-612
-550
-399
-354
-528
-853
-1140
-1226
-1087
-851
-692
-719
-890
-1056
-1080
-927
-684
-483
-416
-474
-571
-606
-529
-367
-205
-121
-141
-233
-328
-364
-338
-284
-245
-264
-366
-513
-675
-824
-916
-947
-970
-1047
-1165
-1340
-1549
-1717
-1804
-1887
-1965
-1948
-1876
-1784
-1701
-1544
-1448
-1451
-1301
-1004
-609
-294
-27
124
124
267
556
991
1409
1709
1819
1728
1703
1809
2063
2346
2502
2461
2221
1941
1732
1666
1712
1730
1588
1277
902
566
379
327
317
228
18
-231
-502
-651
-663
-623
-549
-582
-636
-661
-612
-484
-399
-269
-139
-31
87
206
342
483
661
839
949
997
1041
1071
1096
1163
1253
1306
1290
1224
1124
1026
956
883
771
633
489
339
200
71
-66
-216
-354
-469
-565
-638
-705
-788
-870
-911
-928
-941
-936
-912
-896
-874
-841
-819
-781
-688
-584
-529
-501
-478
-461
-409
-302
-196
-140
-147
-209
-272
-269
-216
-186
-224
-340
-508
-666
-751
-764
-761
-820
-962
-1152
-1327
-1439
-1502
-1547
-1669
-1849
-1937
-1871
-1692
-1542
-1402
-1285
-1260
-1216
-1034
-698
-349
-63
137
230
317
522
837
1183
1497
1704
1779
1757
1789
1911
2061
2238
2321
2266
2083
1877
1734
1629
1601
1548
1390
1145
842
589
411
308
235
127
0
-197
-425
-562
-609
-574
-497
-416
-375
-432
-460
-392
-266
-63
152
308
361
373
452
560
724
884
950
987
1027
1098
1139
1161
1188
1154
1092
1012
940
871
771
651
515
370
243
139
47
-71
-238
-382
-477
-541
-587
-653
-727
-850
-961
-989
-965
-893
-851
-859
-917
-972
-938
-867
-745
-631
-599
-613
-655
-614
-508
-388
-292
-296
-347
-415
-457
-451
-417
-385
-410
-496
-626
-756
-837
-857
-865
-927
-1026
-1165
-1342
-1482
-1580
-1644
-1669
-1647
-1587
-1560
-1506
-1364
-1264
-1221
-1115
-871
-555
-289
-47
132
219
353
570
863
1205
1521
1711
1716
1675
1711
1857
2072
2243
2292
2179
1970
1772
1658
1615
1583
1518
1340
1031
719
516
394
306
210
80
-109
-319
-479
-576
-568
-488
-423
-418
-452
-447
-406
-321
-176
-12
116
184
233
330
492
667
796
855
900
943
995
1075
1124
1141
1095
997
892
811
805
790
710
575
379
199
58
-22
-71
-159
-290
-472
-635
-745
-800
-810
-827
-865
-930
-989
-1032
-1034
-1012
-971
-942
-946
-949
-945
-873
-776
-676
-604
-562
-505
-467
-422
-417
-394
-374
-376
-379
-419
-444
-502
-549
-608
-696
-765
-869
-969
-1061
-1139
-1223
-1333
-1459
-1633
-1794
-1821
-1680
-1516
-1413
-1303
-1235
-1283
-1309
-1133
-772
-332
20
182
237
224
294
592
993
1416
1737
1818
1695
1584
1657
1889
2217
2455
2430
2194
1849
1601
1552
1631
1688
1604
1378
994
628
450
364
309
221
91
-93
-331
-506
-564
-531
-457
-405
-409
-419
-383
-305
-198
-94
-15
41
119
261
448
630
747
787
790
827
934
1078
1205
1210
1107
953
827
813
844
884
829
648
411
181
82
71
67
4
-159
-370
-580
-722
-763
-737
-722
-789
-924
-1036
-1092
-1069
-985
-934
-920
-918
-945
-943
-886
-833
-788
-748
-710
-664
-620
-575
-539
-527
-526
-522
-516
-507
-496
-517
-597
-721
-831
-895
-915
-930
-982
-1084
-1216
-1348
-1461
-1542
-1602
-1629
-1578
-1477
-1389
-1297
-1161
-1043
-983
-883
-677
-413
-109
183
370
484
595
743
975
1271
1573
1799
1867
1838
1837
1888
1994
2142
2235
2209
2060
1830
1631
1500
1421
1394
1328
1126
844
557
309
149
89
77
26
-123
-316
-463
-516
-500
-445
-360
-290
-226
-150
-112
-72
31
153
287
422
533
638
729
789
835
874
927
1008
1091
1144
1117
1005
871
770
719
719
725
670
526
331
143
5
-64
-91
-131
-227
-376
-550
-704
-803
-837
-824
-810
-837
-910
-988
-1032
-1035
-1005
-965
-929
-903
-892
-880
-854
-798
-723
-663
-641
-646
-665
-673
-657
-647
-644
-669
-711
-752
-818
-879
-954
-1022
-1068
-1151
-1224
-1291
-1378
-1483
-1629
-1759
-1815
-1731
-1520
-1328
-1151
-1030
-1045
-1035
-906
-619
-215
193
497
614
623
633
797
1115
1470
1817
1996
2017
1987
1916
1936
2085
2240
2300
2237
2076
1865
1668
1535
1424
1266
1099
928
725
517
314
151
-4
-146
-252
-346
-378
-422
-478
-518
-569
-556
-472
-351
-205
-61
26
70
114
184
335
534
712
821
852
853
845
880
981
1083
1144
1135
1027
907
830
772
742
690
580
440
265
111
-6
-94
-176
-308
-433
-556
-652
-711
-771
-821
-894
-962
-994
-982
-924
-872
-850
-876
-924
-955
-921
-814
-691
-585
-545
-561
-595
-632
-602
-551
-494
-468
-517
-593
-696
-776
-828
-874
-928
-1014
-1108
-1203
-1300
-1367
-1428
-1527
-1634
-1758
-1855
-1845
-1715
-1508
-1330
-1150
-1018
-1006
-953
-792
-508
-137
228
538
659
720
836
1007
1280
1592
1894
2060
2102
2114
2106
2135
2196
2261
2264
2208
2086
1916
1740
1590
1440
1249
1069
856
651
470
311
170
-21
-168
-323
-449
-483
-478
-443
-467
-501
-502
-490
-372
-202
-29
105
159
191
235
360
563
758
919
1014
1038
1020
1008
1048
1125
1172
1173
1125
1014
896
807
727
651
570
444
291
142
10
-100
-198
-310
-436
-562
-672
-756
-804
-849
-904
-962
-1012
-1046
-1050
-1026
-999
-983
-972
-971
-958
-904
-841
-765
-681
-639
-616
-594
-587
-576
-567
-561
-558
-596
-637
-678
-767
-874
-993
-1127
-1210
-1254
-1324
-1408
-1494
-1597
-1753
-1920
-1982
-1892
-1701
-1473
-1257
-1081
-1007
-1018
-950
-720
-378
19
413
706
855
934
1024
1173
1437
1781
2075
2254
2329
2310
2247
2218
2240
2276
2292
2250
2125
1941
1739
1539
1332
1109
887
691
519
373
224
48
-129
-286
-442
-550
-575
-555
-526
-503
-522
-557
-521
-399
-249
-104
37
158
243
323
439
590
756
902
1003
1065
1114
1153
1181
1193
1170
1120
1061
997
921
848
772
650
491
328
171
33
-84
-168
-251
-373
-516
-647
-765
-840
-868
-892
-925
-956
-992
-1037
-1055
-1024
-982
-956
-934
-922
-909
-861
-792
-724
-658
-626
-619
-609
-614
-611
-577
-564
-580
-627
-716
-781
-827
-904
-1001
-1113
-1226
-1329
-1448
-1558
-1627
-1692
-1812
-1958
-2026
-1992
-1880
-1676
-1435
-1231
-1112
-1057
-949
-732
-447
-94
268
547
765
946
1095
1267
1495
1761
2000
2167
2279
2363
2418
2431
2407
2363
2294
2197
2093
1965
1814
1643
1424
1172
923
691
507
359
204
34
-143
-318
-456
-544
-588
-584
-560
-554
-556
-507
-413
-284
-141
-26
60
145
254
385
541
727
869
945
983
1014
1077
1156
1231
1264
1237
1185
1104
1038
966
873
774
637
476
308
162
24
-117
-244
-371
-502
-627
-738
-832
-902
-971
-1040
-1074
-1076
-1071
-1046
-1004
-993
-997
-996
-971
-930
-856
-752
-684
-628
-579
-546
-514
-505
-506
-507
-492
-482
-471
-465
-490
-563
-665
-770
-908
-1035
-1126
-1170
-1204
-1294
-1406
-1548
-1701
-1850
-1947
-1921
-1840
-1711
-1530
-1331
-1168
-1089
-1007
-864
-656
-344
25
386
661
833
988
1124
1317
1569
1810
2022
2149
2261
2329
2359
2393
2370
2308
2206
2114
2017
1887
1772
1603
1355
1084
807
572
392
225
98
-23
-190
-335
-450
-550
-611
-636
-639
-617
-570
-490
-382
-263
-158
-71
19
104
208
373
567
755
907
976
999
1024
1073
1150
1219
1241
1207
1150
1099
1005
896
825
718
580
448
281
125
-2
-142
-289
-436
-579
-722
-842
-902
-937
-981
-1011
-1065
-1133
-1165
-1174
-1162
-1133
-1103
-1054
-1003
-947
-877
-820
-775
-713
-645
-572
-500
-449
-443
-463
-474
-483
-503
-515
-519
-546
-621
-731
-840
-945
-1040
-1122
-1212
-1310
-1407
-1522
-1653
-1770
-1839
-1815
-1710
-1603
-1476
-1292
-1140
-1055
-923
-706
-458
-192
100
380
605
813
1027
1235
1461
1708
1918
2065
2206
2296
2346
2401
2399
2341
2251
2160
2026
1884
1799
1666
1498
1301
1051
814
602
400
216
48
-126
-266
-358
-437
-496
-522
-546
-572
-560
-521
-430
-276
-137
-38
40
108
204
332
482
640
783
910
986
1014
1068
1128
1167
1179
1132
1081
1057
1002
938
859
752
634
458
262
110
-33
-150
-254
-377
-479
-581
-741
-891
-1008
-1094
-1109
-1109
-1110
-1099
-1094
-1109
-1112
-1114
-1145
-1114
-1064
-978
-853
-787
-711
-652
-615
-567
-545
-511
-488
-470
-441
-436
-443
-491
-575
-668
-766
-831
-884
-912
-953
-1056
-1167
-1318
-1474
-1609
-1704
-1740
-1776
-1734
-1650
-1564
-1433
-1268
-1087
-944
-787
-582
-362
-133
129
389
604
831
1055
1269
1468
1667
1857
1991
2107
2209
2293
2337
2338
2319
2251
2142
2002
1878
1767
1606
1441
1262
1060
837
599
394
201
36
-113
-245
-351
-433
-474
-514
-538
-571
-574
-527
-443
-316
-183
-55
39
134
221
319
455
583
724
841
924
990
1045
1082
1091
1070
1032
993
955
925
868
787
676
525
347
175
47
-88
-213
-345
-485
-622
-750
-837
-938
-1004
-1052
-1084
-1102
-1143
-1149
-1148
-1117
-1093
-1105
-1079
-1041
-997
-927
-846
-779
-722
-644
-559
-487
-433
-412
-408
-412
-426
-428
-439
-465
-505
-555
-604
-677
-754
-851
-962
-1061
-1181
-1310
-1418
-1482
-1557
-1660
-1716
-1704
-1652
-1554
-1392
-1190
-1002
-850
-694
-541
-364
-129
107
345
578
820
1081
1289
1485
1657
1800
1938
2001
2088
2184
2266
2304
2261
2202
2078
1950
1823
1705
1593
1430
1264
1052
855
649
453
294
129
-3
-130
-232
-309
-362
-387
-404
-407
-398
-368
-304
-214
-113
-11
87
164
240
339
454
568
685
777
842
900
955
983
1002
1039
1046
977
874
786
729
683
601
483
348
192
68
-58
-175
-270
-415
-536
-644
-770
-841
-906
-973
-1040
-1113
-1167
-1203
-1184
-1134
-1084
-1031
-1011
-987
-963
-941
-845
-723
-613
-554
-515
-451
-435
-412
-399
-417
-417
-460
-523
-570
-602
-631
-674
-716
-823
-954
-1060
-1149
-1204
-1291
-1377
-1463
-1576
-1654
-1682
-1638
-1557
-1446
-1300
-1123
-976
-838
-651
-450
-233
-33
196
451
665
876
1059
1224
1383
1566
1741
1892
2008
2109
2204
2248
2275
2221
2119
2029
1874
1733
1637
1500
1342
1179
992
803
628
468
293
139
27
-127
-238
-296
-365
-389
-377
-363
-358
-329
-270
-200
-93
5
82
178
280
373
469
551
639
715
761
828
902
935
955
974
929
841
752
663
609
527
430
337
183
48
-63
-196
-312
-444
-562
-677
-814
-904
-971
-1015
-1025
-1045
-1096
-1108
-1088
-1090
-1082
-1045
-995
-942
-867
-805
-747
-678
-604
-528
-484
-407
-354
-331
-303
-342
-364
-363
-391
-421
-444
-482
-532
-582
-650
-715
-780
-863
-937
-1012
-1086
-1158
-1245
-1336
-1410
-1456
-1455
-1360
-1245
-1121
-967
-807
-629
-500
-342
-163
-3
171
343
540
717
925
1113
1281
1432
1525
1656
1753
1843
1917
1951
1942
1905
1879
1800
1721
1634
1504
1375
1239
1066
902
773
611
443
304
154
4
-126
-218
-293
-363
-382
-363
-349
-326
-305
-268
-191
-148
-104
-12
62
162
253
308
397
483
566
629
672
702
729
768
768
761
750
711
640
555
472
363
245
139
33
-72
-164
-255
-365
-505
-646
-728
-782
-842
-887
-938
-992
-1014
-1017
-1011
-983
-947
-922
-888
-841
-791
-759
-734
-694
-668
-640
-534
-403
-297
-199
-155
-189
-247
-300
-337
-361
-386
-409
-450
-499
-541
-594
-652
-698
-747
-824
-915
-962
-977
-1007
-1059
-1124
-1176
-1216
-1251
-1230
-1142
-1025
-868
-719
-581
-427
-300
-156
26
171
306
470
629
781
937
1089
1220
1328
1446
1555
1640
1718
1755
1768
1780
1747
1683
1636
1582
1475
1341
1231
1125
987
865
765
650
518
370
220
92
-7
-72
-117
-161
-172
-158
-158
-150
-105
-56
-12
42
101
156
220
296
364
416
478
548
610
651
679
700
716
726
736
725
674
583
478
387
296
196
119
62
-27
-125
-204
-322
-444
-526
-615
-692
-710
-735
-774
-816
-872
-857
-824
-796
-734
-706
-675
-674
-710
-713
-708
-687
-613
-477
-376
-321
-279
-258
-273
-309
-332
-362
-387
-404
-423
-446
-493
-543
-580
-627
-663
-700
-775
-774
-732
-744
-785
-842
-877
-926
-993
-1047
-1044
-975
-914
-814
-702
-614
-504
-384
-262
-128
2
112
214
294
392
537
674
805
931
1022
1139
1273
1365
1449
1505
1527
1563
1556
1504
1455
1373
1313
1246
1144
1071
971
865
759
639
525
394
289
185
68
26
12
-1
6
-15
-5
25
23
45
58
82
144
174
203
260
303
338
407
449
458
487
508
507
503
508
488
426
390
349
288
238
158
68
2
-100
-206
-270
-333
-393
-429
-445
-459
-485
-521
-574
-624
-651
-671
-648
-610
-599
-561
-533
-552
-550
-531
-520
-499
-509
-529
-514
-489
-448
-393
-372
-395
-406
-382
-374
-403
-404
-385
-418
-467
-501
-551
-590
-609
-654
-694
-712
-750
-775
-794
-857
-903
-923
-949
-927
-895
-916
-907
-871
-836
-781
-734
-665
-544
-421
-287
-142
11
183
330
468
614
714
817
942
1023
1093
1183
1254
1302
1340
1371
1401
1413
1403
1388
1361
1317
1249
1159
1063
943
804
692
583
458
356
270
181
116
71
28
-18
-64
-93
-103
-81
-50
-29
8
65
116
143
179
214
225
250
301
379
451
508
522
495
488
431
389
413
383
341
288
198
133
58
2
-48
-160
-265
-359
-444
-518
-577
-577
-537
-479
-482
-487
-502
-591
-621
-614
-597
-579
-585
-555
-496
-479
-453
-398
-388
-427
-476
-489
-487
-450
-397
-406
-413
-471
-550
-611
-646
-652
-642
-605
-625
-635
-646
-684
-687
-689
-673
-676
-662
-630
-627
-628
-630
-646
-699
-749
-756
-734
-737
-708
-656
-607
-545
-479
-375
-291
-210
-81
41
174
315
451
568
645
719
804
875
943
994
1080
1180
1196
1255
1320
1351
1358
1297
1251
1174
1116
1064
973
898
807
711
629
558
476
373
276
216
179
108
77
103
103
89
109
108
106
131
109
97
97
98
145
181
228
271
302
327
324
353
344
296
258
205
188
147
136
141
93
67
-4
-93
-110
-121
-184
-270
-310
-320
-388
-398
-333
-370
-445
-508
-536
-530
-534
-492
-427
-391
-412
-407
-418
-497
-567
-601
-639
-670
-579
-460
-358
-265
-219
-186
-220
-267
-301
-376
-476
-548
-617
-649
-618
-618
-561
-493
-443
-347
-257
-255
-382
-469
-560
-664
-697
-663
-594
-551
-485
-405
-335
-299
-286
-297
-316
-322
-336
-331
-338
-266
-154
-41
108
245
376
433
508
599
640
678
711
780
857
947
1039
1115
1189
1227
1231
1227
1226
1220
1199
1138
1040
949
842
718
610
536
462
390
371
331
263
230
205
170
125
113
105
58
60
68
53
49
81
142
150
178
207
184
176
185
204
187
215
250
230
237
194
151
124
85
57
32
9
-39
-57
-90
-173
-259
-362
-437
-424
-346
-316
-332
-350
-388
-452
-494
-474
-451
-427
-380
-394
-420
-366
-325
-365
-351
-297
-366
-424
-396
-357
-296
-300
-318
-312
-337
-313
-262
-268
-289
-335
-398
-444
-459
-420
-375
-331
-247
-229
-273
-315
-332
-312
-357
-368
-305
-335
-393
-388
-362
-367
-380
-399
-405
-437
-489
-443
-379
-340
-282
-193
-105
-41
71
163
243
300
319
387
448
494
577
670
770
885
950
985
1017
1016
1019
1027
1015
1005
973
892
805
726
662
627
586
529
469
415
398
395
326
212
107
2
-55
-26
29
33
0
-20
-17
4
10
-6
-15
16
35
18
-12
-64
-87
-102
-80
-39
4
61
35
24
-15
-55
-77
-186
-259
-322
-355
-299
-213
-177
-192
-177
-193
-322
-452
-521
-660
-757
-752
-656
-517
-466
-398
-354
-328
-313
-290
-203
-184
-213
-261
-311
-353
-415
-442
-406
-320
-241
-181
-144
-152
-207
-261
-281
-285
-277
-277
-313
-338
-309
-265
-248
-221
-181
-179
-211
-213
-200
-227
-278
-303
-309
-330
-348
-339
-316
-307
-280
-223
-163
-85
5
62
68
84
139
202
243
283
352
414
522
631
737
845
873
913
933
957
985
981
993
944
903
873
813
778
789
796
758
707
646
571
483
396
312
248
189
119
78
76
89
92
134
108
15
-44
-102
-123
-143
-120
-106
-137
-129
-140
-128
-73
-20
-32
-129
-149
-122
-161
-178
-181
-211
-239
-204
-96
13
23
8
29
-38
-104
-131
-152
-306
-381
-449
-456
-567
-511
-419
-355
-309
-307
-251
-373
-429
-436
-405
-447
-506
-598
-595
-415
-311
-218
-98
-128
-152
-207
-126
-86
-200
-237
-289
-312
-431
-380
-267
-155
-128
-116
-121
-188
-228
-204
-157
-153
-188
-237
-301
-329
-326
-284
-218
-163
-145
-115
-48
-5
45
139
181
126
70
56
32
21
63
136
205
309
422
466
531
595
619
621
576
601
595
533
523
524
585
609
599
647
624
611
638
602
578
536
449
340
220
133
71
79
68
62
137
169
213
191
110
70
20
31
38
39
60
42
0
-37
-24
1
-7
-1
52
75
36
5
-7
-52
-150
-211
-187
-116
-62
-64
-102
-156
-231
-290
-292
-237
-171
-194
-226
-215
-288
-340
-288
-215
-159
-135
-201
-318
-382
-449
-432
-435
-352
-335
-389
-351
-349
-264
-303
-236
-289
-303
-349
-325
-311
-240
-208
-187
-159
-159
-55
17
32
-29
-52
-123
-105
-51
2
39
-98
-146
-161
-143
-161
-113
-74
-89
-155
-161
-184
-189
-168
-105
-105
-133
-119
-56
0
1
58
131
150
142
130
214
223
234
321
338
321
297
330
368
421
452
467
477
461
425
403
418
407
411
388
392
363
352
229
215
203
230
219
249
203
183
124
106
112
42
-12
-75
-104
-31
-13
58
116
133
55
65
79
33
-77
-71
-76
-33
-63
-14
-5
-3
-71
-90
-95
-31
-21
-60
-89
-108
-131
-243
-253
-228
-214
-303
-334
-234
-215
-95
-143
-68
-146
-181
-246
-289
-349
-409
-326
-291
-275
-204
-65
-20
-85
-109
-116
-147
-146
-82
-91
-147
-199
-118
-171
-71
-90
-72
-139
-93
-66
-41
-78
-74
7
12
2
104
130
155
29
-25
-90
-64
-12
28
44
83
50
-6
37
31
26
-9
-42
-127
-130
-140
-93
-44
-31
28
97
235
270
307
255
250
176
125
153
164
211
146
202
283
264
283
353
375
368
345
289
204
75
32
-59
-47
-33
-6
40
124
267
318
321
341
330
239
138
196
103
84
38
31
45
53
80
81
92
53
1
43
2
62
-53
-158
-290
-404
-441
-418
-247
-184
11
44
98
45
-28
-37
-124
-96
-140
-189
-346
-363
-319
-197
-183
-165
-192
-95
-87
-101
-17
-95
-87
-162
-162
-266
-246
-172
-136
-106
-20
0
33
44
59
35
34
5
-46
-105
-178
-162
-63
-36
-12
85
133
119
141
167
140
94
71
40
4
-44
-51
-40
41
159
181
215
213
158
59
-28
6
1
-40
-65
-82
-87
-57
18
82
105
103
119
103
80
85
51
-19
-72
-129
-131
-49
-12
73
134
78
-7
-55
5
39
91
132
127
86
17
70
66
43
63
64
93
71
113
214
212
172
110
111
45
-15
-60
-97
11
-29
-36
-52
-15
-16
-7
116
138
15
-99
-96
-113
-201
-103
1
26
-49
8
66
97
3
-11
-71
-252
-277
-199
-165
-158
-167
-57
-25
20
15
36
34
-89
-214
-256
-253
-283
-184
-70
-52
-122
-79
-39
-3
43
110
85
0
-193
-186
-222
-251
-229
-174
-132
-69
0
15
-54
-147
-147
-104
-134
-99
-123
-197
-124
-52
-7
24
74
70
-5
3
-5
-23
2
61
47
72
37
96
143
215
227
119
65
-20
-59
-107
-52
-32
-47
-48
-27
30
75
131
124
-6
-28
-42
-42
-90
-67
18
-6
27
4
-15
-66
-38
-3
26
69
147
106
98
57
42
8
-10
-37
-107
-54
-8
35
5
124
152
192
165
220
87
19
18
23
16
-12
56
-25
-75
11
27
84
52
44
-37
-144
-103
-160
-185
-121
-19
80
84
141
59
-35
-45
-78
-103
-131
-21
11
-19
31
36
35
11
35
111
56
-14
-96
-125
-109
-70
-15
38
78
101
137
48
66
-14
55
-24
8
-22
-28
-110
-15
-108
-105
-103
-46
47
92
243
288
330
197
179
156
79
24
-50
-88
-87
-57
33
136
209
145
127
137
71
54
54
7
-60
-77
-74
-93
-130
-160
-80
-53
-22
-62
35
137
111
105
-25
-44
-152
-232
-204
-61
-15
101
59
92
117
155
163
147
97
8
2
14
56
57
44
46
75
161
144
136
100
125
39
96
155
191
-11
-109
-180
-174
-114
48
205
203
176
190
129
99
35
61
-33
-131
-113
-151
-60
-89
32
31
100
185
264
259
167
13
-107
-256
-267
-242
-186
-106
-66
-62
-198
-163
-128
49
50
124
27
-106
-186
-253
-206
-185
-112
-49
13
121
138
170
161
116
40
-4
-78
-42
-64
-85
-76
-89
-35
-25
30
60
122
69
17
-120
-63
-129
-62
-2
179
119
56
-29
-38
-25
-76
-115
-172
-50
-118
-80
11
52
35
-43
23
-71
-68
-177
-145
-85
-53
63
98
6
-50
-88
-45
27
109
114
13
-80
-140
-150
-125
-62
12
28
70
66
38
36
39
40
-45
-72
-43
-63
-28
36
108
108
99
92
3
-24
-85
-127
-14
14
123
147
103
85
4
40
76
83
42
-7
-129
-121
-131
54
97
209
254
236
151
18
-30
-46
-86
-69
-26
-22
7
42
-1
26
33
-7
-48
-29
87
147
54
-39
-46
-122
-145
-124
-56
-19
-18
-7
12
130
168
224
97
62
-21
-93
-154
-100
39
196
183
209
169
49
15
-83
-63
-6
-12
59
-103
52
70
124
27
115
63
-119
-194
-110
-130
-58
49
217
114
-4
44
40
-45
55
103
42
-75
-86
-90
-80
21
149
204
155
188
106
141
171
218
59
12
-73
30
40
88
92
43
-56
-25
15
22
57
86
54
43
-29
28
9
-53
-155
-41
-57
-13
20
153
156
115
69
25
25
-59
-82
-37
-35
-26
49
217
252
198
196
105
-28
-58
-30
-59
-53
12
22
-6
-18
170
149
71
-13
21
-106
-101
27
27
-33
-62
-9
26
3
32
-9
52
-10
89
27
13
15
30
-25
-35
19
-9
-108
-112
-35
-68
-136
-25
-20
-97
-71
5
16
36
59
107
60
56
77
68
34
-42
8
-48
-15
-17
108
110
98
31
50
-83
-69
-109
-16
-54
-20
-85
-83
-47
-24
-8
43
87
-5
32
-47
-46
-124
-88
-33
0
46
107
168
65
63
-31
-62
-58
62
17
-79
-35
8
-24
22
113
95
-13
-83
-61
-19
-38
-4
30
7
15
41
16
28
86
77
-16
-105
-120
-94
-66
41
135
65
-1
89
109
24
94
215
180
80
118
173
110
11
106
107
32
-7
-9
82
10
131
99
111
104
156
59
-90
-104
-92
-204
-179
-74
52
8
-13
39
-34
73
93
177
52
11
-48
-180
-208
-151
-100
-11
56
94
81
11
9
46
30
2
-17
-6
-44
-77
-72
-5
-21
-60
-32
-2
41
-6
-2
-20
-33
-56
-137
-27
31
6
-82
-78
-2
-57
5
68
109
135
124
66
-47
-23
49
73
123
126
102
-31
-134
-111
-91
-91
-66
33
-81
49
79
116
62
-15
15
-32
12
-56
2
22
25
-100
-129
-77
-169
-132
-77
27
-17
28
15
-9
-55
-25
-97
-100
-209
-194
-317
-180
-74
-17
69
127
131
15
56
-3
-42
-41
20
67
-98
73
45
31
52
84
161
39
55
-6
-23
-36
-15
-72
-66
-92
-50
-77
33
100
48
-30
-39
49
17
-105
16
53
10
-43
-48
-20
-95
-40
63
36
-33
-57
-50
-78
-12
61
15
-18
-84
-57
-76
-125
-97
-111
-114
-165
-35
-7
41
2
38
-19
-32
84
73
16
-20
-45
-138
-302
-68
-31
-10
-47
90
28
11
87
2
-17
-133
-47
13
6
52
37
51
4
8
33
46
63
7
44
-127
-70
-11
38
102
152
24
-73
-109
-40
-17
-28
3
25
-77
-31
33
26
-13
49
171
152
82
41
67
-14
-64
-61
-57
-70
-60
41
58
131
76
48
-95
-48
-89
-192
-203
-174
-146
-46
-2
26
55
27
-57
71
138
145
323
504
452
180
-9
-189
-341
-231
-70
-33
-75
-43
-18
-48
-10
65
66
-42
-123
-154
-153
-164
-258
-156
95
271
346
352
351
192
64
30
-13
11
-35
-33
-20
-51
-19
-85
-113
-142
-249
-269
-275
-215
-171
-200
-206
-129
-88
-110
-45
-116
-209
-191
-105
-87
-162
-54
19
32
77
161
91
-48
-36
-65
-5
10
44
48
18
82
41
90
186
226
154
134
177
78
79
140
109
26
62
114
84
100
50
53
87
34
38
62
118
60
-76
-17
80
39
-42
57
108
38
62
66
79
-32
-100
-5
-5
14
12
28
68
64
107
25
2
8
-78
-128
-193
-54
-70
2
154
114
69
-20
73
17
48
45
56
29
-9
-91
-73
-36
-11
-12
30
21
67
34
-33
20
-43
-91
-98
-28
-1
-50
124
-28
-46
-32
63
87
75
76
25
5
-38
13
-21
-12
39
140
90
95
70
30
46
-56
54
-59
-28
-28
129
-7
-52
-2
-17
-48
-91
-73
-43
-123
-52
-19
18
-25
25
-34
-78
-110
-99
-37
-73
-24
26
22
0
69
63
57
62
134
-60
-60
-137
-47
-67
-17
23
27
-63
-97
-84
-63
-31
111
69
31
17
-66
-99
-91
20
-28
14
-64
18
-69
-41
-17
-67
-48
-207
-209
-281
-286
-133
-86
-9
9
-24
-123
-109
-124
-139
-79
-8
-9
-75
-48
-59
-28
-24
28
11
-73
-51
-84
-24
-46
-18
-31
-26
-2
-86
45
29
61
85
27
47
0
34
17
61
61
87
35
-54
-13
-10
60
20
28
22
64
116
64
94
22
40
31
47
40
-37
15
4
49
57
76
59
28
109
16
-29
-33
-8
120
92
113
96
-40
-106
-123
0
38
3
21
-43
-42
3
53
116
161
98
-71
-85
-103
-138
-54
-7
60
67
-6
24
100
124
34
72
1
-94
-74
-50
23
54
22
66
120
38
106
34
99
-64
30
-29
41
-30
-7
-31
-47
-89
-36
39
100
134
154
88
32
66
-57
49
-10
52
-7
19
32
-27
-21
20
37
8
22
-39
-117
-122
-38
-59
6
45
89
31
59
119
94
97
11
16
10
-121
-54
25
100
54
-36
27
-70
62
-75
42
-1
26
24
28
25
-71
-2
-17
-50
-14
-89
-38
-95
4
51
70
5
47
-93
-5
22
55
15
106
30
-85
-12
-27
-45
-84
16
-13
-68
-2
19
-70
-123
-64
-32
-33
90
120
75
51
105
81
-33
22
18
-44
-98
-22
1
-75
-19
30
69
-21
-19
-54
-27
-140
-68
-54
-72
-26
-61
15
-8
89
56
33
10
-35
-36
-71
71
37
67
48
71
52
28
48
6
-23
78
10
-16
62
42
-5
-63
72
-22
17
27
87
12
-44
-19
-17
-16
-49
-26
40
22
48
40
38
32
60
53
-6
-13
-44
-95
-57
37
-62
43
-89
66
-39
-17
-2
-44
-63
-87
-14
-70
-39
-30
-74
-101
-87
-57
-47
-11
-6
-16
-13
-54
-10
-35
-28
-34
16
-74
-32
-52
-48
-88
2
51
42
23
26
-22
-67
-34
41
33
10
-54
-69
-57
-24
23
-3
22
12
-11
-1
18
68
49
80
96
90
32
1
20
-26
-7
-17
19
38
31
13
15
73
22
72
68
47
39
-57
-49
-37
-6
7
19
74
130
138
101
91
65
83
38
13
60
-6
-73
-64
-40
-16
8
35
49
-2
-30
-8
9
-69
-13
