5
-5
-3
-6
-1
2
3
-4
-5
8
5
14
8
4
-5
-14
11
6
-4
-1
1
-3
7
-2
-14
5
10
13
-2
-14
-10
5
19
0
-2
-4
15
1
-18
3
5
4
-7
-16
-15
14
2
22
2
0
-8
-11
-1
2
-10
1
8
9
1
-20
-16
5
28
7
2
27
-3
6
8
3
-8
-3
-2
15
-25
-15
-20
15
35
22
-11
-28
21
13
3
-32
-6
5
15
35
12
-3
1
-25
3
-1
5
11
-4
2
2
21
-17
-3
-16
-8
28
14
-11
14
-13
0
23
2
-2
-1
7
3
9
-15
-19
40
13
6
13
-8
0
2
19
0
-28
-12
-15
2
19
21
1
-27
-8
3
4
0
2
42
22
-14
-13
-25
-10
8
3
5
-1
9
21
6
16
6
-36
-24
-5
-1
14
30
29
-19
-29
-6
-9
13
3
-2
31
23
5
-16
-25
-4
26
41
3
-46
-22
28
12
-2
0
-35
-11
34
9
-26
-22
48
46
-53
-62
7
29
8
-12
13
19
-4
8
-2
18
44
-3
-18
-18
-8
24
17
10
15
-16
-30
-5
13
31
12
-35
-26
7
23
27
5
-7
22
21
-30
3
10
-31
14
12
7
-11
2
50
-11
-13
25
3
-36
2
37
17
13
-16
-4
-7
-12
-2
-4
7
9
16
-16
26
35
5
13
-9
5
-12
-17
-8
-30
-10
40
34
-4
-5
-9
12
-2
0
17
-2
9
-19
-15
12
3
25
26
-17
-37
-7
4
15
18
-12
-33
22
36
-9
-18
-35
10
-7
-22
30
16
21
-34
-6
-13
-31
9
26
55
-46
-32
8
31
-4
24
9
26
-12
-54
29
32
-2
-25
-10
18
57
11
-15
-40
-20
7
-2
6
26
27
10
-18
-50
-13
69
32
-16
-24
-38
1
12
9
16
-21
18
11
-70
-12
13
-5
17
0
33
14
-34
2
2
26
36
-3
-9
-15
-6
-24
-15
18
-2
12
11
-11
-19
-16
-7
-1
17
15
-2
-3
4
1
11
4
-14
-8
-11
-2
14
12
-16
12
-1
-31
38
6
-1
30
0
12
3
-10
-3
11
16
11
20
-40
-43
16
23
26
-25
-27
21
31
36
-17
-34
-12
-15
-7
-3
32
17
-24
18
32
-20
-23
41
24
-19
-30
-47
21
65
53
-22
-44
27
1
1
28
-11
-33
25
40
12
7
-25
-37
-73
4
102
47
10
-4
-54
-42
29
71
21
-42
-11
52
5
13
32
-96
-19
45
83
7
-100
-94
-19
55
108
70
-5
-61
-27
-20
39
7
-2
4
19
44
-61
7
-48
3
25
41
-24
35
-9
-37
10
-10
66
11
-20
-88
15
50
1
-52
-61
21
73
38
24
-69
-42
29
58
13
-36
-9
-5
-13
-32
46
-22
41
0
8
2
46
6
-75
-66
31
16
3
-12
17
34
-18
-47
83
51
-41
-23
-67
46
35
15
15
41
-62
23
29
-7
-31
-35
-14
21
48
43
-21
-65
-39
67
77
-4
-55
-53
24
89
26
-2
-23
-99
-25
14
-42
82
72
-38
16
-71
-64
41
-9
42
10
-60
-14
-12
50
53
-46
-21
10
11
17
-8
-62
-28
72
68
69
-56
-77
-32
44
10
-33
-43
4
50
65
43
-9
-12
15
-26
14
2
-76
45
-5
98
75
-35
-37
-63
-30
19
-6
4
33
24
103
-11
-55
-66
-71
22
85
2
-52
37
47
-4
29
-3
6
-74
-83
-34
-10
96
91
40
-14
-34
-46
-41
0
7
-4
-29
35
57
80
29
-67
7
-35
-50
38
-25
-11
58
-1
-21
0
-8
33
7
13
106
-72
-122
37
18
44
34
-33
-39
-19
-16
12
93
-14
-37
-2
-14
90
-38
-11
28
-6
-57
7
-59
-56
112
83
58
-11
-12
8
-39
34
50
-81
-130
59
58
120
5
-142
-1
-2
-20
-7
137
7
-93
-108
98
203
-26
-169
-74
-88
38
120
35
14
88
-1
-64
-21
-45
-70
-59
25
129
82
-12
-57
-10
6
44
10
-109
-31
0
43
117
5
-14
30
18
-62
-97
-17
33
60
-16
-29
-5
-34
32
-40
17
100
-2
68
-65
-128
24
-50
60
87
-53
6
-40
16
104
-47
-3
76
-92
-40
87
-6
-39
-81
12
66
4
98
-63
-145
19
20
49
99
16
-48
-43
31
112
-35
-100
-23
-49
-7
26
7
-4
29
49
26
27
-4
-29
-44
-47
-21
11
58
79
70
14
-61
-57
10
36
38
-8
-54
23
56
9
3
-4
-1
-48
-82
94
67
-56
90
56
-76
-41
-67
-7
82
58
103
-82
-112
-31
72
69
-47
8
38
-14
-25
12
-17
-30
-28
7
81
86
23
-37
-40
-40
-25
37
-97
-5
48
42
108
2
-77
44
28
-52
-120
-38
57
88
117
21
-52
-46
33
15
-4
-54
-21
16
66
-8
-39
14
-27
5
21
-34
-7
64
45
-31
-9
-9
7
-12
-109
3
-23
46
185
-31
-36
-51
-1
72
83
-55
-117
-13
-19
36
12
-32
58
87
30
12
-108
-149
52
12
10
74
-15
81
-64
-54
32
17
23
49
-6
-62
9
-43
-7
39
-54
7
30
2
85
-28
-24
-78
-136
118
103
94
-13
-96
-20
-16
28
38
-12
-39
20
54
-32
18
-79
18
43
-35
29
25
-7
-44
38
27
-72
-64
-33
-62
103
111
61
-16
-35
-76
-32
57
51
-112
-148
104
201
151
-59
-75
-80
-53
120
104
-66
-130
16
56
62
72
-38
-59
-25
4
-56
-98
-44
42
225
84
-71
-145
-55
105
74
19
-48
-36
-35
52
100
49
-63
-102
-21
-2
139
-19
-103
9
33
-11
31
32
-59
29
-51
-123
14
75
29
53
-91
-72
60
48
145
-90
-63
16
28
5
-107
-4
74
125
-35
-24
29
-30
-92
-89
80
68
86
-31
-66
-21
-21
12
105
108
-4
-145
-59
18
32
51
-4
-116
-50
118
168
38
-145
-126
-3
111
13
-28
66
-71
38
18
-65
21
-13
-57
-119
8
73
67
35
104
-17
-26
-93
10
139
16
-48
22
-12
-40
80
-53
125
-34
-113
-109
-52
34
113
99
13
-63
40
78
-41
46
-80
-152
-99
88
191
21
-58
38
18
-92
-42
-52
-21
180
134
-31
-81
-113
-23
107
2
126
-75
-57
-21
-34
48
-97
20
33
0
45
48
-49
-64
-38
56
121
94
-110
-111
-8
22
74
-30
-16
-77
-31
46
168
34
-108
-166
-22
117
6
49
-6
-145
127
85
-116
-4
-24
-64
53
26
-11
136
126
32
-136
-189
99
150
-23
-107
-111
-9
104
125
-7
7
7
-9
131
-159
-65
-51
-113
64
86
69
92
-70
-39
-3
-16
47
96
-22
-120
-56
20
20
133
120
-130
22
-111
-131
26
61
2
5
65
23
140
-46
-80
0
-116
-9
56
104
16
-83
10
70
-113
-16
26
1
44
-70
40
-20
40
21
-14
-18
73
-33
-12
25
-135
85
-46
43
5
-31
59
34
70
-67
8
-27
62
65
-91
-52
-53
70
81
28
-124
-4
-15
-69
167
57
18
94
-103
-69
-136
-31
115
101
77
-38
10
-99
16
36
-50
37
79
-30
-1
-46
-24
-5
32
131
-23
-194
20
110
12
37
-29
-66
-28
70
-98
25
4
150
22
-77
3
-12
152
-117
-146
-27
97
42
73
-79
-223
143
212
113
-76
-147
-144
103
47
0
-53
-125
-39
113
103
74
17
-167
15
138
16
-133
-94
-29
161
68
-17
52
-165
-17
118
23
43
34
-87
98
-6
-107
11
19
-75
-3
-11
-1
55
14
110
-52
6
22
-71
-71
-8
46
10
92
-48
17
-57
-91
91
-5
85
48
-37
-49
-115
-82
140
210
116
-34
-272
-131
173
217
-109
-138
-157
14
122
52
74
17
11
48
-31
-160
60
102
127
-15
-102
-64
-131
61
142
-25
13
-48
-27
-28
-4
56
-90
-12
76
12
-19
-95
-36
67
183
-8
-84
-177
-34
191
123
-45
-55
-107
-23
38
53
118
-28
-126
-41
41
104
-17
-68
11
-5
-24
-16
12
29
48
26
-112
-22
101
174
98
-178
-257
12
245
-52
-25
-51
-48
86
58
-19
-86
-164
-25
193
57
5
-45
-63
-20
107
173
14
-86
-212
31
111
133
85
-87
-121
-88
1
148
64
-90
-66
-31
-16
1
13
86
116
39
-1
-80
41
12
-188
6
68
65
90
59
-242
-43
33
65
5
85
-62
-62
-8
-83
197
-37
109
-50
-96
14
96
87
-156
-116
5
229
74
-45
-54
-218
155
165
-43
31
-5
-122
-67
97
81
51
-78
-113
113
44
-19
-33
-24
30
4
98
-32
-34
-80
-106
80
1
96
83
46
-2
-97
-1
-36
91
123
-73
-95
-121
109
28
-66
104
-65
-86
-139
42
112
98
24
14
-186
69
51
56
38
-94
-44
-36
-21
12
89
148
-73
-181
1
164
90
47
-61
-137
-29
38
-17
-16
22
44
167
-29
-114
-55
-69
35
32
147
-20
28
-75
-103
103
68
-14
0
-18
-109
23
-6
20
-86
48
59
34
-84
-54
48
73
34
-70
91
35
5
-88
65
-67
26
49
-107
27
-46
110
-83
-57
-7
72
-65
-74
1
54
131
-19
-20
-36
24
53
71
16
-153
-60
159
85
-41
-39
-180
42
174
-2
67
-20
-122
-139
39
-10
18
1
-101
179
-79
-69
-43
56
53
-124
35
17
-12
-103
-9
55
2
75
-19
-72
53
108
69
64
-138
-85
48
88
51
-116
-49
-18
62
96
14
0
79
-34
-85
-99
-41
79
55
40
-6
-71
-12
49
-32
-8
80
19
53
56
2
-111
31
26
5
33
79
-9
-15
-158
-66
103
19
88
-1
-16
79
-100
-35
23
-9
73
30
-11
-53
-123
84
162
4
-44
-65
5
9
4
99
73
70
-96
-231
-12
80
65
9
-59
43
-5
-20
102
46
19
53
-19
-68
-4
44
11
-98
28
100
-20
15
-50
-80
-74
3
-5
34
-8
81
-46
-17
157
38
-74
-92
67
-15
-12
-9
-50
-46
40
230
155
-91
-140
-147
-8
138
99
45
-78
-157
-6
43
23
-20
-48
-16
73
-2
-109
13
17
141
-59
-49
-14
-48
73
68
-41
-41
125
-48
-142
38
168
81
-29
-67
-86
-18
92
3
-59
-114
-60
24
67
75
-32
-25
-22
-19
88
39
-79
-70
31
33
0
39
28
47
43
-57
-77
-29
49
78
19
-23
-23
-19
36
36
-88
-52
89
96
13
-10
-15
7
-3
6
3
-116
-21
85
8
67
80
-14
-36
-46
42
-92
-19
9
81
1
-73
1
-34
-20
-43
125
37
32
3
-40
-32
-27
88
79
39
-23
-102
-52
13
95
93
-9
-84
-127
4
61
-19
39
63
-58
-54
39
42
87
-38
10
-97
-94
-4
104
84
-29
-96
-83
-79
56
85
9
-24
-68
88
123
87
91
-184
-108
36
71
22
-49
-81
-1
143
-30
48
-117
-38
18
-15
39
-121
-32
-36
-10
80
90
-26
-84
-3
1
51
-26
-28
37
110
21
-40
-87
-38
128
41
51
16
-45
-34
112
56
-15
-43
-28
-30
-54
6
15
-5
57
125
0
-79
6
-21
33
-54
-68
77
-43
5
25
-75
59
-4
-13
129
55
27
0
-51
27
25
-25
2
-52
-55
8
13
46
-17
-30
-27
-83
5
80
26
-9
53
18
5
13
-20
50
60
25
-105
-153
-8
98
111
-3
-51
-31
-62
-8
68
36
43
70
32
-1
-45
-13
4
-40
-49
-85
-8
70
-22
-96
-64
-23
34
80
20
-39
-35
1
41
15
-27
8
1
-4
28
-33
-55
1
-14
-26
25
29
12
85
98
-67
-67
-50
25
-3
-21
-39
-18
82
71
25
11
-38
-41
10
45
-42
-73
-5
-2
-10
9
67
1
21
42
6
-55
-9
0
-60
1
20
57
-3
-13
24
-40
-12
4
-32
-87
-12
19
118
112
-45
29
-4
17
73
1
3
32
-10
-23
-13
-34
90
18
-51
-24
23
49
48
45
55
25
-20
35
14
-45
16
46
35
37
56
-15
-39
-9
-5
18
-13
-21
-53
-81
2
12
10
73
54
5
-25
-40
-31
-40
35
10
-21
73
-3
-18
7
-41
10
37
1
-46
-29
24
85
48
-70
-57
9
12
-17
-15
6
42
36
10
-8
-26
41
44
6
-18
-48
-53
-68
-17
10
-8
4
-7
-18
-24
-26
-9
-23
-21
54
9
-58
-9
18
38
8
-30
-12
-18
-22
-10
28
26
10
-1
-63
-32
-1
-40
17
-11
-58
-11
-29
4
3
-24
69
58
7
11
-1
-16
-12
-8
-43
-32
13
-6
-64
-32
30
24
32
31
15
-8
-33
9
45
40
47
10
-22
12
9
-18
-30
-9
25
-4
-14
15
26
58
75
46
20
2
-6
-3
-4
26
24
-30
-44
-44
-27
24
24
1
-16
-23
-24
-41
-42
-37
-58
-49
-15
-17
8
59
62
59
36
18
4
-55
-84
-70
-52
-48
-34
-25
-17
17
43
31
24
22
-19
-32
-23
-34
-16
-27
-31
1
2
20
42
21
19
43
48
51
63
72
83
88
94
86
48
27
37
53
68
68
52
59
75
89
98
76
58
67
57
29
19
30
41
34
43
53
32
30
48
53
57
39
24
17
-12
-31
-38
-42
-22
-27
-62
-88
-108
-110
-104
-114
-125
-128
-127
-122
-126
-119
-112
-98
-67
-84
-115
-126
-148
-163
-193
-207
-186
-185
-181
-166
-141
-115
-114
-107
-84
-77
-79
-98
-113
-117
-132
-113
-90
-79
-50
-3
66
149
247
342
438
539
643
729
755
743
699
621
488
329
192
38
-96
-187
-252
-258
-236
-190
-109
-41
32
115
183
204
200
219
236
198
141
111
90
70
53
55
23
-15
-39
-97
-117
-137
-173
-198
-213
-205
-210
-238
-247
-219
-211
-237
-281
-324
-337
-349
-348
-324
-279
-238
-226
-211
-186
-141
-104
-103
-127
-163
-231
-317
-392
-473
-547
-591
-617
-616
-572
-498
-421
-383
-383
-409
-463
-517
-552
-610
-621
-343
320
1077
1613
1994
2393
2673
2633
2384
2096
1703
1080
293
-493
-1096
-1375
-1363
-1265
-1144
-897
-560
-301
-97
188
446
438
202
-24
-192
-354
-414
-276
-38
195
432
643
804
982
1164
1184
994
742
512
262
11
-112
-71
13
58
174
430
655
688
624
547
354
0
-353
-591
-766
-890
-902
-824
-716
-548
-313
-106
34
111
66
-138
-409
-661
-872
-977
-921
-786
-688
-619
-503
-347
-247
-222
-228
-322
-544
-740
-828
-951
-1103
-1051
-827
-743
-836
-865
-760
-668
-717
-895
-1122
-1340
-1568
-1857
-2181
-2151
-1155
737
2543
3687
4672
5771
6298
5878
5115
4402
3282
1467
-579
-2261
-3317
-3668
-3457
-2994
-2375
-1538
-727
-223
221
859
1214
799
-5
-572
-947
-1282
-1228
-614
103
587
1073
1758
2448
2935
3055
2615
1728
780
-126
-1042
-1623
-1455
-913
-626
-427
91
778
1307
1667
1984
1964
1337
600
36
-618
-1183
-1389
-1425
-1366
-1106
-651
-246
-4
371
807
695
10
-613
-940
-1255
-1540
-1517
-1291
-1107
-931
-697
-414
-87
113
-22
-408
-783
-1079
-1339
-1479
-1453
-1372
-1362
-1381
-1247
-877
-463
-282
-428
-794
-1239
-1735
-2242
-2663
-2917
-3130
-3588
-3857
-2707
202
3561
5844
7126
8499
9590
9144
7648
6318
4934
2654
-381
-3153
-4917
-5526
-5101
-4154
-3211
-2223
-1215
-608
-280
390
1173
1064
15
-977
-1491
-1771
-1652
-841
310
1275
2001
2586
3129
3812
4380
4063
2744
1261
91
-1064
-2125
-2502
-2172
-1613
-946
-194
413
1097
2306
3518
3775
3268
2690
1814
290
-1238
-2149
-2680
-3031
-3012
-2774
-2520
-1833
-528
621
1026
1082
1053
542
-306
-725
-764
-1170
-1827
-1981
-1708
-1572
-1446
-971
-531
-571
-864
-1146
-1463
-1589
-1311
-1062
-1152
-1187
-1025
-1093
-1274
-1027
-667
-944
-1636
-2077
-2388
-2837
-2986
-2740
-2939
-3985
-4802
-3636
77
4529
7294
8581
10210
11646
10986
9052
7883
6711
3685
-494
-3969
-6174
-7021
-6317
-4880
-3913
-3240
-2167
-1158
-597
448
2043
2259
542
-948
-1093
-1117
-1260
-394
1095
1939
2434
3315
4135
4549
4810
4447
2776
506
-1128
-2105
-2857
-2996
-2294
-1639
-1627
-1383
-11
2007
3731
4785
4986
4164
2714
1327
199
-747
-1364
-1806
-2640
-3643
-3783
-2906
-1805
-751
279
702
329
11
236
509
463
159
-512
-1510
-2278
-2379
-2022
-1601
-1248
-1093
-1360
-1879
-2069
-1766
-1349
-1077
-1014
-1233
-1398
-1012
-358
-108
-267
-548
-1152
-2159
-3071
-3602
-3950
-4138
-4030
-3899
-4275
-5265
-5927
-4183
992
6986
10045
10559
11724
13487
13098
10649
8549
6777
3408
-1482
-5781
-7910
-7760
-6330
-5055
-4427
-3668
-2492
-1750
-1424
-256
1505
1769
116
-1370
-1471
-920
-114
1205
2537
3269
3744
4328
4830
5201
5251
4153
1690
-912
-2523
-3334
-3763
-3539
-2662
-1830
-1276
-429
878
2210
3477
4541
4547
3218
1737
1005
545
-126
-748
-1206
-1732
-2268
-2460
-2100
-1311
-456
89
87
-313
-502
-250
-143
-371
-419
-458
-1084
-1731
-1686
-1494
-1542
-1334
-1026
-1282
-1761
-1786
-1453
-948
-241
286
217
-100
-135
-101
-498
-1178
-1659
-1995
-2500
-3032
-3394
-3783
-4210
-4302
-4000
-3743
-4161
-5504
-6276
-3648
2572
8369
10739
11663
13551
14610
12728
9819
8177
6275
1927
-3725
-8028
-9741
-8989
-6928
-5372
-4639
-3356
-1548
-759
-515
1038
2875
2239
-388
-1978
-1643
-707
386
1929
3364
4028
4122
4084
4323
4971
4975
3110
73
-2392
-3842
-4621
-4519
-3454
-2145
-1378
-1209
-648
1344
3944
5011
4188
3196
2733
1930
849
690
1353
1339
169
-1110
-1639
-1456
-900
-505
-738
-1319
-1740
-2170
-2579
-2100
-698
197
-68
-467
-346
-233
-465
-677
-685
-790
-1269
-1917
-2132
-1692
-1058
-677
-439
-134
150
252
204
104
-152
-710
-1481
-2279
-3035
-3583
-3701
-3601
-3841
-4458
-4764
-4236
-3368
-3455
-5036
-6112
-3274
3598
9811
11976
12521
14283
15115
12622
9125
7123
4892
347
-5230
-9477
-11277
-10419
-7882
-5575
-4094
-2660
-1530
-1316
-630
1646
3317
2154
-63
-679
-163
219
1115
2894
4292
4593
4225
3569
3166
3458
3288
1207
-1787
-3566
-3997
-4149
-3918
-2750
-1233
-213
425
1014
1504
2119
3283
4385
4112
2528
1385
1791
2801
3159
2919
2429
1311
-506
-2097
-2853
-3045
-3082
-3222
-3616
-3831
-3095
-1540
59
1377
2362
2378
1384
555
212
-424
-1523
-2234
-2461
-2639
-2652
-2026
-955
116
1255
1301
604
140
228
471
-577
-1605
-2443
-3397
-4029
-4393
-4144
-3947
-3697
-3605
-3948
-4208
-3156
-1661
-1603
-2832
-4684
-3730
1448
7938
11450
11759
13220
14709
12855
8861
5959
4090
605
-4453
-9046
-11487
-11148
-8792
-6313
-4497
-2622
-870
-22
504
1883
3291
3071
1493
131
-215
211
1091
2384
3825
4516
3886
2804
2515
2821
2426
773
-1498
-3503
-4635
-4574
-3531
-2144
-827
253
867
1153
1708
2539
3099
3490
3925
3538
1941
1025
2338
4059
3749
2292
1495
414
-1961
-3860
-4008
-3742
-3860
-3755
-3596
-3356
-1815
756
2381
2792
3041
2676
1137
-222
-484
-794
-1893
-2902
-3261
-3208
-2477
-886
625
1195
1136
793
85
-592
-807
-1105
-2054
-3176
-3931
-4423
-4617
-4163
-3131
-2112
-1783
-2363
-3135
-3099
-2262
-1481
-1680
-3602
-6174
-5468
738
8371
12002
12490
13708
14783
12482
8190
5432
3470
-671
-6704
-11831
-14073
-12789
-8839
-4743
-2188
-542
769
1214
1503
3121
4926
4261
1500
-459
-682
-229
856
2839
4415
4391
3314
2157
1555
1916
2308
1056
-1542
-3518
-4215
-4150
-3166
-1268
359
928
935
1040
1504
2391
3216
3256
2678
2203
1999
2162
3289
4961
5300
3556
1171
-729
-2513
-4114
-4750
-4620
-4528
-4405
-3775
-2466
-269
2428
4202
4284
3425
2315
975
-275
-1034
-1633
-2599
-3768
-4432
-3975
-2474
-753
394
887
872
346
-401
-788
-768
-947
-1735
-2900
-3878
-4171
-3769
-3095
-2321
-1496
-1315
-2314
-3516
-3652
-2995
-2494
-2637
-3992
-6191
-6015
-512
7677
12826
13914
14370
14697
12219
7636
4350
2135
-1736
-6979
-11177
-13076
-12016
-8027
-3371
-370
1138
1945
1945
1699
2279
3204
2908
1130
-769
-1501
-848
784
2849
4531
4940
3956
2540
1819
1918
1882
766
-1289
-3260
-4239
-3956
-2682
-981
449
1073
942
774
1312
2444
3287
3235
2546
1923
1797
2129
2600
2935
2817
1761
-174
-2064
-3197
-3638
-3452
-2723
-2122
-1989
-1605
-503
719
1640
2347
2408
1404
159
-353
-541
-1159
-1894
-2290
-2621
-2973
-2804
-1877
-660
362
842
605
63
-161
-165
-447
-1010
-1840
-2897
-3620
-3516
-3027
-2809
-2612
-2382
-2313
-2374
-2472
-2701
-2577
-1962
-1994
-3458
-6297
-7000
-2546
5367
11698
13105
13347
14078
12713
8596
4501
2368
-764
-5823
-10283
-12170
-11368
-7614
-2767
235
1743
2147
1736
500
353
1679
1522
41
-1352
-1508
-444
1402
3877
5739
6000
4673
2828
1596
1348
1228
164
-1738
-3473
-4203
-3981
-2968
-1404
59
809
754
417
639
1786
3128
3808
3730
3075
2117
1706
2288
2937
2778
1988
617
-1411
-3130
-3461
-2737
-1831
-1104
-920
-1321
-1281
-95
1226
1617
1457
1141
245
-958
-1470
-1236
-1046
-1157
-1387
-1690
-1855
-1559
-863
29
894
1039
19
-1174
-1268
-698
-729
-1494
-2391
-3200
-3877
-4215
-4075
-3452
-2619
-2123
-2172
-2456
-2630
-2493
-1920
-1139
-1020
-2668
-5672
-6688
-2257
5904
11868
13190
13069
13289
11442
7159
3794
2087
-747
-5206
-9024
-10891
-10176
-6475
-1838
800
1460
1411
291
-1328
-942
1273
2045
735
-121
340
1259
2878
5130
6411
5893
4119
1745
-123
-523
-330
-888
-1976
-2902
-3592
-3716
-2737
-882
823
1384
768
128
521
1670
2713
3395
3715
3309
2141
1138
1179
1930
2264
1584
351
-645
-1293
-1815
-1781
-901
-191
-619
-1547
-1904
-1614
-950
-69
565
556
197
-184
-556
-556
40
421
-141
-1090
-1861
-2491
-2440
-1187
250
662
315
-166
-629
-842
-912
-1437
-2354
-3080
-3671
-4192
-4061
-3221
-2509
-2237
-1995
-1728
-1741
-1941
-2002
-1723
-1329
-2161
-5493
-8817
-6484
2417
10990
13783
13661
14501
14018
9677
4649
2132
114
-3941
-8618
-11214
-10543
-6820
-2061
950
1781
1644
178
-2608
-3631
-1196
1417
1347
545
1339
2866
4106
5579
6855
6427
4183
1337
-1050
-2126
-1679
-953
-1161
-1863
-2221
-2290
-2048
-1006
588
1605
1353
438
179
1187
2758
3914
4324
3975
2913
1578
638
249
7
-442
-1018
-1477
-1719
-1613
-913
269
1186
1079
-13
-1269
-1875
-1666
-1028
-396
28
187
139
68
70
-35
-488
-1302
-2212
-2886
-3128
-2784
-1647
114
1613
1989
1241
78
-818
-1382
-2056
-3003
-3854
-4417
-4740
-4407
-3084
-1531
-669
-458
-659
-1480
-2638
-3286
-3096
-2454
-2308
-3869
-6383
-5692
1094
10034
14498
14076
13249
12591
8959
3254
-221
-1163
-2836
-5842
-7920
-7822
-5755
-2533
134
1033
688
-635
-3284
-5147
-3156
1129
3297
3127
3563
4752
5113
4990
4954
4206
2425
115
-2049
-2737
-1360
278
523
225
298
-207
-1721
-2571
-1500
219
713
280
420
1409
2547
3502
4081
3824
2693
1182
-173
-904
-837
-540
-623
-595
124
631
-16
-771
-460
-26
-656
-1702
-2094
-1728
-843
257
1127
1633
1737
1174
119
-826
-1586
-2469
-3261
-3464
-3020
-2142
-962
328
1371
1785
1251
-143
-1614
-2449
-2827
-3091
-3052
-2679
-2299
-1985
-1746
-1690
-1584
-1426
-1800
-2728
-3485
-3704
-3318
-2152
-801
-834
-3117
-5687
-4305
2526
10089
13061
12609
12487
11597
7366
2377
291
-531
-2996
-5803
-6829
-6476
-5099
-2566
-329
440
208
-1248
-3860
-4751
-2011
1780
3768
4473
4999
4968
4263
3605
3215
2608
1468
80
-749
-382
698
1378
1425
1229
436
-1434
-3498
-4209
-3022
-878
766
1493
1993
2464
2556
2637
2981
2732
1430
-91
-1037
-1198
-604
270
962
1491
1495
349
-1235
-1786
-1334
-1012
-993
-780
-542
-437
-21
690
1149
1250
844
-477
-2040
-2611
-2397
-2279
-2118
-1660
-1323
-1177
-824
-188
445
583
-152
-1266
-1939
-2060
-2125
-2258
-2200
-2036
-1971
-2191
-2356
-2114
-1709
-1731
-1943
-1984
-2201
-2427
-2670
-2070
-1014
-939
-2606
-5521
-4886
1237
8803
12596
12064
11258
9909
6075
1472
-883
-1177
-2000
-3289
-3679
-3149
-2269
-1319
-905
-977
-1035
-2145
-4746
-5965
-3182
1482
4483
5528
5686
4816
3046
1711
1486
1564
1172
598
765
1838
2888
2956
2010
794
-700
-2758
-4631
-4892
-3440
-1329
482
1788
3001
3229
2478
1320
743
1363
1499
1309
1129
1493
2415
2579
2375
1643
347
-1455
-3349
-4062
-3446
-2211
-1171
-350
523
1253
1223
402
-429
-742
-627
-619
-878
-1246
-1560
-1708
-1598
-1310
-1229
-1639
-2137
-1887
-725
463
752
257
-278
-688
-1379
-2206
-2502
-2214
-1995
-2064
-2032
-1728
-1394
-1176
-1063
-1171
-1507
-1814
-2039
-2229
-1963
-1012
-377
-1500
-4325
-6193
-3424
3904
10265
11411
9792
8829
7138
3385
392
35
281
-284
-574
-221
-147
-532
-1048
-1733
-2375
-2887
-4000
-5410
-4851
-1473
2230
3949
4128
3663
2361
690
161
1178
2491
3063
3123
3275
3489
3210
2043
262
-1416
-2707
-3791
-4250
-3171
-867
979
1531
1565
1696
1483
737
227
595
1507
2230
2469
2407
2178
1618
720
-7
-324
-857
-1942
-2600
-1886
-468
404
601
584
247
-606
-1461
-1719
-1501
-1220
-958
-641
-434
-610
-1165
-1692
-1753
-1448
-1330
-1502
-1434
-875
-320
-239
-529
-955
-1512
-2016
-2065
-1674
-1163
-529
108
127
-512
-1101
-1524
-2142
-2664
-2663
-2324
-1809
-1221
-978
-1122
-1076
-720
-864
-2509
-5335
-6452
-2627
4703
9846
10155
8694
7876
6058
2695
747
1497
2475
2135
1818
2305
2300
600
-2406
-5108
-5999
-5296
-4556
-4053
-2440
324
2392
3004
3114
2797
1199
-913
-1409
277
2542
3880
4396
4704
4418
2880
703
-826
-1430
-1693
-1847
-1511
-566
88
-406
-1050
-344
905
952
257
313
978
1443
1823
2314
2477
1965
931
-55
-294
59
-115
-966
-1073
-49
466
-336
-1255
-1540
-1762
-2050
-1848
-1117
-419
-289
-763
-1221
-1222
-1236
-1600
-1736
-1310
-1002
-1374
-1962
-1993
-1401
-763
-516
-535
-471
-259
-112
-145
-266
-396
-627
-1113
-1804
-2240
-1981
-1312
-840
-651
-695
-1147
-1798
-2279
-2770
-3127
-2456
-864
-50
-1299
-3924
-5402
-2809
3764
9573
10210
7302
5192
4332
3036
2294
3285
3967
2816
1649
1834
2029
929
-1183
-3339
-4361
-3753
-2541
-1804
-1243
-531
-318
-684
-624
-47
-140
-908
-704
1037
2892
3782
4036
3918
3182
2035
1090
653
621
646
443
232
266
150
-430
-893
-688
-234
-160
-245
182
1056
1483
1074
501
192
-207
-622
-368
540
1318
1438
934
199
-285
-522
-954
-1513
-1631
-1286
-961
-743
-576
-888
-1813
-2516
-2317
-1656
-1254
-1187
-1261
-1401
-1537
-1604
-1518
-1155
-665
-478
-569
-348
310
679
272
-388
-683
-801
-1090
-1356
-1365
-1258
-1090
-799
-624
-820
-1230
-1604
-1872
-1868
-1470
-1074
-1065
-1068
-629
-146
-490
-2131
-4205
-3990
446
6192
8019
5654
3420
3073
2966
2939
4178
5433
4489
2362
1644
2359
2566
1154
-1168
-2729
-2710
-1795
-1220
-1427
-1695
-1727
-2093
-2278
-1355
-393
-802
-1506
-810
731
1754
2259
2644
2657
2148
1601
1711
2530
3119
2640
1520
789
746
893
697
162
-296
-572
-1030
-1571
-1458
-575
145
9
-552
-782
-652
-457
-16
766
1142
600
-43
116
641
626
33
-633
-1074
-1243
-1271
-1396
-1662
-1901
-1933
-1643
-1137
-785
-882
-1236
-1438
-1420
-1364
-1340
-1340
-1261
-1066
-847
-521
-61
270
98
-591
-967
-571
-204
-346
-530
-481
-364
-410
-570
-637
-581
-327
36
56
-304
-539
-497
-732
-1498
-1911
-1439
-1132
-2145
-4054
-4612
-1550
3761
6435
4390
1361
882
2028
3446
5496
7101
6191
3493
1973
2570
3381
3009
1740
94
-1174
-1211
-478
-461
-1632
-2723
-2623
-1920
-1554
-1651
-2123
-2680
-2694
-1907
-501
1164
2222
1892
867
623
1330
1978
2109
2154
2365
2282
1641
1058
1042
1159
905
404
-93
-421
-392
-279
-433
-364
89
77
-491
-807
-756
-763
-841
-850
-1036
-1349
-1212
-913
-1118
-1340
-1114
-811
-591
-316
-56
-19
-224
-397
-369
-253
-336
-742
-1051
-932
-717
-762
-1049
-1294
-1227
-1101
-1283
-1449
-1166
-824
-864
-937
-761
-488
-124
139
-11
-187
70
530
845
946
886
647
170
-235
-200
-33
-190
-675
-1359
-1924
-2112
-2246
-2647
-3383
-4125
-3265
431
4507
4984
2089
-195
301
2443
4779
6340
6017
3850
1880
1767
2781
3501
3441
2736
1241
-142
-60
328
-637
-2274
-2454
-1218
-537
-964
-1987
-2855
-3097
-2576
-1281
223
797
-195
-1692
-1993
-902
380
1221
1594
1677
1573
1189
930
918
1135
1551
1775
1732
1297
678
284
245
913
1627
1191
-219
-1318
-1164
-403
-57
-300
-837
-1253
-1481
-1561
-1365
-1018
-954
-1259
-1422
-1065
-445
-246
-576
-816
-620
-288
-281
-302
-394
-781
-975
-828
-417
-154
-144
-415
-928
-1079
-849
-469
-58
350
417
156
-115
-143
133
311
440
351
195
-55
-512
-662
-493
-90
-72
-523
-1022
-1398
-1441
-1347
-1107
-866
-712
-598
-614
-840
-1499
-2319
-1962
738
4005
4275
1293
-1107
-348
2169
4282
5170
4546
2744
1199
1071
2088
3298
3712
2745
1166
516
742
255
-1112
-1619
-621
373
55
-1205
-2403
-2991
-2852
-2047
-923
-226
-586
-1626
-2157
-1529
-368
352
376
92
1
215
434
484
719
1277
1627
1318
682
179
-179
106
1285
2311
1887
123
-865
63
1415
1459
103
-934
-817
-214
389
411
-32
-723
-1385
-1497
-1141
-561
-683
-1530
-1910
-1261
-360
-448
-1102
-1276
-851
-373
-83
171
185
-52
-127
124
337
288
36
-289
-338
81
615
811
629
220
-149
-148
136
231
-29
-391
-643
-624
-327
-186
-358
-421
-224
-203
-656
-1047
-983
-881
-812
-577
-623
-1055
-1451
-1669
-1756
-2297
-2579
-862
2280
3820
1605
-1578
-1533
1340
3961
4581
3434
1747
927
1237
2085
3018
3443
2791
1350
556
871
789
-333
-967
-87
1092
897
-699
-2225
-2464
-1513
-498
-464
-1122
-1602
-2004
-2317
-1839
-816
-477
-1106
-1743
-1502
-739
-436
-645
-654
216
1325
1615
1258
740
413
517
1398
2541
2805
2122
980
314
615
1272
1512
905
23
-415
-479
-345
-38
68
-444
-935
-1066
-1163
-1361
-1539
-1245
-829
-513
-562
-1056
-1395
-1454
-1015
-369
156
254
-147
-397
-237
273
593
514
361
349
442
516
683
1005
1248
1099
712
293
90
-4
-184
-307
-434
-370
-359
-606
-894
-1014
-840
-873
-1196
-1426
-1338
-1022
-920
-995
-1051
-1152
-1155
-1004
-1025
-1368
-1964
-2313
-1051
1806
3396
1437
-1992
-2620
140
3167
3750
2273
1262
1510
2199
2680
2859
2799
2299
1729
1499
1496
1223
476
-107
169
983
886
-734
-2438
-2492
-1104
-9
-259
-1294
-1928
-1802
-1431
-1198
-967
-726
-803
-1122
-1102
-613
-246
-352
-499
-151
502
702
180
-181
526
1701
2037
1608
1599
2158
2264
1632
1154
1415
2010
2229
1735
809
115
-35
-19
-163
-313
-441
-850
-1520
-1907
-1699
-1400
-1490
-1688
-1544
-1189
-1236
-1793
-1905
-1001
42
286
-125
-474
-268
187
276
190
410
764
892
787
721
934
1154
917
478
461
801
778
71
-651
-601
-73
8
-621
-1310
-1491
-1334
-1212
-1232
-1339
-1428
-1377
-1383
-1508
-1645
-1676
-1450
-1340
-1854
-2790
-2695
-692
1851
2169
-298
-2045
-852
1824
3102
2272
1220
1188
2047
2562
2383
1990
1950
2272
2330
2282
1995
1597
1206
1020
1548
1875
1201
-142
-1268
-1195
-225
212
-459
-1575
-1972
-1527
-1367
-1807
-2239
-1988
-1391
-1164
-972
-543
-271
-596
-1044
-522
762
1374
637
-201
301
1803
2816
2414
1510
1311
1816
2022
1288
731
1098
1781
1777
881
154
53
168
-21
-437
-615
-675
-957
-1375
-1490
-1202
-943
-1097
-1448
-1529
-1371
-1314
-1413
-1360
-974
-479
-273
-438
-540
-322
-128
-126
-3
394
720
731
497
275
237
349
431
337
298
271
240
210
31
-30
2
41
-210
-781
-1125
-1171
-1034
-1035
-1247
-1386
-1443
-1608
-1907
-1956
-1732
-1879
-2535
-2527
-992
718
499
-1314
-2012
-270
2083
2673
1511
597
1285
2756
3235
2414
1797
2384
3196
2929
1911
1352
1553
1911
2024
1924
1615
957
23
-660
-543
105
305
-381
-1237
-1450
-1123
-973
-1320
-1667
-1472
-919
-681
-980
-1368
-1317
-829
-250
196
332
206
-183
-356
186
1158
2009
2051
1545
1183
1213
1402
1248
1121
1359
1597
1363
703
213
189
433
506
172
-338
-590
-650
-923
-1300
-1265
-796
-540
-867
-1405
-1626
-1464
-1266
-1218
-1149
-942
-850
-1059
-1270
-1114
-713
-508
-591
-563
-171
282
383
224
231
554
898
917
647
422
389
416
398
363
263
31
-238
-436
-631
-913
-1177
-1271
-1216
-1156
-1221
-1436
-1648
-1626
-1396
-1369
-1786
-2092
-1380
188
1025
81
-1379
-1256
549
2081
1942
821
333
1082
2118
2316
1894
1978
2749
3095
2363
1368
1157
1673
2117
2074
1757
1453
1089
520
24
-29
160
52
-457
-942
-1037
-864
-832
-1072
-1218
-1006
-797
-984
-1267
-1094
-570
-268
-350
-433
-284
-153
-321
-574
-366
389
1007
911
491
509
948
1161
989
908
1133
1266
984
548
426
692
940
783
298
-108
-225
-284
-573
-956
-1060
-922
-997
-1421
-1759
-1675
-1393
-1269
-1297
-1222
-985
-832
-904
-942
-658
-244
-119
-291
-348
-61
301
374
190
74
144
231
229
265
399
459
279
16
-40
122
232
105
-60
-83
-89
-311
-605
-676
-541
-522
-802
-1038
-1102
-962
-942
-1243
-1598
-1695
-896
295
795
-25
-1203
-927
567
1807
1554
519
228
963
1917
2031
1698
1757
2202
2309
1680
955
855
1406
1949
1993
1633
1212
836
472
308
439
572
337
-158
-503
-540
-467
-518
-727
-938
-993
-961
-1035
-1187
-1138
-803
-488
-447
-539
-539
-493
-523
-518
-246
282
712
702
391
306
663
1021
921
577
464
542
439
192
197
497
641
323
-210
-514
-479
-384
-485
-666
-644
-488
-550
-858
-1052
-947
-711
-564
-615
-802
-906
-806
-637
-544
-514
-492
-449
-393
-347
-244
-17
162
109
-48
-53
90
216
290
330
315
231
148
124
211
328
312
161
36
125
151
-70
-344
-463
-317
-311
-580
-860
-906
-633
-594
-912
-1327
-1351
-451
518
563
-501
-1357
-715
548
1277
794
76
283
1103
1779
1496
1077
1299
1835
2055
1564
1149
1200
1498
1756
1658
1376
986
545
272
247
465
517
84
-457
-592
-327
-190
-463
-865
-1006
-906
-801
-805
-827
-781
-673
-586
-602
-679
-733
-607
-462
-259
71
214
146
-94
-127
156
463
615
412
183
112
91
162
378
598
605
389
-1
-327
-345
-123
101
118
-106
-363
-445
-440
-483
-570
-616
-529
-454
-613
-837
-820
-625
-436
-335
-356
-365
-314
-350
-368
-164
117
204
33
-139
-29
242
386
379
379
467
505
366
205
214
323
332
209
76
-15
-141
-315
-413
-316
-148
-228
-635
-1014
-1010
-719
-547
-715
-1036
-1072
-562
141
274
-356
-927
-584
411
1037
841
353
278
682
1083
1118
973
1062
1378
1492
1268
1046
1109
1351
1454
1305
1068
855
643
436
360
475
457
48
-431
-614
-558
-489
-637
-926
-947
-670
-520
-716
-1043
-1090
-730
-314
-180
-314
-554
-602
-437
-255
-92
10
-9
-143
-146
-15
200
300
208
332
515
626
545
320
325
385
388
291
216
333
443
381
180
30
-3
-41
-203
-413
-494
-412
-308
-333
-423
-484
-509
-492
-427
-351
-295
-250
-225
-218
-181
-111
-59
-30
20
103
180
181
103
49
92
135
110
100
137
165
122
68
-18
-145
-236
-207
-148
-174
-215
-368
-507
-634
-626
-525
-548
-544
-692
-731
-728
-804
-864
-753
-133
283
88
-531
-648
82
857
1094
599
266
485
1028
1306
1021
837
960
1217
1124
760
634
823
1026
943
715
610
615
495
368
323
443
448
99
-276
-511
-367
-225
-436
-785
-1008
-834
-649
-616
-569
-449
-247
-142
-274
-572
-682
-465
-146
97
254
256
102
63
245
464
540
457
313
220
199
184
194
339
577
679
479
111
-91
38
281
325
147
-11
-46
-91
-237
-359
-306
-150
-112
-297
-563
-643
-457
-207
-121
-209
-359
-481
-491
-326
-81
49
16
-54
-94
-137
-173
-135
-37
33
34
-11
-84
-171
-220
-198
-138
-136
-233
-323
-313
-277
-322
-384
-354
-284
-296
-408
-565
-703
-729
-638
-516
-468
-527
-568
-496
-273
-41
-52
-299
-390
-43
580
938
715
425
419
817
1269
1176
944
824
885
1049
1020
880
774
803
817
783
679
439
264
202
232
276
219
5
-272
-403
-284
-86
-66
-223
-394
-381
-237
-265
-483
-613
-581
-476
-360
-341
-321
-151
47
145
146
83
105
192
179
213
291
312
308
280
339
404
426
436
293
225
323
337
213
39
-7
76
152
107
-37
-99
-119
-173
-244
-262
-194
-115
-195
-455
-615
-613
-493
-358
-402
-452
-458
-430
-354
-363
-324
-272
-181
-102
-173
-160
-93
-29
-29
-82
-88
-92
-46
-86
-185
-180
-97
-101
-245
-396
-457
-376
-296
-357
-527
-605
-462
-268
-201
-222
-317
-407
-329
-281
-308
-390
-420
-130
204
288
80
-77
114
525
832
736
495
355
476
820
1004
1056
1052
1019
970
852
846
930
975
917
716
586
549
428
254
139
165
228
115
-148
-251
-117
-14
-132
-353
-483
-467
-402
-414
-468
-448
-334
-260
-300
-353
-283
-125
6
66
6
-32
39
172
345
391
357
316
259
254
235
304
414
392
305
124
7
28
2
-33
-49
-51
-78
-222
-414
-478
-321
-126
-147
-375
-587
-597
-463
-370
-371
-343
-276
-277
-383
-497
-433
-278
-195
-226
-343
-342
-266
-222
-196
-175
-76
-26
-40
-22
-58
-65
-83
-149
-178
-215
-208
-218
-315
-359
-299
-220
-219
-270
-327
-372
-401
-432
-425
-396
-302
-195
-221
-280
-300
-135
167
357
377
238
175
282
463
661
754
759
627
516
664
882
1056
1046
846
740
779
873
893
829
693
557
571
530
380
227
65
30
75
82
-84
-296
-329
-322
-299
-277
-330
-446
-523
-466
-317
-175
-128
-229
-375
-359
-252
-113
3
49
53
-80
-124
-49
45
164
194
204
227
234
210
204
233
256
248
139
19
-11
21
74
113
82
-29
-156
-260
-349
-410
-377
-310
-338
-452
-524
-497
-440
-368
-266
-197
-233
-365
-444
-344
-160
-68
-118
-208
-199
-177
-197
-175
-163
-164
-143
-112
-114
-139
-194
-213
-106
-60
-53
-115
-187
-102
-63
-71
-102
-166
-166
-113
-112
-215
-322
-261
-58
27
-105
-378
-465
-260
19
236
270
242
129
16
132
462
861
985
767
439
326
565
861
1011
1001
824
608
533
563
683
869
901
701
423
209
146
198
230
229
211
84
-147
-368
-472
-435
-322
-237
-285
-473
-624
-612
-469
-290
-165
-166
-258
-348
-352
-272
-133
45
127
148
102
-3
32
133
238
266
177
107
5
-33
33
59
119
175
151
113
15
-33
47
123
142
22
-173
-209
-146
-42
12
-86
-161
-273
-375
-388
-393
-359
-306
-260
-297
-388
-431
-352
-234
-157
-104
-184
-260
-289
-236
-61
49
57
-53
-156
-161
-135
-86
-29
31
22
-54
-136
-133
-31
3
-62
-190
-281
-204
-134
-138
-240
-385
-356
-255
-150
-113
-212
-268
-250
-100
132
222
164
23
10
245
553
747
719
578
463
447
568
762
964
990
768
466
352
496
685
760
567
323
173
60
108
152
153
128
-40
-203
-276
-283
-209
-125
-123
-203
-360
-491
-477
-377
-285
-261
-290
-335
-381
-365
-244
-83
12
4
-41
-35
1
10
60
152
224
270
263
263
279
296
278
303
326
282
250
127
50
118
179
155
-4
-116
-134
-139
-134
-120
-84
-96
-183
-261
-278
-265
-245
-211
-226
-310
-425
-459
-351
-213
-96
-85
-145
-211
-264
-285
-263
-100
-42
-99
-148
-228
-222
-176
-99
-41
-20
-10
-27
-93
-162
-162
-169
-157
-236
-257
-130
-114
-161
-268
-376
-413
-411
-351
-301
-313
-346
-325
-213
-17
163
241
209
131
136
267
516
752
812
671
470
396
523
754
940
971
814
623
430
375
541
703
768
581
192
-115
-163
20
190
250
114
-130
-305
-403
-334
-155
-62
-118
-255
-412
-498
-377
-201
-62
11
-67
-193
-285
-184
36
156
181
118
83
89
76
87
145
236
291
284
252
253
264
235
207
169
195
241
167
46
-54
-47
40
83
19
4
11
-106
-179
-285
-307
-229
-215
-188
-278
-352
-359
-345
-337
-356
-344
-387
-412
-386
-311
-238
-227
-189
-168
-192
-187
-142
-95
-62
-105
-145
-102
-99
-128
-138
-155
-186
-199
-201
-213
-244
-265
-276
-285
-205
-150
-199
-343
-445
-362
-268
-170
-111
-110
-132
-196
-118
42
161
197
118
107
196
324
449
548
655
655
582
525
545
781
996
975
804
548
447
548
642
683
613
422
229
58
-7
37
109
152
24
-123
-184
-285
-289
-214
-157
-111
-218
-316
-300
-241
-114
-77
-78
-98
-159
-168
-189
-124
-67
-83
-55
-26
21
77
110
122
157
166
150
171
197
217
210
210
199
169
107
56
66
92
59
-108
-204
-240
-245
-182
-190
-136
-99
-174
-249
-351
-386
-333
-307
-267
-250
-283
-283
-298
-295
-235
-241
-264
-284
-322
-272
-203
-172
-144
-141
-126
-76
-64
-121
-143
-117
-29
42
7
-23
-71
-90
-111
-188
-224
-280
-297
-284
-298
-288
-308
-249
-181
-229
-267
-305
-278
-201
-91
125
248
227
161
80
130
317
528
687
647
540
490
478
617
761
835
835
705
578
510
542
600
582
544
489
383
290
248
193
113
10
-22
-4
-37
-98
-153
-170
-209
-218
-227
-282
-258
-270
-295
-265
-243
-147
-83
-131
-94
-51
-47
-22
-50
-41
-29
27
158
143
100
74
76
167
134
111
150
108
124
95
6
-16
-22
7
-10
-63
-86
-129
-131
-143
-163
-203
-293
-340
-363
-332
-296
-348
-375
-363
-307
-250
-253
-228
-186
-192
-165
-128
-156
-130
-73
-70
-84
-122
-92
-55
-14
40
-12
-48
-76
-96
-57
-7
-6
-62
-69
-131
-184
-131
-119
-97
-75
-133
-174
-176
-191
-185
-199
-182
-118
-125
-119
-75
-50
12
97
187
277
270
238
309
382
424
461
468
473
499
485
489
574
604
606
602
561
508
418
346
304
352
332
229
166
70
56
66
9
-50
-85
-113
-120
-137
-166
-124
-148
-142
-78
-85
-115
-193
-214
-228
-246
-178
-141
-72
-17
-53
-47
-68
-98
-128
-209
-153
-17
50
37
-14
-36
-115
-156
-148
-145
-92
-116
-127
-117
-176
-184
-183
-205
-186
-202
-200
-147
-158
-127
-136
-177
-99
-75
-54
-46
-70
14
26
9
22
-21
6
30
21
18
-53
-123
-121
-95
-35
2
-66
-65
-100
-161
-88
-82
-43
-45
-129
-43
-27
-108
-118
-170
-145
-59
-60
-40
-55
-89
-76
-105
-72
-16
-12
-14
-3
52
112
162
214
253
275
290
327
312
297
328
316
353
336
247
256
215
214
353
427
421
280
109
78
143
251
253
166
87
8
30
54
47
11
-84
-101
-96
-79
-73
-103
-65
-27
-19
-47
-82
-86
-72
-39
-9
11
38
96
92
14
-48
-127
-188
-168
-113
-59
-88
-183
-165
-105
-107
-112
-162
-216
-193
-133
-74
-62
-106
-104
-50
-76
-111
-141
-156
-45
-35
-94
-106
-183
-125
-100
-181
-181
-187
-99
16
23
-31
-117
-108
-2
11
-3
5
-29
3
25
76
84
10
-7
-77
-69
-23
-52
-81
-138
-93
-33
-83
-101
-89
-71
24
49
-21
-49
-13
11
-33
-26
16
76
146
117
67
24
32
159
233
240
268
305
324
333
315
267
275
274
291
325
314
329
264
234
227
154
90
37
57
105
165
123
44
33
-37
-60
-82
-100
-67
-60
-21
-27
-27
7
-64
-131
-165
-160
-107
-98
-43
-20
-134
-158
-69
-26
-46
-117
-179
-187
-96
-5
-54
-83
-91
-71
-34
-148
-219
-183
-122
-38
-40
-87
-108
-165
-201
-165
-141
-147
-150
-106
-50
-43
-38
-32
-18
18
12
-53
-48
12
40
92
62
-28
-47
-62
9
43
-23
-75
-129
-20
75
57
5
-73
-45
-52
-65
-59
-46
-24
-12
60
51
18
13
-1
-10
20
37
42
85
60
69
60
43
114
144
153
117
83
90
101
163
186
175
164
140
141
170
151
71
97
137
130
139
34
3
65
76
66
20
20
51
53
-8
-75
-96
-62
-1
2
-40
-102
-94
-4
36
-4
-72
-113
-85
-23
1
32
-8
-56
-10
4
23
-17
-107
-59
12
52
38
-39
-18
-18
-72
-41
15
38
-3
-83
-97
-45
17
7
-72
-106
-116
-121
-99
-79
-69
-117
-152
-121
-64
-7
-45
-113
-101
-23
43
19
-18
-18
-35
-20
17
-32
-91
-76
-23
54
89
35
-55
-105
-68
-1
9
-8
-19
-51
-73
-49
27
93
67
34
60
23
-40
-16
3
9
43
13
-8
45
75
87
99
65
45
55
40
69
168
211
169
129
126
139
131
81
36
28
56
114
154
118
48
8
6
9
11
16
23
9
-43
-74
-55
-17
-14
-40
-77
-90
-85
-65
-28
-60
-76
-131
-178
-113
-42
35
-50
-87
19
55
70
2
-38
-57
-68
31
32
44
63
22
37
11
20
37
62
51
-54
-49
-34
-63
-20
-101
-165
-76
11
35
70
67
-81
-9
-40
52
5
25
-14
-77
33
-80
27
20
-37
42
-34
-51
95
77
26
76
-86
20
-30
-15
46
-23
83
40
-15
11
-176
-24
26
-65
25
-68
-68
-36
-46
29
-49
-23
45
-59
-35
-6
-44
-8
11
96
91
51
19
-51
61
71
60
194
102
-35
78
72
49
161
63
29
20
17
101
141
135
32
102
54
32
85
-49
60
40
-50
-16
-63
-14
-46
-107
-45
-39
-54
-52
-145
-132
14
-11
-26
11
-102
-110
-70
-65
46
-32
-29
3
-155
51
99
-117
-52
-54
-135
49
157
-23
44
12
-117
40
-28
-2
100
-5
18
-1
-6
107
29
-46
35
-4
-35
-25
-32
38
14
-56
-44
-29
11
27
-68
-90
7
28
14
25
27
92
118
29
-30
-31
8
24
-2
-7
-44
-53
52
90
107
109
-46
-88
-97
-96
31
7
16
64
-12
4
23
36
-8
-87
-36
-12
1
-38
-88
-18
42
93
61
7
19
52
60
67
55
52
87
24
16
-12
34
106
91
109
0
18
-45
-65
39
-43
-7
-45
-44
101
92
-5
-7
-25
-108
-54
-20
17
6
-91
-58
-83
-64
-18
-85
-13
55
3
-56
-68
-89
-104
-54
-16
25
-10
84
83
18
15
-195
72
145
-35
158
-85
-142
-140
-79
225
-120
91
179
-113
287
-28
-75
136
-191
106
22
-159
153
12
21
19
-102
187
114
14
84
-140
-15
98
-24
22
-27
-22
45
62
72
12
42
-22
-41
91
29
-47
-14
9
-31
-27
-35
-119
-60
59
53
-42
-10
-59
-151
78
51
-99
24
-5
-90
-48
120
-39
-207
162
52
27
100
-55
56
58
-43
49
42
-159
133
-200
33
104
-96
239
52
-22
88
-94
-67
108
-138
45
-31
-150
133
-7
161
43
-15
-24
-1
36
75
-25
-118
-128
-73
50
118
-27
-69
-98
-131
-54
2
3
-25
-81
-140
-35
-28
-92
-34
-17
46
-11
27
-55
-33
127
-21
123
82
-132
-15
59
83
186
83
-94
53
-19
178
182
35
167
-98
45
62
-46
36
47
-158
62
2
25
93
-55
-50
46
75
-105
101
-131
33
166
-143
171
-63
27
110
-5
22
-52
-30
-112
18
-50
27
-19
43
-1
-167
69
-140
82
-69
-88
32
-171
24
-88
-72
68
29
-67
151
-169
21
100
78
-75
-15
-171
-93
-15
-111
114
-23
-104
8
84
-137
75
-7
30
156
-37
128
-35
-95
48
-81
15
6
-63
64
48
130
256
-34
113
47
-201
113
-95
-39
210
128
-63
8
90
-74
141
-3
-74
-21
-148
-135
160
-165
39
93
-149
57
-22
-140
134
-5
-56
33
-14
13
75
-38
15
67
-105
76
72
-94
134
-50
42
107
-139
48
-78
-69
87
-88
154
99
-76
147
-97
-61
73
164
-1
104
-80
-31
-21
-63
94
-124
-18
-65
62
-14
35
47
62
50
-69
-5
-105
-50
34
67
50
-42
154
-75
-36
47
-248
267
82
-232
209
-204
-114
157
-170
73
76
-157
101
-84
-112
139
-65
193
-39
-159
76
-197
124
-54
-81
102
-235
60
-3
-17
178
-28
62
-216
-77
22
-137
131
-130
10
-15
24
26
-62
-16
16
-47
184
-5
-25
234
-150
-9
-69
-39
15
27
158
-180
20
191
-84
247
-82
-79
129
-152
160
-91
-142
89
-33
261
-31
-49
-25
-151
190
-86
56
58
-43
254
-117
66
-52
-185
174
-150
66
127
-199
198
-61
-42
269
-199
167
-120
-79
151
-29
53
21
-66
-8
9
-9
66
-111
-1
67
209
2
-106
-57
-111
99
20
-44
173
-202
4
274
-119
74
102
-94
-90
-137
-131
129
-183
116
-60
-218
114
-130
157
80
-185
17
-79
-121
174
-187
70
34
-159
217
-202
-52
132
-196
134
14
-147
133
28
-58
154
15
-130
-87
-63
27
141
217
-33
125
84
-128
140
-67
-36
148
30
-22
102
-120
168
75
-29
140
63
-44
57
-8
-175
114
-120
21
67
-1
20
-128
47
62
-30
41
-15
-55
-120
69
27
231
-160
-39
-6
-55
173
-58
9
67
-214
28
62
-101
-34
-90
-59
-35
-81
96
37
-32
29
26
-56
-74
49
34
-30
-63
-8
17
54
171
11
-66
-95
-115
60
48
134
86
-123
7
-61
-23
60
-199
-33
187
-39
126
231
-168
100
-19
-265
222
-170
-212
285
-25
-81
169
-143
-115
247
-25
-17
3
-64
34
-91
78
-2
-10
134
-125
73
133
-208
59
168
-75
-21
-38
27
-37
-14
78
-60
45
-72
-11
-24
-120
88
-48
-47
0
-37
0
127
27
1
91
-131
44
-3
30
120
-101
72
47
50
46
-57
2
1
26
10
-13
15
77
35
0
30
22
39
21
-32
-51
13
-14
-109
-96
58
97
19
40
-56
-112
-74
-6
-42
9
129
-114
-64
38
-20
14
-82
-25
9
79
129
-55
-106
-57
-25
6
24
11
-20
-51
17
93
-33
-28
39
-44
32
69
-1
77
106
-31
-4
130
-77
-80
62
-162
-29
101
27
239
2
-37
-23
-102
41
-48
11
-38
61
10
121
-51
26
15
17
71
-36
80
-80
-63
-86
48
106
35
14
-141
-127
122
5
24
-42
-79
-52
3
35
50
16
-79
-29
12
200
-43
15
-79
-62
-14
-18
-77
-53
92
46
115
-32
75
-31
32
32
2
-17
1
-3
41
100
-42
-9
-65
-4
-49
18
-40
46
-78
40
44
-53
-93
-44
37
-76
-96
-2
80
6
6
101
1
-28
-131
86
-27
20
30
-129
97
-140
96
77
-18
9
26
-37
64
9
-25
86
-31
52
-47
41
-74
70
237
-157
64
-126
13
99
-18
117
-54
-12
62
88
3
22
-4
-8
-25
70
7
8
53
6
-103
41
-113
-170
204
1
60
142
-170
-20
-65
53
-49
-122
204
-98
-58
70
-121
-31
109
-75
-8
60
-151
37
-6
-64
91
49
-279
68
-61
2
216
-12
-16
-11
-134
16
-73
24
123
-104
52
-4
-160
79
40
12
37
-13
-137
94
-201
55
68
-106
205
115
-33
-49
49
71
18
-95
54
36
58
21
-50
166
55
-5
214
-215
0
3
60
2
-38
-28
-82
8
-15
59
-44
30
-54
-48
101
33
41
62
-12
52
-96
-83
15
63
-13
-27
-15
-49
38
-5
26
-19
-65
-34
-104
10
8
-1
-11
-65
63
58
27
50
-129
-86
110
58
55
3
-41
66
37
26
52
12
-14
-24
21
1
-25
60
8
18
119
45
34
-143
-90
128
-37
145
-121
-96
73
-233
132
-28
-166
115
-46
-111
99
-119
65
-111
-36
25
-74
49
-17
-40
59
-110
32
78
-104
70
14
-64
105
-21
84
42
-101
41
-58
37
139
25
91
3
1
28
-27
40
-35
45
30
-18
86
-103
102
67
-183
170
0
-77
88
-179
131
-12
-170
269
-62
6
145
44
-127
-14
25
-131
150
-18
-165
52
64
-36
127
-89
-239
128
-192
-49
165
-177
91
61
-86
183
-103
-42
112
-66
-16
73
39
-62
54
-8
-110
79
-2
39
171
68
-126
-7
-88
-10
39
-37
41
55
35
18
1
-60
50
60
41
-51
-11
7
-16
58
-19
-89
-91
-41
117
31
-29
-24
-64
25
-41
-2
97
-86
-4
-18
-144
2
-7
8
8
-41
-35
-57
-24
-4
31
-67
-65
-86
26
87
-66
80
-23
39
92
44
99
67
-47
-23
50
59
115
15
-21
-5
42
7
10
63
-94
61
-2
106
-9
-33
3
-103
23
44
93
-44
51
24
-6
20
51
-73
13
-14
-66
114
-67
-45
30
94
142
-42
-73
-81
72
7
46
13
15
14
-57
-8
64
48
-33
-69
11
-36
27
25
23
-25
-20
-56
-58
13
-137
5
62
-89
-6
30
22
110
-69
25
-62
-44
134
50
56
-74
12
-45
-16
15
-13
-52
-1
-60
-66
99
-52
108
43
-3
45
-59
-41
4
-9
-53
4
3
44
65
3
-21
62
-51
80
-5
-42
6
-111
24
-9
61
-27
11
-41
41
45
49
8
0
-44
-28
65
15
40
-7
14
-42
42
-1
15
-8
-15
-33
27
10
-44
18
-68
-15
4
-1
-20
23
-1
-48
-5
5
-25
-38
-23
34
5
-72
-23
36
17
63
49
36
-53
3
-19
-69
13
-53
63
-23
43
-27
59
2
35
50
-34
0
8
16
-10
116
-51
3
-38
-62
-10
-80
90
30
53
47
10
5
30
-16
8
13
-57
-35
-25
62
-47
18
10
73
56
-42
49
-16
-34
2
-49
-95
-27
7
60
-95
-62
22
92
93
10
37
-87
-63
-5
-13
101
48
-121
-3
-26
-39
134
41
27
104
35
40
-83
-30
14
-69
11
67
20
-57
-34
-4
29
60
41
9
-55
-50
-31
35
94
-7
-55
-135
-11
43
47
-15
-70
61
-69
-19
61
-19
63
59
14
-51
-61
-30
44
4
-44
-30
-25
68
21
-26
38
76
-28
-30
0
-9
-28
-33
45
33
-65
-9
45
-12
80
-2
12
48
11
63
3
-28
-19
30
-11
-3
11
-2
32
-69
-43
9
-9
-31
56
102
53
6
-78
-77
-12
-58
33
-31
-69
50
45
-23
-21
-65
33
38
-61
-35
-24
49
-43
31
102
-79
54
-45
94
129
5
38
-48
-85
6
69
15
100
20
-10
-30
-38
102
100
27
-17
-83
16
-12
4
19
-38
-60
-62
8
56
134
59
11
-16
-59
114
-47
-102
56
-89
18
43
-53
66
-82
-32
96
-69
33
71
-54
82
-59
-135
59
-62
43
-6
-114
56
0
28
-44
-57
24
23
36
-73
-58
-31
-23
8
57
30
6
7
-82
28
48
-13
26
10
41
-20
-51
12
-6
19
14
5
46
-5
-53
-37
10
1
-14
8
-29
23
95
6
-65
-69
-48
73
114
2
-38
-16
30
85
27
17
25
-37
-44
-22
-23
-8
33
-20
71
102
-27
10
-24
11
2
-34
47
-7
-53
-71
-5
69
77
26
10
30
-5
16
-34
0
43
6
51
-12
-59
-25
16
43
-3
-14
18
49
52
-25
-58
-23
-27
-5
21
-19
-18
-15
16
10
-21
-14
34
41
-3
-41
-14
63
-15
1
-79
-63
-60
77
42
-21
-38
-24
23
66
54
32
-43
-116
-58
-61
-8
57
-36
12
-5
22
59
7
38
5
-58
-19
4
-15
79
43
-5
70
-19
-28
-24
-7
81
38
45
0
-37
20
3
76
73
-38
-43
-28
-53
-68
7
60
61
-8
-22
14
-1
64
27
-49
67
-2
-44
47
-44
4
93
-36
-91
93
-31
47
-5
-62
113
58
-34
-42
-36
-10
60
-94
37
38
-53
-38
-38
17
60
20
-57
8
-31
80
-46
-86
-37
-49
18
-31
36
-25
82
96
-66
-20
-44
-16
-30
-70
-40
-30
62
187
-20
-46
-49
-54
89
-51
66
-3
-19
-81
15
-23
57
110
-35
75
-128
162
12
41
-94
-61
10
-9
176
-96
19
59
32
-39
-35
11
34
17
-57
117
-246
142
101
-159
132
-54
57
-4
-116
89
-11
-83
132
53
33
-114
-42
53
-28
11
0
41
-46
-5
20
12
-34
-8
14
24
48
-18
-41
-88
49
19
-11
-121
97
143
29
5
-128
44
31
-12
-57
-2
4
-9
-17
34
34
-23
10
-24
-14
12
40
-41
59
-25
-17
47
-78
-83
-34
-17
-8
4
18
3
4
6
51
31
-43
-91
-51
36
43
-16
-28
-2
18
28
16
81
43
4
60
-14
10
9
-17
40
1
-45
9
34
-10
17
47
-4
81
-22
-104
50
-40
-86
41
-32
-22
161
-87
57
33
-25
14
49
-74
130
-20
-122
71
-79
52
38
-13
23
-45
55
25
-59
-10
-63
12
50
13
-48
-24
-30
-31
-8
-47
27
90
28
-53
-54
26
32
23
29
8
-25
1
26
-24
22
31
-10
11
6
34
-29
-29
40
49
72
-4
-42
-17
0
6
-29
-38
1
23
6
12
0
13
-19
-42
-25
8
72
23
14
-58
-81
51
-13
-20
50
-11
-49
-6
62
47
21
3
-30
-26
-66
-31
22
-16
4
-15
16
160
-17
-100
9
-73
-18
78
-18
8
93
-40
71
-23
10
-23
-27
6
-104
57
90
-21
49
-20
-147
87
30
-8
-38
-27
-71
-161
83
20
-9
117
-5
48
-112
39
1
6
2
42
-38
-95
2
60
96
-53
9
27
49
14
-45
68
2
-173
121
-54
14
77
-4
-34
-36
79
37
54
12
-35
16
41
-188
57
-18
-46
142
20
72
29
-117
54
13
-52
-98
110
-65
-55
139
-26
-46
-19
28
149
59
-49
-40
-73
50
-42
-92
45
101
34
-79
-35
49
-24
-7
-16
101
8
27
-46
-109
22
39
137
-116
-28
78
-51
73
24
-57
53
52
-91
39
-33
50
-64
-34
-10
-3
39
-15
-47
-14
88
5
61
-98
-1
-33
-68
62
-1
14
-18
4
-2
34
54
-25
-13
-41
40
-17
1
-31
-7
138
106
-86
-42
-64
-57
76
-10
20
64
-43
-32
21
55
58
6
-72
-22
1
38
10
26
-7
-3
-21
-11
45
74
-16
-2
-82
24
44
23
7
-39
-48
37
102
-58
-24
-43
-68
69
-9
-41
54
-39
54
-3
-46
38
8
-8
-32
26
-17
-3
14
6
1
38
10
21
46
-40
-7
-14
56
28
-67
33
-2
-43
21
7
26
-24
-3
1
5
9
-24
52
-4
-79
24
37
10
-14
-23
-13
6
20
-16
20
9
6
-11
6
-11
32
6
16
7
-15
4
-43
1
-8
21
4
0
-29
-17
-3
-8
-12
-58
3
18
41
9
-13
-6
35
14
20
-15
0
-26
17
57
21
8
-41
-7
-36
54
11
-10
-2
-40
78
21
-6
3
-31
4
12
-23
-18
12
36
-39
6
52
-8
-4
10
-58
-26
15
30
49
24
18
-3
-46
-34
-19
23
40
-2
-44
-25
70
38
2
-6
1
2
10
-69
44
50
-12
25
-17
34
38
-53
-40
-1
42
-3
-4
31
1
15
-17
-36
9
30
-1
-15
18
-36
-5
31
-6
22
6
-16
2
-2
-23
11
-11
-27
41
30
1
-5
8
-17
-25
19
35
50
-9
-37
-12
-25
5
31
15
-1
-26
-41
-26
3
36
27
0
-5
-26
-17
36
-11
10
0
-44
28
-11
21
38
9
-41
-32
-22
47
8
29
27
-70
9
-18
20
59
-8
23
-21
-58
-2
7
62
30
-8
-23
-27
-17
34
-23
47
-11
-75
12
-23
23
44
5
-53
-46
-7
32
79
2
-31
-16
34
-5
-5
11
11
46
-18
-39
-34
42
41
31
-33
-37
-20
-3
22
4
8
-5
26
4
-10
-25
7
-18
-1
5
9
24
1
40
-20
2
-6
0
0
2
26
-12
-25
11
3
10
18
-48
-20
-8
-2
29
-24
21
-7
-2
5
-16
6
38
-35
21
-6
-8
35
6
23
6
-25
8
-16
-4
26
27
6
-32
-12
21
14
-2
-13
-2
6
-5
-3
15
7
-13
-24
7
11
-20
-7
11
20
3
17
-13
-16
8
-31
32
21
-13
-1
-8
46
10
-32
-3
-17
12
24
6
-26
-14
47
14
-3
-64
14
16
3
-1
28
16
-52
5
-9
36
6
-26
-3
-10
51
17
2
3
-17
47
-40
-37
11
41
26
-31
-16
-10
21
-2
6
21
-37
20
-38
41
-7
33
41
-75
23
-25
29
46
-19
8
20
-16
5
16
-3
30
13
-33
-13
5
18
39
-16
6
-47
36
-18
-2
47
-26
59
-71
5
26
-16
13
-11
39
-12
-11
-4
2
32
-26
21
13
-27
-10
7
46
-1
-11
1
-29
38
-23
17
29
-20
7
-31
25
4
4
25
-17
-9
-2
-6
6
3
14
8
-24
-27
-5
19
14
25
-13
-23
4
-30
32
-18
28
7
-59
24
-23
21
17
-17
5
-43
5
-10
26
9
15
-26
-29
21
-11
52
-29
8
-9
-36
26
-8
37
1
-13
-3
-34
21
0
34
4
-12
-21
-13
17
-19
28
-7
-1
-3
-28
41
-8
30
-28
-17
22
-10
26
-18
-4
8
0
-9
-6
20
-1
-7
5
-22
18
5
-18
29
-8
-17
-5
10
15
-6
18
-17
-23
37
-11
37
-13
-7
18
-21
26
2
31
-8
3
2
-26
43
-5
17
14
-16
11
-19
13
20
2
5
-23
24
4
13
16
-17
16
-22
18
21
-9
40
-19
-5
-9
0
37
-16
-2
47
-30
0
6
3
52
-34
-9
5
1
10
-4
29
13
-31
0
-7
40
9
-39
32
-36
16
-3
-1
22
-31
22
-38
11
21
-24
28
-31
3
17
-37
32
-19
2
-11
-9
37
-35
33
-1
-17
21
-43
22
11
-26
46
-28
4
-3
-11
32
-14
17
-10
-6
7
-28
60
-26
5
6
-24
23
-27
31
1
6
0
-26
11
10
4
22
-28
-5
1
-28
40
-18
14
-2
-22
23
-24
22
-3
-6
11
-21
14
-4
-3
23
-9
6
-13
-8
3
13
17
-24
-8
-11
-6
7
-9
51
-31
-1
5
-8
17
-1
4
14
-19
5
-16
15
6
7
11
-19
7
-25
6
13
-2
-1
28
-30
0
16
-22
49
-20
-1
29
-43
2
35
-12
25
-5
-23
11
-15
18
18
-7
-5
-1
-18
-7
27
-9
-1
2
-22
66
-60
-20
67
-14
16
-40
-1
31
-40
21
38
-15
0
-32
4
34
-21
-12
41
-69
20
-2
-3
37
-51
41
-7
-6
-30
3
40
-19
35
-55
39
-9
-31
46
-26
36
-19
-24
19
14
-7
6
36
-6
13
-53
25
31
-20
28
-7
14
-19
-6
23
0
6
23
-32
5
5
-5
20
-2
34
-2
-16
30
-24
-8
40
8
-21
5
-29
43
-3
8
23
-14
-18
-10
35
2
5
-11
-4
-6
-5
1
21
6
0
6
1
-5
4
4
53
0
-22
-2
-9
24
-14
25
10
-12
-20
17
10
11
1
-10
2
11
-23
25
6
-15
23
-27
10
7
-17
15
4
33
-21
-4
-8
6
16
9
-14
15
-17
4
9
-8
1
-2
-13
17
2
-10
5
-2
-3
1
0
-1
-5
16
-7
0
-14
-10
21
-14
17
-12
-2
16
-29
9
28
-23
25
-20
6
27
-27
-2
8
8
-3
2
-10
4
-8
6
19
-4
-4
4
-4
1
8
-10
23
-9
2
4
-8
6
0
-11
7
9
-7
5
-7
-13
25
-21
1
20
-36
31
-12
-1
20
-17
14
10
-3
4
-8
-12
4
-3
19
-3
-10
-6
-7
8
-1
8
-5
14
-22
6
12
-11
23
-8
-2
17
-7
-6
3
-4
17
-11
2
-5
6
14
3
6
-1
-8
-3
45
-22
8
-4
-21
41
-30
33
-8
5
-9
2
14
-1
17
3
17
-1
-15
-1
5
-10
56
-24
-2
5
-23
53
-13
7
6
-13
1
-13
24
-7
11
8
-3
1
5
-8
9
22
-27
24
-17
1
21
-16
12
-2
-6
2
29
-6
13
-11
-6
11
-5
-6
19
-4
-1
15
-8
11
-12
-2
19
1
-5
8
-25
25
-1
2
2
-6
8
-1
9
-6
0
-4
8
18
-5
8
-29
4
4
5
4
-10
4
-8
10
-7
12
10
-4
9
-7
15
-15
12
3
-7
2
-17
11
-3
-5
24
0
-13
-4
-6
8
-15
8
3
-4
-2
-1
11
1
5
-4
11
-24
5
7
-2
3
-14
7
-22
-8
10
3
8
5
10
1
-15
2
7
-14
19
-12
5
-1
-11
20
4
-2
13
-2
-7
5
5
3
3
-15
3
8
-9
21
-2
-5
13
-7
4
0
2
11
2
-10
20
-1
11
-4
4
-3
2
-1
16
-3
-19
26
-8
10
4
5
7
4
1
2
7
-12
19
-7
7
9
-6
12
-11
7
-4
10
-2
-2
5
-1
19
-19
8
-11
0
21
-9
11
0
-11
3
8
3
11
1
-6
0
2
1
18
-5
0
-1
-8
15
-18
5
2
-8
4
-16
7
-8
4
-19
6
3
-14
17
-12
0
9
-25
21
-9
-2
16
-15
13
-9
-11
2
2
-5
9
-9
8
7
-16
13
-8
1
6
-10
1
-14
-4
5
15
4
1
-13
-3
10
-6
15
-20
22
-10
-1
10
-11
14
-13
23
-4
5
-2
1
12
5
2
3
9
-4
20
-7
17
-5
-1
12
-1
4
8
5
3
9
-5
7
1
1
3
2
7
-2
1
0
3
8
-6
19
-6
14
-2
3
7
1
10
4
6
1
3
3
2
3
-4
6
8
-11
16
-2
-3
15
-6
7
3
-7
9
-4
7
8
-3
7
-7
2
7
4
-5
7
-9
2
7
-10
5
-2
6
2
-6
-2
-4
9
-1
2
-2
-2
14
-12
14
-9
-1
11
-13
22
-15
5
-5
0
11
2
5
-8
4
-10
7
-3
5
-1
-2
-7
2
0
0
4
-5
9
-6
-1
-5
-11
6
-4
8
2
-1
1
-10
1
-6
3
1
2
-13
4
-9
0
5
-4
