6
-1
11
16
1
-18
9
1
13
19
-6
6
-9
-5
1
11
-11
1
13
-7
3
-2
-11
5
-18
15
2
-5
22
-8
9
-13
-23
27
5
-4
9
-6
24
-9
11
12
-19
-4
-23
-6
15
-14
-14
17
2
3
6
-5
-10
-3
11
6
5
-17
7
24
-7
7
7
-6
14
-7
5
15
-14
1
3
7
-8
-6
18
-31
5
28
2
3
13
-5
-21
2
8
1
-13
3
0
-13
-6
-2
-4
1
-5
3
18
24
-14
-14
8
-20
20
10
-25
4
6
8
21
-6
-18
7
0
-8
23
-23
-3
37
-21
-11
19
-9
7
28
-18
-11
10
19
-1
5
-1
-10
18
3
-4
12
-13
0
7
13
22
-11
-10
21
12
-2
9
-6
-9
4
20
-9
-23
5
-10
11
18
8
-15
-4
-3
25
7
3
-6
-9
16
0
-5
16
-1
8
16
-6
11
10
-13
1
-1
-5
7
6
-8
11
-30
6
7
16
13
-3
5
8
1
3
6
-7
9
1
13
24
-4
28
-1
-22
9
8
-3
28
-14
1
1
5
-9
13
4
-16
12
1
-2
-4
-19
-23
6
24
29
-26
15
23
-47
26
13
-24
32
24
-24
15
-4
-4
37
-24
-5
-5
-6
-4
-3
37
-19
3
-6
-10
28
-9
-13
-9
8
-5
-3
11
-5
0
14
6
-20
15
4
-3
-4
13
4
-4
0
-17
-1
21
-8
16
4
-32
18
10
0
-3
8
-16
10
-2
1
19
3
-1
-5
17
-13
0
-4
-32
24
-3
4
5
-27
-2
-8
-1
32
2
-19
2
-21
0
16
-2
4
-11
0
16
22
-13
0
9
-13
5
14
9
-14
8
-9
16
13
-38
37
-17
-13
48
-37
2
6
14
6
11
-14
3
6
-15
35
-18
18
-12
7
23
-20
22
-23
-3
32
-39
-1
5
-47
40
20
-18
1
12
-16
35
-23
17
27
-28
13
-6
6
9
-12
28
2
-8
14
-9
15
8
-40
36
-17
9
45
-27
24
-10
7
20
-7
12
-3
13
-13
7
-11
25
1
-21
28
-41
24
30
-28
42
-8
-15
41
-21
1
8
18
-31
10
2
-15
33
-21
11
7
-7
3
-1
6
9
17
-20
-10
18
-17
-3
0
38
9
-8
-28
-11
60
-57
38
-7
-38
50
-31
-4
36
-25
2
18
-22
42
-6
-1
18
-36
-2
25
-11
-1
2
17
-14
18
6
-56
26
-30
21
19
-29
16
-26
6
22
21
-31
-7
10
-23
36
-10
-28
19
9
-6
13
18
-51
40
5
-20
26
-19
-3
-21
2
21
32
-17
-5
19
-18
47
-20
1
-1
-33
47
-9
-28
22
-13
-19
47
-16
0
24
1
0
31
-37
7
40
-27
19
-2
-32
45
-21
10
3
-3
-15
27
12
-34
17
36
-32
4
24
-68
47
-7
16
49
-72
11
33
-38
21
8
-21
-29
1
24
-16
49
-35
30
13
-15
36
19
-35
4
-10
-37
69
-51
8
29
-26
15
14
9
-25
6
26
-15
22
18
-42
33
-17
1
7
-44
59
2
-21
64
-63
0
29
-2
16
-16
13
-29
28
21
-26
14
18
-53
44
9
-40
25
0
-39
9
-21
4
56
-21
-26
54
-31
22
50
-81
28
20
-36
60
-28
-28
35
-27
17
19
-14
31
-19
-13
16
-28
12
7
-26
43
-38
28
-28
-23
91
-96
83
-8
-19
44
-59
2
12
-17
61
-34
10
-22
20
26
-16
36
-52
-4
20
7
14
-37
33
-28
38
0
-53
37
-23
6
22
-2
5
-12
-9
36
-9
-43
67
-33
-26
102
-82
80
-40
-5
-26
-34
116
-82
51
8
-64
72
-15
-4
52
-77
9
19
18
9
-41
-10
48
-17
23
21
-12
27
-17
28
-28
39
-18
53
-46
-36
8
-33
77
-55
28
11
-28
62
-64
2
44
-16
43
13
-18
-43
53
-38
35
17
-35
53
-26
1
-2
16
-43
26
-37
21
8
-27
64
-28
-8
1
-2
-5
13
-1
-16
8
-33
30
-37
59
-6
-16
51
-77
81
-40
-5
10
11
-45
11
21
-59
52
-11
23
-13
27
-87
42
35
-71
71
-34
-16
47
-12
-27
34
-20
-4
-1
-4
-8
-7
39
-13
13
32
-102
61
-14
30
10
-44
21
-21
54
-75
24
-5
-39
83
-59
34
10
-7
14
-9
3
-10
2
-29
46
-63
25
21
-43
60
-59
33
-2
7
30
-68
46
29
-91
69
-10
-19
50
-52
19
41
4
-28
20
-32
54
-15
13
-11
-19
93
-89
66
-3
-49
77
-6
-19
2
22
-64
52
-35
7
-3
22
-22
-7
30
-58
29
18
39
-50
63
-105
49
129
-141
106
-55
-59
132
-58
-1
46
-91
23
25
13
14
-14
15
-3
-14
19
-67
93
1
-48
126
-105
8
96
-76
31
9
-44
19
2
17
3
-5
75
-79
43
39
-122
113
-21
22
-13
-46
26
-34
69
-70
27
27
0
-18
23
-30
-29
44
-50
2
68
-85
59
0
-38
85
-33
6
32
5
5
58
-47
-84
130
-124
107
-14
-57
81
-76
-14
76
-66
15
9
-64
56
-26
-28
34
-33
64
-70
37
4
-35
71
-91
74
35
-35
-18
41
-13
-23
102
-144
111
-61
28
8
-81
136
-107
68
15
-89
40
-33
10
24
-14
33
-81
157
-80
-12
101
-150
123
-32
-15
56
-40
-5
0
7
-22
77
6
-92
116
-67
7
56
-75
69
-2
-16
32
-56
8
6
-39
5
51
-55
29
35
-78
85
-26
14
-48
-21
33
-10
37
-10
-31
3
8
-41
13
-37
55
-76
73
-8
-28
35
-75
108
4
48
-2
-42
-14
-16
11
-43
31
8
3
1
17
5
-52
14
3
28
3
-35
51
-19
-16
35
-30
7
11
1
-11
50
-111
102
43
-92
89
-3
-46
67
-31
-39
80
-140
70
45
-26
11
-10
-35
81
-9
-30
-20
26
94
-153
58
66
-107
82
-43
-22
73
5
-55
62
12
-18
-12
-7
64
-36
-9
-32
32
17
14
21
-70
63
-7
-63
71
-33
89
-69
34
21
-62
84
-17
-37
67
-30
35
-20
60
-15
-74
69
-74
32
70
-41
-19
47
-44
51
-10
11
1
-15
46
-34
34
-14
-36
49
5
37
-37
-32
45
27
-35
24
-54
56
-69
0
18
-41
68
-54
24
0
76
-45
-13
17
-7
-51
73
-12
-19
33
-45
26
-15
29
3
-35
-15
75
-70
-12
86
-45
-78
135
-42
-1
13
-37
17
-20
67
-119
135
-17
-67
117
-121
36
14
66
-86
8
93
-142
79
-6
-37
2
39
-14
-21
58
-12
-4
-1
-34
-8
95
-128
106
-51
7
30
-83
104
-38
20
10
3
-84
74
-85
31
-35
6
54
-55
59
-30
-22
-39
91
-83
77
-30
-39
59
-43
60
-59
51
-59
30
49
-105
80
-44
13
59
-54
23
-11
13
-42
4
120
-116
28
69
-145
161
-7
-168
151
-41
-55
44
-51
104
-60
-11
49
-34
-39
109
-61
0
58
-86
10
56
-16
-118
177
-93
-34
156
-157
30
110
-45
-69
130
-121
-18
206
-194
47
103
-101
23
85
10
-142
112
37
-44
42
-46
54
-96
125
-24
-180
168
-2
-80
34
137
-272
222
-30
-168
335
-191
15
101
-87
-46
135
-165
108
69
-187
190
-102
89
-18
-113
154
-134
81
83
-124
74
-33
32
29
-162
170
-50
-86
134
-149
96
-27
19
21
-121
235
-177
-10
176
-237
81
35
-106
79
38
-139
133
-128
94
90
-226
290
-214
104
136
-257
189
-102
-3
77
-109
137
-120
61
-23
0
14
20
-38
6
108
-274
265
-100
-72
222
-178
23
71
-35
-44
172
-130
-29
152
-147
30
95
-146
-3
206
-270
202
12
-130
156
-146
176
-207
102
-65
-60
157
-154
125
-97
50
70
-203
178
-10
-187
281
-169
57
129
-260
227
-147
15
127
-169
138
-27
4
-46
98
-140
59
114
-238
278
-186
-74
162
-83
28
55
54
-82
-69
220
-153
-7
173
-180
47
43
-97
168
-226
125
125
-201
111
-1
-220
342
-77
-145
278
-204
-16
145
-177
87
-68
82
-44
-50
182
-253
122
125
-140
68
6
8
-26
51
-43
-1
-20
-19
167
-147
41
97
-253
228
13
-222
205
-99
-43
92
-14
-69
35
118
-153
74
150
-310
208
-27
-41
119
-189
256
-242
234
-84
-53
211
-376
330
-205
44
246
-337
147
75
-237
202
56
-230
182
67
-63
-18
33
-13
-93
167
-101
10
79
-97
-9
66
-77
135
1
-186
166
-41
-111
238
-217
97
0
-42
35
-75
186
-284
225
18
-209
240
-246
206
22
-193
186
-54
-55
49
27
13
-38
77
-112
67
-74
139
-208
52
129
-266
270
-145
65
51
-155
165
-152
91
52
-161
246
-151
-16
78
19
-131
145
-81
-135
312
-197
33
76
34
-215
263
-147
-147
430
-413
241
-48
-231
284
-216
124
117
-261
253
-87
-51
69
5
-18
9
54
-31
-32
32
-52
-30
181
-102
-113
309
-238
21
159
-249
206
-31
-15
-34
66
-35
-137
220
-254
189
3
-89
45
-59
93
-215
205
-121
98
48
-185
194
-40
-121
97
143
-382
447
-170
-355
697
-578
163
200
-369
341
-143
94
-218
232
-137
-29
92
0
-86
7
96
-222
228
-39
-131
225
-145
78
-59
26
50
-123
56
23
-44
22
-13
111
-69
-41
177
-281
212
-44
-79
5
106
-151
148
-19
-84
122
-93
-4
85
-91
-50
67
-15
31
-61
189
-261
123
-38
54
17
-106
141
-137
40
54
136
-278
271
-47
-261
479
-394
179
49
-270
340
-96
-134
274
-179
-48
160
-72
-115
94
106
-171
106
52
-212
281
-124
-2
99
-110
45
23
8
-91
228
-338
236
54
-338
363
-169
-60
273
-175
99
-74
95
-107
29
155
-275
326
-193
18
56
-18
-98
146
-80
-64
326
-408
336
-48
-191
287
-276
104
61
-142
86
5
-55
83
-78
128
-77
-117
289
-398
281
94
-368
344
-83
-136
288
-161
-33
2
-36
169
-123
-1
21
-2
-99
173
-117
-39
172
-203
187
-139
178
-72
-176
321
-343
140
180
-377
269
77
-450
542
-323
18
184
-306
389
-405
282
-59
-172
257
-155
-20
52
88
-309
382
-227
-45
214
-328
321
-237
157
101
-274
270
-169
58
59
-166
145
-20
-42
120
-117
-19
112
-267
298
-18
-154
85
50
-160
66
171
-378
355
-214
76
-30
-9
145
-308
417
-286
86
84
-112
86
68
-157
182
-154
-76
224
-203
74
93
-104
-22
156
-214
58
51
-77
17
166
-151
61
47
-207
325
-295
308
-66
-218
362
-361
97
106
-261
239
-16
-75
90
-44
24
-126
154
54
-172
139
-111
-20
97
-72
81
-118
130
-133
37
121
-261
324
-212
57
98
-261
361
-235
20
219
-291
94
105
-151
215
5
-218
205
77
-393
534
-395
2
443
-681
571
-226
-98
273
-265
231
-168
1
197
-351
301
-82
-211
489
-378
49
100
-175
190
-111
3
17
-64
143
27
-229
112
92
-188
207
-33
-144
-6
162
-103
-48
293
-316
190
52
-226
301
-234
134
-33
-106
203
-217
130
-34
-22
144
-154
45
109
-262
267
-120
-70
100
-55
94
-148
170
-90
37
83
-258
181
-24
-108
254
-190
17
70
-257
342
-123
-149
298
-303
158
58
-173
113
-61
114
-135
252
-229
-6
265
-289
205
24
-162
167
-76
-23
83
-110
59
-22
22
146
-248
236
-38
-217
371
-373
68
337
-465
216
11
-248
226
-34
-27
-17
39
77
-183
233
-49
-325
491
-250
-212
425
-353
-49
560
-663
381
53
-463
631
-533
375
-265
57
204
-426
561
-479
127
77
-168
281
-261
100
61
-178
205
-56
-38
64
-50
-13
12
97
-127
-89
215
-303
324
-74
-169
356
-375
113
144
-125
-26
148
-119
-88
204
-63
-160
280
-163
-188
373
-297
-48
329
-234
41
128
-85
-24
146
-181
167
-174
123
-120
-52
276
-271
196
-193
91
60
-201
375
-281
2
255
-534
617
-220
-195
491
-574
429
-148
-48
237
-312
244
16
-195
272
-118
-143
128
148
-196
132
85
-315
159
146
-151
-7
248
-319
234
-65
-67
278
-394
247
-62
-78
59
-11
75
-298
467
-439
236
-26
-134
323
-292
242
-220
259
-488
509
-223
-151
449
-453
251
80
-239
74
171
-359
347
-60
-220
220
-56
-39
143
-174
26
-110
249
-147
-62
319
-473
495
-236
-43
245
-303
198
-99
32
-70
173
-230
145
26
-63
96
-174
98
-63
15
142
-224
102
-38
-88
182
-44
-124
224
-307
173
107
-268
348
-266
63
106
-95
-86
341
-346
91
130
-148
108
-134
210
-271
213
11
-241
291
-176
-20
98
19
-18
-220
395
-404
303
53
-388
361
-250
222
-222
309
-244
27
219
-377
514
-481
273
-216
34
229
-299
249
-107
-77
111
26
-45
121
-170
49
51
-184
228
-167
55
31
-92
288
-273
71
219
-398
347
-76
-194
252
-124
7
45
-64
100
-39
-12
63
-12
64
-9
45
27
-109
182
-85
-191
273
-180
-75
304
-347
142
183
-269
167
-55
-10
96
-115
24
-49
124
34
-276
353
-248
97
15
-78
154
-204
163
-60
71
-30
-109
147
-35
20
10
42
-193
160
135
-423
467
-406
103
170
-185
161
-135
39
35
-13
46
-81
192
-274
199
-68
-116
235
-251
172
24
-218
311
-231
-72
290
-291
152
88
-239
293
-196
-52
307
-313
127
87
-285
157
-34
34
2
-20
159
-108
92
-17
-199
166
63
-183
139
37
-135
111
36
-99
-62
316
-408
237
142
-568
646
-421
149
58
-154
184
-268
177
43
-137
24
148
-220
263
-82
-208
530
-541
169
243
-412
377
23
-384
377
-108
-295
520
-395
168
16
-214
388
-348
238
-159
-4
145
-127
117
-138
76
-67
80
-85
143
-35
-166
420
-254
-39
344
-511
269
-1
-138
186
-185
158
-201
140
32
-166
292
-308
214
-206
152
42
-219
253
-156
67
99
-105
-40
205
-230
-5
289
-317
263
-125
-32
19
163
-143
36
81
-159
63
9
161
-437
541
-444
138
268
-406
310
-274
224
-34
-72
58
147
-280
135
81
-224
180
-97
-115
96
12
-136
242
-256
261
-116
31
-58
-58
187
-295
221
-20
-12
133
-179
176
-201
259
-122
127
-111
7
56
-139
169
-69
58
-177
228
-208
119
-146
57
118
-214
316
-265
320
-290
172
-80
-154
264
-190
38
37
-137
107
95
-224
292
-302
167
53
-89
-40
131
-169
10
210
-132
141
-64
-116
58
-7
-154
367
-479
336
-71
-41
206
-208
189
-254
184
-56
-16
67
25
-76
227
-325
196
91
-484
462
-252
-56
531
-547
272
83
-275
287
-54
22
-104
221
-323
215
217
-470
416
-374
309
-235
139
177
-572
648
-273
-155
354
-206
-118
199
-268
202
169
-338
253
-14
-265
488
-441
297
-20
-225
394
-379
233
-124
62
-137
152
36
-192
-14
116
67
-369
666
-512
57
196
-268
97
151
-189
-56
158
-56
-112
147
114
-442
581
-292
-366
672
-478
207
91
97
-369
352
-73
-378
568
-435
206
-18
38
-90
-141
257
-272
336
-323
169
-135
-13
192
-98
108
-177
243
-167
-31
194
-208
43
145
-180
201
-124
-113
109
9
-14
-3
222
-357
238
-46
-131
343
-194
-23
53
-13
-184
400
-394
305
-108
-223
470
-407
408
-312
-10
261
-289
243
-162
-183
367
-306
170
44
-120
-28
214
-298
310
13
-388
616
-667
540
-168
-274
358
-132
26
44
35
-277
401
-160
-142
233
-122
-18
79
-100
54
97
-274
247
-231
317
-290
102
273
-425
318
-104
-106
128
16
-75
-3
65
-82
27
46
122
-259
204
67
-345
335
-33
-337
433
-203
-120
254
-201
-48
191
3
-138
226
-69
-162
221
-235
164
20
-78
0
46
-76
198
-105
-19
-12
-89
-8
148
95
-246
370
-449
275
-71
199
-169
60
-55
-212
527
-463
314
-35
-161
64
134
-106
-17
249
-218
35
17
54
-49
22
37
97
-299
147
-18
-243
404
-381
333
-173
-28
318
-257
270
-256
16
47
-137
160
-80
-46
140
-20
-130
256
-345
131
291
-523
465
-100
-295
448
-349
281
-9
-206
50
-1
-56
63
46
-143
53
135
-118
20
219
-449
301
-33
-153
227
-224
238
-152
-49
156
-114
80
-96
64
27
6
44
2
-166
214
-152
153
-127
-98
269
-231
29
164
-211
50
123
-206
413
-395
207
-96
6
15
-133
309
-488
396
-1
-204
213
-27
-76
93
-73
-130
305
-181
41
185
-344
208
-71
-36
-148
374
-449
198
238
-460
475
-301
-20
34
229
-302
208
19
-282
318
-188
65
76
-20
-54
94
-151
142
-41
-113
109
29
-141
140
164
-291
147
21
-61
41
148
-202
76
-4
-58
227
-275
69
-26
13
72
144
-243
18
99
-118
88
-153
130
-98
140
-56
-51
181
-292
332
-327
202
-31
-238
266
-74
-14
128
-29
-127
159
-137
-14
86
-3
-1
-11
47
-75
79
-4
-207
253
-129
48
83
-83
76
-107
237
-325
206
-115
83
-14
-6
31
-95
237
-340
316
-213
94
89
-240
215
-153
108
-8
-69
-63
171
-68
58
-29
-287
383
-297
426
-137
-274
291
-382
433
-172
-61
139
-76
-34
313
-223
-96
215
-196
60
221
-75
-40
62
-107
-29
88
-120
51
41
-103
170
-237
208
-53
-3
138
-99
56
109
-298
215
-105
-296
777
-606
199
99
-372
345
-75
11
41
-50
-112
57
223
-174
-137
290
-385
342
29
-374
525
-486
265
46
-209
424
-271
-85
219
-331
188
131
-252
366
-232
-47
54
-63
102
-161
65
101
-156
328
-155
-224
408
-357
239
-67
4
-78
-109
438
-485
475
-156
-342
479
-195
-50
250
-275
39
-27
45
65
-168
298
-254
-5
353
-591
551
-409
100
219
-440
488
-309
-116
319
-102
-266
543
-272
-215
475
-468
136
107
-103
30
-115
261
-306
213
65
-156
92
-160
221
-215
53
134
-199
214
12
-151
291
-158
-265
292
-241
87
181
-182
-23
231
-175
3
-29
-72
87
-65
104
-41
43
-51
-56
-44
201
-128
103
13
-82
17
56
-11
-121
202
-39
-77
220
-105
-215
483
-237
-70
237
-296
78
141
-82
-112
268
-301
76
324
-358
286
-189
46
93
-156
161
-271
121
-99
59
204
-266
210
-33
-200
324
-176
-160
328
-337
285
-22
-218
381
-400
200
4
-183
129
8
-21
10
47
-9
-59
112
-84
69
2
-221
361
-284
59
170
-152
183
-112
-9
64
-153
-73
180
-105
138
141
-355
485
-406
78
3
-93
249
-271
356
-291
224
-225
63
53
15
26
-174
168
-190
218
-150
122
-36
-55
137
-104
50
-63
-57
102
-197
330
-191
-58
286
-319
156
-50
-47
69
100
-132
45
-7
-136
127
-32
-45
194
-115
-109
197
-266
234
-50
-142
303
-174
81
-18
155
-153
175
-71
-209
241
-101
-79
163
-112
-123
256
-333
229
-2
-119
60
-106
194
-143
100
-190
255
-41
-91
251
-359
174
80
-188
189
-93
56
137
-276
216
-29
-145
219
-210
58
48
-124
47
18
-4
-65
61
39
-235
230
-59
-22
128
-190
58
164
-254
127
126
-321
369
-361
112
65
-88
220
-258
262
-147
-17
68
-14
-87
101
122
-224
294
-130
-247
298
-152
-110
442
-459
146
94
-154
206
-155
109
-93
-74
120
55
-83
-7
-60
99
33
-115
193
-250
257
-200
47
270
-292
95
-79
-24
104
-31
69
-9
-158
240
-145
-141
425
-415
85
154
-282
457
-358
111
-17
-192
270
-70
142
-164
-114
190
-159
128
33
-114
-15
-17
176
-101
120
38
-302
149
95
-135
147
-31
-68
156
-79
51
88
-201
24
44
-14
54
-33
8
-69
44
32
29
47
-136
67
-29
47
183
-99
-105
138
-124
-59
379
-192
67
-2
-315
237
5
57
-77
46
79
-235
240
33
-137
107
-80
-136
109
73
-95
6
78
-53
-38
196
-112
-74
122
-151
180
-70
-144
249
-252
96
100
-254
366
-195
-93
247
-381
346
-86
-84
346
-500
301
-68
-182
335
-274
109
72
-37
-59
132
-88
-14
86
28
62
-339
359
-350
150
199
-273
65
-7
28
-48
30
144
-115
-162
206
-220
150
141
-288
249
-112
-176
467
-284
40
63
-325
309
-58
-118
201
-178
55
68
-103
89
-28
-60
117
-44
50
-37
-81
58
37
45
45
-100
-54
215
-330
272
-88
-39
-23
67
-185
177
29
-305
549
-424
244
-127
-33
50
-78
92
-69
71
-104
91
-178
319
-199
52
222
-435
483
-324
-52
339
-472
368
-158
-138
371
-403
246
-4
-134
147
88
-179
127
-28
-168
201
-113
29
-23
-34
0
95
-41
-114
188
-202
163
127
-194
-70
120
-27
-14
31
-45
22
62
-128
165
-74
15
105
-336
347
-161
-96
171
4
-165
236
-233
46
178
-305
312
-225
151
28
-62
-46
114
-47
-166
264
-109
-10
78
-129
101
56
-95
219
-386
279
-142
-22
191
-90
-60
93
30
-143
209
-171
133
72
-155
247
-162
-70
67
-19
-87
308
-245
18
167
-242
194
29
-145
201
-225
105
-30
-85
345
-361
266
-182
-1
89
-25
-18
67
-111
19
153
-204
330
-283
67
69
-88
126
-40
-69
-62
-93
78
330
-373
228
9
-364
516
-203
-148
234
-351
269
11
59
-150
-126
276
-413
306
160
-460
444
-198
-218
544
-436
226
47
-375
489
-485
366
3
-159
228
-238
88
64
-54
-13
30
-28
87
20
92
-212
-22
192
-247
262
-11
-241
206
-48
-124
349
-260
49
34
-222
212
-52
52
48
-175
134
-82
67
47
-127
115
-326
256
10
-48
73
-103
-9
87
51
-147
207
-206
57
-85
229
-98
41
-62
-77
288
-345
297
-141
-78
262
-196
163
-60
-176
212
-123
51
201
-274
77
33
-103
115
-72
51
-111
180
-39
-192
321
-199
-45
55
-13
54
-156
189
-191
-74
320
-272
129
142
-353
275
-102
-96
260
-274
201
-107
-25
269
-213
183
-223
40
111
-147
192
-86
-58
59
-30
29
171
-332
282
-271
81
381
-573
280
87
-373
291
-58
-91
225
-313
191
116
-266
267
-108
-120
287
-359
341
7
-347
402
-136
-161
542
-479
230
-66
-166
307
-357
401
-332
31
214
-208
155
125
-427
385
-86
-248
497
-345
-11
191
-276
82
210
-222
20
171
-194
114
49
-59
-113
201
-161
87
113
-182
90
68
-182
-9
229
-281
166
-20
-84
146
-88
-31
3
28
-63
203
-241
300
-278
64
217
-257
332
-373
216
-176
169
-63
122
-115
106
50
-115
229
-346
357
-276
-95
355
-445
367
61
-294
263
-122
-70
117
-28
21
22
-195
358
-385
314
-90
-132
273
-368
346
-151
-91
250
-243
18
191
-294
157
104
-150
7
59
-115
128
-23
18
-96
102
-91
-11
160
-165
172
8
-218
232
-179
187
-236
71
129
-287
406
-239
-54
160
-118
37
249
-300
-58
327
-398
339
-112
-200
394
-399
295
-93
-110
110
-68
4
51
116
-197
121
-216
184
-101
34
163
-287
290
-303
-44
418
-372
132
240
-381
128
234
-354
278
42
-241
349
-263
133
-3
-140
239
-166
36
21
-133
76
-28
-159
348
-265
205
-54
-302
367
-173
20
130
-111
-69
177
-218
28
159
-72
9
111
-61
-74
275
-315
251
24
-346
449
-431
222
45
-182
209
-204
150
-42
-101
53
-43
141
-105
-83
163
-64
131
-178
189
-198
174
-40
7
96
-89
82
-105
179
-227
192
-161
-57
202
-247
231
-27
-122
144
-226
93
225
-417
456
-406
160
141
-282
400
-355
140
45
-87
94
-63
105
-227
276
-168
-54
172
-133
26
-46
186
-149
72
48
-130
17
-132
153
36
100
-181
24
147
-107
287
-195
-69
203
-211
-44
170
-97
-111
200
-50
-29
52
52
-311
230
240
-445
505
-414
117
-8
-66
217
-214
272
-416
55
255
-268
463
-300
-90
267
-429
456
69
-322
118
41
-25
28
-38
7
-18
-23
90
-132
299
-155
-89
219
-293
289
-62
-106
55
-5
-22
163
-70
119
-134
-154
89
171
-47
-41
159
-417
316
-201
83
87
-216
176
-19
213
-187
-103
79
-58
-88
384
-293
78
152
-338
342
-27
-253
141
-162
181
-61
149
-26
-122
197
-290
307
-194
23
-77
9
-73
103
116
-272
355
-298
-102
416
-284
44
85
-75
-115
148
106
-278
160
25
-146
210
-223
78
158
-297
316
-88
-273
341
-61
-102
236
-101
-108
91
11
-80
-19
51
-76
16
33
72
-25
195
-349
305
-217
-87
381
-378
61
184
-143
96
-113
51
-33
-110
327
-345
219
-80
40
-17
-17
182
-248
136
57
-93
88
34
-236
147
-113
-28
78
28
-89
20
194
-268
322
-274
43
-51
60
-54
130
-47
-96
-2
-148
280
-15
42
-79
13
49
86
-50
6
-87
-41
101
-177
324
16
-137
162
-88
-39
244
-446
355
-228
11
351
-256
99
31
-241
220
-46
216
-102
-288
364
-258
281
-228
-17
-16
57
-10
206
-215
14
120
-236
273
-341
389
-335
174
98
-32
-40
82
86
-239
244
-200
23
91
-70
-83
33
79
-42
43
-66
-7
-63
201
-55
-242
266
-300
108
200
-233
210
129
-350
214
-180
-79
326
-354
205
43
109
-106
143
-74
-153
48
38
-94
137
-88
97
35
-50
-26
41
-61
-26
232
-325
65
-57
119
-7
-26
252
-332
314
-183
-30
210
-287
335
-204
-121
124
-344
258
129
-230
292
-146
32
68
-74
38
-165
-26
108
-176
299
-125
-17
108
-165
-7
181
-257
163
106
-320
401
-186
164
-284
190
18
-245
565
-470
176
58
-300
321
-165
160
-357
328
-135
-9
288
-433
93
25
-62
134
82
-8
-156
175
-196
224
-131
99
-136
-79
48
-5
278
-179
-46
43
95
-191
143
-40
-22
43
-129
298
-280
260
-31
-384
474
-247
150
83
-147
56
-9
71
-73
-77
124
-298
407
-11
-253
389
-435
162
3
-11
65
-83
-141
-26
198
-135
185
27
-228
282
-291
272
-35
-39
-62
-182
457
-353
254
60
-335
388
-105
-25
35
-106
13
97
-31
-11
9
-47
55
-90
61
-46
60
37
-100
107
-18
-71
-74
-44
53
140
-102
141
-247
72
25
75
-128
-64
194
-190
20
333
47
301
-162
-244
7
-50
19
68
-25
-262
254
-180
56
-68
-228
-29
259
136
-103
233
-243
-40
241
-3
12
144
-363
139
67
22
56
-117
88
-181
365
-166
57
19
-118
-55
-54
171
-256
365
-352
-17
339
-301
409
-256
-188
141
-59
160
118
-54
-149
-74
69
-73
258
-54
-127
53
47
8
119
2
-248
138
59
-272
423
-58
-395
278
-80
27
263
-249
-75
66
-189
208
25
74
-162
41
-28
73
59
-40
-32
-137
201
-118
225
-171
101
-80
-209
478
-472
126
-73
4
-47
117
18
-226
217
-283
84
141
-129
-7
71
99
-46
103
-218
199
88
-187
92
23
-52
-88
129
-92
-70
132
-164
63
22
-126
79
-61
20
109
-38
-28
65
-263
281
-252
283
56
-310
277
-231
104
91
-205
364
-257
50
-44
-35
-6
105
-158
82
-12
-134
291
-338
218
-96
-14
250
-159
76
13
-78
223
-93
-159
1
-88
225
-127
52
194
-337
325
-127
-92
233
-190
60
-71
116
-91
-63
129
-243
97
12
-136
14
50
26
-75
108
67
119
-5
-96
187
-112
81
34
-147
199
-84
19
153
-68
-209
113
190
-335
211
112
-232
127
230
-173
-74
104
-246
267
15
-31
-18
229
-414
314
59
-115
188
-306
45
-86
339
-227
314
-416
50
163
-424
380
-190
44
-85
109
-81
120
4
-202
119
-130
8
237
-54
-163
-1
153
-238
379
-172
3
101
-139
114
157
-235
-55
1
-168
149
64
-100
-217
248
-224
-39
308
-291
27
356
-377
213
144
-301
336
-103
-165
307
-145
155
-30
-149
145
-288
292
-141
-186
239
-450
235
114
-168
26
65
-124
209
-22
51
-115
3
118
-75
267
-180
57
49
-70
-39
123
-70
-40
-44
-54
16
-68
76
-183
151
-79
-64
-16
119
-261
117
178
-457
486
-104
-304
396
-82
-187
362
204
-287
194
232
-630
340
91
-374
293
147
-393
444
-78
-196
322
-296
-216
152
128
-154
278
-124
-282
292
-201
24
174
-108
-232
503
-43
-100
412
-544
137
271
-219
87
185
-449
78
195
-171
106
79
-305
-1
289
-252
221
142
-490
312
13
-184
324
-229
-62
17
31
27
-70
426
-361
120
-107
-43
251
-36
-100
-65
50
-210
321
50
16
-128
-331
324
-169
154
155
-493
284
-94
77
70
22
-77
-219
212
-55
107
-21
-257
-27
105
-64
113
227
-342
12
35
-34
294
-11
-238
-40
160
-51
189
58
-315
-79
144
-165
222
282
-576
335
-85
-75
182
-2
-130
-93
175
44
135
73
-225
-202
183
-20
242
145
-115
-110
69
-54
192
242
-341
-116
81
-196
355
-110
-176
276
-411
337
43
-81
104
-49
-56
102
27
3
-99
-145
175
-202
309
-85
-395
230
-80
18
369
-283
29
176
-60
130
-59
-44
55
-201
-6
184
-62
84
-36
25
-69
-22
174
-259
89
-10
-156
-49
367
-376
53
244
-434
40
202
-184
405
-246
-235
232
-140
184
-15
-116
-190
183
-51
63
111
-132
-92
153
-116
241
-42
-362
134
-58
77
-27
-51
148
-372
90
159
-16
80
-508
239
-28
244
181
-92
9
-218
30
311
78
-366
164
-386
243
167
-78
151
-333
29
-156
303
27
-297
34
-51
281
37
-45
-116
-98
-268
386
-111
37
96
-371
362
127
-129
274
-330
-69
118
-72
9
147
-118
-239
131
356
155
-288
180
244
-624
579
-39
-163
412
-120
-212
182
351
-236
-122
25
54
-43
210
-67
-126
458
-57
-78
506
-146
33
-48
12
283
-256
140
21
-322
37
-108
-5
124
-195
-204
376
308
-112
-81
-63
-126
102
87
-204
-55
-98
-83
109
283
-204
188
-251
-253
210
59
-44
-96
93
-330
183
81
-99
-58
-532
38
-109
179
135
-181
-257
-48
326
-314
164
-250
-550
271
210
-174
114
227
-292
133
261
147
-47
318
-99
-123
384
86
71
63
-303
-192
317
459
111
-20
-34
-85
85
446
125
-231
-91
-87
57
561
548
-348
-183
390
-68
366
497
-269
-74
184
148
194
314
-259
-857
-60
-340
-257
630
-881
-683
184
-784
347
526
-848
-589
-256
40
320
279
-240
-881
-45
181
-372
282
-423
-886
194
-245
-42
161
-1019
-645
-133
-166
-63
-632
-687
-510
-645
-407
-397
-458
-159
319
889
1104
1056
1018
742
934
1416
1024
768
890
819
906
792
737
575
-193
-429
-260
-357
-180
-336
-525
-318
-395
-212
-17
-81
-436
-554
32
138
300
590
446
578
728
843
1233
1001
457
467
358
564
585
58
-47
-180
-157
-292
-436
-332
-766
-1006
-804
-627
-616
-918
-1004
-786
-869
-597
-336
-403
-460
-771
-200
148
11
-57
-462
-341
-449
-43
451
-128
-299
-150
-448
-642
-320
-926
-1683
-1187
-989
-1189
-1042
-1206
-1882
-2536
-2822
-1527
948
1950
1617
1888
2400
2338
2560
2871
2423
1816
1364
1325
2379
2991
1811
867
569
-118
-513
-394
-491
-1126
-1787
-1880
-591
241
-602
-1384
-1743
-1447
-1375
-1131
-305
-27
54
23
421
1219
1548
748
-16
213
966
1903
2110
2235
2007
1605
1738
1594
1453
580
-524
-839
-795
-189
17
-326
-871
-1478
-1407
-1339
-1050
-734
-1079
-990
-485
135
289
38
20
-630
-858
-437
-212
-111
-380
-185
-13
137
279
-179
-686
-1169
-1017
-657
-390
-350
-901
-1278
-1045
-975
-1315
-1139
-1625
-1949
-1731
-1971
-1079
-828
-2132
-3719
-4920
-3141
1364
4625
4046
1850
2523
4404
4402
4229
3747
2596
1294
1676
4546
4811
2231
-140
-1468
-982
-377
-718
-1541
-2381
-2938
-2280
-805
-522
-1274
-2405
-2836
-1757
-629
-306
-156
190
484
896
1739
2224
1665
637
363
1067
2002
1823
1044
1487
2347
2842
2170
1472
1114
-202
-596
-137
1077
1393
-200
-995
-904
-491
-839
-1592
-1719
-1741
-1476
-723
220
476
-109
-913
-898
-140
-116
-974
-1670
-1476
-733
-384
-124
401
33
-863
-1078
-1101
-924
-736
-1223
-1161
-970
-1468
-1233
-814
-1351
-2094
-2707
-3020
-1839
-1190
-2085
-2708
-2857
-2600
-2697
-3643
-6580
-6321
-82
5764
7650
4930
4170
5580
4840
5034
5544
5457
3095
1325
4661
7671
6019
1186
-1889
-1687
-1487
-1209
-1210
-2336
-3589
-4040
-2270
-403
-466
-2402
-4901
-4016
-1316
449
635
-78
505
478
854
2679
3687
2634
-32
-88
2547
4405
3984
1830
39
44
2385
4999
4758
1561
-1063
-1115
279
1682
1615
-558
-2875
-2222
363
1503
239
-1840
-3668
-3786
-1445
520
718
-728
-1738
-1245
140
943
-506
-1649
-2668
-2234
-87
709
844
-360
-1961
-2091
-1012
-574
-1202
-2442
-3229
-1710
-424
-222
-1017
-2273
-3186
-4017
-2465
-475
-512
-1479
-3243
-3694
-2407
-2121
-3165
-7082
-10108
-4823
4270
9837
8255
3856
4758
6147
5749
6972
7096
5046
2016
2508
7352
8436
3998
-1270
-3302
-2140
-1999
-2021
-1842
-2858
-3836
-4147
-2007
-105
-1302
-3873
-5140
-2809
387
1455
919
934
854
1037
2663
3628
3375
1455
566
1548
3210
4410
2289
50
-97
1097
2830
3307
2429
625
-890
-567
844
930
-471
-1857
-2104
-956
527
1080
-122
-2101
-3076
-2526
-573
1072
814
-289
-833
-304
506
339
-538
-1181
-2078
-2376
-1292
-659
-670
-1314
-1532
-1425
-1381
-939
-1598
-2095
-2394
-1498
-33
-282
-378
-1156
-2124
-2401
-2470
-1872
-1257
-1347
-2141
-2947
-2710
-2360
-3990
-6210
-9209
-8658
-328
8068
10022
6270
4212
5860
6343
5983
6167
5990
4108
3187
5808
8956
7396
1352
-3058
-3935
-3097
-2244
-2226
-2462
-3061
-3661
-2646
-656
-561
-3236
-6000
-5112
-1113
1742
1795
972
654
404
1090
3412
4522
2767
619
512
2718
4854
4127
1438
-681
-1273
-636
595
2213
3188
2111
345
306
1466
1234
-862
-2271
-1679
-345
585
836
610
-431
-2368
-3067
-1611
-102
231
-187
-336
395
786
-37
-1129
-1744
-2081
-2404
-2383
-1496
-457
-454
-1283
-1867
-1794
-1823
-2240
-2224
-1537
-847
-527
-473
-907
-1937
-2835
-2766
-2091
-1153
-434
-957
-1999
-3032
-3507
-3729
-4526
-4782
-7485
-10229
-4483
5394
10553
7742
2639
4022
7220
7363
6123
5390
5791
4029
4007
8588
9354
3339
-3507
-5417
-3061
-1060
-774
-1822
-3276
-4076
-3895
-2547
-987
-1641
-4726
-5687
-2312
1975
3662
2343
233
-336
454
2000
3351
2821
1650
906
2107
4721
4550
2210
-682
-2128
-622
623
1298
1595
1267
1191
794
1403
1579
-136
-1803
-1712
577
2340
1996
403
-379
-900
-1312
-1049
-1071
-521
-737
-381
784
981
574
-1240
-2377
-2167
-1328
-206
-109
-976
-2055
-2334
-1697
-768
-715
-2050
-3171
-2296
-459
-112
-717
-918
-1323
-2020
-1926
-727
-302
-1192
-2187
-2305
-1107
-885
-2302
-3738
-3740
-3104
-4055
-7311
-10549
-6940
2392
9639
9642
3926
3029
6083
6281
6355
7009
7220
5003
3186
6850
9271
5618
-906
-5497
-5485
-3050
-1301
-1733
-3056
-4391
-4700
-3274
-1628
-1384
-3371
-5254
-3925
382
3319
2772
2087
1826
652
856
2873
3794
2723
1009
1050
2999
3819
2518
410
-985
-770
-103
76
703
1704
1754
912
735
1292
731
-746
-738
775
1557
1255
1260
1285
10
-1719
-2021
-938
8
-97
-601
-334
398
86
-1368
-2157
-1572
-1080
-1279
-1050
-411
-673
-1927
-2688
-2301
-1638
-1217
-1231
-1354
-852
-390
-490
-245
-168
-1087
-1685
-1296
-576
-773
-1918
-2455
-1827
-1247
-1870
-2917
-4192
-4515
-3931
-4317
-5446
-8897
-10127
-2111
8948
12462
6635
1903
4397
7086
7597
7479
7045
5176
2693
4895
9361
8274
463
-6256
-6878
-3922
-1902
-2077
-2469
-4219
-4603
-2895
-1483
-483
-2671
-6233
-5807
56
5186
4666
2355
1131
136
89
2334
4427
3936
1658
636
2260
4562
4442
1072
-2173
-2616
-518
783
1670
3080
2535
858
-620
498
1789
54
-1419
-956
1127
2407
2317
1805
262
-1605
-2560
-1797
-127
732
68
-469
326
1001
163
-1528
-2414
-2254
-1457
-375
507
385
-844
-2191
-2618
-1930
-1368
-1414
-1577
-953
-7
354
-78
-717
-868
-1709
-2130
-2005
-1200
-763
-2113
-3114
-3950
-3075
-2106
-2308
-3404
-5311
-4099
-2956
-4972
-9136
-10139
-2682
8007
12846
7835
2612
4145
6261
6352
6643
8147
6635
2394
3737
8761
8924
1579
-6496
-7948
-5080
-2025
-1090
-1891
-3086
-4420
-4353
-2404
-773
-2296
-5406
-5146
-350
4264
4867
3027
1322
400
459
2069
4004
3756
1499
448
2311
4805
4872
2168
-1116
-2710
-2161
-372
2026
3973
3133
-290
-1799
561
2395
547
-1860
-1462
716
2404
2852
2105
514
-1128
-1760
-772
817
1032
-250
-990
-30
1234
893
-791
-1856
-1748
-1604
-1263
235
1273
-369
-3090
-3796
-2808
-2245
-2154
-1380
-147
304
-254
-842
-947
-1439
-2465
-2739
-1608
-447
-573
-1311
-1961
-2622
-3388
-3411
-2542
-1801
-2469
-3651
-3195
-3147
-6184
-11460
-11047
-521
11197
13393
5891
1837
5134
7350
6657
6135
6931
5341
2541
4609
9394
8190
-538
-7760
-7785
-3662
-411
-104
-1903
-3733
-4307
-3613
-1928
-1007
-2517
-4921
-3995
1240
5476
4991
2351
414
-114
1319
3416
4190
3111
1440
1292
2866
4754
4657
1369
-2559
-2994
-312
1975
2072
1059
500
-610
-242
1476
1922
1171
-839
-753
1069
2215
2419
1073
-441
-1673
-1491
-191
710
759
-229
-666
327
1547
1054
-857
-2143
-1830
-750
-168
-137
-452
-1175
-2180
-2807
-2825
-2732
-2752
-2503
-1616
-426
407
223
-952
-2150
-2552
-1728
-154
360
-626
-1608
-1898
-2205
-3227
-3813
-3192
-3334
-4168
-3733
-2680
-2021
-3282
-8024
-12087
-8113
4135
13406
10566
3641
3709
7366
7553
5800
6170
6576
3694
2230
6546
10225
6142
-2735
-8296
-7202
-3237
-909
-814
-1556
-2409
-3280
-3281
-1849
-1309
-3951
-6849
-4745
1806
6376
5446
2300
769
743
1448
2963
4172
3730
2264
2197
4164
4915
2166
-2123
-4134
-2231
323
821
817
491
-576
-660
761
2439
1973
-872
-2016
-46
2197
2826
1968
1102
410
-586
-292
1095
1451
540
-764
-986
257
912
-265
-2168
-2688
-1513
-345
438
590
-745
-2461
-3353
-3269
-2398
-1962
-2120
-1708
-692
138
74
-861
-1910
-2426
-2112
-1418
-570
312
-46
-1349
-2159
-2802
-3567
-4148
-3929
-2799
-2661
-3297
-2842
-2316
-2847
-5489
-10601
-12473
-4660
9020
15545
9263
1831
3292
7324
7114
6059
7077
6443
2966
3231
8965
10855
3483
-6231
-9580
-6309
-2001
-276
-899
-2090
-3172
-4423
-3959
-1189
-430
-3462
-5463
-2227
3878
6846
5073
2045
23
-468
1183
3874
5099
3794
1588
977
2302
3381
1998
-1269
-3238
-2280
-200
1124
1777
1659
-168
-2444
-1999
980
2406
767
-654
547
2720
3683
3251
1819
-260
-1846
-1540
628
2535
1942
-449
-1592
-653
-30
-1000
-1927
-1643
-1101
-796
-48
498
-680
-3091
-4484
-3501
-1262
-370
-1444
-2242
-1323
-548
-1498
-2228
-1712
-1525
-1774
-1350
-158
838
145
-1572
-2351
-2691
-3056
-3182
-2807
-2267
-2649
-3424
-3622
-3250
-3264
-4717
-8699
-11982
-6977
5082
14249
12989
5569
3705
5492
5265
5094
6424
8476
5705
3327
6872
8972
5014
-3740
-8667
-7107
-2864
-195
-315
-891
-2674
-3841
-4803
-4002
-1976
-2326
-3015
-2067
1867
4888
4384
2890
1586
253
-458
1504
4609
5429
3663
2103
1966
2109
1594
-84
-1960
-2201
-571
779
863
1071
1336
-59
-2262
-2249
175
2267
2533
2018
1877
1901
1492
791
277
-48
-134
527
1776
2354
1445
-348
-1805
-2323
-2029
-1366
-714
-204
91
42
-620
-1803
-3064
-3619
-3323
-2677
-1976
-1392
-712
-401
-855
-2069
-2984
-2863
-1798
-626
-557
-458
-446
241
122
-1451
-2655
-4269
-4348
-3661
-1588
86
-1302
-3469
-5160
-4171
-3457
-4905
-8834
-10335
-2478
9284
15120
9865
3527
3606
4750
5288
6397
9072
8524
3568
2659
6072
7231
2469
-4529
-7168
-5412
-2479
-720
-109
-860
-2753
-5087
-5314
-1914
111
-791
-2817
-1966
2416
4870
4295
1812
99
416
1615
3570
5062
4838
2463
397
797
2217
2249
-215
-1703
-1307
-645
110
109
653
-23
-1852
-2025
-702
1607
2371
1840
1549
1479
1733
1760
1552
912
16
-274
918
2725
3034
996
-1856
-2982
-2142
-982
-594
-617
-614
-957
-1676
-2131
-2180
-2493
-3210
-3484
-2716
-1432
-618
-679
-1419
-2410
-2872
-2265
-1275
-1045
-1393
-1215
-354
330
123
-959
-2337
-3057
-3143
-3174
-2842
-2037
-1429
-1894
-2941
-3502
-2954
-2465
-4281
-8519
-10057
-2416
9516
14905
9346
1869
2240
5265
6377
6921
8581
7668
2821
2042
6406
8378
3165
-4520
-8349
-6199
-1518
1358
1943
-785
-4072
-6083
-5142
-1646
-68
-765
-2677
-2175
1674
4819
4797
2440
279
-509
744
3483
5462
4959
2851
864
-240
116
913
126
-1873
-2092
-50
963
-253
-1177
-739
-672
-1193
-545
1455
2919
2767
1945
1636
1758
1681
1472
1385
1130
628
470
836
1048
530
-531
-1555
-2108
-2085
-1678
-1256
-1113
-1262
-1544
-1839
-2167
-2549
-2854
-2842
-2424
-1886
-1529
-1424
-1509
-1785
-2189
-2249
-1629
-809
-631
-694
-356
-66
-573
-1460
-1635
-1463
-1491
-1759
-1817
-2019
-2446
-2843
-3233
-3269
-3583
-3006
-2624
-3939
-7550
-9947
-3641
7580
13770
9525
3891
4569
5848
5842
5646
7563
7791
4266
3438
6648
8782
4208
-3285
-7178
-6553
-3536
-408
1016
-569
-2943
-4474
-4556
-2537
-504
-1086
-3068
-2638
827
3940
4356
3199
1537
-198
-414
1900
5087
5895
3525
852
372
1186
1216
230
-706
-1258
-1651
-1403
119
2008
2062
-297
-2556
-2052
581
2575
2727
2073
1439
695
297
1057
2104
1529
-477
-1362
142
2185
2420
706
-1521
-3086
-3463
-2634
-1308
-639
-1100
-2017
-2512
-2403
-2033
-1785
-2023
-2677
-3012
-2461
-1398
-589
-677
-1538
-2235
-2055
-1215
-230
474
95
-897
-1240
-878
-771
-801
-865
-1923
-2942
-2973
-2267
-1987
-2576
-3802
-4737
-3085
-1017
-1788
-6466
-10489
-6422
4199
13210
12447
6167
4811
5856
4698
4108
6813
9212
6387
2847
4148
6579
4684
-623
-5303
-6894
-5375
-3102
-682
891
32
-2931
-5715
-4602
-1494
-380
-1674
-2196
97
2458
3123
2860
2820
2092
687
328
2208
4683
4785
3306
1474
533
164
-532
-685
-815
-1055
-1448
-1346
121
1544
1354
-566
-2017
-1265
1034
3029
3155
2164
771
142
580
1225
1749
898
79
-17
716
1452
358
-1427
-3513
-4187
-3330
-1858
22
-5
-1896
-3633
-3434
-1862
-862
-1533
-2727
-2543
-1742
-1122
-669
-521
-911
-1827
-2556
-2125
-651
493
428
-594
-1483
-1687
-1513
-1288
-1060
-1219
-1940
-2664
-2771
-1822
-1344
-2113
-3077
-3328
-1891
-629
-1601
-4955
-8380
-5932
2705
10462
11354
6691
3636
3881
4638
5729
7375
8003
5495
2267
2577
5061
5216
1715
-2749
-5347
-5110
-2768
-280
559
-436
-2429
-4399
-4592
-2409
-160
-113
-1088
-618
1156
2573
3220
3222
2044
111
-561
1044
3383
4296
3349
1752
693
203
-244
-534
-277
-82
-783
-1518
-760
899
1360
162
-1188
-1570
-1011
314
2158
3453
2980
1175
-9
316
1010
1061
734
368
-13
-177
-170
-505
-1287
-2182
-2976
-3321
-2779
-1645
-792
-703
-1218
-1909
-2374
-2392
-2045
-1642
-1532
-1724
-1775
-1362
-832
-705
-973
-1254
-1387
-1316
-828
25
602
253
-816
-1581
-1285
-475
-307
-902
-1457
-1657
-1686
-1446
-1049
-1226
-2191
-2909
-2368
-1221
-1576
-4317
-6556
-3948
2984
8067
7666
5392
5230
5606
4474
4064
5922
7032
5062
2581
2689
4203
3974
1408
-1525
-3164
-3303
-2519
-1511
-629
-53
-536
-2361
-3722
-2835
-991
-408
-608
-45
859
1034
930
1322
1775
1557
872
548
1038
1977
2537
2196
1229
373
-24
-182
-253
-143
-70
-525
-1327
-1421
-224
1299
1648
608
-593
-883
-269
692
1580
2024
1655
621
-237
-234
298
391
-330
-1254
-1626
-1415
-1084
-929
-1021
-1453
-2102
-2355
-1727
-693
-257
-720
-1458
-1868
-1912
-1722
-1309
-906
-957
-1444
-1700
-1294
-622
-358
-631
-964
-857
-337
146
324
324
255
126
92
205
145
-245
-533
-440
-380
-640
-866
-936
-1195
-1598
-1716
-1518
-1357
-1560
-2537
-4122
-4492
-1928
2318
4994
4840
3941
4104
4304
3869
4170
5104
4653
2743
1615
2238
3214
3231
2277
749
-696
-1352
-1410
-1389
-1137
-612
-457
-1029
-1654
-1467
-881
-845
-1080
-949
-722
-649
-439
141
837
1080
785
357
93
229
747
1120
1001
644
334
-9
-329
-267
26
-36
-445
-634
-436
-94
333
736
702
196
-189
-56
411
883
1065
753
76
-523
-721
-564
-367
-436
-761
-1026
-991
-742
-555
-626
-886
-1109
-1106
-869
-590
-533
-749
-963
-943
-824
-861
-964
-948
-828
-698
-480
-80
102
-226
-631
-383
447
1098
1053
657
452
313
339
359
400
271
-393
-846
-1027
-857
-668
-957
-1288
-1598
-1542
-1028
-437
-208
-434
-774
-1051
-1071
-1131
-1541
-1737
-900
877
2544
3260
3351
3416
3015
2041
1594
2073
2451
1935
1103
935
1294
1329
984
632
255
-133
-543
-1034
-1111
-506
12
-222
-797
-857
-319
50
38
160
359
239
-65
-287
-273
31
221
-51
-373
-364
-282
-357
-497
-527
-429
-464
-530
-205
295
335
4
-118
126
467
555
499
531
630
631
562
461
372
477
233
-257
-583
-447
4
-162
-381
-579
-961
-1115
-1010
-578
-261
-261
-359
-309
-388
-413
-194
-186
-268
-462
-321
-32
-29
166
140
-28
-77
-117
77
95
109
189
86
148
214
215
167
120
72
-177
-367
-263
-113
-149
-136
-174
-171
-121
-466
-598
-404
-375
-327
-366
-375
-306
-419
-519
-617
-697
-723
-872
-1114
-1198
-743
242
1042
1056
756
899
1325
1294
896
910
1375
1547
1168
795
613
615
719
895
1115
1019
746
341
7
26
42
-111
-365
-397
-190
-83
-126
-278
-465
-702
-850
-766
-532
-341
-366
-232
-117
-261
-260
-157
24
-19
-170
-4
132
88
34
53
253
637
676
567
634
535
477
486
426
252
69
-90
-275
-107
110
6
-195
-298
-174
-178
-227
-171
-119
-41
-224
-275
-169
-108
-170
-354
-301
-214
-60
-43
16
233
274
106
-226
-176
-91
1
183
191
276
379
326
81
59
43
-22
-6
-90
99
108
-194
-406
-576
-529
-414
-366
-448
-698
-673
-427
-148
88
-107
-500
-767
-853
-767
-909
-1068
-893
-808
-640
-385
-527
-759
-830
-409
535
1206
1216
1110
1295
1394
1168
807
676
565
344
259
247
474
614
539
505
253
159
171
-35
49
202
227
321
198
-38
-38
-80
-186
-79
-135
-301
-491
-575
-235
64
116
-38
-217
-275
-192
32
153
262
344
346
387
519
726
855
830
613
373
368
467
431
326
328
308
193
28
-158
-187
-128
-81
-196
-308
-157
-141
-309
-508
-483
-210
-152
-252
-318
-185
6
44
62
5
-10
-41
-96
-2
192
249
-91
-268
-279
-290
142
-61
-277
-166
-476
-187
49
82
171
-526
-485
-111
-442
74
-15
-170
-646
-1206
-1189
-657
-424
-250
-453
-655
-408
-591
-367
-586
-538
-362
-529
-752
-816
-496
-198
-282
-561
-437
-159
483
894
1038
928
827
722
639
695
919
1032
884
694
641
593
503
512
663
622
329
2
-183
-143
80
246
79
-263
-345
-239
-110
55
60
18
61
-54
-40
248
344
308
288
182
190
342
515
709
842
828
607
313
350
662
729
470
194
136
146
-1
-244
-309
-155
-107
-220
-390
-298
-61
38
75
10
60
-38
-277
-298
-205
-114
-149
-199
-211
-161
-157
-237
-317
-322
-277
-460
-496
-339
-170
3
-84
-225
-322
-251
-51
-10
14
-29
-195
-374
-397
-261
-290
-357
-487
-704
-765
-863
-806
-647
-663
-620
-601
-596
-585
-467
-230
-248
-317
-334
-306
-118
73
149
-100
-468
-555
-366
-114
-87
-116
130
668
1095
1131
1081
1011
880
624
555
817
864
663
339
253
381
425
529
458
376
317
269
367
347
395
394
310
279
189
270
261
240
325
257
224
93
74
128
-30
-167
-131
0
-24
53
180
139
103
-14
-172
-76
218
359
401
436
419
280
76
9
58
90
6
-127
-221
-186
-71
53
181
-27
-373
-703
-651
-597
-564
-531
-729
-425
-243
-85
-83
-235
-334
-251
-405
-206
-248
-68
160
303
110
-410
-514
-560
-595
-379
-261
-103
-349
-375
-216
-344
-245
-259
-178
-584
-612
-524
-360
-235
-330
-239
5
-150
-221
-410
-621
-598
-396
-110
-25
83
80
-269
-515
-641
-501
-463
-623
-490
-312
306
1097
1212
1223
1153
1013
849
620
857
1160
1089
707
359
503
786
815
698
610
583
494
371
327
334
171
-49
-141
27
313
247
116
-39
-62
-4
-219
-153
-90
-14
14
-179
-115
23
54
-27
1
70
125
-69
-171
383
922
1073
721
463
327
-72
-232
-272
-137
-126
-394
-495
-561
-299
-85
-249
-340
-413
-353
-434
-467
-208
-48
40
-221
-425
-228
-160
-255
-260
-243
-309
-278
-243
-229
-196
-298
-475
-597
-534
-302
-224
-357
-393
-313
-165
-45
-159
-236
-112
-70
-100
-56
-136
-417
-593
-465
-232
-131
-194
-342
-413
-346
-284
-298
-352
-437
-548
-639
-639
-603
-711
-1021
-1217
-814
196
1203
1673
1674
1653
1749
1658
1350
1118
982
792
524
458
743
954
886
753
530
316
293
245
70
5
119
216
176
182
323
344
156
-16
-66
-64
-95
-155
-157
-96
-63
-50
-38
-112
-248
-265
-135
-19
48
72
-93
-220
133
683
901
673
205
-96
-178
-253
-219
-131
-229
-367
-312
-115
62
161
239
118
-104
-121
-70
-141
-200
-84
-55
-187
-419
-396
-146
-411
-762
-748
-579
-478
-508
-492
-494
-464
-500
-561
-596
-550
-386
-210
-75
-77
26
-7
-82
22
-32
-52
-26
-51
-75
-94
-184
-331
-386
-462
-537
-510
-528
-647
-765
-929
-1064
-1040
-1009
-1076
-1380
-1757
-1438
-186
1214
2000
2166
2217
2320
2010
1401
1209
1447
1373
812
367
396
729
909
907
734
496
373
59
-234
-257
25
307
208
137
216
308
288
154
53
-56
-165
-208
-117
56
141
47
-85
-123
-146
-224
-324
-328
-218
-124
-185
-313
-91
522
907
722
368
311
379
147
-185
-240
-152
-51
45
93
208
251
150
94
34
11
58
-44
-186
-24
196
34
-357
-382
-151
-321
-599
-832
-934
-826
-810
-590
-523
-561
-388
-537
-527
-352
-363
-397
-651
-684
-393
-107
152
252
376
380
168
-69
-320
-344
-341
-468
-588
-657
-631
-688
-763
-837
-676
-562
-880
-1092
-1280
-1361
-1777
-2682
-2869
-1670
682
2437
2867
3148
3605
3611
2866
2083
1898
1786
1020
132
-69
344
812
859
510
89
-148
-342
-761
-1176
-1167
-836
-558
-292
265
993
1323
1084
788
748
654
318
79
163
322
307
157
49
51
15
-212
-507
-617
-601
-630
-641
-495
-194
137
499
910
1275
1318
939
385
-1
-64
-53
9
36
78
119
67
146
124
71
-72
-191
-178
-313
-346
-333
-166
-79
-241
-376
-507
-547
-699
-895
-961
-904
-760
-652
-529
-401
-384
-566
-798
-824
-625
-402
-378
-496
-567
-529
-394
-248
-133
-151
-265
-477
-754
-899
-892
-817
-975
-1089
-1105
-1218
-1361
-1595
-1625
-1746
-1981
-2636
-3744
-3715
-1804
1527
3693
4282
4547
5028
4977
3838
3103
2790
2499
1066
250
-87
506
518
15
-698
-1337
-1423
-1805
-1820
-1979
-1554
-1059
-287
395
1367
2374
2658
2181
1587
1342
1055
567
345
374
580
544
269
140
115
-39
-536
-1229
-1514
-1450
-1163
-843
-612
-155
320
658
845
857
989
1241
1602
1873
1815
1510
1005
535
275
91
-16
-53
-229
-439
-609
-790
-856
-834
-808
-738
-553
-377
-134
-17
-188
-460
-838
-973
-904
-736
-500
-489
-557
-690
-841
-933
-1052
-1123
-981
-694
-441
-109
182
209
-24
-393
-551
-542
-689
-835
-828
-836
-1014
-1205
-1191
-1174
-1443
-1755
-1927
-1897
-1580
-1483
-1577
-2227
-3911
-5252
-4216
-234
3964
5810
5932
6204
6554
5717
4356
3303
2558
1328
-102
-572
-68
649
257
-1015
-2125
-2344
-2133
-2263
-2302
-1878
-857
67
723
1473
2579
3274
2665
1954
1772
1796
1530
1052
901
897
761
238
-290
-456
-550
-1041
-1819
-2156
-1925
-1513
-1189
-848
-341
198
509
573
683
934
1051
858
761
1340
2444
3132
2812
1986
1437
1138
554
-321
-943
-1121
-1232
-1463
-1492
-1167
-921
-1120
-1431
-1277
-689
-242
-190
-165
157
511
479
144
-78
-104
-275
-720
-1069
-1027
-815
-793
-949
-1032
-992
-1000
-1066
-907
-420
-26
-94
-362
-444
-376
-429
-705
-988
-963
-667
-628
-1143
-1675
-1749
-1634
-1641
-1817
-1959
-1822
-1753
-2404
-3976
-5535
-4787
-636
4317
6588
6221
5887
6394
5978
4082
2331
1551
918
124
71
1031
1647
677
-1323
-2788
-2984
-2504
-2170
-2038
-1582
-605
500
1348
2022
2648
2743
1983
1116
1206
2018
2489
2157
1333
568
195
212
-103
-879
-1562
-1961
-2087
-2071
-1633
-1107
-815
-609
-402
255
913
1105
827
480
760
1255
1633
1878
2001
2103
1865
1514
1405
1190
514
-536
-1200
-1118
-822
-750
-892
-1049
-1197
-1315
-1229
-905
-604
-461
-309
-32
267
412
369
169
-128
-387
-459
-371
-271
-249
-394
-761
-1256
-1549
-1423
-1069
-854
-802
-687
-473
-237
-254
-331
-351
-421
-507
-691
-606
-470
-608
-903
-1152
-1134
-1139
-1222
-1458
-1894
-2320
-2152
-1484
-1101
-1811
-4060
-5790
-4112
1117
5625
6140
4885
4872
5879
5488
3773
2356
1680
1142
617
992
1644
1334
-520
-2625
-3334
-2522
-1186
-900
-1440
-1552
-338
1391
2133
1990
1493
1023
854
1460
2522
2857
2172
1200
765
934
1043
383
-815
-1686
-1821
-1440
-963
-762
-1100
-1648
-1766
-1174
-278
284
226
-106
-125
420
1306
1758
1631
1295
1067
986
802
1139
1980
2347
1567
232
-215
86
-105
-1060
-1735
-1586
-1074
-972
-1196
-1043
-913
-954
-880
-472
127
285
10
-258
-108
154
71
-179
-240
-33
26
-270
-669
-938
-1134
-1402
-1529
-1303
-872
-673
-784
-790
-594
-305
-229
-558
-1001
-1043
-764
-816
-866
-732
-777
-995
-1335
-1507
-1593
-1664
-1672
-1717
-1475
-1412
-2834
-5282
-5703
-1903
3568
5947
4847
4200
5511
6211
4448
2017
1349
1575
1204
838
1460
1940
447
-1904
-2940
-2134
-1085
-1162
-1752
-1687
-122
1687
2088
1309
851
1309
1576
1608
2069
2634
2378
1331
645
840
1088
282
-1193
-2004
-1712
-1084
-890
-1283
-1858
-1959
-1417
-745
-340
-47
-20
-137
147
770
1313
1192
663
544
873
1239
1131
755
457
191
759
2142
2727
1542
-324
-1056
-833
-878
-1442
-1949
-1859
-1166
-348
-7
-444
-1332
-1806
-1489
-460
541
815
640
517
865
1126
759
-46
-859
-1018
-565
85
340
-176
-1097
-1752
-1791
-1529
-1386
-1394
-1147
-481
204
334
-118
-690
-1028
-970
-587
-22
221
37
-483
-939
-909
-950
-1340
-2013
-2114
-1570
-1196
-1692
-3599
-5472
-4972
-1066
3187
4306
3244
3365
5263
5690
3900
2010
1809
2241
2218
2468
2551
1850
-197
-1533
-1412
-897
-1159
-2370
-2401
-1302
560
1364
1153
658
706
1203
1585
1779
1867
1766
1298
1215
1456
1556
595
-746
-1450
-1073
-533
-763
-1563
-1981
-1696
-1247
-1054
-1020
-954
-797
-556
-70
510
775
554
380
638
989
1032
778
600
525
575
550
801
1419
1784
1212
118
-236
-167
-295
-1118
-1466
-1214
-554
-380
-391
-485
-720
-1153
-1203
-639
68
451
503
424
483
585
432
-10
-230
-64
191
242
95
-188
-547
-904
-1132
-1119
-931
-801
-793
-762
-601
-423
-379
-438
-456
-434
-554
-725
-647
-283
-10
-165
-669
-1165
-1239
-1020
-1066
-1503
-1813
-1554
-1466
-2250
-3680
-3961
-2058
867
2626
2507
2648
3754
4617
3420
1768
1394
2240
2490
2201
2253
2011
1020
-432
-555
-181
-487
-1456
-1713
-585
494
659
-125
-318
79
779
749
569
636
828
1058
1230
1486
1097
156
-650
-699
-263
-306
-717
-1105
-850
-470
-444
-652
-867
-881
-987
-894
-451
-45
-134
-477
-313
275
536
249
6
5
64
18
266
652
662
530
556
870
711
207
-39
-32
-89
-480
-524
-343
-337
-688
-979
-899
-926
-957
-807
-162
373
380
154
86
468
687
682
512
471
613
600
596
571
588
466
217
77
11
-64
-152
-112
-90
-308
-655
-772
-632
-635
-937
-1237
-1163
-803
-503
-360
-337
-400
-514
-614
-678
-716
-695
-741
-763
-630
-522
-672
-1144
-1549
-1803
-1454
-702
-59
196
202
181
-146
-3
303
1040
1318
1383
1383
1610
2056
1904
1635
1353
1128
749
744
811
748
596
560
730
484
412
128
32
25
216
321
191
70
98
173
168
103
-56
-293
-362
-180
133
251
170
54
74
179
225
144
-59
-345
-587
-631
-471
-322
-380
-607
-754
-681
-510
-413
-347
-190
21
153
227
388
634
793
761
601
389
183
110
260
471
490
326
214
257
301
188
-17
-155
-186
-142
-8
190
317
300
183
44
-25
-35
-95
-147
-47
59
-36
-174
-238
-394
-625
-726
-702
-667
-590
-511
-524
-544
-507
-540
-644
-677
-588
-435
-363
-408
-511
-588
-668
-665
-667
-704
-860
-968
-909
-941
-1071
-1421
-1774
-1521
-796
56
545
506
446
38
322
787
1517
1444
1052
931
1268
1730
1438
1059
728
758
865
785
879
696
661
786
1052
1069
641
284
181
307
401
377
278
243
227
138
59
-36
-208
-407
-355
-42
209
125
-153
-292
-187
-43
-133
-357
-510
-447
-259
-101
-13
-161
-343
-492
-366
-279
-356
-510
-524
-123
53
184
67
307
327
452
568
579
495
381
625
602
646
464
357
265
257
319
193
142
-261
-403
-339
-19
-20
-96
-166
-228
-238
-215
-243
-301
-222
-80
-77
-165
-301
-435
-531
-481
-381
-328
-300
-291
-316
-325
-319
-422
-556
-480
-298
-299
-438
-558
-662
-719
-725
-763
-855
-910
-928
-878
-803
-652
-661
-779
-952
-1285
-1395
-943
-127
590
710
487
324
-7
296
682
1280
1195
1001
1136
1397
1359
1089
959
944
885
820
826
828
740
768
947
1101
850
381
173
312
461
428
264
92
62
183
220
-8
-374
-644
-683
-512
-291
-179
-174
-136
15
182
190
9
-216
-290
-225
-141
-81
6
0
-60
-207
-299
-402
-568
-612
-567
-281
100
286
304
330
324
371
122
373
442
671
636
683
789
522
455
145
184
-81
-135
-159
-62
-12
-140
-135
-189
-153
-293
-350
-386
-444
-373
-332
-150
-180
-141
-108
-76
2
-38
-55
-145
-106
-36
-112
-239
-323
-368
-465
-535
-606
-700
-802
-785
-695
-644
-615
-656
-639
-668
-613
-616
-576
-602
-660
-535
-489
-391
-752
-1077
-1271
-698
12
508
414
123
-10
-42
476
824
1123
931
859
1101
1272
1317
968
961
932
1016
864
825
769
800
885
934
867
599
305
130
156
257
223
127
65
49
-6
-89
-224
-274
-317
-239
-91
10
125
69
85
126
115
82
-102
-202
-262
-305
-336
-340
-293
-331
-396
-481
-491
-624
-662
-557
-367
-174
24
314
475
561
402
373
67
200
318
536
519
353
442
359
405
133
-19
-267
-405
-347
-169
132
40
17
-172
-166
-304
-285
-256
-186
-104
21
141
129
95
86
65
4
-72
-88
-120
-150
-163
-197
-353
-414
-429
-398
-444
-567
-571
-658
-599
-473
-382
-345
-444
-455
-453
-435
-467
-488
-531
-515
-524
-623
-669
-890
-1085
-1295
-1066
-349
250
558
298
127
-4
179
588
883
975
818
999
1168
1360
1001
871
722
758
628
486
581
570
719
786
839
620
442
260
259
229
245
201
198
288
317
185
-51
-271
-307
-200
-75
-29
-37
-58
-41
50
89
29
-120
-176
-123
-216
-282
-326
-291
-254
-92
-43
-80
-184
-256
-153
-57
111
152
180
249
283
313
187
120
68
15
-29
14
-16
-100
-142
-189
-125
-147
-242
-278
-145
54
137
45
-32
-111
-104
-31
7
3
-119
-164
-109
-44
12
-21
-10
35
114
108
69
-24
-104
-110
-144
-81
-173
-237
-359
-352
-311
-349
-403
-459
-368
-280
-248
-338
-417
-372
-326
-373
-466
-529
-539
-551
-514
-601
-771
-962
-975
-613
-200
67
134
49
50
130
299
477
619
697
687
736
813
866
865
795
722
641
558
484
481
565
609
564
521
449
341
296
303
348
338
222
167
193
173
102
-4
-87
-61
20
100
108
88
73
21
14
-5
-93
-167
-124
-51
-21
-69
-182
-169
-200
-106
110
141
24
-143
-134
-120
-36
196
296
218
83
-5
-110
-163
-258
-271
-162
-134
-75
-115
-127
7
69
45
-89
-246
-273
-236
-213
-201
-223
-208
-223
-270
-200
-156
-164
-55
92
175
152
38
-38
-14
59
81
-18
-120
-95
1
76
68
-32
-157
-252
-281
-254
-244
-314
-397
-410
-382
-369
-467
-548
-548
-524
-471
-514
-560
-569
-584
-515
-482
-475
-426
-350
-166
14
67
68
37
135
387
598
741
730
689
721
689
605
503
514
606
600
537
484
511
561
527
499
476
376
273
295
319
293
278
217
173
65
-24
-10
-32
-31
23
123
143
56
18
65
103
91
29
-79
-137
-155
-70
-50
-73
-73
-144
-35
118
193
41
-159
-98
-2
140
203
151
36
-14
2
-54
-112
-216
-208
-95
-21
-41
-110
-134
-97
-112
-240
-272
-337
-325
-170
-50
21
-72
-155
-182
-177
-231
-315
-303
-231
-83
-43
-68
-89
-67
61
132
142
70
-22
-51
-44
-19
-47
-80
-84
-76
-121
-261
-408
-491
-402
-283
-270
-295
-379
-398
-401
-419
-500
-659
-670
-602
-538
-509
-441
-378
-294
-59
101
123
93
96
249
480
585
645
646
657
797
783
726
529
373
486
546
640
645
568
503
453
447
441
379
233
209
245
336
378
320
278
172
144
91
22
-13
-53
26
130
201
181
58
16
37
23
23
-1
-36
-2
67
126
43
-118
-154
-176
-181
-102
-29
7
-53
-74
-33
-79
-149
-213
-211
-144
-123
-168
-226
-232
-203
-195
-211
-222
-281
-306
-284
-230
-185
-222
-224
-208
-178
-167
-209
-186
-193
-207
-203
-215
-158
-155
-132
-63
40
198
201
141
37
11
101
49
36
59
4
-38
-119
-233
-271
-275
-261
-266
-303
-275
-332
-352
-311
-303
-296
-405
-385
-284
-270
-265
-231
-132
-48
-80
-161
-70
114
236
263
254
309
363
504
579
551
508
402
390
445
443
383
318
274
302
316
362
352
278
389
378
352
312
309
324
352
310
266
269
249
284
267
186
129
154
73
36
39
42
137
107
134
88
109
32
-78
-62
-87
-132
-173
-165
-118
-95
-167
-278
-361
-292
-215
-285
-278
-311
-180
-127
-103
-158
-279
-327
-348
-302
-241
-236
-242
-233
-226
-155
-163
-128
-134
-152
-143
-160
-120
-81
-81
-104
-123
-100
-112
-148
-149
-122
-73
-6
17
-29
-35
22
66
42
-24
-79
-138
-110
-91
-140
-188
-214
-178
-242
-306
-347
-381
-358
-340
-256
-218
-213
-189
-86
84
184
230
188
231
363
397
432
531
620
672
670
576
444
313
307
364
371
359
324
309
232
154
158
207
256
195
162
197
231
259
220
174
109
11
-11
-8
38
88
28
49
78
45
37
-17
13
44
31
49
-39
-45
27
56
87
-19
-98
-89
-55
5
-44
-69
-66
-85
-84
-143
-180
-205
-249
-231
-212
-225
-247
-276
-259
-275
-307
-277
-293
-296
-254
-210
-133
-119
-88
-46
-44
-18
-85
-118
-103
-105
-20
-18
-17
-35
-72
-30
-75
-117
-150
-121
16
31
-52
-126
-111
-12
-55
-128
-139
-186
-128
-96
-131
-99
-150
-161
-117
-170
-216
-244
-202
-127
-76
-13
-41
-50
55
140
160
134
142
243
357
380
365
390
390
402
419
391
343
286
314
366
379
364
289
257
252
263
231
168
164
146
192
217
138
71
37
44
94
102
45
10
-9
19
89
78
10
-32
-55
-3
59
9
-4
-39
-77
-31
-97
-165
-164
-131
-73
-48
-33
-74
-123
-128
-120
-108
-171
-231
-259
-233
-169
-158
-172
-274
-303
-251
-274
-224
-210
-203
-116
-90
-99
-106
-143
-130
-51
3
37
29
-9
-63
-63
-40
-84
-46
-13
-41
-41
-119
-104
0
6
0
-108
-164
-94
-45
-47
-58
-75
-154
-176
-217
-204
-235
-254
-235
-119
-67
-83
-104
-47
30
63
59
71
119
236
282
243
250
226
260
357
327
356
361
419
429
353
353
266
249
260
374
366
295
257
288
327
282
204
140
142
141
156
107
82
25
21
55
-31
-48
-111
-98
-97
-64
-42
-32
-5
-7
-23
-74
-162
-97
-51
-60
-34
-116
-171
-118
-99
-68
-111
-208
-181
-178
-90
-117
-126
-161
-178
-142
-144
-122
-102
-132
-150
-174
-169
-142
-127
-119
-143
-138
-137
-162
-89
-69
-74
-97
-187
-161
-75
-5
53
68
66
39
-14
-44
-37
2
36
24
32
43
29
9
-59
-72
-59
-83
-76
-63
-53
-53
-72
-74
-105
-150
-160
-151
-120
-93
-75
-21
19
58
116
98
54
36
66
143
141
153
235
298
285
223
199
183
212
236
209
231
242
244
235
215
242
247
251
272
246
213
157
133
199
224
188
125
59
51
79
56
-17
2
54
33
17
-25
-64
-42
-60
-77
-26
6
1
-39
-57
-42
-108
-172
-179
-177
-149
-122
-110
-148
-220
-262
-290
-287
-259
-222
-186
-152
-149
-182
-190
-202
-193
-144
-125
-92
-61
-47
-85
-119
-119
-135
-105
-110
-135
-132
-142
-113
-96
-82
-68
-42
34
60
48
29
-5
-25
-29
51
126
88
43
-11
-36
12
-15
-58
-12
43
60
23
-48
-56
-31
40
126
109
119
104
64
82
45
84
162
182
157
85
82
126
155
161
165
158
111
149
206
241
248
141
121
168
199
227
192
153
97
109
165
145
107
76
71
137
207
161
63
51
105
131
121
95
43
24
23
9
-24
-61
-44
17
1
-48
-67
-121
-111
-118
-147
-108
-134
-186
-224
-237
-235
-216
-187
-252
-299
-302
-257
-160
-146
-184
-222
-236
-184
-109
-85
-110
-134
-181
-153
-63
-88
-161
-201
-182
-148
-157
-116
-117
-118
-60
-83
-47
-15
-51
-43
-33
17
36
-10
-14
8
46
114
153
130
47
-41
-18
41
106
118
72
131
178
176
145
106
168
199
224
257
213
213
205
207
238
187
153
186
245
240
155
123
156
167
168
196
181
139
110
83
27
42
101
66
56
31
0
43
46
56
8
-73
-38
-28
7
52
-11
-21
32
23
-52
-114
-114
-68
-69
-113
-100
-101
-104
-73
-89
-107
-119
-154
-123
-54
-39
-57
-91
-122
-133
-148
-170
-188
-185
-160
-144
-147
-162
-181
-191
-207
-212
-191
-170
-159
-136
-89
-67
-113
-174
-217
-205
-137
-89
-50
-25
-53
-86
-39
-38
-42
-50
-77
-47
-5
29
31
53
-14
3
-6
21
71
139
137
154
158
169
195
164
122
155
226
275
268
220
208
236
251
249
192
166
183
227
264
246
189
123
154
180
204
173
39
47
76
85
129
86
37
46
75
95
54
-22
-41
-33
2
90
120
62
-2
-48
-66
-81
-85
-71
-84
-93
-94
-113
-148
-86
-81
-107
-91
-108
-107
-127
-81
-128
-95
-90
-73
-129
-207
-198
-233
-162
-156
-156
-100
-79
-84
-97
-124
-138
-84
-35
39
-5
-68
-137
-108
-45
-36
-45
-166
-151
-182
-101
-91
-172
-163
-104
-42
-23
-11
-77
-112
-68
-25
16
28
34
14
3
-7
67
97
74
77
21
26
92
164
159
126
114
108
170
212
206
140
134
197
203
162
118
150
169
139
122
143
177
188
160
128
165
185
185
184
154
99
31
55
106
113
118
94
71
48
16
45
82
51
22
4
-41
-32
0
1
19
9
-48
-106
-122
-110
-61
-37
-122
-178
-195
-175
-146
-153
-135
-163
-182
-192
-204
-146
-130
-134
-120
-128
-158
-184
-153
-166
-180
-163
-163
-104
-62
-66
-84
-93
-93
-105
-79
-90
-110
-62
-20
-2
-34
-68
-77
-88
-69
-44
1
34
23
25
6
-16
13
62
85
98
97
44
-2
24
80
101
82
81
114
125
89
54
50
88
138
145
123
83
50
76
119
170
228
226
161
87
53
122
196
183
185
171
154
113
62
104
65
60
108
62
102
123
45
24
-8
-7
43
42
76
60
-12
-4
-7
-11
7
15
3
-67
-99
-76
-7
49
-26
-115
-175
-168
-135
-113
-38
-55
-85
-148
-165
-78
-76
-106
-183
-144
-59
-72
-63
-78
-89
-104
-136
-176
-160
-102
-93
-89
-98
-95
-79
-88
-98
-93
-118
-120
-53
-30
-46
-57
-76
-72
-54
-59
-26
16
7
-2
-8
17
34
48
64
34
48
38
24
74
68
83
99
69
69
56
89
106
96
122
98
102
120
84
80
111
134
137
135
123
115
112
104
102
94
88
90
72
32
31
73
96
86
89
103
66
10
14
68
95
61
26
36
51
47
18
-47
-81
-59
-25
1
-3
-52
-59
-16
-31
-100
-130
-117
-110
-92
-33
14
-23
-72
-88
-89
-70
-87
-125
-119
-46
-32
-45
-49
-84
-45
-49
-84
-91
-82
-48
-80
-77
-45
-39
-31
-71
-95
-39
1
-26
-32
-49
-64
-22
-11
-26
-9
-22
-63
-59
-38
7
18
-9
-7
-8
-13
-8
0
-19
-4
13
9
9
-50
-49
-26
26
96
86
102
84
82
101
82
118
133
69
57
93
84
101
121
87
36
4
19
101
180
149
105
87
99
74
55
123
106
108
98
37
31
17
30
52
57
33
24
20
14
30
7
-32
-70
-79
-63
7
2
-66
-89
-74
1
-22
-59
-119
-137
-82
-86
-31
-34
-36
-41
-87
-86
-144
-166
-134
-96
-46
4
-23
-65
-43
-47
-36
-19
-41
-48
-8
2
-11
-32
-67
-26
-36
-75
-60
-77
-30
-2
-39
-26
3
41
-1
-33
16
4
52
128
104
61
24
-6
5
37
86
121
78
49
87
84
64
55
-9
-27
40
61
54
10
-24
27
28
-21
-52
-57
-3
46
59
56
39
38
30
-5
-10
21
80
96
53
45
52
52
35
5
-5
-32
-28
38
88
81
60
26
45
83
12
-52
-36
-14
-5
5
-6
4
13
-34
-20
-4
-16
-19
-103
-85
5
-15
-29
-56
-37
23
-13
-35
-31
-32
-3
29
37
1
-36
-57
-68
-71
-91
-95
-74
-54
-31
2
12
-9
-14
-66
-120
-83
-66
-45
-3
-2
-10
-28
-22
20
-11
-65
-79
-58
3
40
52
46
25
42
3
-43
-32
-24
10
22
53
127
111
62
37
8
-5
14
27
8
26
52
89
123
91
60
20
35
72
46
68
28
-11
57
52
30
10
-24
-13
2
33
4
-11
19
31
80
40
-35
-70
-77
-12
21
23
25
34
28
22
-3
-54
-61
-21
62
38
-12
41
11
-41
-62
-67
-34
-22
16
-15
-37
-2
-35
-15
21
-6
-38
-32
-22
-20
-31
-38
7
-10
1
-23
-82
-33
-34
2
58
7
-48
-44
-30
-45
-34
1
-20
-67
-53
-79
-4
69
-29
-45
-41
-23
26
19
-27
-39
15
-4
-52
-65
-19
22
60
47
-14
4
-12
16
59
34
31
26
52
77
117
117
60
20
10
59
111
80
18
23
55
54
74
91
46
-4
21
53
51
53
28
-13
-4
43
65
52
37
26
-14
-14
22
-32
-89
-43
6
2
-35
-100
-90
-2
40
12
-70
-125
-137
-45
62
15
-2
-10
-62
-33
-35
-21
17
1
-7
16
69
43
-9
-17
-94
-125
-59
5
27
35
-16
-28
11
-47
-48
-84
-155
-71
2
58
96
41
9
-6
-51
-51
-53
-50
-28
7
79
73
33
-18
-44
-6
-8
-6
-26
-36
-11
8
66
68
-11
-1
45
5
13
4
-21
-3
31
116
86
34
55
32
20
-18
-26
15
5
34
41
-29
-3
14
-3
24
4
16
20
-10
-5
40
115
108
65
41
7
-39
-72
-26
44
52
21
6
20
42
61
22
-36
-55
-42
-17
-14
21
51
23
-20
-44
-41
-70
-42
25
12
20
-12
-44
3
11
21
-10
-84
-101
-89
-34
5
-23
16
-24
-73
-29
-7
9
-20
-36
-89
-22
25
81
55
12
-12
-44
-40
-71
-27
3
56
44
40
10
-22
-34
-16
25
45
29
11
1
-18
-32
-24
11
45
7
-27
-40
-11
61
64
11
-4
-36
-10
60
15
44
36
8
72
11
11
22
-16
15
-17
-9
32
57
99
57
-20
-32
3
0
-19
10
62
118
134
79
-30
-95
-73
-56
-17
10
3
18
62
43
-30
-1
46
57
32
-16
22
56
52
28
-39
-99
-89
-13
18
-27
-64
-82
-27
59
51
1
-78
-106
-27
22
34
12
-23
-34
-15
-25
-57
-49
-69
-47
-6
-27
-52
-33
24
11
-29
-16
5
22
24
0
-2
49
73
54
25
-1
-1
-2
-34
-30
-17
-50
-52
-23
8
13
-20
-15
5
18
-4
-55
-36
18
60
66
30
5
-23
-26
14
37
55
38
-4
-30
-25
33
55
34
28
40
72
49
-9
-23
17
92
94
23
-20
-24
20
51
51
-4
-40
-13
-20
19
20
-24
-19
-42
-16
23
4
-27
-50
-40
5
19
-21
-17
8
-9
1
18
-13
12
40
18
17
-14
-41
-64
-71
-4
11
45
63
-9
-7
-41
-40
23
32
77
17
-57
-52
-78
-87
-71
-43
11
57
20
16
30
13
24
-17
-63
-43
-3
-19
6
28
12
50
6
-14
23
16
29
49
47
62
72
43
47
51
16
-49
-32
23
38
80
52
35
-34
-79
-44
-43
28
4
-16
0
-15
8
11
61
53
4
-18
-24
-15
-3
18
6
-5
-10
4
19
16
8
-2
-30
-34
26
54
57
18
-8
19
-4
6
14
-15
-28
-21
31
19
-24
-11
-13
3
-10
-38
-58
-86
-36
32
73
60
-12
-47
-6
15
-38
-56
-32
29
100
69
6
-57
-80
-38
-28
-19
-61
-61
16
-12
-5
4
-24
54
44
-19
-15
-26
3
17
-16
-19
5
50
35
-17
-48
-86
-49
-18
-44
1
41
59
19
-36
-12
-13
47
37
-10
56
61
86
85
26
-2
0
32
15
-8
21
43
64
111
104
46
-34
-63
-21
-13
36
45
27
27
0
-8
-41
-15
18
-22
-36
-26
3
10
6
34
15
-39
-47
-45
-31
-15
-31
-16
-8
-9
6
10
14
-6
-71
-115
-69
5
47
65
57
41
22
-3
-11
-41
-85
-98
-54
19
75
67
-15
-54
-67
-32
11
33
59
2
-4
-2
-21
-6
-9
26
43
62
77
42
2
-24
-37
-28
12
49
68
9
-48
-73
-31
63
66
38
-18
-40
-45
-26
12
-43
-16
36
9
-6
-41
-68
-34
22
64
36
-20
6
6
36
71
10
7
-35
-39
36
15
14
11
15
70
29
-46
-65
-38
17
68
121
91
2
-65
-107
-44
28
63
61
20
16
-20
-6
19
-13
-24
-18
44
23
-47
-45
-52
-2
99
62
-47
-75
-63
13
62
80
29
-56
-17
-12
-2
23
-10
-16
17
45
-26
-68
-52
-36
17
50
24
-16
-34
-51
-49
-31
-35
-59
-45
7
16
-4
5
47
3
-36
-13
-2
1
-28
6
43
63
58
-41
-61
-24
57
115
49
13
-27
-28
68
66
27
23
22
17
-47
-46
3
29
61
15
-11
1
17
65
22
-68
-96
-71
-14
57
72
26
3
-4
8
25
6
-10
-28
-51
-36
9
33
5
-32
9
55
5
-41
-27
-5
12
13
1
5
12
12
23
27
13
-10
-27
-1
23
26
45
34
-15
-39
-58
-41
10
7
-9
12
-5
-49
-55
-39
-19
5
13
8
5
38
17
-44
-57
-14
8
-34
-12
-1
17
45
16
-19
-56
-23
4
25
8
-48
-41
-58
-29
23
30
26
-12
-29
-4
37
71
57
30
30
-1
-45
-12
31
39
20
12
58
57
24
1
-41
-52
-17
58
46
-6
-1
29
38
-1
-9
-29
-25
43
78
56
14
10
32
33
-21
-44
-33
3
59
35
5
-29
-27
4
-33
-35
-20
13
55
-3
-32
-44
-30
-9
-20
-1
-26
11
38
-2
11
-27
-42
-17
-12
2
-36
-67
-8
21
15
23
-10
16
26
-8
32
-13
-21
9
-47
22
50
34
20
-43
-21
8
27
10
-15
-57
-35
37
39
65
12
-6
-4
-37
-7
9
21
3
-12
10
67
39
16
12
-56
-33
-20
14
49
20
6
0
37
55
58
63
24
-43
-52
-17
-16
36
79
41
27
5
-34
-33
-25
-17
4
2
-5
8
20
26
-10
-39
-25
-35
-29
-5
13
-26
-38
35
22
20
6
-47
-27
-14
15
29
51
89
40
-28
-91
-81
-18
14
52
15
-1
8
4
44
14
-29
-19
12
31
6
-10
-27
-58
-45
5
-7
-56
-35
2
-22
-69
-81
-33
21
11
-18
9
39
29
6
-23
-46
-30
14
28
7
-19
-23
10
34
24
-4
-19
-55
-79
-19
39
64
50
2
-9
3
28
11
-31
13
60
62
51
10
-23
-47
-26
33
49
34
-10
-4
46
26
16
29
14
0
16
41
20
-12
-9
14
16
35
50
10
0
31
46
40
30
16
-27
-39
-45
-37
31
29
17
10
-19
28
37
-3
-21
-55
-48
-12
-5
12
24
30
46
23
-19
-51
-42
-13
15
23
-11
2
7
-4
21
26
24
-9
-45
-55
-56
-26
15
44
44
-7
-59
-47
-10
6
-29
-45
-28
-49
-11
35
32
24
-19
-32
15
14
-12
2
-6
0
22
31
-6
-52
-37
-37
14
64
74
62
-20
-21
-22
-17
45
55
63
44
0
-23
-50
-48
-15
6
-15
2
58
43
50
39
-56
-84
-69
-9
40
2
-1
14
27
46
14
-7
-13
-7
-12
-29
8
21
9
12
4
20
16
-3
-16
-33
-6
13
20
16
-17
3
20
35
59
24
-36
-62
-59
-19
63
50
29
58
29
-9
-44
-24
-9
-13
21
-7
0
35
-10
-25
21
12
-23
-48
-42
0
13
43
30
-50
-40
7
-9
-28
-20
-17
6
38
14
-13
-41
-55
-8
7
-1
-4
-16
-29
-33
16
17
-57
-83
-61
7
92
81
9
-12
-12
-27
-2
26
19
13
23
12
4
18
20
47
50
-11
-17
1
-7
-10
10
64
68
36
12
-20
-20
-10
39
29
-36
-32
-16
50
83
47
18
0
-21
-28
6
-16
-29
-17
30
56
22
17
-19
-16
8
-25
-65
-71
-10
65
98
53
-15
-19
42
49
-35
-69
-55
-3
62
85
72
28
27
20
-30
-48
-90
-83
-24
11
51
34
23
18
-43
-36
13
-21
-46
-45
-51
-41
-23
10
32
57
44
-3
-25
-65
-30
9
6
31
13
44
81
4
-53
-61
-68
-19
9
1
45
34
-10
-18
-43
-20
53
78
47
-15
-37
-8
40
51
6
-6
20
37
44
21
-22
-35
-38
-33
5
35
22
-23
-16
18
22
26
3
-23
-26
-5
36
26
-19
-38
-13
30
40
11
-34
9
40
30
45
-20
-59
-19
40
41
-7
-11
-17
-2
12
22
8
-6
24
46
32
-27
3
45
24
-9
-39
-8
19
44
26
-48
-50
-34
-17
-8
-13
16
15
-5
22
30
8
-1
-1
-13
-32
-56
-47
-23
-8
26
25
4
-25
-84
-83
-28
10
37
50
21
-11
25
36
-12
-26
-28
-25
-25
-33
-4
43
51
25
-25
-36
19
25
13
-20
-36
17
36
18
-22
-31
-3
23
34
-6
-24
9
19
-1
14
44
45
26
15
40
37
-9
-19
14
12
-5
8
31
39
7
-12
-2
-21
-28
-22
-5
4
-19
24
45
31
26
-30
-42
-14
18
35
1
-27
3
48
7
-43
-26
-13
14
30
-22
-38
-54
-49
45
50
14
-31
-77
-3
49
58
31
-34
-12
15
8
-10
-51
-27
33
54
40
13
-18
-24
-1
-10
1
-2
-34
8
20
-3
9
12
32
-6
-60
-28
0
31
12
-38
-11
11
41
54
0
-19
-14
-7
5
9
17
4
-11
11
8
-12
-2
-6
-11
-5
-7
-6
5
24
30
25
31
23
-7
-12
-6
-1
12
3
-5
-12
-46
15
47
62
52
-20
-10
-5
-7
-2
-4
0
13
20
-30
11
14
-20
4
-24
-9
11
-6
12
-29
-10
28
9
22
23
-16
-14
8
6
-1
-28
-27
-17
-25
-2
24
4
0
-33
-27
-37
-36
2
8
28
23
3
-22
-21
7
11
-55
-21
26
6
39
20
4
10
-8
-18
-15
2
-3
-11
-19
1
-3
9
27
-6
-17
-17
-5
41
22
21
-4
-24
30
4
-26
-9
6
40
16
6
28
-7
2
19
15
-7
-9
15
31
15
12
-13
-6
0
-52
-23
0
34
98
60
0
-12
9
8
2
-12
-9
39
53
31
2
-19
-7
22
23
-23
-12
21
-14
-2
11
-34
-4
26
6
-27
-64
-25
22
15
-3
-16
-5
18
5
-15
-5
-19
-23
-23
-47
-33
-2
3
0
42
56
24
-18
-30
-8
-27
-14
-25
-14
36
25
20
-26
-41
-1
-2
-2
-7
-14
16
15
-14
23
29
22
15
-11
-9
-15
-3
-8
3
17
13
47
29
18
24
7
32
-4
-34
17
13
14
26
-12
6
44
42
4
-45
-33
-21
4
49
10
18
34
5
29
22
4
-1
9
11
-12
-8
-14
0
19
15
0
-11
-11
0
31
10
-15
-27
-39
3
0
12
44
2
0
0
-9
4
-10
-19
-18
-10
-5
1
-25
-23
10
-1
25
10
-36
-29
-34
9
33
6
1
-22
-6
33
26
-11
-33
-15
0
15
-1
-2
28
15
4
-12
-38
-19
4
15
20
-7
-31
-14
15
36
43
16
-11
15
16
-15
-6
-3
-4
22
10
-2
-15
-43
-34
1
25
0
-12
-23
-33
21
21
4
14
2
10
15
11
10
6
1
-18
-34
-8
26
29
11
-5
-8
-4
-11
-12
-4
4
9
34
44
19
7
-22
-42
-14
0
9
-9
-24
-10
-21
10
17
-4
30
-4
-27
4
-6
2
33
60
29
-24
5
18
12
22
19
5
-25
-10
4
3
14
-10
-22
-9
16
37
-6
-34
-18
-41
-10
35
-3
-4
10
-2
28
23
-2
-8
-23
0
25
-8
-8
43
23
6
9
-32
-1
13
10
11
-17
13
22
8
1
6
7
-5
-11
-12
9
-1
-13
-24
-21
-18
11
51
32
27
-13
-20
1
-2
43
21
-5
8
11
14
17
-15
-38
-14
-1
6
-30
-44
-7
14
-3
0
0
-26
4
-15
-2
21
-44
17
47
15
21
2
19
-1
-7
20
-20
-16
3
21
13
-17
7
-15
-22
20
16
15
2
-16
-18
-16
-11
-5
7
-3
4
-2
0
19
20
2
1
16
4
9
9
9
3
6
-9
-26
-8
0
5
6
22
8
-13
-5
-18
-13
21
9
-5
-4
-18
-24
25
14
5
24
15
8
-4
3
1
4
-19
-5
24
4
-4
-30
-35
5
17
21
27
-3
-6
8
-1
28
17
11
5
-12
-30
-28
8
46
22
-14
-15
-6
15
15
-3
0
-10
-20
-34
-22
-2
4
13
15
3
-10
-8
-2
-2
9
29
14
-6
14
10
-8
2
-16
-28
2
23
13
0
19
10
-12
-9
-2
13
11
-3
-1
-7
-6
0
1
20
10
1
10
-26
-19
1
1
-2
-27
-7
10
10
15
16
21
-11
-9
4
9
25
6
14
-22
-27
21
10
27
-14
-44
2
4
29
18
-11
6
21
14
9
5
-3
-8
-17
-8
-11
6
46
20
-11
-19
-21
5
8
-8
11
8
0
15
11
7
-4
5
2
-17
-7
5
-8
-18
0
-3
17
27
9
8
0
26
14
-2
11
-15
3
18
20
26
-5
-10
-6
-23
-11
13
14
6
1
-4
-8
-10
-6
9
11
-3
-21
-35
-4
7
12
27
-9
-17
-10
-3
15
8
1
7
3
-15
10
26
6
7
-16
-19
-2
0
10
0
8
23
-4
-6
9
-6
-11
3
9
-6
-1
30
-5
-30
-15
-1
-14
3
9
8
-21
-8
20
6
8
4
28
21
-4
21
5
-9
-4
13
7
-1
-21
-7
10
1
18
5
-22
-22
10
26
3
-10
1
-8
-1
2
-2
5
-1
-12
-13
-9
-4
