-1
-2
1
0
-4
-7
-6
-4
-4
-10
-14
-12
-11
-11
-13
-14
-14
-10
-8
-5
-5
-2
2
3
2
0
0
2
0
1
2
4
6
2
-2
-4
-6
-4
-1
-1
-3
-9
-11
-9
-4
1
2
0
0
1
4
4
3
5
6
7
6
5
5
5
4
4
4
1
1
-1
-3
-3
-2
2
3
0
-1
2
9
14
12
11
10
13
13
13
13
15
16
17
15
12
10
8
6
4
2
0
-2
-2
-1
1
2
2
1
5
7
8
9
10
11
12
11
15
19
21
21
18
17
16
13
9
9
9
8
3
-2
-2
0
0
-2
-4
-4
0
4
2
-1
1
6
6
4
4
9
11
7
7
7
8
5
1
1
2
0
-1
-3
0
1
-5
-11
-13
-9
-8
-9
-12
-13
-10
-11
-8
-4
-3
-7
-11
-11
-7
-4
-4
-4
-3
-1
-3
-7
-9
-9
-7
-7
-11
-12
-10
-8
-9
-11
-10
-8
-9
-13
-14
-10
-4
-3
-6
-8
-7
-5
-3
-3
-3
-4
-6
-10
-7
-1
2
-3
-12
-15
-10
-2
1
-1
-2
-3
-9
-12
-11
-4
1
0
-6
-7
-3
3
2
-2
-3
-1
-2
0
5
9
5
-5
-8
-4
2
5
8
6
-2
-8
-4
2
2
1
11
17
0
-20
-11
11
11
4
1
7
13
-10
-6
7
38
43
-5
-32
-7
57
53
-39
-59
-40
115
250
52
-196
-269
60
406
286
-167
-319
-101
287
285
-67
-185
-17
137
79
-101
-61
106
136
11
-152
-108
85
91
15
-8
7
18
-86
-123
42
169
140
-54
-198
-64
109
138
55
-73
-50
25
6
17
27
54
76
-31
-60
12
56
110
46
-39
15
12
12
48
32
99
78
-86
-72
17
126
133
-45
-124
-28
74
81
-20
-91
-9
1
-7
-76
-30
-3
-1
-105
-109
-45
-66
-86
-50
-30
-83
-124
-140
-61
-83
-130
-72
6
-109
-231
-234
-63
-31
-110
-42
-32
-150
-371
-279
274
449
10
-625
-654
144
713
478
-275
-655
-168
440
459
-7
-199
128
440
189
-195
-52
364
556
206
-63
88
243
244
133
263
411
205
-137
-166
258
609
414
-117
-331
4
413
355
-55
-207
67
294
82
-263
-218
134
268
21
-230
-171
24
50
-75
-123
-55
-72
-206
-205
-45
-8
-190
-415
-381
-212
-148
-232
-422
-318
-90
-233
-640
-746
-246
422
144
-1138
-1856
-1193
1067
2665
652
-2911
-3959
-315
4395
3598
-1635
-4591
-1795
3110
3391
-539
-2268
73
2403
1105
-1628
-934
2135
2730
356
-1585
-601
1384
1145
62
452
1324
771
-1059
-1436
621
2331
1595
-707
-1949
-720
1054
1186
-19
-943
-467
415
8
-1122
-1082
352
1232
134
-1550
-1589
-133
709
63
-642
-302
91
-540
-1293
-657
886
1228
-279
-1671
-1086
630
1263
391
-412
-215
180
34
-42
588
1180
726
-326
-596
259
1133
1055
362
44
310
493
205
32
503
1036
666
-443
-884
-41
937
622
-472
-861
-362
-43
-440
-601
-277
-59
-516
-1087
-936
-545
-355
-696
-633
-412
-919
-1672
-1911
267
2565
1030
-3089
-5002
-815
4998
4200
-2165
-5713
-1823
4350
4018
-1386
-3113
542
3620
1396
-2375
-1212
2696
3513
601
-1848
-468
1877
1579
159
305
1503
1255
-653
-1418
403
2301
1816
-509
-1921
-647
1211
1220
-266
-1176
-229
835
-86
-1642
-1358
619
1523
-293
-2185
-1629
343
899
-710
-1473
-314
627
-269
-1831
-1107
1118
1489
-450
-2177
-1103
1407
1561
-362
-1278
-65
1563
943
-861
-664
1230
2143
661
-1217
-612
1375
1943
630
-737
-242
870
662
-18
-122
366
526
-331
-901
-268
520
207
-902
-1176
-333
108
-455
-1421
-1345
-288
-33
-648
-1640
-1686
-1005
-422
925
1076
-904
-3271
-3150
1141
4565
1968
-3315
-4358
191
4402
2469
-1883
-1742
1668
2933
127
-2088
383
3512
2742
-403
-1613
563
2258
1167
235
884
1456
489
-1074
-539
1525
2236
924
-1019
-1416
-99
936
842
-97
-730
-212
50
-744
-1392
-658
987
954
-1187
-2384
-1187
683
688
-1039
-1449
-95
424
-730
-1804
-863
1150
1411
-332
-1830
-1442
191
1237
1273
774
-120
-1027
-1208
292
2625
2839
430
-1854
-1510
1213
3003
1904
-12
-575
53
607
450
411
978
1165
238
-1057
-1178
68
1094
822
-295
-1250
-1445
-1037
-398
206
291
-634
-2035
-2267
-835
446
-65
-1610
-2120
-1048
-207
-1044
-2553
-2182
943
3287
831
-4519
-6149
-464
6761
6038
-2188
-7381
-2971
5039
5898
-300
-3390
453
4195
1750
-2667
-1358
3930
5239
1013
-2663
-1086
2465
2564
553
568
2136
1703
-1289
-2501
593
3911
2876
-1194
-3272
-1207
1634
1657
-385
-1422
-513
206
-701
-1812
-1173
634
1095
-737
-2418
-1873
-210
452
-684
-1311
-524
-9
-489
-1668
-1104
686
727
-597
-1389
169
2109
794
-1809
-1719
1423
3842
1737
-1986
-2163
1045
3856
2450
-1016
-1272
878
2099
1524
324
145
363
161
142
164
787
980
-421
-1087
-842
-387
-267
-688
-548
-246
-458
-1755
-2654
-1358
823
579
-2210
-3576
-1782
959
474
-2905
-5174
-2223
4618
5597
-1778
-9469
-7640
4585
12207
4614
-8636
-11025
1091
11530
5926
-5337
-5681
3419
7625
310
-5936
-350
7843
6635
-1813
-5507
539
6051
3135
-1295
239
3842
1946
-3346
-3042
3389
6716
1880
-4871
-4846
995
4298
1541
-2314
-2094
555
826
-1762
-3124
-714
2601
2019
-2360
-5104
-2790
1405
2445
124
-1848
-1724
-1250
-1571
-1034
1314
2755
406
-3574
-3824
717
4534
2805
-1828
-3088
67
2661
1543
-490
174
2239
2022
-469
-1555
512
3011
2708
165
-1298
-268
1358
1426
384
-7
352
103
-1015
-1219
32
766
-477
-1979
-1598
-394
-201
-1483
-2257
-1267
-120
-915
-3119
-3179
-906
1115
61
-3297
-5130
-3841
1868
6420
2480
-6321
-10621
-2856
10503
11236
-2458
-12747
-6535
9059
12401
-675
-9026
-1630
9034
7029
-4344
-6245
4153
10314
3959
-5155
-3828
4518
5874
336
-1478
2508
4634
-118
-4818
-1126
5823
5595
-1536
-5718
-1977
3223
2742
-1373
-3027
-677
1716
172
-3389
-3588
155
2842
565
-3865
-4305
-944
1406
851
-1386
-1939
-376
-673
-2175
-1424
1186
2950
684
-3352
-2817
1401
3566
1769
-1095
-1041
1116
1845
899
243
1348
2438
1446
-51
-325
891
2389
1983
-70
-678
311
733
497
-357
-273
725
-179
-1903
-2203
-305
1621
-133
-3240
-3634
-1274
1214
276
-2723
-3748
-2710
-1338
-840
-836
-657
-2404
-5844
-3798
4524
7482
-714
-11955
-11039
5562
16598
6436
-11702
-15074
1996
16662
8445
-7957
-8856
4869
12328
1915
-8795
-2223
10271
10228
-1647
-7888
106
7989
4494
-1532
-196
4719
3166
-3812
-4400
3158
7958
2964
-5698
-6111
1462
5449
1462
-4014
-3524
1590
2571
-2212
-5300
-1914
3866
3092
-3730
-6634
-2237
2917
2197
-2534
-3756
-373
1346
-629
-3154
-1316
3246
2822
-1650
-4476
-1332
4272
4207
-174
-2954
-845
2898
2824
195
-59
1962
2031
67
-1095
646
3411
2563
-810
-1825
-133
1197
641
-482
-145
519
-803
-2779
-2321
474
1592
-1163
-4052
-3171
-144
565
-1485
-3256
-2809
-1098
-1040
-1880
-2141
-2295
-3033
-2536
2009
4757
-68
-8736
-9664
3436
14367
7086
-9351
-14271
118
15049
9803
-5733
-9182
2440
11365
4063
-6408
-2987
7655
10188
824
-7028
-1658
6779
6386
189
-1835
2039
3397
-306
-3070
517
5847
3951
-3433
-6232
-589
5003
2663
-3378
-4235
346
2601
-1085
-4959
-2561
2728
2796
-2384
-5281
-2606
1148
1521
-602
-1770
-1071
-669
-1553
-1235
1402
2965
511
-3410
-3239
1405
4546
2221
-1845
-1880
1499
2699
587
-393
1174
3115
1608
-1855
-1260
1930
3523
1732
-1411
-2001
-54
1304
617
-153
-337
-720
-1979
-2244
-727
588
77
-2716
-3853
-1920
519
106
-3063
-3750
-1333
361
-1341
-4215
-4942
-1871
4012
5217
-1031
-8856
-9865
1080
13000
9788
-5189
-13842
-5001
10980
12807
-825
-9238
-2064
9439
9419
-2188
-7422
760
9646
9015
23
-6053
-1762
4681
6285
4133
206
-1410
-955
-368
1828
3540
2573
-299
-3139
-2713
484
1631
221
-1395
-1697
-36
-430
-3065
-3340
-341
2477
734
-3164
-4477
-2150
1370
1435
-1186
-2472
-1821
-100
720
-206
-425
-34
101
689
663
430
305
-274
507
1865
1826
996
-227
-112
1683
2140
1294
571
61
361
867
995
981
256
-718
-710
56
430
-326
-1352
-1315
-646
-622
-1516
-2382
-2004
-749
-668
-2133
-2975
-1997
-700
-1066
-2510
-2920
-1682
-115
-1416
-5281
-4515
2814
7744
2105
-9928
-12227
1573
14837
10745
-6152
-14878
-3422
12100
11257
-1378
-7344
352
8588
4528
-3642
-2743
5586
9532
2855
-4753
-2548
4161
5646
1989
-157
1835
2741
-618
-2986
286
5219
4485
-1801
-5455
-2116
2978
2924
-1274
-3218
-889
920
-1347
-3763
-2275
1385
2052
-1753
-4331
-2787
180
883
-1135
-1735
-253
387
-680
-2015
-923
1834
2345
339
-1603
-1070
1609
2541
1131
26
391
1575
1336
171
685
2061
2311
940
-739
-199
1286
1496
861
-95
-130
-176
-825
-743
-228
89
-816
-2147
-2038
-761
-378
-1404
-2587
-2477
-1131
-967
-1845
-2872
-2623
-1467
-1190
-2094
-4019
-4719
-3767
1391
6618
2992
-6873
-12732
-4480
11022
14403
639
-13008
-9903
5762
14213
5001
-5839
-4038
5392
8127
259
-4213
1383
8874
7747
-627
-4565
-58
5512
5313
2076
1099
1695
272
-1925
-537
3873
5553
1077
-4697
-4522
851
3934
1342
-2597
-2783
-286
-20
-2270
-2889
-413
1757
-206
-3911
-3764
-634
922
-55
-1737
-1603
-99
-760
-2494
-1173
2087
3204
411
-3709
-3198
2134
5080
2696
-1271
-2310
695
3307
2320
593
798
1930
1463
-396
-453
1497
2954
2105
-701
-1699
-66
625
209
41
-152
-608
-1827
-2581
-1328
311
4
-2195
-3710
-2457
-530
-526
-2102
-3437
-2641
-1284
-912
-1550
-3304
-4428
-4691
-1895
4545
6330
-1187
-11401
-11449
3136
15664
9702
-6981
-14646
-3926
11443
11651
109
-5962
-218
6982
4355
-2485
-1465
5943
8836
3135
-3936
-2849
3766
6038
3211
971
1671
1616
-1368
-2412
1506
5970
4495
-2596
-6088
-1759
3102
2931
-464
-2354
-1091
-498
-2406
-3279
-639
2329
1427
-3079
-5821
-3038
1408
2375
-536
-2936
-2262
-903
-589
-940
260
2149
717
-1993
-2114
194
2922
2377
-191
5
1217
1163
543
75
1873
3765
1953
-896
-1603
513
3384
2877
296
-873
-573
521
564
-326
415
534
-1095
-2199
-2284
-616
427
-1276
-2860
-2402
-1115
-1195
-1916
-2438
-1521
-1092
-2203
-2484
-1918
-1579
-3148
-5316
-4058
4532
7717
91
-11926
-12686
2836
16544
11228
-7087
-15743
-4844
12261
12532
-267
-7530
-912
7748
4885
-3125
-2203
6193
9470
3225
-4359
-3277
3952
6516
3228
409
1442
2024
-1039
-2773
780
5710
4955
-2259
-6752
-2759
3191
3808
-605
-3650
-1580
431
-1786
-4086
-1606
2496
2173
-3080
-6449
-3061
2131
2780
-1255
-3641
-2062
55
570
-659
-436
1002
402
-1219
-901
905
2015
1107
-809
142
2282
2261
485
-842
693
2625
2197
129
-819
784
2350
1456
-589
-782
928
1834
344
-1342
-830
603
241
-1553
-1896
-404
421
-1395
-3213
-2391
-40
134
-2325
-3809
-2905
-1172
-434
-1177
-1791
-2857
-4596
-5159
-1447
7302
7961
-2957
-15253
-11374
7463
19669
8113
-12491
-17083
-586
16051
11415
-4209
-8398
1275
8914
3441
-4384
-1253
7803
8947
709
-5925
-2201
5524
6270
2166
378
1386
954
-1878
-1943
2849
6353
2912
-3997
-5892
-713
4283
2918
-1939
-3392
-494
983
-1711
-3964
-1486
2556
1997
-2953
-5740
-2778
1839
2434
-822
-3236
-2420
-406
440
400
545
389
-769
-1674
-530
1883
2663
793
-1213
-708
1441
2378
1266
181
684
1588
1302
273
315
1456
1876
728
-393
-106
840
943
-211
-593
-13
297
-548
-2011
-1547
-228
114
-1238
-2945
-2363
-660
-216
-1265
-2160
-2376
-2189
-1973
-1188
-56
-952
-3796
-6662
-3804
5566
9086
-54
-12757
-12778
3794
17019
9551
-8925
-15625
-2413
13183
11110
-2563
-7683
154
7787
4157
-3372
-1686
5576
7584
1885
-4091
-1943
3937
5104
2330
338
1443
1735
-1653
-2386
2080
5676
3428
-3364
-5905
-559
4205
2621
-2029
-3574
-346
1574
-1209
-3789
-2017
1841
2234
-1798
-4743
-2943
862
1792
-606
-2194
-1244
-291
-1092
-1557
545
2427
853
-1999
-2265
820
3167
1153
-1278
-20
2288
2260
-200
-1706
720
3706
2832
-412
-1783
222
2684
2236
-40
-897
156
773
-284
-913
262
1229
-184
-2656
-2722
-241
1246
-414
-2908
-2999
-778
221
-1153
-2285
-2391
-1655
-1367
-1138
-499
-1394
-3529
-5675
-2323
5786
7048
-1670
-12254
-10769
5867
16607
6813
-10472
-14741
-230
14219
9770
-3738
-7729
516
7657
3484
-2924
-1098
5309
7116
1112
-4549
-1843
4242
5545
2456
-89
376
729
-1327
-1187
2625
4978
2281
-3779
-5392
102
4483
2793
-1900
-3747
-1010
1144
-391
-2455
-1366
1201
1027
-2100
-3665
-1766
825
1527
-831
-2209
-1022
-673
-853
-405
962
1689
-217
-2727
-1721
1891
3346
1358
-1446
-1066
1239
1742
841
130
1206
2241
839
-781
-646
1501
3013
1486
-816
-1372
227
1493
623
-637
-484
220
-153
-1336
-1546
-327
143
-653
-1986
-1956
-750
-688
-1089
-1573
-1035
-958
-2390
-2608
-805
1060
-102
-3638
-6469
-2984
5582
7877
-647
-11280
-9945
3911
13712
6900
-7595
-11774
-1201
10416
8173
-2170
-5924
305
6575
3650
-2474
-1941
4000
6567
2368
-3042
-2288
3182
4786
1845
129
870
890
-778
-1207
1573
4181
2241
-2597
-4226
-273
3297
2091
-1708
-3041
-368
1269
-297
-2594
-1827
1266
1593
-1370
-3599
-2002
1036
1450
-1139
-2504
-1058
518
415
-1368
-1017
897
1055
-206
-1538
-750
1610
1957
154
-486
-160
849
1425
511
1017
1668
855
-283
-506
982
2335
1461
-529
-622
523
740
-73
-532
358
792
-407
-1781
-1633
-274
367
-269
-1462
-2072
-1595
-807
-525
-969
-1194
-1442
-1829
-1697
-958
47
-712
-3275
-4845
-1131
5187
5067
-2502
-9753
-6430
5687
11468
3549
-8190
-9599
999
9841
5817
-2849
-4712
1262
5956
1838
-3003
-854
4618
5892
889
-3561
-1237
3300
3712
1701
259
931
971
-979
-982
1635
3643
1644
-2356
-3147
178
2790
1382
-1517
-2194
21
882
-902
-2005
-884
1164
506
-2118
-2640
-829
1049
388
-1499
-1459
-145
380
-851
-1482
118
1537
1134
-986
-2374
-405
2236
2180
449
-1109
-854
945
1511
953
880
920
461
-251
-289
873
1882
1381
22
-736
-231
388
288
114
420
343
-741
-1713
-1551
60
931
-140
-1803
-2346
-1010
-457
-769
-854
-1055
-1192
-1579
-1718
-933
433
-222
-3153
-4586
-784
4867
4368
-2488
-8849
-5469
5589
10025
2544
-7439
-7956
1502
8479
4246
-2935
-3506
1581
4529
670
-2162
613
4226
3945
-376
-2650
246
3213
2442
658
306
1196
924
-1237
-1029
2053
3562
1142
-2727
-2958
613
2892
1062
-1880
-1840
318
960
-1000
-2061
-420
1315
493
-2105
-2551
-558
1376
641
-1395
-1305
-471
63
-448
-1067
420
1613
-57
-1950
-1532
685
2856
1320
-1308
-1163
275
1712
1077
-233
458
1402
829
-369
-346
946
1714
963
-230
-608
88
718
290
-245
-48
258
-195
-898
-890
-246
158
-203
-993
-1435
-1037
-614
-741
-795
-637
-1047
-1682
-1743
-961
469
300
-2006
-4234
-2643
2687
4795
842
-5680
-7152
281
7692
5875
-2536
-7395
-2891
5059
5925
277
-3011
-774
3128
2626
-1041
-970
2360
3706
1575
-1281
-942
1683
2291
1119
866
1441
939
-825
-1218
963
3042
1997
-1326
-2853
-653
2143
1876
-651
-1947
-717
610
-76
-1427
-987
575
720
-1006
-2432
-1237
690
813
-551
-1634
-673
131
-608
-1027
-131
1644
1378
-1254
-2381
-642
2099
2656
196
-1669
-1039
720
1870
1182
231
280
222
137
17
444
1543
1197
-103
-929
-511
860
992
122
-422
-356
-245
-750
-874
-189
411
-68
-1292
-1882
-1292
-20
143
-724
-1252
-1626
-1581
-1139
-349
168
-588
-2355
-3792
-1530
3293
4093
-791
-6518
-5855
2515
8192
3758
-4705
-7238
-479
6705
4754
-1637
-3299
756
4062
1512
-1901
-302
3069
3770
830
-2109
-501
2440
2489
831
184
837
871
-209
-821
841
2720
1457
-1561
-2375
58
2157
1035
-1354
-1596
229
1016
-600
-2071
-815
1244
766
-1609
-2420
-696
848
401
-914
-1378
-453
196
-545
-671
242
542
156
-695
-858
554
1222
450
23
85
381
560
287
496
1191
1129
167
-571
-16
1240
1498
546
-333
-206
387
317
-286
-255
471
575
-362
-1320
-1069
-138
301
-96
-1229
-1500
-794
-803
-1040
-488
-251
-845
-1474
-2167
-1358
717
662
-1665
-4332
-2920
2930
4855
197
-6307
-6725
1847
8215
4329
-4146
-7226
-1155
6246
5130
-1316
-3237
404
3800
2070
-1309
-347
2770
3785
1333
-1647
-736
2188
2842
1418
157
648
1107
-189
-515
1007
2583
1655
-1467
-2280
-7
2067
1201
-1326
-1803
-9
890
-599
-1997
-1040
884
711
-1479
-2516
-1100
730
533
-1108
-1419
-193
149
-511
-1091
-523
1229
1306
-745
-1921
-652
1502
2506
868
-1422
-826
865
1821
1399
341
435
576
374
184
640
1574
1448
247
-583
-306
366
507
88
146
60
-785
-1749
-1734
-174
634
-534
-2456
-2871
-1662
-673
-319
-1195
-2215
-2470
-2641
-1508
-136
-957
-2779
-4713
-3607
2269
5194
386
-7990
-9200
1467
10400
6370
-4723
-9635
-2239
8101
7801
-842
-4529
410
6078
4142
-1370
-975
3996
6532
3228
-1691
-1170
3195
4928
3138
857
902
1574
195
-109
1779
3473
2409
-1575
-3446
-249
3351
2197
-1447
-3151
-890
1746
138
-2640
-2337
657
1475
-1367
-3729
-2606
636
1296
-1057
-2788
-1841
117
280
-943
-1369
-242
727
138
-947
-651
903
1674
849
-201
25
1055
1493
1243
1174
1281
887
336
615
1617
2016
1137
-59
-250
431
634
44
-333
89
356
-366
-1723
-2588
-2120
-841
-109
-1132
-2920
-3777
-2903
-1633
-1179
-1389
-2750
-3769
-3881
-2400
-867
-2257
-5245
-5827
771
5965
2256
-7439
-11654
-1652
10762
10332
-3022
-11528
-5962
7659
11106
2509
-4701
-1914
5468
5971
-49
-1179
3616
7435
4750
-829
-2028
2890
6070
4449
1978
1400
2155
591
-595
1403
4590
4308
-1051
-4161
-1500
3277
3842
-279
-3217
-2147
320
322
-1519
-2045
-199
704
-1429
-3822
-3039
-49
1502
106
-2545
-3034
-1891
28
1026
477
-133
-1688
-1644
-178
1385
1995
537
-244
311
1360
1357
805
770
1934
2646
1440
357
-116
1616
2924
1906
280
-940
241
1332
757
-441
-900
-199
-278
-1534
-2500
-1930
-989
-1141
-2413
-3366
-3054
-2447
-2777
-2828
-2479
-2606
-3723
-4924
-3692
-1478
-1924
-4861
-7100
-3296
4133
4184
-3189
-11373
-7338
5481
11732
2990
-8424
-9189
2027
10826
6377
-1583
-2738
3381
6926
2654
-351
2763
7352
6830
2290
-394
2233
5426
4615
3375
4023
4234
1315
-1886
130
5667
7267
1731
-4797
-4221
2135
5176
1623
-2855
-2741
133
639
-1738
-3066
-710
1732
-82
-3963
-4629
-1736
730
98
-1632
-1524
-1773
-2529
-2850
-973
3351
2912
-2219
-5614
-2861
3828
6222
2116
-3049
-2573
1769
3901
2602
851
1489
2524
1414
-380
419
3236
3904
1178
-1339
-540
1493
1156
-936
-1314
209
199
-2301
-3995
-2579
-396
-938
-3825
-5456
-3913
-1991
-2106
-3839
-4479
-3668
-3583
-4616
-5035
-3678
-1959
-2784
-6350
-8365
-3639
4566
4030
-4049
-11837
-7197
5216
10636
2774
-6984
-7367
2134
9844
5764
-847
-733
4639
7358
3189
482
3825
8177
7138
2546
386
3302
6711
5552
3192
3177
4210
3160
814
1267
3983
4931
2149
-1979
-2061
1902
3514
1260
-1790
-2369
18
618
-1234
-2645
-1091
856
-358
-3242
-3765
-1378
398
450
-2476
-2425
-1779
-1450
-1373
-703
699
1426
-270
-2902
-1873
708
3762
3276
482
-1347
-518
1547
3005
3132
2414
1299
107
-52
1352
3043
3147
1181
-596
-704
381
948
351
-531
-1023
-1365
-1927
-2490
-2363
-1858
-1957
-2714
-3752
-4158
-3930
-3939
-3449
-3015
-3578
-4636
-5557
-4891
-2814
-2451
-4137
-6724
-6999
-374
4662
804
-7285
-11135
-2519
8868
8697
-1270
-9328
-4792
6830
9875
2583
-2444
675
6513
6249
896
988
6078
8506
5701
1010
1041
5194
6819
4918
3231
3646
4088
2116
459
2388
5264
4514
3
-2981
-704
3212
3279
-498
-2889
-1470
695
150
-2401
-2681
-641
332
-1444
-3693
-3144
-1132
-20
-1313
-2526
-1303
-1204
-1900
-2279
-1353
1941
1754
-1423
-2989
-1701
2026
3263
969
-948
-224
1207
1774
1319
1414
2744
1959
472
-177
1184
3407
2656
791
-421
72
1031
570
-207
-332
-165
-867
-2070
-2639
-1969
-1269
-1853
-3171
-3836
-3669
-3491
-3957
-4407
-3407
-3044
-4280
-5914
-5923
-3384
-1961
-2772
-6554
-8876
-2146
5027
3004
-5635
-11962
-5460
7365
10178
1115
-8555
-6976
4272
10010
4261
-1796
-259
5419
6784
1829
524
5229
8324
6780
2091
172
4004
7115
5768
3485
3207
3973
2693
761
2206
5192
4870
632
-2709
-869
3290
3720
36
-2655
-1425
874
357
-2136
-2623
-269
1074
-1200
-3891
-3159
-733
219
-470
-1908
-2443
-1715
-1590
-1451
11
1173
511
-1748
-3113
-928
2624
3442
1191
-1335
-1276
1152
2989
2818
1778
1088
763
534
949
2269
2964
1826
-77
-897
128
1082
359
-493
-678
-924
-1126
-1797
-2621
-2368
-2324
-2563
-2818
-3407
-3799
-4244
-4099
-3641
-3363
-3931
-4988
-5292
-4288
-3164
-3957
-4959
-7070
-6198
490
3834
-1
-7976
-10849
-1659
9612
8476
-2392
-9171
-4262
6996
9172
2090
-1914
747
6046
5661
923
1553
6132
7909
5456
1111
1293
5348
6562
4998
3188
3589
4114
1852
469
2710
5661
4491
-20
-2702
-304
3623
3126
-277
-2035
-1016
281
-614
-2116
-1568
201
230
-2031
-3806
-2807
-620
-140
-1504
-2311
-1503
-1082
-2233
-2797
-690
2120
1663
-2040
-4199
-1538
3177
4586
1549
-1774
-1680
1056
3119
2902
1779
1132
711
202
214
1525
2994
2515
476
-1068
-550
1171
1220
-25
-621
-1001
-1312
-1884
-2377
-1418
-1065
-2426
-3631
-3996
-3161
-2091
-2749
-4147
-4272
-4058
-4084
-4830
-4974
-3853
-2767
-4253
-6293
-7502
-3103
3699
2398
-3972
-11273
-6622
4844
10215
2469
-6766
-7374
2156
8816
5578
-65
-150
3745
6131
2533
597
4440
7557
6929
2849
176
3176
6248
6269
4324
3201
3627
2774
1190
2054
4757
5177
2076
-1707
-1702
2304
3862
1013
-1882
-1341
848
447
-1782
-2458
-786
956
-656
-3889
-3673
-1021
151
-1177
-3374
-3127
-701
147
-1211
-2292
-1389
575
1034
-636
-2070
-867
2063
3129
1002
-1422
-979
1753
3349
2359
908
632
865
1163
1862
2325
1732
705
251
534
1069
930
-88
-867
-873
-823
-977
-1293
-2167
-3155
-2840
-2137
-2472
-3136
-3833
-4033
-3639
-3216
-3707
-4242
-4641
-4969
-4819
-3393
-3933
-5382
-6423
-4104
2288
2231
-2921
-9692
-7464
2693
10253
4243
-5513
-8529
261
9450
7374
157
-1476
3034
6564
3636
722
3465
7237
7219
3255
26
2900
6411
6056
3994
3351
4038
3009
1094
1470
4361
5850
2933
-1438
-1781
2069
3886
1804
-938
-1634
187
910
-1237
-2662
-1255
785
113
-2914
-3857
-1739
219
-627
-3428
-3393
-455
84
-2063
-3372
-1856
1079
1334
-1142
-2473
-1000
1417
1724
670
764
1036
804
582
831
2612
3727
1835
-348
-262
1634
3420
3001
1044
-268
-169
695
1028
543
-297
-983
-1426
-1759
-1836
-1717
-1997
-2803
-3389
-3297
-2762
-3476
-4401
-4191
-3532
-3140
-4321
-5195
-4941
-3591
-3358
-4394
-5757
-7317
-2478
3111
1913
-4535
-10770
-6485
4936
9811
2750
-6884
-7832
1331
9061
6360
593
-1119
2832
5675
3257
2008
4461
7096
6054
2731
1111
3590
6606
5950
4046
3484
4056
3323
1377
1760
4515
5520
2597
-1215
-1487
1616
3470
1793
-886
-1401
-203
-38
-1302
-1875
-780
121
-999
-2905
-3078
-1460
-411
-1179
-2311
-2162
-1345
-1226
-1507
-996
-62
-290
-1613
-1853
76
2081
1552
-768
-1575
446
2771
2629
743
-15
1235
2530
2204
1120
956
1714
2012
1309
462
350
844
991
289
-880
-1637
-1516
-719
-277
-1258
-3071
-4226
-3809
-2503
-1576
-2507
-4533
-5386
-4518
-3054
-3307
-4297
-4961
-4565
-3588
-4104
-5596
-6575
-2829
1948
1020
-4691
-9712
-5829
4394
8863
2148
-6650
-6975
1689
8898
6047
322
-929
2908
5274
2936
2366
5164
7333
5707
2246
730
3658
6632
5944
4332
3445
4041
2855
1197
2126
4164
5268
2571
-1303
-1610
1570
3488
1919
-658
-1621
-325
201
-982
-1580
-485
427
-1377
-3661
-2927
-606
104
-1624
-3581
-2489
-128
-608
-2816
-3355
-1222
1467
1291
-1605
-3290
-1503
1888
2987
741
-1126
-206
1526
2048
1341
1286
2674
2501
297
-281
1409
3236
3220
1127
-452
-234
740
1213
529
-376
-919
-1241
-899
-995
-2048
-2571
-3062
-3167
-2642
-2588
-3102
-4233
-4926
-4460
-3009
-2903
-4446
-5513
-4976
-3428
-3738
-5110
-6790
-4394
2077
2907
-3086
-9949
-8362
2747
10122
4794
-5729
-8891
-716
9425
7947
419
-2047
1937
6590
4750
1692
3191
6364
6583
3595
1480
3008
5781
5747
4367
3707
3967
3373
1377
1779
4443
5603
3267
-996
-2234
790
3450
2747
-289
-2138
-992
12
-588
-1277
-992
59
-553
-2764
-3387
-1945
-330
-575
-2551
-2840
-1346
-635
-1378
-2593
-1513
535
483
-1194
-2143
-548
1545
1664
271
-158
701
1464
1301
705
1526
2424
2219
955
-20
1128
2636
2724
1086
-428
-89
1044
1313
432
-456
-782
-896
-1309
-1647
-1839
-2322
-2706
-2839
-2831
-3006
-3690
-4370
-4225
-3428
-3218
-4083
-5672
-5231
-3768
-2765
-3910
-6178
-7613
-3475
3255
2586
-3349
-10790
-7414
3675
10583
3683
-6037
-8135
770
9052
6868
27
-1232
2941
6206
3501
1097
4002
7446
6768
3102
890
3323
6228
5727
4273
3959
4019
2989
865
1644
4769
5448
2516
-1594
-2161
1611
3811
1820
-974
-1574
-316
-63
-1503
-1931
-328
910
-541
-3190
-3554
-1437
133
-621
-2101
-1977
-890
-1161
-2633
-2665
-309
1681
473
-2552
-3270
-301
2936
2682
-217
-1667
34
2254
2253
930
839
1964
2067
641
-115
1230
2887
2447
305
-855
-10
1183
923
-430
-1093
-877
-795
-1414
-1825
-1858
-2136
-2865
-3438
-3086
-3185
-3571
-4242
-4183
-3121
-3184
-4040
-5375
-4924
-3485
-2866
-4318
-6828
-3781
1931
2695
-3379
-10002
-7004
4598
10092
2635
-7050
-8128
1654
9490
5945
-455
-1515
3347
6252
3476
1314
3524
6992
6628
2850
998
3343
5919
5559
3956
3777
4126
2564
799
1925
4923
5568
2214
-1461
-1146
2215
3670
1297
-1344
-986
558
12
-1924
-1977
238
1307
-848
-3653
-3544
-983
483
-769
-2748
-3028
-1723
-687
-797
-1267
-1280
-1070
-1110
-1055
-351
542
568
-229
-489
509
1660
1646
875
733
1488
2017
1649
1070
1088
1481
1576
1299
1111
990
658
253
63
94
-298
-1085
-1582
-1383
-1048
-1616
-2901
-3559
-3016
-2302
-2270
-3679
-4650
-4160
-3373
-2868
-3794
-4659
-4880
-4014
-3677
-4110
-4991
-6647
-2475
2403
1124
-4554
-9854
-5450
5086
8946
1839
-6905
-6930
2235
9093
5555
-240
-1211
3310
6150
3205
1524
4067
7015
6280
2632
725
3401
6357
5988
4221
3286
4019
2958
721
1954
4821
5360
2230
-1896
-1468
2032
3032
1492
-806
-1151
48
-450
-1521
-1260
108
426
-1595
-4009
-2885
-119
166
-1171
-3212
-2675
-705
-684
-1863
-2820
-608
1366
-256
-2607
-3089
-251
3181
2688
-590
-1984
-382
2067
2729
1574
1067
1640
1866
1056
530
1371
2484
2304
827
-322
175
1375
1185
-215
-1124
-1038
-832
-985
-1271
-1661
-2267
-3110
-3358
-2820
-1931
-2245
-4038
-4938
-4411
-3054
-2984
-4186
-4884
-4298
-3256
-3951
-5834
-6703
-2036
2989
999
-5081
-10175
-5455
5765
8955
1496
-6902
-6953
2272
9413
5630
-158
-1004
3203
6074
2814
1302
4380
7401
6183
2182
528
3510
6538
5872
4154
3088
3678
2898
1343
2535
4592
5219
2089
-1503
-1059
1909
3568
1736
-691
-1050
-53
-28
-1349
-1346
-274
490
-1062
-3556
-3161
-1146
416
-950
-2780
-2424
-1248
-558
-2029
-2374
-676
434
-259
-1748
-1878
306
2129
666
-462
-762
374
2281
1466
695
794
1351
1595
786
809
1698
1957
1045
8
-103
823
1206
362
-689
-1104
-802
-647
-942
-1523
-1923
-2436
-2900
-3138
-2761
-2380
-3366
-4139
-4318
-3692
-3308
-3615
-4159
-4315
-3689
-4340
-4670
-5695
-3703
1339
1595
-2533
-8698
-7732
2097
9120
4897
-5287
-8390
-1122
8362
7538
750
-1746
1587
6009
4298
1317
2940
6657
6822
3385
711
2383
6002
5933
4336
3312
3890
3382
1162
1843
4526
5804
3051
-1030
-1836
1388
3699
2342
-130
-1376
5
-24
-1203
-1079
-528
275
-767
-3125
-3367
-1470
266
-454
-2249
-3283
-2140
-509
-896
-1533
-1833
-135
-338
-1129
-1635
-553
873
1676
153
-699
156
1056
1489
1320
1205
1476
1190
941
857
1465
2207
1459
389
396
444
736
949
256
-341
-885
-1643
-1356
-556
-614
-1848
-3154
-3186
-2323
-1532
-2481
-3767
-4635
-3919
-2900
-2990
-3539
-4609
-4240
-3968
-3948
-4519
-5444
-3964
1321
830
-3062
-8543
-6439
2581
8622
3710
-5184
-7265
-149
8158
6492
729
-1379
1813
5402
3953
1425
3225
6136
6411
3037
736
2800
5744
5638
4078
3137
3323
3272
1678
1886
4153
4682
2698
-492
-1329
1421
3378
2071
-310
-1279
-292
301
-686
-1243
-343
418
-790
-2898
-3144
-1456
-247
-953
-2367
-2590
-1978
-1805
-1729
-809
278
-411
-2586
-3229
-863
2358
2465
-940
-2928
-931
2228
3161
993
-892
540
2380
1840
523
554
2161
2972
1242
-636
-148
1579
2035
741
-445
-456
-467
-1145
-1521
-690
224
-783
-3297
-4525
-2945
-818
-989
-3486
-5050
-4217
-2614
-2267
-4139
-5122
-4256
-3267
-3519
-4724
-5733
-4832
-150
2062
-1084
-6695
-8986
-1585
7379
6741
-1985
-7701
-3689
5374
8094
2710
-849
800
4593
4328
1631
2758
5623
6851
4451
1050
1407
4813
6241
4865
3772
3226
2929
2010
1435
3396
5151
3634
170
-1774
-32
2936
3087
715
-990
-854
-30
-359
-1113
-763
-15
109
-1735
-3075
-2278
-725
195
-1255
-2474
-2653
-2272
-2028
-1811
424
1013
-1282
-3693
-3435
680
3675
1824
-1582
-2190
26
2337
2310
950
617
1221
1574
1056
723
1513
2326
1810
362
-160
918
1907
1151
-398
-742
-171
-416
-1348
-1307
-466
-755
-2594
-4232
-3595
-1110
-537
-2823
-5617
-4920
-2451
-1767
-3765
-5206
-4348
-2970
-3366
-5842
-6243
-3085
2425
957
-3725
-9431
-6198
3098
8405
2925
-5052
-6573
231
6995
5045
830
269
2687
4375
2193
1476
4010
6493
5535
2857
1500
3140
5506
5090
3785
3622
4029
3203
1431
1802
4001
5039
3028
-614
-1162
1814
3198
1727
-332
-991
170
335
-1204
-1658
-306
671
-695
-2848
-2895
-1266
-243
-1184
-2628
-2359
-1643
-1733
-2220
-2332
-479
1002
-870
-3069
-3007
-663
2306
2010
-524
-1424
-677
988
2183
1861
1595
1422
717
482
1162
2452
3143
2030
206
-400
559
1623
1397
526
29
-436
-1257
-1746
-869
451
-16
-2462
-4319
-3754
-1477
-422
-2028
-4227
-5110
-3925
-2813
-2759
-3662
-4316
-4100
-3924
-4518
-5447
-5372
-830
2485
-674
-5917
-8896
-3096
5012
7491
-172
-6113
-5683
3281
7889
3736
-362
288
4084
5005
1811
1697
4689
6661
5117
1844
1415
4363
5981
4982
3662
3351
3654
2853
1456
2665
4616
4484
1963
-1262
-848
2645
3902
1778
-1009
-1574
36
506
-988
-1692
-587
424
-667
-2823
-3055
-1362
-226
-1120
-2421
-2455
-1916
-2186
-2597
-1011
432
-282
-2977
-4059
-598
2555
2274
-1222
-3116
-409
2581
3051
792
-435
1001
2249
1855
912
1346
2442
2443
1135
213
768
1839
1745
480
-79
270
-2
-1206
-1599
-316
750
-770
-3674
-4748
-2748
-15
-642
-3969
-5873
-4390
-2142
-2189
-4033
-5023
-4187
-2944
-4058
-5428
-6230
-4008
1966
1691
-3079
-8959
-7347
1767
8293
4537
-4292
-7495
-1736
6912
6646
1511
-896
1223
4413
3706
1584
3543
6068
5764
2881
963
2618
5520
5561
3944
3280
3573
3655
2045
1571
4038
5181
3094
-214
-1367
1322
3834
2449
-446
-1468
-178
804
-549
-1802
-1361
174
-17
-2191
-3162
-2003
-520
-779
-2272
-2648
-1517
-1744
-1708
-2226
-254
6
-1425
-2813
-2095
1287
2273
704
-2353
-2045
657
3227
2405
-86
-937
614
2314
1950
965
1089
1689
1397
358
342
1326
1793
754
-327
-219
95
-700
-1436
-669
269
-727
-3207
-4331
-2887
-888
-1014
-3278
-5325
-4377
-2576
-2710
-4084
-4864
-3734
-2749
-3893
-5699
-6222
-2361
2706
708
-5038
-9408
-4537
4324
7515
773
-5735
-5498
1684
6800
3893
707
360
3208
3892
2130
1946
4835
6108
4686
1930
1527
4128
6046
4433
3058
3591
4250
2897
1005
1948
4769
4986
1794
-1247
-651
2316
3309
1311
-784
-848
157
61
-963
-1100
-169
72
-995
-2748
-2588
-709
-266
-1296
-2560
-2331
-1516
-1807
-2902
-1820
972
153
-1570
-3619
-2914
1177
2636
1130
-968
-1362
-488
1784
1313
1667
1983
1524
1081
395
964
2795
2560
1718
628
364
1027
1065
131
450
840
-382
-1898
-2140
-162
981
-1010
-3363
-4384
-3129
-474
-877
-3415
-4704
-4372
-3242
-2700
-3352
-4150
-3972
-3535
-3771
-4893
-5259
-4167
423
1211
-1894
-6875
-7472
-604
6228
5167
-2291
-6164
-2958
5170
6401
2361
-161
1224
4324
3920
1989
2795
5703
6121
3646
1675
2256
5003
5739
4372
3398
3361
3163
2153
1719
3216
4826
3565
178
-1511
492
3135
2695
69
-1250
-318
446
-371
-1364
-785
62
-624
-2117
-2911
-1632
-853
-1199
-1909
-2269
-1919
-1840
-2381
-2468
-179
219
-46
-2671
-3658
-1228
1928
2474
419
-1871
-2113
833
2165
2613
1757
1063
585
272
747
2443
3606
2553
265
-778
298
1682
1693
928
156
-397
-1259
-1758
-935
406
355
-1919
-4318
-4197
-2011
-422
-1604
-4151
-5328
-4307
-2665
-2601
-3574
-4186
-3684
-4146
-5192
-5880
-3124
1802
1488
-3692
-9369
-6607
1874
7865
3255
-4481
-6339
-1097
5819
5212
1509
208
2084
4006
2972
1389
3862
6392
6330
3433
841
2545
5703
5763
4056
3414
3999
3411
1570
1557
3813
5025
3087
-183
-1117
948
2868
2239
266
-747
-382
-214
-664
-960
-249
269
-794
-2442
-3104
-1697
-751
-1117
-1786
-1857
-1419
-2262
-2490
-2332
-730
1183
-588
-3025
-3342
-1082
1964
2339
-575
-1525
63
1155
2144
1055
759
1965
1967
1372
377
895
2649
2967
1539
529
143
552
1413
687
63
-366
-1212
-1378
-1351
-636
-266
-2069
-3820
-3598
-2074
-734
-1936
-4480
-4791
-3714
-2450
-2850
-4389
-4973
-3517
-3711
-4557
-5233
-3787
1797
644
-3093
-8426
-5894
2342
7558
3105
-4883
-6313
-659
6765
5536
1593
-351
2150
4284
2865
1765
4413
6162
5350
2894
1658
3349
5341
4879
3815
3743
4141
3621
1583
1177
3761
4903
2997
8
-1246
726
2763
1891
22
-692
-249
-248
-1350
-1744
-520
547
-503
-2605
-3003
-1749
-818
-1251
-2300
-2088
-1173
-1751
-3296
-3147
136
2768
104
-4324
-4611
-586
3809
3464
-1044
-3402
-1547
1581
2925
1994
1064
838
602
602
1317
2952
3308
1179
-269
8
623
1669
1759
249
-614
-821
-1594
-1831
-529
537
-512
-3177
-4829
-3504
-1096
-176
-2200
-4915
-4952
-3615
-3069
-2906
-3401
-3229
-3834
-4797
-5336
-5040
405
2586
-629
-7334
-8923
-1727
6643
6222
-1792
-6360
-3160
4369
5767
2144
217
1814
4310
3669
1313
2837
5602
6071
3891
1771
2665
5060
4965
3646
3879
4455
4065
1917
505
2748
5000
4207
1101
-1576
-399
2323
2285
694
-634
-730
48
-553
-1502
-905
36
-204
-1838
-3137
-2348
-746
-526
-1718
-2444
-1767
-1334
-2172
-2588
-1080
807
209
-2500
-3500
-897
2318
2223
-743
-2491
-927
1686
2322
1185
494
930
1223
899
1143
2392
3094
1902
73
-161
1298
2315
1541
85
-474
-298
-463
-1089
-876
-129
-33
-1815
-3799
-3889
-1997
-413
-1394
-3780
-5105
-4273
-2955
-1949
-3137
-3749
-4549
-3818
-4442
-4234
-4900
-2070
1302
95
-3717
-8000
-4484
3237
6926
1427
-4172
-5570
1029
6168
4879
1501
395
1758
3378
2173
2979
5174
5692
4134
1863
1649
3868
5423
4857
3420
3257
3689
2824
1438
1761
3551
4490
2509
-645
-1397
877
2858
2038
-238
-1180
-523
-339
-1091
-1356
-325
256
-1062
-3139
-3205
-1156
-392
-1280
-2447
-1914
-1165
-2150
-3184
-2473
1408
2366
-1570
-4777
-3845
1461
4834
1935
-3010
-3302
183
3517
3379
447
48
1090
1727
982
1018
3224
3182
982
-635
22
1860
2586
1043
-687
-120
385
-770
-1961
-878
914
145
-2942
-5087
-3776
-282
683
-3047
-5936
-5109
-2673
-1574
-3148
-4390
-4471
-3314
-4174
-4830
-5404
-3019
1732
770
-2828
-8632
-5835
1533
7265
3682
-3004
-5532
-2005
4760
5644
3164
558
1408
2934
3087
2206
4303
5561
5043
3125
1686
3212
5240
4917
3911
3775
4176
3234
1325
1149
3527
5190
3445
-307
-1813
123
2442
2355
357
-1137
-1117
-784
-919
-1019
-500
-157
-1118
-2568
-2788
-1647
-682
-1000
-1674
-1751
-1745
-2120
-2471
-1370
870
836
-1837
-3666
-2569
1024
3220
973
-2159
-2277
25
2404
2469
810
225
829
1231
1210
1440
2204
2351
1232
94
278
1330
1617
772
29
-147
-615
-1516
-1750
-878
-318
-1212
-3206
-4183
-2970
-1404
-1267
-3075
-4502
-4483
-3401
-2798
-3004
-3287
-3551
-4161
-4300
-5180
-2887
1464
843
-2853
-7722
-5401
1346
6831
2542
-3505
-5571
-661
5063
4797
1390
523
1959
3497
2329
1809
4435
6010
4800
2416
1074
3389
5477
4673
3277
3408
3937
2908
974
1006
3634
5006
2811
-603
-1632
591
2570
1815
-195
-934
-356
-284
-1134
-1456
-528
266
-558
-2434
-3024
-1725
-471
-873
-2044
-2405
-1731
-1148
-1924
-2435
-1284
633
620
-1954
-3177
-1602
1344
2621
996
-934
-1421
33
1828
2538
2194
1207
518
462
1094
2139
2750
2105
791
76
302
875
967
545
162
-68
-834
-1931
-1876
-491
104
-1326
-3414
-4125
-2793
-1287
-1379
-3054
-4376
-4297
-3245
-2660
-2777
-3307
-3619
-3934
-4328
-4706
-3510
538
1029
-1314
-6237
-6475
-463
5204
4373
-1112
-4558
-2697
3443
5188
3001
686
1251
3176
3275
2397
3394
4990
5269
3410
1744
2607
4463
4888
3864
3132
3406
3161
1941
1304
2378
3787
3179
544
-1258
-426
1559
1979
416
-1101
-1185
-708
-859
-1232
-857
-189
-579
-1960
-2654
-1779
-599
-722
-1825
-2309
-1696
-1119
-1363
-1660
-1105
-300
-500
-1496
-1688
-375
1052
914
-351
-763
377
1588
1509
741
719
1580
2069
1543
995
1348
1913
1703
1024
695
788
857
488
-132
-333
-228
-715
-1608
-1643
-850
-743
-1994
-3341
-3378
-2007
-1237
-1921
-3605
-4374
-3557
-2669
-2635
-3172
-3545
-3414
-3365
-4047
-4906
-3058
1092
829
-2341
-7004
-5273
1248
6093
3378
-2393
-5035
-1248
4597
5112
3069
513
1365
2755
2703
2894
4548
5131
4370
2457
1718
2988
4729
4368
3548
3350
2999
2112
1274
1495
2916
3676
2490
133
-1178
-421
1241
1732
569
-891
-1214
-815
-826
-1024
-797
-417
-808
-1901
-2123
-1381
-562
-1266
-2125
-1960
-724
-389
-1611
-2090
-1154
708
-3
-1434
-2203
33
1732
1674
-198
-777
180
1423
1657
1391
1428
1588
1227
745
972
1969
2324
1550
412
144
636
921
321
-408
-474
-460
-1121
-1735
-1468
-957
-1154
-2208
-3508
-3441
-2278
-1362
-2269
-3863
-4226
-3372
-2658
-2817
-3161
-3369
-3167
-3658
-4392
-4246
-29
1427
-291
-5005
-7175
-1789
4895
5954
113
-4586
-3664
2877
6086
4073
1522
1100
2285
2671
2298
3896
5734
4589
2324
1359
2544
4768
4723
3284
2685
3107
3038
1531
953
2488
3870
3470
746
-1706
-643
1443
1748
671
-702
-1174
-1135
-1322
-1304
-626
-62
-731
-2296
-2767
-1667
-931
-706
-1281
-2303
-1441
-730
-1364
-1686
-1470
222
1128
-618
-2339
-1642
1117
2507
1140
-640
-471
745
1537
1668
1379
1573
1187
669
660
1065
2072
2184
1307
-37
-638
406
1353
731
-623
-1053
-1058
-1582
-1823
-1131
-447
-1322
-3154
-3981
-2942
-1333
-1594
-3120
-3978
-3896
-3431
-2985
-2630
-2874
-3013
-3877
-4097
-4387
-2638
1201
1080
-1920
-6412
-5078
1066
5948
3365
-1708
-3824
-1073
4250
4958
3413
1704
1651
2376
2334
2797
4591
4976
3855
2348
1749
2812
4333
3614
2937
3117
3085
2290
739
945
2699
3676
2330
-366
-1343
-122
1287
1154
-42
-1032
-1178
-1193
-1446
-1390
-895
-581
-1237
-2395
-2622
-1544
-689
-906
-1753
-2218
-1204
-667
-857
-1272
-1010
-86
751
333
-815
-808
-328
1645
1959
1281
-257
-162
786
2403
2578
1860
866
410
835
1739
2298
1966
905
138
35
405
592
471
-84
-737
-1403
-1662
-1491
-1169
-1064
-1457
-2280
-3042
-3079
-2425
-1540
-1809
-3012
-3744
-3960
-2961
-2660
-2816
-3143
-3142
-3242
-3775
-3929
-3757
-100
1445
-2
-4540
-6335
-1866
4934
6121
697
-3890
-3120
2767
5791
4654
2080
1406
2410
2778
2287
3377
4999
5121
3124
1089
1521
3794
4709
3452
2221
2307
2557
1727
733
1356
2835
2924
691
-1619
-1207
786
1431
359
-1170
-1714
-1266
-1276
-1671
-1370
-693
-862
-2125
-2953
-2134
-779
-546
-1467
-2225
-1794
-698
-301
-930
-1375
-553
778
956
-182
-1062
-413
1208
2165
1624
343
-222
473
1700
2339
2110
1429
744
587
1101
1858
1977
1260
405
158
292
311
231
-172
-335
-734
-1342
-1702
-1871
-1193
-1184
-1912
-2800
-3204
-2529
-2038
-2034
-2722
-3310
-3415
-3127
-3052
-3006
-2651
-2744
-2997
-3720
-3973
-3957
-2124
928
1138
-1360
-5210
-5069
529
5539
4573
-627
-3541
-1456
3711
5675
3878
1972
1546
2499
2856
3358
4360
4761
3740
2396
2021
2876
3865
3332
2635
2388
2639
2134
621
437
1576
2834
2110
-452
-1875
-955
749
974
-209
-1358
-1715
-1600
-1606
-1568
-1125
-650
-1284
-2404
-2502
-1724
-779
-715
-1166
-1424
-1276
-996
-1075
-334
77
-90
172
11
175
712
896
843
1001
1372
1587
1413
855
1017
1990
2586
1989
819
646
1309
1699
1643
1066
360
277
53
-343
-107
85
-479
-1543
-2162
-1836
-1295
-1483
-2199
-2878
-2889
-2360
-2281
-2434
-2734
-2632
-2555
-2938
-2918
-2852
-2482
-2523
-2751
-2645
-2601
-2685
-3472
-2886
-208
1559
-333
-4094
-4980
-542
5212
5195
413
-3357
-1667
3661
6036
4415
1972
1601
2708
3127
3296
4375
5259
4242
2373
1476
2477
4223
4118
2431
1592
1952
1978
997
133
839
2149
1788
-407
-2141
-1475
350
787
-395
-1463
-1492
-1321
-1589
-1669
-1134
-487
-932
-2500
-3052
-1778
-361
-211
-1291
-1975
-1400
-819
-539
-204
-132
63
281
-22
-143
365
1098
1615
1649
1394
960
611
1052
2092
2692
2241
1228
699
920
1519
1996
1739
823
19
-92
241
271
11
-259
-854
-1532
-1756
-1785
-1786
-1761
-2034
-2449
-2650
-2758
-2782
-2569
-2251
-2154
-2534
-2936
-2835
-2553
-2262
-2065
-2352
-2691
-2651
-2415
-2135
-2444
-2956
-1658
950
1507
-1132
-4040
-3139
1796
5578
4114
-413
-2818
-315
4400
6272
4492
1988
1125
2028
3076
3951
4947
4611
2887
1492
1483
2937
4021
3229
1814
1180
1368
1330
577
418
1132
1509
616
-1212
-2058
-974
365
444
-766
-2176
-2229
-1624
-1180
-956
-912
-1069
-1824
-2285
-2087
-1002
-369
-717
-1209
-1613
-859
-654
11
55
855
1563
-25
-349
-733
1610
3656
3564
713
-752
7
2399
4143
2491
1489
305
503
1256
1548
2193
2065
157
-1297
-658
-147
1180
315
-1208
-2338
-2040
-1369
-1511
-2042
-1890
-1929
-2730
-3349
-3214
-2575
-1961
-2018
-2537
-3245
-3408
-2883
-1994
-1455
-1809
-2733
-3282
-2811
-1656
-1117
-1907
-2747
-1659
838
1626
-822
-3456
-2069
2794
5820
3560
-1029
-2320
1068
5146
5906
3689
1591
1289
2093
3082
4178
4936
4221
2035
461
1327
3585
4413
2859
899
560
1317
1391
572
271
964
1204
-152
-1943
-2112
-611
503
-198
-1770
-2486
-2134
-1663
-1536
-1281
-907
-1092
-1959
-2415
-1660
-414
123
-541
-1284
-1402
-829
31
678
1210
1009
410
-175
83
1569
2851
2668
853
-239
543
2198
2970
2204
1180
505
664
1062
1416
1690
1270
312
-701
-644
232
572
-72
-1106
-1648
-1712
-1612
-1689
-1863
-1884
-2034
-2387
-2906
-3008
-2604
-2349
-2289
-2549
-2676
-2592
-2627
-2491
-2193
-1729
-1685
-2275
-2687
-2216
-1207
-955
-1745
-2138
-816
1095
1211
-892
-2525
-977
2713
4617
2802
-222
-907
1537
4279
4821
3514
2114
1852
2036
2630
3736
4352
3661
1876
862
1566
2965
3358
2191
913
730
1153
971
200
-125
328
522
-385
-1607
-1764
-818
-129
-531
-1466
-1889
-1783
-1400
-1238
-874
-721
-979
-1527
-1780
-1177
-221
16
-578
-1118
-1146
704
864
1122
-260
-230
985
1913
2199
1291
807
530
1902
1969
2115
1565
926
1063
1050
1295
1514
937
443
-185
-178
343
260
-333
-906
-1208
-1212
-969
-1113
-1633
-1811
-1992
-2187
-2223
-2101
-2152
-2389
-2528
-2555
-2432
-2024
-1996
-2173
-2480
-2284
-1981
-1844
-1755
-1660
-1760
-1812
-1510
-1534
-1206
-1392
-283
73
728
-472
-1157
-412
1652
3161
2934
1028
-195
1053
2939
4298
3871
2272
1662
1691
2676
3418
3627
3231
2168
1392
1421
2084
2556
2300
1493
836
615
568
460
332
345
61
-646
-1316
-1458
-1175
-723
-676
-1130
-1676
-1995
-1640
-1127
-643
-618
-1162
-1657
-1511
-555
0
158
-426
-654
622
951
292
-384
-72
1967
3075
1784
-315
-857
958
3240
3356
1248
-392
-527
673
1946
2075
1618
160
-1022
-931
26
1316
1032
-590
-2096
-2189
-988
-264
-672
-1608
-2285
-2536
-2382
-2093
-1670
-1422
-2005
-2925
-3159
-2497
-1612
-1353
-2099
-2691
-2459
-1976
-1489
-1549
-1442
-1468
-1356
-1554
-1636
-1305
-590
278
262
295
-730
-476
202
2058
2874
2753
1156
417
1112
2883
4085
3775
2468
1438
1446
2401
3332
3601
2825
1683
941
1163
1888
2398
2152
1312
455
77
221
519
574
294
-196
-712
-1146
-1275
-979
-532
-413
-849
-1530
-1831
-1470
-757
-294
-363
-714
-1049
-1013
-501
112
657
945
541
-124
-143
547
1565
2071
1551
676
313
657
1444
2070
1794
1151
444
2
484
1040
1290
869
-125
-691
-592
-29
260
-47
-747
-1340
-1454
-1305
-1211
-1322
-1493
-1876
-2214
-2090
-1922
-1933
-2063
-2250
-2233
-1949
-1769
-1933
-2118
-2034
-1702
-1548
-1549
-1745
-1708
-1331
-1083
-1241
-1350
-1464
-1079
-78
5
327
-321
-265
401
1541
2285
2156
1471
952
1639
2346
3249
3046
2415
1845
1696
2272
2908
2846
2462
1661
1156
1365
1726
1841
1477
823
420
349
457
458
265
-61
-397
-615
-765
-805
-841
-701
-721
-837
-950
-1113
-1152
-835
-419
-307
-392
-813
-578
-387
547
789
602
-100
-179
418
1375
1706
1230
567
210
738
1375
1569
1315
689
397
212
462
859
895
512
-127
-562
-561
-221
-28
-290
-791
-1171
-1388
-1519
-1454
-1349
-1476
-1793
-2005
-1997
-1898
-1834
-1875
-1899
-1790
-1607
-1616
-1857
-1802
-1480
-1153
-1148
-1420
-1674
-1557
-1230
-869
-933
-1208
-1417
-1119
-221
-97
237
-252
-60
330
1030
1627
1793
1499
1155
1558
1939
2770
2709
2318
1778
1736
2079
2437
2434
2081
1597
1154
1099
1347
1503
1294
807
409
139
79
176
325
91
-294
-678
-793
-660
-565
-321
-431
-635
-859
-863
-490
-215
-11
-166
-455
-226
241
838
748
386
355
600
1363
1380
1240
562
605
793
1301
1229
868
369
209
339
586
736
486
-52
-424
-443
-186
4
-60
-613
-1102
-1295
-1097
-980
-1032
-1412
-1921
-2055
-1896
-1537
-1670
-1838
-2175
-1932
-1688
-1462
-1628
-1898
-1842
-1578
-1152
-1136
-1283
-1622
-1481
-1190
-871
-891
-1092
-1258
-560
-274
-135
-150
-142
440
916
1065
1054
976
1342
1620
1754
1703
1988
1883
1952
1757
1739
2120
2115
1699
1425
1334
1577
1502
1242
1015
931
944
700
342
242
337
258
33
-268
-383
-361
-368
-359
-391
-470
-564
-442
-460
-358
-197
-163
-304
359
628
629
169
-16
677
1601
1769
726
-58
19
920
1565
1388
857
5
-154
-58
489
1147
812
-170
-1099
-1069
-237
586
449
-610
-1476
-1442
-850
-555
-625
-1169
-1886
-1985
-1693
-1435
-1355
-1584
-1906
-2003
-1795
-1456
-1326
-1584
-1800
-1710
-1402
-1110
-1185
-1309
-1380
-1190
-892
-848
-761
-936
-667
-412
-142
-165
-279
212
541
1010
667
840
796
1254
1434
1609
1654
1496
1494
1310
1567
1797
2042
1520
1090
947
1364
1534
1352
1109
892
688
619
699
739
714
523
102
-83
-113
77
94
74
-171
-358
-386
-295
-82
50
85
-23
343
117
333
318
672
896
1131
812
480
403
691
1038
1035
827
490
134
179
272
583
712
262
-275
-594
-463
20
266
21
-596
-1021
-976
-683
-561
-708
-1202
-1663
-1616
-1342
-1142
-1188
-1426
-1637
-1581
-1400
-1285
-1192
-1346
-1392
-1497
-1279
-1131
-959
-983
-1351
-1279
-1144
-581
-765
-731
-1229
-1072
-431
73
-89
-426
-545
-22
825
993
654
102
331
854
1451
1554
1333
842
842
995
1533
1847
1629
1090
728
713
1247
1646
1388
1041
544
414
705
805
982
716
254
-171
-53
276
474
379
-162
-365
-370
209
447
335
50
60
221
606
832
820
685
444
594
690
1032
986
616
169
142
420
684
576
60
-240
-275
-91
173
188
-13
-527
-749
-527
-287
-78
-253
-788
-1253
-1359
-1035
-708
-683
-1022
-1446
-1655
-1449
-1001
-629
-547
-1034
-1570
-1708
-1305
-631
-471
-855
-1417
-1610
-1262
-748
-451
-632
-1064
-1370
-1283
-802
-203
97
-248
-727
-808
-384
381
836
781
263
-169
50
665
1322
1509
1137
644
396
664
1313
1728
1486
829
457
605
1199
1470
1281
918
720
718
778
943
918
1046
674
401
262
480
647
710
367
388
121
309
381
460
653
704
560
161
192
434
936
871
524
140
-37
137
357
490
546
270
-195
-350
-139
250
393
56
-325
-585
-541
-296
-274
-425
-666
-1003
-1152
-1077
-916
-743
-775
-1021
-1301
-1392
-1155
-755
-423
-502
-888
-1185
-1169
-874
-479
-415
-709
-1016
-1395
-1222
-740
-385
-405
-992
-1326
-1405
-943
-538
-460
-431
-682
-764
-1015
-668
-134
365
486
-18
-350
-487
333
1032
1394
1135
562
125
328
1035
1834
1874
1178
344
120
741
1787
1943
1398
490
50
427
1082
1478
1252
688
69
13
313
1083
1203
896
241
-169
166
755
1170
910
556
120
261
502
749
847
542
410
-23
28
221
408
354
68
-264
-288
-132
-48
-112
-251
-359
-411
-486
-434
-421
-426
-436
-655
-710
-634
-696
-721
-811
-745
-576
-599
-733
-941
-870
-540
-334
-436
-855
-1201
-1119
-698
-445
-443
-697
-1122
-1241
-933
-457
-329
-530
-937
-1193
-843
-397
-187
-295
-644
-832
-717
-385
-77
63
-44
-242
-258
-29
426
685
631
416
268
582
950
1099
1001
690
635
825
1042
1136
1024
773
629
726
956
1214
1128
690
410
521
894
1129
992
581
222
302
646
848
861
648
319
127
259
576
725
593
167
-167
-33
299
493
346
-23
-272
-239
-33
196
210
-79
-333
-419
-306
-71
28
-152
-515
-655
-540
-416
-364
-533
-758
-822
-696
-483
-421
-494
-648
-672
-501
-323
-247
-402
-703
-866
-708
-471
-295
-417
-792
-931
-890
-624
-425
-464
-640
-876
-846
-596
-324
-355
-552
-779
-834
-593
-355
-226
-393
-535
-485
-292
-47
97
114
40
99
143
347
539
581
614
478
500
655
826
891
823
675
605
701
746
873
826
647
527
452
606
715
703
624
440
302
391
603
731
758
552
323
339
482
727
797
533
163
-60
102
451
628
460
55
-190
-103
203
455
450
147
-191
-254
-67
199
269
2
-385
-561
-483
-259
-113
-284
-607
-735
-542
-334
-232
-320
-425
-414
-382
-257
-311
-407
-505
-535
-534
-492
-511
-550
-624
-675
-579
-465
-487
-560
-640
-596
-483
-319
-284
-361
-459
-557
-435
-280
-220
-325
-478
-443
-362
-270
-225
-250
-262
-212
-192
-177
-88
-23
23
45
66
149
241
243
272
381
484
594
576
529
570
600
677
732
717
662
534
490
512
605
577
434
422
344
363
388
470
503
501
449
362
373
405
425
422
470
378
305
312
327
372
398
362
235
217
203
212
173
103
31
-12
-57
-106
-120
-125
-183
-288
-386
-427
-411
-375
-367
-403
-456
-484
-395
-243
-145
-182
-323
-404
-378
-219
-115
-164
-297
-390
-486
-373
-264
-234
-321
-414
-484
-507
-408
-330
-279
-340
-542
-613
-570
-369
-330
-330
-481
-498
-404
-337
-197
-165
-208
-226
-216
-134
-30
1
46
48
124
133
198
209
195
169
136
190
246
256
176
51
101
174
262
307
225
114
108
271
396
475
340
230
247
399
536
528
426
327
303
395
445
508
504
395
328
309
352
453
482
421
335
285
279
276
292
283
174
85
67
45
55
73
30
-37
-94
-112
-90
-95
-155
-162
-131
-169
-218
-234
-213
-164
-54
-54
-137
-149
-128
-124
-157
-120
-196
-200
-200
-185
-213
-201
-224
-365
-410
-425
-290
-190
-218
-402
-535
-434
-287
-168
-154
-327
-425
-435
-273
-92
-11
-119
-350
-337
-142
64
159
111
-81
-134
-95
56
136
143
26
-151
-108
-132
-97
-67
-80
-113
-150
-114
-108
-57
0
40
47
80
96
146
163
219
205
156
200
275
342
266
157
117
131
261
373
402
305
156
90
136
278
366
324
254
213
203
253
353
376
303
230
218
215
225
259
194
172
189
127
110
62
48
56
18
6
4
23
-1
-51
-68
-55
-57
-93
-126
-115
-25
1
-67
-103
-123
-96
-49
-90
-153
-201
-248
-213
-162
-157
-212
-325
-380
-280
-187
-193
-226
-255
-239
-206
-167
-109
-58
-24
26
-41
-74
-127
5
103
96
5
-145
-154
-186
-95
-47
-25
-135
-223
-226
-192
-58
-71
-140
-163
-185
-132
-84
-21
-31
-89
-59
-39
-4
13
23
39
-7
5
32
51
22
-15
-10
46
107
100
45
-17
32
101
194
189
176
144
174
196
229
247
273
254
214
226
277
360
364
263
142
109
210
293
230
110
118
104
157
160
122
65
80
86
142
139
117
60
43
105
114
109
66
24
2
-23
11
-37
-133
-219
-263
-242
-190
-136
-137
-203
-287
-297
-210
-113
-84
-98
-109
-108
-49
35
44
-14
-54
-40
20
99
105
8
-83
-81
-41
-54
-162
-288
-282
-168
-113
-178
-248
-273
-261
-227
-187
-154
-137
-99
-137
-179
-163
-105
2
14
-32
-99
-100
-44
-42
-3
-9
-9
33
0
-51
-45
-45
-48
3
35
56
66
10
-25
46
143
198
198
124
82
66
97
155
197
227
145
61
13
50
194
262
273
248
271
310
241
236
287
339
332
248
255
256
262
263
149
78
105
145
127
58
-37
-75
-35
-30
-52
-82
-110
-128
-130
-107
-96
-96
-79
-81
-115
-106
-73
-44
-40
-59
-58
-30
-33
-95
-114
-109
-46
4
-48
-102
-167
-194
-219
-204
-173
-187
-146
-203
-250
-193
-175
-158
-136
-160
-139
-60
-36
-64
-102
-82
-55
-35
20
-22
-98
-145
-137
-88
-93
-77
-117
-151
-106
-149
-159
-157
-118
-11
21
68
27
-4
47
50
87
133
204
216
120
126
172
198
230
204
176
148
137
168
187
248
227
137
105
100
129
150
204
210
190
232
197
172
187
196
208
214
237
244
185
127
95
50
62
40
10
-20
-89
-96
-131
-143
-156
-147
-111
-138
-160
-181
-167
-155
-149
-145
-136
-124
-133
-115
-104
-40
-43
-57
2
-11
4
-11
-65
-41
21
60
12
-56
-87
-88
