15
19
16
10
20
23
11
13
14
9
13
13
10
10
8
9
2
-9
-10
-11
-11
-5
-6
-9
-11
-17
-22
-25
-22
-24
-25
-18
-8
-10
-11
-8
-1
2
-3
2
6
6
-4
-8
-8
-1
8
15
13
11
9
4
11
17
20
14
19
17
10
3
9
10
4
17
14
2
2
4
4
14
15
5
20
21
11
17
6
4
-2
3
5
22
8
12
-2
-7
-3
1
6
5
-4
-10
0
8
21
13
25
34
21
18
30
30
25
36
23
28
32
36
28
27
30
35
25
19
26
21
23
30
24
24
21
16
22
19
13
17
19
21
22
19
13
13
14
10
8
10
8
4
0
-3
-1
-1
-6
-2
5
5
3
-2
-1
-2
-4
-5
1
6
3
-3
-7
-8
-4
-2
-9
-9
-5
-13
-8
3
6
14
14
2
4
9
0
-4
-1
2
10
10
0
-4
3
4
1
-1
-7
-15
-17
-17
-17
-13
-16
-19
-15
-13
-11
-2
-1
-2
-6
-13
-4
6
4
6
-2
-5
5
5
2
6
-2
2
2
-3
2
5
-1
-3
-7
-2
13
22
23
20
11
13
20
16
14
13
12
17
16
15
14
10
7
5
9
18
12
16
23
4
-2
-8
-14
-8
5
-12
-13
4
-10
-1
-3
0
0
2
-7
-4
-9
-4
-5
-11
-14
-26
-19
-21
-16
-9
-3
0
-6
-11
-11
-13
-18
-25
-26
-20
-12
-15
-22
-27
-24
-18
-19
-20
-29
-21
-8
-14
-3
-6
0
5
13
25
12
16
20
34
33
44
28
25
26
24
18
30
41
20
24
19
17
24
17
19
16
22
25
34
25
27
16
11
12
14
-2
-8
-2
-7
-8
0
8
10
12
17
13
9
9
8
8
9
8
12
17
16
12
12
22
31
24
11
2
6
16
8
-2
10
25
24
18
8
0
0
1
1
-3
-4
-3
-1
-4
-14
-9
-15
-13
-20
-27
-18
-26
-17
-23
-30
-20
-23
-14
-18
-20
-10
-9
-3
-5
-11
-9
-6
-9
-8
-5
3
13
11
13
7
0
4
4
8
4
6
16
5
7
6
9
12
13
9
-6
-4
9
11
17
19
6
-4
-3
3
5
4
14
16
13
5
-8
-5
0
1
-9
1
19
19
15
17
21
13
22
29
26
30
38
41
29
40
40
33
38
48
54
47
47
45
48
48
43
41
42
48
40
49
51
48
37
28
32
27
30
33
39
40
33
31
29
34
27
21
23
26
17
7
11
9
13
11
8
21
16
4
1
0
2
-11
-26
-18
-14
-12
-2
-5
-7
-8
-8
6
8
4
-1
-17
-16
-8
-13
-9
-14
-19
-15
-17
-20
-23
-32
-29
-35
-34
-14
-10
-23
-18
-16
-18
-10
-6
-19
-27
-24
-16
-12
-13
-17
-22
-21
-33
-50
-34
-13
-21
-14
-12
-29
-24
-21
-32
-33
-27
-16
-5
-15
-28
-31
-27
-14
-11
-18
-10
-1
-5
-11
-13
-17
-23
-17
-18
-32
-35
-22
-16
-10
-2
-9
-17
-9
-10
-16
-17
-14
-16
-13
-7
-4
-6
-5
-13
-22
-14
-7
-5
-11
-21
-23
-20
-11
2
-3
-13
-4
-2
-7
-9
-8
-5
-1
1
3
2
4
5
5
5
3
-1
-3
-7
-12
-15
-17
-18
-17
-16
-13
-11
-8
-5
-3
-2
-3
-4
-7
-9
-12
-12
-11
-9
-8
-6
-5
-1
5
17
23
26
28
32
32
27
29
43
63
70
61
40
17
0
3
30
51
48
24
10
17
14
-25
-83
-111
-94
-66
-61
-75
-85
-81
-71
-63
-37
-12
1
6
26
60
84
82
62
33
-1
-12
-5
20
23
33
30
70
55
40
1
35
15
63
91
59
103
9
-1
27
-6
44
74
138
321
313
807
436
1292
638
715
378
-435
-102
-704
-413
-552
-495
-306
-367
-143
-147
-184
13
-228
19
-215
-31
-280
-65
-313
-117
-125
-131
203
-122
245
-60
12
75
-88
83
34
-11
156
30
110
-24
91
-8
183
303
196
601
-52
192
-308
-48
-209
-42
-391
-147
-404
-76
-191
-174
-61
-131
-40
175
-336
-63
-359
-362
49
-529
218
-247
291
-35
205
146
136
38
351
-101
220
270
-90
339
-68
125
-13
140
-10
144
3
98
25
28
-15
307
-321
118
-161
-161
149
92
-11
17
212
-125
0
-39
121
-146
-124
-103
-219
-331
-6
179
-143
355
-3
313
-95
195
152
-24
-29
19
-122
-206
-59
-37
-116
-8
102
130
208
548
490
264
215
190
-17
-113
-35
-105
-251
-182
-89
-204
-277
-160
-53
-96
-36
174
195
118
256
598
846
577
-118
-503
-258
122
123
-246
-464
-95
-338
-265
-422
-306
-325
-718
-310
337
-162
-128
143
-656
237
-441
893
-448
370
339
-420
-158
-149
-510
211
-329
-350
564
-359
130
387
-687
-152
-195
207
69
-416
334
-106
-425
1482
-1692
758
-277
-1034
1186
-48
20
796
-499
475
148
307
593
-182
362
-38
-41
533
7
607
186
-615
1536
-509
63
-273
-228
-709
192
843
103
1505
574
389
-769
1137
-968
-111
347
-1285
939
-741
-421
317
-1053
-1027
400
1115
-492
743
179
-894
126
-82
-295
92
433
-3
18
56
-280
278
154
282
124
-96
543
-44
78
-404
-595
424
-491
-160
16
-219
506
71
273
335
455
272
-21
554
593
111
168
-767
18
236
-610
246
-536
651
-195
551
-52
346
-52
-652
-101
-729
555
-124
-464
821
-843
1002
-785
930
366
-266
425
-40
760
-33
-63
-36
-510
871
-642
392
173
-247
346
-158
-89
902
-440
371
-1098
1012
-401
195
-658
-284
-391
-569
-138
-261
54
-10
170
-858
258
118
289
-111
-621
-11
-2330
139
-120
-420
-107
-852
92
-79
-181
827
-857
109
207
-164
415
-461
-50
-831
-1195
-356
-883
24
-841
-225
-302
-46
748
-342
573
-261
153
-206
523
97
-716
-948
-383
-1020
192
-257
-43
-283
-153
105
-315
507
-148
-469
-67
-113
648
-225
21
-117
-218
501
305
825
307
183
186
0
-130
-194
299
146
-507
-16
-206
-197
725
-851
209
-420
807
-398
149
931
-194
-15
-406
-279
241
-604
483
36
441
2
88
845
-206
670
412
283
595
-32
9
-810
-254
-131
-337
-16
419
93
410
250
-71
513
-228
-237
-1043
580
247
450
-461
226
-275
-24
376
-179
1277
145
195
-325
445
179
270
-38
-109
138
-189
-370
-324
-150
241
33
-438
-145
318
34
67
-8
-102
-489
-576
19
-717
660
-55
10
-358
99
693
-349
-284
-860
-995
-587
-462
248
472
371
-338
-472
16
244
530
187
15
-651
-542
282
-334
-223
-275
-106
-475
261
1016
600
-853
-352
-623
185
621
670
292
-1014
-350
-720
-979
349
-213
-561
-120
-89
205
284
-161
228
-142
162
-33
-18
893
-868
-719
-65
-737
755
566
-305
-315
-373
-97
-1327
-305
-265
-47
-501
-17
553
149
232
-1186
-776
-407
-253
77
212
-54
-208
-339
-508
-314
245
-299
-147
491
574
374
595
360
53
48
-638
-165
120
502
238
-388
789
347
192
257
-269
-109
-182
-8
54
593
991
484
-314
-282
766
332
-344
-30
-11
-248
-503
133
468
826
941
316
736
432
374
-69
-686
-318
-450
369
450
259
-70
-549
133
107
348
273
13
204
-141
307
626
611
358
-1
591
454
468
337
-40
480
311
636
949
594
514
331
277
739
741
179
55
2
405
122
36
-147
-983
-827
-799
-169
-323
-74
491
249
885
597
605
159
-268
-96
-293
197
-125
-314
-200
-126
220
314
216
-209
-226
18
65
-82
-24
135
83
17
80
494
714
508
249
215
167
26
5
87
76
89
510
571
716
946
733
471
-277
-473
-161
-14
-94
-326
-233
-271
-99
168
295
100
-205
-478
-416
296
545
830
584
-123
-238
-203
60
254
359
298
252
273
530
565
203
173
-215
-165
179
41
76
50
76
-92
-219
-11
104
252
-123
-412
-301
-224
61
-249
-288
-15
-51
-170
-434
-272
-360
-557
-510
-196
-164
-165
-419
-1018
-718
-801
-421
-233
-166
173
156
479
-86
104
5
27
184
-230
500
647
829
242
38
370
216
224
-319
75
235
393
488
329
551
757
1146
913
1327
1588
1208
552
-106
337
934
1419
1560
1585
1396
1027
718
580
582
444
581
503
593
808
705
991
930
680
715
429
335
76
-81
-267
-79
-95
-30
134
220
275
-186
-510
-915
-741
-779
-838
-263
-329
-253
-452
-535
-541
-564
-669
-979
-1029
-1245
-1386
-1288
-945
-1188
-1152
-1486
-1578
-1543
-1802
-1834
-2210
-2152
-1857
-1372
-1048
-959
-1085
-1313
-1644
-1458
-1071
-796
-1124
-1385
-1628
-1695
-1440
-1737
-1844
-2052
-2421
-2505
-2192
-1713
-1803
-1725
-2030
-2098
-1653
-804
-123
190
273
489
645
1242
1873
2513
2674
2404
2468
2802
3223
3300
3201
3360
3299
3207
3059
3049
3093
2757
2561
2538
2683
2871
2856
2961
2763
2333
1953
1694
1719
1721
1769
1865
1617
1258
872
769
743
631
611
573
643
456
450
324
398
279
179
-183
-519
-581
-359
-380
-739
-1078
-1226
-1317
-1478
-1657
-1632
-1668
-1842
-2039
-2124
-1991
-1816
-1773
-1782
-1800
-1896
-1704
-1393
-1740
-2117
-2056
-2005
-2106
-2128
-2114
-2368
-2457
-2516
-2707
-2475
-2388
-2704
-2872
-3055
-3241
-3201
-3283
-3599
-3735
-3686
-3529
-3526
-3851
-3919
-3737
-3324
-2659
-2097
-1327
-302
695
1278
1419
1786
2323
2732
3008
3155
3428
3735
3871
3879
3814
4056
4413
4586
4537
4068
3624
3202
2791
2509
2229
2082
1836
1688
1518
1114
821
700
686
514
325
361
616
1164
1776
2049
1801
1523
1591
1828
2075
2094
1909
1529
1163
1089
1139
1488
1800
1744
1396
887
671
634
393
-231
-906
-1273
-1300
-1210
-1117
-1246
-1758
-2055
-2251
-2427
-2556
-2351
-2284
-2658
-2314
-2076
-1723
-1070
-972
-981
-1473
-2255
-2331
-1727
-1261
-902
-872
-1108
-1513
-1770
-1553
-1717
-1335
-1453
-2035
-1785
-1691
-1467
-1672
-1885
-1996
-1854
-1179
-1710
-2247
-2391
-2582
-2426
-2921
-2974
-2504
-2216
-1475
-1024
-676
-201
179
598
745
598
559
987
1198
1151
1396
1748
2099
2366
2469
2305
2015
1874
2061
2308
2334
2198
2048
1989
1842
1629
1423
1323
1423
1429
1109
860
757
693
983
1045
865
701
584
725
828
1076
1190
1103
864
562
714
1005
1506
1778
1432
999
793
1107
1176
840
490
236
424
395
695
1047
855
875
607
470
693
303
-18
138
-32
-334
-371
-532
-583
-155
-318
-31
-576
-713
-319
-487
-68
-505
-650
-773
-808
-264
-252
-162
-380
-564
-357
-854
-955
-943
-431
-276
-635
-677
-894
-448
-722
-892
-1204
-1218
-1267
-1105
-1118
-1165
-1327
-1403
-1563
-1899
-1996
-2056
-1931
-2054
-2156
-2199
-2367
-2860
-3077
-3003
-2631
-1933
-1364
-1048
-885
-831
-648
-319
-5
176
291
406
641
1009
1445
1723
1737
1686
1809
2137
2433
2483
2332
2200
2135
2034
1851
1648
1537
1373
1098
785
623
579
619
570
392
331
118
156
339
634
843
738
911
953
1129
1275
962
1021
1012
951
1022
897
907
924
958
717
801
504
656
512
354
337
-145
-213
-116
-177
-228
-502
-512
-399
-696
-1119
-1422
-1596
-1174
-739
-805
-1056
-1366
-1280
-744
-552
-763
-1249
-1012
-803
-808
-758
-1259
-1352
-1243
-1061
-1172
-578
-843
-777
-946
-1098
-1238
-1795
-1648
-1552
-1284
-1228
-1220
-1477
-1385
-1412
-1293
-1702
-2317
-2641
-2624
-2184
-2026
-1951
-2245
-2854
-2681
-2145
-1588
-1001
-351
-59
-149
-276
-153
353
730
783
743
887
1409
2012
2370
2412
2219
1973
1939
2174
2496
2686
2610
2387
2179
2023
1948
1893
1834
1651
1368
1156
1210
1373
1352
1196
914
830
640
510
615
674
978
988
986
952
808
885
980
1277
1301
1126
822
803
1034
801
884
948
754
740
769
835
666
565
520
370
338
276
60
95
81
104
-20
-251
-157
-306
-193
-253
-175
-528
-573
-481
-545
-407
-540
-603
-722
-941
-647
-677
-557
-955
-1080
-891
-798
-587
-774
-694
-791
-618
-831
-1009
-1115
-1156
-1059
-1007
-1057
-1203
-1273
-1186
-872
-1028
-1208
-1397
-1548
-1680
-1604
-1648
-1863
-2007
-2045
-2080
-2235
-2588
-2702
-2193
-1329
-604
-279
-499
-802
-729
-351
64
185
46
159
679
1322
1810
1963
1811
1596
1581
1893
2310
2497
2395
2214
2110
1982
1764
1609
1618
1708
1699
1489
1205
997
934
927
845
661
363
206
433
823
1062
1015
584
233
347
459
576
718
769
878
985
1119
943
660
595
464
540
605
608
686
533
656
798
571
504
303
92
119
132
134
-123
-341
-496
-484
-106
-4
-126
-457
-595
-373
-335
-371
-610
-747
-699
-755
-680
-621
-698
-756
-790
-831
-814
-812
-820
-878
-942
-910
-978
-1025
-1003
-1012
-987
-1018
-1180
-1204
-1215
-1329
-1270
-1236
-1180
-1257
-1308
-1237
-1405
-1526
-1840
-2040
-1994
-2025
-2053
-2312
-2397
-2113
-1447
-525
-1
-165
-705
-955
-695
-209
116
149
66
196
708
1312
1701
1759
1579
1433
1554
1918
2249
2343
2225
2046
1906
1839
1846
1911
1980
1924
1711
1490
1391
1330
1199
1023
859
775
854
1038
1128
1067
925
717
503
429
499
578
693
890
1052
993
817
710
720
764
632
464
372
462
657
737
602
311
241
248
364
402
113
-67
-200
-235
-153
-154
-239
-293
-381
-404
-344
-551
-693
-803
-905
-912
-955
-847
-738
-660
-659
-700
-794
-960
-1067
-1063
-1041
-1118
-1022
-1011
-990
-787
-766
-792
-920
-1028
-1039
-1101
-1114
-1085
-1028
-982
-1023
-1074
-1051
-1004
-1019
-1209
-1444
-1590
-1785
-1883
-1908
-2056
-2192
-2364
-2411
-1914
-1083
-364
-139
-603
-1136
-1118
-616
31
357
282
218
469
1041
1663
1982
1934
1728
1710
2097
2675
3039
2982
2664
2356
2144
2044
2046
2058
1982
1791
1515
1286
1142
1038
927
706
468
274
199
375
619
699
451
123
-15
-221
-109
199
396
704
656
569
546
600
867
730
382
62
55
426
744
719
373
71
22
237
261
272
-77
-187
-62
-219
-210
-582
-414
-362
-425
-642
-688
-673
-642
-498
-564
-536
-724
-793
-817
-711
-620
-641
-730
-1042
-988
-826
-614
-807
-808
-916
-915
-701
-909
-704
-947
-1153
-1211
-1176
-1094
-1129
-1130
-1012
-1034
-1102
-1345
-1460
-1447
-1654
-1836
-1900
-2011
-2091
-2237
-2532
-2888
-3081
-2775
-1848
-721
-9
-165
-910
-1381
-1042
-210
394
479
402
601
1144
1760
2144
2194
2053
2035
2379
2963
3405
3441
3171
2849
2584
2401
2345
2417
2510
2395
1992
1503
1207
1128
987
661
335
163
237
518
625
534
438
173
-67
-52
37
242
733
988
982
947
698
731
1016
1092
797
561
523
774
1304
1227
1060
694
349
428
266
406
461
241
-55
-168
8
-117
-341
-748
-1044
-996
-842
-738
-773
-840
-1002
-1076
-1079
-1215
-1339
-1230
-1199
-1308
-1345
-1246
-1099
-910
-773
-938
-1304
-1347
-1007
-815
-814
-930
-1295
-1430
-1005
-1023
-676
-955
-1161
-1330
-1568
-1354
-1324
-1478
-1566
-1682
-1812
-2041
-1939
-1848
-2116
-2598
-3179
-3540
-3520
-2932
-1592
-189
308
-410
-1419
-1543
-607
527
1010
793
521
821
1668
2566
3010
2895
2602
2615
3086
3703
4000
3813
3403
3116
3026
3034
3048
3064
2957
2486
1751
1181
1125
1338
1235
641
4
-292
-138
323
634
680
251
-232
-233
113
714
838
654
657
633
912
1214
1228
1079
799
621
624
1029
1350
1436
1278
640
308
192
388
359
-45
-135
-301
-125
-107
-405
-785
-1028
-1097
-1025
-689
-895
-994
-1215
-1391
-1492
-1621
-1290
-1128
-905
-1173
-1183
-1152
-1316
-1110
-1360
-1466
-1460
-1202
-1095
-1055
-1105
-1281
-1039
-1139
-1068
-1286
-1431
-1330
-1541
-1452
-1562
-1530
-1481
-1785
-2130
-2330
-2263
-2080
-1958
-2324
-2820
-3176
-3588
-3912
-4009
-3537
-2180
-617
-13
-607
-1693
-2003
-975
384
924
765
757
1230
1935
2569
2877
2877
2914
3179
3637
4210
4617
4523
4019
3564
3439
3534
3621
3561
3305
2803
2145
1698
1735
1944
1709
903
62
-268
-89
209
338
298
129
-102
-242
-94
310
656
663
453
471
908
1500
1742
1588
1106
705
935
1582
2115
1891
1297
1000
961
817
779
835
514
421
-41
-381
-148
-195
-4
-571
-1340
-1458
-1593
-1174
-1177
-1695
-1777
-1748
-1531
-1451
-1362
-1020
-1142
-1611
-1942
-1715
-1265
-1240
-1530
-1812
-1564
-1282
-1425
-1363
-1311
-1422
-1573
-1951
-1924
-1670
-1700
-1736
-1840
-1856
-2132
-2496
-2360
-2161
-2208
-2629
-3206
-3561
-3421
-3284
-3644
-4406
-5022
-4372
-2698
-853
-103
-950
-2111
-2502
-1526
62
1185
1576
1460
1385
1633
2301
3254
4108
4425
4236
4078
4413
5123
5567
5401
4833
4356
4267
4488
4677
4423
3599
2578
1979
2012
2295
2199
1534
593
-180
-472
-291
157
460
287
-342
-898
-845
-99
840
1323
1332
1041
994
1187
1324
1462
1355
1461
1830
2318
2632
2349
1979
1499
1165
1154
1050
930
746
520
194
-354
-520
-360
-361
-477
-1150
-1609
-1697
-2018
-2228
-2541
-2240
-1985
-2247
-2454
-2801
-2473
-2065
-1922
-1897
-2138
-2149
-2275
-2310
-2052
-1835
-1511
-1264
-1481
-1865
-2111
-2059
-2179
-2798
-2931
-2644
-2317
-2113
-2439
-3099
-3838
-4136
-4030
-3967
-3962
-4247
-4953
-5722
-6012
-5465
-3905
-1810
-511
-1039
-2613
-3138
-1687
549
1867
1875
1474
1543
2198
3113
4084
4968
5492
5484
5262
5345
5821
6260
6258
5878
5495
5368
5446
5429
4955
3929
2813
2286
2501
2818
2445
1294
19
-694
-678
-180
461
851
585
-342
-1288
-1437
-670
311
798
797
805
1112
1561
1896
2048
2125
2249
2447
2712
2956
2996
2820
2638
2562
2473
2248
1849
1315
718
180
-139
-128
148
143
-586
-1697
-2337
-2381
-2290
-2204
-2085
-2039
-2598
-3345
-3667
-3420
-2778
-2573
-2748
-2970
-2842
-2697
-2984
-2973
-2938
-2762
-2366
-2366
-2350
-2497
-2768
-2821
-3046
-3112
-3085
-3374
-3902
-4517
-4544
-4290
-4232
-4294
-5001
-6113
-7195
-7458
-6026
-3618
-1660
-1575
-3126
-4277
-3478
-989
1257
1743
880
218
694
2148
3915
5347
5973
5659
5074
5173
6143
7160
7334
6701
6037
5952
6385
6745
6431
5364
4123
3477
3665
4091
3869
2661
991
-250
-554
-92
528
716
234
-633
-1237
-1094
-351
372
639
554
508
709
1072
1423
1672
1829
1960
2148
2419
2667
2785
2757
2788
2962
3104
2948
2429
1767
1160
777
652
741
715
289
-590
-1617
-2190
-2392
-2375
-2506
-2721
-2909
-3108
-3095
-3297
-3271
-3326
-3601
-3529
-3440
-3222
-3390
-3714
-3693
-3511
-3156
-3348
-3556
-3594
-3804
-3536
-3341
-3308
-3538
-4062
-4308
-4439
-4433
-4838
-5390
-5819
-6476
-7006
-7144
-6004
-3813
-2097
-2083
-3506
-4342
-3214
-788
1101
1513
938
439
699
1888
3808
5622
6391
5945
5190
5197
6135
7317
7855
7495
6783
6397
6514
6712
6439
5554
4565
4057
4070
4023
3349
2168
889
132
-10
218
639
628
-1
-1042
-1638
-1223
-423
134
157
-14
32
390
1049
1729
2198
2401
2472
2576
2771
2949
3094
3306
3539
3618
3469
3195
2834
2343
1844
1557
1487
1370
967
325
-331
-882
-1319
-1654
-2006
-2369
-2838
-3285
-3700
-3947
-4059
-4132
-4186
-4271
-4461
-4760
-4853
-4752
-4412
-4338
-4099
-4171
-4164
-4313
-4288
-4078
-4111
-4231
-4594
-4937
-4965
-4882
-4704
-5085
-5926
-7023
-7391
-6525
-4011
-1923
-1491
-3369
-4961
-4342
-1472
1190
1944
908
-37
41
1375
3355
5184
5913
5389
4510
4492
5553
6934
7623
7334
6593
6286
6712
7217
6813
5512
4414
4339
4842
4899
4022
2588
1298
592
471
698
921
734
-15
-927
-1365
-1099
-517
-176
-247
-487
-528
-143
608
1420
1951
2111
2134
2303
2682
3130
3470
3641
3708
3750
3777
3700
3423
2987
2539
2219
2040
1867
1536
969
238
-474
-1004
-1326
-1581
-1975
-2598
-3315
-3846
-4025
-3928
-3849
-4009
-4374
-4708
-4853
-4860
-4831
-4769
-4589
-4346
-4255
-4443
-4720
-4717
-4385
-4040
-4136
-4710
-5312
-5607
-5499
-5348
-5424
-6282
-7614
-8319
-7148
-4240
-1631
-1369
-3846
-6031
-5332
-1651
1558
2241
701
-660
-616
901
3152
5245
6068
5247
3926
3783
5255
7242
8154
7513
6282
5895
6570
7292
7010
5782
4627
4416
4875
4948
4104
2777
1645
1023
903
1113
1249
831
-205
-1238
-1479
-835
-53
61
-530
-1106
-968
-73
1021
1683
1690
1350
1252
1746
2616
3310
3505
3345
3204
3340
3721
4055
3971
3414
2802
2589
2716
2685
2188
1441
815
428
125
-279
-888
-1632
-2300
-2705
-2889
-3100
-3513
-4086
-4633
-4968
-4972
-4760
-4664
-4867
-5208
-5374
-5344
-5236
-5085
-4916
-4665
-4774
-5141
-5348
-5104
-4771
-4774
-5122
-5763
-6456
-7240
-7420
-7000
-4872
-2434
-1343
-2653
-4910
-5161
-2763
620
1960
1006
-452
-543
612
2562
4373
5287
5037
4376
4365
5228
6353
6984
6955
6489
6215
6522
6987
6865
5728
4715
4690
5292
5444
4441
2964
1799
1349
1448
1526
1255
575
-222
-863
-1158
-999
-551
-391
-854
-1432
-1339
-480
405
725
635
623
938
1504
2125
2540
2624
2629
2857
3191
3414
3556
3600
3387
3024
2816
2776
2635
2250
1718
1226
893
641
270
-312
-1016
-1637
-2003
-2157
-2354
-2809
-3480
-4106
-4349
-4164
-3862
-3881
-4424
-5222
-5688
-5435
-4824
-4481
-4707
-5244
-5528
-5411
-4994
-4849
-4907
-5114
-5369
-5767
-6218
-6609
-7104
-7019
-6188
-4038
-2292
-2120
-3769
-5114
-3936
-877
1543
1771
397
-462
-94
1538
3589
4957
5123
4422
3935
4354
5461
6555
6970
6610
6051
6000
6464
6740
6200
5206
4617
4745
5035
4712
3593
2261
1479
1469
1733
1605
914
7
-683
-914
-670
-244
-166
-701
-1409
-1515
-807
144
698
797
849
1161
1644
2063
2337
2583
2938
3325
3506
3463
3464
3627
3724
3626
3486
3361
3075
2576
2074
1768
1625
1416
927
167
-632
-1201
-1509
-1741
-2095
-2574
-3076
-3581
-4079
-4433
-4396
-4206
-4301
-4833
-5426
-5610
-5419
-5044
-4878
-5017
-5313
-5501
-5423
-5342
-5109
-5197
-5312
-5835
-6203
-6514
-6961
-6799
-6141
-4113
-2743
-2422
-3762
-4677
-3848
-1435
620
998
-20
-663
-297
1277
2982
4180
4478
4188
3968
4247
5165
6365
7036
6735
5912
5592
6100
6684
6459
5600
4905
4815
4907
4603
3816
2921
2335
2147
2023
1544
704
-108
-562
-616
-460
-419
-767
-1394
-1819
-1608
-825
-16
232
-95
-391
-101
688
1435
1755
1771
1862
2196
2637
2986
3214
3380
3440
3348
3169
3009
2890
2740
2481
2193
1990
1770
1300
620
15
-373
-653
-1018
-1559
-2197
-2679
-2993
-3350
-3723
-3913
-3917
-4030
-4379
-4766
-4955
-4939
-4770
-4702
-4909
-5069
-5165
-5057
-4889
-4763
-4680
-4829
-4920
-5055
-5412
-5554
-5914
-6308
-6204
-5042
-2991
-2227
-2952
-4701
-4839
-2694
67
1244
395
-888
-1023
108
2022
3405
3842
3558
3226
3478
4260
5220
5932
6035
5620
5316
5657
6248
6270
5611
4971
4851
5111
5076
4297
3183
2533
2534
2606
2225
1502
872
514
306
162
115
61
-232
-700
-929
-677
-211
45
-17
-136
-2
437
947
1256
1348
1483
1820
2151
2243
2235
2442
2845
3056
2875
2503
2212
2055
1983
1974
1952
1744
1271
691
220
-69
-292
-600
-1045
-1531
-1955
-2285
-2597
-2898
-3077
-3135
-3264
-3673
-4271
-4710
-4686
-4489
-4415
-4710
-5115
-5264
-5238
-5173
-5191
-5344
-5381
-5584
-5893
-6294
-6785
-6398
-5534
-3964
-3204
-3395
-4297
-4431
-3085
-923
232
171
-780
-854
-17
1589
3036
3572
3520
3339
3609
4381
5213
5856
5888
5591
5366
5619
6075
6219
5857
5247
5087
5143
5040
4533
3569
3000
2834
2930
2711
1860
1088
517
335
364
326
113
-391
-819
-921
-729
-470
-350
-479
-670
-593
-163
382
680
710
739
994
1385
1645
1712
1753
1929
2191
2346
2302
2173
2050
1915
1798
1764
1717
1500
1141
749
384
74
-170
-463
-923
-1418
-1807
-2139
-2527
-2885
-3003
-3037
-3226
-3770
-4342
-4687
-4581
-4341
-4380
-4718
-5224
-5453
-5460
-5244
-5212
-5319
-5894
-6361
-6864
-6698
-6085
-4648
-3301
-3241
-4069
-4796
-3977
-1882
-193
205
-453
-932
-509
743
2103
2991
3309
3470
3779
4171
4657
5238
5735
5914
5813
5824
5966
5916
5535
5199
5176
5305
5184
4384
3450
2891
3037
3382
2922
2044
1125
698
578
295
125
-113
-290
-578
-1025
-1225
-1042
-601
-380
-540
-796
-773
-434
0
355
628
907
1093
1156
1207
1455
1908
2295
2357
2116
1887
1931
2152
2247
2063
1717
1445
1253
1032
790
563
383
119
-412
-1002
-1462
-1756
-1906
-2176
-2551
-2872
-3228
-3487
-3659
-3950
-4149
-4223
-4428
-4583
-4717
-4900
-5092
-5222
-5251
-5282
-5358
-5615
-5925
-6393
-6733
-6381
-5099
-3276
-2617
-3501
-4871
-4866
-2646
-271
661
-84
-1234
-1098
210
1847
3012
3391
3298
3200
3460
4159
5109
5752
5785
5400
5253
5659
5997
5926
5316
4811
4969
5126
4853
3952
2944
2610
2840
3013
2606
1557
526
165
211
461
375
-149
-684
-1274
-1402
-1051
-582
-272
-563
-1041
-1075
-657
-7
408
388
436
676
946
1154
1247
1469
1872
2198
2184
1995
1892
1971
2066
2087
2141
1969
1669
1189
707
690
745
623
177
-561
-1172
-1500
-1587
-1671
-1925
-2308
-2711
-3077
-3381
-3596
-3732
-3818
-3990
-4239
-4454
-4631
-4668
-4686
-4619
-4600
-4801
-5031
-5290
-5445
-5725
-6054
-5974
-5121
-3626
-2764
-3172
-4186
-4430
-3060
-871
401
103
-829
-1220
-237
1412
2643
3112
2994
3024
3503
4190
4909
5256
5396
5388
5425
5611
5756
5767
5369
5096
4934
5181
4991
4325
3286
2783
2761
2993
2649
1904
1062
375
221
169
298
200
-304
-792
-1243
-1104
-688
-336
-333
-731
-1001
-866
-389
59
270
343
483
681
851
1032
1280
1622
1883
1929
1837
1782
1861
1987
2045
1997
1872
1648
1332
1010
820
741
603
253
-263
-728
-1010
-1198
-1441
-1759
-2034
-2230
-2495
-2904
-3315
-3468
-3412
-3463
-3771
-4031
-4226
-4292
-4303
-4329
-4372
-4599
-4896
-5114
-5351
-5483
-5659
-5979
-5731
-5062
-3583
-2882
-3290
-4388
-4463
-2799
-617
359
-287
-1298
-1248
47
1630
2547
2754
2725
2973
3416
3922
4485
5060
5397
5337
5190
5272
5489
5505
5273
5071
4960
4902
4532
3793
3103
2825
2988
2853
2167
1201
472
292
274
248
-98
-631
-880
-990
-998
-871
-735
-661
-729
-900
-913
-659
-210
143
242
376
555
750
1010
1212
1576
2065
2246
2187
2066
2009
2241
2531
2650
2549
2162
1744
1536
1499
1451
1191
797
329
-190
-490
-598
-781
-1110
-1637
-2068
-2217
-2384
-2756
-3190
-3443
-3500
-3515
-3671
-3998
-4341
-4508
-4478
-4455
-4412
-4493
-4855
-5108
-5300
-5328
-5380
-5924
-6250
-5976
-4657
-2946
-2617
-3698
-4949
-4400
-1982
150
356
-938
-1778
-1025
845
2240
2636
2407
2351
3017
3739
4402
4827
4908
4928
4881
5063
5463
5594
5364
4932
4604
4739
4897
4511
3687
2835
2545
2763
2708
1994
988
358
330
452
275
-176
-608
-826
-866
-785
-638
-586
-740
-990
-1028
-706
-226
79
137
169
382
719
1023
1217
1370
1563
1802
1995
2034
1951
1916
2068
2292
2368
2208
1924
1648
1395
1211
1107
1026
785
288
-213
-534
-542
-647
-967
-1523
-1973
-2209
-2392
-2586
-2905
-2996
-3149
-3175
-3513
-3808
-4090
-4103
-4024
-3913
-4073
-4335
-4728
-5045
-5083
-5003
-4989
-5395
-6074
-5799
-4756
-3034
-2623
-3538
-4796
-4500
-2426
-307
244
-654
-1519
-1210
165
1661
2466
2608
2573
2865
3421
4099
4688
5039
5106
5021
5035
5270
5553
5546
5179
4831
4825
4915
4578
3774
3044
2825
2893
2680
2008
1218
711
509
337
6
-415
-743
-909
-979
-987
-940
-865
-821
-850
-873
-741
-417
-35
193
241
289
467
813
1167
1425
1745
2062
2173
2147
2073
2136
2446
2638
2511
2240
1958
1795
1725
1562
1335
1099
782
329
-181
-532
-611
-607
-794
-1284
-1894
-2348
-2558
-2608
-2665
-2871
-3233
-3597
-3874
-4002
-3992
-3989
-4009
-4120
-4301
-4475
-4575
-4637
-4708
-4886
-5152
-5459
-5832
-5757
-5282
-4117
-2736
-2819
-3987
-4893
-3967
-1499
252
180
-1165
-2015
-1199
744
2189
2626
2344
2092
2614
3350
4114
4501
4649
4973
4953
5022
5147
5092
5172
4999
4850
4895
4670
4098
3282
2788
2898
3103
2774
1832
790
298
503
543
72
-435
-787
-937
-1093
-1206
-1126
-944
-674
-592
-789
-971
-696
-268
109
476
553
777
846
967
1428
1737
2136
2240
2011
1914
2063
2446
2656
2510
2186
1930
1833
1789
1627
1413
1215
886
403
-75
-309
-380
-516
-806
-1336
-1840
-2116
-2409
-2623
-2712
-2901
-3197
-3408
-3608
-3788
-3914
-3936
-3809
-3981
-4235
-4557
-4751
-4712
-4722
-4654
-4992
-5346
-5760
-5967
-5331
-4139
-2820
-2929
-4110
-4873
-4009
-1586
126
1
-1323
-1977
-1034
631
1779
2052
2055
2102
2478
3142
3748
4270
4739
4951
4823
4759
4986
5248
5243
5027
4820
4734
4630
4224
3587
3153
3146
3177
2748
1973
1315
995
868
666
348
-36
-446
-764
-1012
-1129
-909
-578
-456
-553
-809
-900
-572
-95
279
488
553
621
776
1011
1367
1787
2086
2103
1924
1848
2061
2434
2633
2474
2135
1869
1752
1715
1667
1569
1319
878
354
-51
-189
-201
-391
-779
-1327
-1920
-2259
-2394
-2493
-2650
-3007
-3449
-3700
-3776
-3757
-3695
-3777
-3944
-4186
-4362
-4429
-4403
-4475
-4795
-5032
-5233
-5275
-5607
-5823
-5392
-4426
-2866
-2626
-3717
-4670
-4233
-1942
-33
97
-1121
-1930
-1267
261
1580
2133
2192
2106
2545
3065
3517
4192
4570
4761
4629
4459
4759
5004
5098
4923
4601
4665
4683
4250
3560
3031
2980
3162
2915
2072
1292
932
940
956
575
36
-350
-579
-668
-705
-739
-692
-664
-709
-722
-609
-371
-165
-71
52
311
646
872
964
1122
1447
1806
2012
2029
1997
2061
2236
2419
2473
2333
2062
1799
1642
1576
1508
1357
1085
721
334
12
-223
-432
-725
-1155
-1625
-2024
-2271
-2410
-2534
-2760
-3084
-3380
-3590
-3650
-3633
-3647
-3817
-3942
-4079
-4242
-4345
-4440
-4373
-4412
-4465
-4849
-5234
-5365
-5483
-4982
-4371
-3315
-2595
-3293
-4212
-4294
-2640
-529
121
-773
-1725
-1533
-326
1010
1533
1697
1715
1973
2599
2976
3463
3998
4325
4449
4251
4230
4624
4847
4889
4666
4380
4498
4335
3938
3463
3042
3041
2979
2512
1830
1373
1143
1088
817
356
92
-172
-317
-644
-803
-587
-458
-411
-600
-654
-355
21
135
112
355
756
1089
1111
1014
1231
1729
2120
2160
1998
1943
2142
2421
2546
2445
2258
2096
1924
1731
1579
1512
1399
1077
586
134
-156
-356
-560
-800
-1094
-1486
-1929
-2304
-2543
-2670
-2756
-2883
-3187
-3588
-3855
-3757
-3598
-3675
-4058
-4403
-4423
-4322
-4260
-4331
-4542
-4810
-5061
-5086
-5204
-5049
-4424
-3527
-2547
-3158
-4019
-4476
-3118
-1126
-23
-600
-1694
-1942
-811
696
1612
1569
1429
1607
2260
2896
3450
3765
4086
4207
4214
4247
4392
4518
4528
4548
4423
4546
4275
3846
3259
3070
3057
3108
2644
1908
1292
1041
990
828
499
165
-136
-432
-737
-830
-670
-440
-418
-567
-643
-460
-102
209
366
462
629
858
1054
1208
1438
1784
2053
2049
1871
1857
2168
2568
2711
2498
2156
1966
1975
2015
1905
1649
1389
1180
938
584
193
-99
-295
-545
-915
-1340
-1700
-1955
-2203
-2404
-2532
-2661
-2903
-3282
-3629
-3677
-3642
-3704
-3891
-4211
-4229
-4312
-4344
-4422
-4622
-4757
-4810
-5094
-5181
-5560
-5241
-4353
-3347
-2482
-3551
-4269
-4763
-2791
-1035
-2
-915
-1904
-2001
-695
762
1645
1595
1495
1765
2365
2945
3325
3774
4178
4271
4329
4208
4373
4440
4469
4474
4406
4429
4123
3593
3139
2976
3091
2957
2409
1658
1158
1047
1062
868
432
-37
-357
-474
-505
-518
-538
-573
-628
-682
-626
-358
60
389
470
409
467
759
1151
1475
1709
1878
1974
1983
1974
2098
2360
2586
2588
2398
2250
2211
2206
2162
1979
1783
1631
1287
832
491
275
173
-47
-548
-1052
-1359
-1574
-1770
-2028
-2321
-2580
-2821
-3077
-3284
-3445
-3549
-3580
-3780
-3871
-4080
-4187
-4262
-4296
-4450
-4560
-4770
-4882
-5045
-5213
-5468
-5473
-4489
-3762
-2578
-3506
-4084
-4626
-3185
-1397
-269
-822
-1918
-2068
-964
606
1514
1589
1504
1659
2263
2776
3346
3838
4209
4357
4336
4234
4440
4742
4780
4672
4480
4377
4286
3810
3261
3048
3093
3036
2524
1775
1287
1167
1216
1035
598
165
-195
-323
-324
-397
-316
-202
-282
-400
-452
-172
401
665
571
488
632
1063
1458
1596
1666
1765
1912
2067
2161
2255
2392
2502
2494
2353
2239
2241
2238
2089
1825
1603
1472
1298
982
624
333
106
-163
-507
-856
-1136
-1381
-1674
-2028
-2327
-2445
-2460
-2583
-2917
-3284
-3514
-3462
-3514
-3646
-3926
-4157
-4210
-4239
-4292
-4430
-4608
-4735
-4889
-5009
-5071
-5349
-4739
-4245
-2978
-3033
-3824
-4630
-4138
-2245
-687
-586
-1668
-2329
-1738
-289
1027
1386
1263
1172
1629
2320
2931
3355
3701
3961
4006
3953
4025
4264
4428
4384
4288
4253
4154
3780
3250
2923
2948
3010
2701
2024
1423
1233
1311
1290
983
557
250
87
-29
-164
-242
-220
-231
-331
-468
-494
-185
261
505
609
624
682
928
1186
1460
1816
2044
2044
1889
1825
2069
2466
2755
2698
2377
2206
2187
2216
2277
2156
1948
1689
1229
878
764
682
522
67
-548
-948
-1144
-1210
-1332
-1704
-2187
-2530
-2672
-2782
-3057
-3425
-3635
-3642
-3631
-3895
-4170
-4305
-4337
-4315
-4528
-4761
-4923
-4975
-5153
-5339
-5542
-5671
-5174
-4447
-3480
-3374
-4156
-4672
-4290
-2450
-1005
-983
-1994
-2557
-1711
-241
973
1179
1111
1144
1691
2408
2811
3367
3660
3930
3996
3824
3987
4304
4498
4504
4425
4322
4220
3879
3415
3110
3157
3336
3071
2283
1522
1300
1363
1483
1186
637
231
-103
-62
-103
-158
-160
-276
-256
-420
-478
-253
98
467
630
601
563
697
901
1249
1674
1869
1830
1644
1560
1856
2350
2603
2511
2214
1992
1996
2111
2167
2076
1888
1611
1284
1034
807
666
587
265
-266
-759
-1089
-1177
-1232
-1508
-1846
-2153
-2512
-2839
-3068
-3203
-3207
-3327
-3552
-3859
-4032
-4174
-4159
-4240
-4297
-4414
-4614
-4811
-5122
-5221
-5202
-5230
-5269
-4649
-4256
-3136
-3512
-3996
-4553
-3566
-1985
-772
-1049
-2011
-2271
-1124
256
1113
1037
1019
1140
1838
2494
2870
3303
3575
3642
3680
3640
3842
4278
4568
4457
4073
3879
3908
3725
3492
3239
3060
3059
2722
2079
1717
1623
1619
1488
1027
589
432
410
349
185
31
-53
-141
-253
-353
-308
-42
307
542
580
512
520
712
1085
1534
1878
1932
1695
1475
1624
2151
2665
2760
2423
2014
1920
2199
2569
2668
2381
1908
1529
1344
1279
1257
1165
884
351
-269
-670
-762
-734
-921
-1355
-1906
-2361
-2668
-2818
-2903
-3036
-3191
-3593
-3940
-4165
-4171
-4106
-4232
-4286
-4632
-4813
-4886
-4931
-4843
-5049
-5118
-5511
-5731
-5215
-4356
-3252
-3221
-4203
-4811
-4244
-2325
-758
-874
-1981
-2610
-1720
-6
1080
1064
645
700
1461
2391
2841
3056
3234
3369
3608
3844
4095
4270
4221
4179
4157
4154
4216
3968
3548
3352
3350
3437
3164
2458
1912
1696
1723
1675
1254
830
585
425
342
126
-25
54
61
-33
-215
-377
-191
164
402
531
538
593
821
1068
1293
1541
1764
1893
1845
1760
1912
2250
2547
2637
2452
2267
2282
2310
2322
2263
2022
1791
1594
1307
1034
823
667
444
-1
-516
-900
-1068
-1124
-1393
-1804
-2212
-2628
-2858
-2955
-3100
-3204
-3458
-3824
-3986
-4034
-3981
-4091
-4247
-4615
-4807
-4751
-4553
-4683
-4877
-5223
-5357
-5476
-5430
-4659
-3925
-2874
-3794
-4339
-4922
-3398
-1683
-690
-1600
-2576
-2477
-1210
348
1003
804
666
1034
1898
2549
2939
3145
3469
3681
3820
3891
4088
4344
4448
4374
4305
4349
4352
4119
3790
3618
3642
3519
3005
2324
1916
1913
2025
1850
1319
807
596
547
438
322
263
185
40
-135
-231
-80
277
521
462
357
523
890
1129
1116
1097
1339
1719
1891
1787
1689
1863
2221
2438
2353
2139
2076
2189
2263
2166
1994
1887
1783
1534
1169
897
812
731
404
-153
-675
-951
-1038
-1194
-1555
-2015
-2421
-2691
-2894
-3071
-3197
-3295
-3506
-3830
-4172
-4307
-4202
-4189
-4274
-4570
-4773
-4844
-4974
-5107
-5141
-5176
-5225
-5592
-5575
-4969
-3929
-3129
-3784
-4426
-4634
-3137
-1549
-771
-1582
-2291
-2075
-710
620
1081
907
839
1320
2122
2746
3130
3359
3639
3840
3980
4093
4317
4495
4506
4409
4365
4379
4268
3953
3671
3615
3664
3481
2934
2326
2036
2058
2115
1857
1343
931
689
625
627
440
245
130
-21
-75
-129
-141
65
173
172
256
413
715
883
853
1016
1299
1546
1625
1494
1610
1943
2108
2101
1957
1970
2236
2274
2070
1879
1779
1838
1819
1557
1208
882
660
534
304
-126
-622
-998
-1198
-1403
-1698
-2031
-2339
-2670
-2996
-3226
-3367
-3401
-3612
-3837
-4145
-4324
-4394
-4513
-4579
-4723
-4857
-4908
-5113
-5264
-5301
-5290
-5209
-5592
-5062
-4600
-3357
-3378
-4172
-4725
-4213
-2247
-1029
-942
-2138
-2385
-1523
179
1121
1127
856
1049
1887
2708
3120
3227
3407
3730
4131
4213
4130
4363
4464
4643
4598
4470
4420
4162
3891
3694
3750
3740
3329
2734
2286
2166
2174
2066
1624
1171
954
809
703
525
264
94
12
-75
-170
-250
-223
-179
-152
-67
22
223
476
530
598
850
1141
1354
1346
1248
1438
1858
2151
2103
1839
1723
1891
2153
2270
2187
2033
1881
1699
1494
1318
1206
1100
867
420
-129
-554
-744
-859
-1125
-1558
-2000
-2332
-2604
-2887
-3133
-3318
-3468
-3692
-3992
-4247
-4419
-4430
-4462
-4472
-4636
-4702
-4794
-4830
-4910
-4947
-4990
-5145
-5154
-5567
-4901
-4333
-3206
-3189
-3963
-4458
-3954
-2020
-798
-643
-1828
-2159
-1388
107
1190
1068
1112
1157
1942
2474
2957
3316
3827
4049
4153
4016
4102
4413
4628
4677
4630
4546
4560
4380
3996
3749
3765
3808
3591
2977
2396
2189
2210
2108
1730
1254
964
828
700
487
292
214
188
17
-288
-463
-415
-111
103
139
110
30
195
428
750
1075
1083
1026
1031
1153
1408
1711
1882
1889
1792
1662
1765
1972
1996
1872
1729
1602
1412
1156
980
925
812
489
6
-437
-753
-935
-1056
-1276
-1664
-2132
-2495
-2716
-2879
-3015
-3112
-3272
-3594
-3954
-4155
-4148
-4088
-4262
-4354
-4590
-4635
-4747
-4780
-4752
-4772
-4828
-4957
-5167
-5226
-4517
-3766
-2763
-3532
-3957
-4382
-2833
-1338
-563
-1087
-1890
-1662
-578
719
1271
1157
1171
1584
2390
2879
3200
3454
3906
4242
4329
4278
4329
4522
4649
4650
4594
4557
4460
4194
3875
3726
3804
3787
3365
2656
2169
2165
2306
2094
1525
1039
888
869
712
451
275
207
96
-130
-351
-390
-198
48
104
-68
-222
-95
269
610
767
782
746
722
799
1058
1400
1604
1576
1435
1360
1418
1562
1690
1694
1552
1370
1244
1126
932
704
565
467
214
-253
-731
-1005
-1100
-1229
-1523
-1910
-2265
-2567
-2821
-3024
-3134
-3193
-3379
-3727
-4095
-4238
-4093
-3981
-4086
-4477
-4813
-4891
-4675
-4601
-4640
-4897
-5060
-5219
-5072
-4420
-3664
-2816
-3322
-3911
-4253
-3016
-1404
-431
-986
-1850
-1747
-495
830
1404
1187
1194
1619
2336
2929
3226
3552
3861
4073
4206
4144
4307
4558
4714
4684
4488
4478
4510
4300
3951
3692
3686
3743
3460
2815
2319
2172
2191
2116
1688
1129
818
718
651
514
275
73
-42
-157
-297
-418
-457
-435
-418
-415
-378
-269
-130
-9
140
378
632
738
679
664
881
1256
1506
1468
1285
1218
1350
1539
1628
1611
1554
1452
1261
1046
934
940
873
570
87
-342
-582
-733
-934
-1217
-1506
-1773
-2101
-2475
-2794
-2943
-2933
-3020
-3277
-3727
-4053
-4200
-4076
-4064
-4149
-4425
-4654
-4701
-4708
-4657
-4670
-4698
-4862
-4912
-5122
-4344
-3802
-2712
-3110
-3544
-3938
-2974
-1416
-444
-695
-1354
-1491
-465
601
1382
1437
1566
1876
2378
2814
3173
3585
3995
4237
4279
4262
4388
4578
4696
4640
4555
4505
4455
4240
3924
3709
3693
3646
3300
2728
2279
2135
2105
1907
1518
1127
873
718
548
329
128
8
-88
-282
-554
-705
-622
-453
-431
-538
-564
-418
-226
-97
27
215
395
471
468
528
741
1042
1261
1273
1142
1082
1215
1430
1539
1512
1444
1366
1222
1016
882
865
828
599
191
-212
-483
-658
-864
-1145
-1424
-1668
-1920
-2245
-2572
-2787
-2830
-2881
-3104
-3507
-3835
-3954
-3943
-3857
-4005
-4243
-4469
-4486
-4474
-4420
-4356
-4446
-4473
-4539
-4674
-4332
-3741
-2833
-2386
-3068
-3419
-3299
-1711
-625
-190
-882
-1181
-789
263
1257
1604
1541
1595
2044
2684
3202
3578
3754
3916
4016
4160
4283
4430
4515
4525
4493
4460
4408
4266
4022
3779
3653
3612
3438
3043
2579
2287
2188
2078
1802
1426
1085
811
571
368
228
133
5
-240
-565
-792
-780
-583
-440
-539
-764
-806
-593
-340
-171
-13
128
200
244
316
475
766
1041
1062
886
834
1041
1312
1429
1358
1242
1198
1167
1052
914
842
769
569
247
-57
-261
-437
-660
-912
-1150
-1386
-1647
-1930
-2211
-2454
-2617
-2675
-2803
-3101
-3469
-3704
-3664
-3586
-3635
-3807
-4027
-4127
-4160
-4119
-4090
-4036
-4182
-4227
-4426
-4171
-3571
-2892
-2384
-2890
-3133
-3170
-1946
-875
-300
-730
-1084
-803
207
1110
1521
1469
1640
2020
2639
3035
3287
3535
3758
4030
4148
4171
4277
4330
4441
4425
4367
4334
4161
3923
3673
3553
3557
3353
2937
2448
2155
2100
1989
1706
1264
886
684
545
399
178
-46
-239
-426
-588
-704
-718
-678
-671
-762
-872
-836
-659
-433
-324
-258
-96
84
200
163
177
390
669
859
819
727
756
927
1136
1228
1204
1121
1022
897
779
726
726
638
347
-50
-365
-503
-599
-806
-1111
-1388
-1598
-1804
-2072
-2319
-2435
-2495
-2606
-2908
-3210
-3415
-3434
-3408
-3485
-3638
-3827
-3923
-3916
-3961
-3953
-3960
-4003
-3959
-4177
-3792
-3382
-2607
-2483
-2891
-3135
-2822
-1591
-721
-503
-964
-1100
-562
377
1036
1298
1367
1650
2050
2458
2757
3010
3360
3643
3824
3819
3802
3947
4089
4243
4180
4118
4002
3810
3634
3432
3431
3349
3108
2679
2199
1998
1906
1831
1541
1122
780
558
428
260
75
-96
-234
-414
-604
-733
-747
-696
-693
-769
-827
-790
-715
-594
-506
-318
-93
-2
23
-50
100
402
664
790
658
584
663
885
1111
1155
1099
1001
912
836
806
827
829
677
362
33
-188
-289
-400
-585
-832
-1079
-1303
-1531
-1780
-1996
-2139
-2220
-2323
-2572
-2844
-3070
-3103
-3073
-3117
-3261
-3443
-3554
-3552
-3570
-3535
-3545
-3664
-3749
-3868
-3406
-2928
-2267
-2393
-2759
-2921
-2346
-1205
-614
-510
-980
-918
-321
572
1148
1264
1346
1592
1985
2413
2680
3018
3260
3445
3511
3549
3744
3903
3984
3919
3843
3863
3823
3663
3394
3196
3109
3035
2813
2447
2093
1890
1785
1593
1263
908
682
563
384
148
-28
-131
-276
-496
-682
-778
-785
-753
-752
-805
-806
-743
-686
-611
-531
-306
-111
-25
-23
-110
59
347
605
671
554
602
712
868
1000
1055
1048
942
831
737
694
707
694
515
220
-17
-147
-233
-384
-608
-864
-1064
-1200
-1391
-1680
-1926
-2013
-2063
-2253
-2582
-2836
-2921
-2899
-2904
-3016
-3224
-3394
-3404
-3384
-3388
-3436
-3486
-3559
-3649
-3494
-3108
-2563
-2244
-2380
-2685
-2624
-1839
-950
-546
-735
-952
-659
11
696
1013
1125
1285
1691
2140
2340
2562
2841
3103
3286
3344
3348
3439
3609
3669
3599
3481
3440
3412
3245
3026
2903
2886
2772
2426
2031
1783
1650
1562
1355
992
709
540
361
161
-14
-130
-218
-364
-583
-765
-798
-723
-684
-725
-851
-921
-845
-734
-618
-483
-330
-202
-109
-89
-8
222
398
545
612
630
706
742
840
960
1057
1141
1103
998
873
834
893
891
737
431
239
131
-33
-191
-431
-665
-828
-994
-1197
-1450
-1652
-1762
-1852
-2026
-2257
-2438
-2538
-2580
-2645
-2780
-2915
-2996
-3010
-3051
-3120
-3132
-3181
-3165
-3216
-3295
-3042
-2657
-2194
-2018
-2282
-2364
-1995
-1255
-587
-409
-662
-722
-355
252
805
998
1157
1335
1625
1967
2189
2504
2774
2964
3053
3046
3060
3174
3334
3363
3320
3232
3120
2989
2843
2750
2678
2571
2344
2003
1740
1586
1435
1281
1044
741
543
370
161
31
-63
-134
-239
-451
-676
-776
-732
-658
-635
-770
-793
-695
-592
-442
-457
-367
-202
-66
73
17
43
233
456
616
656
617
616
738
865
985
1018
954
887
778
706
702
672
605
431
161
-6
-94
-217
-378
-580
-750
-886
-1059
-1276
-1514
-1657
-1717
-1834
-2003
-2201
-2348
-2378
-2423
-2543
-2660
-2776
-2837
-2833
-2851
-2876
-2914
-2897
-2858
-2852
-2737
-2464
-2058
-1823
-1932
-2096
-1920
-1325
-715
-428
-509
-585
-333
148
636
902
1030
1208
1457
1775
2094
2316
2478
2608
2718
2797
2823
2934
2984
2946
2907
2850
2841
2758
2607
2454
2348
2268
2123
1871
1547
1349
1225
1130
966
665
401
235
148
34
-74
-216
-359
-475
-605
-663
-682
-640
-600
-625
-618
-561
-512
-440
-316
-192
-29
24
41
110
200
388
557
658
660
636
699
797
896
940
925
862
782
695
629
570
532
483
312
138
-11
-163
-298
-446
-613
-806
-975
-1145
-1335
-1498
-1602
-1672
-1797
-1985
-2156
-2260
-2307
-2366
-2490
-2575
-2606
-2647
-2673
-2683
-2687
-2667
-2690
-2737
-2709
-2470
-2127
-1870
-1776
-1965
-1976
-1582
-953
-574
-514
-626
-555
-130
381
704
844
962
1185
1420
1672
1887
2123
2244
2374
2451
2544
2615
2704
2726
2673
2619
2622
2608
2513
2350
2198
2098
1997
1816
1570
1358
1240
1119
960
759
543
387
252
109
6
-64
-175
-244
-354
-458
-472
-458
-405
-430
-449
-489
-407
-293
-151
-127
-99
-48
4
152
232
321
396
481
509
569
601
640
676
689
706
715
689
599
476
399
369
333
224
47
-152
-307
-418
-509
-614
-749
-904
-1070
-1243
-1402
-1512
-1561
-1610
-1738
-1939
-2113
-2181
-2162
-2152
-2221
-2328
-2405
-2403
-2359
-2347
-2353
-2364
-2338
-2258
-2133
-1934
-1705
-1588
-1625
-1592
-1383
-919
-552
-476
-492
-419
-42
362
654
709
811
1066
1382
1614
1771
1841
1966
2115
2249
2341
2396
2388
2416
2428
2407
2362
2347
2288
2166
2056
1969
1910
1735
1543
1352
1271
1169
1036
804
595
450
367
266
127
-39
-159
-225
-251
-295
-393
-457
-455
-447
-433
-438
-385
-310
-283
-164
-125
-27
18
142
232
322
405
453
529
542
600
659
653
658
661
714
752
708
609
512
423
383
310
158
4
-129
-250
-389
-527
-671
-788
-927
-1060
-1207
-1372
-1465
-1556
-1620
-1727
-1880
-1966
-2055
-2113
-2131
-2159
-2179
-2256
-2268
-2359
-2310
-2211
-2135
-2118
-2157
-2115
-2034
-1732
-1506
-1381
-1387
-1394
-1178
-898
-491
-355
-226
-248
-56
250
616
890
991
1088
1175
1350
1570
1760
1890
1926
1988
2052
2110
2160
2191
2153
2131
2102
2095
2040
1899
1801
1662
1591
1519
1336
1159
995
875
767
663
540
410
289
152
53
-17
-77
-150
-224
-290
-333
-315
-266
-264
-288
-266
-212
-105
-16
63
112
150
248
293
381
481
552
620
629
682
736
767
781
786
813
803
756
704
650
576
504
432
314
153
-23
-170
-285
-395
-511
-633
-777
-945
-1100
-1194
-1232
-1305
-1439
-1570
-1692
-1763
-1790
-1837
-1914
-1985
-2030
-2059
-2012
-1972
-1953
-1940
-1921
-1892
-1899
-1825
-1683
-1568
-1420
-1342
-1298
-1238
-1145
-888
-638
-377
-281
-188
-98
133
431
666
800
865
998
1223
1381
1505
1580
1697
1843
1948
1956
1915
1935
1974
2053
2058
1982
1860
1795
1696
1677
1582
1458
1330
1224
1128
987
866
750
631
478
337
245
166
102
19
-61
-155
-219
-283
-302
-328
-289
-305
-284
-294
-192
-160
-114
-39
32
173
244
307
305
407
482
611
658
617
604
593
649
685
688
653
624
544
469
388
316
264
152
8
-137
-288
-378
-479
-551
-653
-756
-969
-1103
-1192
-1209
-1272
-1401
-1523
-1630
-1731
-1756
-1796
-1808
-1805
-1858
-1879
-1864
-1842
-1803
-1792
-1798
-1811
-1779
-1736
-1659
-1544
-1454
-1318
-1178
-1077
-970
-881
-718
-535
-353
-191
-127
-49
66
282
537
699
825
887
957
1079
1255
1439
1535
1571
1587
1614
1682
1771
1804
1788
1768
1743
1694
1633
1579
1521
1461
1394
1298
1181
1066
982
893
789
627
481
374
311
263
204
149
63
40
1
-2
-53
-37
-29
3
15
59
95
136
195
274
325
337
341
383
453
531
579
588
570
560
563
563
551
522
466
403
345
278
197
127
46
-68
-193
-294
-370
-429
-485
-586
-727
-863
-945
-978
-1026
-1105
-1225
-1314
-1400
-1461
-1475
-1489
-1513
-1568
-1575
-1600
-1552
-1514
-1441
-1478
-1476
-1436
-1356
-1333
-1293
-1252
-1254
-1095
-1005
-917
-862
-769
-611
-497
-386
-298
-220
-98
41
162
210
389
474
619
717
769
865
980
1139
1212
1267
1262
1295
1336
1414
1431
1408
1380
1369
1366
1347
1317
1267
1202
1132
1062
983
902
824
721
637
556
479
416
359
266
217
243
213
168
95
47
52
75
115
80
40
30
112
231
261
257
242
247
253
310
374
397
436
395
348
349
370
406
353
302
274
220
179
78
-2
-59
-126
-178
-285
-423
-508
-511
-536
-624
-734
-844
-880
-889
-930
-1018
-1130
-1190
-1206
-1207
-1237
-1257
-1264
-1328
-1324
-1318
-1271
-1204
-1163
-1174
-1204
-1099
-1052
-1018
-1042
-1006
-963
-847
-820
-806
-750
-678
-500
-437
-367
-295
-158
-21
70
152
161
121
160
332
578
610
520
551
660
848
962
1016
938
830
975
1072
1221
1159
1087
1041
1039
1153
1172
1136
975
881
830
852
869
746
684
598
578
573
573
496
417
387
371
363
359
376
301
317
369
409
409
366
323
378
493
509
459
423
384
468
482
478
457
392
409
352
333
331
279
250
184
130
57
23
-15
-58
-162
-253
-314
-406
-462
-522
-586
-688
-739
-827
-848
-877
-851
-881
-943
-1025
-1049
-1033
-1013
-1047
-1117
-1145
-1121
-1088
-1044
-1044
-1062
-1052
-1003
-955
-934
-946
-979
-938
-876
-812
-748
-748
-707
-685
-622
-518
-451
-384
-400
-389
-309
-158
-9
51
43
79
213
385
488
460
426
454
618
756
880
856
890
899
1021
1069
1114
1075
1046
1047
1061
1070
1005
1004
975
986
990
927
868
826
806
711
693
597
530
507
477
436
412
376
343
406
408
433
389
361
329
357
446
461
456
369
337
421
500
603
517
453
305
274
298
321
321
266
165
87
117
129
61
5
-105
-262
-333
-453
-447
-520
-577
-656
-706
-709
-777
-836
-877
-892
-926
-977
-997
-1032
-1022
-1016
-1035
-1081
-1101
-1080
-1076
-1044
-1059
-1080
-1056
-1054
-1005
-975
-930
-934
-952
-884
-851
-801
-762
-695
-665
-658
-601
-538
-475
-460
-425
-383
-285
-162
-82
-24
12
121
209
292
360
389
468
551
654
741
763
773
837
937
1028
1083
1061
1054
1081
1107
1165
1169
1128
1083
1036
1037
1020
1005
982
937
904
844
790
763
751
718
656
585
511
487
478
444
409
349
290
268
286
262
220
200
125
83
75
67
46
-25
-79
-137
-196
-239
-250
-287
-332
-387
-456
-475
-516
-522
-534
-578
-631
-695
-734
-788
-796
-814
-852
-891
-925
-929
-971
-993
-997
-984
-944
-967
-1028
-1047
-1028
-996
-989
-1027
-1025
-995
-976
-986
-1012
-985
-951
-899
-848
-853
-826
-785
-718
-651
-622
-561
-524
-460
-360
-276
-188
-119
2
108
173
249
314
423
545
639
716
785
865
946
1070
1162
1204
1228
1218
1271
1337
1372
1376
1325
1285
1263
1252
1224
1172
1106
1068
1037
983
936
860
818
752
674
609
528
489
436
407
382
346
294
232
208
189
208
201
154
129
88
55
53
42
7
-42
-90
-83
-65
-94
-129
-159
-193
-216
-270
-340
-356
-354
-382
-405
-450
-530
-582
-594
-615
-643
-673
-713
-748
-750
-741
-781
-821
-849
-872
-877
-892
-888
-920
-951
-950
-950
-938
-937
-926
-923
-938
-927
-883
-823
-793
-792
-771
-713
-654
-613
-574
-531
-475
-405
-334
-267
-206
-149
-90
-6
77
140
191
255
334
403
473
513
558
628
660
726
789
838
871
869
889
897
927
946
941
949
925
926
941
922
906
878
847
829
818
794
761
732
678
642
618
575
530
497
470
456
478
458
390
372
361
364
367
322
276
253
243
224
193
160
125
113
84
11
-57
-104
-119
-120
-133
-186
-259
-312
-346
-344
-354
-410
-470
-532
-568
-583
-614
-655
-679
-704
-709
-691
-692
-699
-721
-744
-756
-763
-761
-764
-760
-762
-744
-719
-715
-676
-649
-621
-581
-597
-602
-587
-550
-485
-440
-411
-407
-399
-365
-308
-248
-235
-221
-166
-115
-71
-34
-11
35
73
112
165
211
244
247
297
357
394
420
414
429
431
476
551
572
588
577
568
585
602
629
626
628
638
647
653
641
655
661
663
625
595
604
577
570
563
542
509
471
464
436
426
430
408
385
352
312
280
256
229
197
186
166
129
111
53
-17
-35
-73
-123
-154
-191
-199
-214
-243
-267
-296
-302
-315
-327
-365
-399
-417
-443
-445
-469
-490
-508
-519
-514
-520
-525
-546
-531
-532
-552
-557
-561
-554
-583
-594
-574
-559
-555
-569
-557
-541
-541
-527
-518
-511
-486
-459
-417
-404
-393
-360
-346
-305
-268
-232
-202
-159
-95
-74
-36
-9
21
65
89
152
180
208
252
257
287
322
351
357
350
386
401
424
448
451
470
481
485
481
484
489
498
494
478
475
480
492
481
466
446
439
451
456
461
436
410
402
380
367
353
319
297
295
282
249
231
228
198
160
141
112
98
89
47
15
-18
-42
-42
-64
-95
-117
-143
-164
-156
-160
-178
-207
-268
-280
-299
-326
-322
-329
-308
-331
-383
-384
-385
-392
-390
-394
-395
-377
-379
-406
-400
-406
-422
-401
-381
-357
-340
-346
-346
-354
-347
-319
-302
-282
-264
-246
-212
-187
-174
-157
-159
-149
-129
-123
-83
-72
-72
-36
1
23
9
13
23
52
110
129
146
146
135
145
170
213
237
242
238
244
271
300
329
327
326
332
338
341
322
338
336
321
331
306
304
304
280
280
289
273
241
242
235
199
177
167
144
122
148
148
112
111
73
47
67
51
53
20
-25
-36
-54
-25
-5
7
-13
-46
-50
-80
-72
-89
-92
-77
-88
-91
-104
-98
-102
-93
-97
-110
-124
-158
-139
-163
-177
-146
-177
-189
-210
-234
-219
-235
-223
-199
-214
-220
-216
-224
-228
-227
-249
-250
-245
-245
-237
-227
-211
-205
-187
-196
-183
-151
-136
-106
-109
-118
-112
-93
-51
-27
-17
-13
-12
-7
4
37
71
94
97
109
121
118
141
141
146
172
183
192
193
208
215
227
251
255
240
230
215
228
219
216
196
181
180
199
180
175
181
158
153
133
108
112
88
88
95
80
59
63
58
19
7
1
2
8
8
9
4
16
1
-14
5
9
4
11
-5
-15
-17
-30
-25
-9
2
0
8
-19
-29
-47
-45
-49
-54
-75
-78
-107
-120
-136
-140
-150
-168
-170
-191
-191
-205
-202
-181
-194
-181
-164
-192
-173
-170
-179
-156
-180
-159
-140
-126
-106
-95
-87
-66
-64
-45
-19
1
0
-8
15
49
44
33
22
28
50
73
95
105
112
115
134
138
147
160
158
199
190
177
194
193
208
201
196
189
199
215
199
209
211
189
192
180
150
165
166
163
165
122
109
104
104
124
110
90
86
80
69
74
45
3
2
8
11
12
25
28
13
15
20
3
-16
-32
-48
-52
-40
-38
-55
-63
-95
-99
-68
-83
-77
-83
-95
-69
-81
-85
-89
-122
-134
-144
-147
-137
-149
-157
-161
-170
-158
-146
-149
-164
-168
-165
-152
-132
-136
-145
-150
-143
-131
-141
-127
-106
-108
-94
-75
-72
-79
-76
-45
-33
-38
-19
-20
-10
4
-4
42
44
23
50
53
65
82
102
131
128
127
133
132
146
142
142
174
176
169
168
167
169
167
165
159
160
159
166
177
172
166
157
143
139
139
120
125
131
111
88
73
81
88
93
76
59
48
35
59
69
65
58
54
59
37
33
50
52
28
15
18
-4
-15
-14
-30
-27
-21
-47
-50
-30
-39
-36
-25
-40
-49
-47
-37
-26
-25
-45
-68
-50
-39
-62
-70
-78
-89
-99
-106
-88
-98
-98
-78
-93
-96
-90
-97
-87
-80
-104
-103
-99
-82
-71
-95
-77
-55
-65
-64
-68
-45
-38
-31
-6
-1
31
22
54
37
39
60
81
87
109
112
115
122
124
130
134
157
160
178
173
164
180
174
192
164
176
147
139
134
125
140
137
139
132
100
96
87
75
88
83
74
75
45
50
39
34
45
47
16
16
1
5
9
14
3
18
17
4
8
-7
-19
-31
-16
-3
-7
-12
-34
-57
-64
-81
-80
-62
-51
-68
-64
-68
-77
-68
-82
-87
-99
-95
-101
-59
-74
-86
-101
-98
-108
-106
-96
-101
-109
-119
-137
-126
-118
-123
-111
-97
-89
-92
-83
-69
-84
-62
-71
-54
-59
-46
-38
-10
-22
-6
-12
-15
-7
-12
17
13
31
45
57
69
57
56
73
85
83
91
84
91
90
89
98
109
110
127
138
137
143
143
131
123
112
119
109
99
106
78
74
66
56
87
70
44
60
38
41
23
18
10
-12
28
11
-1
-8
10
6
-6
-11
-32
-12
-3
-16
-18
-31
-44
-42
-49
-67
-75
-57
-48
-66
-49
-66
-75
-62
-78
-54
-64
-45
-50
-74
-94
-103
-86
-96
-114
-123
-107
-120
-96
-115
-107
-102
-113
-110
-119
-128
-126
-104
-103
-140
-134
-129
-145
-117
-117
-136
-118
-115
-119
-102
-98
-101
-92
-79
-59
-49
-42
-33
-16
-24
-6
4
15
25
41
50
66
60
63
72
64
70
82
92
100
105
122
106
145
144
129
116
113
121
105
80
67
56
47
51
58
52
51
61
61
49
39
23
22
11
-7
-9
-21
-19
-28
-49
-40
-30
-38
-51
-61
-53
-41
-50
-58
-78
-80
-70
-78
-76
-64
-60
-72
-73
-64
-78
-86
-89
-89
-82
-90
-80
-103
-91
-106
-93
-99
-78
-81
-68
-80
-108
-75
-79
-97
-104
-77
-73
-51
-65
-49
-51
-64
-55
-54
-64
-60
-87
-92
-85
-82
-68
-53
-48
-44
-55
-63
-53
-45
-41
-14
-2
2
6
8
8
-4
10
30
41
55
58
66
63
59
65
69
73
72
71
82
101
105
96
93
97
87
87
110
103
95
86
62
62
34
49
78
56
86
89
75
77
80
94
71
77
68
50
66
51
30
37
35
37
40
20
23
8
18
33
2
6
10
14
12
0
2
-9
-17
-32
-27
-14
-9
-18
-12
-26
-57
-25
-29
-35
-19
-33
-45
-46
-45
-64
-65
-56
-39
-45
-42
-31
-44
-42
-71
-92
-77
-53
-36
-51
-59
-73
-68
-44
-40
-42
-52
-57
-45
-26
-27
-25
-9
-17
-34
-33
-23
-17
-17
-18
-8
3
10
15
22
32
41
50
70
68
50
43
47
47
63
88
96
91
82
64
63
81
80
79
86
78
70
72
62
54
52
43
46
42
56
65
67
51
67
45
37
36
28
7
3
-5
0
-17
-11
-6
-32
-42
-38
-48
-57
-39
-31
-37
-30
-28
-41
-52
-32
-38
-51
-68
-59
-58
-49
-56
-56
-56
-74
-69
-56
-67
-77
-62
-49
-52
-31
-53
-52
-42
-66
-53
-74
-54
-46
-45
-42
-64
-33
-45
-54
-64
-48
-31
-30
-35
-47
-56
-45
-47
-36
-37
-43
-45
-33
-26
-30
-26
-9
24
13
18
16
2
13
15
31
51
40
51
71
69
65
76
72
64
72
78
72
68
85
106
96
97
114
112
97
108
103
77
106
98
80
72
67
67
83
69
47
63
71
52
38
49
58
24
29
9
-2
-27
-36
-27
-49
-39
-12
-19
-36
-54
-35
-42
-64
-68
-66
-84
-86
-70
-77
-83
-89
-68
-83
-112
-105
-85
-73
-72
-93
-82
-66
-52
-41
-48
-68
-47
-15
-37
-8
6
-15
-1
-3
9
6
20
-5
-19
-28
-41
-18
-17
-42
-33
-21
-33
-15
-32
-43
-53
-78
-59
-47
-50
-44
-54
-54
-41
-17
-13
2
-3
-15
-13
-2
4
12
5
31
27
32
25
30
53
49
20
48
45
45
15
4
29
41
23
30
50
61
60
56
23
1
2
1
-10
-22
-4
18
-1
-2
14
19
24
27
32
39
51
46
38
33
17
14
15
1
-7
-8
-6
10
-3
-22
-30
-35
-21
-42
-57
-48
-41
-29
-47
-70
-65
-66
-79
-53
-65
-72
-53
-67
-55
-55
-57
-64
-75
-77
-89
-69
-68
-74
-69
-54
-61
-82
-66
-71
-73
-50
-32
-32
-31
-30
-31
-18
-9
-26
-47
-32
-22
-7
