7
7
8
8
9
11
12
12
11
11
11
8
8
10
13
11
8
4
8
9
8
7
7
6
5
2
2
2
2
6
9
2
-5
-6
-1
-1
-2
-5
-9
-10
-5
-4
-11
-11
-8
-10
-14
-13
-12
-13
-11
-7
-7
-11
-14
-14
-17
-15
-15
-14
-16
-19
-23
-17
-12
-12
-14
-17
-16
-13
-12
-11
-13
-14
-13
-12
-11
-14
-17
-13
-10
-8
-10
-14
-11
-10
-8
-10
-12
-9
-3
0
0
-2
-1
-2
-1
0
2
4
6
7
7
4
2
5
9
8
9
11
13
16
16
17
18
17
16
19
24
25
20
18
16
17
16
18
20
19
17
19
25
27
26
23
21
19
17
16
18
19
17
17
19
18
14
12
12
14
14
13
12
11
9
8
8
9
8
5
4
5
6
6
3
1
1
3
2
1
-1
-3
-3
-4
-6
-8
-7
-5
-6
-8
-10
-12
-12
-12
-13
-14
-15
-13
-13
-11
-12
-13
-13
-12
-10
-7
-10
-14
-17
-15
-9
-7
-8
-7
-3
-2
-5
-6
-6
-3
-1
2
3
5
4
4
5
7
9
9
9
9
9
9
10
13
17
16
15
15
14
12
12
13
16
16
14
12
14
16
16
14
12
11
10
11
10
12
12
13
9
6
3
-1
-1
0
3
3
3
2
-1
-5
-6
-7
-7
-12
-17
-17
-13
-14
-19
-23
-20
-22
-28
-30
-27
-27
-31
-36
-38
-37
-39
-40
-42
-42
-42
-41
-42
-44
-42
-42
-41
-42
-42
-37
-32
-33
-37
-36
-32
-28
-27
-26
-22
-19
-19
-18
-19
-14
-10
-5
-3
-2
1
4
8
13
18
24
27
31
34
38
44
49
53
57
60
62
64
67
70
72
74
75
76
78
79
81
80
79
80
79
75
71
66
64
62
60
57
53
48
40
36
30
24
16
10
4
0
-3
-8
-12
-16
-20
-23
-27
-31
-35
-35
-35
-37
-42
-47
-54
-55
-54
-53
-54
-56
-59
-60
-60
-57
-57
-57
-59
-58
-57
-55
-53
-53
-54
-55
-52
-48
-47
-45
-45
-47
-49
-51
-51
-51
-49
-46
-44
-44
-44
-43
-39
-37
-32
-30
-29
-29
-26
-21
-13
-5
5
13
25
40
54
67
78
85
94
104
113
123
132
141
145
146
143
140
139
141
142
140
132
122
113
107
103
97
88
75
64
52
41
33
27
21
14
5
-6
-18
-27
-33
-38
-39
-43
-49
-57
-58
-55
-49
-43
-41
-43
-47
-48
-45
-39
-31
-27
-26
-27
-28
-28
-26
-23
-20
-19
-21
-25
-30
-35
-36
-37
-39
-45
-53
-62
-66
-67
-67
-72
-79
-87
-92
-96
-98
-104
-108
-111
-108
-108
-112
-116
-120
-122
-119
-117
-116
-116
-118
-117
-117
-115
-114
-112
-111
-110
-104
-96
-87
-74
-56
-38
-14
8
28
45
56
74
86
107
132
151
180
193
209
214
216
229
235
248
255
251
246
232
228
226
223
220
207
189
165
143
134
127
125
115
92
66
35
15
2
-6
-8
-16
-28
-46
-67
-80
-86
-82
-76
-77
-80
-93
-98
-93
-85
-70
-60
-50
-38
-28
-17
-3
5
19
32
37
45
41
40
40
37
44
41
38
34
25
20
16
9
4
-9
-22
-32
-46
-53
-68
-84
-96
-117
-128
-144
-156
-169
-183
-192
-206
-215
-224
-230
-232
-234
-237
-240
-245
-251
-252
-253
-254
-254
-258
-256
-255
-251
-247
-250
-248
-236
-216
-164
-109
-53
-6
6
19
26
49
115
184
262
306
310
311
306
332
380
429
477
485
466
436
415
428
454
477
479
454
416
371
340
330
336
341
318
266
202
147
114
96
95
92
72
32
-27
-75
-107
-113
-111
-113
-124
-153
-183
-207
-207
-189
-164
-141
-132
-131
-139
-133
-112
-83
-53
-42
-43
-53
-61
-48
-27
4
22
19
4
-22
-36
-41
-34
-23
-28
-36
-57
-78
-93
-101
-105
-114
-134
-155
-185
-213
-228
-240
-246
-260
-284
-310
-333
-337
-332
-325
-324
-333
-351
-363
-372
-375
-373
-373
-366
-358
-356
-364
-377
-394
-396
-371
-323
-231
-162
-107
-83
-90
-57
-30
41
137
228
323
347
363
367
382
462
534
614
665
650
621
582
571
608
656
688
672
620
556
513
513
522
535
537
497
423
344
291
262
254
265
251
210
135
46
-19
-61
-73
-55
-48
-85
-149
-206
-233
-226
-212
-188
-178
-194
-201
-211
-202
-164
-134
-95
-80
-90
-93
-113
-98
-67
-38
-19
-26
-39
-83
-125
-127
-110
-78
-68
-80
-110
-160
-188
-196
-202
-216
-241
-265
-313
-356
-367
-363
-352
-357
-388
-428
-452
-475
-478
-453
-439
-430
-447
-484
-524
-545
-511
-478
-470
-465
-478
-478
-461
-447
-445
-445
-442
-423
-346
-251
-149
-88
-67
-22
1
59
165
288
438
520
550
551
535
586
659
763
866
900
892
841
808
820
843
900
932
925
879
812
773
747
758
783
754
690
607
553
520
501
493
462
407
334
243
148
80
51
43
35
0
-58
-121
-177
-212
-236
-242
-235
-250
-266
-281
-296
-289
-270
-228
-221
-232
-252
-295
-291
-286
-273
-257
-254
-249
-283
-320
-342
-351
-347
-345
-335
-346
-357
-373
-399
-409
-424
-430
-430
-439
-443
-452
-465
-481
-495
-501
-514
-530
-544
-551
-543
-536
-543
-550
-542
-527
-521
-520
-495
-461
-444
-424
-419
-411
-393
-388
-378
-375
-347
-294
-222
-138
-77
-19
16
30
48
97
194
317
464
560
586
588
582
640
719
803
895
938
946
903
863
854
882
912
934
940
914
863
833
822
814
822
783
748
681
609
557
547
558
550
500
421
336
252
189
169
185
187
156
82
-10
-109
-141
-148
-140
-129
-144
-151
-176
-223
-271
-296
-276
-241
-227
-252
-305
-363
-383
-390
-376
-369
-408
-438
-488
-532
-537
-546
-538
-537
-549
-553
-581
-605
-606
-595
-580
-570
-567
-549
-507
-489
-484
-476
-490
-509
-515
-517
-502
-475
-470
-456
-444
-434
-416
-402
-392
-390
-358
-335
-328
-304
-281
-242
-200
-174
-168
-160
-169
-186
-167
-111
-38
17
69
84
73
110
153
195
316
454
588
624
612
595
596
687
781
901
974
971
983
924
862
848
855
912
942
906
835
759
726
732
747
740
722
679
618
557
511
509
517
487
419
323
250
206
183
166
135
113
81
3
-61
-94
-114
-98
-89
-119
-142
-161
-206
-256
-274
-255
-237
-250
-274
-299
-323
-351
-372
-371
-347
-340
-376
-408
-450
-478
-480
-484
-489
-515
-512
-545
-593
-598
-614
-608
-598
-589
-588
-607
-598
-582
-567
-545
-532
-543
-552
-540
-520
-498
-472
-440
-421
-410
-402
-389
-354
-328
-297
-250
-242
-262
-262
-244
-190
-124
-105
-126
-171
-209
-196
-138
-42
21
46
66
57
94
155
173
238
359
488
546
563
566
535
589
679
781
872
866
826
755
725
740
737
724
700
731
759
725
629
540
540
580
599
579
545
505
475
474
473
444
391
354
327
282
225
176
141
139
153
132
75
-4
-76
-70
-24
-29
-60
-81
-101
-107
-137
-197
-198
-171
-164
-167
-215
-265
-284
-277
-264
-268
-310
-351
-393
-454
-419
-398
-423
-437
-475
-483
-488
-502
-502
-503
-508
-477
-477
-531
-512
-478
-446
-447
-475
-460
-445
-434
-431
-403
-367
-359
-375
-380
-352
-313
-275
-273
-272
-250
-223
-213
-206
-222
-253
-222
-190
-160
-147
-165
-173
-203
-199
-173
-128
-65
-70
-62
-16
-9
5
68
149
258
387
462
477
439
384
437
566
734
827
777
686
617
639
700
726
745
757
738
696
650
586
541
570
636
657
608
563
526
467
450
463
451
408
374
327
292
276
207
163
160
170
153
60
-19
-82
-94
-52
-34
-16
-32
-97
-156
-195
-214
-185
-134
-123
-113
-141
-217
-237
-233
-232
-238
-250
-271
-337
-355
-349
-398
-400
-385
-381
-352
-394
-463
-466
-452
-410
-391
-422
-403
-416
-467
-455
-421
-385
-394
-397
-381
-365
-334
-344
-343
-327
-283
-229
-241
-264
-300
-298
-246
-210
-174
-197
-187
-194
-261
-263
-231
-165
-167
-218
-250
-305
-283
-235
-168
-85
-89
-128
-141
-112
-52
-1
27
124
263
309
297
275
255
326
482
617
702
703
603
512
522
604
666
673
674
687
682
634
529
445
473
567
647
663
577
473
441
435
444
475
467
411
330
246
203
193
187
165
114
81
49
14
-6
-51
-58
-6
39
49
8
-81
-105
-75
-37
-16
-60
-81
-123
-166
-171
-234
-229
-231
-259
-256
-276
-278
-289
-298
-308
-309
-322
-342
-333
-352
-359
-346
-361
-397
-398
-381
-384
-387
-398
-417
-406
-368
-343
-308
-302
-328
-322
-302
-295
-284
-266
-282
-250
-196
-192
-200
-235
-260
-295
-277
-241
-261
-259
-276
-255
-212
-202
-246
-324
-345
-353
-284
-156
-108
-159
-249
-256
-183
-101
-38
-8
70
187
270
305
287
270
262
344
560
688
668
553
416
474
621
674
674
621
589
597
611
605
582
576
562
599
655
691
631
468
408
392
429
519
474
363
271
239
263
285
270
194
121
115
147
183
140
59
54
95
130
101
46
4
-31
-7
31
46
8
-78
-141
-163
-108
-70
-111
-162
-199
-176
-188
-276
-321
-351
-324
-258
-262
-321
-389
-439
-455
-398
-361
-377
-358
-409
-470
-433
-413
-391
-380
-400
-362
-329
-345
-359
-354
-335
-318
-294
-274
-289
-319
-349
-349
-306
-268
-251
-289
-337
-285
-251
-291
-317
-339
-322
-295
-293
-318
-386
-391
-325
-238
-181
-214
-274
-246
-167
-94
-12
24
61
149
212
287
309
297
365
440
532
663
727
657
532
506
580
708
810
780
676
616
637
684
671
610
573
554
582
666
677
574
449
371
390
479
511
435
316
223
209
255
283
260
174
75
58
95
97
66
29
-15
21
102
96
8
-91
-98
-52
-36
-8
-42
-103
-146
-179
-158
-170
-173
-192
-276
-321
-339
-332
-391
-466
-426
-403
-408
-415
-450
-469
-481
-469
-442
-441
-468
-494
-497
-498
-472
-403
-349
-357
-405
-417
-389
-362
-340
-309
-289
-297
-311
-301
-284
-271
-279
-291
-266
-213
-199
-248
-290
-259
-234
-237
-218
-228
-244
-235
-288
-318
-273
-228
-162
-130
-171
-198
-212
-158
-11
64
78
119
152
231
361
397
371
378
417
504
635
703
687
628
555
553
654
771
818
771
672
611
654
743
756
669
564
522
561
629
636
547
435
392
425
471
472
403
306
241
232
259
296
303
239
115
59
98
136
130
57
-47
-68
-15
30
46
-23
-139
-178
-139
-78
-49
-134
-276
-323
-329
-300
-266
-347
-420
-472
-511
-460
-424
-441
-477
-540
-575
-534
-501
-495
-488
-526
-530
-491
-446
-395
-406
-421
-428
-414
-351
-332
-309
-293
-311
-336
-303
-215
-213
-217
-201
-248
-203
-139
-150
-123
-148
-154
-91
-147
-148
-135
-176
-147
-172
-188
-168
-172
-171
-181
-196
-167
-105
-49
-35
-98
-147
-109
14
143
180
127
92
175
314
454
488
452
439
439
530
601
667
697
630
609
629
679
692
659
642
629
620
618
615
563
518
513
492
491
530
523
466
421
368
339
346
310
286
295
249
184
145
91
63
92
104
51
-2
-18
-44
-71
-89
-140
-177
-199
-236
-236
-249
-291
-308
-343
-385
-389
-392
-383
-400
-470
-509
-523
-484
-452
-481
-475
-515
-557
-513
-494
-466
-437
-444
-456
-449
-406
-375
-359
-349
-354
-325
-280
-227
-179
-175
-199
-196
-140
-74
-46
-58
-74
-78
-68
-36
-11
2
14
9
-10
-24
-32
-15
-28
-69
-66
-59
-66
-61
-85
-137
-123
-86
-103
-112
-151
-149
-88
-39
-10
-28
-36
-12
34
89
149
187
203
225
256
339
398
432
451
451
489
528
565
570
537
517
527
549
552
557
569
566
524
492
496
483
440
405
395
390
358
329
352
346
302
277
245
231
214
153
125
99
25
11
30
-21
-79
-76
-55
-70
-130
-178
-186
-169
-156
-192
-270
-318
-312
-299
-319
-347
-343
-356
-405
-392
-359
-380
-389
-400
-441
-431
-385
-359
-346
-348
-357
-381
-400
-367
-305
-256
-242
-278
-269
-189
-151
-147
-142
-156
-115
-57
-63
-18
19
-70
-91
2
25
9
5
-7
27
44
-6
-33
-39
-43
-32
-74
-110
-55
-23
-34
-52
-79
-55
-17
-34
-51
-72
-89
-68
-79
-83
-46
-65
-113
-63
24
67
37
-14
26
91
144
186
213
202
227
284
271
320
349
364
416
390
408
425
419
433
417
408
397
375
351
333
319
311
287
264
256
242
224
206
207
224
227
206
179
150
118
75
38
16
6
1
0
1
1
-5
1
5
-7
-45
-95
-150
-203
-215
-230
-275
-312
-337
-304
-276
-296
-318
-322
-215
-13
12
-160
-477
-735
-503
-106
64
-95
-361
-246
211
124
-246
-964
0
2202
2024
-84
-2350
-2078
1291
2447
-207
-1459
-1461
309
151
-927
-2151
1411
5579
3686
-1515
-6182
-2441
3386
4507
-86
-4944
-2987
3446
6090
1907
-4771
-6136
-640
5055
5319
-680
-6373
-6219
-2061
2072
2724
828
-2288
-3590
-1964
1583
1091
-1236
-3330
-688
2537
2166
-996
-3592
-2026
768
1177
-549
-1078
357
1501
430
-1653
-768
1113
2257
896
-676
426
1544
1420
-391
-978
1098
2940
2783
1004
136
890
1706
1385
677
1202
2585
2880
1179
-508
-612
958
2896
2520
1083
18
371
1116
470
748
1001
1355
1302
-54
-942
-1097
49
1109
1113
92
-754
-1099
-869
-160
-367
-555
-1250
-511
1229
538
-1620
-3725
-2591
288
1116
-236
-2969
-3201
-1712
-1451
-1696
-1934
-1210
-1851
-3442
-2803
-1238
-622
-2229
-3748
-3012
-1470
-849
-1856
-2905
-2928
-1958
-1206
-1322
-1612
-2427
-2208
-1108
-907
-1959
-4769
-4976
-83
6440
8827
1690
-8095
-9001
770
12410
13249
4190
-3342
-3078
2971
6829
6943
7114
7024
5680
2078
45
2422
5760
7282
4876
1862
1225
2141
3124
1396
-1307
-2006
490
3850
3227
-1560
-5899
-5599
-1988
615
310
-1363
-2858
-4226
-5169
-4574
-1988
496
303
-2109
-3518
-1924
859
1566
-467
-2266
-611
3619
5622
2726
-1473
-1772
1844
5161
5509
3792
2122
1347
859
447
1079
2745
3339
1514
-1192
-2402
-1645
-193
336
-880
-2884
-3625
-2919
-2552
-3484
-4653
-4733
-4030
-3493
-4058
-5083
-5121
-4401
-4286
-4837
-4801
-3922
-3210
-4048
-4585
-4281
-3100
-1446
-1901
-2948
-3232
-1737
-467
-722
-3783
-5794
336
8443
12356
4080
-8970
-9361
2433
17413
18161
5824
-3977
-3824
5389
10756
10270
8406
6216
5965
4034
1687
2326
5016
8272
7062
2505
-43
575
2327
1415
-1647
-2644
350
3624
1984
-4192
-8599
-6890
-1742
1521
55
-3904
-6258
-5877
-4439
-3294
-2158
-909
-444
-1324
-2437
-2290
-862
445
892
1274
2206
2942
2455
1064
401
1814
4732
6733
5679
2179
-504
190
3118
4787
3525
1043
-269
-182
-74
-587
-1099
-951
-806
-1871
-3986
-5718
-5560
-3971
-2883
-3455
-4804
-5505
-5718
-6209
-6433
-5561
-4530
-3757
-4728
-6641
-6923
-5894
-3923
-2742
-2663
-3798
-3999
-2892
-2214
-2108
-5181
-3936
3925
10697
10185
-1725
-11176
-6310
8495
20355
16213
3292
-4492
-1976
7157
12030
11754
10096
7929
6658
3584
2063
4208
7230
10190
6994
1772
403
1085
2980
1212
-2011
-1379
1932
3552
-67
-6354
-8710
-5462
-439
2004
-1372
-5481
-7313
-6067
-3280
-2979
-1900
-1444
-1037
-1822
-4826
-4497
-1237
3276
4377
1373
-1349
-1698
739
3220
4037
3855
3956
3440
1876
669
1489
3859
5209
4508
1752
-839
-1221
444
1257
271
-1099
-1830
-2332
-3984
-4528
-4708
-3333
-2163
-2974
-4384
-7508
-7568
-6611
-4432
-3504
-5148
-5518
-6783
-5501
-5150
-4605
-3737
-4056
-4202
-5090
-4139
-3688
-3488
-5947
-3286
4218
8420
7730
-3056
-9101
-3894
8802
18749
13076
1942
-4325
-371
8349
12162
11871
9241
7126
6273
3939
3091
5577
8745
10230
6096
1725
655
1619
3941
2092
-83
597
2286
2011
-2579
-6813
-7187
-2664
1737
1461
-2256
-6294
-7392
-5479
-3188
-2210
-1593
-1771
-1826
-3389
-4959
-3602
-852
3147
3384
840
-1423
-2056
942
3336
4259
3526
2234
2008
1632
1515
2417
4431
5382
3405
-321
-2207
-835
1649
2592
1229
-644
-2047
-2698
-2828
-2860
-3080
-3069
-2910
-3385
-4873
-6588
-6330
-5382
-4000
-3558
-5045
-6039
-7161
-6502
-4870
-3439
-2346
-3589
-4927
-5373
-3802
-3733
-3630
-4952
-958
5237
7135
3544
-7399
-7565
-302
13385
16188
8179
-2123
-3940
2247
10732
12338
11157
7332
5867
4861
3211
4376
7004
9510
8744
4227
1527
680
2299
3415
2397
1409
1557
1844
-63
-3790
-5847
-4194
-491
1514
-399
-4614
-7013
-6349
-4317
-2678
-1454
-651
-1552
-4281
-6362
-5059
-714
3093
2901
-801
-3693
-2739
753
3412
3747
2853
1907
1471
1368
1483
2220
3877
4825
3432
768
-1011
258
2472
3121
1591
-1077
-1619
-1247
-1199
-1918
-3007
-2376
-1758
-2450
-4491
-6239
-5597
-3788
-2451
-3432
-5465
-6388
-5994
-4791
-4532
-4199
-4166
-4306
-4366
-4867
-4172
-3471
-2213
-3445
-5765
-1933
4163
7881
3338
-6761
-8191
768
12560
15278
6231
-2515
-3187
3915
10314
11306
9427
6660
5851
4498
3185
4451
7072
10521
8951
4023
899
30
3207
4864
3241
1212
268
1101
229
-2376
-4725
-3586
333
1514
-1318
-5659
-7092
-4880
-2710
-2685
-3281
-2950
-2373
-3286
-4952
-4195
-1667
516
1282
-544
-2652
-1993
115
1762
2555
2283
1798
1622
1304
1064
1682
3391
4745
3759
1066
-600
186
2340
3452
2544
837
-665
-1561
-1755
-2024
-1642
-565
-1135
-2968
-4825
-5932
-5148
-3468
-3071
-3802
-5007
-6113
-5880
-5281
-4288
-3860
-3557
-3813
-4999
-5188
-5093
-3235
-2349
-2802
-5211
-4832
1825
5708
5923
-2165
-8782
-3598
6557
15461
11025
657
-4086
-803
7900
11231
10226
7378
5413
5497
4028
3884
5350
8565
10225
5969
1469
-366
1653
5043
4474
1442
-256
818
1296
-788
-3960
-4661
-1627
997
183
-3853
-6958
-5903
-3252
-2380
-3189
-3784
-3076
-2375
-4147
-5676
-3616
-5
2833
1206
-3665
-5325
-2105
3152
4896
2887
264
-747
759
2351
3253
3318
3406
3534
2021
62
58
2670
4946
3795
365
-1770
-1212
889
1134
-1182
-2155
-1558
-1317
-2150
-4032
-5232
-3817
-1689
-1476
-3660
-6572
-6381
-4574
-2901
-3006
-3878
-3556
-4494
-5424
-6134
-4198
-1601
-667
-2231
-6848
-4960
1032
6219
5716
-3409
-8162
-3426
7181
13506
8160
-869
-4149
1247
8172
9876
8389
5902
4948
4730
3144
3673
6585
9734
9470
4039
-73
282
3554
6409
4732
976
-142
1174
1693
-448
-3520
-2894
861
1796
-1094
-5134
-6451
-3749
-1587
-1851
-2976
-3947
-3412
-2932
-4096
-4476
-3230
-857
938
-876
-4021
-3916
-742
1990
2023
513
170
754
1147
1175
880
2039
3811
3932
1864
-265
-233
1466
3862
3653
1587
121
-1113
-415
156
-141
357
161
-925
-3309
-4857
-3778
-1922
-544
-1591
-4091
-5910
-5793
-4022
-2932
-2283
-2594
-4166
-5104
-5090
-4658
-3397
-1672
-1863
-3298
-5775
-6482
-822
4304
5608
1236
-6643
-6254
818
9483
11363
3836
-2446
-2789
2920
7451
8429
7790
5633
5103
3044
1693
4469
7729
9668
6645
1690
202
1391
4638
5346
2767
1137
1035
1554
458
-1733
-2366
-751
1350
843
-1923
-4937
-5500
-2776
-1449
-1936
-2520
-3709
-3666
-4254
-5180
-3313
-751
1369
-61
-4804
-5662
-2179
2459
4111
681
-2691
-2108
1181
3146
2605
1258
1178
2932
2471
666
505
1656
4539
4361
1236
-474
-585
1460
2125
669
-669
-534
89
-661
-2124
-3633
-2278
-829
-939
-2553
-5623
-5657
-3373
-1648
-2086
-3551
-4977
-4465
-3630
-4298
-4418
-4399
-2271
-1541
-3038
-5713
-7328
-2019
3669
5623
1725
-6226
-7433
-901
8022
10722
4719
-1645
-3410
843
6252
8151
7925
6025
4504
2808
1829
4192
6930
8664
6832
2374
891
2009
4110
4844
3029
1442
1765
2702
1489
-1125
-2435
-1002
1664
1498
-1582
-4321
-4273
-2190
-1175
-1775
-2679
-3082
-3522
-4261
-4338
-3618
-1937
-1037
-331
-1844
-3269
-2469
-2171
-602
403
1755
1227
336
-1084
-1183
839
3505
5009
3396
-365
-1091
749
3608
4641
3372
1058
-451
114
1155
1180
908
882
344
-544
-1267
-1862
-1455
-1116
-1776
-2578
-3070
-3077
-2740
-2994
-3690
-3804
-3730
-3702
-3111
-3364
-4228
-4278
-4205
-3154
-2370
-2565
-4060
-6548
-2902
2034
4126
1550
-5601
-6450
-1527
6253
8874
4499
-1794
-2903
1270
5252
6616
7025
5791
4436
3522
1368
2864
5741
8824
7561
2912
633
968
3694
5782
4463
2341
1070
1174
1362
426
-481
56
1588
1211
-1423
-3266
-3323
-1488
-436
-1189
-2402
-3348
-3406
-3502
-4009
-2714
-1395
-823
-1381
-3003
-3080
-2639
36
271
-315
-551
261
767
356
354
825
1863
3548
2808
1176
23
1101
3243
3624
3321
1747
666
1061
899
872
285
1073
1645
39
-1473
-2476
-1466
-420
-408
-1611
-3443
-3608
-3071
-2408
-2579
-2915
-3202
-3357
-3717
-3846
-3900
-3316
-2833
-3644
-3844
-3783
-3071
-3151
-4980
-1979
1981
2910
1132
-5735
-5646
-1308
7211
9506
3760
-3286
-3850
1854
6582
7102
5400
3197
3264
3452
2646
3094
4937
7426
6901
2847
767
1081
3880
5149
3362
1580
1216
2251
1666
4
-1786
-1110
1862
2146
-172
-3243
-3938
-1943
-264
-1131
-2598
-2935
-2654
-2599
-3919
-3595
-1989
-233
-351
-3125
-3958
-2360
1009
1970
-884
-2863
-2169
1483
3270
1441
-372
-627
1687
2941
2160
1335
1066
2383
2626
1843
1080
1152
2420
2215
988
-382
-215
1266
1189
-44
-1786
-1963
-835
-1054
-2055
-3125
-2528
-1174
-1417
-3121
-4333
-3966
-2669
-2701
-3306
-3846
-3647
-3247
-3583
-3651
-3750
-2304
-2535
-3436
-6543
-2376
1853
4143
790
-6741
-6364
-711
7846
8592
2202
-3864
-3356
1846
6112
6561
5247
3286
2948
2420
1953
3224
5525
7762
5929
1808
212
1168
4503
5539
2961
804
1122
2485
2044
59
-1144
233
2347
1763
-829
-3064
-3127
-1503
-221
-248
-1335
-2249
-2694
-2975
-3208
-2428
-678
-79
-1403
-4177
-4549
-1837
1328
2423
-325
-2365
-2317
-257
2333
2696
1979
991
881
276
394
1550
2709
4263
3080
637
-501
178
2226
3066
1924
284
-25
433
324
-455
-968
-698
-276
-634
-2019
-3360
-2790
-1646
-1369
-2416
-3433
-3160
-2852
-2962
-3674
-3590
-3301
-2076
-3133
-4445
-5001
-3742
-2180
-1621
-4287
-5007
-622
2104
2797
-2669
-6268
-3446
3729
8155
4939
-1656
-4657
-341
4597
6412
4853
2853
2904
3605
2167
2637
3648
6018
6688
3753
865
417
2317
4559
4183
2401
1338
1765
1890
1246
-418
-570
1528
1928
1048
-1915
-3098
-1910
382
337
-411
-1876
-2669
-2679
-2806
-2382
-1167
-494
-685
-2388
-4160
-2793
363
1818
1182
-1425
-2874
-890
1748
2565
1575
276
458
955
653
824
1909
3108
3221
1585
-208
-60
1946
3394
2362
137
-782
-93
601
287
-401
-443
-151
-636
-1840
-2832
-2679
-1545
-948
-1418
-2732
-3902
-3555
-2958
-3006
-3348
-3275
-2913
-2522
-3698
-4870
-3922
-2446
-1578
-2616
-4768
-4963
123
2252
1785
-2698
-6542
-3209
3218
7413
4005
-1476
-3402
-534
3991
5875
4670
3130
2090
2617
2404
2623
3641
5098
6134
3841
745
1037
2730
4536
4101
1726
1606
1961
2455
877
-345
-347
1887
2888
1780
-1336
-3349
-1852
744
1187
-70
-1561
-2324
-2142
-2280
-2178
-569
497
-367
-2362
-3550
-3032
-448
1269
1194
136
-1454
-1253
-680
471
1964
2516
2497
552
-1084
-610
1580
3781
3625
1774
112
-31
957
1892
2020
1611
1092
480
-192
-854
-798
4
731
352
-1253
-2859
-3120
-1897
-792
-1194
-2417
-3243
-3585
-3266
-3138
-2904
-2533
-2546
-3314
-3949
-3771
-3697
-2752
-2017
-2699
-3191
-4282
-4287
47
1606
1574
-2002
-4741
-3047
1386
5550
4029
-139
-3404
-717
3541
5050
4269
2282
1602
2640
2378
2614
3305
4266
4681
3272
1714
1497
2531
3823
3515
2345
1737
1581
2480
1366
780
124
1384
2184
1432
-527
-1734
-911
648
1011
-79
-1205
-1432
-1376
-1493
-1656
-1063
-441
-593
-1668
-2419
-1737
-21
1021
218
-1451
-1800
-151
1612
1425
-162
-775
534
1985
1651
112
-368
1031
2597
2375
718
-276
463
1739
1832
687
-242
-68
574
495
-446
-1090
-643
192
-44
-1590
-2841
-2426
-1153
-799
-1754
-2865
-2942
-2488
-2508
-2594
-3008
-2920
-2897
-3085
-3194
-3386
-3121
-2298
-2034
-2868
-3640
-4223
-849
1079
1689
-1368
-4806
-3530
502
5099
4185
-57
-3269
-1819
2777
4911
3570
1832
713
2178
2993
2743
2638
2995
3957
3654
2207
1969
2243
3111
3229
2222
2373
2143
2385
1106
565
735
2271
2652
1506
-670
-1545
-424
1250
1745
552
-1058
-1661
-1396
-813
-507
-138
23
-428
-1465
-2245
-1787
-148
802
397
-479
-1250
-1084
-160
375
728
966
876
747
337
-142
116
1272
2536
2347
781
-438
-520
565
1624
1289
497
125
-206
-415
-595
-600
-106
128
-544
-1643
-2327
-2101
-1365
-1017
-1487
-2430
-2932
-2743
-2209
-2392
-2690
-2775
-2539
-2369
-2748
-3212
-3132
-2410
-1590
-1828
-3014
-3917
-3858
-270
1528
1497
-2275
-5298
-3505
1546
5001
3457
-1061
-3489
-1351
2850
4310
3262
1709
1189
1960
2286
2230
2617
3116
3679
3068
2211
1971
2338
3141
2894
2296
2157
2584
2714
1483
561
860
2101
2883
1874
-119
-1078
-94
1306
1495
334
-811
-1011
-608
-431
-683
-743
-394
-373
-1059
-1703
-1939
-733
488
141
-346
-914
-815
-316
-173
133
648
1285
1012
-24
-861
-428
1205
2253
1754
237
-657
-219
858
1318
936
423
332
284
-182
-702
-775
-46
196
-359
-1447
-2096
-1452
-983
-890
-1665
-2223
-2045
-2104
-1997
-2401
-2385
-2066
-2235
-2601
-3148
-2797
-2498
-2303
-2133
-2727
-2660
-3061
-3366
-1875
5
1164
-580
-3846
-4618
-1530
3394
4539
842
-3248
-3405
744
4224
3870
1273
-225
1343
3212
2953
1685
1339
3094
4477
3727
1885
906
2265
3633
3691
2913
2185
2331
2160
1489
942
1463
2820
2904
1245
-595
-619
1165
2415
1553
-386
-1265
-581
329
92
-721
-943
-392
-75
-1381
-2357
-1827
-433
1130
434
-1486
-2319
-1474
189
917
756
143
-253
-495
-642
-234
605
1584
1620
326
-1020
-880
528
1641
1562
563
-358
-480
-30
188
70
86
90
-331
-1029
-1472
-1280
-619
-202
-734
-1870
-2572
-2410
-1779
-1385
-1651
-2242
-2498
-2672
-2766
-2654
-2600
-2486
-2316
-2302
-2647
-2974
-3809
-3844
-1347
894
759
-2191
-5344
-4321
375
4254
2960
-1588
-3879
-1760
2473
3928
2198
483
720
2436
2763
1760
1330
2442
4371
4095
2205
1215
1945
3608
3810
2944
2330
2504
2970
2181
1209
1090
2277
3495
2569
592
-690
183
2146
2400
866
-629
-677
133
365
-247
-665
-296
151
-490
-1880
-2146
-866
470
344
-1013
-1897
-1482
-469
177
75
-242
-96
-32
-641
-1055
-302
1152
1806
735
-980
-1270
230
1820
1834
485
-533
-280
525
735
275
-25
249
429
-131
-1022
-1378
-756
-122
-483
-1436
-1919
-1789
-1534
-1612
-2082
-1891
-1812
-2161
-2507
-3115
-2907
-2461
-2146
-2246
-2865
-2911
-2925
-3136
-3130
-1970
-12
415
-1771
-4639
-4451
-615
3216
3106
-818
-4007
-2584
1729
4021
2795
700
523
2064
2968
2254
1524
2390
4092
4448
2839
1148
1290
2984
4314
3997
2765
2120
2303
2384
1945
1693
2356
3213
2722
864
-514
147
2000
2541
985
-914
-1204
75
783
-80
-988
-962
-270
-227
-1572
-2198
-1105
232
355
-1388
-2866
-1419
785
1015
-441
-2259
-1652
682
1850
833
-1351
-1351
687
2205
1554
-210
-539
425
1620
1547
420
43
750
1211
350
-602
-360
579
714
-336
-1497
-1554
-639
-199
-879
-1889
-2172
-1805
-1529
-1877
-2409
-2600
-2307
-1955
-2437
-3112
-3287
-2801
-2424
-2694
-3077
-3188
-2790
-3295
-3561
-1895
-50
361
-2217
-5036
-3733
537
3853
2534
-1746
-3910
-1613
2992
4399
2129
10
456
2692
3544
2514
1435
2307
4355
4666
3056
1487
1723
3524
4602
3718
2443
2221
2617
2581
1899
1756
2556
3064
2227
551
-216
779
2129
1962
368
-831
-469
430
258
-834
-1286
-485
230
-526
-2101
-2526
-1096
579
493
-1284
-2679
-2107
-326
631
-35
-1098
-1110
-239
187
-299
-675
19
1113
1081
-197
-1036
-128
1542
1992
754
-532
-476
432
910
523
121
170
299
-177
-967
-1242
-628
206
-71
-1126
-2317
-2248
-1439
-1221
-1570
-2470
-2408
-2297
-2343
-2699
-3072
-2398
-2214
-2314
-3001
-3241
-2758
-2439
-2768
-3381
-1868
-169
-110
-2166
-4310
-3091
470
3093
1643
-1918
-3119
-455
3203
3695
1366
-212
1085
3296
3595
2093
1265
2476
4246
4454
2820
1352
1834
3606
4476
3574
2251
1927
2413
2667
2352
2000
2096
2340
1964
948
333
851
1722
1639
557
-356
-281
227
119
-556
-795
-259
97
-644
-1822
-1969
-766
471
239
-1126
-1948
-1548
-498
169
-109
-514
-396
-271
-432
-646
-351
698
1351
594
-712
-1019
63
1306
1361
418
-353
-308
150
303
126
32
147
104
-465
-1224
-1387
-704
-107
-604
-1816
-2402
-2019
-1439
-1382
-1974
-2461
-2493
-2294
-2323
-2800
-2861
-2432
-2166
-2470
-3143
-3097
-2593
-2310
-2724
-3314
-2007
-17
172
-1892
-4299
-3386
459
3425
2351
-1701
-3492
-924
3094
4196
1732
-242
787
3321
4034
2189
919
2176
4424
4793
2810
1114
1730
3731
4638
3571
2067
1835
2654
3003
2320
1614
1874
2506
2228
1052
236
728
1741
1656
325
-682
-296
555
465
-645
-1224
-661
109
-174
-1588
-2193
-1154
370
87
-1603
-2708
-1839
737
1289
-341
-2188
-2201
17
1511
1321
-455
-1310
-254
847
1237
244
-151
530
710
633
27
-233
451
944
783
-159
-673
-142
229
-116
-826
-1117
-877
-831
-1307
-1856
-1901
-1556
-1453
-1927
-2475
-2525
-2117
-1911
-2414
-2866
-2709
-2150
-2163
-2981
-3380
-2877
-1843
-1700
-2777
-4048
-3157
-132
1069
-634
-3797
-4157
-543
3061
3356
-398
-2991
-1367
2382
4290
2074
-67
835
3345
4348
2428
814
1743
4103
5457
3865
1572
1324
2917
4587
4085
2740
2202
2468
2959
2372
1865
1961
2572
2841
1621
354
106
1228
2107
1273
-55
-515
-206
21
-377
-827
-486
-268
-431
-1293
-1892
-1285
-601
-124
-943
-1708
-1402
-900
-450
-869
-921
-470
-272
-418
-1121
-1164
-223
764
792
-324
-996
-431
416
874
465
-188
-133
189
350
-22
-355
-40
388
312
-497
-1148
-987
-383
-195
-823
-1593
-1724
-1406
-1369
-1675
-2067
-1980
-1732
-1936
-2522
-2860
-2286
-1804
-1937
-2650
-3094
-2547
-1848
-1747
-2672
-3486
-2706
-400
682
-717
-3029
-3701
-1013
1991
2668
315
-2283
-1675
1171
3514
2588
670
526
2091
3617
2939
1629
1693
3406
4684
3799
2039
1484
2729
4084
4025
2787
2060
2461
2810
2479
2002
2033
2498
2634
1778
611
415
1272
1975
1502
275
-420
-121
246
-102
-641
-561
-65
-50
-962
-2051
-1991
-663
355
-176
-1537
-2166
-1539
-464
-9
-400
-944
-993
-708
-582
-640
-460
21
321
-5
-641
-762
-134
558
560
94
-246
-200
-20
66
-46
-170
69
78
-444
-1169
-1218
-613
-274
-471
-1398
-1890
-1825
-1543
-1277
-1621
-1832
-2018
-2170
-2308
-2258
-1985
-2085
-2273
-2568
-2579
-2317
-2084
-2053
-2683
-3074
-1924
-145
129
-1538
-3438
-2744
381
2773
1937
-1233
-2483
-245
2940
3552
1498
255
1419
3406
3588
2068
1346
2587
4402
4542
2861
1419
1990
3817
4618
3505
2030
1907
2714
3002
2360
1803
2080
2627
2312
1070
172
727
1957
2024
746
-506
-434
194
75
-543
-946
-520
-121
-643
-1672
-2197
-1302
-227
-321
-1257
-1939
-1464
-785
-719
-1007
-1037
-444
-269
-788
-1321
-1143
-71
659
286
-730
-1101
-323
513
587
163
-83
-45
-17
-178
-358
-225
179
300
-306
-1086
-1155
-590
-261
-679
-1394
-1646
-1289
-1041
-1351
-1881
-2153
-1885
-1581
-1789
-2320
-2609
-2253
-2031
-2378
-2673
-2577
-1975
-1842
-2452
-3052
-2775
-809
466
-429
-2503
-3574
-1399
1639
2629
705
-2006
-1794
987
3366
2836
703
400
2201
3752
3147
1475
1476
3308
4783
4193
2232
1516
2609
4066
4201
2798
2003
2482
2994
2574
1767
1817
2384
2620
1928
722
291
860
1803
1700
509
-304
-416
-92
-136
-448
-441
-303
-353
-1028
-1795
-1759
-880
-281
-630
-1460
-1834
-1356
-997
-1002
-1148
-934
-411
-591
-1191
-1544
-958
195
499
-159
-1070
-1017
1
637
441
-249
-407
32
170
-67
-333
-97
269
49
-540
-928
-657
-225
-254
-775
-1284
-1282
-1121
-1078
-1451
-1694
-1566
-1553
-1705
-2224
-2231
-1904
-1634
-1702
-2363
-2548
-2362
-1766
-1539
-2120
-2768
-2699
-880
380
-426
-2246
-3308
-1290
1573
2344
629
-1847
-1409
1282
3251
2630
530
521
2264
3665
3192
1489
1471
3127
4451
3884
2075
1526
2621
4002
4056
2595
1737
2141
2876
2802
1958
1716
1976
2303
2019
1016
433
705
1566
1625
629
-310
-590
-135
75
-120
-471
-755
-711
-1155
-1516
-1417
-996
-489
-928
-1443
-1649
-1452
-1006
-1059
-945
-767
-744
-978
-1373
-1210
-548
71
41
-591
-1134
-943
-185
377
268
-267
-527
-368
-148
-118
-144
11
82
-237
-785
-1051
-703
-188
-154
-751
-1399
-1550
-1193
-957
-1119
-1344
-1541
-1488
-1750
-2069
-1902
-1749
-1585
-1934
-2281
-2174
-2036
-1709
-1942
-2285
-2489
-2069
-374
56
-913
-2379
-2712
-382
1639
1847
-94
-1769
-599
1629
3073
1930
409
1089
2637
3528
2390
1183
1940
3545
4434
3278
1667
1575
2873
4205
3709
2193
1593
2319
2995
2589
1838
1627
2089
2304
1648
686
513
1194
1670
1053
-18
-378
-57
262
-97
-565
-773
-482
-285
-965
-1421
-1542
-1087
-659
-1004
-1193
-1268
-1107
-1207
-1564
-1228
-608
-245
-750
-1606
-1551
-725
142
77
-687
-1067
-795
-165
39
-182
-290
-168
-97
-369
-631
-429
94
214
-314
-939
-947
-424
-114
-460
-1037
-1196
-978
-796
-1082
-1382
-1386
-1209
-1183
-1731
-2008
-1766
-1366
-1300
-1952
-2301
-2059
-1478
-1199
-1764
-2388
-2659
-1200
576
252
-1431
-3190
-2008
933
2423
1363
-1382
-1680
487
2749
2760
809
303
1692
3354
3164
1505
999
2470
4117
3978
2210
1149
2065
3473
3900
2720
1668
1964
2679
2807
1940
1461
1776
2284
2185
1117
429
791
1633
1562
436
-251
-131
351
168
-554
-785
-554
-260
-778
-1507
-1575
-1033
-422
-803
-1494
-1721
-1222
-695
-1015
-1458
-1397
-769
-536
-1146
-1713
-1408
-382
196
-248
-1098
-1260
-515
256
175
-545
-864
-401
135
-22
-528
-522
1
171
-390
-943
-753
-90
106
-452
-1187
-1369
-1010
-726
-839
-1154
-1323
-1312
-1292
-1575
-1738
-1494
-1185
-1234
-1866
-2293
-2182
-1334
-954
-1645
-2328
-2637
-1100
652
243
-1575
-3099
-1644
1236
2339
1063
-1351
-1449
749
2615
2504
753
461
1943
3255
2983
1417
1212
2670
4008
3672
1947
1298
2319
3507
3517
2424
1760
2152
2744
2554
1714
1332
1830
2359
2054
1100
370
690
1489
1499
547
-167
-78
138
1
-577
-621
-389
-416
-930
-1641
-1246
-730
-561
-1111
-1934
-1750
-1067
-443
-1060
-1927
-1620
-674
-296
-1078
-1581
-1195
-385
12
-416
-1056
-1068
-300
196
-166
-818
-762
-69
258
-141
-711
-632
46
363
-82
-674
-819
-332
67
-431
-1117
-1070
-530
-412
-975
-1516
-1365
-935
-894
-1208
-1654
-1673
-1351
-1119
-1474
-1950
-1867
-1407
-1074
-1722
-2220
-2219
-923
634
-67
-1510
-2673
-1356
1161
1989
976
-1237
-1066
930
2537
2289
518
582
2126
3355
2816
1106
1070
2672
4091
3731
1966
1242
2139
3404
3602
2540
1732
1991
2603
2508
1752
1326
1698
2182
1903
951
235
562
1354
1297
317
-382
-170
246
-65
-763
-855
-473
-360
-843
-1614
-1732
-989
-381
-610
-1476
-2063
-1636
-837
-640
-1028
-1379
-1239
-886
-886
-1101
-1026
-600
-267
-461
-939
-1025
-577
-51
40
-360
-640
-423
-101
-15
-102
-171
-18
74
-201
-491
-463
-198
-64
-275
-683
-822
-646
-524
-681
-1040
-1158
-1014
-843
-1073
-1439
-1584
-1326
-963
-1250
-1548
-1831
-1457
-1135
-1526
-1845
-2231
-852
475
6
-1365
-2789
-1559
947
2206
1087
-1364
-1514
637
2652
2417
531
328
1986
3190
2642
959
997
2752
3880
3448
1660
1011
2153
3417
3559
2204
1280
1857
2756
2573
1549
1137
1689
2305
1923
788
112
661
1528
1348
202
-497
-180
260
62
-752
-920
-568
-366
-752
-1713
-1705
-1055
-368
-585
-1845
-2273
-1547
-392
-298
-1267
-1799
-1451
-709
-496
-921
-1292
-945
-253
-150
-761
-1162
-651
112
240
-294
-762
-578
17
330
57
-361
-373
-74
20
-256
-442
-234
0
-256
-807
-936
-566
-258
-520
-977
-1267
-1216
-970
-936
-978
-1206
-1292
-1362
-1493
-1635
-1595
-1111
-1176
-1569
-2349
-2020
-3
622
-339
-2251
-2723
-302
1770
1957
-210
-2016
-682
1623
2873
1439
-267
622
2523
3465
1979
418
1257
3252
4132
2807
1096
1056
2557
3622
3026
1693
1387
2249
2666
2036
1278
1392
2035
2141
1360
418
296
991
1417
814
-141
-390
44
230
-284
-880
-834
-384
-408
-1116
-1680
-1387
-667
-522
-1180
-1809
-1664
-1050
-805
-1124
-1399
-1192
-838
-890
-1245
-1281
-765
-253
-372
-939
-1159
-679
-34
108
-198
-395
-241
-60
-151
-306
-183
104
182
-86
-414
-402
-45
232
21
-417
-652
-572
-364
-316
-528
-731
-689
-725
-982
-1302
-1141
-802
-855
-1150
-1648
-1694
-1356
-876
-1055
-1704
-1957
-1951
-533
398
-353
-1473
-2305
-1061
958
1633
527
-1240
-1017
810
2283
1872
325
470
1944
2895
2303
912
1108
2554
3452
2912
1521
1177
2089
3026
2989
1924
1393
2015
2554
2262
1367
1170
1709
2021
1718
788
333
568
1139
1172
384
-152
-224
91
19
-420
-580
-503
-374
-907
-1526
-1437
-837
-391
-904
-1587
-1748
-1339
-806
-876
-1046
-1207
-1102
-953
-1070
-1015
-908
-524
-404
-671
-902
-893
-360
22
5
-306
-506
-298
-44
22
-84
-93
-10
-29
-188
-276
-133
13
-31
-268
-484
-513
-424
-368
-461
-671
-901
-889
-812
-924
-1078
-1189
-1002
-902
-1177
-1507
-1640
-1185
-893
-1146
-1646
-2052
-798
404
-69
-1385
-2557
-1127
945
1677
517
-1563
-1042
792
2321
1640
-75
335
1851
3026
2040
530
831
2455
3621
2760
1235
958
2165
3188
2782
1528
1072
1986
2742
2208
1065
865
1716
2324
1819
672
130
691
1424
1129
82
-462
-106
298
43
-553
-786
-472
-191
-598
-1387
-1538
-863
-402
-864
-1641
-1767
-1171
-639
-784
-1297
-1439
-1085
-798
-924
-1141
-1007
-628
-504
-800
-1067
-859
-343
-62
-236
-531
-546
-298
-100
-108
-151
-55
81
34
-188
-315
-191
61
101
-107
-399
-491
-413
-356
-359
-498
-579
-672
-723
-893
-936
-779
-790
-976
-1395
-1249
-1080
-931
-1052
-1596
-1536
-1360
59
160
-666
-1939
-2096
50
1218
1565
-617
-1468
-457
1679
2093
894
-182
981
2234
2434
1064
468
1491
2972
3084
1900
855
1233
2411
3023
2312
1260
1226
2093
2333
1593
954
1217
1840
1907
1178
405
433
1124
1382
747
-9
-99
238
291
-119
-562
-625
-418
-447
-933
-1350
-1083
-495
-516
-1182
-1599
-1342
-866
-700
-925
-1198
-1119
-837
-882
-1147
-1029
-558
-342
-562
-894
-922
-522
-58
-81
-522
-663
-345
-57
-111
-274
-238
16
168
-38
-356
-423
40
284
-35
-413
-569
-318
-273
-350
-499
-648
-598
-467
-606
-996
-1138
-832
-544
-798
-1229
-1452
-1184
-793
-938
-1568
-1822
-1529
335
172
-749
-2050
-2060
229
1309
1224
-850
-1576
-63
1623
1784
359
-193
1148
2294
2178
762
295
1596
3149
2998
1544
591
1245
2694
2927
2118
963
1372
2135
2353
1284
840
1237
1925
1860
1043
351
469
1026
1253
533
-35
10
130
110
-253
-554
-385
-254
-415
-1074
-1443
-1071
-625
-477
-986
-1534
-1339
-994
-873
-1043
-998
-767
-929
-1149
-1299
-991
-365
-148
-466
-1067
-1081
-477
37
19
-370
-473
-185
7
-170
-300
-40
312
254
-111
-342
-203
205
370
8
-426
-411
-132
-171
-376
-498
-363
-328
-418
-739
-1054
-890
-663
-497
-912
-1295
-1377
-976
-908
-883
-1592
-1628
-1578
-105
278
-783
-1701
-2367
-99
972
1238
-538
-1503
-459
1166
1730
793
-174
771
1969
2167
1177
215
1251
2420
2879
1719
910
1070
2288
2612
2224
1158
1311
1951
2333
1494
878
1124
1847
1883
1000
435
402
1196
1255
809
-117
-137
200
410
-36
-438
-432
-218
-303
-847
-1243
-1010
-622
-451
-1075
-1475
-1284
-824
-432
-950
-1318
-1126
-702
-509
-1054
-1137
-787
-387
-249
-600
-874
-716
-197
53
-194
-494
-383
4
198
9
-266
-138
176
189
-88
-198
47
260
138
-145
-253
-161
-111
-259
-413
-461
-467
-412
-550
-814
-929
-867
-684
-782
-1115
-1276
-1152
-925
-891
-1375
-1526
-1684
-665
290
-526
-1251
-2243
-720
692
1112
-4
-1516
-884
667
1714
887
-293
155
1653
2139
1284
195
985
2434
2880
1797
659
1029
2319
2726
2147
1073
1225
2021
2252
1574
659
1132
1710
2002
1152
494
330
1012
1272
901
95
-44
266
455
113
-423
-497
-108
-75
-525
-1138
-1033
-552
-498
-880
-1306
-1058
-648
-759
-1119
-1304
-842
-448
-650
-1146
-1279
-721
-162
-257
-809
-1023
-585
-60
-79
-482
-578
-239
46
-78
-362
-308
28
219
20
-305
-370
-59
263
127
-206
-452
-231
30
-176
-419
-558
-322
-290
-563
-740
-701
-542
-596
-817
-1007
-932
-855
-810
-1023
-1338
-1359
-1352
-581
93
-654
-1327
-1957
-756
645
891
10
-1202
-622
626
1405
878
103
465
1506
1721
1258
346
965
2108
2553
1725
798
1003
1974
2354
2015
1334
1174
1732
1891
1524
910
1128
1584
1666
1033
596
526
858
1120
824
243
52
179
256
51
-366
-323
-112
-247
-629
-1127
-862
-308
-277
-838
-1415
-1182
-534
-253
-676
-1127
-1003
-619
-423
-689
-968
-731
-230
-196
-613
-803
-553
-183
-44
-228
-538
-521
-162
62
-103
-295
-147
98
62
-236
-280
29
244
17
-344
-418
-260
-78
-224
-381
-560
-567
-446
-529
-565
-831
-752
-673
-749
-921
-1137
-1009
-883
-686
-824
-1315
-1555
-1303
-105
120
-684
-1383
-1838
-303
682
923
-370
-1159
-349
947
1353
553
33
888
1634
1658
822
465
1335
2235
2311
1430
811
1252
1880
2258
1767
1025
1196
1825
1904
1261
712
918
1600
1712
1003
355
359
845
1074
682
49
-19
195
226
-66
-448
-233
-36
-138
-748
-1224
-855
-350
-153
-771
-1302
-1133
-645
-365
-763
-1024
-852
-502
-502
-927
-1100
-765
-256
-195
-597
-938
-761
-267
20
-127
-448
-500
-272
-12
11
-126
-205
-127
-56
-114
-229
-266
-90
-23
-64
-285
-425
-283
-250
-282
-516
-519
-455
-413
-456
-707
-711
-747
-757
-698
-778
-934
-822
-756
-985
-1061
-1317
-509
234
-394
-1134
-1871
-458
706
1093
-17
-1171
-643
739
1519
951
42
409
1429
1763
1182
310
821
1959
2475
1606
606
700
1710
2318
1885
1117
873
1552
1833
1399
707
964
1457
1609
931
315
314
830
1134
749
75
-120
100
203
27
-420
-184
-25
11
-620
-1085
-872
-391
-155
-593
-1114
-1052
-712
-387
-592
-842
-775
-607
-538
-820
-1027
-815
-362
-87
-371
-827
-905
-454
56
64
-359
-552
-283
-24
-62
-223
-256
-126
52
28
-257
-361
-146
16
-47
-189
-280
-313
-315
-267
-240
-350
-466
-556
-614
-648
-779
-648
-415
-704
-938
-1101
-903
-485
-707
-1054
-1429
-1154
-17
111
-693
-1533
-1538
126
969
679
-792
-1253
-29
1183
1284
225
-220
804
1803
1653
526
209
1255
2327
2199
1005
427
1069
2038
2156
1444
751
990
1847
1845
1030
388
919
1631
1722
738
79
242
1017
1209
520
-248
-167
336
369
-124
-477
-345
7
-18
-561
-1053
-795
-192
-136
-690
-1081
-878
-460
-393
-685
-846
-624
-370
-467
-775
-870
-606
-275
-249
-503
-693
-578
-255
-56
-179
-467
-540
-234
50
-36
-318
-412
-168
89
-63
-370
-367
-145
55
-59
-395
-514
-311
-69
-103
-341
-607
-481
-279
-562
-763
-762
-436
-377
-663
-899
-1105
-794
-526
-603
-1029
-1259
-809
45
-266
-905
-1537
-928
429
803
258
-997
-846
447
1455
920
-152
-66
1181
1843
1204
153
296
1736
2430
1760
438
462
1497
2305
1754
826
654
1439
1944
1425
606
567
1271
1686
1178
312
52
666
1224
906
61
-238
180
507
159
-428
-495
-45
163
-275
-831
-804
-311
-71
-425
-909
-934
-567
-363
-562
-827
-762
-430
-270
-524
-853
-770
-308
9
-161
-625
-826
-460
33
27
-400
-588
-309
-5
-55
-347
-459
-189
120
-16
-395
-542
-268
91
23
-347
-599
-433
-253
-223
-443
-715
-492
-243
-378
-758
-1025
-678
-369
-547
-834
-1073
-710
-604
-662
-1031
-1096
-841
-80
5
-828
-1326
-1108
242
756
291
-716
-792
312
1103
800
32
49
996
1608
1122
347
281
1521
2124
1671
589
556
1327
1955
1708
1022
766
1216
1739
1407
804
558
1120
1509
1308
469
131
498
1091
946
255
-167
111
496
340
-215
-488
-96
235
7
-628
-1013
-530
-52
-71
-690
-1104
-688
-238
-268
-802
-998
-503
-80
-268
-850
-983
-462
57
-72
-615
-852
-486
5
11
-365
-595
-365
-14
-24
-344
-522
-316
29
37
-297
-502
-384
1
60
-236
-505
-539
-280
-213
-425
-560
-565
-345
-374
-678
-750
-735
-323
-456
-751
-1086
-869
-484
-397
-815
-1172
-994
-344
205
-484
-1001
-1244
-299
595
612
-68
-885
-288
770
1158
516
14
416
1423
1528
823
181
817
1781
1984
1159
542
827
1613
1946
1354
815
805
1463
1632
1176
469
663
1320
1501
794
127
254
907
1139
536
-155
-57
446
455
-103
-480
-329
81
117
-416
-915
-711
-118
25
-451
-914
-817
-343
-165
-519
-875
-720
-296
-195
-543
-874
-736
-263
-38
-345
-771
-724
-226
87
-175
-609
-578
-134
71
-246
-595
-440
34
188
-171
-554
-477
-83
69
-201
-512
-470
-187
-94
-330
-596
-569
-342
-249
-488
-776
-719
-475
-281
-561
-945
-943
-604
-377
-591
-994
-1075
-662
-218
105
-602
-945
-946
-155
563
344
-124
-622
-13
712
841
467
148
646
1356
1220
616
328
978
1729
1739
1019
551
926
1537
1654
1198
842
1019
1393
1377
897
575
819
1231
1145
653
331
450
725
739
402
72
86
235
126
-182
-287
-81
91
-96
-515
-716
-500
-183
-183
-491
-739
-672
-457
-425
-602
-686
-509
-307
-394
-697
-814
-548
-193
-163
-456
-666
-518
-203
-94
-261
-412
-335
-153
-139
-306
-387
-213
25
23
-224
-427
-343
-92
2
-167
-394
-432
-305
-187
-242
-418
-458
-311
-253
-421
-603
-596
-418
-388
-509
-689
-797
-592
-394
-457
-763
-919
-763
-313
33
-344
-778
-928
-476
345
394
7
-385
-220
515
777
588
239
412
1074
1224
896
437
658
1381
1594
1217
640
700
1240
1485
1271
914
878
1128
1278
1006
654
673
974
1106
815
424
356
556
662
567
302
84
72
77
-32
-90
-109
-128
-93
-325
-447
-384
-403
-263
-387
-540
-514
-569
-469
-564
-593
-417
-443
-425
-570
-639
-423
-300
-209
-344
-508
-454
-326
-183
-217
-363
-379
-241
-160
-237
-329
-270
-127
-126
-247
-344
-305
-166
-89
-151
-275
-315
-248
-195
-248
-353
-382
-337
-324
-431
-577
-576
-442
-372
-513
-698
-746
-580
-429
-498
-680
-822
-657
-410
-160
-266
-697
-782
-551
132
460
110
-253
-303
259
691
597
315
309
777
1073
856
532
666
1169
1485
1255
796
686
1036
1428
1363
966
750
909
1134
1041
738
636
846
1023
808
421
323
461
614
614
313
46
71
151
116
-40
-166
-119
-141
-304
-417
-392
-279
-265
-365
-458
-539
-480
-377
-471
-538
-448
-389
-405
-532
-645
-501
-230
-142
-314
-542
-553
-336
-162
-219
-397
-427
-264
-140
-207
-344
-335
-171
-67
-166
-334
-358
-220
-108
-162
-287
-340
-277
-228
-288
-393
-414
-334
-329
-393
-502
-545
-459
-390
-382
-592
-625
-561
-457
-503
-592
-588
-625
-389
-358
-102
-397
-481
-449
-78
333
201
37
-142
95
493
719
554
463
585
987
946
754
658
910
1257
1214
987
779
905
1127
1297
1092
854
835
1011
1039
929
667
767
828
874
593
377
387
553
603
370
76
35
116
134
17
-190
-170
-45
-121
-309
-520
-419
-234
-251
-445
-632
-547
-434
-430
-452
-515
-493
-442
-443
-478
-487
-391
-298
-327
-440
-488
-422
-284
-208
-322
-409
-326
-177
-150
-278
-299
-222
-151
-158
-337
-386
-258
-150
-116
-271
-401
-366
-219
-191
-222
-302
-386
-363
-338
-349
-483
-464
-445
-340
-430
-512
-564
-498
-501
-490
-485
-450
-394
-305
-187
-221
-358
-349
-183
177
345
220
65
54
331
568
597
516
493
749
887
803
741
803
1028
1160
1030
833
818
973
1102
1018
837
763
830
927
866
722
678
738
736
612
445
358
365
410
368
159
46
-6
-9
10
-125
-144
-130
-203
-328
-451
-402
-320
-248
-305
-502
-596
-557
-401
-353
-428
-462
-446
-366
-417
-513
-480
-357
-267
-361
-452
-471
-372
-218
-225
-310
-354
-297
-255
-283
-292
-279
-206
-145
-188
-307
-337
-197
-95
-138
-285
-332
-259
-184
-133
-220
-297
-342
-286
-258
-378
-401
-351
-276
-323
-501
-503
-455
-389
-322
-386
-400
-477
-352
-304
-81
-96
-213
-240
-83
325
331
259
127
238
535
656
565
508
559
802
869
759
660
706
952
1006
949
761
810
893
1019
873
752
749
823
866
704
526
493
573
618
507
303
219
212
318
231
55
-57
-64
-43
-62
-192
-286
-231
-231
-284
-392
-420
-306
-322
-426
-535
-515
-423
-387
-394
-483
-526
-424
-344
-375
-430
-433
-325
-228
-285
-361
-353
-279
-205
-220
-285
-298
-237
-164
-157
-204
-217
-179
-166
-232
-317
-300
-187
-129
-200
-292
-285
-219
-194
-238
-311
-331
-264
-235
-316
-404
-390
-299
-295
-362
-430
-402
-294
-248
-311
-377
-347
-266
-161
-187
-156
-161
-56
-1
66
226
260
352
301
307
432
546
620
619
640
688
788
784
738
762
842
878
892
755
688
728
780
774
708
648
602
601
582
496
496
493
454
404
278
190
148
184
139
67
-79
-69
-97
-125
-182
-220
-203
-266
-314
-411
-431
-359
-279
-308
-443
-413
-343
-312
-381
-447
-369
-344
-340
-400
-446
-334
-230
-237
-368
-371
-328
-204
-210
-284
-329
-229
-119
-99
-180
-280
-227
-126
-59
-140
-222
-168
-172
-131
-170
-267
-252
-155
-164
-237
-357
-250
-210
-214
-284
-400
-314
-268
-267
-355
-333
-308
-273
-274
-315
-295
-203
-112
-164
-200
-86
90
92
65
-30
116
313
367
322
195
316
543
695
594
460
553
747
822
727
586
631
805
919
785
614
616
751
809
693
544
499
587
562
494
362
345
376
402
265
91
33
87
183
49
-96
-162
-61
-5
-150
-306
-330
-268
-216
-258
-341
-404
-345
-286
-352
-437
-474
-399
-302
-319
-399
-431
-382
-257
-241
-333
-371
-358
-238
-212
-247
-296
-275
-250
-191
-208
-182
-178
-167
-143
-154
-169
-187
-196
-179
-172
-195
-197
-179
-192
-185
-224
-258
-259
-250
-217
-228
-271
-310
-286
-230
-247
-297
-331
-297
-225
-228
-252
-282
-233
-170
-118
-77
-82
-25
24
87
129
151
153
263
338
433
401
353
384
495
611
635
606
583
618
667
659
650
639
661
680
663
647
629
619
607
563
536
494
465
443
376
322
272
298
287
170
89
34
50
61
44
-7
-128
-164
-175
-179
-177
-238
-296
-305
-296
-312
-350
-377
-353
-343
-386
-409
-415
-404
-357
-342
-383
-388
-358
-350
-347
-359
-355
-293
-257
-276
-284
-298
-303
-242
-204
-232
-246
-218
-173
-167
-216
-234
-182
-141
-157
-175
-168
-159
-140
-135
-182
-192
-152
-155
-182
-203
-199
-160
-144
-154
-193
-233
-168
-102
-156
-182
-120
-66
-15
3
-18
20
119
167
143
127
195
290
318
315
324
341
406
483
507
494
488
505
548
581
586
580
581
610
621
588
560
538
550
539
502
447
424
379
358
357
277
241
199
176
124
116
27
12
2
-12
-46
-105
-181
-185
-162
-192
-242
-299
-357
-330
-305
-292
-358
-422
-365
-373
-394
-378
-395
-365
-322
-330
-361
-340
-266
-277
-300
-333
-310
-244
-252
-265
-315
-230
-215
-140
-155
-196
-177
-169
-148
-182
-152
-133
-129
-111
-95
-139
-125
-74
-23
-84
-150
-124
-106
-84
-85
-161
-169
-97
-109
-174
-199
-158
-76
-67
-68
-87
-87
-18
11
38
17
29
90
122
160
156
172
209
257
291
312
283
281
372
413
422
392
405
446
454
511
530
550
551
500
463
446
440
434
443
422
358
318
326
332
302
279
256
206
149
103
93
100
74
16
-26
-70
-120
-143
-160
-139
-174
-204
-197
-285
-322
-326
-306
-282
-337
-366
-368
-368
-353
-318
-330
-361
-337
-310
-289
-304
-332
-304
-241
-217
-254
-272
-254
-225
-173
-178
-238
-220
-165
-131
-103
-137
-168
-125
-61
-20
-67
-153
-120
-34
0
-36
-121
-124
-32
11
-36
-110
-97
-28
-48
-105
-72
-9
19
4
-62
-86
-20
56
41
-27
-47
30
124
108
58
26
91
204
248
236
164
199
281
331
333
283
322
355
384
390
354
387
422
411
397
371
373
423
402
381
342
316
359
319
297
287
256
229
190
143
78
85
88
63
36
-32
-53
-46
-89
-163
-212
-204
-158
-174
-241
-283
-300
-266
-241
-307
-365
-349
-319
-303
-314
-355
-352
-311
-280
-265
-272
-286
-267
-244
-251
-267
-258
-210
-187
-194
-187
-175
-142
-116
-116
-124
-134
-128
-82
-60
-107
-96
-45
-21
10
-14
-17
0
-37
-34
-70
-94
-47
9
50
16
-33
-70
-46
4
-29
-54
-46
-14
12
8
-8
20
67
60
42
56
103
159
196
170
131
134
191
276
275
248
243
276
322
319
321
295
288
337
359
354
304
302
360
343
306
281
282
318
300
226
171
182
192
159
106
81
69
60
59
15
-20
-36
-60
-67
-86
-125
-153
-156
-160
-184
-212
-211
-197
-218
-237
-238
-260
-257
-263
-284
-261
-241
-232
-222
-250
-278
-274
-223
-170
-172
-200
-216
-195
-169
-168
-147
-128
-136
-140
-135
-122
-74
-29
-21
-50
-76
-65
-27
22
16
-12
-25
-39
-42
-8
52
59
24
-6
-10
-7
-22
8
40
44
37
12
-1
12
50
55
1
-7
45
87
91
80
31
-6
75
153
146
103
80
132
200
226
192
126
133
208
242
228
187
162
194
233
249
221
182
160
168
199
201
201
184
141
141
169
139
66
42
68
108
67
-18
-53
-36
11
27
-3
-79
-141
-116
-89
-107
-134
-146
-130
-137
-184
-178
-148
-168
-182
-191
-207
-199
-188
-165
-164
-220
-224
-151
-138
-182
-168
-121
-114
-132
-133
-120
-117
-110
-74
-32
-26
-51
-83
-71
12
69
25
-60
-61
9
54
51
31
2
-17
23
83
70
43
-9
-4
15
41
52
-8
-27
32
54
3
25
-39
65
25
123
71
32
84
30
59
55
146
131
114
49
64
72
136
109
108
151
122
133
106
91
115
109
101
48
75
150
161
95
68
97
116
97
35
20
52
59
47
17
18
54
42
0
-26
-53
-42
-15
-59
-97
-85
-77
-47
-29
-92
-127
-102
-69
-33
-38
-78
-116
-143
-130
-131
-133
-110
-116
-96
-52
-79
-109
-102
-86
-14
13
-63
-104
-86
-47
-36
-88
-45
-54
-2
12
42
92
-4
-75
5
55
-1
-10
-166
330
253
184
44
-74
-60
-256
29
189
139
-13
-62
-113
-97
-1
80
57
0
-50
-33
-50
89
-48
87
-6
68
-33
8
5
-6
54
15
83
-33
67
28
70
47
86
57
15
55
96
106
97
102
77
48
97
110
81
51
66
44
8
18
70
106
89
39
-20
-25
17
58
56
-6
-71
-54
1
14
-29
-110
-78
-35
-19
-25
-118
-92
-40
-6
-10
-112
-127
-53
19
3
-57
-96
-76
-22
-30
-51
-42
-32
-43
-51
-64
-21
30
6
-25
-66
-10
40
16
-2
-28
2
22
5
-24
-44
-19
-6
-37
-69
-50
-13
13
37
16
-30
-48
-34
-9
4
-10
-35
-20
3
25
35
8
-2
1
36
33
-1
-4
-3
40
69
71
48
26
54
69
79
61
42
61
68
66
75
53
18
54
61
50
97
74
50
62
51
78
44
-2
31
38
52
60
32
38
33
0
12
10
9
6
-21
-17
3
28
1
-18
-23
-40
-39
-40
-10
-10
-20
-50
-70
-51
-56
-41
-84
-119
-111
-81
-50
-39
-11
-34
-70
-102
-96
-36
1
-51
-86
-35
-40
-34
-28
-15
-11
-36
-11
-16
-13
-12
0
-9
-18
-3
-24
-7
-11
6
19
12
5
-16
18
24
22
8
1
15
4
41
38
-5
20
43
39
36
30
31
44
70
50
5
19
25
70
113
59
11
-1
50
85
79
76
44
21
29
54
54
41
58
73
75
55
15
-2
29
40
12
9
1
-28
-22
12
26
17
1
-9
-1
-6
-24
-3
-15
-37
-21
-44
-30
-17
-38
-27
-76
-92
-45
-37
-66
-61
-41
-73
-40
-38
-78
-65
-43
-19
-50
-54
-49
-49
-42
-41
-36
-30
-13
-44
-59
-52
-27
10
0
-36
-65
-21
13
13
22
16
14
-5
9
21
-1
17
58
76
41
33
66
34
23
56
53
48
47
36
24
56
81
50
38
21
23
56
43
23
16
22
10
11
42
30
16
25
36
14
-35
0
37
50
53
-5
-2
37
34
15
-18
-3
22
36
31
20
47
33
26
31
15
19
-6
9
49
27
22
8
-4
3
-2
-3
-12
-24
-37
-21
-7
-46
-60
-59
-72
-25
-19
-53
-64
-86
-75
-73
-75
-68
-47
-29
-62
-66
-71
-87
-62
-29
-27
-44
-43
-66
-58
-50
-28
15
-4
-23
-37
-31
15
40
1
-16
4
13
42
33
29
30
18
62
62
16
19
28
57
91
52
30
45
43
53
77
81
25
14
37
48
79
55
39
47
39
34
46
52
22
25
37
28
27
23
36
42
34
29
17
9
10
-6
-12
24
39
25
30
8
2
1
-5
28
35
18
-25
-39
2
12
6
-9
-34
-17
-22
-55
-41
-38
-56
-38
-37
-32
-35
-81
-69
-71
-61
-42
-61
-37
-56
-73
-77
-67
-56
-65
-42
-62
-58
-47
-53
-56
-45
-28
-50
-29
-27
-29
-13
-33
13
19
-9
18
-2
20
52
34
34
27
33
49
35
27
69
48
13
28
32
74
63
0
8
47
51
21
15
23
32
43
43
45
13
12
36
32
34
17
27
28
15
17
14
37
31
18
7
3
18
10
16
22
30
19
-7
1
3
16
46
37
18
14
-15
-3
33
43
50
15
-3
-14
-8
38
37
14
26
37
-2
-33
-14
-10
14
23
7
10
-19
-6
3
-27
-14
-41
-36
-1
-12
-35
-68
-42
-15
-43
-49
-65
-73
-62
-43
-49
-72
-50
-39
-53
-75
-74
-39
-28
-12
-30
-79
-55
-27
-26
-17
-16
0
-10
-23
-14
-23
1
15
4
10
8
1
-3
22
43
54
40
20
40
47
57
52
57
66
48
67
79
60
61
62
59
61
50
46
42
38
47
45
38
35
30
35
30
29
23
1
12
33
39
21
-5
12
12
10
14
4
4
9
23
3
-32
-27
-17
-6
12
-17
-43
-24
-14
-29
-54
-40
4
5
-44
-64
-51
-43
-7
-35
-68
-42
-40
-18
-22
-67
-58
-31
-31
-44
-51
-46
-24
-21
-44
-35
-37
-37
-27
-28
-27
-40
-33
-10
-12
-23
-29
4
-5
-45
-10
3
-9
-9
-13
-5
-1
8
-4
-1
2
-7
12
22
26
0
4
42
40
25
15
28
48
61
55
33
37
37
64
94
62
50
38
37
83
91
41
28
63
53
59
52
61
51
54
45
64
51
14
40
41
57
47
22
1
36
35
33
9
-4
13
-20
-10
15
4
9
-13
-28
-41
-34
2
2
-22
-59
-58
-13
-23
-41
-47
-52
-31
-43
-50
-52
-63
-53
-55
-43
-55
-78
-66
-40
-37
-43
-48
-70
-54
-40
-38
-33
-53
-41
-42
-51
-47
-29
-5
-11
-31
-54
-34
-15
-7
-6
5
-8
13
-14
8
24
18
32
-1
32
40
35
17
38
60
63
60
49
40
58
75
49
47
51
57
63
54
39
30
63
43
39
34
44
54
38
29
23
17
40
44
23
23
12
18
32
37
16
8
-9
-2
18
-3
1
1
-2
-17
-28
-7
6
-19
-11
-26
-36
-25
-45
-40
-12
-26
-34
-29
-21
-33
-43
-53
-16
-28
-46
-33
-32
-39
-32
-23
-13
-17
-35
-41
-44
-19
-4
-20
-24
-1
-15
-12
-20
-11
21
-3
-10
-11
-20
10
19
17
-5
-5
13
10
8
-7
16
14
13
19
1
33
18
8
8
-8
19
19
19
15
9
13
15
21
10
16
-3
12
21
17
4
-16
25
32
11
20
18
28
4
25
36
15
38
11
19
33
28
40
21
24
33
26
10
9
16
34
38
5
-6
-10
4
20
14
1
-12
-17
-10
-3
-21
-26
-26
-17
-18
-20
-21
-43
-25
-33
-45
-21
-17
-14
-35
-33
-16
-29
-22
-24
-20
-10
-22
-20
-8
-17
-24
-15
-11
-19
-11
-16
-14
4
-25
-4
-12
-8
23
-25
-3
-4
10
-9
-2
-2
10
19
11
13
-16
5
23
10
14
25
11
3
3
19
10
20
18
-1
-3
4
25
23
12
15
14
16
8
16
13
11
11
11
36
25
21
20
14
28
22
12
35
46
23
17
20
28
31
24
20
11
21
32
24
-10
6
24
10
23
-1
5
9
-3
10
-2
14
-8
-17
17
-9
-14
-10
-7
-1
-18
-12
-20
-19
-23
-8
-9
-36
-19
-32
-23
-22
-32
-4
-17
-24
-36
-34
-21
-29
-11
-9
-17
-24
-6
-38
-27
3
-10
-6
-26
-27
4
-1
-3
-2
-11
9
5
-16
-3
-4
8
21
7
9
-1
-5
2
1
20
26
12
6
-2
5
9
17
34
6
0
6
7
9
28
27
13
10
8
19
22
2
10
26
28
7
