-23
-22
-16
-12
-6
-8
-11
-14
-14
-11
-7
-5
-3
-5
-7
-9
-8
-5
-5
-7
-6
-3
0
-1
-6
-9
-8
-2
2
3
-1
-2
-3
-2
-2
-1
1
-2
-2
-1
3
4
2
2
6
12
16
16
16
16
18
18
22
26
28
28
29
31
33
35
36
36
37
43
49
45
38
38
42
43
41
42
45
45
39
35
36
36
31
24
23
26
25
17
10
4
2
2
1
-4
-6
-9
-14
-19
-24
-24
-24
-27
-32
-34
-32
-32
-32
-38
-41
-43
-43
-43
-45
-42
-37
-36
-38
-41
-45
-43
-40
-37
-37
-37
-36
-32
-30
-25
-25
-21
-24
-28
-26
-25
-17
-15
-17
-14
-11
-8
-9
-10
-8
-3
-1
-1
0
0
4
-2
-4
-5
-6
-5
-3
4
12
13
6
-1
-1
3
8
5
5
3
4
9
9
12
11
6
12
11
17
20
17
23
21
21
21
18
23
28
32
37
34
35
39
44
50
53
53
56
59
54
56
58
62
63
58
61
60
59
60
54
54
53
51
52
49
45
38
34
35
36
29
22
20
18
17
10
8
4
2
0
-7
-8
-14
-15
-17
-19
-20
-30
-34
-38
-36
-37
-40
-38
-39
-38
-40
-42
-43
-42
-43
-40
-34
-30
-31
-37
-38
-37
-36
-32
-27
-23
-21
-18
-18
-19
-18
-17
-17
-10
-8
-7
-9
-8
-4
-3
0
3
1
-3
-3
1
2
2
-2
-2
-3
-4
1
6
3
-5
-8
-8
-7
-5
-3
-6
-7
-7
-7
-4
-2
-7
-9
-2
1
-1
-4
-4
-6
-3
11
22
23
11
3
4
9
14
21
28
30
34
41
48
46
46
53
58
61
62
61
59
59
62
64
67
63
59
54
51
47
47
49
43
38
35
32
26
23
22
16
8
3
0
-6
-11
-14
-17
-20
-26
-32
-40
-42
-47
-49
-46
-45
-54
-65
-61
-67
-70
-66
-62
-53
-64
-64
-69
-61
-56
-68
-55
-55
-47
-50
-47
-37
-46
-40
-48
-40
-30
-25
-7
-22
-13
-6
-24
-4
-4
-17
-11
-22
-20
-2
3
0
4
-5
-5
-10
-5
12
1
5
-4
-9
-4
-3
-6
-6
0
-13
-8
-5
-6
0
-9
-7
-10
-9
-6
-8
-9
-6
-11
-10
3
5
6
11
6
17
30
29
33
39
47
65
62
68
83
79
81
92
97
89
96
102
101
112
111
106
100
99
105
109
100
94
94
97
107
90
71
86
67
50
54
52
64
44
16
25
18
8
-2
-11
-5
-6
-32
-55
-52
-53
-50
-63
-69
-49
-75
-79
-94
-110
-77
-81
-71
-88
-97
-65
-69
-58
-75
-98
-72
-54
-50
-46
-60
-49
-29
-45
-36
-34
-32
-1
-10
-18
-1
-11
-12
-3
-12
-1
16
24
5
-26
-10
6
14
15
-10
-19
-12
-8
-2
-8
-28
-41
-30
-18
-18
-39
-43
-25
-49
-68
-65
-57
-48
-65
-71
-75
-61
-44
-50
-53
-61
-49
-32
-28
-21
-17
-7
10
36
52
57
70
92
111
115
121
135
155
178
189
193
202
213
218
215
212
212
215
198
189
185
184
182
155
146
135
129
114
86
77
58
53
43
27
25
3
-17
-29
-50
-66
-84
-103
-101
-100
-124
-146
-162
-158
-160
-180
-171
-173
-183
-187
-195
-187
-181
-168
-165
-169
-153
-150
-149
-144
-131
-124
-119
-101
-82
-76
-70
-58
-54
-55
-40
-30
-23
-9
-2
-4
0
6
8
18
21
12
12
9
11
-2
-6
-2
-9
-10
-15
-15
-16
-21
-28
-45
-63
-74
-84
-83
-78
-82
-80
-84
-86
-90
-100
-98
-114
-109
-105
-117
-110
-99
-89
-78
-61
-40
-16
10
32
60
89
118
142
169
202
240
278
309
333
352
372
394
407
412
413
414
414
409
393
374
357
338
315
292
276
261
241
222
193
161
138
125
103
62
16
-15
-34
-48
-68
-92
-116
-138
-164
-193
-210
-219
-231
-250
-265
-277
-287
-288
-294
-303
-295
-276
-272
-274
-267
-260
-254
-239
-224
-218
-207
-186
-165
-137
-117
-115
-110
-93
-80
-58
-34
-25
-10
5
8
2
-3
15
30
38
27
27
46
28
17
12
1
-4
-8
-13
-21
-22
-12
-18
-54
-85
-90
-91
-98
-116
-128
-113
-97
-108
-122
-164
-204
-228
-244
-224
-206
-193
-175
-161
-159
-150
-113
-97
-86
-59
-27
30
90
133
176
234
309
388
453
500
535
567
612
634
643
661
658
657
657
639
609
586
567
535
485
443
411
366
317
282
259
234
194
147
101
59
18
-15
-58
-121
-175
-190
-182
-201
-263
-323
-363
-404
-436
-454
-465
-462
-458
-462
-453
-443
-453
-449
-427
-411
-394
-374
-357
-337
-321
-308
-285
-260
-250
-235
-209
-175
-126
-79
-69
-84
-85
-52
-4
3
-34
-53
-29
-7
14
38
52
56
73
58
6
-38
-58
-48
-57
-74
-117
-141
-140
-121
-131
-150
-157
-163
-145
-147
-163
-186
-174
-168
-189
-232
-245
-240
-245
-261
-267
-254
-230
-210
-190
-178
-168
-146
-106
-69
-49
-25
39
141
249
343
426
504
586
674
755
819
866
891
900
904
909
905
875
832
797
774
742
703
664
639
615
578
517
457
426
419
420
394
306
190
114
63
-19
-118
-193
-252
-281
-276
-292
-341
-380
-412
-459
-497
-505
-499
-500
-537
-605
-639
-619
-600
-587
-540
-471
-406
-338
-312
-370
-458
-505
-511
-503
-479
-415
-307
-206
-155
-134
-99
-101
-177
-264
-291
-254
-180
-91
-13
30
57
76
64
23
-6
-16
-42
-79
-57
42
128
112
2
-100
-148
-204
-280
-321
-300
-241
-196
-159
-99
-77
-80
-91
-165
-232
-256
-291
-277
-215
-204
-215
-244
-306
-340
-326
-291
-254
-204
-123
-71
-66
-42
26
131
289
464
623
785
980
1139
1209
1239
1287
1335
1360
1336
1268
1200
1151
1091
1000
906
833
783
761
755
719
648
588
555
539
526
495
408
285
150
-18
-172
-228
-227
-300
-454
-570
-573
-584
-606
-593
-595
-626
-720
-828
-861
-760
-673
-645
-632
-739
-787
-786
-742
-634
-598
-594
-621
-604
-522
-430
-427
-483
-514
-472
-342
-319
-345
-388
-400
-347
-343
-296
-248
-195
-130
-89
-34
1
19
2
-52
-88
-74
31
168
182
72
-2
-53
-71
-42
-112
-199
-279
-359
-356
-302
-242
-272
-232
-120
-95
-70
-78
-124
-138
-119
-119
-142
-176
-212
-206
-252
-349
-411
-414
-402
-446
-456
-390
-368
-344
-228
-40
208
384
498
713
932
1090
1255
1380
1490
1604
1700
1832
1941
1923
1797
1617
1470
1334
1156
953
746
587
513
510
551
550
512
517
544
556
477
296
173
98
-24
-158
-316
-469
-564
-625
-658
-684
-694
-646
-549
-458
-548
-846
-993
-878
-708
-622
-686
-793
-807
-692
-570
-634
-769
-792
-808
-734
-524
-458
-444
-420
-434
-414
-409
-409
-475
-535
-481
-327
-162
-125
-120
-164
-202
-120
-44
-69
-176
-293
-318
-223
-89
9
148
321
339
153
-54
-260
-414
-401
-422
-385
-168
-15
-18
-120
-191
-238
-278
-311
-332
-249
-200
-136
-60
-61
10
-31
-119
-66
-83
-122
-208
-401
-534
-539
-467
-414
-413
-436
-336
-106
140
365
557
786
1047
1307
1581
1860
2086
2199
2205
2205
2256
2236
2029
1730
1450
1215
1055
950
774
540
456
496
542
590
668
681
668
659
480
258
77
55
26
-89
-260
-722
-1050
-1137
-996
-884
-885
-648
-496
-459
-681
-974
-1079
-1035
-780
-641
-545
-425
-415
-584
-862
-1065
-1063
-877
-774
-757
-723
-568
-374
-224
-196
-167
-57
-180
-266
-355
-614
-709
-779
-779
-574
-342
-223
-374
-508
-270
-75
-37
-16
-55
30
22
-5
3
-121
-226
-413
-514
-392
-229
-174
-261
-300
-141
85
164
-15
-367
-509
-557
-451
-142
-122
-198
-279
-337
-335
-404
-475
-544
-467
-323
-208
-165
-192
-190
-236
-352
-490
-527
-384
-174
-8
158
441
807
1184
1547
1894
2209
2470
2645
2710
2734
2787
2832
2756
2513
2174
1861
1610
1355
1041
701
436
251
84
-12
50
203
293
264
228
257
318
363
286
67
-246
-648
-1021
-1286
-1468
-1459
-1332
-1221
-1043
-971
-1038
-917
-773
-879
-887
-775
-714
-433
-294
-567
-746
-680
-591
-449
-507
-739
-795
-799
-645
-705
-854
-743
-653
-287
-135
-390
-663
-861
-848
-657
-239
-226
-492
-430
-399
-291
-89
-90
-163
-5
207
107
-52
-295
-413
-332
-372
-418
-658
-727
-608
-376
-110
-323
-378
-275
-101
285
278
128
37
-208
-267
-173
-191
-80
-116
-390
-481
-569
-679
-688
-661
-558
-482
-488
-441
-287
-6
258
310
411
892
1539
1916
2044
2284
2667
2899
2981
3088
3146
3118
3081
3034
2918
2614
2205
1814
1275
786
510
132
-215
-391
-561
-485
-215
-7
317
621
665
603
502
376
199
-137
-539
-844
-1004
-1149
-1443
-1815
-2072
-2055
-1779
-1488
-1288
-1102
-935
-858
-871
-742
-334
106
267
-25
-373
-336
-197
-224
-439
-930
-1379
-1616
-1785
-1444
-580
211
532
321
-97
-464
-730
-1029
-1032
-780
-611
-487
-536
-502
-669
-759
-278
-157
-186
-69
-242
-318
-463
-727
-450
-244
-288
-406
-932
-1155
-1018
-899
-830
-750
-360
37
310
402
382
445
323
19
-243
-388
-557
-795
-946
-870
-576
-267
-113
-199
-398
-457
-259
14
111
117
335
855
1404
1802
2170
2689
3299
3714
3842
3913
4080
4226
4174
3872
3514
3133
2648
2051
1350
796
344
-174
-561
-769
-913
-779
-587
-560
-304
-204
-61
276
400
465
302
60
-289
-654
-1072
-1630
-1786
-1880
-1893
-1743
-1701
-1440
-1190
-1076
-839
-569
-464
-302
35
74
72
108
115
102
-322
-646
-913
-1173
-1319
-1548
-1526
-1547
-1428
-904
-487
-487
-889
-1187
-1136
-801
-363
-236
-334
-378
-517
-615
-375
-377
-641
-740
-936
-870
-705
-592
-416
-500
-504
-600
-636
-509
-420
-307
-399
-447
-403
-282
-247
-370
-400
-314
-209
-229
-262
-406
-328
-37
-100
-143
-126
-233
-308
-518
-826
-1040
-961
-570
-355
-308
-90
453
1212
1791
2343
2970
3625
4259
4563
4764
4951
5107
5173
4873
4447
3956
3449
2877
2073
1349
726
218
-254
-824
-1171
-1305
-1231
-1070
-980
-773
-576
-334
-68
80
261
361
314
77
-285
-706
-1147
-1383
-1663
-1925
-2009
-2050
-1800
-1474
-1181
-810
-473
-73
57
51
224
300
341
250
25
-146
-249
-397
-682
-897
-1225
-1725
-1985
-2032
-2015
-1870
-1555
-1333
-1191
-935
-799
-720
-582
-504
-640
-938
-1097
-1106
-944
-895
-855
-576
-380
-230
-373
-752
-964
-1128
-1091
-927
-898
-722
-490
-477
-435
-455
-517
-327
-228
-269
-181
-154
-191
-118
-49
60
152
79
84
46
-299
-635
-934
-1253
-1173
-807
-557
-256
284
990
1735
2448
3198
3975
4643
5097
5336
5505
5636
5624
5443
5093
4521
3811
3140
2473
1670
822
144
-414
-973
-1414
-1669
-1791
-1692
-1460
-1307
-1154
-818
-270
161
265
339
373
237
157
-13
-315
-497
-821
-1183
-1280
-1353
-1419
-1403
-1303
-1049
-689
-397
-138
82
282
347
156
34
-170
-351
-654
-1067
-1127
-1155
-970
-1034
-1504
-1802
-2049
-2086
-2016
-1998
-2158
-2241
-2059
-1876
-1488
-1154
-1117
-950
-776
-827
-695
-534
-494
-316
-342
-461
-469
-719
-1000
-1082
-1120
-1063
-1078
-1213
-1181
-1050
-978
-994
-1011
-796
-374
49
327
434
508
587
618
560
393
199
-21
-314
-655
-1125
-1457
-1387
-1153
-811
-388
131
941
1896
2675
3428
4238
5086
5849
6192
6439
6541
6559
6443
5755
5039
4257
3408
2596
1627
806
12
-622
-1168
-1664
-1796
-1922
-1797
-1638
-1521
-1208
-1012
-590
-325
-123
5
-79
16
-134
-213
-397
-650
-776
-961
-951
-1119
-1093
-818
-637
-428
-383
-217
-164
-148
248
543
736
709
593
498
122
-198
-603
-1179
-1797
-2321
-2499
-2662
-2788
-2867
-2941
-2756
-2392
-2048
-1853
-1565
-1356
-1213
-919
-795
-670
-736
-673
-434
-607
-627
-677
-875
-877
-957
-1060
-1069
-1143
-1341
-1348
-1297
-1234
-870
-731
-626
-435
-346
-135
-122
-109
-175
-189
-42
-104
-167
-383
-597
-739
-928
-1114
-1316
-1344
-1067
-593
-47
574
1058
1718
2556
3392
4139
4725
5550
6080
6371
6627
6620
6555
6170
5694
5045
4184
3452
2496
1618
866
152
-390
-1050
-1477
-1728
-1920
-1954
-2052
-1830
-1568
-1459
-1266
-1108
-681
-466
-481
-504
-528
-323
-444
-490
-525
-578
-471
-517
-405
-459
-235
112
208
405
559
782
733
612
585
433
278
57
-255
-670
-986
-1211
-1570
-2033
-2342
-2505
-2681
-2790
-2793
-2706
-2695
-2696
-2560
-2416
-2115
-1628
-1306
-968
-541
-480
-560
-541
-569
-537
-438
-467
-680
-866
-916
-771
-762
-908
-952
-1125
-1233
-1331
-1460
-1482
-1401
-1099
-830
-657
-470
-270
-102
119
204
42
73
76
-116
-422
-771
-1030
-1333
-1239
-794
-472
162
998
1763
2701
3735
4743
5713
6571
7187
7555
7625
7518
7305
6663
5796
4958
3852
2625
1638
599
-421
-1134
-1688
-2046
-2231
-2358
-2367
-2151
-1933
-1584
-1094
-818
-378
-45
54
140
44
-45
-163
-340
-599
-697
-657
-816
-781
-748
-646
-291
-233
-64
269
397
532
720
772
640
719
714
523
312
-114
-512
-1004
-1537
-1902
-2204
-2430
-2663
-2951
-3172
-3196
-3070
-2879
-2701
-2502
-2199
-1868
-1561
-1284
-1024
-808
-666
-572
-523
-496
-506
-639
-803
-864
-919
-1062
-1094
-1094
-1184
-1216
-1208
-1280
-1293
-991
-858
-879
-794
-777
-637
-684
-750
-646
-746
-796
-850
-946
-1194
-1482
-1380
-1292
-991
-481
211
1066
1797
2907
3942
4995
5852
6512
7304
7523
7761
7706
7422
7001
6080
5387
4368
3234
2183
1109
320
-638
-1197
-1721
-2234
-2254
-2432
-2239
-2032
-1858
-1527
-1314
-815
-562
-210
6
-118
-19
-177
-152
-117
-272
-278
-486
-607
-638
-534
-331
-229
-43
26
308
504
490
683
660
655
568
305
135
-102
-345
-730
-1087
-1463
-1893
-2076
-2351
-2493
-2615
-2912
-2965
-2983
-2852
-2551
-2306
-2016
-1728
-1535
-1308
-971
-761
-653
-637
-653
-516
-407
-426
-400
-376
-435
-532
-747
-915
-1044
-1208
-1328
-1461
-1638
-1718
-1621
-1656
-1586
-1471
-1430
-1171
-1009
-825
-795
-793
-577
-631
-641
-715
-854
-858
-938
-713
-354
281
1143
1922
2911
3845
4932
5888
6686
7524
7907
8167
8041
7725
7296
6360
5472
4325
3109
1883
539
-343
-1315
-2089
-2533
-2837
-2896
-3075
-2785
-2297
-1839
-1358
-1016
-510
-92
349
662
763
837
817
730
529
379
298
227
123
22
8
82
189
222
251
341
388
301
174
73
-67
-253
-488
-803
-1189
-1470
-1643
-1944
-2293
-2460
-2500
-2528
-2596
-2604
-2502
-2470
-2317
-2015
-1955
-1853
-1549
-1439
-1317
-1036
-847
-667
-484
-385
-343
-362
-358
-361
-420
-467
-585
-764
-896
-1020
-1174
-1335
-1361
-1388
-1633
-1709
-1552
-1538
-1562
-1523
-1491
-1379
-1246
-1144
-1105
-1209
-1150
-1028
-1143
-1373
-1553
-1627
-1403
-700
75
957
1951
3038
4334
5433
6505
7388
8106
8755
8819
8644
8151
7467
6710
5455
4252
2916
1456
253
-734
-1537
-2406
-2692
-2805
-2997
-2881
-2658
-2102
-1770
-1435
-941
-562
-185
-16
337
512
445
452
329
404
465
600
641
460
567
589
708
743
746
822
589
452
125
-82
-238
-605
-823
-1238
-1583
-1902
-2142
-2240
-2468
-2571
-2656
-2581
-2561
-2660
-2343
-2148
-2050
-1880
-1730
-1477
-1379
-1205
-1075
-1077
-975
-900
-833
-851
-830
-645
-605
-800
-806
-690
-666
-695
-869
-1053
-1112
-1117
-1253
-1438
-1446
-1361
-1465
-1512
-1372
-1329
-1141
-880
-696
-767
-808
-534
-602
-744
-850
-996
-1082
-1418
-1487
-1213
-654
158
939
2029
3052
4181
5542
6625
7494
8072
8712
8777
8222
7685
6948
6013
4444
2944
1633
146
-984
-1990
-2654
-2982
-3120
-3030
-2849
-2403
-1897
-1044
-345
-100
429
832
1281
1506
1451
1527
1304
920
483
453
358
162
248
65
25
64
145
391
450
367
340
222
-98
-237
-451
-959
-1434
-1866
-2268
-2505
-2670
-2798
-2802
-2853
-2778
-2487
-2319
-2126
-1733
-1440
-1212
-996
-939
-800
-641
-753
-863
-924
-1140
-1320
-1427
-1542
-1525
-1486
-1539
-1531
-1496
-1458
-1265
-1211
-1387
-1337
-1172
-1172
-1045
-879
-971
-965
-891
-949
-915
-757
-553
-382
-338
-538
-618
-529
-499
-546
-758
-1009
-1490
-1732
-1550
-938
105
949
1978
3158
4325
5666
6984
7918
8459
8874
8700
8080
7223
6242
5178
3567
1808
138
-1294
-2256
-3004
-3532
-3794
-3665
-3261
-2631
-1748
-972
-48
694
1030
1370
1557
1733
1921
1749
1123
743
641
343
331
311
203
383
471
626
939
1147
1268
1230
918
545
318
-270
-1000
-1605
-2395
-2799
-2732
-2638
-2792
-3237
-3413
-3016
-2597
-2116
-1240
-641
-256
7
87
285
77
-324
-366
-548
-1059
-1382
-1669
-2026
-2055
-2131
-2322
-2204
-2015
-1926
-1746
-1595
-1361
-983
-830
-974
-1246
-1348
-1219
-1123
-1332
-1526
-1414
-1639
-1777
-1381
-1242
-1104
-602
-157
-9
74
301
241
-2
-110
-64
-445
-1390
-1755
-1865
-1625
-475
694
1854
3161
4535
5935
7131
8025
8612
9117
9092
8244
6965
5602
4358
2715
698
-1102
-2479
-3541
-4194
-4109
-4006
-3604
-2646
-1734
-632
359
1464
2490
2641
2521
2536
2467
2260
1747
1018
574
281
-38
-142
17
331
612
838
1006
1105
1287
1384
1045
386
-264
-910
-1664
-2343
-2780
-3137
-3446
-3453
-3124
-2620
-1976
-1260
-675
-178
436
1016
1237
1150
994
711
120
-650
-1291
-1731
-2147
-2658
-3163
-3438
-3402
-3224
-3095
-2935
-2585
-2148
-1805
-1542
-1340
-1224
-1115
-1002
-1083
-1361
-1523
-1488
-1524
-1651
-1627
-1319
-833
-429
-175
32
326
651
745
545
372
236
-125
-573
-1147
-1739
-2232
-2853
-3516
-3693
-2822
-1214
633
2261
3643
5431
7159
8333
9064
9453
9702
9188
7802
6219
4568
2881
1120
-602
-2186
-3498
-4208
-4415
-4087
-3240
-2249
-1327
-324
885
2007
2747
2964
2871
2557
1910
1342
809
215
-191
-531
-802
-806
-194
748
1507
1996
2202
2427
2562
2475
2115
1285
283
-730
-1981
-3208
-3898
-4150
-4320
-4471
-4294
-3499
-2247
-964
51
905
1700
2292
2651
2658
2228
1558
648
-482
-1542
-2455
-3194
-3692
-4082
-4308
-4195
-3819
-3351
-2841
-2216
-1641
-1324
-1040
-666
-479
-597
-907
-1326
-1706
-1904
-2076
-2375
-2502
-2288
-1905
-1382
-866
-418
269
983
1291
1374
1438
1420
1200
637
-247
-1249
-2045
-2562
-3204
-4128
-4833
-4576
-3021
-796
1211
2908
4839
7126
8948
9850
10358
10656
10447
9475
7605
5293
3136
1222
-494
-2159
-3728
-4691
-4804
-4169
-3063
-2003
-1040
176
1413
2307
2924
3148
2834
2219
1400
359
-563
-1077
-1357
-1627
-1699
-1237
-253
1025
2361
3425
4050
4395
4509
4177
3338
2184
805
-848
-2624
-4197
-5285
-5807
-5896
-5674
-5063
-3943
-2409
-741
789
2062
3068
3746
3947
3625
2917
1932
669
-814
-2273
-3392
-4100
-4535
-4721
-4539
-3957
-3170
-2367
-1566
-875
-386
-115
-163
-474
-948
-1582
-2129
-2524
-2943
-3242
-3320
-3262
-2983
-2439
-1660
-756
-16
519
1050
1582
1908
1860
1524
1051
459
-259
-1021
-1745
-2406
-2974
-3365
-3496
-3536
-3678
-3772
-3266
-1744
474
2642
4373
5931
7508
8918
9531
9315
8949
8568
7754
5940
3649
1632
382
-637
-1948
-2829
-3248
-2817
-2167
-1649
-816
100
1115
1507
1679
1773
1526
1144
382
-427
-1182
-1442
-1185
-885
-519
-14
734
1648
2743
3795
4490
4780
4740
4213
3117
1807
477
-929
-2478
-3923
-4882
-5292
-5196
-4778
-4227
-3326
-2013
-625
678
1748
2466
2944
3081
2731
2007
1038
-16
-1032
-2023
-2922
-3536
-3718
-3559
-3264
-2866
-2308
-1651
-1077
-747
-631
-685
-925
-1328
-1841
-2368
-2828
-3140
-3190
-3077
-2849
-2395
-1791
-1106
-463
-11
467
953
1166
1191
1038
757
452
-119
-792
-1198
-1477
-1720
-1911
-2017
-1898
-1771
-1837
-1901
-1931
-2075
-2330
-2386
-1532
447
2471
3618
4564
6096
7682
8538
8657
8569
8485
7844
6344
4457
2592
1046
-72
-1236
-2521
-3353
-3468
-2922
-2092
-1537
-984
-6
862
1231
1468
1659
1453
725
-50
-461
-791
-929
-414
156
182
374
1338
2613
3500
3809
3809
3702
3471
2987
1893
256
-1157
-2167
-3270
-4406
-5064
-4914
-4116
-3316
-2664
-1665
-266
1089
2102
2653
2774
2687
2477
1885
809
-365
-1265
-1967
-2656
-3233
-3352
-2989
-2599
-2414
-2156
-1684
-1223
-951
-912
-1207
-1734
-2162
-2389
-2592
-2802
-2851
-2626
-2222
-1742
-1176
-563
-37
315
527
580
428
311
371
218
-259
-754
-1177
-1434
-1453
-1388
-1310
-1264
-1243
-1125
-1126
-1436
-1682
-1673
-1803
-2412
-3234
-3331
-2080
-110
1689
3225
4900
6921
8694
9438
9447
9382
9130
8191
6351
3942
1701
31
-1386
-2950
-4271
-4673
-4194
-3372
-2492
-1477
-268
929
1882
2419
2531
2405
1955
1088
100
-802
-1326
-1130
-563
-221
-86
407
1609
2945
3750
4236
4608
4543
3846
2591
912
-807
-2195
-3426
-4683
-5447
-5279
-4591
-3815
-2806
-1432
124
1595
2692
3214
3292
3147
2681
1753
591
-559
-1637
-2468
-3045
-3562
-3773
-3335
-2562
-1935
-1386
-715
-255
-255
-401
-729
-1499
-2315
-2918
-3433
-3637
-3476
-3247
-2847
-1998
-860
135
735
1163
1601
1699
1302
675
-33
-610
-1024
-1698
-2469
-2600
-2113
-1604
-1190
-589
135
598
693
477
-206
-1147
-1682
-2031
-3098
-4511
-5005
-4164
-2175
378
2623
4604
6869
9237
10934
11382
10935
10194
8865
6601
3672
624
-1803
-3402
-4689
-5691
-5792
-4790
-3247
-1671
-75
1465
2757
3730
4054
3418
2276
1276
267
-1137
-2501
-3117
-2879
-1967
-656
613
1717
3072
4780
6003
6091
5469
4568
3342
1691
-537
-2856
-4269
-4851
-5435
-5961
-5591
-4126
-2345
-789
668
1946
2891
3531
3592
2849
1785
911
-22
-1245
-2292
-2791
-2878
-2635
-2150
-1673
-1116
-305
408
573
261
-320
-1098
-1932
-2798
-3779
-4560
-4654
-4219
-3733
-3113
-2114
-954
91
1028
1677
1849
1822
1729
1151
49
-925
-1481
-1897
-2227
-2262
-2034
-1665
-1173
-667
-240
203
624
690
242
-472
-1222
-1950
-2579
-3129
-3671
-4175
-4594
-4552
-3344
-800
2192
4546
6396
8417
10156
10904
10772
9873
8220
6163
3907
1434
-1021
-2862
-3790
-4179
-4337
-4018
-2999
-1476
2
994
1745
2457
2687
2309
1677
818
-221
-1095
-1653
-1930
-1862
-1188
103
1425
2527
3737
4755
5086
5041
4721
3733
2137
410
-1057
-2384
-3759
-4684
-4916
-4760
-4149
-3028
-1630
-177
958
1715
2277
2510
2373
1954
1198
167
-859
-1548
-1857
-2010
-1977
-1652
-1216
-786
-269
249
413
102
-389
-876
-1474
-2252
-3084
-3780
-4185
-4200
-3865
-3313
-2536
-1479
-401
409
1044
1652
2031
1965
1553
942
209
-518
-1178
-1823
-2301
-2308
-1842
-1286
-963
-829
-568
9
613
719
300
-185
-610
-1308
-2328
-3212
-3547
-3376
-3088
-3133
-3416
-3040
-1323
1284
3693
5321
6571
7925
9147
9575
8820
7411
6163
4874
3038
885
-1098
-2423
-2898
-3019
-3217
-3209
-2493
-1196
-51
602
985
1291
1532
1484
933
195
-162
-104
-114
-242
-35
636
1583
2534
3095
3109
2865
2826
3016
2822
1880
556
-451
-770
-1115
-2267
-3290
-3056
-2241
-1807
-1667
-1460
-913
-8
691
722
465
619
1044
867
63
-448
-437
-280
-94
-190
-616
-663
-325
-324
-733
-1168
-1356
-1364
-1569
-2077
-2665
-2854
-2406
-2146
-2493
-2599
-2136
-1505
-842
-348
-243
-184
266
747
655
375
414
381
46
-343
-801
-1335
-1601
-1579
-1628
-1717
-1506
-1112
-839
-658
-510
-539
-712
-905
-1210
-1604
-1902
-2071
-2225
-2319
-2510
-2934
-3025
-2020
-18
2078
3934
5527
7009
8351
9116
8955
7757
6362
4984
3256
1211
-859
-2288
-3195
-3554
-3451
-3200
-2477
-1476
-420
512
1224
1764
1791
1580
1488
1139
456
-187
-456
-455
-292
232
1002
1762
2318
2563
2623
2774
2778
2034
1079
670
442
-279
-1445
-2050
-2019
-2047
-2100
-2056
-1654
-970
-456
-155
-85
90
410
470
360
156
-18
-93
-140
-97
19
143
197
136
-58
-379
-741
-1043
-1349
-1800
-2349
-2769
-2793
-2527
-2399
-2456
-2303
-1770
-1146
-704
-461
-295
11
446
618
418
199
155
107
-149
-470
-657
-811
-994
-1165
-1275
-1137
-859
-819
-891
-874
-660
-354
-382
-746
-1096
-1231
-1471
-1917
-2412
-2585
-2342
-2103
-1929
-1973
-1853
-1635
-1245
288
2553
4572
5742
6545
7531
8264
8133
6835
5156
3813
2719
1296
-562
-2093
-2868
-3015
-2841
-2522
-1944
-957
240
1240
1779
2041
2239
1989
1369
873
381
-197
-652
-802
-476
87
777
1822
2913
3590
3629
2947
1994
1334
953
265
-1085
-2377
-2757
-2310
-1666
-1369
-1193
-598
177
739
1066
1060
778
491
224
-236
-824
-1104
-1047
-1009
-866
-391
121
459
732
873
676
155
-526
-1213
-1858
-2558
-3233
-3492
-3301
-3048
-2764
-2160
-1293
-497
69
365
426
449
506
356
-134
-608
-799
-859
-1043
-1120
-806
-347
-34
-16
-61
-35
21
-139
-607
-1030
-1330
-1426
-1693
-1925
-1863
-2034
-2060
-1798
-1366
-949
-882
-909
-930
-704
-593
-1015
-1420
-1785
-1795
-870
904
2814
4212
5466
6632
7466
7596
7030
6239
4977
3237
1229
-701
-2142
-3148
-3708
-3686
-3114
-2254
-1140
232
1412
2045
2389
2671
2476
1748
1004
428
-80
-494
-466
-111
340
1093
2009
2760
3014
2984
2888
2628
2204
1117
-346
-1648
-2791
-3434
-3778
-3776
-3243
-2457
-1323
-239
615
1562
2310
2509
2195
1638
1050
462
-199
-790
-1197
-1466
-1299
-860
-540
-345
-267
-133
-98
-277
-657
-1245
-1744
-2273
-2796
-3177
-3309
-3026
-2571
-1968
-1314
-655
71
666
1014
1151
1194
1036
585
96
-280
-667
-934
-962
-898
-813
-843
-894
-791
-763
-869
-966
-1144
-1389
-1519
-1370
-1038
-840
-731
-567
-415
-315
-347
-452
-531
-834
-1189
-1152
-971
-1161
-1886
-2702
-2851
-1895
-90
1822
3267
4569
6161
7544
8008
7431
6532
5496
3996
2230
464
-1099
-2613
-3544
-3230
-2419
-1891
-1489
-541
804
1821
2385
2488
2220
1834
1504
982
173
-349
-453
-359
-248
201
1117
1840
2191
2044
1767
1503
873
-70
-967
-1145
-1008
-1129
-1335
-1316
-830
-250
285
545
533
672
780
784
446
-84
-433
-783
-830
-674
-631
-684
-477
69
391
540
382
-19
-483
-1041
-1577
-2311
-2933
-3167
-3068
-2758
-2378
-1897
-1317
-698
-211
169
569
846
699
221
-40
-6
-81
-391
-743
-899
-747
-457
-237
-218
-357
-365
-407
-763
-1204
-1629
-1878
-1739
-1618
-1600
-1245
-643
-24
565
858
774
558
330
-16
-748
-1862
-2714
-2883
-2882
-3345
-4070
-4016
-2258
764
3473
4928
5844
7294
8884
9226
7914
5902
4119
2634
1131
-596
-2450
-3704
-3579
-2548
-1783
-1388
-519
897
2029
2390
2066
1464
1120
836
111
-757
-1261
-1210
-618
91
616
1220
2111
2876
2874
2300
1932
1677
883
-307
-1136
-1400
-1577
-1872
-1909
-1483
-815
-166
287
451
467
566
687
550
64
-565
-952
-821
-384
-165
-301
-399
-136
348
572
187
-570
-1117
-1349
-1707
-2286
-2628
-2540
-2334
-2160
-1864
-1401
-830
-252
25
-133
-276
-79
32
-321
-781
-874
-655
-406
-231
-84
84
313
598
806
731
334
-171
-631
-1087
-1506
-1730
-1766
-1755
-1690
-1431
-961
-422
29
274
249
49
-102
-190
-585
-1458
-2304
-2545
-2239
-1916
-2102
-2906
-3537
-2790
-435
2334
4155
4972
6028
7888
9136
8426
6595
5018
3668
2236
870
-731
-2635
-3734
-3347
-2401
-1819
-1385
-687
242
1197
1796
1700
1229
964
802
333
-261
-544
-445
-131
216
626
1464
2638
3196
2701
1949
1473
878
-24
-946
-1820
-2458
-2306
-1431
-669
-262
259
910
1302
1400
1215
676
168
-41
-401
-1055
-1398
-1209
-856
-531
-316
-238
-11
470
711
351
-345
-957
-1329
-1623
-2100
-2642
-2807
-2495
-2041
-1656
-1228
-633
-9
357
339
116
-96
-268
-484
-719
-826
-643
-214
175
341
352
461
712
863
577
-106
-797
-1206
-1348
-1615
-2007
-2383
-2360
-1873
-1281
-669
-353
-137
92
475
742
218
-626
-1284
-1451
-1574
-1828
-1875
-1878
-1802
-1778
-2075
-2449
-1584
950
3594
4874
5424
6623
7932
8244
7084
5228
3700
2413
1133
-413
-2116
-3441
-3699
-2748
-1680
-1254
-1057
-430
531
1340
1779
1533
909
507
561
608
161
-40
195
531
762
1243
2294
2940
2707
1821
1070
731
270
-524
-1709
-2701
-2913
-2218
-1196
-664
-473
69
1015
1571
1430
1091
923
798
515
-40
-823
-1357
-1319
-1067
-1070
-1183
-1062
-749
-555
-638
-844
-995
-1090
-1257
-1481
-1681
-1731
-1565
-1270
-959
-820
-608
-154
292
313
-75
-330
-359
-158
-141
-390
-387
-244
2
205
237
303
427
495
317
-126
-641
-1028
-1317
-1607
-1868
-1952
-1743
-1396
-1099
-864
-583
-206
153
341
289
17
-280
-374
-406
-713
-1363
-1981
-1960
-1376
-1203
-2012
-3233
-3517
-1723
1347
3321
3701
4499
6711
8662
8454
6402
4418
3410
2570
973
-1332
-3339
-4042
-3455
-2511
-1820
-1202
-230
983
1876
2267
2147
1799
1373
834
217
-540
-930
-727
-163
300
578
1317
2426
3371
3376
2188
955
531
370
-401
-1745
-2753
-2598
-1601
-711
-305
-56
568
1391
1653
1298
908
591
156
-481
-1192
-1530
-1419
-1326
-1321
-1048
-506
-48
191
358
398
151
-276
-706
-1142
-1601
-1959
-2078
-1970
-1663
-1249
-885
-558
-126
347
556
318
-72
-291
-376
-436
-517
-464
-139
93
80
182
404
506
390
33
-434
-883
-1217
-1367
-1576
-1925
-1963
-1486
-895
-519
-271
-102
-140
-273
-321
-410
-647
-900
-1133
-1428
-1609
-1447
-1146
-1023
-1045
-1184
-1632
-2276
-2446
-1431
684
2781
4022
5076
6717
8008
7766
6546
5364
4092
2453
796
-813
-2495
-3682
-3816
-3302
-2647
-1741
-680
162
968
1934
2480
2213
1594
1066
626
222
-178
-470
-389
-23
420
1218
2410
3177
2977
2306
1724
1142
270
-1050
-2609
-3621
-3425
-2443
-1603
-1025
-171
980
1951
2454
2462
2009
1279
467
-408
-1318
-2076
-2504
-2516
-2088
-1405
-730
-110
497
966
1115
971
527
-228
-1064
-1715
-2248
-2605
-2556
-2296
-1841
-1121
-229
513
973
1343
1211
721
254
-257
-728
-1136
-1330
-1298
-954
-415
-38
328
800
1086
1004
764
399
-214
-922
-1472
-1882
-2319
-2646
-2620
-2232
-1645
-1025
-474
18
490
795
722
293
-222
-660
-1115
-1701
-2202
-2259
-1948
-1680
-1622
-1766
-2142
-2299
-1330
862
3106
4407
5167
6290
7572
7871
6766
5013
3384
2036
819
-593
-2392
-3910
-4092
-3007
-1882
-1447
-1208
-433
855
1903
2031
1432
1007
1126
1187
770
264
76
226
624
1039
1275
1619
2200
2336
1535
394
-329
-710
-1233
-2045
-2700
-2535
-1514
-400
230
636
1237
1903
2221
1963
1163
187
-458
-732
-1058
-1547
-1792
-1539
-967
-403
-61
147
468
816
780
199
-613
-1226
-1499
-1649
-1916
-2176
-2036
-1429
-741
-291
22
477
945
1041
679
203
-134
-408
-784
-1161
-1260
-1099
-688
-255
157
578
869
1144
1111
740
109
-630
-1136
-1596
-2079
-2568
-2812
-2533
-1906
-1240
-714
-231
285
728
931
862
548
9
-621
-1169
-1516
-1728
-1802
-1644
-1358
-1246
-1417
-1779
-2195
-2215
-1116
1072
3166
4330
5206
6595
7858
7821
6513
4849
3265
1628
-71
-1675
-3083
-4025
-4077
-3251
-2191
-1395
-686
255
1333
2150
2334
1856
1267
1062
872
162
-609
-625
-22
520
830
1180
1654
2040
1985
1274
190
-682
-1137
-1532
-2149
-2695
-2677
-1898
-459
1254
2555
3048
3132
3220
2958
1923
409
-1012
-2064
-2728
-3101
-3205
-2877
-2075
-1034
30
978
1576
1716
1511
1018
288
-436
-1035
-1637
-2127
-2124
-1630
-1029
-446
140
516
646
804
869
445
-354
-1125
-1736
-2049
-1901
-1505
-1134
-662
51
866
1557
1925
1848
1418
765
-66
-946
-1692
-2303
-2838
-3187
-3123
-2568
-1735
-958
-369
157
690
1059
1049
677
186
-257
-656
-1028
-1282
-1379
-1420
-1439
-1329
-1041
-734
-679
-1147
-2100
-2806
-2178
-123
1935
2839
3485
5322
7617
8293
7061
5414
4097
2726
1138
-615
-2582
-4231
-4627
-3757
-2621
-1808
-958
281
1560
2420
2766
2523
1703
823
383
-16
-714
-1090
-697
-202
20
643
1938
3028
2906
2058
1270
620
-45
-1012
-2045
-3000
-3312
-2572
-1513
-656
200
1408
2473
2792
2498
2055
1387
360
-579
-1433
-2041
-2180
-1910
-1399
-1064
-575
172
739
1095
1001
518
-55
-571
-902
-1312
-1783
-2008
-1808
-1205
-583
-165
169
519
781
808
531
34
-502
-973
-1272
-1339
-1200
-953
-622
-214
215
652
1014
1123
967
603
-10
-717
-1201
-1526
-1862
-1981
-1783
-1517
-1144
-516
-3
151
245
382
301
1
-296
-536
-695
-741
-736
-714
-657
-615
-685
-925
-1223
-1299
-1126
-1171
-1817
-2708
-2843
-1450
1033
3113
4046
4872
6623
8378
8440
6731
4503
2550
879
-688
-2368
-4138
-5146
-4616
-3026
-1507
-466
372
1301
2284
2812
2626
1787
809
60
-561
-940
-1118
-820
-191
280
821
1767
2943
3295
2434
1233
314
-418
-1171
-1949
-2801
-3382
-3004
-1729
-478
315
1160
2343
3372
3530
2703
1441
293
-666
-1528
-2216
-2608
-2555
-2002
-1123
-309
290
830
1343
1499
1097
321
-612
-1286
-1607
-1673
-1656
-1555
-974
-261
257
536
661
785
595
111
-441
-864
-1088
-1281
-1392
-1289
-879
-316
239
643
777
841
836
706
348
-361
-1057
-1570
-1710
-1547
-1533
-1409
-1027
-540
-87
81
104
-38
-153
3
43
-172
-562
-836
-792
-593
-285
-111
-130
-69
-93
-393
-844
-1418
-1859
-2046
-2277
-2691
-3265
-3132
-1184
1752
3848
4769
5712
7316
8406
7731
5648
3226
1224
-312
-1704
-3085
-4368
-4862
-3941
-2251
-723
366
1084
1690
2265
2561
2154
1002
-107
-620
-706
-592
-503
-246
498
1300
1831
2223
2491
2399
1534
157
-924
-1592
-2062
-2449
-2825
-2721
-1748
-347
879
1705
2222
2555
2709
2587
1983
866
-382
-1381
-2009
-2296
-2380
-2312
-1865
-901
127
685
860
977
1003
808
444
-63
-657
-1078
-1151
-1019
-870
-705
-484
-223
24
140
56
-106
-280
-597
-998
-1220
-1259
-1234
-1007
-536
-99
179
450
699
774
635
328
-119
-581
-868
-903
-802
-743
-742
-646
-382
-68
153
197
6
-384
-773
-988
-1088
-1198
-1227
-963
-421
86
265
204
242
446
511
249
-218
-782
-1414
-1944
-2202
-2355
-2752
-3347
-3347
-1853
857
3291
4566
5433
6769
7971
7789
6066
3713
1503
-329
-1788
-2998
-4030
-4517
-3947
-2462
-807
461
1254
1677
1995
2390
2501
1777
458
-511
-676
-513
-500
-406
194
1109
1807
2155
2326
2277
1783
817
-382
-1387
-1892
-2073
-2278
-2360
-1836
-685
508
1197
1377
1463
1713
1856
1425
422
-606
-1215
-1400
-1359
-1193
-863
-269
488
1051
1213
1059
674
152
-311
-743
-1334
-1897
-2040
-1771
-1315
-751
-185
234
561
821
804
408
-145
-645
-1093
-1491
-1691
-1515
-978
-342
101
366
695
1054
1086
673
158
-183
-417
-647
-860
-1066
-1152
-842
-217
198
189
105
200
251
-10
-518
-953
-1076
-949
-809
-720
-508
-72
411
649
605
496
406
144
-410
-1070
-1621
-2040
-2310
-2320
-2098
-1890
-1850
-1719
-914
879
2959
4112
4292
4710
5642
5823
4534
2643
1168
158
-674
-1446
-2212
-2765
-2760
-2120
-1082
-184
309
627
845
1022
1264
1240
762
254
188
591
910
756
550
733
1139
1352
1141
663
284
76
-322
-1062
-1653
-1632
-1293
-1133
-1082
-820
-258
537
1358
1870
1960
1906
1851
1493
793
34
-724
-1276
-1424
-1433
-1415
-1271
-1050
-633
-107
196
243
193
168
97
-71
-224
-345
-470
-447
-396
-566
-789
-847
-731
-831
-1039
-1014
-925
-790
-690
-435
-119
78
392
684
812
638
324
168
91
-29
-207
-374
-527
-603
-599
-695
-968
-1121
-939
-713
-740
-902
-877
-518
-41
275
496
815
1049
854
314
-147
-316
-440
-829
-1246
-1179
-747
-571
-787
-1036
-1063
-886
-714
-762
-966
-1124
-1309
-1200
-55
1871
3188
3502
3871
4743
5291
4592
3108
1595
394
-429
-1346
-2223
-2769
-2719
-2133
-1331
-278
653
1161
1251
1189
1198
1353
1189
473
12
144
604
804
815
884
839
944
1020
752
175
-406
-776
-1119
-1387
-1334
-961
-600
-402
-190
234
743
992
891
680
629
664
529
224
21
86
232
164
-111
-320
-398
-563
-902
-1169
-1133
-935
-883
-937
-753
-277
144
307
340
355
332
194
-116
-494
-808
-1101
-1338
-1272
-951
-665
-363
73
412
574
734
768
498
148
-104
-354
-545
-559
-494
-425
-264
-39
98
63
-134
-385
-509
-485
-501
-570
-528
-425
-388
-250
90
261
21
-274
-274
-82
11
-208
-577
-625
-294
-110
-389
-773
-837
-787
-964
-1221
-1318
-1121
-737
-765
-1207
-831
945
2919
3705
3429
3492
4519
5098
3878
1774
410
-165
-841
-1691
-2173
-2191
-1847
-1189
-519
126
900
1264
800
276
448
850
706
17
-528
-164
923
1508
1155
795
972
1160
840
194
-473
-1107
-1485
-1580
-1681
-1549
-982
-442
-219
-88
271
834
1207
1289
1262
1156
1091
1105
1127
926
389
-41
-208
-453
-936
-1361
-1702
-1797
-1427
-1002
-638
-423
-126
340
601
740
652
436
278
40
-311
-718
-1070
-1316
-1341
-1125
-811
-400
142
537
561
453
399
310
27
-379
-698
-891
-907
-762
-587
-320
14
117
68
115
139
51
-140
-455
-673
-624
-521
-437
-260
-66
67
185
293
324
170
-197
-552
-633
-471
-500
-974
-1282
-906
-295
137
259
-93
-465
-410
-415
-765
-1028
-994
-938
-977
-680
406
2017
3197
3308
3108
3553
3931
3123
1526
202
-536
-934
-1233
-1566
-1705
-1198
-339
70
107
358
642
517
166
-47
1
244
385
277
343
837
1254
1183
843
471
128
-60
-207
-476
-580
-436
-466
-585
-266
233
273
9
-189
-372
-412
-217
-139
-149
127
522
720
776
781
722
630
450
79
-262
-312
-363
-731
-1098
-1109
-846
-461
-144
-101
-102
176
381
98
-373
-654
-781
-817
-769
-678
-447
-30
368
589
688
659
421
11
-463
-845
-961
-865
-709
-545
-417
-223
129
408
419
203
-94
-228
-225
-358
-549
-546
-357
-54
345
573
440
286
276
59
-344
-567
-621
-689
-792
-869
-890
-804
-556
-287
-73
201
409
392
272
17
-424
-726
-724
-663
-595
-312
64
276
431
624
767
1021
1468
1737
1726
1721
1661
1399
1095
701
147
-184
-248
-441
-595
-370
-18
212
360
432
397
321
217
-6
-227
-183
-1
118
228
326
443
666
796
563
108
-180
-310
-515
-648
-642
-636
-498
-253
-113
-4
180
288
99
-171
-20
538
1200
1673
1709
1578
1543
1325
685
-298
-1203
-1647
-1881
-2135
-2113
-1614
-746
103
544
683
878
1093
937
308
-398
-730
-613
-365
-345
-445
-242
154
227
-40
-354
-645
-860
-983
-1127
-1072
-620
-165
22
228
529
661
524
229
-102
-319
-293
-223
-341
-431
-249
79
274
182
43
122
174
-18
-322
-548
-564
-525
-678
-822
-591
-70
239
46
-258
-137
261
297
-220
-720
-682
-396
-388
-577
-548
-187
198
232
18
-114
-126
-94
-127
-222
12
688
1329
1769
2125
2248
2114
1824
1269
518
-133
-573
-805
-828
-661
-292
127
407
567
610
478
216
-136
-452
-530
-341
65
442
538
631
887
985
789
356
-154
-430
-493
-574
-657
-597
-343
-68
19
119
446
740
687
331
35
67
164
66
-60
-89
39
282
275
14
-120
-107
-173
-381
-568
-503
-263
-137
-203
-284
-156
85
46
-223
-356
-297
-116
31
-72
-133
86
150
-154
-487
-665
-700
-656
-644
-627
-370
15
131
52
57
96
108
-36
-315
-356
-151
50
234
316
271
212
132
-10
-227
-400
-403
-365
-398
-516
-650
-599
-378
-139
114
247
168
70
56
9
-202
-429
-332
27
224
173
44
-163
-356
-380
-476
-729
-689
-319
-91
25
253
364
283
343
519
520
491
617
762
996
1272
1249
1111
1136
984
524
88
-124
-156
-141
-183
-228
-109
168
271
123
31
97
227
285
133
-7
180
467
424
172
89
156
176
51
-211
-329
-217
-181
-205
-157
-109
-29
-22
-198
-318
-132
301
535
392
304
411
449
405
338
328
362
199
-124
-287
-253
-248
-393
-487
-367
-254
-362
-530
-496
-264
23
244
256
200
337
448
278
19
-172
-347
-538
-706
-793
-768
-629
-454
-342
-234
-111
-39
53
131
97
-6
-128
-191
-142
-85
-53
-5
-30
-154
-178
-23
73
-42
-208
-281
-268
-252
-288
-284
-150
-29
-175
-500
-586
-330
-110
-31
136
366
472
367
-10
-470
-683
-718
-832
-887
-721
-418
28
468
614
604
590
402
183
190
297
397
529
653
832
1033
933
528
251
294
382
276
125
183
439
709
755
467
108
-51
-95
-180
-293
-335
-173
157
380
386
410
485
330
-24
-259
-270
-197
-128
-26
93
184
229
88
-263
-510
-466
-333
-350
-463
-375
-76
128
157
73
-104
-73
434
1011
1094
831
777
983
880
237
-459
-797
-859
-813
-756
-707
-554
-290
-142
-158
-79
79
45
-87
-30
244
485
399
59
-189
-241
-275
-498
-836
-959
-753
-318
55
74
0
62
14
-187
-379
-458
-400
-334
-275
-96
148
267
147
-13
29
81
-42
-233
-397
-420
-292
-204
-137
40
67
-270
-612
-583
-390
-393
-523
-456
-111
249
325
141
9
34
-44
-342
-630
-657
-401
-139
-160
-297
-136
289
558
504
374
406
605
831
948
946
944
1046
1227
1278
1014
616
371
199
-78
-356
-405
-190
8
-20
-35
159
293
112
-234
-397
-185
95
74
-41
41
281
478
422
157
114
395
406
-77
-478
-523
-537
-508
-521
-608
-612
-540
-242
-90
-205
-271
-61
278
770
1334
1390
1606
1646
1311
1194
-67
-1500
-1081
-462
-806
-510
107
-32
90
94
-502
-472
-194
-795
-1344
-801
199
862
940
545
388
768
541
-659
-1346
-973
-467
-262
-183
-167
-88
73
-64
-595
-932
-778
-577
-564
-347
237
684
607
291
126
73
-119
-478
-674
-423
67
337
293
191
134
-7
-286
-566
-705
-699
-575
-340
-107
-63
-178
-190
-13
106
-58
-363
-490
-312
-55
27
-32
-71
-17
-13
-189
-410
-345
55
548
886
1079
1340
1505
1492
1136
563
318
273
333
322
297
450
425
316
90
-182
-243
-344
-417
-491
-469
-247
18
395
560
546
501
450
347
105
24
41
97
64
27
-37
-189
-313
-514
-608
-676
-630
-614
-573
-238
60
163
-66
-147
52
227
311
215
250
388
525
501
267
265
631
1045
926
319
80
401
509
-117
-827
-839
-432
-163
-189
-315
-312
-204
-176
-305
-401
-298
-141
-53
112
387
598
514
209
59
25
-121
-435
-692
-612
-437
-342
-321
-391
-458
-580
-598
-502
-389
-224
-90
97
265
352
196
-136
-266
-115
144
162
78
97
148
123
-100
-343
-564
-676
-572
-415
-348
-396
-374
-213
-108
-208
-411
-372
-173
-174
-262
-279
-185
-31
52
93
-52
-268
-229
-39
142
260
587
1252
1627
1546
1324
1155
1029
618
97
-111
95
440
500
288
136
178
41
-401
-732
-693
-423
-178
8
238
456
511
457
340
259
208
27
-92
-71
76
216
125
-70
-157
-131
-283
-629
-835
-759
-464
-310
-301
-21
364
505
383
270
333
334
276
264
266
403
506
400
258
119
-12
-121
-276
-363
-336
-223
-60
-50
-84
-50
-110
-144
-106
-55
-72
-116
-63
-13
22
12
5
52
48
-86
-183
-162
-198
-157
-86
-102
-184
-319
-379
-451
-464
-368
-270
-160
-44
60
52
-74
-139
-105
-67
19
81
63
103
168
156
-3
-281
-476
-377
-157
-58
-73
-164
-156
-126
-205
-291
-446
-542
-474
-299
-71
-33
-150
-246
-222
-85
-129
-260
-245
-174
-69
100
352
534
468
345
433
703
820
606
359
460
790
916
690
373
407
602
498
366
280
150
37
-162
-128
77
37
-115
-223
-105
84
-9
-161
-179
-85
63
95
137
268
197
17
-49
-56
-48
-112
-236
-241
-96
-15
-33
-127
-194
-166
-248
-327
-374
-451
-349
-219
-121
35
112
134
104
52
227
380
354
405
478
528
490
336
233
142
9
-67
-60
-60
-60
-114
-189
-181
-177
-226
-350
-404
-297
-209
-141
-51
-8
48
138
83
6
-55
-104
-114
-120
-40
50
128
99
108
25
-17
-66
-119
-109
-66
-23
-22
-1
-55
-26
-38
-81
-115
-143
-215
-265
-213
-144
-101
-103
-117
-128
-152
-234
-325
-328
-261
-168
-94
-15
-14
12
-127
-167
-224
-320
-324
-342
-305
-184
-164
-160
-187
-212
-223
-214
-91
59
116
191
314
482
608
553
484
475
423
382
358
366
397
448
440
376
381
316
231
212
172
226
239
198
214
176
189
192
116
78
0
-44
-13
-37
-68
-105
-155
-115
-72
-105
-137
-187
-229
-220
-206
-163
-109
-56
-46
-74
-76
-55
-23
-57
-36
38
73
60
42
42
-124
-142
-15
51
150
123
101
92
71
204
340
295
140
55
57
54
26
7
-42
-107
-124
-132
-124
-80
-46
-75
-122
-85
-65
-140
-197
-222
-230
-206
-193
-223
-270
-219
-69
-30
-69
-37
-119
-162
-49
32
45
7
-80
-156
-13
65
44
-49
-204
-116
-263
-277
-8
-101
-173
-107
-49
-44
-54
-155
-426
-359
-233
-249
-157
-129
-96
-185
-215
-180
-257
-337
-434
-345
-242
-65
38
33
121
134
221
233
303
343
294
344
349
378
378
418
455
496
530
574
541
451
538
533
490
370
275
255
167
217
253
217
105
20
-12
-65
-44
-133
-219
-224
-238
-191
-127
-34
-38
-108
-107
-131
-100
-72
-102
-95
-88
-73
-47
-32
-65
-97
-139
-134
-48
-50
-99
-73
113
253
223
159
11
-61
5
76
178
175
116
87
87
183
186
31
-122
-124
-20
7
-34
-45
-98
-184
-203
-201
-158
-168
-202
-210
-247
-151
-94
-131
-119
-137
-154
-130
-115
-153
-165
-113
-28
21
-32
-79
-89
-41
41
77
62
-31
-119
-126
-98
-40
-51
-142
-123
-82
-93
-64
-91
-127
-108
-124
-105
-84
-179
-197
-100
-50
-37
-94
-145
-182
-244
-270
-244
-189
-171
-72
11
8
32
46
100
104
102
217
327
333
321
328
333
389
414
487
579
526
501
445
377
417
355
284
263
197
167
130
59
30
36
-8
19
62
82
112
40
3
-29
-79
-66
-81
-150
-214
-226
-248
-252
-221
-143
-96
-91
-82
-160
-183
-178
-164
-92
-74
23
117
78
64
47
37
69
36
-20
-22
21
84
133
146
91
71
38
48
157
182
186
126
51
37
4
-9
-53
-91
-104
-81
-63
-69
-76
-103
-157
-212
-108
-65
-129
-175
-225
-162
-95
-79
-108
-162
-187
-98
-15
-69
-151
-241
-195
-135
-107
-46
-99
-166
-136
-19
44
48
47
-49
-104
-58
-52
-33
15
-41
-87
-151
-194
-159
-213
-197
-173
-216
-159
-173
-211
-161
-160
-169
-196
-224
-127
-33
19
64
68
132
177
167
274
403
475
482
428
385
343
363
382
360
361
327
332
376
415
429
405
384
367
333
262
168
114
137
137
106
69
60
82
24
-43
-37
-4
-35
-51
-64
-92
-51
-77
-82
-91
-89
-71
-143
-121
-115
-105
-72
-128
-186
-227
-216
-211
-189
-165
-174
-104
-128
-172
-150
-166
-139
-174
-219
-221
-171
-137
-197
-206
-210
-152
-109
-99
-57
-53
-38
-93
-109
-47
-24
-54
-67
-75
-75
-14
-38
-19
21
1
18
-27
-66
-78
-110
-54
4
-16
8
-18
-77
-12
54
102
109
90
94
92
131
152
106
9
-59
-58
1
36
4
-31
-78
-96
-99
-142
-186
-166
-127
-81
1
-31
-18
45
26
83
166
195
172
167
196
232
307
340
320
337
360
368
371
298
202
185
203
240
264
279
296
276
253
206
129
132
137
94
93
106
114
103
39
15
2
-48
-25
6
-14
-37
-66
-77
-65
-88
-159
-170
-168
-169
-177
-229
-202
-191
-198
-227
-273
-257
-252
-253
-249
-215
-205
-184
-198
-206
-154
-193
-201
-221
-194
-147
-197
-183
-175
-89
-5
-68
-66
-35
1
74
65
38
9
-26
-3
13
65
76
-13
-38
-37
-12
70
86
25
34
41
42
100
41
-13
-37
-39
45
33
11
13
-24
-46
-40
7
29
-8
2
25
-19
-13
-29
-59
10
67
48
-23
-16
30
75
139
85
48
64
92
153
130
181
288
267
291
290
254
285
242
198
186
197
261
272
225
139
145
201
198
182
94
43
58
43
42
96
105
47
-2
-47
-18
43
43
30
7
-15
-9
-85
-183
-185
-183
-132
-103
-142
-136
-139
-125
-158
-233
-252
-258
-202
-171
-215
-222
-211
-160
-138
-155
-142
-164
-184
-200
-241
-251
-236
-187
-169
-179
-151
-122
-118
-110
-67
-76
-42
14
-4
60
81
53
87
90
58
3
-20
-41
-52
-13
23
24
20
51
49
19
15
-10
-3
43
23
-19
43
83
22
20
31
53
61
29
32
4
13
5
-31
-6
35
99
122
163
225
240
244
234
229
234
265
290
260
212
227
256
280
300
243
196
205
238
239
225
149
79
104
82
81
45
20
69
84
121
108
60
15
-30
-37
-68
-138
-178
-151
-94
-80
-137
-113
-102
-115
-89
-137
-119
-107
-143
-149
-157
-142
-142
-167
-214
-228
-246
-235
-223
-195
-148
-209
-219
-215
-212
-161
-143
-127
-114
-109
-147
-138
-103
-131
-105
-45
-39
-51
-66
-104
-113
-88
-73
-66
-41
-8
-33
-53
-21
-9
9
38
7
-8
20
25
33
81
110
93
38
1
2
22
87
78
51
55
58
92
58
53
36
30
108
172
232
263
295
286
269
263
268
244
201
239
244
273
235
178
216
205
209
236
230
192
204
204
157
69
0
50
32
30
33
-23
-7
5
5
10
16
7
-4
-36
-94
-102
-115
-117
-114
-132
-108
-145
-134
-107
-183
-207
-216
-190
-177
-168
-121
-160
-223
-224
-175
-149
-138
-160
-140
-137
-190
-141
-159
-161
-107
-135
-146
-145
-122
-98
-101
-141
-155
-78
-23
31
17
-90
-129
-136
-110
-93
-76
-7
-19
-31
-42
-82
-44
7
40
61
26
-54
-61
15
63
52
-32
-39
44
51
71
63
50
98
61
67
107
89
139
166
197
264
239
196
228
264
251
261
289
306
294
232
204
189
167
189
235
268
268
207
138
140
182
152
70
56
97
113
82
15
-25
-8
39
64
16
-27
-17
-33
-28
-20
-59
-71
-92
-125
-69
-40
-86
-100
-157
-231
-223
-204
-220
-221
-222
-195
-127
-163
-193
-173
-191
-179
-204
-192
-163
-137
-107
-124
-83
-82
-157
-188
-170
-140
-84
-32
-38
-10
31
26
-6
-57
-102
-80
-52
-71
-48
-56
-93
-88
-93
-65
-43
-45
-1
8
-23
-39
-29
17
57
58
13
-13
2
14
34
74
112
119
119
136
144
165
171
175
199
198
194
165
146
203
255
275
238
199
225
222
225
247
213
186
197
199
184
163
106
48
39
36
38
47
46
59
47
24
24
7
-51
-76
-70
-85
-103
-124
-97
-51
-45
-21
-31
-98
-183
-182
-104
-74
-71
-131
-186
-164
-169
-187
-190
-175
-143
-108
-67
-72
-84
-95
-129
-112
-113
-160
-142
-105
-81
-60
-87
-93
-68
-78
-107
-121
-69
-25
-28
-43
-85
-84
-45
-36
-45
-28
-22
-36
-39
-42
-27
-47
-77
-78
-51
2
16
-1
-24
-13
31
28
35
45
36
75
84
72
67
55
83
99
120
203
223
179
183
207
237
244
213
194
188
226
226
194
211
198
190
183
173
201
158
120
128
135
158
126
70
29
20
29
27
52
51
10
-17
-21
-39
-71
-74
-79
-85
-82
-88
-102
-123
-131
-124
-116
-114
-105
-84
-103
-126
-146
-161
-132
-138
-183
-208
-217
-166
-118
-119
-127
-160
-156
-121
-116
-86
-93
-115
-109
-93
-75
-119
-113
-71
-27
-13
-73
-81
-75
-65
-38
-19
6
1
-44
-51
-5
11
-1
-34
-24
3
39
51
-1
24
17
-1
9
-2
38
54
48
46
68
98
107
142
154
148
165
179
176
168
143
144
187
190
152
119
143
201
204
190
200
179
160
154
102
51
54
72
85
93
96
95
75
41
36
54
52
44
57
43
9
-15
-49
-67
-54
-52
-71
-117
-152
-119
-82
-107
-145
-163
-166
-146
-140
-144
-145
-163
-153
-126
-143
-141
-84
-75
-98
-131
-181
-177
-121
-85
-81
-72
-67
-86
-79
-45
-37
-42
-49
-65
-41
-31
-46
-47
-58
-54
-53
-77
-87
-17
24
10
25
-16
-17
7
22
50
4
4
26
31
73
39
-1
16
20
43
67
75
55
29
64
111
135
140
83
55
112
160
160
122
71
81
112
137
145
123
118
131
119
118
130
131
119
106
122
137
139
135
108
94
97
85
47
31
15
18
44
10
0
-5
-23
-7
1
-20
-66
-47
-37
-93
-114
-105
-135
-170
-148
-138
-122
-118
-110
-86
-111
-98
-91
-129
-127
-112
-107
-108
-144
-116
-80
-102
-89
-117
-114
-75
-81
-80
-105
-76
-37
-20
4
-39
-97
-97
-62
-46
-20
2
-13
-36
-45
-25
-21
-35
-35
-28
-11
29
39
38
67
61
45
48
52
59
85
80
59
94
102
95
77
72
112
87
47
61
106
146
140
118
133
143
97
63
71
116
142
154
128
94
120
105
86
65
48
81
72
35
17
24
27
21
19
10
-18
-75
-77
-21
16
21
8
-21
-29
-29
-61
-82
-63
-21
24
-3
-81
-100
-68
-69
-105
-122
-102
-106
-135
-130
-104
-81
-91
-123
-89
-32
-25
-37
-61
-81
-79
-85
-79
-57
-42
-37
-76
-101
-50
-33
-63
-89
-76
-42
-39
-37
-59
-52
-9
0
-4
-27
-20
21
49
42
45
27
-3
10
25
39
36
45
98
97
88
76
33
22
28
44
54
61
81
99
133
136
107
80
57
82
119
103
80
83
86
97
87
80
79
49
56
57
49
72
81
93
56
20
34
9
12
0
-38
-29
-37
-23
10
-14
-43
-41
-51
-39
-38
-56
-60
-73
-32
-9
-39
-63
-113
-107
-84
-92
-57
-32
-42
-43
-33
-22
-48
-90
-78
-73
-75
-53
-80
-82
-44
-44
-35
-48
-69
-63
-65
-45
-39
-48
-33
-24
-32
-41
-32
-19
-2
10
5
-6
-17
19
36
1
18
38
25
25
23
52
43
21
37
27
52
66
47
80
81
82
78
23
4
16
35
54
53
60
60
45
36
41
49
43
46
55
64
72
67
47
15
11
27
28
37
36
36
34
11
-6
-31
-38
-19
-18
-18
-7
-5
-3
0
16
30
34
28
-4
-23
-11
-13
-7
-12
-43
-27
-17
-12
-1
-11
-17
-30
-55
-69
-75
-84
-71
-53
-41
-17
-21
-18
7
21
20
-5
-15
-26
-41
-25
2
-9
-33
-43
-48
-27
-10
18
42
14
-6
-7
-33
-25
-7
-23
-18
-5
-5
-2
-13
-12
-2
-8
-6
3
-3
4
13
-1
-18
-38
-19
25
35
18
3
11
30
39
33
29
36
42
34
12
15
10
-13
-19
-7
27
51
55
50
28
31
39
19
12
19
22
5
9
34
34
25
3
0
19
36
63
35
-11
-3
0
7
-5
-20
22
36
37
46
23
8
4
13
9
-4
-13
-28
-21
2
13
5
-5
-24
-29
-3
11
-4
-19
-20
-27
-21
-19
-33
-46
-34
-2
10
10
-10
-23
-17
-30
-25
-26
-31
-28
-40
-37
-44
-56
-45
-39
-21
-14
-30
-24
-37
-25
-2
-21
-12
0
14
25
3
11
9
7
33
12
-6
4
2
4
8
16
16
4
-5
-5
-8
-12
-4
-1
-11
-19
-9
13
28
29
32
31
37
47
44
48
46
28
29
22
5
8
37
54
47
34
16
17
23
23
29
20
10
12
21
26
24
31
50
51
50
46
20
8
10
11
19
10
0
10
12
-7
-28
-34
-16
-2
8
10
-26
-54
-35
-21
-39
-47
-29
-10
0
12
26
18
4
-9
-20
-22
-28
-52
-53
-35
-32
-22
-30
-51
-43
-34
-34
-25
-25
-17
-10
-38
-64
-62
-55
-53
-45
-30
-4
19
28
19
2
-5
1
4
1
-6
-24
-38
-15
18
24
4
-9
-5
7
8
9
17
22
19
11
11
21
30
36
41
41
45
47
54
68
66
54
44
30
24
22
24
14
-16
-15
16
32
44
37
12
5
0
-3
9
7
4
4
0
6
4
5
16
8
-14
-4
6
9
10
0
-1
-3
-1
17
26
8
4
32
32
26
1
-19
-20
-25
0
-5
-25
-18
-26
-25
-29
-35
-25
-27
-28
-22
-38
-39
-35
-39
-22
-7
7
-1
-22
-22
-17
-19
-29
-34
-36
-29
-14
-15
-20
-27
-33
-33
-22
6
26
17
-5
-9
-11
-4
11
5
-2
8
36
52
46
63
60
34
36
39
40
39
33
50
60
53
46
39
35
36
34
28
23
27
36
32
26
28
18
10
8
-6
-9
1
0
1
3
8
13
-7
-21
-16
-3
8
-11
-17
-20
-35
-25
-19
-28
-31
-27
-24
-17
-6
-1
-12
-15
-12
-20
-21
-24
-23
-23
-23
-12
-17
-23
-20
-21
-24
-20
-3
6
-7
-25
-28
-29
-27
-6
6
9
4
-6
-2
7
4
4
4
-8
-5
14
17
13
0
-2
15
3
5
16
7
17
12
8
9
-12
-7
0
-10
-11
-14
-5
6
12
8
5
17
32
27
14
5
2
8
-1
