6
7
5
2
1
3
3
6
6
4
3
2
2
1
2
4
6
6
5
4
3
4
5
7
7
6
4
2
1
3
5
5
5
4
0
-2
-3
-1
1
-1
-4
-6
-4
-6
-7
-6
-3
-4
-11
-16
-16
-15
-15
-15
-14
-14
-15
-15
-14
-13
-16
-16
-17
-20
-22
-20
-18
-18
-21
-18
-12
-11
-14
-17
-16
-16
-17
-17
-14
-9
-9
-8
-5
-2
-4
-4
-4
-1
1
0
1
5
9
8
4
5
7
12
13
14
16
19
20
20
20
25
26
23
23
28
33
36
36
35
35
34
34
36
38
39
36
32
31
32
33
34
33
31
28
27
25
25
28
26
25
23
18
15
13
12
9
10
9
8
4
0
-1
-2
-3
-8
-12
-15
-15
-15
-18
-25
-29
-26
-24
-23
-27
-37
-39
-38
-38
-34
-32
-35
-36
-38
-43
-43
-43
-41
-37
-36
-35
-36
-36
-32
-27
-23
-18
-15
-12
-6
-3
0
8
10
15
24
31
38
42
41
43
47
54
62
65
66
67
68
74
80
81
80
75
64
65
66
66
68
64
57
56
49
45
42
34
30
26
20
18
14
9
9
3
0
-5
-8
-11
-18
-23
-29
-34
-33
-37
-43
-46
-52
-53
-52
-56
-59
-65
-73
-74
-76
-80
-81
-86
-91
-90
-95
-100
-101
-108
-111
-108
-109
-105
-102
-107
-111
-116
-123
-122
-123
-124
-122
-121
-122
-120
-119
-118
-118
-118
-117
-108
-97
-83
-63
-41
-19
10
48
85
115
131
143
158
177
200
221
236
243
245
252
259
262
259
254
250
236
218
204
192
180
161
143
128
115
96
73
52
37
25
14
1
-15
-27
-30
-31
-35
-45
-52
-54
-48
-42
-40
-38
-37
-35
-33
-30
-25
-19
-14
-11
-8
-5
-3
0
4
8
7
4
2
0
-3
-10
-16
-19
-22
-28
-32
-37
-44
-55
-64
-71
-78
-88
-98
-111
-120
-125
-130
-134
-136
-140
-146
-154
-166
-176
-181
-178
-181
-189
-202
-209
-205
-196
-191
-192
-194
-193
-185
-175
-169
-162
-149
-124
-92
-58
-22
19
67
111
146
171
194
221
250
280
304
324
338
348
351
352
352
348
341
327
311
295
280
260
239
218
195
170
145
121
102
83
60
39
21
10
-3
-16
-27
-37
-47
-58
-66
-67
-65
-61
-58
-55
-56
-50
-40
-26
-13
-9
-11
-10
-4
3
8
11
15
16
13
8
7
8
3
-9
-23
-32
-40
-49
-57
-65
-71
-78
-88
-102
-121
-138
-150
-156
-164
-180
-191
-196
-186
-191
-208
-238
-251
-253
-254
-266
-279
-274
-260
-249
-270
-296
-319
-316
-315
-320
-334
-335
-322
-306
-302
-316
-324
-307
-258
-203
-152
-106
-39
44
133
200
240
267
298
345
405
468
513
540
555
567
580
589
593
591
583
572
557
533
498
462
435
412
385
345
297
248
202
156
113
73
38
6
-22
-45
-62
-72
-77
-85
-90
-95
-103
-114
-123
-130
-126
-109
-79
-46
-20
-2
7
14
18
18
17
24
39
54
60
52
36
21
14
11
-1
-20
-39
-48
-51
-59
-79
-110
-139
-152
-154
-156
-171
-194
-211
-218
-224
-235
-250
-267
-291
-323
-356
-380
-398
-410
-419
-427
-437
-450
-465
-486
-515
-549
-576
-590
-592
-594
-596
-598
-612
-631
-669
-724
-761
-749
-646
-469
-279
-104
7
83
134
179
269
375
521
657
778
884
931
973
981
1005
1043
1074
1112
1112
1102
1074
1042
1013
969
917
849
768
671
568
479
414
364
313
251
175
92
0
-85
-148
-174
-170
-162
-178
-223
-277
-315
-316
-291
-247
-210
-180
-153
-145
-136
-125
-88
-20
47
95
100
82
69
83
122
155
167
152
126
97
69
45
26
18
5
-15
-50
-91
-141
-193
-228
-248
-238
-236
-280
-341
-406
-447
-471
-485
-497
-539
-573
-605
-636
-665
-683
-689
-687
-693
-716
-756
-801
-835
-869
-893
-912
-916
-904
-898
-889
-894
-893
-916
-979
-1049
-1063
-917
-633
-281
-20
101
119
106
155
265
465
692
912
1116
1247
1307
1294
1285
1322
1402
1486
1541
1530
1470
1428
1392
1381
1349
1308
1245
1121
988
853
765
714
672
624
547
433
288
139
17
-43
-53
-48
-69
-129
-206
-272
-306
-309
-292
-257
-219
-198
-199
-210
-208
-171
-94
-9
45
56
38
8
1
44
124
189
200
149
66
-9
-39
-28
-6
-9
-47
-115
-199
-288
-362
-391
-380
-361
-378
-449
-557
-663
-733
-758
-762
-765
-782
-814
-856
-899
-920
-909
-875
-861
-887
-936
-970
-978
-970
-965
-998
-1026
-1038
-1021
-1017
-1039
-1042
-1040
-1000
-1017
-1102
-1237
-1312
-1127
-748
-293
-7
55
29
-29
38
221
491
823
1076
1320
1428
1459
1457
1451
1593
1741
1932
1996
1980
1888
1818
1789
1838
1875
1872
1787
1624
1451
1314
1219
1214
1182
1145
1025
831
626
396
250
172
167
189
142
24
-142
-300
-386
-376
-305
-228
-257
-339
-434
-465
-399
-330
-209
-124
-84
-92
-147
-152
-150
-83
35
124
149
92
-3
-102
-146
-112
-59
-81
-183
-299
-387
-471
-577
-648
-663
-651
-680
-767
-893
-1009
-1078
-1079
-1048
-1072
-1125
-1205
-1237
-1244
-1250
-1210
-1200
-1155
-1155
-1143
-1126
-1146
-1088
-1047
-973
-965
-983
-965
-975
-996
-1034
-1006
-927
-855
-872
-945
-1059
-1032
-758
-362
20
171
210
202
153
287
419
780
1052
1293
1463
1453
1512
1444
1565
1711
1898
2000
1947
1895
1780
1829
1854
1957
1925
1867
1791
1621
1582
1422
1402
1356
1279
1184
1047
912
749
585
457
384
342
277
200
1
-145
-336
-336
-302
-269
-291
-451
-493
-588
-549
-458
-423
-362
-397
-388
-446
-411
-389
-345
-226
-147
-106
-163
-168
-248
-296
-339
-350
-293
-369
-369
-465
-544
-611
-690
-687
-720
-738
-821
-863
-929
-966
-961
-958
-926
-928
-885
-990
-1042
-1066
-1060
-1005
-995
-924
-939
-908
-899
-867
-820
-815
-791
-789
-707
-713
-666
-693
-704
-608
-583
-473
-477
-521
-582
-662
-582
-387
-92
195
292
289
239
193
339
465
749
1001
1164
1353
1333
1401
1378
1423
1559
1681
1798
1803
1739
1648
1655
1618
1709
1668
1720
1600
1482
1391
1281
1311
1247
1170
1114
1054
900
701
521
391
341
294
327
209
72
-114
-262
-292
-320
-320
-326
-404
-490
-525
-587
-574
-540
-410
-400
-437
-497
-565
-520
-499
-413
-382
-405
-413
-500
-552
-588
-618
-603
-543
-570
-622
-676
-759
-774
-780
-744
-753
-784
-817
-866
-866
-890
-903
-897
-823
-727
-717
-680
-621
-623
-631
-606
-581
-549
-555
-557
-506
-496
-510
-471
-392
-324
-315
-343
-349
-309
-275
-234
-200
-135
-83
-55
-33
-55
-81
-160
-223
-262
-150
-19
140
201
207
151
138
152
214
410
547
784
914
961
979
954
955
1042
1160
1243
1256
1196
1176
1175
1168
1217
1110
1156
1096
1033
952
926
968
955
940
863
797
751
676
556
532
472
456
374
280
163
20
-34
-93
-106
-163
-197
-272
-284
-310
-301
-269
-256
-311
-366
-354
-389
-374
-374
-413
-392
-434
-440
-449
-500
-539
-544
-499
-464
-453
-501
-572
-618
-684
-714
-705
-647
-605
-618
-651
-696
-653
-647
-667
-675
-717
-675
-667
-689
-719
-771
-742
-664
-595
-519
-514
-548
-478
-403
-305
-243
-218
-168
-159
-111
-106
-75
-28
3
53
38
35
1
16
51
90
125
43
12
-20
-27
80
170
235
277
277
241
217
247
318
463
601
697
768
740
679
668
676
726
831
918
917
842
783
810
862
861
813
732
704
719
678
644
640
637
640
657
602
511
444
378
408
427
381
344
292
246
180
103
36
30
67
61
-29
-118
-133
-159
-151
-168
-200
-216
-248
-286
-362
-361
-339
-315
-301
-369
-452
-529
-570
-582
-541
-529
-566
-575
-642
-669
-665
-700
-678
-659
-667
-669
-676
-648
-642
-642
-608
-606
-587
-544
-502
-485
-489
-420
-345
-309
-293
-286
-251
-220
-188
-159
-119
-51
-2
28
50
71
91
109
121
135
159
190
177
116
69
60
79
69
39
11
-40
-116
-150
-113
-52
41
78
9
-21
-40
-51
3
56
155
270
338
381
369
358
366
420
532
610
604
556
544
601
638
616
593
572
614
643
580
577
582
596
639
611
571
533
471
418
387
380
375
345
316
246
161
84
1
1
4
5
-5
-59
-99
-159
-180
-186
-171
-159
-210
-236
-212
-194
-235
-268
-248
-245
-278
-345
-409
-422
-391
-374
-388
-398
-417
-441
-462
-486
-505
-484
-418
-398
-393
-387
-409
-416
-405
-362
-367
-393
-361
-323
-289
-282
-259
-217
-187
-163
-200
-197
-90
-25
-13
23
51
89
136
129
102
66
59
114
145
114
65
31
36
55
33
-37
-94
-89
-60
-75
-122
-180
-249
-292
-275
-219
-185
-187
-210
-240
-261
-247
-172
-97
-24
48
112
184
197
192
183
231
372
485
545
543
525
517
504
532
545
532
531
529
548
562
569
561
510
501
524
507
456
413
420
408
387
383
314
251
205
164
202
188
163
175
154
147
130
105
57
61
69
33
3
-50
-48
-54
-53
-60
-117
-153
-175
-183
-197
-192
-232
-235
-202
-256
-262
-287
-336
-350
-345
-335
-336
-329
-357
-357
-355
-417
-444
-416
-392
-334
-297
-279
-245
-267
-241
-208
-216
-206
-187
-130
-108
-74
-15
16
5
-50
-72
-93
-69
-23
-42
-71
-71
-76
-112
-157
-185
-185
-203
-240
-285
-312
-329
-369
-389
-388
-397
-479
-521
-486
-407
-297
-296
-290
-316
-333
-263
-197
-100
-18
57
105
147
221
311
335
345
449
496
587
640
592
596
591
616
644
657
672
680
661
631
620
569
544
546
513
494
499
493
458
414
389
378
366
366
338
264
212
225
281
302
278
234
174
144
128
114
128
127
110
91
43
14
2
-52
-79
-99
-146
-133
-181
-235
-246
-288
-282
-318
-358
-385
-406
-407
-439
-445
-467
-474
-466
-495
-491
-478
-489
-499
-445
-372
-340
-321
-352
-351
-346
-350
-265
-219
-170
-139
-209
-204
-218
-226
-161
-167
-135
-105
-145
-148
-129
-123
-130
-154
-194
-202
-224
-290
-297
-273
-266
-296
-326
-306
-307
-355
-389
-407
-418
-440
-410
-304
-274
-240
-203
-226
-165
-128
-41
130
172
223
265
300
365
367
458
571
652
720
725
659
593
662
687
718
768
731
746
740
717
668
599
624
617
624
654
642
632
579
533
483
483
511
495
516
458
382
367
343
353
348
301
289
287
263
240
183
100
58
61
55
-20
-118
-184
-179
-118
-141
-235
-298
-368
-436
-469
-498
-482
-451
-477
-512
-555
-612
-621
-602
-602
-604
-606
-590
-557
-560
-580
-574
-546
-481
-438
-437
-425
-431
-415
-324
-272
-265
-214
-169
-163
-183
-194
-168
-146
-117
-88
-82
-60
-73
-113
-79
-60
-104
-137
-146
-119
-107
-175
-235
-235
-246
-259
-233
-203
-219
-278
-314
-323
-282
-207
-148
-142
-162
-153
-135
-73
-9
67
182
245
301
327
370
384
386
475
567
694
741
673
629
600
637
725
749
746
765
756
689
603
580
608
646
735
764
658
580
553
535
537
530
496
466
462
435
389
302
256
247
198
213
188
128
76
1
-47
-129
-146
-107
-138
-226
-305
-376
-425
-421
-431
-431
-420
-477
-541
-592
-646
-657
-628
-600
-574
-612
-678
-679
-636
-602
-587
-554
-514
-492
-501
-518
-514
-482
-457
-430
-336
-274
-254
-268
-230
-162
-153
-80
-55
-22
-26
-30
18
10
27
-14
13
65
95
83
-11
-31
-50
-15
11
28
26
-26
-38
-84
-72
-93
-165
-141
-100
-89
-124
-207
-270
-253
-200
-124
-55
-52
-97
-147
-145
-77
27
144
232
275
297
306
309
318
360
448
555
628
635
602
579
582
586
612
642
662
660
653
601
504
471
474
520
551
580
560
446
378
291
275
295
348
416
354
290
177
132
127
86
83
60
75
74
32
-55
-137
-201
-198
-178
-217
-208
-245
-265
-309
-396
-381
-358
-344
-374
-411
-423
-427
-391
-429
-461
-446
-469
-453
-428
-399
-416
-448
-383
-361
-367
-358
-355
-303
-258
-240
-220
-176
-154
-141
-101
-65
-12
-34
-71
-25
1
12
-7
-1
-4
-37
-3
-11
-18
-13
-35
-38
-79
-66
-55
-95
-77
-89
-92
-80
-118
-119
-180
-225
-186
-210
-212
-205
-205
-213
-251
-232
-196
-161
-129
-133
-134
-115
-82
-31
83
207
248
240
236
244
291
385
471
541
584
570
540
535
536
541
559
576
588
602
583
524
479
452
434
449
470
441
431
420
358
278
255
294
302
285
240
202
172
137
101
50
97
98
66
73
-2
-42
-87
-133
-133
-160
-184
-197
-210
-220
-237
-272
-299
-294
-269
-269
-314
-335
-322
-323
-343
-348
-334
-342
-381
-409
-399
-371
-351
-367
-402
-403
-367
-330
-302
-267
-239
-244
-250
-214
-158
-124
-121
-120
-110
-118
-143
-107
-69
-94
-96
-63
-49
-65
-57
-105
-111
-83
-128
-77
-69
-77
-64
-83
-126
-188
-160
-147
-107
-154
-221
-190
-199
-153
-135
-203
-249
-216
-177
-97
-46
-84
-60
-96
-98
-35
30
115
169
219
200
195
266
333
380
443
500
477
459
470
455
441
489
475
465
539
545
546
476
370
381
383
382
384
402
442
394
353
359
350
328
264
248
258
242
247
198
187
145
87
145
113
63
77
69
52
16
-2
-30
-43
-70
-93
-66
-68
-106
-148
-162
-145
-142
-187
-243
-270
-272
-271
-279
-281
-309
-369
-387
-387
-403
-396
-389
-400
-390
-341
-315
-311
-298
-300
-331
-307
-253
-283
-257
-216
-219
-190
-185
-186
-196
-156
-128
-147
-113
-119
-124
-111
-118
-104
-75
-38
-27
-34
-57
-82
-77
-64
-85
-114
-128
-159
-182
-182
-177
-150
-142
-166
-193
-201
-196
-174
-125
-96
-75
-104
-119
-95
-88
-27
13
55
111
120
181
226
270
320
362
427
446
512
538
479
479
465
491
535
536
518
505
550
525
484
462
423
449
468
447
445
464
470
447
400
371
355
343
341
293
252
255
237
237
237
184
141
130
107
77
27
-11
10
32
0
-67
-138
-155
-141
-156
-186
-224
-268
-295
-339
-371
-354
-380
-419
-398
-396
-431
-446
-448
-439
-419
-410
-414
-419
-414
-407
-388
-346
-319
-339
-357
-320
-265
-243
-243
-229
-201
-169
-148
-177
-236
-246
-199
-167
-169
-163
-159
-173
-177
-181
-218
-229
-213
-247
-283
-222
-164
-227
-293
-285
-251
-280
-302
-281
-303
-289
-302
-279
-229
-222
-251
-247
-253
-248
-90
-28
66
-159
-350
-146
1
181
151
275
316
172
150
374
752
1060
1491
824
480
325
-135
2953
5375
3645
-159
-3764
-795
5255
6990
3003
-3060
-3554
-681
1675
1906
512
392
-158
-185
-7
556
1707
-277
-2634
-2426
365
3002
685
-2744
-2895
-1224
639
2144
2482
160
-2987
-3819
-1022
3197
4230
1251
-2281
-2496
-29
1533
1211
712
705
268
-333
-82
774
892
66
-541
-176
560
668
-70
-1375
-2278
-1673
59
651
-793
-2566
-3105
-2358
-1504
-1140
-1459
-1985
-2481
-2823
-2858
-2436
-1597
-1892
-2386
-3003
-2879
-2077
-2094
-1855
-2625
-2515
-1887
-1706
-1762
-2216
-1523
-1506
-2132
-3963
-3030
2081
6459
5518
-2848
-7139
-2139
6895
11537
5766
-500
-1033
2779
6949
6092
4442
4298
4801
5675
4422
3465
3994
4592
4442
3126
2921
4009
3746
1190
-966
-66
2827
3742
1252
-1861
-3008
-1814
-66
459
-921
-2710
-2772
-1532
-1417
-2245
-1913
-666
3
-1404
-2598
-2115
-732
640
77
-388
-351
-177
177
-150
328
979
1206
890
64
-92
262
857
1118
448
-720
-1306
-721
-104
-578
-1765
-1999
-1534
-1808
-2704
-3652
-3036
-2506
-2729
-3013
-3668
-3311
-3639
-3869
-3928
-3960
-3371
-2955
-2778
-3577
-3575
-3498
-2798
-2637
-2579
-1862
-2295
-2914
-5717
-3897
2083
6715
6660
-2858
-8287
-3875
5777
12758
7138
-616
-2054
2378
8731
8067
4332
2959
4472
7499
6828
4241
2754
3657
5733
5291
4162
3538
2935
2132
302
118
2577
3836
2014
-1574
-3931
-2672
385
1567
-396
-3383
-4080
-2362
-1250
-2068
-3357
-3226
-1843
-1171
-1837
-2453
-1997
-1148
-805
-611
50
587
143
-833
-793
913
2815
2941
1240
-288
99
1953
3256
2710
1040
6
565
1815
2089
945
-368
-581
-62
-59
-961
-1768
-2044
-1977
-2048
-2339
-2601
-3201
-3720
-3824
-3319
-3059
-3287
-3802
-3967
-3763
-3952
-3340
-3312
-2975
-3183
-3865
-3129
-3295
-2528
-2574
-2557
-1927
-2292
-2076
-4458
-3437
1976
5875
5911
-2627
-7752
-2592
6104
12024
6252
-1385
-1826
2697
8231
7181
3934
2832
4648
7638
6816
4069
2700
3817
5695
6240
4875
3299
2415
1690
1208
1320
2766
3710
2389
-771
-2955
-2040
747
1679
-242
-2575
-3272
-1445
-925
-1571
-2401
-2460
-495
-776
-1775
-2988
-2861
-482
126
-63
-972
-973
-1
-164
-623
-463
932
2018
1337
-450
-970
556
2427
2587
733
-792
-455
944
1323
0
-1398
-1284
-222
-54
-1287
-2557
-2591
-1799
-1622
-2435
-3327
-3521
-3344
-3499
-3514
-3262
-2965
-3164
-3770
-4065
-3689
-2949
-2906
-2816
-2958
-3436
-3997
-3507
-2185
-1481
-2589
-5601
-3082
2340
5914
3625
-5460
-7015
-664
8223
10425
2157
-3289
-2024
5072
9349
6217
2362
1120
5114
8097
6252
3272
1601
4630
7379
6130
3432
1358
2351
3376
3006
2563
2557
2896
1425
-1070
-1750
187
2074
1397
-1191
-2838
-1972
-240
231
-1209
-2814
-2738
-1319
-500
-1360
-2518
-2068
-306
557
-444
-1822
-1712
-405
300
-148
-451
322
1127
590
-648
-586
1157
2493
1585
-591
-1456
-174
1463
1488
113
-908
-722
-221
-464
-1267
-1625
-1255
-864
-1256
-2444
-3349
-3178
-2155
-1654
-2366
-3356
-3742
-3177
-2607
-2868
-3376
-3241
-2855
-2573
-2548
-3443
-3468
-3025
-1902
-2394
-3195
-5142
-3695
1928
4165
4018
-4334
-7400
-2729
5937
10125
4440
-2636
-3035
2248
8142
6631
3365
1568
3521
6400
5706
3710
2897
4138
5965
5410
3699
2671
2682
3027
2648
2348
3066
3470
2276
-357
-1882
-564
2052
2602
255
-2698
-3102
-1020
463
130
-1756
-2537
-2041
-1845
-1735
-2109
-1211
-287
-591
-1285
-2005
-1200
-392
-470
-728
-468
611
976
137
-779
-377
1055
1981
1319
-226
-901
-34
1520
1981
817
-675
-917
125
921
350
-1038
-1730
-1226
-513
-797
-2002
-2924
-2682
-1754
-1548
-2590
-3692
-3787
-2959
-2009
-2229
-2904
-3440
-3136
-2592
-2384
-2504
-3074
-2982
-2223
-2204
-2793
-3817
-4382
-112
2317
3362
-879
-5766
-3551
1654
7019
5455
-245
-2804
61
4894
6309
3938
1941
2413
4746
4995
3797
2716
3194
4622
5188
4591
3013
1969
2217
2712
2968
2933
2373
1691
851
-206
-38
1109
1676
841
-905
-1927
-1256
45
292
-883
-2058
-1766
-648
-515
-1782
-2637
-1510
339
499
-1137
-2297
-1494
132
733
210
-227
-24
259
215
302
965
1718
1619
563
-339
11
1284
2009
1292
-100
-693
-89
694
548
-376
-1132
-1114
-717
-720
-1401
-2157
-2189
-1812
-1908
-2637
-2930
-2232
-1626
-2114
-3350
-3339
-1979
-1383
-2093
-3314
-2982
-2079
-1099
-2005
-3229
-3161
-1611
-382
-1591
-4146
-5304
-18
3700
4696
-2002
-6816
-4530
2647
7847
4976
-1676
-3717
-727
4973
5850
3276
1316
1714
3837
4005
2945
2297
3066
4778
4202
2843
1691
1469
2564
2682
2196
2158
2108
1692
348
-711
-21
1726
2422
1043
-1309
-2189
-831
479
433
-427
-1206
-1109
-1107
-1907
-1913
-291
1060
635
-1526
-3041
-1624
719
1970
794
-977
-1043
-143
1383
1308
605
725
1178
1638
488
-453
276
1959
2739
1253
-641
-979
254
1281
928
-334
-1048
-771
-435
-823
-1757
-1936
-1236
-794
-1610
-2882
-3074
-1987
-1253
-1668
-2411
-2627
-1872
-1868
-2166
-2719
-2329
-1486
-1631
-1960
-2497
-2663
-1614
-1152
-883
-1549
-2830
-3718
-3766
665
2032
3014
-2227
-5531
-3548
2027
5841
3619
-1534
-3174
-761
3546
4751
2549
1553
901
3617
3278
3044
1581
2237
3607
4028
3137
1771
1422
1926
2442
2486
2358
2439
1969
1068
-129
74
1477
2761
2123
-56
-1668
-1140
594
1389
649
-592
-1025
-839
-808
-988
-840
-480
-373
-705
-1143
-549
-65
52
-503
-1046
60
964
1341
356
-756
46
1391
2456
1561
-181
-568
528
1993
1938
679
-188
123
791
808
165
-333
-250
9
-57
-751
-1492
-1476
-907
-680
-1423
-2328
-2376
-1890
-1689
-2267
-2547
-2110
-1929
-2846
-3307
-3090
-2147
-1323
-2401
-3250
-3145
-2228
-1601
-2013
-2360
-2726
-2662
-2865
-3834
-650
1343
3112
-448
-5196
-4512
-242
6026
4933
-93
-4043
-1954
3367
5679
3476
610
195
3498
3774
3094
1091
1613
4087
4580
3826
1803
1183
1899
2353
2910
2909
2947
2227
978
-68
515
2149
3190
2162
-292
-1620
-548
1493
1916
443
-1371
-1011
159
212
-788
-1762
-304
930
419
-1152
-1981
-324
863
450
-724
-921
327
931
279
-574
-205
1064
1701
870
-355
-474
556
1559
1366
394
-233
-43
450
451
0
-327
-221
-52
-369
-1081
-1419
-913
-250
-502
-1713
-2620
-2195
-1066
-768
-1636
-2538
-2588
-2303
-1993
-2299
-2359
-2046
-1784
-2172
-2910
-2848
-2240
-1743
-1852
-1760
-2500
-2343
-2461
-2772
-3660
-622
1712
2305
-1276
-5593
-4407
379
5052
3536
-1126
-3936
-1674
3035
4513
2015
310
363
3143
3357
2163
1307
1938
4318
4161
3021
1874
1485
2652
3203
3428
2927
2696
2181
1451
1063
1256
2386
3025
2246
365
-606
236
1744
2050
721
-617
-474
428
367
-508
-1331
-300
752
372
-797
-1806
-294
970
634
-842
-1938
-306
1394
1579
70
-1320
-621
876
1508
580
-559
-494
524
914
196
-489
-225
561
478
-435
-920
-375
276
-40
-980
-1405
-976
-515
-689
-1569
-2115
-1700
-1080
-1102
-1664
-2233
-2152
-1342
-1307
-1974
-2652
-2499
-1927
-1500
-2084
-2772
-1918
-1660
-2031
-2707
-3491
-2235
-1219
-1377
-3816
-4735
-1053
1074
2221
-2749
-5914
-4294
1455
4827
2565
-2618
-4126
-818
3808
4059
1344
-99
761
3241
3350
2813
1547
2270
4151
3912
2969
1995
2595
3824
3467
2960
2307
3090
2697
2588
1474
1789
2638
3258
2280
632
216
1232
2188
2044
678
-420
-59
476
-77
-485
-164
778
818
-772
-2161
-1456
497
1318
-14
-1807
-1903
-369
813
350
-816
-979
-144
295
-334
-1002
-567
533
768
-327
-1413
-1023
418
1018
78
-1193
-1285
-268
394
-167
-1028
-976
-517
-551
-1072
-1557
-1351
-752
-303
-1505
-2773
-2515
-1330
-769
-1192
-2238
-3203
-2425
-2220
-2051
-2291
-1629
-1623
-1923
-3386
-3194
-2433
-1083
-1384
-2427
-3204
-3819
-1187
805
1138
-1146
-4629
-3817
-685
3496
3351
-620
-3023
-2117
1748
3719
3203
1463
356
1918
3055
3043
2807
2634
3469
3823
3371
2983
2779
3207
3317
3065
3286
3417
3176
2545
1590
1653
2794
3356
2839
1375
106
454
1656
2148
1244
-84
-386
130
377
-205
-787
-652
-100
-281
-1060
-1520
-1327
-514
-272
-97
-611
-1101
-1071
-1299
-395
359
1003
-82
-1875
-1690
-577
1365
1311
109
-934
-1115
117
433
376
-66
-364
-422
-716
-699
-520
-241
-384
-914
-1482
-1465
-1042
-1060
-1217
-1648
-2110
-1880
-1676
-1820
-1813
-1681
-1751
-1816
-2035
-2818
-2698
-2072
-969
-1298
-2553
-3318
-3025
-1431
-1061
-901
-2988
-3434
-3595
-1347
1155
1289
-725
-4408
-3887
-339
3799
3884
-299
-3539
-2442
2165
5360
3666
691
-399
2044
4298
3990
2346
1720
3180
4569
4113
2502
1852
2811
3897
3778
2873
2453
2544
2558
2083
1709
2049
2776
2718
1358
-44
128
1592
2368
1402
-265
-978
-433
242
128
-473
-722
-534
-600
-1247
-1789
-1389
-326
136
-648
-1781
-1951
-1053
-175
-117
-538
-726
-629
-681
-894
-757
-77
561
423
-438
-1060
-704
275
853
505
-325
-779
-497
-21
26
-346
-568
-582
-620
-854
-1230
-1113
-680
-674
-1445
-1984
-1774
-1214
-1054
-1401
-1712
-2304
-1944
-1641
-1876
-2233
-2634
-1709
-1656
-1806
-1924
-2242
-1777
-1859
-1344
-1384
-2086
-2592
-2894
-1187
727
1262
-325
-3025
-3072
-247
3271
3609
183
-2398
-1306
2378
4214
3004
1103
896
2930
3856
2974
1922
2243
4012
4434
3327
1845
1522
2950
3751
3550
2882
2330
2392
2185
1709
1431
2105
2993
2403
674
-521
194
1641
1986
858
-587
-795
-289
138
-221
-904
-787
-564
-635
-1428
-1904
-1145
-515
-430
-1149
-1211
-229
-237
-739
-1439
-914
881
1237
-106
-2078
-1878
351
1968
1420
-636
-1415
-752
825
1198
185
-254
-308
43
-303
-899
-604
59
208
-700
-1772
-1900
-1083
-569
-939
-1697
-2131
-1974
-1924
-2047
-1771
-1417
-1541
-2056
-2577
-2631
-1913
-1081
-1095
-2054
-3108
-2992
-1890
-856
-1089
-2001
-2056
-1611
-1796
-2468
-1385
437
1517
198
-3224
-2966
513
3798
3573
-421
-2588
-657
3451
4822
2307
-15
754
3518
4721
3285
1169
1575
4045
5102
3750
1689
1195
2761
4176
3609
2238
1744
2148
2345
1749
1334
1886
2515
1924
274
-539
447
1855
1815
153
-1290
-990
362
580
-522
-1586
-1310
-316
-482
-1563
-2374
-1537
-560
-596
-1819
-2861
-844
664
101
-1576
-2989
-1334
1079
1677
-359
-2699
-1866
735
1889
638
-796
-1092
25
1220
413
-194
-173
244
567
-528
-977
-795
160
513
-831
-1538
-1507
-705
-569
-1405
-1655
-1393
-1028
-1483
-2386
-2471
-1388
-411
-1005
-2470
-3035
-1971
-810
-601
-1559
-2961
-2485
-1065
-511
-1618
-2548
-1442
-650
-634
-2044
-2740
-308
1975
1664
-1409
-3434
-1456
2423
4045
1558
-1601
-1496
1618
3833
3086
1159
911
2689
3734
2581
1175
1694
3524
4634
3606
1562
925
2256
3760
3769
2721
1786
1801
1876
1661
1513
1590
2354
2183
979
-40
18
1301
1745
830
-463
-824
-147
60
-661
-1373
-1086
-285
-252
-1442
-2423
-1804
-528
-182
-1184
-2404
-2138
-690
-123
-898
-1701
-1452
-420
7
-667
-1430
-1082
174
603
-303
-1102
-819
248
814
88
-753
-580
85
294
-209
-695
-477
-70
-90
-592
-1097
-975
-361
-95
-723
-1468
-1474
-844
-589
-978
-1514
-1734
-1300
-1167
-1405
-1694
-1539
-1038
-1167
-1458
-2039
-1385
-704
-952
-1488
-2071
-1150
-165
9
-1281
-2379
-2018
436
2090
1015
-1794
-2930
-1135
2639
3962
1528
-1342
-1555
1027
3353
3292
1901
1119
1785
2675
2816
2151
2052
3078
3629
2789
1682
1631
2548
3400
3083
1957
1531
1811
1823
1422
1053
1214
1846
1794
511
-688
-416
884
1547
729
-764
-1459
-893
-86
-94
-717
-1174
-1245
-1286
-1500
-1590
-1278
-878
-951
-1460
-1731
-1345
-778
-760
-1238
-1388
-806
-205
-420
-1153
-1274
-441
420
302
-541
-935
-412
377
490
-36
-437
-213
192
157
-235
-477
-101
183
38
-549
-1012
-717
-363
-105
-398
-798
-1012
-1216
-1105
-943
-504
-492
-1063
-1762
-1836
-1052
-677
-664
-1157
-1609
-1430
-1073
-475
-720
-1449
-1596
-1145
-136
-230
-1513
-2421
-1666
816
2185
1140
-1561
-3210
-968
2617
4002
1922
-1377
-1743
889
3751
3738
1452
327
1371
3221
3191
1700
1197
2280
3788
3387
1616
684
1469
3099
3370
2235
900
595
1456
1818
1476
968
747
773
481
44
-149
428
852
217
-704
-1157
-716
-199
-320
-707
-1086
-1076
-1040
-1280
-1351
-1039
-438
-556
-1476
-1988
-1551
-406
43
-552
-1231
-1088
-223
-96
-537
-776
-291
419
269
-284
-808
-397
576
783
190
-637
-714
-69
500
267
-358
-431
-240
-243
-493
-634
-540
-388
-344
-835
-1307
-1067
-446
-397
-1177
-1517
-1312
-997
-780
-1169
-1447
-1205
-863
-983
-1404
-1357
-1025
-783
-714
-897
-1105
-1110
-926
-639
-638
-831
-1217
-638
968
1205
-217
-2388
-1809
1658
3741
2619
-914
-2038
355
3362
3859
1541
109
796
2950
3401
1854
1128
1792
3383
3510
2035
796
946
2472
3082
2130
916
609
1309
1534
993
558
791
1259
773
-193
-555
90
868
447
-599
-1237
-848
-244
-448
-922
-1193
-869
-796
-1311
-1690
-1511
-620
-348
-1014
-1883
-1886
-726
1
-413
-1321
-1419
-596
-86
-399
-833
-506
185
365
-260
-774
-344
397
870
505
-352
-377
101
561
681
166
-117
-73
-32
-78
-209
5
211
35
-461
-896
-620
-197
-371
-857
-1014
-667
-395
-700
-1297
-1222
-618
-439
-773
-1397
-1492
-814
-369
-605
-1257
-1527
-1072
-400
-341
-1055
-1188
-1163
-1287
-204
762
531
-662
-1917
-1302
1105
3097
2034
-886
-1782
257
3106
3471
1323
3
1112
2841
2455
995
1090
2455
3553
2880
809
-47
1242
3020
3105
1478
228
566
1458
1438
820
466
824
1051
323
-396
-516
200
852
276
-774
-1316
-841
-118
-270
-939
-1242
-980
-723
-941
-1517
-1353
-457
-285
-762
-1561
-1597
-549
43
-24
-669
-1008
-679
-245
-99
-100
175
289
372
-153
-422
177
697
937
332
-175
-104
355
716
502
266
48
45
48
29
6
-94
-131
-262
-510
-662
-643
-691
-622
-649
-757
-857
-889
-847
-1280
-1324
-868
-590
-890
-1678
-1793
-1180
-454
-416
-1228
-1864
-1468
-660
-455
-749
-1273
-1618
-1136
371
1169
179
-1831
-2646
-164
2914
3007
-116
-2648
-1291
2220
3954
2065
-310
-200
2065
3412
2153
674
708
2485
3502
2138
502
316
1755
2803
2187
905
306
1004
1461
1046
562
530
1048
795
-140
-607
-191
923
908
-341
-1247
-1082
-110
122
-517
-1113
-1128
-555
-492
-1188
-1557
-860
-170
-362
-1409
-2012
-953
249
428
-541
-1257
-777
147
526
-112
-290
163
675
611
-115
-136
583
1279
1039
140
-231
239
937
994
460
31
151
336
257
86
-122
-95
43
-231
-655
-643
-454
-407
-712
-1121
-1074
-845
-813
-952
-1121
-1201
-931
-883
-1266
-1579
-1540
-940
-687
-894
-1454
-1647
-1198
-719
-472
-1211
-1606
-1969
-1390
733
1149
-424
-2658
-2695
-6
2636
2618
-507
-2492
-1118
1995
3339
1445
-341
78
2220
3155
1407
107
1028
3234
3724
1632
-81
229
2231
3387
2253
572
259
1296
1872
1312
606
728
1278
1183
274
-363
150
1014
984
-37
-893
-690
52
230
-345
-807
-628
-327
-621
-1258
-1345
-633
24
-272
-1207
-1547
-707
399
440
-549
-1144
-460
599
637
-238
-633
81
933
826
80
-140
502
1151
966
185
-223
228
943
971
281
-216
114
668
562
-168
-607
-237
242
113
-548
-1028
-995
-532
-253
-667
-1424
-1733
-1067
-638
-862
-1490
-1797
-1334
-1148
-1110
-1524
-1592
-1127
-1064
-1056
-1511
-1498
-1244
-1063
-469
-998
-1885
-2302
-1354
818
1193
-487
-2908
-2562
593
2761
2413
-817
-2392
-483
2310
3206
1103
-293
343
2345
3270
1411
146
1082
3030
3458
1591
143
542
2367
3386
2153
457
157
1391
2199
1628
718
424
944
1264
714
-9
158
906
1083
320
-533
-591
-51
336
55
-426
-560
-490
-646
-859
-760
-373
-226
-694
-1101
-1206
-550
94
-186
-663
-936
-295
151
-119
-280
-267
277
511
164
-307
-344
408
977
651
-163
-467
7
644
713
259
-21
104
257
40
-239
-158
86
54
-343
-813
-955
-604
-204
-378
-1034
-1415
-1167
-847
-961
-1266
-1336
-1082
-993
-1355
-1705
-1566
-1076
-738
-1002
-1638
-1752
-1319
-818
-776
-1260
-1608
-1502
-1429
-1266
42
728
-311
-1885
-2396
-128
2247
2172
-49
-2092
-1007
1847
3169
1642
-313
6
2022
3046
1708
312
954
2831
3555
2092
217
291
2233
3545
2627
757
261
1360
2274
1863
903
746
1372
1595
804
-82
127
1130
1497
586
-626
-828
20
720
411
-431
-802
-540
-347
-621
-878
-602
-175
-375
-1121
-1444
-832
13
121
-474
-863
-560
-115
-147
-376
-142
497
736
114
-685
-513
634
1372
784
-319
-592
122
855
821
207
-233
-108
194
153
-170
-269
-3
108
-309
-846
-888
-584
-429
-614
-993
-1333
-1405
-1187
-1145
-1433
-1650
-1408
-1254
-1540
-1813
-1558
-880
-895
-1497
-1893
-1367
-633
-922
-1606
-1923
-1040
-391
-1036
-1809
-2177
-656
1290
985
-1144
-3016
-1639
1499
3115
1607
-1790
-2131
637
3271
2854
267
-193
1388
3074
2444
502
593
2514
4134
2882
382
-2
1917
3947
3366
1104
90
1210
2717
2347
944
493
1266
2047
1366
95
-237
767
1782
1092
-226
-921
-310
634
395
-265
-810
-507
-286
-869
-1160
-903
-32
-35
-1054
-1724
-1474
-348
17
-500
-962
-923
-356
-285
-530
-630
-249
403
65
-783
-1031
-188
794
669
-163
-815
-390
513
703
184
-260
-102
231
183
-311
-542
-29
455
6
-843
-1131
-748
-136
-90
-685
-1193
-1118
-803
-835
-1105
-1092
-985
-1025
-1048
-1422
-1441
-906
-702
-901
-1307
-1320
-1045
-677
-672
-1320
-1521
-898
-45
-275
-1434
-2039
-1417
682
1785
244
-1992
-2618
-304
2598
3100
551
-2199
-1481
1509
3711
2567
31
-291
1495
3323
2734
1058
579
1829
3333
2715
1052
473
1566
2911
2752
1564
725
915
1596
1639
1319
1202
1095
1011
604
254
416
1033
1249
211
-645
-476
273
456
-222
-651
-628
-335
-648
-1309
-1259
-618
-26
-473
-1424
-1855
-1303
-85
171
-725
-1593
-1233
-152
35
-401
-830
-530
130
95
-449
-797
-91
634
582
-25
-756
-529
440
1014
386
-496
-424
198
495
151
-267
-199
150
16
-493
-613
-359
-128
-238
-807
-1311
-1077
-451
-366
-1070
-1555
-1127
-674
-820
-1100
-1089
-1006
-926
-795
-783
-1065
-1154
-616
-302
-473
-981
-1213
-829
-270
22
-527
-1021
-1205
-501
916
1099
-258
-1910
-1159
1141
2276
1428
-747
-1314
406
2465
2503
697
72
1321
2574
2042
637
698
2073
2974
2241
709
364
1406
2641
2568
1156
381
885
1764
1631
795
575
897
1286
805
9
-91
511
1072
444
-505
-839
-308
279
-72
-698
-959
-664
-563
-961
-1194
-941
-527
-685
-1318
-1660
-1263
-554
-323
-744
-1234
-1094
-550
-281
-524
-720
-257
174
-20
-670
-835
53
778
655
-165
-647
-134
582
913
533
47
55
287
364
233
178
277
354
75
-396
-507
-127
126
-167
-552
-573
-491
-537
-535
-642
-634
-661
-896
-880
-854
-748
-606
-756
-907
-879
-581
-585
-760
-729
-905
-601
-399
-658
-912
-801
-72
-144
-800
-1689
-1218
974
1669
128
-2223
-2171
417
2643
2350
-538
-2312
-911
2177
3191
1150
-508
15
1874
2674
1309
243
1150
2491
2509
1110
154
705
2024
2630
1502
381
522
1281
1458
954
897
1040
1118
723
-17
-20
616
1201
774
-316
-861
-511
347
301
-499
-868
-633
-406
-891
-1040
-586
-174
-330
-1130
-1478
-1177
-359
-31
-619
-1094
-1066
-615
-433
-582
-705
-507
-30
-64
-651
-919
-315
485
575
-86
-674
-433
302
655
347
-43
-36
180
205
14
-15
225
348
127
-186
-222
29
281
137
-314
-488
-252
-40
-170
-393
-521
-475
-312
-342
-509
-769
-548
-295
-360
-600
-746
-498
-545
-409
-560
-431
-355
-680
-982
-863
-641
-211
-364
-1187
-1625
-1158
586
900
-352
-1906
-1975
203
2022
1579
-567
-1888
-615
1612
2466
950
-555
15
1558
2223
1164
319
969
2139
2356
1152
258
622
1819
2453
1618
410
315
1278
1821
1435
857
703
841
829
495
211
466
814
512
-270
-674
-351
169
206
-273
-679
-658
-528
-649
-883
-826
-522
-483
-971
-1534
-1386
-605
-80
-426
-1165
-1415
-895
-300
-297
-436
-460
-284
-247
-410
-298
-81
414
500
-12
-306
-156
436
754
613
287
51
162
308
351
379
394
311
194
65
-22
108
308
233
-76
-201
-128
-236
-415
-280
5
-86
-597
-996
-920
-419
-53
-282
-981
-1331
-966
-475
-349
-784
-1106
-904
-490
-622
-1154
-1057
-677
-327
-754
-1583
-1627
-1100
118
855
-37
-1866
-2349
-192
1777
1566
-274
-1796
-905
1111
2019
981
-225
200
1221
1878
1260
394
968
2108
2348
1333
446
697
1782
2494
1970
821
420
1207
1742
1385
880
744
955
1059
562
131
505
1026
949
207
-491
-622
-67
399
34
-474
-786
-662
-518
-753
-706
-597
-562
-808
-1291
-1205
-796
-344
-428
-897
-986
-857
-452
-372
-397
-319
-298
-188
-456
-467
-166
332
611
146
-322
-407
142
694
675
329
17
52
276
483
466
345
272
198
107
115
279
407
368
59
-374
-411
-32
67
-253
-412
-302
-290
-534
-740
-653
-475
-379
-539
-953
-985
-628
-549
-705
-813
-830
-722
-611
-934
-1145
-915
-533
-402
-820
-1419
-1539
-927
64
799
-365
-1658
-2109
-640
1395
1515
4
-1690
-1280
625
2081
1490
-167
-258
1073
2030
1561
570
764
1721
2375
1730
714
451
1546
2450
2279
1059
532
1042
1648
1526
911
804
1090
975
592
147
481
949
987
281
-604
-418
188
495
29
-530
-548
-418
-396
-845
-930
-530
-214
-353
-1073
-1506
-1052
-250
-110
-727
-1253
-973
-307
-149
-598
-911
-474
87
-74
-653
-724
-87
423
227
-303
-583
-257
446
658
167
-285
-228
170
451
354
176
181
232
127
-34
41
314
431
282
19
-294
-331
-5
20
-158
-276
-311
-460
-499
-410
-297
-221
-474
-721
-965
-634
-454
-583
-889
-829
-709
-722
-884
-954
-1041
-967
-756
-734
-958
-1034
-1285
-1125
-810
89
1
-783
-1410
-1260
242
1279
1037
-536
-1328
-302
1389
1952
839
20
581
1425
1645
1029
1025
1689
2098
1692
871
865
1565
2291
2145
1212
670
1016
1674
1679
1161
833
969
1090
751
270
308
849
1013
405
-323
-365
170
472
112
-493
-704
-477
-286
-423
-641
-609
-453
-568
-959
-1139
-830
-443
-535
-1003
-1202
-868
-470
-509
-805
-802
-431
-232
-530
-885
-697
-135
88
-282
-708
-594
-55
268
99
-176
-157
126
375
334
96
57
314
432
168
-48
113
407
486
250
-89
-187
35
294
220
-128
-227
-120
-156
-187
-234
-410
-452
-471
-609
-494
-282
-535
-784
-827
-762
-545
-417
-755
-1103
-995
-549
-356
-655
-765
-973
-959
-881
-638
-570
88
-211
-613
-1068
-494
624
981
501
-460
-354
575
1264
1168
638
592
1116
1465
1476
869
1186
1769
2130
1528
975
985
1507
1941
1747
1153
880
1182
1427
1198
849
783
951
906
555
201
214
396
493
146
-208
-339
-337
-144
-217
-323
-497
-671
-667
-818
-727
-651
-746
-841
-1000
-850
-796
-811
-737
-798
-690
-702
-738
-729
-708
-434
-351
-395
-476
-494
-302
-117
-44
-120
-190
-176
-95
31
181
221
149
122
129
139
147
237
306
262
187
176
160
171
212
169
225
104
-56
-111
-13
213
-36
-226
-285
-293
-153
-275
-423
-582
-571
-423
-461
-609
-739
-718
-630
-566
-687
-844
-789
-669
-600
-502
-449
-587
-741
-754
-558
-229
-125
-396
-577
-343
43
323
246
-108
-151
377
791
630
353
298
636
1113
1233
932
728
1039
1323
1333
1281
1232
1204
1155
1136
1127
1171
1244
1146
866
675
736
815
768
591
363
293
330
256
150
136
66
-64
-132
-177
-188
-261
-402
-528
-638
-596
-538
-622
-774
-858
-706
-519
-618
-887
-965
-711
-387
-446
-720
-851
-713
-317
-174
-333
-514
-443
-160
-137
-261
-277
-109
74
81
-61
-148
-11
215
301
124
58
138
272
384
293
237
254
291
239
197
252
292
281
154
59
38
165
215
-4
-186
-193
-111
-174
-235
-230
-342
-389
-445
-488
-431
-416
-458
-546
-457
-417
-538
-554
-516
-494
-573
-503
-528
-635
-501
-394
-306
-426
-492
-338
-205
-114
-314
-310
111
298
96
-228
-207
320
822
792
206
-50
543
1155
1230
796
509
729
1094
1222
830
665
926
1167
1104
714
561
680
973
961
582
370
377
532
466
289
213
192
223
97
-123
-119
72
44
-219
-451
-442
-192
-124
-385
-614
-586
-443
-423
-587
-670
-559
-440
-412
-552
-666
-433
-139
-169
-398
-541
-412
-85
70
-123
-351
-261
-8
93
60
2
0
100
144
66
66
247
395
288
89
105
306
444
392
215
126
220
326
268
143
153
232
203
53
-139
-180
-2
80
-144
-382
-334
-168
-217
-338
-351
-427
-455
-388
-481
-569
-499
-432
-522
-676
-597
-561
-614
-479
-377
-418
-600
-684
-588
-409
-234
-408
-536
-342
-223
-292
-363
-179
40
130
33
-278
-195
357
736
453
-42
37
516
1024
1025
508
346
712
1147
1110
675
446
629
1050
1116
690
414
573
860
883
649
405
315
500
588
409
256
181
184
97
39
125
159
93
-139
-259
-199
-107
-122
-265
-313
-297
-322
-413
-409
-362
-319
-276
-433
-534
-427
-205
-36
-152
-379
-430
-269
-15
55
-131
-182
-75
5
-30
-148
-108
49
200
152
-51
-130
16
222
188
12
-58
48
133
99
61
69
58
-28
-40
-45
-20
-34
-96
-100
-202
-200
-186
-246
-188
-187
-264
-320
-388
-481
-429
-273
-275
-419
-619
-647
-423
-261
-326
-593
-707
-487
-291
-278
-418
-510
-432
-345
-231
-210
-308
-383
-293
-54
-56
-230
-360
-250
92
330
258
-92
-120
256
650
720
440
223
293
681
888
771
554
527
780
953
910
679
682
910
953
755
514
562
755
831
696
447
310
360
469
458
383
283
161
98
97
123
156
106
-75
-235
-260
-184
-88
-96
-225
-317
-325
-334
-309
-227
-164
-182
-315
-441
-384
-244
-156
-166
-293
-355
-207
-46
-59
-188
-234
-79
53
-8
-113
-123
-47
45
-6
-210
-239
-65
63
43
-80
-139
-123
3
101
-24
-91
-50
-95
-131
-109
-42
-4
-109
-225
-240
-172
-121
-231
-347
-310
-203
-150
-279
-402
-330
-190
-154
-367
-466
-383
-298
-193
-246
-356
-422
-295
-204
-257
-160
-250
-360
-262
-137
-67
-113
-175
-237
-208
-22
3
-222
-178
107
278
207
-39
-97
158
636
666
250
67
231
679
931
778
392
267
639
957
861
556
485
610
764
725
454
373
491
585
462
284
303
322
334
320
264
280
240
129
61
153
194
81
-57
-231
-195
-32
4
-124
-287
-282
-210
-176
-231
-293
-280
-229
-225
-275
-284
-249
-211
-229
-280
-330
-262
-109
-85
-203
-291
-169
-102
-153
-203
-244
-135
-49
-103
-204
-248
-143
-24
-10
-64
-139
-110
10
51
-3
-27
-75
-126
-72
-34
-19
-67
-151
-200
-107
-102
-93
-126
-101
-155
-242
-207
-153
-147
-240
-303
-247
-204
-138
-172
-266
-308
-212
-73
-113
-225
-266
-214
-148
-197
-254
-267
-246
-163
-193
-175
-216
-188
-165
15
56
-170
-102
109
263
145
-40
-21
194
468
456
210
108
282
607
654
516
413
537
570
554
540
592
624
560
518
409
447
525
557
463
313
290
353
428
402
260
239
258
268
165
69
110
153
128
-22
-126
-86
-14
-26
-158
-260
-256
-181
-162
-216
-244
-240
-214
-270
-327
-290
-231
-169
-217
-270
-243
-177
-116
-180
-238
-230
-186
-137
-155
-185
-207
-194
-129
-113
-159
-147
-106
-86
-76
-132
-138
-66
-40
-105
-109
-35
8
-40
-129
-99
-20
29
-43
-117
-136
1
5
-9
-98
-39
66
11
-104
-159
-86
-20
-16
-132
-159
-134
-84
-58
-21
-79
-155
-159
-144
-105
-44
-63
-131
-287
-262
-139
-104
-171
-251
-199
-153
-108
-93
-112
-185
-32
30
14
-92
-135
151
337
306
126
68
217
383
436
377
354
460
484
435
363
402
490
552
513
361
351
501
566
450
284
268
362
354
315
195
255
310
285
127
37
102
167
110
-48
-62
44
80
13
-143
-244
-180
-85
-137
-241
-286
-209
-72
-73
-253
-350
-224
-117
-126
-205
-283
-227
-169
-163
-186
-231
-176
-144
-180
-217
-236
-183
-120
-141
-235
-199
-130
-118
-144
-221
-167
-93
-73
-94
-121
-83
-7
-2
-103
-80
18
62
18
-78
-69
-15
40
52
-27
-107
-87
-20
17
8
-68
-109
-81
-50
-23
-65
-138
-102
-34
-96
-204
-189
-99
-91
-153
-153
-147
-159
-156
-190
-220
-162
-160
-207
-220
-194
-58
-93
-140
-152
-51
-9
-3
41
81
135
121
202
244
272
246
259
317
354
402
439
413
395
377
450
472
352
306
376
417
385
343
315
341
399
342
280
257
274
312
216
134
166
205
153
70
38
17
41
16
-36
-87
-106
-73
-106
-163
-234
-215
-146
-92
-102
-191
-221
-208
-143
-152
-236
-276
-229
-141
-163
-224
-221
-166
-157
-183
-202
-215
-223
-214
-159
-173
-208
-223
-180
-105
-104
-110
-140
-86
-13
-31
-47
-72
-81
-38
3
-19
-42
-98
-116
-20
62
56
-74
-166
-125
-25
16
-73
-167
-179
-71
53
26
-100
-144
-53
22
-14
-82
-93
-52
-10
1
-49
-123
-158
-118
-52
-64
-126
-157
-124
-92
-106
-99
-68
-21
-3
-25
-22
-12
57
137
169
143
33
82
232
260
258
188
175
287
363
411
343
248
275
339
415
393
352
398
385
320
298
334
359
325
260
240
284
267
202
178
179
185
182
149
105
91
97
72
10
-55
-76
-63
-48
-76
-143
-152
-101
-73
-108
-145
-148
-146
-171
-192
-192
-184
-111
-139
-217
-187
-168
-135
-168
-225
-208
-198
-195
-209
-212
-236
-247
-223
-183
-148
-181
-254
-255
-134
-53
-101
-153
-165
-133
-102
-144
-149
-99
-77
-44
-60
-122
-78
9
45
-4
-130
-139
-10
54
32
-38
-108
-60
45
42
-40
-74
21
105
-1
-144
-122
-15
5
-25
-51
-100
-92
-71
-44
-26
-109
-147
-129
-60
25
-63
-59
-46
-16
114
138
108
-3
12
102
184
161
41
20
231
294
278
232
226
290
355
370
318
295
292
288
328
313
306
355
343
305
357
384
345
292
257
252
228
182
170
206
162
99
85
120
140
12
-42
-10
-5
-11
-85
-118
-109
-72
-35
-75
-141
-168
-161
-154
-119
-128
-210
-218
-219
-207
-204
-271
-289
-262
-235
-290
-337
-314
-286
-232
-291
-342
-280
-264
-242
-277
-319
-238
-188
-220
-276
-279
-199
-129
-99
-189
-284
-208
-77
40
-13
-141
-89
1
57
73
2
-47
-8
51
89
82
21
42
165
195
122
43
56
213
372
283
9
-72
122
282
179
15
-5
18
38
-3
-61
-36
-20
-54
-111
-86
3
49
57
-9
-67
-7
66
41
-26
-21
54
85
109
148
159
191
195
215
195
204
244
199
199
192
244
275
293
213
244
303
349
355
258
189
202
282
285
273
162
164
168
146
185
203
166
123
77
20
11
18
-16
4
-20
-81
-100
-159
-162
-130
-183
-176
-183
-285
-299
-244
-244
-285
-288
-252
-243
-265
-313
-331
-296
-274
-291
-334
-332
-299
-300
-318
-353
-334
-236
-153
-141
-184
-152
-67
-57
-49
-75
-86
0
34
17
23
72
165
211
175
109
94
147
163
121
125
159
180
144
88
131
206
224
140
-34
-38
193
283
114
-55
-48
98
128
32
-115
-172
9
84
-51
-188
-176
-59
-59
-136
-188
-128
-37
-45
-61
-144
-146
-36
-12
1
-50
-102
-98
-16
46
10
37
34
69
102
85
134
153
190
199
135
114
189
258
244
240
213
210
287
312
301
275
259
244
242
251
221
228
191
189
262
243
191
80
7
68
114
78
-35
-95
-78
-77
-71
-80
-135
-204
-182
-187
-209
-192
-252
-222
-199
-253
-253
-277
-295
-279
-265
-283
-260
-264
-272
-235
-224
-217
-263
-219
-127
-102
-129
-206
-182
-103
-39
-44
-113
-89
43
150
101
5
11
92
167
146
114
84
55
80
66
105
157
167
133
34
47
117
120
1
-119
-81
8
79
107
1
-128
-85
34
95
55
-100
-191
-91
40
18
-109
-222
-186
-18
69
-67
-263
-257
-90
42
-23
-187
-261
-173
17
37
-43
-62
-63
22
125
155
69
23
127
143
168
202
182
237
240
213
192
254
295
246
244
238
286
279
251
257
252
299
257
170
164
247
289
240
154
88
102
127
166
94
-9
16
38
58
18
-63
-76
-49
-5
-82
-182
-153
-131
-114
-156
-255
-262
-220
-176
-153
-208
-277
-257
-179
-109
-134
-263
-330
-270
-170
-145
-218
-274
-210
-127
-95
-112
-170
-173
-136
-124
-98
-101
-145
-107
-6
-8
-30
-46
-23
4
5
37
44
24
-101
-80
36
205
130
-35
-71
49
168
192
149
23
83
166
114
23
70
103
67
28
12
19
14
22
23
13
29
-31
-110
-74
-2
38
52
-9
-73
-42
25
78
63
-18
-53
-6
75
94
43
18
31
46
84
146
114
126
140
68
110
166
181
147
113
96
102
177
147
78
75
107
110
100
67
48
133
158
137
56
31
122
120
95
70
86
140
92
-28
-57
29
63
24
-49
-120
-113
-61
-68
-88
-75
-77
-82
-136
-216
-180
-105
-125
-179
-198
-180
-162
-179
-209
-248
-222
-129
-132
-199
-203
-180
-150
-163
-214
-199
-163
-176
-167
-118
-80
-99
-151
-157
-110
-31
24
-18
-105
-99
8
100
122
104
24
-37
55
198
245
162
14
-1
199
369
327
99
-77
31
258
279
106
-7
-14
110
203
177
131
13
7
53
79
99
70
7
-67
59
167
111
-26
-133
-32
91
91
-37
-107
-42
11
28
12
-25
-10
65
113
115
39
-3
5
36
137
67
-85
-70
54
148
120
46
-68
-84
78
123
13
-73
-64
18
58
38
8
-23
-46
8
86
66
-63
-185
-65
94
13
-79
-103
-118
-74
-34
-49
-81
-111
-115
-118
-90
-35
-61
-100
-93
-35
-34
-169
-248
-141
42
30
-156
-225
-102
25
21
-92
-214
-188
-13
120
8
-175
-173
-73
22
45
8
-117
-167
1
155
131
-37
-136
-54
135
224
104
-17
-36
131
330
253
85
44
108
181
213
242
191
76
33
105
206
215
143
74
81
110
108
120
120
78
76
119
73
-1
18
82
51
-57
-90
-56
-11
-25
-88
-110
-107
-84
-112
-161
-151
-155
-99
-59
-163
-188
-125
-121
-131
-90
-4
-46
-138
-101
-91
-98
-52
-22
-22
0
14
-118
-134
62
80
25
29
-46
-93
5
137
121
67
22
-53
34
155
85
12
7
-12
52
112
34
-44
-4
79
76
41
11
-58
-29
50
-2
-11
68
26
-35
-24
-69
-19
199
205
-71
-195
-85
21
151
121
-156
-221
12
166
145
98
-101
-218
-31
105
76
-31
-101
-122
23
168
-97
-145
105
117
142
93
-12
-36
110
274
59
-50
-80
-116
71
199
136
-2
49
54
58
175
42
-104
-47
47
31
6
-19
-92
24
96
-14
-39
-25
-55
-37
106
42
-151
-57
29
25
-36
-131
-137
-88
62
14
-115
-70
-95
-54
-47
-127
-137
-113
1
-46
-140
-96
-85
-11
17
-84
-139
-108
-25
-6
-84
-66
2
-21
-64
-74
4
41
18
19
-14
-2
78
110
24
-45
5
119
178
96
33
65
100
125
165
142
60
30
100
186
171
113
45
71
165
197
136
16
22
52
71
98
57
16
-20
18
-5
-78
-28
-15
-29
-60
-95
-91
-112
-95
-116
-59
-3
-133
-158
-86
-1
30
-8
-119
-193
-73
44
92
21
-93
-166
-117
77
88
-44
-107
-47
47
58
25
-66
-97
62
178
57
-101
-103
43
191
146
-13
-101
-57
67
99
54
-49
-128
-6
119
71
-59
-104
-67
-1
71
30
-20
-38
-8
53
26
8
-6
-39
12
57
27
18
-20
-59
3
55
19
-41
-38
-20
-4
5
-43
-55
3
21
-33
-50
-23
-1
26
14
10
21
24
20
-6
3
12
32
95
83
50
53
52
62
76
64
8
-5
34
67
70
83
85
48
42
35
57
89
39
-17
-21
18
40
31
2
-46
-64
-43
-38
-62
-70
-100
-151
-129
-127
-124
-80
-137
-172
-117
-89
-82
-89
-84
-78
-68
-12
8
-7
30
37
26
38
14
15
50
55
38
37
37
33
87
115
80
59
47
61
90
90
71
64
78
75
90
73
68
87
68
75
33
25
40
23
36
25
28
12
12
13
-16
-9
-28
-38
-6
4
-29
-54
-58
-15
-11
-48
-54
-96
-53
-27
-43
-41
-92
-70
-57
-56
-4
-18
-74
-111
-119
-63
-49
-95
-52
-54
-56
5
4
1
-17
-19
-10
-16
-32
-1
58
57
67
83
70
41
32
73
100
61
31
53
53
62
39
46
83
44
70
80
50
43
-10
-4
39
34
17
-16
-17
33
28
-23
-56
-67
-57
-29
-25
-58
-80
-98
-71
-22
-13
-43
-73
-32
-16
-27
-18
-58
-50
-5
27
29
0
2
-16
-9
32
34
42
35
20
-1
17
54
49
72
66
72
68
29
36
55
64
18
23
66
47
36
24
11
31
62
17
-7
10
3
8
-5
-2
-6
-15
20
8
-17
-23
-46
-47
-50
-35
-10
-46
-68
-23
-8
-45
-59
-72
-80
-54
-60
-82
-61
-40
-40
-48
-65
-62
-37
-30
-53
-55
-47
-45
-18
-14
11
26
-12
23
63
45
37
10
16
52
47
41
36
13
15
6
4
38
80
78
26
1
18
51
64
12
0
34
32
29
8
-13
20
45
15
1
18
32
48
33
35
4
-25
-3
-31
16
56
15
7
-4
12
17
6
20
20
-1
-15
13
17
8
-1
-11
24
-6
-19
5
5
33
3
-4
-8
-20
13
-5
-10
-1
5
24
12
-22
-5
27
-24
-40
-5
11
34
19
-23
-20
21
49
14
-35
-25
-11
-30
-23
-27
-54
-50
-46
-38
-25
-63
-109
-85
-59
-81
-96
-105
-56
-61
-105
-86
-87
-52
-59
-56
-24
-32
-6
4
-17
-24
17
28
42
33
-15
17
61
97
79
88
95
57
75
74
86
97
70
63
64
61
68
102
105
79
75
77
63
46
64
64
52
57
19
-1
20
46
22
34
69
-12
-21
11
2
14
-20
2
20
-2
3
-21
-18
-15
-8
-17
-33
4
-27
-39
-33
-68
-42
-60
-90
-85
-78
-54
-44
-63
-107
-109
-86
-82
-64
-39
-58
-66
-41
-34
-47
-72
-62
-22
-26
-22
-4
-23
-24
-25
-31
17
41
23
17
4
18
52
61
66
47
37
59
58
66
75
29
1
42
80
65
13
-20
-8
18
24
8
-17
-50
-38
33
21
-54
-48
1
8
20
14
-9
8
27
46
33
21
24
47
74
35
51
51
26
52
25
43
48
27
36
8
26
14
4
35
27
35
1
11
30
-5
19
43
34
-3
8
26
2
15
16
18
0
-10
24
-12
-12
3
-41
-20
1
-29
-54
-60
-59
-55
-53
-26
-23
-87
-78
-43
-3
10
-69
-113
-105
-76
-55
-42
-27
-33
-61
-75
-54
-49
-21
-32
-48
-42
-54
-25
-22
-28
-2
16
12
28
34
38
68
40
48
49
19
66
84
64
74
84
73
89
66
33
62
71
54
34
23
24
29
15
23
15
-20
0
-4
20
35
22
5
-26
-1
-11
-7
-2
-2
20
8
-11
-28
-10
-4
21
5
-28
-28
-50
16
35
-2
3
11
11
-1
7
0
9
27
1
-30
-12
8
-11
5
10
-22
-30
-29
-21
-15
-50
-61
-34
-28
-26
-25
-13
-11
-31
-21
-21
-3
18
-12
4
-7
-38
0
18
14
1
19
15
13
40
6
6
14
40
47
-5
6
8
19
42
25
17
11
27
31
18
0
-23
14
33
9
0
-25
-28
-5
-8
-26
-23
-12
-42
-53
-16
8
-17
-35
-6
-13
-3
5
-14
27
14
-5
17
1
25
45
40
39
34
47
2
-5
48
23
-6
-7
-1
3
-2
-3
13
6
3
11
-12
19
-24
-3
12
-5
9
6
8
-4
-24
-7
28
-20
-5
23
4
3
-1
13
14
13
3
12
-15
-10
12
8
29
12
16
5
-11
-12
-27
-1
-5
-14
-24
-37
-30
-23
-10
-5
3
-29
-21
-13
-22
7
12
-3
3
-13
4
12
16
36
25
21
21
15
15
3
8
16
-9
13
11
8
23
-11
9
20
19
-9
-12
8
-2
3
4
-16
10
6
-47
-14
-4
-30
-16
-35
-33
-10
-36
-37
-12
-20
-32
-7
-7
-5
-19
-7
36
14
18
11
3
23
10
24
26
40
8
-7
13
17
29
16
42
10
26
58
23
19
11
-3
-8
0
16
39
64
4
-7
12
23
24
7
7
0
9
