4
9
2
0
0
-1
2
5
4
3
2
0
1
3
0
-3
0
0
-2
2
5
2
0
1
0
-3
-4
-3
-3
-1
0
-1
0
-1
-3
-2
0
1
0
-1
-1
0
3
3
1
1
2
3
3
4
6
6
4
2
3
4
3
2
3
6
7
3
0
-2
3
3
5
5
3
1
0
0
0
1
3
5
3
1
2
4
5
2
1
3
7
7
4
2
3
3
3
2
4
5
4
3
1
-1
0
3
4
2
2
-1
-2
-1
2
6
4
3
1
0
-1
0
2
3
1
1
4
6
3
-3
-7
-4
2
3
1
-2
-4
-3
-2
-2
-2
-2
-2
-2
-2
-1
0
-1
-2
-1
-2
-3
-1
-3
-3
-2
-2
-2
0
0
0
0
1
0
1
3
0
-2
-1
-2
4
9
4
1
5
2
3
3
-1
1
5
0
-2
-1
0
1
1
3
5
0
3
-2
-4
2
1
3
8
5
4
5
4
2
4
7
5
6
6
2
-1
4
-1
0
4
1
1
2
-2
0
3
3
0
0
2
4
1
-1
0
4
5
3
3
6
4
1
0
5
7
3
2
5
5
1
-3
0
3
0
-3
-5
-3
-1
2
5
6
3
1
1
2
5
5
3
0
1
3
5
4
0
-3
3
1
-3
-1
-2
0
4
-2
-5
-1
-1
2
6
1
-1
-5
-5
1
7
7
3
-2
-2
0
2
0
-2
-1
2
-1
-3
-6
-4
-2
-2
-1
1
1
0
-2
-3
-2
0
-2
-1
-1
0
2
2
4
2
1
-1
-3
-3
-3
-3
-1
0
0
-1
0
2
3
2
1
1
0
-2
-2
-3
0
1
3
4
2
0
0
-2
-1
0
2
4
5
4
5
6
6
4
2
2
3
2
1
0
3
3
3
3
2
1
0
4
9
13
10
6
7
10
10
6
5
7
7
5
6
9
8
4
2
6
9
8
5
2
1
1
4
5
8
8
4
3
5
2
3
8
7
4
6
6
1
3
9
6
3
4
2
3
9
6
-1
2
7
5
3
2
-1
0
4
3
2
4
1
-1
5
6
5
5
2
-3
0
1
-1
-2
-2
-7
-7
-6
-7
-3
-3
-5
-6
-4
-4
-2
1
-2
-2
0
-1
-1
0
0
-1
1
0
-5
-4
-4
-4
-3
0
-3
-6
-8
-5
-3
0
-1
-8
-5
-2
-4
1
2
-6
-5
2
-2
-3
-1
-4
-3
2
-2
-3
-2
-3
-6
-5
1
1
-9
-13
-2
4
-3
-9
-5
-1
-5
-7
-3
-3
-2
-3
-3
-3
-2
-1
0
0
1
1
1
-2
-5
-7
-8
-9
-6
0
-1
-8
-14
-8
2
8
17
26
25
11
-4
-5
5
11
2
13
53
62
30
25
63
63
25
11
35
42
17
23
89
135
70
-76
-133
196
874
1101
352
-480
-424
-16
25
85
300
48
-525
-611
-299
-218
-374
-485
-479
-245
146
207
-158
-380
-251
-123
18
322
369
-75
-418
-243
31
-118
-738
-1233
-626
1102
2320
1656
-81
-1113
-891
-15
922
1480
1269
415
-421
-681
-386
-51
-201
-628
-596
-1
398
145
-433
-895
-1018
-610
216
880
929
528
116
-72
-12
198
400
522
559
468
278
151
19
-366
-790
-752
-312
10
47
8
-164
-588
-777
-327
291
486
234
3
536
1940
2956
2138
22
-1159
-643
196
626
868
348
-1176
-2269
-2016
-1366
-1096
-1040
-1127
-983
-170
422
-67
-692
-455
64
294
690
1163
927
249
-148
-420
-748
-956
-1260
-1929
-2606
-2315
174
4508
7058
4096
-2455
-5909
-2761
3248
6146
4303
709
-1324
-1163
-285
-58
-677
-1628
-2055
-1081
837
1592
-125
-2837
-3967
-2663
-87
2069
2689
1753
335
-296
149
894
1128
859
776
1269
1752
1369
89
-1374
-2245
-2053
-967
192
482
-286
-1356
-1958
-1839
-1085
-146
538
927
1131
1293
1450
1370
948
461
313
628
989
1083
1574
2776
2975
789
-1878
-2480
-1539
-656
64
343
-730
-2342
-2795
-2186
-1437
-732
-350
-296
259
1189
1260
443
-168
-300
-225
353
1258
1172
-251
-1665
-2152
-1859
-1058
-388
-728
-1794
-2482
-2807
-3492
-3879
-2457
916
4719
6987
6537
3843
796
-694
239
2937
5220
4984
2461
-205
-1755
-2642
-3347
-3647
-3397
-2745
-1842
-1149
-1257
-2146
-3090
-3223
-1980
362
2649
3810
3705
2883
2034
1646
1742
1964
2047
2005
1842
1376
374
-1169
-2785
-3652
-3371
-2503
-1784
-1436
-1551
-1998
-2095
-1431
-313
792
1585
2044
2447
2855
2795
1968
1064
1403
3704
6540
6444
2259
-2303
-3803
-3099
-1884
-671
-743
-2799
-4686
-4487
-3182
-2208
-1841
-1816
-1065
1075
3007
2923
1609
807
642
792
1656
2548
1923
142
-1242
-1972
-2443
-2627
-2621
-2545
-2369
-2532
-3220
-3488
-2982
-2900
-3355
-2040
2495
7862
9903
7222
2775
768
2189
4338
4905
4349
3533
2062
-32
-1874
-3331
-4763
-5704
-5409
-3940
-2263
-1687
-2673
-3981
-4009
-2501
-202
2121
3745
4283
4210
4230
4228
3655
2661
2067
2158
2354
2055
1004
-815
-2836
-4186
-4645
-4443
-3687
-2801
-2351
-2142
-1867
-1702
-1306
-88
1372
2134
2260
2449
3845
7306
10562
9039
2710
-2230
-1944
403
1294
904
-927
-4607
-7224
-6481
-4746
-4316
-4311
-3804
-2375
276
2225
1619
382
639
1443
2224
3631
4443
3138
919
-438
-933
-1102
-1238
-1838
-2812
-3153
-2633
-2407
-3140
-4189
-4974
-5305
-4632
-3006
-1583
-233
3218
8864
12404
9940
3546
-440
1609
6778
9317
7195
3044
-456
-2765
-3813
-3832
-4161
-5417
-6191
-5327
-3721
-2929
-3507
-4633
-4597
-2397
913
3449
4597
4881
4791
4696
4751
4559
4002
3760
3808
2980
1092
-686
-1984
-3389
-4660
-5077
-4736
-4081
-3304
-2759
-2716
-2688
-2028
-879
138
683
1049
2492
6622
12099
13478
7892
564
-2025
-461
1581
2975
2636
-868
-5456
-7824
-7954
-7201
-6073
-5136
-4051
-1578
1097
1195
-665
-1305
-52
1731
3700
5637
6052
4139
1463
-301
-985
-796
-790
-1547
-1994
-2392
-3528
-4466
-4496
-4522
-5437
-5328
-3502
-2965
-4082
-6162
-6408
2140
15605
22343
17355
1091
-11836
-4072
13654
19839
11461
-1000
-7283
-6848
-4202
-1695
-3529
-10300
-14632
-10776
-1158
4381
-828
-9972
-11788
-4551
4715
9904
10137
7158
4105
4245
7493
10000
8102
3030
133
1704
3984
2585
-2513
-7844
-10218
-9135
-6299
-3806
-3338
-5045
-6224
-4280
-847
1004
1299
1700
3256
6179
8462
8075
7866
11081
13481
9493
2368
-1290
-1432
-1307
-1389
-2053
-4992
-8865
-10293
-9185
-7772
-6682
-5676
-4266
-1425
1704
2524
1830
2149
3081
3639
4945
6572
5939
3553
2029
1122
-619
-2904
-4385
-4445
-3908
-3643
-4335
-5695
-6128
-5900
-4964
-2795
-1885
-2399
-2749
-3648
-5833
-10009
-9303
5049
23183
29983
21755
2366
-12217
-8649
5153
16222
18030
9615
-2212
-9583
-10036
-8078
-10688
-15740
-14406
-4785
5022
5936
-2252
-11953
-15289
-8748
4061
14334
15646
9893
4895
5128
7399
6846
3420
1235
2999
6514
7217
3172
-3722
-10018
-12464
-9783
-4584
-1464
-2693
-6176
-7392
-4705
-1789
-1277
-280
3005
5754
6765
7241
7018
7760
12292
16726
14254
6359
-262
-2942
-2813
-2059
-3143
-5989
-8256
-9306
-9777
-9362
-8226
-7245
-5783
-2745
1029
3445
3351
1754
888
2228
5005
7405
7433
4669
1137
-715
-908
-1113
-1614
-2227
-2339
-3227
-4473
-4947
-5113
-6065
-8596
-7964
-4101
184
2198
1098
-1580
-3657
-2811
-5642
-11902
-18309
-10924
15766
32767
32766
15548
-11400
-18176
-2973
15543
23886
18428
6271
-3967
-6606
-5394
-7904
-14866
-18898
-12224
784
9182
5203
-7712
-16263
-14248
-4889
6442
13976
13056
7193
4752
6331
6760
4194
1208
1054
5197
10181
9928
3282
-5350
-11530
-12642
-8132
-2136
-580
-3502
-5798
-5491
-4875
-4500
-2911
-277
2633
5746
7717
8058
10302
15664
17592
11345
3012
373
2254
3604
2554
-1447
-7956
-12912
-12513
-8665
-6178
-6861
-8446
-7812
-4781
-1911
-670
-30
1528
3985
6059
6300
4247
777
-1467
-343
3643
5852
2051
-5535
-11219
-10569
-6102
-1332
-43
-3019
-6326
-7290
-4881
-1251
1739
40
-1343
-1959
-894
1713
866
-1770
-12041
-19785
-23065
-2481
29532
32767
30216
703
-20609
-8684
7138
22859
22638
11840
-127
-3998
-934
-2382
-8231
-18923
-18287
-3910
9499
8665
-5147
-17246
-19251
-11460
1094
11695
12611
6854
2914
4240
7340
6920
3538
1430
4316
9678
11310
6920
-532
-6476
-7841
-4801
-1338
-1308
-4056
-6293
-6839
-6613
-6756
-7142
-5737
-2127
939
4129
12367
22939
24229
13451
2596
719
4001
6739
7611
4859
-1965
-8336
-11102
-11782
-11198
-9531
-8529
-7216
-3462
-961
-3387
-6243
-4620
-1176
1490
4774
7109
4775
-354
-2592
-896
1131
673
-1554
-3042
-2162
-319
-659
-3865
-7520
-8779
-6589
-528
2981
-2347
-9604
-9635
-2383
2659
1866
423
-1888
-2854
-3925
-11017
-21134
-20101
6928
31996
32767
24203
150
-11466
-3751
8090
22248
21511
9806
1506
79
-67
-6501
-15200
-19998
-13799
215
8542
2521
-10500
-17920
-16312
-7301
3837
9094
6193
3834
6542
9789
9949
5540
-739
-811
7530
14647
13552
6585
-2426
-8941
-8452
-3481
-371
-778
-3492
-6926
-8377
-7280
-5915
-4804
-3270
-1319
3543
13355
21908
20332
10170
1534
312
4414
9049
9873
4734
-3150
-7632
-7561
-7651
-10526
-13221
-12145
-7391
-2465
-1457
-4624
-7362
-6364
-3139
790
5184
6923
3610
-822
-2247
-1331
425
2177
1733
-1184
-3385
-3748
-4109
-4938
-4835
-4264
-2801
-2277
-4191
-5549
-5541
-3737
-1704
-531
-1591
-4318
-5336
-371
3798
-2710
-14559
-24738
-10386
19994
32767
25530
-1281
-9428
2890
14581
22094
18732
9689
1396
4422
9748
4014
-7782
-19387
-19255
-5691
7245
4918
-7615
-16377
-16124
-8418
562
4263
1071
-1673
1295
6721
9020
6789
2950
952
3290
8914
12637
9961
3404
-989
-1317
308
872
-1693
-5374
-5474
-2570
-2003
-4633
-7297
-8880
-6598
4240
17784
19339
7282
-2854
-1460
5012
8925
9574
7077
2133
-1475
-2285
-3712
-7287
-9847
-9021
-5271
-844
-26
-4150
-8369
-8222
-4678
-1014
1857
2498
-244
-1461
1426
2346
-580
-3416
-3077
-180
340
-828
-1483
-2941
-2541
-3299
-6921
-4844
-1026
-12
-508
-2558
-7511
-6408
-2344
501
315
-1436
-2007
-3423
-7309
-20674
-25718
-5794
30282
32464
18138
-8142
-10326
5582
19609
22517
17085
10640
4595
5799
9878
5579
-7674
-18443
-12830
-362
7553
1701
-11347
-18690
-15740
-8330
-2364
816
132
-1976
-243
4910
6586
3232
1070
2772
6768
11622
14284
10570
3592
529
1807
3090
2387
-135
-2703
-2654
-1472
-3159
-6964
-9858
-11027
-6998
5880
18749
16649
2181
-5575
915
9500
10661
7992
4465
-906
-3208
1255
3406
-3780
-11238
-10088
-4169
258
558
-4307
-9932
-9895
-5891
-2408
405
1360
-1616
-2992
73
1619
-657
-3090
-2794
-1553
523
1811
375
-3559
-6784
-6414
-3514
281
-2256
-4993
-5506
-4295
618
-785
-4158
-6447
-4380
-5154
-12938
-19938
-23518
-1225
28528
32767
15535
-11154
-12159
11207
25001
25918
17883
5369
1659
10888
16511
4717
-12699
-19119
-9927
3959
8378
-673
-15867
-21016
-14082
-6153
-1970
-1088
-2862
-3599
903
6038
4552
-1265
-2731
2970
10759
13903
10108
3608
501
2797
6693
7654
4651
-284
-3138
-1092
2229
-99
-7144
-11086
-9187
-3517
5633
13479
10577
-163
-4319
1061
5964
6781
6749
5134
1565
46
321
-2278
-6436
-6485
-2755
-447
-1587
-4566
-7164
-7646
-5883
-3845
-2711
-2499
-3318
-3021
-549
578
-2304
-4305
-1939
600
358
-806
-1625
-4136
-6080
-5741
-3137
-2144
-3900
-4314
-4966
-3849
-3647
-3584
-3770
-2798
-195
-3400
-11749
-27071
-22206
8846
32767
32176
2955
-13270
-1416
16661
22665
18468
15181
8051
6797
13337
12522
-1807
-15712
-13233
-968
7641
3852
-8299
-16991
-15554
-8214
-3194
-3504
-7207
-7619
-1857
4364
3690
-2392
-5238
-866
6190
10182
10194
7323
3334
1928
4952
8054
6114
1320
-44
3034
5154
2397
-2914
-6169
-5830
-3607
-875
2995
6888
6604
2438
885
2739
1979
-327
1606
4596
3328
1365
942
-1972
-5798
-5211
-2615
-2388
-2390
-1479
-2856
-5471
-5375
-3993
-3941
-3091
-970
-713
-2495
-3542
-4313
-5798
-4428
36
1542
-1087
-3036
-3566
-3388
-3444
-4093
-5083
-7219
-4755
-138
-365
-3321
-6458
-7143
-2995
-3811
-11067
-23798
-18512
11201
32142
31187
-1671
-15507
-478
17728
22502
18773
13565
4843
8787
17331
12806
-4475
-14473
-9714
3767
11151
7823
-8060
-19754
-15298
-4655
-983
-4355
-9370
-9726
-3632
3037
2500
-4486
-9689
-5832
5420
14202
12833
4928
-877
301
6527
10537
7358
2015
965
4167
6552
4424
-1582
-6592
-4224
1676
2595
229
3236
7904
6136
1276
-891
-933
-3890
-192
6711
4668
5
-3104
-1886
-4383
-6722
-2740
-2187
-2021
-1084
-513
-3035
-7307
-6713
-3910
-1335
880
1211
-1814
-4306
-3215
-1646
-2049
-4058
-4315
-1633
576
-228
-2560
-3550
-4090
-3925
-3443
-3402
-3290
-2844
-2077
-4412
-3621
-2401
-6759
-12029
-18413
-13131
7896
27635
22250
-4394
-10808
4571
15408
15403
11087
9496
6240
10845
20527
13667
-2796
-11130
-2181
8874
9052
5037
-4207
-11578
-9431
-1676
158
-7691
-12429
-8770
-2339
980
-936
-7217
-10796
-5604
3211
6853
3665
-424
-981
2758
7600
7897
3170
-183
2514
7674
8860
4739
-470
-2492
-308
3104
2612
-1523
-1494
5604
10764
7012
-359
-4305
-4134
-630
4187
4473
-1207
-5388
-3391
-437
-1688
-5210
-7273
-5979
-1139
3099
1286
-4505
-6979
-4579
-1256
923
1390
-593
-2397
-551
2020
104
-3993
-4028
-62
2992
2607
-651
-4434
-5189
-2239
408
-612
-3979
-5523
-2821
870
173
-3937
-5936
-4667
-2873
-3123
-7456
-11684
-5033
11161
17700
5982
-6757
-5124
3855
9103
10547
8795
3113
738
6928
11874
6245
-2264
-2936
2187
6198
6584
2744
-3395
-5584
-1536
1895
-891
-5547
-5729
-2320
304
363
-2029
-5231
-5333
-1021
2806
1758
-1551
-2367
-472
1659
2566
1387
-1461
-2513
451
3834
3176
-128
-1980
-1595
-209
1461
1869
207
-812
1096
3153
2054
213
1262
3411
3507
2224
1281
332
-966
-1039
146
303
-212
-30
-305
-935
-768
-809
-1409
-1067
709
2016
275
-2264
-1163
427
-1141
-1507
476
1145
818
287
-505
-1045
-2084
-2245
-627
-80
-760
-860
-596
-322
-444
-872
-1029
-1298
-1469
-930
-210
-16
-451
-832
-892
-1298
-1936
-1811
-731
-30
-719
-1929
-2084
-896
407
186
-1255
-1540
-434
500
619
501
114
-647
324
2516
2781
666
-1051
-350
1096
1685
1287
273
-145
864
2154
1680
-115
-896
-60
1044
1655
1702
990
196
446
1361
1304
206
-388
2
660
979
615
-243
-647
74
1052
773
-313
-507
178
690
783
537
1
-517
-793
-628
247
1295
1319
275
-545
-582
-261
64
146
-127
-495
-502
-137
153
-216
-1138
-1550
-534
1153
1569
657
-326
-359
203
483
743
702
565
610
770
1046
888
567
370
541
1143
1461
856
-482
-1300
-817
217
365
-607
-1589
-1584
-995
-626
-620
-1066
-1692
-1816
-1069
-514
-830
-1552
-1749
-587
547
412
-817
-1660
-1015
-130
241
144
-76
-130
-334
-916
-1565
-1614
-1107
-752
-851
-916
-801
-722
-994
-1365
-1058
-344
349
850
1118
890
207
-70
8
133
320
447
659
1062
1498
1343
515
81
346
763
1021
988
1031
1128
1157
1104
727
607
837
1234
1597
1736
1812
1531
1132
716
449
392
396
520
370
-1
-573
-878
-630
-270
-17
-62
-118
-55
85
141
-109
-348
-191
251
501
515
445
191
-179
-213
105
237
11
-394
-671
-484
31
91
-624
-1493
-1789
-1327
-450
199
-7
-562
-766
-554
-150
-48
-196
-417
-287
265
538
372
-37
-306
-303
-190
-121
-159
-30
316
455
166
-137
-359
-810
-1296
-1188
-522
-48
-181
-571
-643
-531
-384
-257
-188
-124
-113
166
295
-127
-625
-677
-159
190
-22
-463
-568
-125
340
284
-298
-868
-904
-334
242
248
-178
-428
-220
140
289
214
208
237
437
855
1254
1275
680
327
578
841
627
196
236
433
496
511
320
-10
-30
399
672
512
336
431
620
679
560
463
743
1240
1334
875
359
110
64
292
769
975
601
125
-30
-137
-455
-709
-648
-324
160
463
117
-686
-1216
-1242
-957
-359
289
345
-194
-633
-706
-636
-495
-340
-351
-418
-285
-78
-78
-298
-657
-1022
-1025
-550
-146
-271
-640
-864
-920
-829
-644
-546
-465
-199
46
-15
-265
-483
-568
-429
-101
184
275
263
275
318
290
136
40
135
220
159
-86
-515
-712
-380
29
46
-149
-133
159
451
591
557
412
416
733
1172
1315
986
608
504
420
362
630
914
686
134
-145
-20
12
-302
-503
-278
89
349
430
253
-112
-364
-152
439
769
559
272
301
562
764
629
258
89
248
454
500
347
22
-321
-416
-238
-167
-395
-564
-312
147
263
-188
-799
-975
-573
52
489
472
5
-452
-488
-336
-363
-457
-366
-223
-276
-387
-405
-519
-780
-922
-727
-341
-202
-372
-515
-587
-608
-431
-201
-205
-314
-247
-22
149
124
-51
-164
-3
390
688
586
68
-480
-541
-181
98
52
-362
-798
-653
-145
112
86
-69
-220
-132
245
710
971
916
700
536
588
813
932
797
478
182
340
875
1032
455
-281
-573
-289
319
612
343
-278
-573
-188
462
783
131
-732
-714
-14
721
866
409
-154
-241
170
504
359
-178
-369
107
710
765
40
-831
-1060
-361
445
525
251
-150
-505
-546
-371
-187
-237
-235
-54
232
448
-75
-919
-1114
-572
-45
24
35
-112
-311
-439
-431
-126
-111
-233
-242
-176
-22
-96
-309
-647
-785
-401
8
125
-144
-518
-501
-132
301
428
183
-133
-219
101
486
501
226
-56
-227
-192
-8
47
-52
-118
-154
-296
-375
-172
96
249
294
335
444
359
91
-2
227
535
565
528
613
610
455
207
123
325
534
536
340
149
35
-111
-279
-425
-428
-224
39
126
5
-95
-153
-185
-109
214
610
639
454
374
495
505
277
192
314
497
467
267
30
-252
-435
-486
-355
-130
9
-112
-473
-716
-644
-476
-446
-360
-115
16
-120
-274
-360
-465
-416
-77
329
492
406
57
-342
-494
-439
-259
-78
105
115
-85
-439
-880
-984
-766
-486
-277
-98
50
51
-13
-203
-389
-221
241
679
861
668
120
-234
17
409
353
-155
-385
-100
242
230
-114
-257
-316
-337
-86
245
411
407
324
168
169
198
369
291
33
806
1252
665
242
-103
-166
196
394
257
-83
-338
-321
-189
-252
-431
-448
-233
170
397
180
-250
-439
-87
543
915
779
445
361
497
515
276
9
-52
37
71
-20
-181
-340
-437
-417
-315
-263
-338
-428
-359
-145
9
-37
-174
-213
-134
-59
-37
0
68
76
8
-26
40
128
114
9
-56
-58
-107
-249
-362
-356
-313
-370
-533
-603
-435
-214
-179
-266
-309
-247
-38
208
195
-61
-125
155
445
511
389
114
-186
-257
-110
-21
-86
-161
-177
-147
-124
-296
-668
-783
-360
182
367
294
212
131
47
72
237
487
738
845
747
556
427
379
350
232
3
-182
-93
207
274
-31
-450
-571
-250
234
414
122
-189
-166
257
670
649
456
324
414
616
602
411
112
-194
-248
-49
113
57
-125
-255
-342
-487
-545
-392
-110
87
14
-135
-223
-276
-323
-266
45
222
15
-374
-570
-355
32
339
330
3
-324
-385
-241
-206
-353
-431
-267
-64
-53
-204
-393
-560
-599
-346
100
273
-86
-453
-331
138
398
204
-4
-24
140
256
142
52
44
-48
-161
-28
168
97
-284
-560
-371
-22
121
-53
-259
-235
78
513
666
475
71
-152
105
512
705
628
435
304
275
244
137
11
11
98
113
86
-12
-205
-310
-311
-272
-127
102
225
169
125
191
306
318
312
374
469
586
479
261
85
-121
-217
-149
-42
26
104
28
-249
-505
-569
-401
-146
52
27
-49
-16
37
0
-240
-356
-217
-32
152
248
242
96
-47
-25
-64
-204
-259
-73
138
22
-218
-373
-397
-394
-426
-342
-283
-219
-89
-109
-257
-464
-439
-57
247
275
98
-111
-132
41
152
77
57
85
61
-24
-174
-260
-359
-327
-96
66
176
104
-200
-395
-273
-8
223
365
358
279
256
312
317
244
153
187
339
395
331
211
145
30
-70
61
104
-5
-80
-109
-109
-176
-173
-9
206
336
333
373
346
254
240
256
379
508
452
222
-6
-110
-169
-205
-215
-173
-11
154
98
-123
-339
-475
-411
-83
280
358
110
-205
-270
-51
101
10
-10
186
320
218
-47
-307
-401
-348
-215
-44
70
63
-109
-438
-679
-605
-342
-166
-103
-76
-126
-202
-188
-199
-313
-321
-88
233
387
262
-52
-261
-185
-33
-9
-77
-148
-36
224
247
-23
-307
-413
-289
-55
149
258
122
-195
-384
-255
186
584
599
376
138
-6
92
340
384
220
162
281
391
444
316
-151
-474
-308
119
276
16
-85
-107
-134
15
20
-19
0
135
418
438
300
175
22
28
195
417
419
137
-144
-239
-116
-16
25
145
150
22
-147
-236
-198
-269
-347
-175
197
527
428
59
-189
-280
-198
-8
200
252
66
-88
-179
-181
-59
-41
-191
-376
-283
-38
-16
-183
-365
-375
-238
-90
-59
-179
-254
-178
-67
-57
-126
-179
-133
12
108
21
-186
-315
-260
-88
26
65
37
-28
-88
-157
-162
-189
-279
-278
-102
215
307
119
-78
-124
142
335
310
248
183
266
335
347
321
239
165
96
153
219
155
13
-109
-128
-43
83
131
124
15
-151
-99
83
184
179
140
211
360
470
335
98
121
196
193
183
139
102
-2
-60
-84
-177
-119
30
43
-92
-258
-324
-203
43
263
313
156
-33
-112
-78
-44
-45
-103
-155
-30
47
-13
-206
-505
-521
-273
-87
-56
-62
-92
-186
-146
-97
-227
-336
-277
-77
62
178
205
1
-181
-250
-176
-51
-58
-55
34
70
-38
-213
-292
-206
-82
10
73
61
-36
-189
-271
-198
-49
106
247
286
156
-22
-72
-9
72
177
299
341
270
144
67
82
62
8
-3
54
92
35
1
-54
-89
-61
-27
127
157
-36
-69
85
239
236
101
-2
5
187
354
302
127
40
130
243
256
165
32
-6
70
133
142
62
-78
-82
38
129
138
40
-22
52
116
33
-157
-253
-165
-34
44
10
-151
-242
-223
-197
-176
-274
-342
-250
-100
67
59
-80
-241
-352
-244
-64
88
141
0
-109
-84
-66
-114
-268
-304
-116
52
155
79
-143
-231
-170
-103
-99
-34
37
-15
-50
-19
-3
-57
-103
-106
-114
-19
170
311
213
-7
-34
68
180
235
275
203
42
79
164
225
179
-85
-213
-69
94
103
-3
-73
-102
-186
-188
-20
154
196
94
48
92
55
-17
6
124
323
451
389
233
110
159
241
253
255
220
181
46
-56
-39
-39
-37
-72
-111
-84
-24
-86
-194
-109
39
85
83
40
-56
-89
-21
38
40
-18
-82
-68
46
110
-3
-179
-238
-227
-188
-67
-25
-150
-260
-245
-177
-188
-328
-342
-141
-20
-6
-57
-83
-42
-54
-25
-20
-68
-92
-78
15
8
-158
-304
-312
-212
-58
49
-8
-92
-163
-201
-72
151
314
260
161
218
291
265
110
59
151
186
185
170
169
107
-14
-100
-121
-92
-75
-79
-56
16
48
48
75
76
101
198
224
178
227
287
324
283
180
133
150
222
213
187
140
22
-22
-61
-121
-182
-209
-153
-31
30
-139
-334
-280
-74
86
145
130
134
167
105
-21
-93
-62
61
149
123
5
-93
-106
-148
-220
-259
-216
-152
-97
-79
-77
-84
-292
-393
-198
-3
107
115
17
-142
-119
81
127
34
-12
-2
51
121
44
-181
-333
-298
-143
-33
-79
-206
-268
-262
-197
-38
55
-27
-37
154
265
178
92
87
120
192
234
190
152
137
61
-44
-85
-48
31
62
-12
-102
-153
-217
-198
-22
95
48
45
146
179
153
170
191
211
285
346
331
277
212
148
111
69
-12
-59
-2
76
69
-2
-43
-17
-4
-49
-65
4
116
156
126
93
57
1
-44
-32
84
151
124
24
-32
-72
-35
-60
-149
-130
-225
-142
-113
-84
-11
-189
-517
-361
-150
264
-22
129
143
-277
216
-112
-78
-251
-285
35
-281
126
-3
-180
-123
-159
-44
23
-48
-33
-119
-107
-149
-104
-135
-247
-162
92
247
79
-99
-37
173
257
203
165
67
24
76
78
54
30
-161
-155
-44
-34
91
40
-71
-172
-232
-476
-63
500
226
32
20
441
245
218
242
160
142
174
183
108
190
-24
54
-12
-87
-30
41
87
13
188
-12
-35
-105
-57
126
137
95
106
-4
51
40
54
83
75
122
132
88
26
-65
-92
-52
-21
-36
-77
-125
-147
-177
-164
-115
-101
-147
-151
-52
35
-38
-190
-214
-92
-9
-37
-73
-34
3
-33
-68
-38
15
22
-7
-31
-44
-83
-134
-128
-110
-78
-95
-111
-69
-57
-57
-136
-169
-91
14
128
129
76
24
9
44
56
62
59
66
103
115
67
-15
-70
-52
-46
-74
-1
86
55
-33
-124
-130
-47
26
104
163
157
106
102
192
234
118
54
125
223
305
207
34
-58
-72
25
65
76
50
18
101
152
99
-33
-122
-102
38
188
207
164
94
3
-26
10
18
30
90
99
47
-12
-86
-120
-82
-75
-93
-82
-78
-62
-34
-68
-133
-156
-122
-43
18
-11
-105
-147
-88
-12
12
-15
-76
-98
-26
66
36
-116
-215
-188
-120
-89
-68
-24
-18
-67
-65
-34
-71
-103
-97
-68
29
127
129
108
56
-54
-77
52
191
201
154
81
1
-12
-48
-65
-43
-12
25
42
16
-85
-153
-155
-114
-31
69
82
77
153
124
61
61
105
200
245
184
105
125
128
20
-107
-95
17
88
123
37
-87
-122
-78
-2
-19
-26
73
160
193
156
36
-49
-18
50
48
83
126
77
70
41
-49
-67
-39
-11
9
-2
-112
-178
-149
-141
-67
-29
-72
-81
-38
-45
-98
-76
-73
-57
1
16
54
80
36
-52
-135
-96
2
28
-15
-87
-104
-63
-22
-41
-149
-195
-122
-35
-4
-48
-81
-89
-84
-14
48
80
77
75
123
139
134
80
-10
-49
-29
25
24
-1
1
-40
-105
-110
-47
-23
-48
-50
-21
-10
7
43
76
103
116
115
110
135
175
165
131
121
126
114
62
33
92
85
-1
-64
-87
25
133
66
-44
-28
-2
26
64
-7
-20
23
102
143
36
-27
-44
16
100
63
15
-1
-5
27
26
-15
-21
-76
-89
-9
68
26
-127
-166
-143
-67
19
-19
-85
-92
-8
11
-68
-114
-105
-51
-8
9
10
-14
-54
-86
-101
-87
-46
-4
9
-50
-109
-67
-38
-65
-75
-68
-52
4
37
22
51
18
-17
22
-8
-20
-65
-69
34
72
17
-73
-114
-64
32
62
17
-24
-48
3
49
34
21
28
64
137
173
121
53
24
35
96
169
162
77
59
106
68
-21
-43
-6
56
71
34
42
23
-61
-96
-56
47
136
89
-7
-35
35
140
148
63
-51
-97
25
143
127
77
-24
-68
-15
15
53
0
-129
-172
-145
-66
-18
-70
-135
-129
-75
-28
2
-54
-110
-30
14
13
39
7
6
37
47
12
-70
-52
3
-10
-36
-52
-45
-47
-70
-55
-45
-98
-106
-44
-22
-9
-16
-46
-9
76
133
53
-52
-54
-56
-17
64
76
-3
-36
-35
-63
-27
-56
-113
-67
16
87
70
23
-3
-27
6
63
91
81
63
87
78
51
49
55
133
124
85
93
-6
-51
-26
16
82
100
75
4
-49
-35
32
68
90
41
-27
43
113
136
27
-107
-44
27
28
11
0
6
15
46
-4
-61
-29
-29
17
49
-15
-46
-90
-36
41
4
-2
-25
-39
-48
-45
-14
-58
-70
-13
20
3
-29
-67
-52
-14
-72
-79
-18
-40
-99
-90
-90
-78
-41
-62
-44
-19
12
40
-13
-21
-42
-59
16
59
56
60
68
97
39
-44
-36
-13
57
9
-127
-108
-55
21
98
69
-12
-63
-22
36
23
11
55
94
96
90
66
24
-3
55
148
148
101
62
50
73
100
67
-17
-3
3
-30
-14
-39
-64
-44
-13
1
26
36
4
-29
-46
-38
6
62
51
9
-31
-14
19
0
35
49
22
-14
-29
21
87
104
-20
-121
-112
-59
-29
-40
0
-5
-32
-47
-102
-96
-22
20
16
8
4
8
16
5
-44
-73
-48
-45
-34
-8
-32
-47
-21
-20
-47
-73
-56
-1
3
-41
-51
-25
22
47
0
-83
-73
52
145
75
-46
-81
-53
1
51
50
-24
-74
-52
16
99
67
-22
-54
-25
77
114
53
4
11
28
44
49
24
47
101
97
68
56
2
-58
-51
17
78
70
18
-23
3
38
29
8
28
75
62
42
27
14
45
41
25
21
37
57
30
-8
-43
-51
-39
-22
-1
-36
-40
-30
-33
24
17
-45
-62
-23
29
-10
-50
2
41
18
-1
-30
-42
-12
-10
-6
30
33
0
-54
-84
-36
-11
-33
-35
-49
-63
-89
-83
-31
-25
-26
-55
-72
-10
11
15
11
-32
17
72
44
4
-11
10
20
18
24
-16
-46
-21
37
66
37
-39
-114
-84
8
8
-71
-49
26
61
67
15
-35
-42
-8
28
59
72
86
103
50
33
49
31
0
37
101
74
72
34
-25
-13
-1
6
2
25
37
17
4
-13
-31
-25
27
48
27
3
-29
-9
60
45
-38
-52
-5
61
92
24
-19
27
63
57
21
-20
-16
6
23
28
22
5
-86
-145
-47
38
18
-37
-101
-95
-20
53
42
-61
-83
-35
-13
45
36
-39
-16
-9
-44
-26
-23
-11
-3
-41
-1
43
-23
-62
-43
-41
-34
-35
-32
22
41
-46
-122
-87
-3
38
30
24
21
-20
-69
-74
-16
58
77
25
-17
2
39
53
55
42
10
0
7
62
131
66
-51
-43
43
91
85
26
-9
28
44
6
-22
-9
17
72
86
21
7
14
-13
-39
34
67
5
-9
8
70
33
-15
-24
-34
54
54
14
-25
-29
23
-5
-42
-35
-6
35
68
15
-66
-47
16
49
-15
-64
-58
-46
2
37
48
0
-57
-42
-31
-8
8
-3
-20
-39
-47
-45
-4
-33
-83
-82
-52
-3
9
34
13
9
13
-2
10
-17
-26
-27
-5
19
16
1
-26
-6
-16
8
52
15
-21
-23
14
30
-5
-41
-76
-57
39
100
87
17
-60
-66
3
29
-18
2
31
35
107
107
26
-7
10
42
68
80
42
-10
-18
-9
0
16
14
38
65
3
-52
-31
-20
-21
-20
18
53
60
87
61
1
-23
-36
-6
34
39
37
10
-19
4
12
-10
-18
-13
19
8
-10
-6
-15
-27
-50
-57
-49
3
33
23
-18
-54
-12
-11
-17
-12
-13
-3
0
-13
-54
-49
-21
6
-10
-32
5
14
40
37
-10
-40
-45
3
11
-2
4
-23
-44
-32
-41
-49
-22
-23
-33
22
38
1
-2
-18
-39
-34
-7
24
37
51
48
48
40
25
28
-1
6
37
28
36
63
39
-19
-25
8
40
8
-25
-11
13
49
45
0
-56
-45
-12
13
94
86
17
-34
-46
-5
51
80
65
69
23
-38
-47
-46
-19
15
-6
-35
-10
9
0
-40
-45
-30
-24
23
30
-4
-27
-2
-16
-14
17
-46
-14
40
40
13
-52
-45
-3
20
1
-13
-58
-75
-34
-10
-20
-27
43
72
30
-62
-77
-13
9
35
5
0
3
10
-6
-82
-55
-10
25
35
8
-2
-7
-6
-20
7
18
14
46
46
37
30
-9
-45
1
62
68
60
35
2
-28
-39
4
25
51
83
15
-31
-4
-5
-31
-17
33
51
42
17
23
41
15
12
-27
-5
67
56
31
11
10
-20
-38
-14
13
7
-20
4
-12
-26
-30
-23
20
24
14
-6
6
29
51
43
-14
10
29
-4
11
28
19
0
-9
9
24
18
-20
-57
-40
-23
-48
-43
-5
-11
-34
-48
-61
-26
1
-16
-14
-12
-19
-7
0
-24
-17
29
54
30
-3
-5
-47
-47
1
2
9
17
33
21
-25
-60
-70
-24
21
34
0
-43
-38
-27
-10
15
-6
-30
-4
30
52
53
21
-5
17
46
25
-11
-6
16
32
25
6
-1
-7
2
23
28
1
-27
-25
13
26
-19
-2
0
-13
38
58
27
-14
11
27
22
35
9
28
53
4
-42
-39
-3
1
2
31
4
-21
18
10
-18
4
11
-9
-9
5
0
11
12
-10
19
44
7
-21
0
15
-17
-33
-17
-10
-15
-31
-32
-18
4
1
-28
-17
-7
-22
-14
-10
-11
27
18
-19
-15
-2
9
-15
8
10
-56
-42
0
35
35
-7
-20
6
23
-6
-8
14
33
31
-4
-8
3
-7
34
76
35
12
-5
-26
-4
1
-10
-21
-11
11
3
-1
-20
-77
-64
12
37
53
48
2
-7
-1
17
30
18
26
16
35
52
13
-1
-2
0
-20
-23
5
29
22
-30
-45
-36
5
1
-34
-7
-17
0
12
-20
14
38
27
21
15
24
24
-2
5
50
41
-7
-7
-2
0
2
-25
-11
3
-11
-20
-41
-19
2
-14
-5
5
1
-16
-17
-5
1
37
41
41
38
31
29
-5
-5
-37
-31
19
21
49
4
-56
-32
0
12
6
-33
-49
-1
21
11
-39
-40
15
3
-11
-11
16
35
-7
-27
-17
-22
-5
37
40
31
14
-15
-28
-12
21
33
24
-4
-3
-6
-23
3
4
12
23
7
11
-7
-3
11
-16
-11
12
36
33
28
23
-15
-25
-5
10
9
38
45
31
5
-26
-15
-9
19
16
23
-2
-30
-9
-51
-10
11
13
31
-5
21
22
-1
-28
-31
-15
-20
-10
-9
-15
-27
-15
2
-6
-8
-12
-20
-5
17
-3
-23
-21
-28
-15
2
1
1
-2
12
27
17
-12
-19
-6
6
10
-29
-23
11
11
14
12
24
28
12
9
4
12
11
-2
22
57
32
-8
-17
-27
12
31
-4
14
-1
-10
-3
13
13
-15
0
-54
-25
34
40
5
20
51
29
17
29
8
-19
40
19
17
18
-1
20
-37
-21
21
25
13
-28
-38
-10
-9
-21
2
-33
-22
-21
13
40
2
-6
13
17
22
12
15
10
20
16
-3
29
29
6
6
-25
-38
-27
-4
8
-11
-25
-30
-21
-25
-25
-26
-18
20
0
-2
14
-19
-12
16
15
3
22
39
38
6
-7
-2
2
-1
-6
17
11
3
-16
-8
-31
-18
-14
15
15
3
-3
-7
-40
-57
0
22
15
28
17
11
39
26
-18
-17
-28
-6
28
40
18
-13
10
4
10
13
-11
-34
-19
35
30
20
-23
-49
-20
-19
-2
-2
19
31
0
8
-3
3
8
-17
9
16
22
32
-1
10
19
2
-3
-19
-9
8
47
44
-29
-47
-15
6
-6
-4
-9
-7
-11
-34
-1
-2
-21
-12
-3
13
10
23
21
-9
-13
22
19
0
8
2
10
12
-25
-48
-13
23
39
29
-3
-31
-61
-48
-30
-12
5
-21
-7
15
1
-11
-7
13
-12
-10
28
26
33
-3
-15
14
16
34
15
-7
3
1
4
6
-24
-41
-18
-18
-8
-10
-14
14
2
-16
-26
-3
23
12
47
33
-1
16
-14
3
30
33
27
22
21
29
38
5
28
-23
-13
-6
-12
-17
-15
19
-26
-15
-4
-16
-16
3
25
9
-11
-18
-2
49
34
4
-15
0
11
32
36
6
4
0
2
-5
-5
17
-15
-9
17
-5
7
1
-24
-9
-7
5
10
2
2
-9
-10
-13
-1
30
11
4
28
11
3
26
-8
-22
23
7
-14
4
-14
8
27
12
-7
-22
-12
-4
7
-10
-9
3
-10
12
5
1
5
-13
-15
-11
12
14
-10
-1
-9
-2
17
24
22
-2
-1
-6
3
0
9
-24
10
2
-29
-14
-30
-11
-22
2
-11
0
32
-6
-4
-1
-14
-25
-16
6
39
36
31
3
25
29
-45
-23
28
21
42
17
-23
-15
-32
-29
19
27
19
-8
13
-12
3
-7
-24
-3
-2
12
3
37
25
5
-8
-24
11
26
19
-8
16
5
13
40
-1
-17
-16
29
0
-24
-6
3
-11
-11
-18
-12
0
13
-3
-5
-5
-21
-4
18
-1
2
21
4
-4
5
-4
-13
-4
4
8
2
-10
9
-9
-14
4
-6
13
15
3
-1
-4
13
-15
-1
20
-7
13
-5
20
31
18
26
-6
-4
3
-12
4
47
39
12
5
16
13
5
18
0
-11
25
10
-20
-33
-17
-12
-11
2
-17
-21
-5
15
1
5
10
-36
-20
1
-2
-8
6
7
2
-16
-7
3
7
12
11
14
-5
-8
-18
-21
6
15
16
-2
-16
-35
1
18
18
3
-12
-7
10
13
22
28
8
5
31
44
10
18
12
0
29
38
-5
-10
4
5
-12
-16
-13
-23
18
1
-15
6
11
-3
-6
11
41
24
6
-17
-6
5
-5
21
3
-3
-2
-5
4
6
20
10
0
-3
-12
-9
-16
11
6
-15
-21
-11
9
-6
8
6
-8
11
-2
-12
12
-9
14
30
25
4
-11
15
2
16
35
15
-11
-19
-10
-12
2
-10
3
-6
-13
-9
-18
-11
2
2
1
-18
-30
-15
10
21
25
25
0
-9
4
6
-4
2
23
17
-1
7
16
11
3
-14
-28
-16
-7
-16
-16
-7
15
4
0
17
-2
-26
-22
3
-4
7
9
-2
1
6
2
-1
-22
7
31
6
14
27
7
-4
3
-16
-13
-12
-2
-7
7
-21
-25
2
2
1
-3
0
3
2
-5
-1
13
15
6
-2
6
-1
10
16
14
6
-11
-3
2
12
4
1
17
-15
-5
-10
30
31
2
14
-26
-14
2
6
5
3
30
20
-1
9
1
-9
-2
-4
-7
19
21
1
3
5
11
13
3
-33
-18
-8
3
14
9
-3
-7
-11
-13
-6
-17
-2
17
15
13
3
-22
-15
10
6
1
10
15
13
2
1
13
14
1
-10
-5
10
4
-7
6
14
11
10
-4
-12
-5
-7
-2
15
7
8
19
6
-2
10
7
-1
11
7
7
4
9
-9
-31
-41
-9
8
31
29
0
-7
-43
-12
5
8
12
-5
-3
10
26
15
2
-10
-12
-2
-8
4
4
-21
-9
17
10
-8
2
-13
7
-14
-9
34
12
3
4
-2
6
17
8
1
-32
-16
0
-17
-9
-4
5
-22
-20
-3
5
6
14
4
1
3
-2
-1
-13
-2
-14
-17
12
16
18
-7
4
3
-15
-12
-4
-2
19
15
-6
7
4
-9
20
1
-16
-18
-11
12
6
14
-5
-23
-24
-3
5
-4
-2
19
21
14
7
31
2
-4
14
-12
12
8
2
3
-6
-2
11
1
15
10
5
-4
-10
-3
7
5
4
16
17
17
8
0
-12
2
8
19
-2
-4
25
11
9
3
-18
-11
6
-10
3
2
12
3
-7
-1
-7
-7
6
9
8
8
5
-22
-14
1
-15
20
33
0
10
6
-12
-6
-7
-9
2
10
-6
-21
2
6
-2
-11
-19
4
16
16
-6
-1
6
4
-14
-5
11
-1
22
4
2
8
4
3
-2
13
8
3
9
11
11
-10
-21
-3
8
15
-6
-14
-16
-12
4
1
10
1
-7
7
9
21
-4
-23
-16
-14
11
-1
-22
-9
12
36
18
-1
16
7
-4
-3
-1
5
-8
10
9
-3
10
-1
1
-17
7
-3
0
8
-7
-5
-14
-1
17
29
30
1
-3
17
13
-2
2
16
9
14
-3
-24
-15
-17
0
5
9
-4
4
0
-7
-14
1
3
-11
-1
20
7
-3
5
2
3
11
-3
-3
13
3
-12
3
25
2
2
-26
-32
-2
-6
14
-8
3
14
-3
-5
-6
5
-2
-13
8
-15
-10
2
-19
6
16
11
8
-13
8
23
9
5
5
6
17
12
-6
-11
-8
-7
-1
0
-2
10
14
6
5
-8
-14
-2
4
1
1
-7
2
30
20
-2
-4
3
18
20
1
-16
-8
-9
20
27
-3
1
-3
0
1
0
3
-15
-10
5
27
26
-3
22
8
3
-3
-2
10
-17
3
14
7
7
9
-2
-11
-6
-4
-20
-9
-10
-5
5
-13
-5
14
0
-9
-10
-1
4
-9
0
5
17
9
10
5
7
12
-1
2
11
-9
-8
-6
-15
-10
7
-5
-4
-6
-16
-10
-9
8
0
-4
5
-6
-16
-14
7
-7
3
17
-3
2
15
16
-2
1
-4
1
30
34
19
4
17
24
23
31
13
7
5
-13
-2
12
-4
1
11
-8
-1
6
-8
-18
-20
-6
11
19
3
-10
4
-9
-5
9
5
12
18
16
8
9
-10
-15
6
15
9
6
13
-10
-7
0
-9
7
-5
-10
0
2
-5
-25
-11
-1
-17
6
2
-19
1
5
7
8
3
0
-2
19
7
-9
12
5
4
26
12
14
25
-14
-4
24
-1
0
-4
-28
-18
7
16
15
-14
-27
-2
-12
6
1
-14
-2
4
6
-6
9
-10
-4
4
8
2
1
10
9
15
-16
-16
11
7
-2
-9
-8
-15
-2
-4
-9
3
12
-15
-16
-16
-1
18
5
-2
3
1
15
20
8
-1
3
0
19
23
-6
1
1
0
9
-9
-6
-8
-14
-10
-7
-15
1
16
-12
-6
7
4
0
-3
17
21
6
7
10
9
-10
-3
4
5
20
-6
-21
-15
-12
-16
-8
-23
-13
-3
4
-9
-16
-16
6
3
-4
26
15
13
21
4
22
26
19
25
8
10
13
-11
5
13
-5
3
-5
-8
-12
-1
3
-8
8
3
8
16
6
-14
-9
-4
0
23
12
14
10
21
17
-4
29
15
12
20
1
-1
11
14
-8
-6
5
7
5
-8
-14
-17
-7
-2
-1
4
-4
-31
-8
18
1
5
-6
-12
5
9
1
-6
20
18
14
22
-6
9
5
-5
13
-13
2
11
4
22
7
0
-21
-28
-10
-17
-11
-5
-2
1
-9
5
18
10
2
-4
4
13
10
15
8
-3
10
10
-2
6
11
8
5
-2
2
10
4
-8
-22
-19
-19
-11
-4
-4
1
10
-12
-16
15
-7
-15
0
22
2
2
14
4
12
11
-25
-6
11
4
3
0
3
-16
-7
-1
-25
-21
-20
-13
-15
-2
4
4
13
34
15
10
10
18
19
26
13
-5
10
0
2
38
13
8
1
-12
-2
-25
-1
-17
-14
10
8
3
-20
-13
-11
-6
1
12
6
-12
-14
14
25
0
19
11
4
23
-5
-14
-3
-1
3
12
-3
-5
-8
9
-1
-23
-7
-2
2
0
-28
-16
-15
-12
8
11
9
-13
1
21
-1
6
11
16
16
-7
-5
4
1
-2
11
-1
0
13
-9
2
-11
-7
6
-14
-3
-33
-35
3
4
23
3
-6
10
-3
20
11
2
-17
39
38
-29
-42
24
32
0
4
-1
38
16
6
2
19
26
-21
-14
10
-9
11
1
-17
-8
7
19
8
1
0
7
2
-12
-4
-22
-3
19
5
21
2
12
14
-17
4
10
21
35
9
1
12
0
-16
-24
6
15
-6
11
9
11
8
-24
-13
-6
-2
5
-9
22
-24
-3
-7
-15
15
7
21
6
2
-1
17
-7
-9
2
22
32
20
13
14
-2
-19
-6
6
-1
-1
-2
-3
-8
-13
-9
-6
-8
-5
-5
-5
-5
-6
-3
0
0
3
2
4
4
3
6
5
2
0
-3
-5
-9
-9
-13
-13
-11
-15
-19
-26
-27
-23
-13
-14
-9
-6
4
-22
-44
30
94
60
-32
-47
-15
-28
18
-13
83
52
-31
4
-20
59
89
-104
-251
21
-226
521
1046
-348
-1177
4
776
309
-441
-564
224
328
11
-265
114
342
3
5
-362
242
266
-216
-135
-224
276
-17
-225
-110
56
214
-154
178
5
-170
88
101
-110
-266
355
556
2
-517
-173
259
117
-156
-256
62
108
86
-143
-11
173
18
-14
85
101
-271
-358
-104
789
826
-188
-792
-499
174
470
-22
-410
-193
64
-8
-57
-91
28
222
-65
-258
-242
214
143
-142
-64
197
339
-297
-81
-226
477
148
-25
-17
-319
187
48
151
-186
-201
161
125
-101
-124
-7
188
-52
-51
-44
62
-18
28
142
-221
129
-320
255
365
-403
-243
282
172
-156
63
-423
293
469
-341
-389
176
330
-118
144
-480
58
405
-194
-147
-141
437
71
-626
269
129
300
-321
-2
472
229
-618
-827
385
1000
541
-1557
-743
1155
956
194
-1500
-487
1101
852
-525
-1205
60
1293
219
-1396
-363
323
1152
454
-1074
-576
260
1201
-54
-1254
-134
943
175
-312
272
128
-682
-609
940
1014
-979
-473
66
472
-24
-1400
786
896
-1212
-187
800
366
-1060
-1221
424
1386
1342
-2
-575
190
503
22
-392
189
300
-326
-634
-350
200
749
439
-792
-719
839
921
-679
-1261
-404
618
619
331
-76
-1076
-582
874
446
-594
54
1175
-1022
-468
118
-4
1643
-1276
-1217
1961
-450
453
713
-2156
1275
-1385
1592
-323
-678
-113
1881
-918
-985
-225
1050
314
-2159
2741
-2148
454
891
-411
310
-194
-677
-898
1860
595
-1425
-890
610
556
1361
-2948
-398
2606
1314
-1667
-2077
1404
516
-58
863
-1824
304
1547
-470
-666
-1055
-92
2476
546
-2978
2075
1766
-4536
-363
2541
889
-1063
255
166
-2952
1939
2775
-979
-1566
-1858
1628
2273
-1694
-1819
2028
1876
-2344
-1338
1704
1615
-1995
-1816
1554
490
1274
-1398
-1720
1739
601
278
-1018
-538
-537
1007
2156
-1276
-2363
-880
3008
1488
-2445
-1079
908
1665
903
-805
-1257
-339
-617
679
1821
64
-631
-2945
224
3986
-917
-311
-136
-647
178
-723
1536
368
-873
-3653
1346
5965
-2947
-1316
-465
-2383
4115
3254
-1453
-4330
-1997
2287
2633
1598
-2216
-2834
-566
4909
1744
-4773
-447
-1163
1210
2181
557
-504
-2869
101
187
3881
747
-3572
-741
-650
1935
1315
-603
-2204
923
2623
-2218
-1034
840
1465
-513
-2394
747
2685
-401
-379
-3534
-2057
6357
2107
-4029
-4446
4219
2298
935
-1698
-3490
-54
27
2551
3090
-4107
-1795
647
3990
5549
-180
-5003
-4723
1221
4592
1244
-3067
-3952
-517
2592
3478
-743
-3936
-1706
2294
3540
-1595
-1564
831
-1441
437
1505
2547
137
-5330
-2734
6025
4846
-4590
-4215
322
2349
2272
-689
-2542
310
111
2905
381
1415
-6813
-1809
7100
11
-2167
-3166
1634
2531
-2669
1375
168
212
-1335
-2293
5502
1053
-4191
-309
-1141
1851
2991
-2158
-1185
336
901
285
-1016
-1198
372
3248
2161
-3206
-5592
3934
2859
2316
-1747
-4770
-1397
3651
3211
-3553
-1720
1378
709
-149
1387
-1940
-346
2537
-847
-3228
-620
4049
4101
-3388
-3148
-2995
6057
2912
-2315
-2272
-1468
4044
-1108
-903
430
1488
-2829
3745
-3371
-5035
6517
-194
1079
493
-3323
-1330
7070
-150
-3707
-3082
471
3296
1129
-1004
-5023
-1994
8181
4203
-6652
-3976
5419
6724
1949
-10204
-7055
5892
6908
-456
-4058
-5457
-1548
5836
1625
2416
-4951
-4379
1968
8092
-112
-4962
-4045
3676
94
-478
2903
-1529
-448
398
634
782
-3196
718
1777
2230
423
-2357
-3371
-3883
8311
4993
-5819
-3815
-2100
4080
981
4055
388
-8287
1080
-19
5822
1750
-6992
-1236
44
3661
1261
-1205
-3116
-2098
5608
4721
-5745
-612
-4260
4373
3006
346
-1715
-5096
1870
-2
4957
-1088
-2593
-5970
1501
12472
148
-5177
-9364
-2428
15705
1908
-6674
-7262
241
6321
4931
-5238
-2361
-1670
2202
1159
3566
610
-8169
-1561
4039
1233
2603
3210
-6297
-4821
-936
5363
11359
-6861
-5297
-8666
6294
10711
1124
-6728
-9045
6044
4235
4915
-5669
-8399
4036
4099
1009
-2520
1422
-483
-4624
881
8979
-734
-5957
-6156
3793
7389
2612
-6241
-5049
1882
3980
4009
-6050
-1557
46
4940
979
-3156
-3324
-571
3818
5217
-1741
-10005
3733
5275
1126
-6186
-164
4394
-1492
-697
-2561
1033
8014
-3596
-7344
2291
4353
1247
-1921
-2811
1182
3313
-1673
-1475
-1475
3798
488
-3994
3561
-4002
3414
-4
567
-1723
-3921
3600
1501
-2669
363
-2147
2078
4261
-3403
2515
-2774
-1382
-1712
89
8080
-1426
-6356
-3216
2248
10931
-2973
-6973
-3406
12795
-1965
-8812
4423
1313
3174
-3514
-2563
-3140
5385
7231
-8955
-4361
3041
6770
2348
-7656
-4958
5961
2634
-124
-5877
-280
1668
961
4897
60
-5565
-4931
567
7742
5364
-1665
-8141
-5180
6492
9806
-6065
-8458
2839
5419
2903
-9
-4542
-6381
3603
3880
2502
-1677
-3820
-4889
7840
1256
-1138
-254
-5643
289
3766
8
480
1572
-3607
-6460
6550
6004
-109
-721
-8466
1564
5030
854
1823
-5768
-4258
745
6677
6310
-5914
-8641
-246
778
15208
-823
-13750
-8044
6354
17415
1204
-16786
-10052
5786
15191
6707
-7266
-17037
-1584
13434
6591
-266
-9705
-8983
4792
14353
4189
-11594
-7721
-20
6679
9900
-1262
-10579
-8558
5029
11319
4524
-2737
-11814
-5501
8247
10435
-2826
-4926
-8753
4652
3996
3022
2973
-11191
-1266
6006
4750
5462
-11503
-5135
-2415
3344
12825
2655
-4982
-15191
211
11691
4249
2066
-7326
-3360
-1197
3103
3317
-3513
3717
2630
-8582
-4491
3655
7448
5760
-4949
-7182
-6716
8317
6544
4715
-4116
-13251
-2404
10419
3758
327
-5495
-6230
2968
4903
3752
2871
-7520
-8294
2802
10088
2757
-3764
-1664
-6788
3581
5950
-198
-5961
3083
210
-4889
-1830
7758
8897
-5327
-14641
-2745
11080
4801
2591
-184
-8731
-9009
626
14889
8816
-1904
-17067
-12830
7897
18985
6558
-6090
-16846
-2715
7495
10271
4370
-10277
-9033
365
7832
4264
-2906
-2360
-1967
5332
-702
-6532
4405
2203
-2696
392
-3487
2051
8019
-5398
-9905
2062
8596
2611
-3258
-6170
2308
8558
-6125
-6622
1530
9773
-75
-5250
788
-2341
382
3109
-3491
3353
6415
-5392
-5469
-1997
3902
1678
5184
-2531
-7563
-1242
5827
6123
-2613
-9125
526
9536
325
-5502
-3716
28
5731
7884
-4546
-9849
-1791
4936
7914
-746
-5048
443
-6861
2910
5798
2944
-901
-9514
-2694
7777
7082
-3314
-7814
-2421
4523
5741
4522
-4253
-6709
-5344
4021
9733
523
-3929
-8132
-857
12815
7782
-10867
-12751
-3676
11348
11413
-1021
-5898
-11885
-967
13422
10393
-5276
-12942
-6054
8023
11304
-2097
-5045
-5998
-644
3616
6326
4210
-7062
-8293
-702
6611
8944
-357
-7227
-9346
-798
9431
7877
4357
-7559
-14245
-3048
10089
12841
-2123
-9157
-4263
-1357
5387
6198
2555
-6588
-10509
1903
9518
8912
-4444
-12919
-5257
9058
7986
-2224
-4590
-2101
4168
-2084
283
1447
5306
-2640
-8833
-1613
7244
4895
5053
-6525
-10687
-1697
7484
9029
-1732
-6280
-4630
26
8129
5082
-3253
-9961
-5489
5457
10815
3811
-4903
-10141
-7057
9248
12212
404
-9689
-8652
-566
8948
11312
-2403
-6034
-5491
-2828
8217
4842
-1209
-3620
-7077
-3469
5268
11154
1856
-10464
-7186
-77
8867
12596
-3768
-15930
-7659
7276
13221
5474
-4873
-10322
-8331
4382
14370
4867
-6451
-11471
-6555
9657
8836
-41
-6271
-5328
2641
2531
5166
1124
-8293
-5919
4147
10071
2693
-6436
-9494
-2440
7819
8341
3692
-6249
-10848
-3101
6640
10315
2652
-6807
-12210
-3146
10936
9038
2156
-7342
-9955
-1195
8088
8934
-1715
-8110
-3904
2573
4087
3187
-598
-2351
-1912
-2756
932
1368
889
857
-1236
-605
1879
-344
-5513
2281
8479
-1501
-4431
-5359
363
5943
-922
1308
-1992
-1551
-322
2445
852
-1443
1170
948
-1037
-2949
-1513
3617
3783
-2376
-3366
-946
7006
-1156
-5130
-395
-83
3926
3632
-2213
-7884
1712
6005
546
1107
-3952
-2205
-140
1555
3360
394
-3576
-2192
3309
-472
1206
400
-4010
363
2637
5346
-2046
-8353
-127
3376
4273
840
-1896
-897
-5412
-1768
4941
6730
2934
-8436
-9880
6152
11498
370
-8319
-9192
2578
10210
5193
-3220
-9100
-2947
-32
2131
12042
3084
-8937
-12412
677
7411
9751
3784
-9303
-5341
-3784
2235
8727
2050
-4118
-2014
-5277
3216
7666
-17
-2402
-4730
-2761
2117
7039
2087
-5849
-4831
-2071
4985
3840
3137
1058
-8775
-5484
3967
5606
1948
-703
-5329
-5523
2260
4540
4147
1482
-6213
-6392
1925
6352
4829
-1859
-5083
-3694
453
2789
1067
7368
-858
-9287
-4010
814
10522
6436
-2811
-10458
-7920
3549
10505
8755
-5714
-10524
-7027
7820
9970
-110
-2113
-9771
-3548
4570
9616
5287
-7800
-6576
-2920
3551
3969
2934
3029
-7238
-4708
808
1355
6329
3254
-4048
-6780
520
4077
1185
-102
-1644
-1415
-1410
3306
306
854
2249
-6118
-743
2856
1823
-136
-2643
675
-456
-106
2689
-1085
-2835
42
2013
-724
4663
-843
-6630
254
-1455
10403
1715
-4072
-9044
-1860
10938
5087
-4068
-8508
-1425
2506
5843
2824
-2333
-6013
-3480
3604
9847
3580
-8555
-8645
-2861
8142
7883
856
-7178
-8209
1614
7333
5223
-993
-5168
-3669
493
5170
1264
-2221
-2454
-2846
2889
4146
960
-2483
-2285
-28
-1080
1080
937
2531
924
-4391
-2075
1054
2161
2139
475
-3483
-1611
3114
2649
-817
-1996
-1752
-2224
1541
4264
2572
-994
-5681
-2857
2203
2979
2837
-1400
512
-3906
42
369
-1363
4379
1744
-2783
-5637
1395
3134
2472
-1441
-3876
3370
-409
1985
1131
-5835
124
3985
121
1229
-4600
-5328
2801
4927
3380
1567
-4564
-5448
-4377
3114
11524
4346
-5066
-9276
-8664
3230
13715
7053
-3665
-12445
-9312
6292
10109
8713
-4425
-15308
-5152
5296
12812
6729
-5244
-9268
-9036
3611
10292
2912
977
-2178
-6723
-3976
-402
6242
7926
70
-4825
-6757
-3492
5049
6811
1889
-364
-4615
-7189
358
6856
6881
-913
-7402
-5903
-1361
6838
7914
-685
-6782
-4164
2024
3932
1306
2254
-3272
-6908
3535
1233
4145
3798
-6156
-4133
-3183
5491
5242
-264
-2787
-4650
-120
708
4529
787
-523
-2332
-4780
4255
2055
646
1425
-3945
-3356
1581
4505
1593
-3235
-3263
357
3020
1607
-1503
-676
-1637
-382
3918
955
-4273
347
3255
-3239
-741
2558
-1477
1564
633
-2600
870
-636
-569
-538
5774
-827
-4347
-1073
1051
1824
3080
1445
-3822
-4448
-1479
4490
4887
-352
-489
-3099
-2692
-1392
589
5154
3350
-3658
-3760
-2360
1786
4668
-394
177
-2383
-3266
-2347
6377
5840
-915
-4781
-5496
-146
4420
3231
2736
-3909
-3282
65
-813
3252
2131
-155
-2229
-3943
1046
2415
3893
-860
-4989
573
2169
1194
-699
-1096
-680
934
2102
-891
-460
-1128
-1167
2024
1898
338
-1936
-2096
783
519
-344
-351
214
2601
252
-2185
-1779
233
480
-714
3026
616
-948
-893
-2191
1438
1135
1132
-900
-1639
-78
319
1940
-1653
-1202
679
345
1313
-189
-492
-2206
-593
3362
1416
612
-2531
-4868
1754
5843
1501
-3300
-4281
-2373
3242
4005
1884
440
-3724
-4206
-1963
4319
6518
345
-4802
-5263
21
4105
3698
636
-1094
-2296
-1216
272
-2084
77
4247
4639
-937
-6684
-5620
964
6610
5241
540
-4048
-5151
-4029
3117
7555
2323
-1804
-6513
-3892
2682
4905
2829
-2445
-1690
-1809
-482
1999
-523
1642
1943
-833
-1891
-3559
1221
3781
-79
-117
-996
-2429
176
2321
2810
381
-3447
-3287
-1947
4365
6624
-817
-3729
-6067
-2021
5101
4235
2049
-1895
-4408
-2647
2118
3382
1908
-675
-5284
-1094
3236
3419
2133
-4662
-3947
698
2756
3439
-1655
-2434
-1047
-43
2138
-27
762
350
-2288
-777
-738
1715
4123
-317
-2764
-1298
-1041
-236
2530
2570
-463
-1775
-2537
-282
2853
251
-465
526
-1516
-155
1925
162
-1227
-307
742
-709
-653
1169
410
-19
-179
-1041
383
1452
-258
-998
-2088
-173
2676
900
696
-1366
-1824
-846
-242
2001
1508
1004
-2772
-1488
951
1093
1302
-1963
-228
222
560
166
-1333
316
637
771
884
-1805
-1292
-309
2069
897
362
-976
-2032
-270
214
2077
1016
68
-71
-2653
-3140
1125
5127
2836
-1466
-6454
-2093
4086
1507
2202
1404
-3617
-3329
-1775
2549
3765
2698
704
-5653
-5236
-635
5496
6064
1086
-3880
-6349
-2695
3117
7358
3697
-3899
-5993
-4161
3921
6358
2240
-2253
-5627
-2220
2089
4591
1815
-1817
-2339
-3287
1835
2117
2314
546
-4447
-300
1006
-272
1143
-1186
-213
572
397
1294
142
-2552
-443
1038
-1026
1477
1892
608
-1906
-2531
116
374
2114
974
-752
185
143
-1504
-954
2790
2726
-1247
-3196
-1217
326
2686
761
-1414
-131
-1753
716
433
-504
2019
897
-1695
-1716
-404
1536
1771
966
-2351
-1180
231
186
1369
-608
969
-391
-3284
884
1822
2282
62
-3188
-1179
-413
2103
2175
-732
-1021
-2145
-279
1347
207
385
887
-529
-1375
478
-316
7
1249
241
830
-705
-2152
-966
1267
2705
898
-922
-1826
-1959
1310
2441
-294
-430
-997
-667
167
1211
617
-329
-1171
-361
899
635
191
-650
-562
-1159
1207
945
338
113
-1877
-1408
906
3343
1443
-2462
-2980
-465
1687
2646
554
-1128
-2234
-615
910
1468
1235
-1271
-1573
43
356
1111
590
-1069
-1153
-131
1294
858
-629
768
-1518
-1816
2074
582
-179
1068
-1888
-2201
2469
333
1359
818
-2818
-574
111
969
1520
999
-993
-2303
-880
607
2553
1673
-136
-2159
-3048
-314
2422
2555
1003
-2199
-2828
-519
601
2062
1697
-153
-2121
-1162
351
145
1085
701
366
-995
-949
-1225
171
3196
1058
0
-2456
-2717
-413
1148
4061
1424
-2018
-3336
-1451
1308
2616
2683
-1614
-2153
-1894
-588
2038
2022
1439
-1646
-1895
-598
319
1279
800
-599
-893
172
424
-240
-145
-216
457
-15
49
209
-564
-21
-326
917
63
-56
-3
-511
62
158
596
-803
279
522
237
711
-1172
-1070
-480
1250
772
165
167
-1727
-944
515
994
820
-262
-1079
15
-296
806
705
-266
289
-959
-1117
680
1568
950
-1050
-1271
-780
270
1310
621
339
-1229
-1461
775
827
914
304
-1470
-1383
130
1125
678
641
2
-1164
-513
-211
-245
828
1420
211
-955
-934
-976
952
2241
250
-329
-1478
-2004
754
1635
1043
-15
-1215
-1488
-119
1350
1045
280
-1295
-687
-44
-154
1083
130
-129
-45
-411
492
295
-329
-513
-172
419
423
-47
-69
203
-91
276
-190
-805
334
348
467
184
-1087
-563
577
1347
296
-988
-1013
-841
694
1162
749
-128
-1660
-527
339
614
857
-136
-438
-674
-165
503
748
431
-488
-710
-684
-159
790
1674
594
-1221
-1501
-1033
595
1827
1037
-745
-1467
-837
245
1400
1188
-395
-1738
-1380
441
1786
1679
-246
-1357
-1322
-968
1355
1628
547
66
-1543
-1644
316
1341
546
687
-325
-1431
-395
-72
707
954
337
-847
-1403
-413
543
2010
886
-1514
-1644
-1040
1007
2436
1108
-866
-1965
-1092
481
1335
1294
114
-1215
-1375
-151
1011
1343
452
-781
-1065
-843
-90
1218
1288
-209
-832
-805
-51
522
240
347
-440
-398
245
109
198
128
-67
-499
-299
231
524
529
-79
-449
-414
-142
113
315
252
64
-72
-232
47
653
301
-962
-848
47
783
1064
147
-1078
-1097
239
616
874
830
-491
-1167
-937
253
1019
986
149
-1076
-1151
-265
1036
1117
468
-556
-1418
-472
356
619
669
-155
-737
-517
240
727
282
-158
-610
-712
-6
708
757
209
-284
-519
-198
357
266
-182
53
92
309
-367
-580
110
321
495
39
-160
-482
-467
-9
376
853
232
-563
-816
-340
719
565
434
-316
-826
-374
47
713
455
50
-347
-699
-232
363
596
80
-431
-209
226
356
129
-64
-361
-382
-75
210
522
377
169
-719
-791
-123
464
649
399
16
-402
-490
-296
14
516
547
-321
-50
-249
-26
541
-20
-222
-274
-186
-165
456
400
200
69
-541
-379
-112
94
648
448
-223
-275
-624
-451
515
938
551
-560
-1037
-328
657
839
598
-514
-1123
-740
281
1226
389
248
-380
-1080
-532
152
628
583
185
-403
-589
-227
403
783
227
-550
-923
-244
713
656
386
-170
-1039
-681
263
810
905
85
-960
-1093
-16
866
909
465
-730
-1102
-517
112
1027
1014
84
-727
-1094
-453
355
676
875
109
-683
-540
-163
391
576
326
-221
-904
-650
229
929
888
-202
-791
-875
29
591
613
217
-413
-573
-429
473
785
278
-350
-415
-139
113
160
135
-82
-138
113
253
134
-106
-112
-14
-182
-117
-62
157
535
-102
-529
-342
-323
381
868
393
-323
-686
-461
55
586
572
185
-412
-861
-265
285
638
859
-25
-809
-863
-342
450
693
520
52
-437
-562
-310
266
506
275
71
-340
-416
75
315
322
250
-132
-271
-207
7
221
140
191
-3
-155
-423
-160
33
272
477
190
-410
-588
-352
282
511
266
28
-488
-382
116
476
492
-156
-267
-351
-199
340
503
65
-4
-369
-368
-41
326
459
6
-278
-547
-115
256
278
30
-129
-131
23
-49
-286
23
388
144
-18
-10
-101
-90
-51
-4
201
293
-34
-225
-496
41
440
525
88
-554
-594
-223
371
477
380
-220
-528
-455
196
474
72
19
-129
-123
90
-3
10
9
12
-18
83
179
-96
-149
-18
162
277
-73
-271
-267
-138
253
337
13
-220
-140
-35
101
107
-91
-10
-31
-20
-30
-122
50
103
220
8
-255
-181
29
366
284
12
-407
-386
54
294
488
153
-233
-291
-202
82
281
244
-7
-217
-360
-238
147
338
379
143
-201
-544
-657
104
746
665
162
-592
-804
-275
556
815
360
-262
-845
-607
116
713
849
-98
-830
-584
7
504
577
225
-393
-556
-249
71
396
426
53
-350
-376
-135
146
305
210
-27
-158
-141
-29
222
283
11
-271
-285
-41
326
326
-91
-187
-78
46
114
80
-37
-63
136
-35
-79
46
-27
-20
-94
89
170
-85
-118
-21
102
220
103
-202
-286
-75
211
279
51
-179
-275
-172
71
159
95
85
66
-34
-114
-148
-29
87
-14
15
118
123
68
-175
-236
-22
196
292
61
-193
-237
-76
179
142
-10
-120
-154
-45
125
256
54
-177
-157
-72
44
66
32
57
34
-52
-109
-99
65
154
65
-58
-245
-172
101
264
299
17
-378
-457
-97
389
474
146
-290
-479
-175
297
369
24
-256
-270
-87
179
312
186
-108
-268
-188
39
324
300
19
-241
-325
-58
232
318
119
-139
-230
-246
-8
220
278
99
-254
-279
-102
59
196
170
26
29
-64
-282
-173
58
249
290
55
-164
-265
-186
98
329
256
-92
-322
-242
53
308
238
-74
-257
-167
-12
180
205
17
-161
-230
-76
65
140
147
-49
-172
-114
12
98
90
47
-75
-61
11
121
19
-92
-120
51
219
80
9
-112
-91
53
111
11
-43
-29
-85
-100
-54
94
167
15
-156
-224
-14
213
212
70
-203
-229
23
238
271
40
-159
-179
-24
190
146
42
-122
-208
-34
102
218
129
-77
-251
-174
68
168
60
-5
-106
-92
40
68
66
42
-47
-57
-80
-10
158
163
82
-54
-202
-124
47
131
170
84
-147
-174
-42
7
108
77
-28
-25
-14
-16
-89
-38
21
53
106
36
-21
-70
-39
15
31
100
78
-70
-150
-65
111
228
94
-112
-226
-190
-5
149
219
77
-91
-177
-173
-33
82
131
82
-49
-179
-10
186
117
68
-119
-274
-133
114
235
173
-1
-176
-142
-23
60
109
33
-51
-64
-24
70
145
75
-106
-183
-104
128
328
220
-98
-376
-342
-54
304
462
193
-190
-396
-279
73
308
250
-12
-249
-225
19
182
241
80
-195
-241
-171
20
267
294
94
-153
-231
-171
-62
86
182
137
-36
-151
-165
22
225
119
-70
-240
-155
111
169
144
40
-122
-162
-96
18
140
143
51
-67
-129
-34
35
60
39
43
-5
-117
-53
48
180
154
-82
-172
-95
6
58
95
24
-27
-9
-19
38
29
5
2
-96
-48
67
35
35
32
-32
-86
-100
-31
40
100
79
-34
-117
-116
35
125
108
53
-108
-129
-2
97
133
74
-28
-130
-99
3
41
117
109
0
-133
-206
-52
151
223
154
-19
-186
-192
-33
143
172
15
-84
-97
-86
64
139
11
-38
-1
-36
-25
16
49
65
-2
-77
-74
-9
13
82
69
-16
-62
-30
26
-32
40
17
-10
52
41
-64
-46
-43
-35
57
48
-15
10
-10
-6
-10
6
15
12
13
-2
32
37
31
43
9
-59
-94
-47
-2
39
85
101
28
-119
-230
-153
88
247
158
-73
-189
-149
38
203
159
-12
-200
-194
-5
226
252
14
-164
-222
-107
105
168
122
34
-81
-138
-87
22
108
108
16
-127
-185
-54
93
155
114
-54
-179
-133
20
161
157
7
-109
-111
-56
21
117
123
-2
-51
-12
-2
15
9
-43
-23
28
35
-16
-105
-54
73
120
78
-47
-67
-3
37
50
-12
-13
18
22
56
19
-36
-52
-21
39
40
19
-64
-113
3
110
87
-37
-158
-117
69
173
108
-52
-189
-154
29
158
137
33
-62
-98
-26
80
71
-33
-83
-77
-45
103
147
43
-42
-129
-79
4
36
79
89
40
-25
-47
-79
-25
77
63
34
-11
-82
-42
39
61
71
-9
-85
-25
2
6
15
22
30
-31
-74
-94
-1
125
68
12
-88
-117
-13
13
98
96
8
-35
-105
-55
105
176
79
-89
-159
-99
55
159
111
32
-91
-147
-37
44
96
72
-26
-73
-100
-26
66
48
13
1
-7
-15
-24
-14
20
38
20
-12
-23
-11
20
63
43
-20
-24
-12
-8
19
29
22
37
18
-49
-62
-7
49
52
1
-63
-76
36
112
59
-39
-81
-57
-6
99
78
-5
-44
-98
-35
51
65
12
-73
-79
8
99
74
-54
-115
-58
-5
82
99
24
-19
-68
-39
-7
31
95
75
-16
-104
-73
28
108
98
28
-38
-77
-43
19
47
45
65
2
-101
-100
-38
38
57
88
41
-71
-86
-61
7
92
106
36
-66
-140
-78
62
120
134
4
-159
-145
-53
90
149
35
-74
-95
-23
40
76
49
-27
-55
-51
12
64
63
5
-74
-58
-3
36
44
44
24
-31
-57
-41
-5
42
68
9
-75
-105
-31
88
102
24
-63
-109
-60
46
81
61
17
-83
-87
14
86
93
30
-53
-91
-19
81
80
26
-33
-62
-45
-5
49
62
36
-20
-52
-36
-16
36
81
66
8
-63
-97
-10
116
112
8
-95
-83
24
70
65
21
-33
-27
-17
7
6
10
30
9
9
2
-15
-14
-6
15
8
-9
-16
-8
14
-4
-39
-45
-9
45
46
3
-42
-30
19
46
41
-16
-50
-27
8
57
48
-6
-18
-10
22
31
-9
-19
-12
19
23
-18
-45
-30
59
95
10
-73
-117
-67
70
139
81
-41
-133
-94
31
120
118
-22
-146
-91
44
124
81
-29
-88
-73
10
74
33
-17
-12
-8
-12
22
21
-23
-19
-18
-8
28
29
9
-14
8
-10
-32
16
13
-6
8
-5
-42
-33
26
72
35
-37
-54
-49
-2
39
47
26
-50
-50
-1
31
62
14
-51
-57
-17
42
48
2
-32
-11
35
43
19
-42
-85
-42
43
81
45
-17
-59
-54
7
63
79
46
-33
-75
-48
39
99
70
12
-60
-74
-26
17
64
33
-15
-28
-48
-16
33
30
18
-7
-17
9
1
-3
42
59
8
-63
-54
30
75
52
-10
-67
-50
16
47
38
14
-18
-28
-12
-12
11
74
53
-74
-106
-15
88
119
22
-103
-133
-36
88
126
46
-83
-116
-57
37
86
76
20
-66
-83
-50
10
77
78
26
-35
-68
-44
18
61
41
5
-29
-64
-39
21
56
47
-6
-55
-57
-6
31
14
-14
-6
27
11
-34
-32
-10
28
48
7
-31
-44
-16
33
20
-18
-26
-18
21
52
35
11
-35
-74
-53
-1
78
88
5
-74
-100
-24
77
87
37
-41
-85
-44
20
69
64
2
-57
-49
16
59
55
5
-44
-30
5
42
48
-3
-45
-41
1
38
50
26
-8
-35
-72
-25
49
72
70
-11
-78
-43
14
44
27
-7
-31
-31
-1
38
52
10
-19
-8
-12
5
33
4
-36
-17
47
80
55
-22
-96
-67
42
114
93
-19
-120
-95
11
85
91
21
-79
-98
-44
21
78
60
-7
-55
-55
9
59
70
30
-31
-45
-33
14
61
55
9
-67
-81
-12
66
97
28
-67
-97
-38
53
69
37
-37
-73
-5
36
51
25
-29
-27
-14
28
36
-14
-24
-18
0
23
14
-8
-17
-22
-5
3
-10
-23
-31
0
20
7
5
-12
-26
-15
-9
-2
24
24
-2
-11
-15
3
26
34
23
-13
-24
-8
19
44
36
3
-30
-32
-14
17
40
18
-10
-22
-13
11
20
13
2
-25
-50
-19
7
24
31
-1
-20
-29
-32
0
44
33
2
-14
-11
5
-1
-17
-18
11
41
28
6
-21
-39
-11
34
27
-7
-24
-17
20
44
19
-8
-23
-22
-6
13
20
25
17
-14
-28
-14
32
48
4
-35
-58
-30
21
47
32
3
-18
-49
-19
18
17
14
7
-12
-25
2
8
14
11
-7
-13
-11
5
3
15
26
10
6
-6
-11
2
24
10
-19
-11
1
14
26
17
-12
-32
-14
7
24
44
7
-29
-28
-23
19
45
21
-5
-17
-15
-12
2
6
2
0
8
8
-7
-3
-9
-3
11
10
-1
-19
-15
-3
24
36
4
-6
6
12
14
1
-11
-5
12
31
39
25
-3
-39
-36
-2
21
35
14
-29
-33
-15
12
28
32
16
-21
-35
-21
0
18
22
16
10
-6
-31
-15
22
38
34
8
-33
-36
0
31
41
20
-20
-41
-14
22
32
28
12
-15
-23
-1
2
5
11
-2
2
-7
-21
-16
8
32
16
-7
-30
-27
11
41
29
-12
-30
-23
2
25
23
9
-16
-27
-25
-12
16
11
-6
-15
-12
5
23
27
-10
-28
-9
9
31
32
-6
-44
-45
-8
40
48
7
-36
-43
-4
39
45
17
-21
-33
-13
13
26
16
3
-15
-16
3
13
24
6
-20
-15
-7
18
24
7
-13
-29
-14
7
32
29
-13
-38
-34
1
29
35
17
-14
-24
-23
-3
25
37
15
