8
7
5
9
7
7
8
5
6
3
0
4
5
3
5
0
3
4
1
6
2
-1
3
3
7
10
4
1
3
4
8
6
1
0
2
4
3
4
0
-6
-4
3
9
9
6
0
-3
-1
3
3
-1
1
7
7
1
-2
-2
1
1
0
4
6
4
-1
-4
-5
-3
2
4
2
-3
-2
-1
1
0
4
3
-1
-6
-4
1
3
-2
-3
-1
2
0
0
5
5
0
-2
-2
-2
1
1
-2
2
6
1
-6
-4
2
5
5
3
0
1
-2
-8
-3
3
2
2
6
-1
-5
-2
-3
-4
3
7
0
-4
-3
-3
-6
-7
-4
2
6
1
-3
1
0
-4
-1
2
1
1
-1
-4
-3
2
2
2
5
2
-3
-3
1
6
11
8
3
3
4
1
-2
5
10
8
4
5
2
0
1
-4
-3
8
10
4
3
3
3
0
-1
5
6
2
4
2
1
3
1
2
6
4
1
4
4
6
9
8
9
6
1
1
1
6
15
8
-1
5
10
10
8
2
5
7
1
4
8
6
5
1
9
13
4
3
2
0
2
-2
1
8
4
0
-2
1
2
-2
3
4
-5
2
4
4
10
3
-4
0
2
-1
-5
-4
0
0
7
8
-4
-6
-6
-2
5
2
-1
1
0
-1
1
-1
-4
-3
4
5
2
-2
-3
-1
0
2
5
4
-1
-8
-8
-8
-3
-1
2
4
2
-1
-2
-3
-3
-2
0
1
0
-1
-1
-1
0
0
0
0
-1
-2
-1
2
2
3
2
-1
-3
-6
-5
-1
3
7
8
7
2
-2
-5
-5
-3
2
5
7
7
4
1
0
-2
0
3
4
5
7
6
4
2
1
0
-1
0
6
12
11
5
2
14
9
-21
10
21
2
-3
0
21
13
4
11
0
-16
-49
17
228
3
-64
85
57
27
-39
-80
-74
-15
-24
-17
-11
-10
-12
-4
-25
1
10
-8
-10
-2
-2
-5
-6
6
14
22
19
11
5
9
19
22
15
13
9
11
14
14
11
8
5
4
2
-1
-2
-3
0
0
0
2
0
0
4
1
-8
-3
2
-2
-1
-1
2
-16
-7
-6
-12
6
-9
-11
-3
-3
-35
33
127
12
-45
-25
-43
14
27
-33
-26
-23
-42
16
17
-27
13
-4
-24
18
-38
-50
-51
-96
145
268
111
-55
-152
-14
30
4
8
-42
-31
-40
9
14
-27
-7
0
18
18
6
-14
-19
-27
-23
19
21
8
7
-11
-17
6
0
1
19
9
14
27
16
4
6
10
3
-6
8
13
-1
2
14
3
-5
4
10
0
1
7
5
2
4
4
6
5
5
2
1
-1
0
4
0
-5
-13
-11
-12
-9
1
9
14
18
25
15
0
-24
-9
15
8
4
2
14
18
18
-2
7
-8
5
23
-34
51
9
-1
29
-72
12
70
7
-22
-117
-43
21
525
347
-356
98
-193
-92
145
-138
-52
-24
-126
10
-105
61
-98
-89
150
38
-5
66
-82
-55
-50
-86
56
32
-35
51
140
-160
114
-91
-16
106
-104
75
59
34
21
-19
-138
59
15
109
-53
-17
37
-51
67
132
214
-199
-2
-54
-48
136
-4
-203
-28
103
-92
45
28
79
11
-15
-23
-100
-67
-29
-125
-43
-58
-7
-9
-18
56
-105
36
171
-29
56
1
-82
85
27
-74
37
81
160
215
50
225
-146
-134
290
-354
-74
256
-180
-93
85
-303
72
52
-2
95
-108
1
-24
-7
-55
95
-127
-103
275
177
0
31
-47
123
73
23
73
40
-35
-58
-85
-85
-127
-46
174
-182
-26
-31
-150
-69
70
-32
-38
23
16
-86
-17
258
47
-216
190
-200
-20
506
40
-132
-106
167
103
56
149
-249
-60
73
-8
28
29
-23
-322
-39
298
-137
111
26
-493
429
86
-509
311
38
-204
108
-20
106
144
-116
-78
110
-27
191
339
-345
193
158
-226
-114
225
231
-152
-144
-59
214
31
97
-111
-419
404
160
-489
464
0
-94
-79
-147
171
280
-229
-132
201
-136
17
31
-44
-152
-134
-32
48
-153
236
125
-634
48
244
-161
-164
132
200
-208
-113
244
35
-280
109
-65
-68
242
23
12
40
-215
-121
-31
-29
562
-242
-73
14
-499
679
15
-603
340
-176
-30
-51
-193
221
-292
-226
141
147
-22
463
-246
-614
263
292
168
62
-114
-114
-14
-281
273
357
-524
-65
-79
-55
527
-352
21
202
-338
160
194
-142
81
-14
-318
110
224
84
48
-127
-225
240
-171
179
556
-365
20
-85
-292
372
387
-269
-538
123
85
47
-66
333
-198
-535
140
282
-149
-108
513
-143
34
326
132
-96
-146
140
285
79
255
68
-356
-218
7
150
484
94
-330
-18
-93
-253
23
362
134
-273
-27
30
89
171
-51
-221
-164
346
276
-131
216
106
-413
-249
45
182
243
-23
-137
-29
-111
64
27
-85
233
-102
-207
172
115
251
-103
-486
-172
-40
276
183
-128
224
-102
-435
212
390
22
-42
-123
-195
150
250
11
-149
-438
-308
223
304
33
34
-31
-295
-198
21
195
39
-19
142
79
6
-18
161
-114
-68
265
-37
200
134
-354
-165
-27
-100
-45
8
123
149
-270
-309
102
8
13
215
-78
119
399
-151
-135
56
-162
-36
11
65
266
206
30
-123
-131
115
95
-151
28
152
-11
-128
-113
99
62
-156
-154
16
226
116
-137
-157
-175
-114
-3
123
253
69
106
79
-243
-94
9
-64
44
96
39
75
45
-128
-78
-114
-225
-184
50
233
-109
-288
-142
-20
-59
-265
138
294
-272
-114
144
-66
74
44
-343
-142
276
221
211
107
-193
-134
69
-2
100
517
508
40
-416
-239
434
467
-108
-63
250
-75
-103
78
96
106
-129
-182
-96
265
513
88
-165
-140
-166
25
145
-59
75
245
-85
-211
36
202
-54
-310
-147
-31
213
202
-259
-232
-215
-158
164
58
69
33
-244
-133
30
104
34
-200
-133
40
-35
-176
-231
-166
-94
-268
-237
218
314
113
-205
-430
-186
-37
225
178
-393
-146
195
-91
-252
-8
309
96
-230
-86
151
-13
-255
-176
-204
-67
327
314
-25
-86
154
-294
-497
175
212
51
37
-200
55
457
28
-255
65
5
134
479
428
302
225
214
170
348
529
392
503
401
50
199
427
444
215
-54
128
372
297
107
-54
-168
-155
-108
14
183
-162
-347
-112
-271
-387
-161
47
-158
-346
-281
15
35
-488
-252
-129
-181
-17
-104
188
63
-275
-101
99
-133
-152
97
-55
-118
-167
-160
-284
-2
413
-518
-715
217
354
231
-558
-1177
362
1101
-228
-826
-618
153
775
-306
-1030
119
1112
165
-1223
-531
682
392
-447
-496
127
179
186
184
-475
-480
49
331
225
-174
-46
-30
-41
348
88
-97
-89
-239
5
130
304
98
-355
213
752
306
-241
40
725
877
174
-540
7
897
829
231
-219
-138
408
676
129
-375
-30
332
268
187
47
-65
187
152
-127
-20
-264
-134
552
300
-634
-707
196
358
-127
-331
146
185
-721
-263
579
55
-223
-116
-328
294
516
-178
-257
-297
435
455
-645
-273
-509
393
1133
-1018
-505
-47
-49
946
-270
-596
-89
-177
-203
691
173
-920
134
-15
246
236
-630
-433
106
982
-296
-1047
258
152
268
615
-426
-948
-175
724
650
-145
-631
-475
192
536
227
-375
-445
-64
80
394
0
-588
-113
212
283
29
-435
-242
35
335
200
-344
-316
-92
339
385
-193
-396
-140
287
211
-136
-143
-74
39
107
-10
-129
-17
133
101
-37
-133
-36
163
244
48
-195
-137
150
292
134
-69
-42
159
211
31
-82
46
193
137
-6
-3
99
158
85
-92
-68
148
136
-17
-24
91
140
-33
-69
123
18
-106
64
100
87
78
-123
-95
147
18
-182
20
158
-43
55
164
-146
-34
137
-59
80
107
-255
-83
78
-57
127
-1
15
45
-106
-39
-30
206
7
-98
-101
-355
224
524
-49
-439
-78
34
179
312
-441
-683
213
750
98
-338
-473
-19
314
227
-229
-343
-82
282
193
-187
-223
43
200
100
-172
-196
-252
224
305
-350
-283
-2
277
124
-252
-440
-134
710
137
-586
-340
186
566
-2
-130
-327
-514
518
480
-233
-250
-420
308
560
-389
-323
242
260
-329
111
187
-347
6
282
-43
231
-397
-383
660
342
-159
-272
-312
137
416
187
-475
-137
459
-189
-112
499
-161
-414
-49
353
767
-423
-947
285
286
441
500
-1124
-484
527
634
-9
-308
-227
-357
506
407
-89
-77
-410
74
164
-29
155
-115
-125
-89
290
454
-544
-614
613
55
-342
136
197
-142
-149
85
-371
507
197
-647
195
-159
35
468
19
-475
-126
490
229
-45
-435
-307
213
487
16
-218
-153
-214
185
480
-106
-187
26
-158
69
428
-22
-692
303
367
-198
-173
-126
-200
337
576
-157
-447
-16
305
-85
55
253
-368
126
228
-251
68
65
55
-25
-118
110
-24
21
142
6
-171
36
267
-209
-266
100
271
38
-546
-74
720
207
-484
-306
-24
206
386
-108
-396
-72
79
214
237
-20
-342
-203
179
169
198
-106
-489
-68
387
381
-68
-623
-359
373
531
162
-476
-710
152
714
195
-225
-350
-270
201
473
-21
-468
-289
30
386
309
-60
-311
-262
261
210
-73
-113
-265
125
308
-46
-99
-134
17
194
-7
-110
-121
238
360
-336
-283
291
182
-29
-71
-105
36
144
209
-33
-346
240
213
-124
73
-70
213
-25
-309
167
256
113
-207
-256
164
432
-69
-376
61
274
77
-316
-100
286
353
238
-665
-659
764
526
-434
-251
-412
184
879
43
-800
-780
617
1090
-380
-765
-58
232
210
53
-137
-132
29
133
11
58
-217
-286
346
28
-189
-21
76
419
-7
-602
-488
470
671
83
-493
-598
141
408
412
-231
-741
-349
787
595
-321
-691
-250
574
356
-79
-567
-361
492
430
-47
-233
-450
108
545
72
-241
-39
-50
3
54
-20
167
31
-235
69
287
-11
-190
143
148
-150
-299
-6
560
-6
-343
280
-4
-147
261
-108
-17
387
-277
-120
284
-153
82
72
-133
142
-16
-159
151
212
-233
-399
109
422
-113
-402
221
207
-40
163
-234
-365
139
432
69
-330
-254
-113
279
307
52
-245
-537
84
657
192
-615
-346
453
174
-180
-311
57
588
-13
-329
-245
74
192
-214
235
173
-415
-181
191
233
57
-297
-393
199
434
59
-302
-373
38
398
111
-267
-273
40
491
119
-250
-399
-320
591
510
-65
-380
-561
326
764
-168
-530
-47
114
263
243
-390
-76
284
-99
252
127
-541
-267
775
295
-470
-375
210
282
-76
207
56
-364
50
8
85
69
143
-16
51
95
-242
-189
402
237
-204
-392
-9
312
105
329
-496
-252
123
124
329
-173
38
-132
-392
133
436
-273
-98
387
-260
-606
404
731
-191
-494
-512
458
607
-289
-342
-300
385
384
-316
-47
-76
-272
490
25
-235
-1
0
-81
-158
85
116
264
60
-636
-469
712
438
-89
-289
-475
-15
706
140
-416
-418
368
175
7
162
-662
135
554
-55
-158
-298
132
367
185
-108
-277
-295
268
459
-122
-197
-24
139
-47
125
-162
-154
449
-88
-19
24
-323
95
248
155
174
-644
-346
639
504
-37
-730
-330
734
398
-102
-528
-403
678
211
-444
140
-84
109
129
59
-293
-228
249
44
245
-234
-342
342
168
-366
-63
526
-165
-360
-28
-42
313
304
-367
-322
41
173
445
-284
-248
89
-158
105
90
161
21
-240
-10
-104
-97
437
-212
-300
419
74
-445
-283
489
335
-575
239
181
-178
-8
-381
211
890
-547
-806
361
269
190
248
-541
-279
272
148
-2
70
-120
19
-152
145
201
-105
-342
45
631
-65
-483
-79
247
229
-167
38
-11
-106
96
-119
131
509
-469
-716
466
862
142
-1070
-560
758
794
-183
-477
-503
212
910
13
-683
-512
272
404
100
142
-271
-651
367
918
-356
-753
-101
693
160
-154
-134
-114
-54
210
420
-534
-92
215
87
-110
-375
330
396
-208
-461
-73
449
295
-240
-182
-121
-21
307
279
-177
-531
434
118
-410
143
-97
162
167
-105
111
-75
-146
164
-346
211
565
-524
-783
355
677
-53
-207
-421
77
347
-66
-229
-167
-106
426
324
-426
-417
177
327
250
-45
-295
-372
220
596
-360
-440
274
257
81
-387
-304
127
321
362
-461
-284
434
-207
96
508
-474
-408
250
460
304
-626
-767
623
987
-164
-1038
-394
753
489
462
-793
-846
574
754
507
-1016
-813
677
749
201
-709
-562
521
505
-267
-121
104
-413
-60
819
-269
-611
231
124
46
139
-36
-255
-350
591
232
-724
219
285
-524
268
567
-590
-425
-19
438
588
-397
-595
317
-83
58
445
-353
-175
-167
291
581
-371
-771
235
877
44
-898
-325
786
386
-446
-353
-118
83
352
211
-155
-265
-293
87
57
288
546
-610
-488
416
141
-116
-106
-116
180
224
-355
-150
265
106
-210
-100
271
-5
-63
-229
-120
456
-47
-218
418
116
-537
69
457
-350
-37
498
-100
3
-9
-237
299
-133
-418
446
347
-388
-150
114
-380
257
953
-44
-597
-489
-178
389
534
444
-364
-848
-150
500
846
-174
-1080
237
632
-327
-234
165
275
167
-415
-597
324
724
15
-56
-141
-513
205
491
30
186
-112
-392
188
134
-437
-125
857
437
-684
-390
-115
90
744
344
-556
-541
328
422
-191
-248
-136
343
129
-326
132
167
-168
-493
-114
270
181
-66
-88
379
-591
-802
200
308
778
35
-1206
-2
780
-299
-416
24
46
38
-269
57
251
-603
-485
484
568
-278
-1023
-18
1043
-332
-1059
141
522
250
188
-473
-420
563
230
-204
-195
-230
367
562
55
-459
-245
37
369
794
197
-84
-121
-316
240
707
421
114
200
-15
-482
-54
1181
1211
-129
-979
-482
795
1171
478
-40
-145
-300
-366
272
1230
721
-543
-618
-573
212
1326
809
-523
-1746
-720
1365
1179
-324
-1303
-633
687
458
-610
-203
666
-150
-1140
-1110
242
1788
209
-2119
-1489
339
1192
297
-1070
-1194
-500
-50
-389
-479
226
54
-911
-1651
-1022
890
292
-1080
-798
-1282
-744
290
-599
-1158
-841
-610
-607
-1007
-650
247
-237
-1238
-1442
-842
655
1737
1219
-8
-757
-512
808
2186
2426
1686
798
526
1124
1928
2379
2466
2070
1347
1052
1639
2412
2256
1277
632
899
1518
1693
1282
536
-238
-448
228
986
743
-341
-1194
-1272
-889
-563
-439
-426
-669
-1272
-1665
-1245
-540
-377
-509
-592
-775
-836
-563
-327
-455
-534
-107
206
-100
-565
-708
-231
155
-128
-2
270
-243
-703
-885
-604
255
-47
-1132
-1025
-530
-729
-1154
-1250
-936
-878
-1279
-1701
-1924
-1653
-1342
-1740
-2059
-1542
-1162
-1768
-2537
-2358
-1372
-699
-1585
-3813
-4584
-1338
4002
5813
1133
-5358
-5641
1235
7268
6310
1726
-118
1238
2365
2605
3690
5241
5110
3302
2126
2724
3853
3934
2850
1791
1952
3150
3703
2250
-306
-1577
-536
1249
1665
431
-1224
-2383
-2883
-2516
-1283
-209
-571
-2134
-3260
-2945
-1813
-978
-758
-817
-806
-558
-213
-175
-401
-141
917
1823
1625
819
505
801
1111
1350
1819
2221
1857
755
-117
31
854
1313
878
-59
-881
-1324
-1409
-1238
-1031
-1004
-1364
-2097
-2758
-2812
-2349
-2046
-2199
-2412
-2317
-2245
-2459
-2665
-2487
-1911
-1516
-1671
-1966
-1790
-1304
-1152
-1657
-2079
-1742
-1183
-659
-645
-1068
-2223
-4530
-4535
355
7075
7760
-899
-8813
-5996
4700
11118
6731
-275
-1860
1359
4188
3974
3747
4068
4253
3988
3137
3195
3262
3136
2706
2075
3109
4355
3925
847
-2256
-1398
1595
3251
1410
-1599
-2654
-2108
-1168
-1329
-1397
-897
-1026
-1988
-3251
-2784
-1193
-399
-692
-1433
-852
130
129
-450
-861
176
1472
1842
1378
448
450
828
1200
1613
1835
2223
1602
301
-420
18
1427
1588
449
-835
-1420
-921
-807
-914
-1186
-1631
-1803
-2399
-2648
-2700
-2646
-2335
-2499
-2579
-2650
-2698
-2761
-2866
-2599
-2144
-1745
-1711
-2045
-2344
-2052
-1542
-1348
-1327
-1470
-1935
-2095
-1370
-425
-668
-3264
-5340
-2516
4657
8756
2611
-7281
-8165
1659
10923
8875
529
-2731
1016
5554
5307
2989
2989
4446
5167
4204
3119
3178
3568
3251
2164
2318
4275
4729
1529
-2124
-1775
1832
3902
1795
-1673
-2816
-1599
-493
-928
-1429
-1550
-1281
-1043
-1919
-2621
-2335
-1000
-284
-728
-367
176
-194
-1259
-1181
768
2501
2409
783
-478
-12
1507
2225
1713
1171
1253
1376
872
246
293
953
1266
540
-650
-1253
-1113
-958
-1208
-1464
-1407
-1532
-2348
-3300
-3311
-2411
-1832
-2280
-2978
-3200
-3009
-2874
-2852
-2614
-2191
-1697
-1649
-2098
-2459
-2164
-1723
-1407
-1186
-1339
-1409
-2022
-1942
-1097
-757
-1682
-4651
-4443
1259
7413
5914
-4370
-9964
-2969
8861
11690
2822
-4325
-2271
4569
7394
3758
1060
2440
5875
6593
3625
1895
2506
3895
3754
3130
4253
4849
2528
-969
-1338
1752
4269
3021
-686
-2833
-1493
830
413
-1908
-2595
-1035
-5
-1247
-3124
-3225
-1610
-496
-862
-1285
-650
-60
-820
-1883
-1102
1467
3036
1682
-794
-1136
954
2612
2031
809
1094
2159
1797
173
-250
1369
2771
1875
-290
-1253
-513
264
-20
-633
-640
-504
-1281
-2685
-3204
-2186
-976
-1257
-2792
-3764
-3208
-2291
-2405
-3208
-3109
-2039
-1501
-2112
-3012
-2914
-2047
-1457
-1581
-1636
-1469
-1569
-2215
-2749
-1703
-651
-973
-3504
-5399
-1506
5131
7104
-242
-8498
-5708
4636
10632
5339
-2857
-3185
2531
7226
5374
1107
857
4221
7398
5509
1752
1106
3081
4874
4068
3445
3760
2793
575
-517
1409
3729
3131
-40
-2343
-1650
521
947
-1164
-2849
-1899
111
-17
-2282
-3601
-2386
-459
-147
-1142
-1735
-1655
-1713
-1449
89
1925
1934
-126
-1888
-1106
1588
3230
2190
203
-155
1133
2005
1478
787
1299
2371
2212
508
-966
-656
787
1419
556
-644
-1063
-1142
-1665
-2199
-1877
-1057
-1014
-2001
-2961
-2927
-2425
-2515
-2822
-2509
-1884
-1899
-2767
-3371
-3104
-1890
-884
-904
-2142
-2635
-2055
-1417
-1204
-1959
-2008
-1613
-1229
-1782
-3479
-5260
-1459
4137
7079
121
-8165
-5789
3888
10124
4919
-3426
-3306
3207
8061
5009
-844
-805
4673
8700
6285
666
-623
2726
5495
4698
2669
2465
2873
1715
-15
217
2419
3515
1322
-1370
-1306
410
806
-1498
-2771
-1167
581
341
-2539
-3888
-2159
-152
657
-1011
-2356
-1756
-987
-328
-573
-200
1340
1494
511
-825
-490
1779
2677
2202
990
952
2074
1724
879
333
1513
2947
2081
363
-715
162
1212
735
-330
-973
-873
-1121
-1893
-2251
-1664
-1061
-1352
-2525
-3495
-3253
-2369
-1864
-2134
-2372
-2455
-2570
-2710
-2541
-2234
-1829
-1529
-2030
-2032
-1781
-1278
-1517
-2149
-1760
-1619
-775
-1120
-2461
-3885
-4373
-544
4020
4838
-1075
-7483
-4481
3859
8453
3829
-3029
-2496
2744
6587
3815
-608
199
4251
7043
4224
673
529
2597
4792
4051
2541
2161
2369
1746
877
1301
2288
2637
1083
-803
-764
683
852
-971
-1855
-391
833
-453
-2547
-2824
-1080
556
278
-1199
-1981
-1419
-546
-363
-500
380
2047
1858
-884
-2398
-8
3232
3239
710
-696
452
2082
1874
553
504
1852
2433
1318
-134
-489
230
920
656
-254
-790
-772
-1013
-1742
-2038
-1408
-762
-1242
-2554
-3305
-2787
-1846
-1704
-2157
-2232
-1957
-2340
-3011
-2714
-1537
-895
-1675
-2664
-2696
-1808
-1176
-1207
-1793
-2237
-1814
-1310
-1052
-1980
-2835
-3557
-2999
1019
4399
2798
-4345
-7308
-940
6678
7474
392
-3765
-643
4470
5948
1601
-1079
1602
6299
7365
2127
-1864
196
4783
6685
4098
1464
1217
1956
2291
1746
1649
2213
2142
952
-240
-285
402
462
-254
-461
41
118
-969
-2195
-1917
-406
633
11
-1363
-1618
-758
-203
-492
-149
1259
1776
-12
-1688
-663
1849
3506
2042
-206
-698
770
2697
1751
599
777
1670
1992
165
-874
-285
1119
1584
350
-711
-1032
-955
-1109
-1417
-1375
-909
-912
-1835
-2635
-2481
-1813
-1757
-2151
-2170
-1925
-1969
-2580
-3176
-2974
-1914
-838
-1069
-2428
-3399
-2830
-1460
-664
-1265
-2286
-2246
-1945
-1414
-1351
-1646
-2565
-3887
-1564
2797
4168
-503
-6337
-4202
3164
7185
3277
-2991
-2623
2416
5847
3402
-1143
-514
3982
7278
4745
-158
-664
2677
5923
5199
2360
1020
1617
2856
2762
1737
1307
1801
1856
878
28
308
950
608
-240
-478
35
223
-629
-1603
-1319
50
703
-315
-1711
-1620
-203
676
115
-634
-135
986
1045
-92
-798
-70
1161
1510
960
486
490
539
439
628
1239
1539
847
-337
-750
5
940
930
16
-876
-1076
-772
-635
-1032
-1586
-1651
-1269
-1057
-1502
-2319
-2535
-1986
-1502
-1609
-2066
-2514
-2670
-2379
-1607
-1085
-1623
-2324
-2625
-2037
-830
-947
-1873
-2513
-2070
-897
-1266
-2172
-2122
-1562
-1245
-2770
-3593
-457
3183
2877
-2817
-6670
-1804
5304
6568
305
-4317
-805
4618
5869
1406
-1747
934
5497
6835
2719
-827
591
4411
6111
3872
1509
1726
2913
2962
1847
1583
2578
2697
1263
-23
352
1477
1353
76
-529
211
952
278
-1317
-1897
-734
747
780
-557
-1531
-1140
-222
16
-308
-268
246
398
-40
-302
56
571
729
593
530
634
580
263
246
787
1111
632
-132
-450
-138
525
844
316
-472
-638
-354
-383
-757
-1072
-1116
-1068
-1258
-1574
-1817
-1898
-1915
-1819
-1627
-1501
-1764
-2288
-2386
-2082
-1457
-1610
-2136
-2148
-2138
-1667
-1538
-1688
-1931
-2128
-1747
-1578
-1872
-2180
-1937
-1627
-1588
-3000
-3872
-986
2713
2920
-2428
-6445
-2423
4035
6012
1365
-3357
-1232
3665
5521
2143
-1325
1107
5609
6574
2907
-547
898
4713
6100
3869
1324
1443
3187
3698
2529
1516
1823
2636
2380
1239
486
622
976
775
249
16
31
-280
-918
-1141
-521
265
233
-566
-1158
-950
-411
-218
-262
-23
375
218
-608
-1119
-437
898
1448
695
-384
-626
-39
530
635
594
709
711
262
-354
-483
23
588
585
4
-677
-1033
-994
-777
-675
-841
-1155
-1414
-1570
-1728
-1801
-1667
-1555
-1693
-1985
-2106
-2131
-2182
-2057
-1641
-1356
-1762
-2563
-2717
-1901
-1316
-1305
-1624
-2090
-2300
-2080
-1449
-1406
-1650
-1866
-1876
-1856
-3029
-2112
1208
2483
481
-3874
-3964
1623
5498
3735
-1948
-2460
2286
5306
4395
147
-566
2904
6181
5632
1316
-289
2581
6001
5297
2278
1230
2392
3902
3438
1741
1012
1985
2699
1745
408
167
853
1137
656
96
173
439
59
-635
-648
138
658
140
-895
-1216
-470
337
241
-419
-602
-101
204
-256
-787
-456
431
707
41
-650
-550
13
295
181
58
27
-174
-557
-684
-296
226
242
-344
-905
-840
-397
-301
-751
-1146
-1053
-819
-992
-1505
-1691
-1395
-1132
-1345
-1670
-1832
-1915
-1923
-1986
-1891
-1564
-1394
-2038
-2565
-2254
-1795
-1863
-2353
-1991
-1786
-1780
-2025
-2398
-1871
-1699
-1644
-2649
-2832
-792
1256
2063
-1417
-4818
-1747
3893
4956
801
-2376
-453
3902
5192
2275
-700
556
4928
6790
3603
-344
530
4496
6045
4159
1483
894
2875
4273
2945
1141
1192
2312
2500
1353
323
485
1207
1248
596
245
356
196
-307
-471
7
457
103
-709
-932
-403
-8
-259
-567
-311
104
-115
-871
-1192
-532
397
511
-292
-1004
-794
-20
317
-69
-455
-205
296
230
-414
-768
-299
399
364
-430
-1039
-836
-308
-286
-822
-1259
-1233
-1032
-1025
-1220
-1433
-1632
-1718
-1570
-1419
-1570
-2053
-2335
-2005
-1339
-1243
-2054
-2716
-2338
-1530
-1420
-1921
-2454
-2136
-1520
-1695
-2102
-2164
-1745
-1519
-1304
-2061
-2840
-881
1604
2068
-1167
-4104
-1221
3507
4996
1672
-1984
-619
3338
5583
2932
-626
968
4778
6234
3447
93
976
4046
5568
4128
1912
1533
2595
3305
2750
1740
1273
2174
2495
1087
634
862
993
1106
599
574
398
-169
-447
-709
19
620
203
-584
-1166
-605
-140
-236
-559
-676
-100
-44
-549
-1047
-944
-138
468
442
-211
-849
-834
-150
476
463
41
-221
-138
-144
-325
-304
48
239
-160
-754
-928
-683
-551
-879
-1336
-1375
-1025
-970
-1335
-1682
-1829
-1623
-1387
-1557
-1994
-2053
-1956
-1975
-1798
-1569
-1851
-2575
-2230
-1840
-1815
-1649
-1871
-1896
-2326
-2037
-1394
-1387
-1430
-1956
-2693
-2818
-804
1686
2294
-753
-4396
-2219
2563
4813
2458
-1525
-996
2150
4576
3834
387
-11
2952
5568
4667
1507
644
2479
4903
5043
3044
1541
1801
3190
3562
2544
1562
1746
2222
1912
1150
482
586
1000
741
403
477
206
-300
-691
-775
-118
443
47
-793
-1331
-1116
-401
-22
-207
-486
-467
-347
-525
-754
-515
114
470
75
-616
-700
-46
582
522
54
-104
124
201
-109
-408
-259
162
237
-276
-926
-1145
-855
-501
-672
-1350
-1732
-1447
-1191
-1447
-1912
-2176
-2010
-1603
-1613
-2120
-2294
-1941
-1972
-2217
-1793
-1494
-2180
-2922
-2596
-1486
-960
-1503
-2314
-2945
-2270
-557
-232
-1389
-2997
-3638
-1745
1378
2813
1038
-3145
-4241
356
4480
4274
221
-2019
753
3665
4367
1941
165
2267
4908
5104
2491
677
1902
4562
5170
3252
1726
1797
2921
3155
2291
1582
1667
2236
2032
1162
616
577
994
1141
234
-410
-56
214
-108
-866
-1140
-440
-11
-650
-1479
-1437
-546
166
-41
-828
-1298
-802
145
392
-227
-671
-159
603
449
-350
-475
397
1160
958
274
-31
153
435
582
537
255
-182
-470
-421
-235
-235
-507
-891
-1203
-1378
-1473
-1630
-1832
-1932
-1847
-1714
-1870
-2372
-2775
-2566
-2002
-1703
-2076
-2721
-2860
-2354
-1835
-1992
-2291
-2184
-1847
-1882
-1902
-1815
-1906
-1598
-1314
-846
-1025
-1874
-2739
-2654
396
3183
2412
-2305
-5302
-592
5219
5565
882
-2732
-11
4308
5348
2150
-805
1443
5450
6673
2897
-959
744
4884
6635
4079
1009
799
2578
4015
3053
1240
1112
2391
2642
1285
-57
-96
826
1287
784
-146
-633
-612
-528
-547
-560
-440
-375
-696
-1303
-1459
-959
-521
-590
-690
-378
-212
-864
-1481
-750
745
1157
38
-930
-509
434
880
672
206
267
610
637
489
-4
-216
702
1344
585
-625
-1111
-453
256
-276
-1265
-1459
-1080
-1152
-1918
-2333
-1726
-983
-1243
-2381
-3184
-2877
-2124
-1848
-1910
-2057
-2450
-2833
-2550
-1787
-1619
-2020
-1934
-1637
-1785
-1702
-1419
-1265
-1280
-1419
-891
-543
-1134
-1432
-1370
-1759
-806
2035
3630
1037
-3660
-3049
2429
6384
4521
-1202
-2004
2183
5494
4165
313
81
3454
6457
4958
699
-665
2406
6166
5880
2384
66
1263
3479
3601
2015
971
1761
2530
1305
-274
-95
1011
1527
737
-562
-711
-239
-426
-918
-902
-378
-192
-878
-1569
-1329
-576
-408
-968
-1180
-527
90
-272
-1227
-1407
-288
905
759
-462
-1146
-447
665
908
380
90
350
536
311
88
177
325
285
171
36
-306
-819
-1054
-770
-387
-513
-1187
-1893
-2159
-1919
-1521
-1428
-1742
-2121
-2309
-2293
-2246
-2261
-2116
-1727
-1563
-2067
-2557
-2493
-1984
-1398
-1137
-1525
-2283
-2202
-1294
-637
-1061
-1461
-1194
-519
-127
-913
-1688
-2376
-711
2654
4189
1690
-4551
-4169
3161
7318
4494
-2055
-2485
2848
6017
4327
-107
-485
3884
6846
5170
528
-1066
2458
6115
5833
2293
120
1634
3701
3593
1787
454
1397
2766
1866
-46
-749
126
1287
1100
-58
-742
-751
-758
-895
-626
4
17
-863
-1663
-1446
-507
-10
-380
-874
-847
-527
-535
-902
-953
-297
486
457
-415
-1088
-739
220
707
319
-283
-397
-152
-78
-233
-238
29
156
-225
-849
-1103
-875
-660
-702
-867
-1123
-1431
-1785
-2036
-1855
-1276
-966
-1462
-2201
-2342
-2139
-1871
-1291
-1158
-1651
-1977
-2071
-1787
-1334
-1238
-1313
-1430
-1672
-1213
-716
-1066
-1259
-1169
-683
-419
-301
-1024
-2496
-562
2669
3190
673
-3008
-1648
3139
4947
2991
-444
-444
2732
4598
3217
218
597
4109
5891
3752
298
135
3168
5431
4334
1477
427
1951
3381
2575
934
748
1939
2450
1318
-85
-377
607
1045
340
-285
-491
-504
-940
-1091
-1094
-250
425
-898
-1816
-2003
-576
674
-373
-1281
-1496
-531
80
-593
-1200
-1036
134
775
-136
-1468
-1304
84
919
449
-410
-468
-56
149
-49
-378
-429
-98
72
-391
-1013
-983
-445
-570
-1203
-1307
-1237
-1314
-1413
-1788
-1817
-1273
-1211
-1762
-2374
-2341
-1426
-1028
-1676
-2143
-1995
-1757
-1486
-1253
-1318
-1567
-1626
-1316
-998
-954
-1253
-1156
-673
-592
-729
-534
-592
-1790
-1206
1582
3311
2011
-2351
-3066
1578
4923
4121
119
-1414
1623
4464
4358
1275
185
3045
5283
4526
1436
110
2290
4777
4779
2345
627
1460
2967
2798
1522
1048
1717
2143
1213
-133
-419
574
1402
808
-518
-1051
-588
-359
-851
-1021
-277
126
-824
-1954
-1691
-488
-5
-656
-1370
-1273
-594
-249
-696
-1161
-654
301
313
-590
-1080
-595
228
633
363
-193
-380
-153
-3
-55
-21
156
136
-349
-940
-939
-465
-368
-760
-1017
-1034
-1122
-1298
-1488
-1570
-1362
-1077
-1213
-1717
-1977
-1914
-1713
-1464
-1229
-1262
-1665
-1984
-1743
-1168
-920
-989
-1366
-1295
-923
-1064
-1213
-1203
-874
-596
-132
-448
-1265
-1147
-854
887
2563
2225
-385
-3005
-267
4192
4924
1583
-1838
442
3880
4119
2265
99
1533
4319
4905
2773
5
845
3932
5092
3096
748
636
2362
3228
1888
817
1034
1973
1956
316
-486
129
844
917
-78
-872
-562
-529
-847
-918
-755
-347
-546
-1332
-1761
-1477
-694
-453
-898
-1165
-1225
-876
-448
-724
-807
-327
-82
-154
-534
-760
-182
522
577
150
-186
-66
174
179
120
244
452
269
-317
-685
-545
-187
-67
-349
-733
-1017
-1153
-1219
-1255
-1129
-1181
-1397
-1530
-1784
-1977
-1785
-1520
-1242
-1184
-1893
-2204
-1721
-1160
-1067
-1399
-1451
-1073
-760
-1541
-1602
-741
-343
-284
-960
-809
-649
-740
-878
-1398
472
2578
2439
-420
-3498
-671
4082
4965
1928
-1721
-311
3417
4490
2365
-230
1072
4419
5196
2524
-116
540
3605
5276
3334
963
433
1905
3540
2384
964
652
1384
2119
845
-62
-172
625
1162
232
-348
-831
-813
-657
-673
-360
-77
-481
-1750
-2054
-883
298
57
-1154
-1674
-1100
-284
-413
-1262
-1279
-157
490
-171
-1358
-1601
-264
1045
783
-444
-1093
-547
318
392
-203
-479
-89
117
-402
-986
-1006
-462
-12
-426
-1182
-1404
-1298
-1138
-963
-1046
-1249
-1283
-1372
-1528
-1465
-1295
-1223
-1076
-971
-1223
-1478
-1477
-1378
-1167
-707
-655
-1193
-1457
-1219
-685
-396
-607
-985
-760
-444
-738
-1289
-1234
607
2244
1964
-958
-3045
-1
3754
4140
798
-1474
554
3203
3841
1578
8
1673
4220
4680
2054
-240
970
4058
4931
2842
573
605
2321
3005
1964
695
717
1691
1909
753
-411
-388
452
974
310
-743
-909
-560
-538
-757
-803
-521
-435
-1011
-1608
-1497
-907
-519
-654
-977
-1038
-809
-583
-636
-802
-635
-171
2
-412
-858
-659
18
402
144
-278
-319
-155
-125
-79
39
-53
-277
-353
-432
-608
-589
-450
-552
-772
-874
-989
-1121
-1083
-925
-813
-952
-1354
-1664
-1549
-1187
-1059
-1210
-1520
-1617
-1321
-1176
-1460
-1511
-1044
-849
-1196
-1515
-1068
-849
-1083
-916
-670
-355
-573
-1199
-1897
-902
1577
2682
1256
-2522
-2691
1486
4240
3508
-46
-1283
1294
3908
3739
972
-122
2109
4686
4029
1046
-254
1447
4450
4339
1850
566
1009
2742
2545
1299
758
1055
2181
1454
35
-364
278
1092
697
-217
-716
-523
-305
-387
-681
-724
-356
-285
-733
-1476
-1704
-791
215
36
-752
-1276
-1142
-509
-303
-410
-395
-357
-172
-266
-677
-676
-213
462
579
-170
-619
-549
-228
246
98
-221
-189
-329
-407
-530
-742
-494
-304
-425
-693
-1205
-1265
-860
-623
-708
-1227
-1437
-1137
-1053
-1077
-1033
-1150
-1209
-1174
-1136
-1174
-1393
-1122
-937
-1078
-934
-670
-763
-1308
-1190
-728
-140
-223
-1004
-1483
-1606
353
1988
1387
-604
-2301
-153
2661
3205
1516
-961
455
2990
3261
1677
-194
1495
4022
3997
1788
-233
1116
3723
4266
2334
562
870
2412
2935
1502
431
740
1811
1940
344
-701
-106
882
1046
81
-842
-576
-39
-111
-706
-1187
-737
-102
-412
-1264
-1533
-956
-456
-599
-887
-961
-851
-619
-526
-590
-459
-186
-220
-527
-557
-210
70
59
-89
-117
37
132
46
23
227
400
237
-164
-385
-192
141
161
-185
-583
-749
-672
-590
-714
-918
-982
-976
-1094
-1239
-1332
-1397
-1263
-1070
-1131
-1474
-1593
-1432
-1368
-1317
-1070
-878
-1151
-1421
-1308
-646
-779
-1539
-1180
-407
-149
-925
-1668
-2080
-421
2334
2251
-511
-3552
-1280
3126
4246
1750
-1671
-284
2513
3760
2311
-293
800
3678
4658
2325
-64
298
2882
4613
3206
959
114
1374
2824
2460
1082
521
1271
1857
1091
-271
-441
625
1374
775
-459
-1015
-768
-401
-374
-501
-529
-544
-707
-985
-1163
-1029
-640
-264
-176
-464
-886
-1053
-756
-210
93
-25
-355
-581
-454
-187
-40
92
175
154
72
-163
-343
-176
188
446
330
-97
-433
-477
-279
-160
-318
-533
-704
-832
-883
-982
-963
-743
-640
-774
-1107
-1441
-1331
-947
-833
-1075
-1320
-1346
-1304
-1228
-1244
-1315
-1098
-742
-971
-1542
-1507
-1082
-557
-306
-660
-1424
-1678
-1259
-139
1582
1494
-497
-2513
-1177
2596
3498
1428
-1327
-392
2889
3452
1670
-404
473
3283
4383
2583
-58
80
2724
4439
3082
845
485
1793
2771
2114
745
388
1402
2061
1114
-301
-396
564
1080
607
-356
-779
-384
16
-203
-844
-1101
-630
-243
-621
-1354
-1505
-756
-22
-81
-686
-1170
-984
-453
-209
-185
-331
-452
-300
-246
-269
-130
6
236
394
155
-163
-276
-100
341
579
330
-141
-408
-271
-33
-27
-220
-433
-574
-686
-777
-761
-650
-582
-702
-996
-1201
-1234
-1282
-1260
-1010
-834
-1138
-1441
-1340
-1179
-1242
-1232
-1054
-1073
-1167
-1166
-1046
-1190
-1118
-730
-456
-539
-1438
-1790
-1072
774
1759
490
-1450
-2184
685
3046
2209
115
-1086
1016
2856
2381
954
288
1935
3583
2994
1045
144
1532
3561
3470
1771
736
1156
2293
2336
1412
866
1003
1546
1579
645
-134
127
899
1145
394
-564
-774
-303
122
-118
-726
-877
-489
-296
-707
-1153
-908
-255
-77
-579
-1049
-886
-408
-239
-404
-469
-257
-35
-111
-394
-471
-146
295
417
109
-224
-150
188
361
250
109
22
-133
-252
-299
-333
-192
-128
-362
-518
-704
-1004
-948
-604
-510
-773
-1256
-1485
-1177
-930
-1005
-1251
-1406
-1311
-1070
-1059
-1205
-1261
-1492
-1154
-631
-785
-1419
-1781
-1196
-663
-412
-853
-1430
-1198
-1046
-90
1022
857
-545
-2075
-618
2170
2808
1089
-1110
-111
2546
3086
1411
-125
1014
3321
3735
1716
113
964
3020
3803
2318
789
778
1940
2544
1666
685
603
1427
1844
892
-228
-268
615
1311
629
-588
-868
-309
337
37
-734
-951
-612
-145
-420
-1049
-1023
-449
-56
-267
-711
-916
-753
-401
-174
-223
-298
-243
-267
-393
-375
-125
135
195
57
-104
-49
144
162
67
145
198
-31
-245
-247
-245
-239
-176
-302
-659
-892
-785
-597
-521
-574
-856
-1153
-1220
-1104
-908
-927
-1131
-1111
-1082
-1185
-1168
-1189
-1199
-1259
-1377
-1120
-721
-817
-1167
-1246
-1295
-977
-327
-628
-1427
-1805
-945
1057
1475
154
-1711
-1914
870
2646
2056
28
-949
1139
2760
2234
617
163
2037
3617
2975
961
195
1563
3350
3437
1714
564
832
1981
2438
1436
806
856
1442
1612
580
-95
108
825
1123
403
-521
-611
-174
-50
-186
-607
-662
-253
-263
-618
-894
-718
-257
-285
-572
-658
-702
-442
-206
-302
-262
-267
-261
-140
-299
-305
66
280
190
-85
-176
10
76
57
67
133
144
-168
-338
-173
-187
-254
-187
-333
-712
-1008
-910
-518
-471
-760
-994
-1048
-1073
-1110
-1036
-1059
-1037
-1095
-1211
-1362
-1321
-1093
-1125
-960
-1069
-1184
-1209
-1279
-931
-698
-814
-1270
-909
-408
-792
-1228
-807
642
1191
257
-1506
-1525
1060
2524
1628
-165
-403
1366
2545
1780
197
478
2480
3549
2439
398
272
1878
3353
3167
1416
541
963
2008
2198
1242
830
969
1461
1337
417
23
199
790
851
140
-419
-594
-237
-52
-246
-413
-502
-421
-564
-781
-795
-606
-378
-449
-660
-810
-704
-513
-373
-209
-137
-32
-179
-461
-504
-236
409
634
347
-138
-455
-77
416
488
85
-146
152
271
-108
-480
-288
202
300
-228
-895
-1044
-633
-221
-345
-807
-1013
-912
-891
-1112
-1250
-1114
-971
-1050
-1255
-1439
-1502
-1256
-1054
-990
-1063
-1233
-1201
-1230
-1087
-793
-688
-1159
-1359
-640
-340
-687
-1452
-998
726
1220
372
-1300
-1339
963
2398
1907
-73
-603
1270
2266
1877
954
855
2027
2875
2429
1055
644
1734
3047
3050
1737
732
936
1881
2104
1489
983
980
1294
1141
444
135
495
803
582
25
-292
-219
-98
-163
-392
-457
-286
-183
-422
-910
-889
-223
55
-317
-721
-818
-511
-233
-375
-509
-335
-106
-105
-317
-361
-90
215
290
64
-180
-94
126
147
71
95
113
-17
-229
-394
-410
-254
-123
-291
-658
-809
-642
-504
-715
-1076
-1040
-683
-626
-1062
-1530
-1354
-773
-656
-1079
-1528
-1509
-1040
-926
-1227
-1253
-1095
-800
-797
-1275
-1299
-920
-687
-513
-462
-1018
-1469
-1137
-190
902
970
-18
-1390
-1032
1295
2389
1418
-289
-173
1772
2415
1435
356
854
2481
2929
1991
817
825
1908
2870
2696
1424
837
1115
1765
2014
1319
755
821
1316
1259
500
45
253
691
639
141
-272
-302
-177
-140
-193
-269
-244
-230
-405
-698
-756
-418
-33
-83
-492
-768
-642
-267
-112
-213
-265
-332
-290
-101
-183
-301
-126
125
291
84
-390
-409
6
277
176
-110
-220
-299
-356
-266
-269
-362
-516
-690
-756
-675
-737
-795
-689
-902
-1084
-1185
-1263
-1076
-1012
-1000
-1082
-1275
-1278
-1284
-1103
-800
-1097
-1281
-1204
-1065
-803
-930
-1031
-1151
-1182
-406
-156
-852
-1392
-1156
641
1394
617
-1425
-1805
781
2604
1949
-335
-765
1260
2915
2175
488
280
1898
3215
2739
965
346
1471
2966
3090
1603
848
1031
1984
2048
1342
878
1010
1411
1267
371
-87
280
828
799
206
-331
-318
-62
98
-15
-385
-529
-331
-228
-497
-692
-551
-253
-116
-408
-547
-610
-453
-186
-271
-191
-193
-284
-275
-349
-233
-28
50
43
-40
-145
-135
-31
90
88
-54
-145
-281
-406
-368
-333
-330
-477
-725
-772
-642
-655
-866
-910
-895
-809
-930
-1201
-1130
-1023
-853
-967
-1245
-1273
-1210
-982
-992
-1246
-1278
-1183
-912
-918
-1051
-995
-932
-677
-629
-772
-1074
-1094
-576
734
872
61
-1104
-1076
894
2298
1597
-8
-349
1319
2551
1827
483
472
1907
3034
2518
965
312
1439
2886
2863
1592
704
844
1700
2239
1614
702
579
1121
1469
893
-21
-114
592
1017
499
-464
-694
-87
380
126
-550
-607
-236
-74
-343
-856
-706
-248
34
-199
-759
-748
-370
-11
-131
-483
-382
-61
-47
-355
-434
-167
107
145
-16
-237
-317
-159
2
51
-15
-173
-335
-359
-293
-280
-359
-525
-668
-738
-707
-641
-625
-736
-915
-1079
-1104
-971
-949
-932
-1096
-1268
-1229
-1214
-1027
-1066
-1218
-1187
-1124
-966
-1067
-1143
-908
-777
-811
-844
-831
-743
-660
-959
-721
473
1052
521
-889
-1196
624
2081
1978
489
-370
845
2205
2158
935
496
1655
2764
2513
1134
457
1393
2586
2717
1747
833
991
1652
1771
1274
890
970
1163
1096
653
184
164
600
734
303
-126
-277
-87
-5
-217
-448
-326
-23
-166
-474
-766
-513
68
-3
-326
-715
-794
-313
7
-160
-407
-300
-63
-51
-221
-283
-159
63
144
-64
-260
-211
-26
29
-123
-260
-174
-70
-241
-526
-597
-408
-310
-514
-798
-877
-814
-768
-806
-883
-832
-937
-1009
-1013
-1039
-864
-986
-1157
-1178
-1122
-925
-1002
-1184
-1222
-1161
-819
-555
-952
-1301
-1259
-683
-79
-424
-1010
-1460
-667
894
1204
182
-1467
-1009
1268
2178
1390
-183
-235
1346
2284
1956
711
450
1625
2739
2484
1047
571
1335
2509
2692
1437
725
1005
1691
1917
1307
825
773
1107
1159
535
111
283
629
610
289
-109
-249
-168
-114
-95
-288
-191
-136
-409
-592
-564
-201
-95
-286
-453
-537
-407
-259
-263
-339
-218
-40
-110
-330
-360
-199
-55
60
42
-181
-353
-241
-25
-2
-144
-240
-231
-295
-484
-582
-437
-249
-360
-731
-954
-844
-626
-601
-807
-930
-885
-840
-892
-1067
-1094
-982
-975
-973
-979
-1114
-1098
-1031
-1037
-868
-967
-980
-791
-853
-808
-760
-624
-486
-458
-638
-1008
-500
532
947
357
-748
-779
497
1794
1648
447
29
620
1711
1951
1022
820
1642
2291
1961
1145
940
1585
2230
2005
1373
1116
1364
1605
1364
939
879
1149
1226
862
358
243
551
777
545
82
-135
-72
-29
-105
-132
-67
-104
-301
-453
-418
-307
-259
-255
-243
-262
-345
-413
-386
-298
-225
-199
-216
-269
-323
-317
-236
-124
-37
-16
-88
-225
-314
-268
-132
-54
-115
-274
-414
-460
-413
-394
-518
-712
-762
-602
-496
-683
-976
-997
-731
-580
-782
-1101
-1145
-914
-754
-864
-1062
-1054
-891
-798
-927
-1082
-1065
-825
-628
-697
-762
-815
-725
-537
-415
-468
-616
-624
-693
-239
499
680
341
-558
-627
662
1750
1508
175
-138
1020
2038
1803
628
388
1336
2451
2288
965
534
1240
2313
2306
1259
706
890
1583
1656
1023
708
721
972
863
326
176
443
736
515
-28
-235
-134
68
185
70
-200
-339
-261
-213
-315
-336
-173
-145
-315
-432
-382
-278
-220
-196
-200
-240
-307
-340
-293
-201
-137
-113
-133
-211
-283
-273
-204
-135
-134
-213
-297
-310
-295
-281
-300
-440
-599
-567
-467
-532
-643
-680
-736
-759
-684
-700
-876
-972
-907
-824
-779
-818
-940
-958
-888
-857
-817
-837
-867
-751
-542
-519
-749
-850
-537
-303
-434
-364
-263
-303
-246
-267
-382
-104
649
831
346
-271
-243
870
1580
1219
424
259
1013
1453
1338
1083
1035
1533
1809
1300
835
1138
1702
1781
1421
1010
884
1084
1305
1154
660
488
773
936
690
293
148
349
554
378
-41
-239
-35
297
308
-110
-475
-370
-94
-74
-234
-335
-318
-221
-200
-372
-505
-350
-109
-112
-287
-366
-285
-208
-255
-328
-264
-127
-122
-275
-420
-400
-226
-92
-188
-420
-514
-397
-308
-453
-671
-661
-445
-376
-586
-812
-849
-746
-636
-637
-740
-796
-800
-807
-758
-602
-544
-768
-954
-865
-676
-489
-381
-579
-931
-911
-353
-17
-509
-768
-434
-172
-81
-346
-433
-92
70
17
-194
-256
171
706
832
500
3
-109
695
1419
1185
586
264
765
1296
1178
893
847
1175
1320
1245
1037
876
1094
1307
1240
960
885
933
833
785
781
749
694
660
556
248
114
380
481
222
35
-77
-23
108
-101
-228
-218
-204
-86
-191
-365
-414
-266
-117
-185
-341
-460
-364
-269
-325
-444
-376
-251
-222
-249
-424
-434
-289
-103
-174
-477
-438
-246
-201
-347
-429
-368
-384
-422
-434
-473
-522
-501
-487
-525
-564
-601
-583
-520
-518
-592
-667
-710
-696
-596
-484
-511
-600
-615
-688
-703
-436
-244
-320
-429
-565
-593
-317
-18
-6
-362
-699
-213
648
468
-453
-664
75
909
898
6
-534
-96
576
949
904
372
-145
164
1116
1497
911
181
165
850
1519
1341
500
99
689
1603
1457
623
240
667
1430
1348
773
277
373
980
1069
684
209
192
517
561
336
103
126
255
251
109
-17
-118
-182
-123
-61
-98
-199
-278
-351
-380
-298
-252
-356
-487
-494
-370
-219
-220
-411
-538
-431
-311
-407
-551
-478
-303
-279
-411
-510
-474
-367
-303
-361
-475
-550
-528
-462
-431
-451
-505
-500
-484
-487
-491
-415
-339
-349
-475
-725
-662
-392
-145
-286
-686
-638
-349
-75
-315
-598
-414
-83
204
-158
-502
-398
-104
400
358
-214
-270
10
156
329
172
153
316
256
181
176
438
442
357
300
203
495
605
471
465
513
486
539
645
609
695
750
649
697
863
868
747
730
832
917
834
672
689
870
909
740
573
446
427
594
664
412
163
151
156
81
38
-12
-131
-211
-261
-374
-465
-445
-396
-442
-558
-648
-624
-577
-608
-643
-679
-702
-680
-612
-605
-578
-516
-547
-688
-743
-494
-392
-432
-562
-610
-260
-162
-317
-500
-387
-111
-243
-240
-213
-162
-22
-208
-218
-74
61
-49
-258
35
-113
-503
-207
209
255
-243
-680
-319
321
320
-170
-481
-395
75
202
-48
-193
-291
52
154
-55
140
223
58
-189
130
620
522
158
-138
106
576
787
430
96
284
461
695
636
363
356
439
613
737
679
431
311
634
825
673
481
338
366
551
826
710
206
92
359
572
416
156
127
71
119
165
69
-65
-151
-44
-47
-160
-217
-245
-246
-268
-295
-379
-431
-308
-196
-340
-578
-705
-435
-79
-330
-699
-640
-434
-271
-97
-335
-769
-627
-100
123
-479
-903
-498
136
333
-404
-855
-317
287
72
-643
-472
205
158
-191
-271
-341
-259
77
268
-37
-343
-208
-110
30
69
-26
57
-61
-232
-36
282
61
-302
-170
181
444
109
-301
-117
103
473
595
-123
-340
261
636
478
68
75
300
563
484
-91
100
585
527
300
89
175
249
281
445
463
252
4
172
352
466
423
5
73
305
487
349
-57
55
137
398
361
-151
-75
149
235
106
-98
-44
29
93
-43
-85
19
-190
-154
16
-148
-189
-25
10
-219
-427
-317
-54
8
-240
-455
-333
-127
-27
-71
-539
-748
-71
227
-275
-607
-508
-234
-2
-96
-540
-621
-310
184
192
-579
-781
-378
255
432
-240
-651
-365
217
423
-11
-668
-431
274
425
73
-354
-50
162
36
81
65
157
34
-211
65
489
192
-198
87
430
481
117
-119
148
262
268
209
200
279
53
152
398
146
-100
43
336
266
281
352
-33
14
295
213
176
73
206
378
129
-8
-26
219
337
57
-28
15
228
208
-55
-97
54
237
-23
-141
87
-26
-151
55
119
-216
-359
-70
179
100
-131
-353
-346
-21
124
-35
-208
-309
-279
-75
29
-189
-444
-392
-156
34
67
-294
-452
-28
123
-208
-361
-153
-72
20
-16
-243
-241
-214
-62
-42
54
158
-196
-290
-169
72
271
36
-225
-197
24
144
112
30
-104
-164
30
137
51
115
90
-37
38
150
156
83
-3
84
227
171
107
123
69
41
203
315
127
-79
0
173
199
231
177
-33
-79
110
212
104
98
21
4
187
109
46
-23
-126
-68
50
370
270
-43
-59
-269
-35
401
291
49
-19
18
-100
28
246
118
-123
-50
86
52
139
-220
-317
80
178
19
-229
-206
-149
-58
-20
-66
-12
39
-184
-437
-110
-17
-138
-141
-71
83
-97
-83
-86
-284
-126
85
20
-165
-206
-156
-112
-4
58
-134
-212
-68
-137
-168
-1
43
16
-15
-73
-17
15
-115
-83
76
38
-54
-20
20
71
109
0
-102
49
235
110
-103
-54
133
217
140
32
47
77
100
193
105
-150
-135
154
304
207
88
24
-23
71
255
222
-16
-162
19
257
187
46
37
38
39
110
55
-40
17
47
82
65
86
126
42
16
-21
-49
8
106
73
-55
1
36
-41
-57
15
85
4
-93
-57
-75
-69
-7
-88
-111
-90
-65
-20
-124
-146
-104
-147
-93
-51
-179
-243
-133
-47
-61
-70
-47
-199
-310
-146
72
51
-231
-295
-186
-129
-81
-61
-48
-19
101
37
-150
-156
-61
44
90
147
61
-117
-1
212
219
64
-23
72
233
354
221
25
39
161
308
237
-4
-51
97
196
185
88
-64
-30
206
282
72
-111
-50
122
204
99
-78
-91
46
125
101
9
-91
-60
48
77
22
-53
-46
76
139
39
-72
-56
63
117
46
-18
-41
-69
-47
21
-8
-36
45
123
65
-93
-156
-63
48
15
-7
-37
-101
-70
-43
-18
-36
3
14
-84
-154
-247
-174
-74
-49
-36
-161
-183
-140
-59
25
-111
-156
-65
-31
-9
-125
-215
-148
-76
-27
-4
-51
-74
-48
-120
-91
51
21
-7
24
-1
28
41
-4
-38
-5
85
45
47
91
20
38
59
96
156
170
161
55
26
82
118
124
130
206
203
82
17
52
111
182
194
85
5
-3
39
146
175
83
-39
-81
-22
107
160
55
-6
-23
24
79
14
-7
-21
-9
48
37
5
-58
-65
19
5
-37
-65
-115
-27
16
-41
-124
-180
-67
8
59
6
-105
-99
-115
-71
-84
-93
-45
-61
-39
-49
-88
-131
-153
-80
-22
-64
-80
-76
-90
-123
-145
-72
-35
-43
-51
-97
-102
-124
-109
-14
47
53
-44
-194
-179
3
87
51
31
-28
-19
42
30
48
72
87
53
31
72
62
88
134
111
82
81
91
99
136
115
76
123
97
87
181
187
146
68
8
94
151
133
102
81
73
34
42
46
35
64
73
65
85
63
4
31
57
-2
-32
-7
15
78
113
37
9
25
32
-10
-72
-92
-35
76
41
-18
-103
-140
-50
-10
11
-63
-134
-179
-152
-90
-89
-91
-168
-171
-143
-98
-86
-174
-229
-238
-145
-82
-97
-153
-171
-119
-61
-17
-11
10
11
42
-22
-78
5
1
-6
-17
-47
-21
0
10
52
33
-19
55
39
8
39
57
78
23
19
28
23
80
88
9
-1
57
95
136
90
45
70
89
70
82
120
80
92
70
60
98
112
168
120
59
47
51
90
95
73
96
60
-42
32
78
93
132
22
-32
-25
26
93
56
1
-4
-15
-29
-26
-26
-16
-32
-12
-24
-89
-98
-80
-25
-34
-59
-73
-76
-16
-10
-21
-43
-52
9
7
-32
-30
-38
-78
-91
-85
-97
-53
-43
-52
-54
-106
-94
-100
-100
-73
-111
-130
-125
-109
-102
-65
-33
-58
-61
-53
-47
-25
-4
6
5
-18
-36
-13
7
7
9
32
61
37
-6
-7
20
61
98
63
9
50
87
57
54
89
108
92
90
58
64
88
49
16
22
117
127
102
100
29
43
77
67
36
28
23
58
95
79
79
46
57
9
-38
24
57
117
141
99
24
-28
-66
-28
26
34
74
20
-2
-11
-27
40
18
-70
-83
-20
-4
10
-17
-66
-71
-53
30
13
-43
-63
-116
-107
-64
-11
1
-16
34
16
-35
-54
-94
-54
-30
-55
-47
-65
-62
-64
-32
32
9
-48
-139
-153
-83
-39
-14
-75
-123
-115
-75
-25
-87
-123
-81
-30
25
-37
-113
-94
-34
43
-13
-76
-33
-2
58
53
31
60
67
80
77
73
68
93
120
111
71
40
66
56
111
148
68
66
66
87
141
107
100
93
66
54
71
139
121
58
26
27
70
68
9
-12
17
46
63
51
30
25
0
-35
-31
10
19
-1
1
3
-6
-5
-31
-78
-62
-19
-21
-41
-67
-73
-40
-50
-80
-48
-27
-37
-44
-59
-42
-40
-97
-112
-66
-28
-21
-60
-112
-135
-119
-79
-58
-67
-73
-56
-16
17
12
-33
-72
-35
4
-14
-2
24
-18
-46
-31
-15
36
86
54
-23
-60
-43
7
40
-2
-49
-14
19
8
-8
-57
-91
-36
46
81
53
-15
-51
-20
37
70
80
117
153
111
40
38
104
134
100
74
87
120
114
62
34
56
70
75
93
130
169
100
54
52
41
96
80
65
49
-15
-17
7
33
28
15
-17
-59
-44
-44
-61
-59
-24
-12
-54
-58
-73
-48
-23
-38
-8
-29
-26
-50
-79
-51
-73
-97
-96
-59
-13
12
-63
-130
-157
-147
-44
-51
-21
-13
-101
-111
-76
-50
-43
-16
-59
-17
26
-33
-27
-61
-69
-64
-29
38
3
-53
-19
5
4
66
53
21
19
-8
26
23
31
68
-3
-32
16
44
103
77
-1
32
26
33
77
35
34
87
95
92
79
42
22
-32
16
70
35
72
-7
-28
66
38
9
10
39
43
41
34
48
78
81
91
35
33
93
119
99
42
37
19
33
85
39
-18
-36
-66
-22
2
-39
-15
-7
-11
-14
-89
-93
-52
-34
20
-31
-107
-70
-49
-7
10
-69
-67
-71
-106
-46
-21
-23
-20
-97
-125
-95
-66
-9
-27
-98
-130
-118
-53
-28
-43
-46
-78
-83
-62
-42
6
-24
-71
-37
-16
23
30
-4
14
-16
-30
0
15
54
34
-20
-1
58
75
69
46
11
36
61
63
90
122
123
91
25
13
67
94
107
76
66
61
56
58
27
21
12
81
57
6
38
23
91
63
-1
22
23
48
58
53
27
22
38
30
3
0
15
-23
19
75
49
50
-13
-57
-24
-10
35
15
-26
-22
-19
36
7
-69
-80
-100
-64
-24
-17
-23
-91
-106
-77
-58
-33
-41
-47
-54
-57
-68
-76
-40
-35
-28
-36
-99
-86
-82
-67
-5
-28
-30
-56
-74
0
-23
-41
-18
-29
2
32
22
0
-17
-15
-18
10
55
34
14
23
0
15
45
28
49
61
26
10
21
54
100
95
28
32
70
69
71
62
67
23
-1
48
54
62
33
19
64
40
45
39
17
43
25
61
96
33
-8
-16
-3
29
26
2
11
4
-19
-12
-1
-7
-13
-27
-72
-72
-8
41
65
45
-17
-48
-26
40
97
37
-61
-100
-64
18
16
-24
-40
-49
-21
11
-35
-66
-31
-66
-72
-47
-54
25
23
-26
-12
-45
3
12
-53
-56
-77
-44
-9
-59
-86
-52
-33
-20
-51
-139
-101
-46
-31
-26
-90
-58
-17
-30
12
30
42
27
-46
-30
54
113
68
-2
19
44
88
70
3
30
22
17
26
45
96
55
12
3
24
78
80
61
21
24
59
95
132
58
1
1
14
42
36
74
75
31
26
21
16
65
79
2
-41
-62
26
117
55
27
10
7
45
9
-42
-30
16
54
31
-18
-34
-42
-29
-19
-22
-4
25
-8
-62
-42
-63
-60
-27
-49
-31
-62
-102
-51
-11
-22
-70
-63
-56
-68
6
-5
-68
-52
-48
-35
-18
-25
-22
-22
-19
1
-23
-42
-19
-5
37
31
-43
-72
-40
-24
-26
15
34
28
18
4
-4
-8
-2
17
-1
-23
43
67
61
14
-47
31
36
7
-7
-32
55
73
41
27
-32
-18
8
-18
2
32
51
75
36
-16
52
103
62
43
-6
-35
44
90
54
28
26
16
29
66
70
49
18
-23
-18
23
41
39
7
-10
10
-17
-24
-7
-16
0
-8
-25
-21
-34
-34
32
41
-22
-38
-87
-48
-1
-39
-19
-15
11
12
-21
-6
-27
-45
-24
-32
-43
-26
-17
-5
-11
-28
-26
-33
-14
-5
-32
-52
-34
32
65
22
-26
-54
-40
39
48
-3
-45
-71
-31
12
24
37
38
-41
-71
-25
-13
8
-23
-16
-8
-27
23
12
-9
6
22
14
26
8
-22
13
37
83
46
5
11
-2
32
22
8
47
83
78
49
-27
-57
12
33
69
54
-13
37
79
63
63
23
-12
19
15
47
90
57
24
1
35
78
24
-19
8
8
4
-18
-51
4
34
39
14
-64
-46
-27
-46
-53
-57
-35
-2
-2
-29
-62
-83
-54
-32
-20
16
-2
-22
-49
-104
-70
-13
41
52
-55
-97
-85
-73
18
23
-59
-98
-93
-11
11
-10
2
-69
-56
13
-5
6
-6
-10
-1
-51
-27
38
74
80
38
-13
-21
30
52
3
-20
3
45
65
76
70
18
-8
-46
-16
78
60
65
44
4
43
42
63
60
20
43
81
112
107
26
8
14
20
81
18
39
98
36
43
-7
-26
13
15
49
1
-55
-60
-78
-22
66
52
19
-30
-59
-41
-58
-31
-11
-21
-33
-35
49
31
-76
-85
-94
-61
6
6
15
-31
-85
-67
-52
5
11
-26
-34
-54
-1
48
4
-24
-35
-35
-1
25
22
22
-24
-50
-17
-9
8
8
-16
-13
-26
-2
1
-19
-4
-7
-23
-63
-59
-2
33
25
-29
-31
13
14
16
21
-12
19
15
18
36
-26
24
1
-26
31
28
75
48
32
26
-5
26
22
65
77
34
57
56
15
10
17
-2
16
26
12
67
50
9
19
-19
-3
32
12
-24
-17
30
15
20
45
10
-22
-53
-41
20
6
-11
-34
-51
1
1
-4
-9
-30
-17
-31
-24
2
22
39
3
-54
-71
-44
21
59
21
-24
-46
-43
-12
1
0
-37
-33
11
13
41
-36
-100
-49
-42
39
44
-6
18
-10
8
-28
-45
-5
-32
20
34
-7
-25
-47
47
50
-52
-29
-13
-24
19
39
56
64
-25
-73
-44
-13
56
33
-9
30
11
-16
5
16
26
23
50
76
21
15
24
-11
24
76
72
42
7
-16
-15
-11
24
83
71
63
32
-41
18
20
-26
40
30
62
64
-31
6
-8
-32
21
-18
4
57
-2
-6
-51
-80
-21
-20
14
-28
-41
-8
-59
-28
-7
-16
6
29
13
-8
-16
-21
27
20
-8
-35
-28
7
-23
7
28
-7
-13
-9
-13
-6
-3
-50
-50
-3
-4
-12
-46
-50
-40
-29
33
4
-13
12
-1
-19
-26
-4
-5
-12
-15
6
6
6
33
29
18
-48
-33
40
38
47
14
-31
-34
-27
12
17
-15
7
3
19
60
23
-10
-49
-34
36
24
-6
-12
2
-12
-40
-11
-1
13
48
25
0
10
-9
-23
10
13
12
37
45
14
-24
35
64
49
55
11
28
49
45
32
10
39
66
43
-23
-2
48
38
7
-4
10
16
33
-25
-54
-35
-13
62
30
-26
-45
-59
-25
-22
-61
-83
-55
-10
-17
-22
-21
-48
-36
-19
-29
-21
11
27
-33
-60
-42
-11
54
29
-17
-17
-16
2
13
18
-20
-60
-42
-20
20
36
18
-8
-24
-4
-12
10
47
8
15
45
44
24
-16
-21
-19
15
52
50
46
19
14
1
-15
16
28
13
-24
-38
9
28
7
-4
2
13
3
-10
3
-6
12
64
49
26
10
-19
7
25
23
36
30
39
61
43
12
4
-2
22
-2
-41
19
58
68
17
-90
-93
-25
24
38
5
-10
4
-25
-39
-77
-51
49
56
60
-18
-108
-74
-29
40
56
10
-11
-14
10
32
40
16
-17
-37
-44
30
74
13
-57
-78
-37
-24
3
18
-55
-48
-41
-65
-39
-40
-9
-19
-59
-19
22
40
32
29
16
-10
-22
-30
14
41
40
62
33
10
11
6
19
11
31
20
-33
1
13
27
35
-16
-3
13
12
33
12
25
82
33
-21
-26
-20
48
34
4
20
-39
-24
14
-1
8
3
8
8
2
-10
-10
7
-8
7
8
-10
2
-16
-15
-6
46
65
-19
-13
-5
7
62
38
38
-1
-30
1
-15
44
67
4
-35
-27
3
-17
-11
-11
-25
-19
-59
-30
-23
-56
-30
-46
-27
-4
-13
-5
-38
-23
-1
-4
-12
-66
-44
8
29
8
-14
11
-3
11
27
4
10
10
22
34
35
24
37
39
-18
-7
2
-17
23
11
-1
17
4
7
17
21
33
23
-16
6
28
7
28
-7
-25
28
14
21
48
80
86
4
-22
-19
-6
21
22
17
2
-10
-4
31
29
-3
-32
-4
26
-11
-25
-44
-37
-1
23
44
35
21
-20
-53
-23
49
74
17
-22
-10
-4
-2
2
-17
-17
-36
-33
-16
-16
24
-12
-27
-49
-100
-22
22
36
46
-33
-88
-73
3
59
18
-20
-34
-30
21
34
27
23
22
68
9
-81
-35
0
21
33
7
0
-8
23
40
14
-10
-37
-31
-16
38
63
-10
-54
-48
-25
6
31
15
-21
-14
-5
16
14
-11
13
15
7
-10
-4
29
2
-1
-7
-1
42
38
50
9
-35
54
48
0
7
-39
-24
26
55
77
39
9
-18
-36
28
69
49
-20
-61
1
29
43
26
-18
-22
-23
-2
-1
6
35
29
4
-13
-14
10
7
-43
-12
8
-3
14
-23
-7
14
-10
-24
-56
-32
-9
-33
-66
-86
-46
-16
-14
34
48
-30
-85
-56
2
50
11
-37
-15
-1
8
-4
-21
-15
-22
-20
-17
19
40
6
25
23
13
8
6
17
-28
-18
7
14
31
45
62
-1
-31
-7
-14
29
57
48
31
-29
-41
16
36
2
-13
22
53
31
3
18
-1
-19
-20
28
77
26
-5
-27
-19
47
48
35
7
-26
-16
26
46
6
26
49
-10
-31
-26
-2
53
74
18
-42
-17
-11
-6
42
8
-25
33
31
-11
1
-3
-20
-32
-49
-52
-7
34
1
-23
-4
-13
-8
36
-9
-24
-13
-66
-26
-10
-34
-17
5
12
-9
-10
-23
-3
-6
-30
-7
4
45
41
-30
-54
-14
57
40
-14
-17
-29
-39
-33
30
73
25
-11
-5
-4
1
36
26
-15
-17
4
21
17
35
31
26
2
-24
15
46
50
-3
-42
-1
26
16
-14
-35
-5
12
3
46
22
-44
-64
-71
-4
70
86
46
-7
-35
-35
3
10
45
92
56
27
-14
-35
-7
-2
40
50
6
-4
-3
11
21
-11
-46
-53
-42
25
78
29
-23
-64
-70
-2
56
48
-5
-60
-43
-4
2
12
-6
-21
-20
1
20
-8
-11
-11
-22
-43
-50
-19
-9
-7
-24
-48
-18
43
40
5
-14
-57
-39
7
27
11
-17
-13
-15
16
43
10
-29
-24
12
39
40
14
0
-16
-20
26
28
-7
8
19
2
8
10
10
11
-4
-10
-3
9
-2
-14
36
67
36
11
-28
-15
49
55
47
18
-11
-28
-27
37
25
-4
8
2
10
27
64
42
-14
-24
-27
-10
23
43
45
24
-31
-45
-27
13
23
1
2
-13
36
45
-7
-16
9
25
18
43
-28
-62
6
4
6
-2
-18
-26
-40
-14
3
-34
-25
3
-37
-34
-13
-9
16
12
-18
-33
-38
-14
1
-22
-1
-12
-14
35
39
58
-24
-78
29
3
-37
-15
-48
-24
-20
-41
17
23
22
22
-28
-6
9
1
9
7
8
20
26
22
34
7
2
25
31
44
20
5
8
23
-2
-44
-8
60
75
19
8
-13
-36
22
37
27
17
-10
-20
4
18
-13
-19
-15
-9
29
51
33
5
-9
-30
-45
-18
8
23
2
-39
-42
-18
37
43
6
8
-25
-22
20
15
10
-29
-58
-11
35
47
12
-25
-11
20
49
22
-57
-37
12
9
27
9
-16
-30
-59
-14
7
25
46
-20
-32
-7
9
-6
-19
0
5
36
10
-7
-21
-37
-7
17
10
-38
-14
6
-3
20
1
-15
-4
1
1
-6
-21
27
50
9
18
18
21
24
-19
-34
3
54
45
-4
0
12
-13
-25
14
46
-5
-39
16
53
29
-24
-57
-51
-8
25
31
43
12
6
26
-2
17
25
4
19
-6
-9
44
73
33
-39
-55
-24
24
32
-25
-29
0
-6
17
22
-12
9
6
-11
-9
-25
4
-12
-19
22
-20
-30
6
0
12
38
-11
-50
-44
-38
-30
-22
-1
-14
-15
18
44
58
23
-33
-25
20
-9
-25
-15
15
50
-14
-23
4
13
32
-6
-24
-1
38
55
16
-29
-45
-22
-3
-3
10
-7
-7
51
62
-16
-52
-26
-18
18
44
28
36
-10
-35
-8
-8
58
68
17
27
-30
-6
44
-17
-11
-10
38
66
4
3
-22
-22
4
-4
10
37
32
25
43
-11
-37
24
47
44
9
-29
-8
15
14
17
-9
-25
-9
-13
-13
3
10
20
-15
-45
0
8
-2
-17
-31
4
9
35
23
-17
6
-12
1
-4
-50
-32
4
3
1
13
-35
-19
-5
-31
17
0
-12
14
-5
20
-2
-44
-6
-53
-52
37
38
45
-17
-42
9
25
32
-5
-21
-16
51
50
-17
0
3
22
14
6
-6
-38
14
28
-9
1
30
15
0
-38
-55
-3
30
67
36
-17
7
4
4
-1
-14
-6
-34
-11
39
53
26
-14
4
17
13
-31
-64
-12
3
-12
5
10
22
32
-10
8
34
4
-3
-9
1
22
7
-23
-4
-13
-10
36
-11
-6
8
8
37
-12
-30
-27
-2
22
5
13
0
-21
-13
-1
-4
-9
2
17
-21
-31
28
18
8
28
-15
-25
3
0
-2
-8
0
0
-33
50
169
130
22
-99
-199
-158
5
123
110
5
-59
-34
16
29
-13
22
71
61
33
-25
-30
-34
-6
21
4
1
-33
-1
39
3
-3
10
8
24
21
-18
20
55
7
-12
-32
-57
-2
41
36
34
2
-32
-45
-61
-4
51
5
-16
-7
-17
-3
17
0
11
22
-15
6
-1
-8
-7
-36
-18
-13
19
3
-37
-18
-12
12
19
38
16
-29
3
18
-13
-21
-6
4
6
-35
-6
-2
5
63
-7
-40
-21
-2
-4
25
44
-13
10
-13
-7
22
12
4
-57
-27
17
20
3
-19
-13
4
30
29
-1
-9
13
-10
-9
8
27
41
-23
-30
4
101
181
83
-67
-195
-221
-134
-5
94
112
83
13
-25
-19
10
59
36
3
-11
-3
-6
-31
6
10
21
18
-28
-12
-7
25
35
5
0
-5
-5
-1
4
13
2
-18
4
-22
-15
15
-14
18
-7
-15
20
-19
12
14
-41
-19
27
52
33
-3
-29
-31
20
35
12
-21
-36
-12
0
12
9
-22
-41
-39
-36
-1
37
16
-15
-6
16
24
1
-39
-33
15
23
-2
10
20
-10
-3
22
-1
-17
3
-7
-9
11
3
-8
-17
-20
18
20
-7
11
24
12
5
-5
2
15
-15
-13
23
39
28
-36
-32
16
1
30
32
4
5
-28
4
22
-5
7
-1
4
5
1
29
25
7
0
-16
2
37
22
-2
-11
7
32
21
-4
-26
-7
26
0
14
32
5
27
1
3
69
7
-38
-27
-7
50
21
-5
-4
-25
0
3
11
3
-36
6
22
1
3
-23
-15
-2
-27
-33
-21
7
28
21
10
-9
-20
-16
14
28
-25
-29
-4
-7
22
19
-23
-6
15
-6
2
-4
-14
21
5
-14
-27
-41
-5
2
-4
34
30
-25
-33
12
22
-17
-37
-15
14
3
-20
-1
-27
-6
33
-36
-25
-2
-13
14
-2
19
8
-46
7
8
-29
12
30
30
13
-26
-26
1
33
35
8
-9
-3
6
5
16
25
24
11
-5
13
28
28
29
6
-6
12
5
0
21
-10
-46
-14
18
29
-16
-41
1
18
36
5
-28
4
33
24
11
-14
-58
-25
0
14
43
11
17
10
-1
3
-13
9
-5
1
20
-27
-11
-2
7
31
20
34
2
-9
1
-14
36
10
-18
5
-22
-13
8
9
-33
-65
-3
-5
-18
27
12
-22
-27
-24
-15
9
19
11
-1
-13
1
12
14
-1
-11
40
38
13
10
-7
4
-17
-45
-16
-16
-1
37
-32
-40
18
17
23
8
36
39
-10
-11
-3
-1
-1
22
32
32
11
-18
4
-13
1
27
-3
3
-10
8
37
-24
-5
26
-6
31
29
-11
0
-22
-10
27
7
17
-11
-27
15
10
17
21
8
-23
-42
-13
12
-6
-38
-10
1
-12
-5
5
36
7
-26
-13
-10
-3
6
8
-27
-17
50
37
11
-10
-12
17
37
14
-47
-16
22
18
34
0
-29
-28
-41
-37
16
41
51
44
-14
-30
-10
31
45
-6
-29
-24
11
31
4
-8
-48
-27
18
17
40
10
-36
-38
-2
33
-12
-21
5
13
38
16
-3
28
12
-12
-18
-8
5
-2
11
1
-17
2
-7
-8
22
16
0
20
-8
-60
-17
26
22
31
4
-21
-16
-14
-18
8
45
8
2
12
-21
-6
-2
17
25
-21
-10
-25
-10
28
-10
3
29
11
1
-31
-73
-15
32
4
21
-8
-31
20
8
-7
26
22
-20
-45
-23
4
28
11
17
-1
-7
18
-11
-11
-9
8
-4
-7
23
-10
-41
-26
2
27
27
36
0
-49
7
8
12
0
-7
49
4
4
23
20
25
6
-25
-17
19
34
16
-5
-47
-19
8
4
16
-19
-13
10
9
28
27
-15
-14
3
5
16
16
14
-11
24
25
-8
-27
-22
2
1
33
42
-9
-49
-21
3
25
7
-6
-10
9
18
9
24
-24
4
46
8
-24
-25
-9
-20
5
31
20
-2
-7
33
45
1
-23
-1
24
-29
-31
28
19
-19
-3
0
-12
2
5
-2
-15
-8
28
10
-36
-17
19
2
5
-10
-28
37
51
25
-8
-48
12
27
-27
-25
-19
-25
-14
-9
-34
-9
-18
-41
-23
-29
38
47
18
17
-47
-26
34
8
5
14
11
41
16
3
11
-16
19
27
-21
-32
2
23
20
1
-6
17
-11
-9
14
8
-1
8
15
-32
8
43
23
10
-44
-23
19
10
2
3
3
21
30
-8
-21
-17
-13
8
13
6
-11
-38
-39
-19
10
40
-6
-22
0
-16
1
21
23
16
-8
-24
-21
6
1
22
25
0
39
28
24
-1
-79
-12
31
23
26
-28
