8
-3
-6
26
8
16
-15
1
-17
5
2
1
7
-11
3
4
8
17
0
0
3
4
0
4
-2
-11
0
5
11
-2
2
-10
20
-5
7
-1
2
8
-10
6
1
10
-10
-14
-5
8
9
9
-14
4
-9
-1
15
8
-6
-12
1
0
1
10
9
2
-2
-3
0
13
-3
6
20
1
1
-10
-1
5
-1
3
3
-1
0
-6
-5
6
-6
14
4
-3
7
1
14
-9
6
4
3
7
-16
12
0
4
10
-10
17
1
-11
3
6
-1
3
-2
7
14
3
-1
-7
1
-7
7
3
5
-8
10
0
14
0
-10
16
-11
8
-4
11
7
-13
21
-2
16
-10
-12
-4
-4
3
-12
14
0
10
3
0
8
-10
15
-12
4
3
0
9
-8
-3
-11
1
11
6
-8
6
9
1
7
-23
4
1
-1
13
6
-18
-12
-3
12
6
-4
0
8
11
9
-6
2
1
-8
3
3
10
3
-2
21
-2
-11
5
-5
1
14
-1
14
12
-9
-1
-24
13
11
5
-10
-4
5
12
12
-16
14
9
9
0
8
-21
21
-4
10
5
-2
13
-2
20
-12
20
-6
5
3
-6
-6
-2
-2
2
22
-13
16
-6
-3
6
2
15
2
4
10
6
2
7
-2
3
8
7
10
4
-7
-3
0
2
3
10
3
5
4
-9
-6
-7
17
1
12
16
-16
0
-6
20
-13
-3
17
-5
31
-6
9
-18
-1
8
-13
8
3
0
-4
-10
16
-8
9
-1
-17
43
-15
8
-6
-12
10
0
24
-23
11
-8
-4
9
-8
9
-10
3
11
-2
-1
4
-14
-3
12
-1
1
-1
3
-1
5
-14
2
18
2
-10
4
12
-13
11
-11
-2
17
-18
-1
2
7
-22
6
12
-15
19
-15
-5
10
3
18
-9
-10
-2
-3
-6
25
-6
-2
-8
5
13
-4
22
-19
10
6
6
2
-12
16
-30
36
-36
5
15
-26
32
-33
21
-3
3
1
5
21
-10
41
-24
19
0
-4
36
-8
-8
3
3
22
-26
18
-4
-2
26
-14
-1
10
-1
6
20
-20
-6
21
-26
13
11
-11
18
0
2
-10
-9
20
-3
4
5
-10
-9
17
10
-17
23
5
-13
26
0
-5
26
-5
-6
20
5
-4
-3
9
-30
24
17
-36
26
-4
-17
17
-1
11
-6
-8
-9
-5
12
1
18
-37
59
-46
40
-35
4
-5
-6
26
-8
26
-29
24
-6
11
-24
22
-18
4
24
-15
8
28
-21
20
7
-15
8
27
-42
31
9
-55
47
-23
0
22
-25
24
22
-5
0
6
0
15
-34
38
-55
27
8
-1
-2
-5
18
11
10
-9
10
-28
61
-43
0
49
-57
23
4
-3
-10
33
-22
1
14
-18
15
-9
18
-11
25
-14
-4
25
-38
32
-16
-2
-4
24
-17
4
15
-13
35
-26
13
-13
-3
-5
-9
41
-28
29
-36
7
12
-3
4
12
-12
-13
21
-14
43
-50
44
-50
-6
63
-86
74
-58
15
34
-36
24
-9
-18
25
13
-45
68
-50
16
-21
28
15
-40
34
7
-25
53
-51
21
26
-69
61
-55
61
-44
40
-3
-55
107
-75
29
-9
0
-24
27
25
-55
64
-49
20
-8
-9
4
-4
-13
51
-61
44
5
-49
101
-106
63
-9
-41
39
15
-24
-3
41
-46
32
-14
42
-74
40
0
-31
54
-35
40
-51
68
-35
-5
40
-42
18
12
39
-51
33
0
11
8
9
-70
80
-54
29
16
-22
79
-88
93
-54
19
-17
38
-47
47
23
-71
126
-123
101
-10
-26
39
-30
-1
75
-112
102
-34
-57
151
-171
123
-42
25
20
-34
56
-61
52
-31
87
-85
80
-29
-17
56
-79
73
-37
4
21
-35
41
-23
-22
63
-35
8
14
6
-47
76
-27
-19
61
-103
80
-36
46
47
-97
92
-98
80
-8
-46
64
-47
20
50
-57
13
-7
-67
83
-42
25
14
-24
-54
68
-32
10
40
-109
120
-81
67
-58
2
65
-112
107
-43
-12
78
-130
81
6
-48
62
-68
13
26
-51
69
-27
16
-12
-12
42
-45
70
-72
72
-32
14
-8
-26
41
-49
13
26
-12
-16
68
-47
-6
42
-35
47
-100
96
-55
7
92
-136
90
-51
25
-11
98
-147
93
-4
-86
149
-117
62
-38
-24
81
-65
78
-37
-22
63
-49
78
-120
65
-4
-68
108
-69
24
16
-12
-19
58
-46
13
-4
29
-34
27
-21
-22
26
-30
36
1
34
-80
145
-105
68
-12
-50
78
-96
156
-204
178
-69
-52
114
-133
125
-80
60
0
-59
15
74
-95
70
-21
-39
71
-72
23
25
-70
122
-156
113
-78
25
51
-33
7
46
-2
-66
95
-51
13
10
-7
8
21
43
-113
107
-31
-76
161
-148
107
-46
7
12
-6
18
-77
142
-109
83
-57
-12
62
-21
-14
6
31
-60
67
-30
18
59
-133
203
-131
52
1
-40
43
-13
-14
70
-48
-34
134
-199
182
-135
25
79
-127
161
-112
106
-47
-22
64
-72
12
58
-57
55
-48
21
104
-169
126
-29
-25
88
-73
38
0
-16
0
-62
99
-42
-13
37
-101
92
15
-43
57
-55
19
29
-76
153
-162
148
-75
-13
34
-30
80
-122
101
-109
98
-56
18
29
-40
28
15
-57
45
-40
-19
32
-5
-51
122
-138
152
-126
35
128
-158
153
-184
169
-177
126
-4
-26
-2
21
-22
-16
91
-129
116
-82
60
-34
68
-25
-54
20
38
-63
41
3
-22
1
14
34
-84
138
-197
183
-96
-68
108
-33
-19
49
-1
-69
76
-12
-77
72
-21
-34
126
-151
80
-1
-9
3
-7
7
-10
23
-71
-2
110
-57
5
78
-127
148
-102
58
-53
155
-259
203
-131
52
58
-160
275
-263
163
-130
112
-50
60
-82
68
-32
8
11
41
-73
14
96
-142
93
-84
149
-95
-56
94
7
-59
42
-2
30
-17
4
8
-51
123
-77
26
4
-35
22
13
6
-34
61
-101
136
-120
65
1
-2
-5
-25
91
-100
99
-96
188
-147
41
103
-154
87
-58
33
-5
-56
112
-78
48
-22
47
-110
80
-42
39
-70
80
13
-49
120
-118
121
-98
74
-84
100
-82
53
53
-87
105
-142
92
46
-166
331
-331
146
126
-357
407
-323
231
-72
11
2
-43
73
-62
82
-52
70
-47
6
-3
44
-20
-58
199
-269
172
5
-126
190
-250
163
-125
184
-78
-47
140
-241
270
-253
133
-2
-10
-42
38
21
-21
-24
58
-33
69
36
-270
303
-163
42
18
-15
27
-6
-157
258
-181
10
113
-179
213
-159
79
-93
98
-20
-89
139
-101
114
-164
146
-154
70
143
-221
227
-254
128
35
29
-51
28
-137
117
10
-62
112
-246
176
58
-125
173
-179
38
-34
-7
127
-172
158
-156
84
-44
112
-154
96
28
-95
161
-128
151
-155
53
-41
10
64
-78
64
-50
-8
86
-91
116
-225
187
-145
60
202
-217
56
-1
-8
-56
177
-147
118
-187
196
-175
224
-258
89
117
-154
156
-169
193
-184
137
-124
144
-37
8
-34
168
-321
309
-163
-6
276
-414
376
-311
196
-27
11
118
-131
3
56
-95
232
-327
245
-82
-89
291
-396
376
-213
12
168
-103
5
110
-126
40
-69
92
36
-128
275
-390
374
-170
-50
187
-292
335
-250
203
-90
52
49
-198
264
-273
234
-94
4
-13
68
18
-187
240
-273
241
-92
46
102
-241
168
-35
-64
132
-113
43
-37
-47
183
-191
188
-155
8
155
-237
223
-146
4
98
-234
238
-132
66
-52
-146
327
-215
54
39
-128
171
-131
80
-47
8
2
-108
275
-382
373
-381
273
72
-319
367
-321
200
-134
104
-157
146
-8
-57
26
38
-104
26
141
-249
262
-197
186
-185
213
-181
118
-58
-46
214
-379
399
-239
17
3
134
-110
79
24
-193
268
-252
108
-15
26
-70
175
-31
-160
68
-31
33
69
-26
78
-160
243
-319
293
-171
59
22
-118
278
-311
290
-265
202
-124
108
-41
-7
65
-77
151
-134
145
-152
287
-346
184
-2
-139
204
-198
141
-53
-34
170
-96
-32
80
-62
124
-188
158
-188
194
-142
152
-117
65
68
-138
186
-189
110
-19
12
-35
143
-159
82
-3
-39
98
-160
111
-18
-42
-62
67
-122
198
-157
102
158
-353
342
-298
110
-39
92
-63
61
-10
-71
70
28
-96
-29
195
-316
328
-196
135
-101
-37
183
-199
77
53
-92
-33
103
-12
189
-445
352
-195
24
210
-176
-15
132
-145
140
-136
-88
195
-84
239
-428
328
-211
-48
227
-207
114
46
-103
80
-121
246
-256
132
1
-90
283
-292
98
12
5
-74
154
-152
269
-368
131
168
-117
152
-218
336
-594
729
-607
455
-224
105
25
-143
257
-448
411
-224
100
93
-262
297
-115
-116
165
35
-73
-80
141
-121
202
-173
-46
258
-262
319
-332
272
-171
-37
144
-111
133
-112
-81
164
-47
23
-133
218
-208
241
-257
129
62
-214
214
-178
307
-379
325
-330
201
22
-108
182
-290
335
-324
279
-177
-56
368
-482
392
-338
118
202
-331
429
-433
322
-197
103
-125
143
-224
327
-363
318
-69
-184
327
-320
225
-236
253
-245
117
-39
-78
241
-313
403
-319
126
-1
-210
431
-568
463
-360
328
-164
47
-158
206
4
-189
312
-396
378
-254
170
-251
191
50
-76
-60
-41
67
17
187
-377
379
-220
10
231
-354
403
-382
279
-202
272
-293
77
168
-196
53
149
-117
48
162
-498
422
-77
-25
5
-112
198
-213
286
-72
-416
541
-246
-66
474
-665
649
-496
223
34
-118
96
37
-65
29
-70
342
-297
87
10
-141
448
-547
354
-349
343
-63
-27
49
23
-161
41
300
-281
35
91
-6
-117
221
-175
78
-45
9
-219
562
-546
237
190
-409
428
-444
440
-439
502
-234
-177
395
-353
374
-278
-36
38
-113
307
-99
-232
219
-54
116
-72
16
-85
25
182
-413
357
-10
-61
-232
511
-502
267
127
-296
191
-93
199
-286
244
-188
249
-509
670
-405
-129
371
-515
515
-320
200
-246
123
4
-164
272
-293
378
-472
120
360
-468
409
-285
11
157
9
-68
-26
-37
-119
130
230
-250
-83
247
-135
-71
399
-659
541
-209
-238
537
-452
379
-350
138
23
-82
284
-288
-147
377
-128
-27
-169
214
-46
-64
165
-294
277
-162
24
294
-455
374
-341
122
313
-453
365
-241
340
-296
147
-35
-1
96
55
-197
-145
663
-662
377
-288
91
167
-157
139
-113
62
33
-6
-133
180
-222
256
-208
175
-10
-14
-13
-177
546
-456
305
-130
-228
481
-360
92
178
-413
467
-388
260
-267
109
220
-355
348
-193
49
-20
102
-348
359
72
-171
9
44
-252
351
-180
-74
373
-412
332
-332
269
-59
81
-245
214
-158
-135
528
-680
684
-427
5
229
-148
139
-123
36
-128
393
-385
254
-162
-84
-11
-10
409
-470
350
-301
92
358
-678
725
-544
219
-101
112
121
-388
494
-613
567
-457
27
513
-594
387
-274
39
45
209
-274
27
163
-335
457
-282
101
57
-285
12
277
1
-201
310
-401
299
156
-492
218
111
-122
-101
118
-89
-25
145
-261
334
-175
-108
502
-537
381
-181
-37
97
94
-58
-91
111
-33
86
-35
31
-220
307
-180
202
-98
-44
25
59
-246
101
361
-684
835
-736
351
-34
-123
187
-273
171
-77
286
-307
180
164
-203
-25
357
-255
-25
305
-333
-105
410
-348
434
-507
323
-173
217
-171
200
-245
12
226
-295
163
-39
195
-364
384
-76
-5
-50
35
-10
-147
164
143
-295
177
-128
-38
431
-478
320
-262
115
74
-159
284
-329
212
-92
-164
524
-641
541
-450
183
207
-378
388
-340
249
-72
-117
178
-65
-226
352
-153
19
164
-356
151
56
-63
156
-248
54
19
56
-225
199
-167
260
-314
79
249
-285
118
-124
211
-219
257
-137
0
-21
5
-146
252
-238
-25
275
-311
268
-166
291
-304
226
-134
59
97
-195
154
-78
-59
40
-34
67
-93
-142
46
125
56
-474
538
-171
-130
138
-269
331
-157
154
-71
6
66
-48
-68
244
-157
200
-301
-41
281
-162
386
-415
202
-60
83
-72
101
-63
-281
242
38
7
-120
97
-158
436
-395
63
240
-298
213
-107
-9
227
-133
154
-309
302
-221
140
271
-299
-61
74
123
-319
332
-258
204
-231
207
138
-191
282
-339
261
-216
204
21
-84
218
-381
405
-402
402
-213
-87
139
-262
628
-689
440
-152
-37
64
-56
58
-62
-19
-135
108
135
-69
-107
209
19
-227
354
-242
69
8
-83
12
124
58
-272
92
-224
436
-172
-129
154
-258
398
-324
280
-342
269
-225
30
-25
254
-107
-172
176
-239
595
-482
265
-210
59
89
46
-218
18
107
-344
358
-224
28
-41
132
-100
107
-45
-74
37
10
-262
209
332
-498
384
-259
86
167
-383
257
-20
-181
267
-103
-106
135
-182
122
-27
171
-22
-187
498
-466
186
82
-271
334
-332
217
-88
57
-96
-113
486
-283
118
-33
-79
129
-121
95
-78
-41
142
-19
-97
80
-4
-181
256
-66
46
-197
168
6
16
27
-61
132
-126
-19
177
-64
-16
19
-210
141
-112
89
136
-58
-72
-31
204
-56
28
-57
-84
253
-127
47
2
-130
45
9
-61
186
-164
122
-129
47
215
-364
260
-122
105
-205
145
-6
-75
89
-291
306
-310
370
-318
231
-98
65
83
-28
-94
-12
62
-285
441
-303
71
-35
235
-202
183
-150
-1
261
-241
46
-78
116
-210
290
-210
113
46
-151
-12
169
-91
222
-128
-380
515
-375
333
-166
102
-57
30
70
-248
124
-63
-122
122
-73
-275
307
-93
-8
73
-275
260
58
-56
40
28
2
-321
381
-62
-258
457
-403
335
-105
-131
262
-172
151
-182
179
102
-232
250
-127
-151
173
-159
225
-46
-61
229
-331
264
-195
71
27
-232
50
111
96
-115
103
-2
-93
62
37
-52
111
-258
231
-134
67
19
84
-174
124
-11
-190
273
-227
294
-257
145
-229
303
-34
-83
240
-299
290
-55
131
-300
179
-154
265
-301
135
35
-149
145
-106
97
-41
-161
10
90
217
-65
-102
45
-189
303
-130
-118
132
-252
273
-146
-10
247
-135
195
-103
59
-43
-170
166
-97
-211
326
-283
124
43
-200
239
-119
92
-121
11
-53
21
56
-234
267
-98
-108
94
-66
-15
176
-74
95
-106
6
6
-9
134
-47
86
-288
155
106
-264
281
-404
341
400
-153
18
-312
53
19
25
75
62
-271
196
-100
-117
124
-78
9
-10
92
-20
51
-19
-23
-5
-101
-65
47
5
-35
109
167
-255
98
67
11
-142
266
60
36
-107
-96
171
-219
94
-25
-156
-79
42
-20
50
-153
-4
145
168
-84
-73
151
-197
67
48
-121
180
-166
2
75
-71
64
113
-71
-150
206
-7
-38
154
-167
-83
23
-68
2
4
-48
13
38
-50
87
-46
-138
159
-56
52
160
-100
38
18
-39
37
91
66
-55
-55
155
-91
-22
165
-252
220
-245
-51
276
-161
120
-273
183
-105
84
-19
5
73
-139
132
-1
95
15
-28
-218
149
33
-57
215
-320
154
17
-40
112
-155
-78
57
-31
160
93
-68
-30
12
-153
127
-25
57
-31
46
-69
-229
369
-223
49
103
-238
332
-218
-55
163
-142
11
83
-38
-79
78
-128
56
171
-125
114
-67
-126
105
-57
144
26
-32
-102
96
-10
-67
168
-235
99
-97
272
-169
-130
67
-97
239
-18
-25
76
33
-250
111
-68
-102
272
-169
7
-83
-46
26
71
24
66
-111
-8
-21
-72
69
156
-70
-20
-36
-92
80
165
-34
-27
69
-52
71
-32
-56
116
-74
-113
-7
20
-12
-125
115
34
-60
58
-11
26
-93
144
-121
-51
-31
120
-61
142
-159
130
38
-176
163
-118
62
83
-199
158
98
-17
7
-116
-32
153
61
62
-71
73
-107
-116
285
-189
194
-43
-126
120
-71
237
-217
128
-185
-23
99
-26
116
106
-86
95
-67
-18
231
-173
85
-46
30
28
42
-61
24
13
-75
26
8
-33
-114
39
-38
22
205
-159
25
-30
-60
103
-32
57
-11
-58
-75
11
68
-84
71
-88
-129
144
62
52
-2
31
-126
-135
215
-114
3
61
-111
48
46
-74
46
-3
-100
112
-109
77
-78
-6
-252
134
18
-52
78
-103
-2
75
23
81
-196
111
8
57
142
-150
112
22
-101
132
-169
-62
39
-44
40
-73
27
6
66
13
82
-132
206
-271
35
132
-29
132
-155
147
-189
166
122
-69
-28
60
-134
94
118
-63
79
-234
141
6
38
148
-80
14
-6
-16
-35
-91
-51
32
-31
153
-42
18
-14
-114
36
79
29
112
-84
-130
67
-102
90
-13
28
-91
1
143
9
18
2
-34
37
-83
38
-3
-33
-18
17
103
-147
-65
17
-105
227
-76
-81
205
-134
14
74
-57
-17
102
-62
108
51
44
-114
2
53
-78
118
-182
76
120
-91
60
22
-175
73
-45
52
53
-148
101
-61
117
-29
-52
-45
-29
63
-49
-4
175
-194
40
78
-64
181
-77
-7
-32
-71
-27
126
-49
12
59
-21
57
-38
15
-25
83
-121
-50
58
15
-13
-3
-86
-32
30
-86
115
59
-87
46
-92
2
70
-53
38
112
-21
-27
22
-22
21
-32
-33
10
-78
-23
254
127
-210
53
20
-86
146
1
-26
47
-150
-134
46
15
62
8
6
-35
-60
99
-96
60
-32
2
176
-53
105
-119
33
27
-46
199
-95
-35
-93
-17
79
20
79
-97
-42
58
-4
71
-22
-75
-87
57
76
-11
21
-135
155
-53
122
-87
83
-121
-33
97
-190
224
-85
26
40
48
5
-120
-32
-41
97
-75
129
-96
106
-129
31
1
6
-12
-38
170
-61
-18
-91
51
69
106
-175
130
-98
48
87
-100
100
34
-131
82
-15
36
21
-85
-33
-11
96
61
-88
40
-9
-13
113
-115
-185
17
78
40
82
-49
19
-76
20
150
-132
121
-38
-107
-43
180
-148
62
-61
-37
-78
146
86
-49
39
-116
-61
-78
41
116
-70
87
-24
48
-11
-104
-69
-10
-68
270
-82
95
-176
5
33
-31
216
-260
177
-269
130
110
-133
105
-103
225
-155
64
-164
151
-167
91
-100
89
-41
107
296
-268
44
-118
-37
52
130
34
-129
15
-151
149
-2
50
-16
9
-25
7
24
-14
12
98
-130
77
8
-45
87
-103
-37
138
-81
-31
128
-72
-7
45
-42
40
85
-40
-76
112
-41
32
68
-65
22
20
-27
76
64
-5
26
28
19
184
-41
-192
152
-277
237
66
127
-119
-99
127
-87
208
-139
49
-105
-96
223
-38
-144
55
-57
89
88
12
-96
-59
39
-88
114
-68
-137
76
-98
98
106
-22
-273
253
-229
44
191
-161
-34
-101
-199
259
51
-41
-23
-27
34
14
125
-86
-16
35
-116
254
-34
-35
48
-87
-10
-59
135
-101
91
80
-271
196
-46
-132
132
-90
27
109
-56
-59
83
1
-138
110
-70
25
30
-94
44
51
16
-264
209
-168
109
50
-22
-16
-113
-3
6
40
-87
206
-72
27
58
-98
-49
266
-145
-72
130
-131
97
12
-60
-77
248
-205
42
63
-51
-4
58
74
-35
134
-267
201
-36
-57
4
58
38
47
-76
-190
117
-37
297
-46
6
-26
49
29
99
73
-209
165
-160
142
101
-30
-4
7
-12
-151
214
-35
36
-90
10
9
107
-185
56
-153
111
-82
228
44
-63
70
-287
179
61
49
-145
1
-103
83
69
-127
25
-216
25
241
-70
56
-104
35
-55
-60
183
-181
286
-109
-9
-55
-21
45
-118
-6
-134
31
90
185
-75
-53
-70
-4
27
-61
32
6
168
-143
119
-196
66
-135
-61
207
-131
234
16
-63
39
-137
-19
-48
-5
-9
79
-32
111
-57
23
-17
-183
189
-75
72
-105
102
73
-52
42
-69
40
-80
-31
-151
140
31
32
18
-41
-97
-55
77
49
193
12
-72
11
-131
45
31
-26
67
-53
31
-74
126
68
-63
3
98
-41
55
-92
-14
83
-97
125
78
55
-54
-97
-73
44
2
89
7
-127
-30
13
75
-35
123
-103
-39
86
-5
-21
66
84
20
-30
4
81
-103
23
-48
88
12
-7
58
-61
24
-72
-32
72
8
84
-41
-2
100
-41
-33
-121
-57
4
49
-22
165
-49
23
44
-78
55
-41
130
-222
-26
15
-52
147
55
-84
-25
-48
-57
64
-13
26
-123
114
-187
255
-1
-140
8
-32
-60
11
-12
-52
59
-90
41
142
-100
-137
-91
54
123
163
-142
159
-221
162
-29
21
215
-173
32
-137
125
8
-71
0
30
-1
3
87
-105
91
-138
45
-58
67
29
-29
-117
-45
-28
-10
60
15
41
-129
93
-4
-11
315
-228
65
79
-47
70
-86
118
-79
-146
101
70
-10
18
38
-36
21
-6
-58
30
-70
129
-192
179
-73
41
-89
-81
38
-27
253
-194
128
-141
137
32
-74
25
-28
39
-46
189
-92
-100
48
-150
100
68
70
-46
-46
39
-141
190
-62
-40
-6
-88
-2
52
70
-43
28
-138
56
-58
3
150
-194
194
-8
134
140
-201
152
-59
30
14
30
39
-90
45
-14
-9
-23
0
7
-27
71
164
-28
95
-113
-144
-32
-4
104
8
-2
-10
-30
-56
-100
29
6
-17
78
148
6
31
-14
-100
51
64
90
-100
-226
27
-69
31
106
-79
-48
-245
118
91
16
12
-48
-139
-22
83
-40
78
-139
-59
27
92
61
-51
22
-160
122
65
-41
26
36
8
79
24
-41
-43
-24
-36
79
38
-164
109
-30
-28
120
-141
126
72
178
-144
-47
-2
-153
108
55
68
48
-25
101
-105
22
-26
5
-94
239
-134
-3
258
-300
96
-207
215
-93
65
6
-124
329
-70
5
19
-77
-16
141
16
2
-10
-67
-11
-95
140
-79
87
-154
34
105
-263
304
-1
-44
8
-93
-10
162
-14
-115
81
-195
193
94
83
-171
-46
110
-362
391
-177
-155
232
-70
19
173
100
-150
139
-88
191
22
238
-55
-175
270
-298
-35
178
-369
98
49
-134
186
55
-86
-57
179
100
80
54
99
95
38
169
-165
173
-231
130
-114
-61
218
-149
99
-146
15
-31
6
82
-213
-115
202
-170
-219
156
-388
228
184
-86
55
-59
-126
-41
-64
-102
-352
-99
-110
-179
154
-493
-174
53
-148
145
-33
-148
46
126
-24
170
78
-123
-89
-11
93
54
14
-396
126
55
-170
334
-204
-39
114
30
197
138
204
-25
216
235
46
506
40
28
249
121
151
364
82
20
41
194
241
164
97
-19
145
169
-43
254
29
-74
143
52
-16
-68
-163
-318
-261
34
-7
-148
-307
-129
-136
14
-308
-137
-160
-225
-35
-189
200
-218
-14
-157
67
308
-310
-72
-309
-484
-267
-279
-397
-393
-212
-499
-476
-278
-533
-585
-487
-874
-454
-394
-1296
-512
182
429
1278
863
742
1232
788
711
1114
1007
627
837
927
916
1191
683
267
322
77
-298
6
-15
-527
-364
-481
-211
6
-373
-361
-451
-497
-357
2
159
162
298
315
738
1021
732
686
721
629
853
882
522
630
355
-301
-30
7
-375
-539
-510
-478
-524
-518
-1070
-944
-699
-1064
-761
-704
-725
-433
-403
-461
-235
-136
-328
-101
197
33
-91
-154
-544
-293
-144
-472
-9
-489
-1264
-949
-908
-533
-590
-1367
-1779
-2069
-1801
-1594
-1780
-2746
-2624
-208
1701
2463
2211
2185
2184
1932
2211
2544
3088
2112
1324
2376
3125
3131
1969
717
59
-532
-545
-447
-362
-655
-1494
-1568
-990
-602
-934
-1787
-2171
-1973
-1416
-639
37
226
28
-16
437
1098
1363
1125
686
547
1045
2008
2873
3083
2603
1925
1548
1532
1574
1315
704
36
-379
-501
-573
-895
-1545
-2256
-2623
-2471
-1896
-1209
-773
-654
-661
-652
-528
-343
-472
-946
-1155
-792
-134
623
1122
795
59
-394
-748
-785
-227
0
-770
-1255
-765
-414
-571
-1003
-1804
-2204
-1545
-1615
-2340
-2373
-2378
-2456
-2391
-3172
-4971
-3779
14
3224
4631
2891
2389
3665
3985
3982
4094
4287
3051
2166
3289
4843
4605
2037
-157
-729
-623
-711
-898
-1282
-2059
-2551
-2131
-1076
-658
-1536
-2917
-3246
-2180
-1032
-642
-454
21
324
441
1036
1946
2149
1483
922
1131
1909
2665
2814
2238
1457
1100
1540
2611
3196
2311
826
295
537
362
-294
-804
-1210
-1828
-2287
-2034
-1538
-1844
-2697
-2707
-1670
-611
113
563
254
-698
-1198
-853
-304
-296
-924
-1306
-455
842
941
-133
-1129
-1670
-1944
-1652
-1059
-532
-587
-1191
-1793
-2408
-2286
-1643
-1415
-1587
-2120
-2958
-3514
-3013
-2544
-2759
-4685
-8622
-7663
-1145
5581
8760
5786
4550
5388
5031
6113
6125
6344
4524
1962
4438
8257
8957
4558
-786
-2905
-2743
-1234
-316
-541
-2161
-4695
-4852
-2455
-684
-1621
-4502
-6209
-4814
-1729
664
1139
380
-283
-812
566
3155
3757
2714
1265
1874
3597
3933
4003
3368
2509
1336
492
3027
5866
5479
2516
-17
276
684
11
-714
-1462
-2485
-3899
-3603
-1329
-477
-2126
-3888
-3975
-2273
-540
-212
-331
-585
-1328
-1695
-801
544
254
-1675
-2613
-1487
82
501
-161
-1209
-2039
-2589
-2454
-1279
-553
-1598
-3170
-3116
-2286
-2085
-2593
-2707
-2335
-2487
-2727
-3863
-3890
-3264
-4068
-6178
-11211
-11363
-2790
7477
12920
9205
5063
5650
6716
8423
8234
7513
6068
3044
5191
10240
11506
6471
-1530
-5551
-5203
-3318
-1387
-552
-2036
-5099
-6506
-4099
-1132
-1654
-4625
-6723
-5193
-1551
1150
2447
2248
664
-167
1297
3966
5356
3706
1951
2291
3750
4697
4791
4295
2649
870
-584
2111
6053
5747
2828
-1101
-1207
-346
-630
-1030
-2708
-2846
-3439
-2940
-385
284
-1599
-4450
-4819
-2236
503
1576
1584
808
-597
-1811
-1556
244
487
-1145
-2332
-1906
-254
756
-248
-2205
-3692
-4334
-3475
-1693
-98
-307
-1561
-2036
-1970
-2041
-2524
-2079
-1756
-1704
-2490
-3206
-2986
-3324
-2950
-4312
-6383
-10501
-12129
-3677
7674
14877
11174
4508
3660
4338
6342
7339
8176
7978
5325
5765
9907
11976
7138
-1506
-6519
-6147
-3453
-731
326
-1005
-3807
-5858
-5131
-2788
-2214
-4920
-7806
-6473
-1400
2732
3579
2341
447
-914
-369
2050
4298
4578
3369
2803
4065
5645
5275
3063
938
-70
-265
391
2584
5300
5434
2226
-835
-1008
-286
-1259
-2480
-2342
-1887
-1704
-1107
-177
-260
-2404
-4761
-4164
-1459
755
1536
1314
458
-921
-1876
-1648
-55
176
-1073
-1580
-1090
10
-1087
-2658
-2994
-3207
-3171
-3003
-1316
112
-636
-2430
-3256
-2810
-2617
-2963
-2494
-892
-121
7
-725
-2200
-4280
-5560
-4807
-3950
-4834
-10424
-13336
-5890
7711
16109
11318
4607
2896
3992
7293
9288
11661
10332
4664
4465
8416
10877
6094
-3406
-6904
-5691
-2634
685
1115
-704
-5090
-8467
-6607
-2594
-1144
-3764
-6455
-4774
-450
2713
3392
2138
189
-1389
-1170
2124
6170
6808
4076
2195
3021
4480
4380
2675
1352
245
-543
430
2981
5898
5095
1039
-1287
-1329
-32
-292
-1478
-1220
-1740
-2242
-2476
-1338
-203
-2248
-3910
-3212
-19
2240
1756
634
-938
-1908
-2448
-1873
-655
-439
-1218
-1834
-1109
-442
-1152
-2610
-2924
-2599
-2549
-2166
-786
125
-941
-2477
-3151
-2339
-2236
-2426
-2693
-2445
-814
-76
411
-1573
-3805
-5348
-5584
-3671
-4443
-8265
-13817
-10319
3132
15027
16428
7768
2528
2067
4667
8090
10112
11070
6937
3804
6682
11214
9979
842
-7263
-8612
-5531
-1330
1281
984
-2672
-8262
-10341
-6601
-2006
-2236
-5919
-6876
-3321
1343
4043
3878
1602
-656
-1192
1427
5963
8067
6093
2339
1139
3175
4155
3580
2054
96
104
537
1724
2352
2294
3447
1797
150
-367
-698
-310
-1033
-334
-227
-475
66
-700
-1245
-2172
-2332
-1247
-373
581
458
-57
-318
-791
-652
-590
-692
-522
-402
-497
-1278
-2349
-2974
-3134
-3320
-3260
-2633
-1632
-1032
-899
-828
-1349
-2259
-2689
-1866
-880
-135
-118
-372
-623
-1462
-1725
-2952
-4113
-5446
-5683
-4143
-3682
-6945
-14577
-13015
-148
14228
18609
8611
1362
1019
4399
8744
10241
11929
9318
4907
5838
10204
11395
2935
-7143
-9251
-5314
-32
1572
66
-2951
-7277
-9317
-7121
-3141
-2225
-5019
-6605
-3249
2529
5522
3980
222
-2403
-2419
935
6375
9246
6745
2364
1267
3373
4794
3626
1434
197
433
1631
2712
2230
123
-1032
435
2310
2231
1147
386
-497
-1307
-1022
-265
-553
-1756
-2473
-1938
-681
146
-67
-861
-1342
-1086
-238
616
728
-81
-1056
-1241
-654
-19
-57
-1024
-2264
-2853
-2633
-2012
-994
-487
-1233
-2103
-1744
-1116
-1633
-2173
-2157
-1930
-1557
-603
-402
-1192
-2068
-3390
-3486
-3529
-3549
-3867
-4257
-3573
-4201
-5739
-11442
-15147
-6876
7646
17866
14285
4754
2055
4230
7616
9140
10806
11318
7144
5074
7693
10937
6921
-3900
-10476
-9625
-3987
934
2299
251
-4788
-8860
-8699
-4724
-1392
-2208
-5211
-4790
250
4928
5443
2877
351
-1014
-235
3211
7240
8120
4986
1457
1495
3888
4530
3360
1486
444
170
294
1184
1576
2284
1225
-1388
-1626
55
1147
-15
-780
-155
-196
-746
-871
-587
-1139
-2439
-2644
-706
1574
1984
792
-575
-1251
-1255
-596
427
889
78
-1481
-2323
-1861
-1307
-1969
-3163
-3324
-2551
-1799
-1457
-1107
-957
-1980
-3174
-2876
-1700
-1345
-1917
-2495
-2004
-1387
-1247
-1035
-2458
-3928
-4230
-4109
-2549
-2366
-2713
-2802
-5288
-8193
-13891
-14457
-1946
13675
20500
11128
1370
1975
5390
8039
8393
10895
10216
5638
5004
8645
11183
4437
-6297
-11404
-7744
-856
1932
1074
-1668
-5127
-7995
-7554
-4152
-1793
-3030
-5218
-3243
2169
5537
4304
1360
-818
-1634
349
5063
8885
8532
5022
2020
2021
3704
3638
1272
-437
126
1447
2143
2233
1409
-629
-2288
-1402
1334
2720
1401
-505
-979
-587
-516
-719
-964
-1561
-2201
-1760
-31
1558
1596
241
-1263
-1913
-1429
-314
467
263
-505
-841
-517
-242
-822
-2191
-3738
-4481
-3834
-2263
-1092
-1538
-2811
-3574
-3273
-2688
-1998
-1309
-1073
-1107
-1280
-701
-1053
-1892
-2846
-3332
-2564
-2033
-813
-1819
-3386
-4492
-4869
-3422
-4110
-7728
-14729
-13775
703
16785
20237
9328
409
-516
3424
7806
10840
12559
8777
3779
4628
9837
10362
2585
-7340
-11023
-6176
772
4774
3651
-2289
-8657
-10983
-8352
-3189
269
-950
-3971
-3076
1966
5176
3695
852
-576
-539
1534
6004
9724
8763
3825
-519
-841
1987
3939
2937
1235
895
1162
1832
3025
2245
-1631
-4558
-3069
770
3009
2187
-401
-2364
-2547
-1597
-210
893
392
-1335
-1579
808
3404
3338
507
-2702
-3822
-2338
356
2347
2315
296
-2090
-2945
-2065
-1214
-1868
-3249
-3513
-2264
-1004
-1117
-2178
-3212
-3928
-4062
-3139
-1135
536
357
-954
-1796
-1482
-888
-1605
-2615
-2309
-1487
-1144
-2019
-2908
-2451
-3373
-5481
-5334
-3670
-2919
-6409
-13501
-14453
-3620
12236
19917
12915
2113
-542
2880
7328
11091
13444
12074
5992
3049
7848
11285
5761
-4886
-10931
-7780
-1055
3202
3347
-730
-6558
-10619
-9867
-4239
572
372
-2466
-3408
-395
3645
4579
2461
-504
-2401
-1117
3898
9300
10138
5832
1064
-259
1271
2857
2994
1913
306
-582
475
2400
2467
80
-2450
-3010
-1416
1274
3209
2656
144
-1822
-1870
-861
-44
83
-523
-1147
-531
1231
2343
1560
-537
-2370
-2592
-950
1361
2559
1841
-110
-1963
-2794
-2769
-2714
-3003
-3468
-3435
-2488
-1407
-1074
-1837
-3433
-4506
-4033
-2115
53
438
-799
-1719
-1878
-1155
31
-260
-2021
-3012
-2325
-1207
-843
-1062
-2111
-4283
-5936
-5508
-3636
-3266
-7427
-13573
-12886
-34
16073
19502
9240
9
161
4803
8060
10305
12335
10663
5432
3503
7152
9280
3435
-6118
-9664
-5279
1187
4278
2339
-2238
-6629
-9349
-8325
-3664
482
352
-2608
-2995
529
3718
3608
927
-1402
-1132
1616
6080
9616
8499
3464
-951
-1234
1944
4491
3785
775
-1407
-619
1319
1985
468
-3417
-5858
-2175
4850
7707
4358
255
-980
-1509
-1960
-646
1469
1817
-204
-1670
-197
1580
607
-2256
-4290
-3469
-342
2642
3771
2593
-485
-4011
-5276
-2708
478
40
-2615
-3545
-2738
-2410
-2953
-3792
-4630
-4765
-3668
-1738
197
994
-105
-2127
-3389
-3340
-2210
-542
499
212
-862
-1783
-1922
-1553
-1872
-3311
-4474
-3970
-2501
-1523
-2260
-6762
-13903
-15440
-4294
13144
20368
11566
459
-461
4599
7730
9275
11348
11181
7085
4597
7862
10767
5700
-4629
-10503
-7426
-412
3764
3423
104
-4774
-9065
-9275
-4536
435
443
-3019
-3646
671
4860
4161
448
-1545
-678
1276
3929
7481
9247
6108
392
-1948
438
3042
2627
803
151
609
881
782
508
-927
-4030
-5483
-1015
6670
9314
4360
-1655
-2852
-1259
-447
693
2511
2252
-275
-1932
-491
1934
871
-3399
-5897
-4030
212
3198
3142
749
-2738
-5673
-6016
-3318
22
439
-2101
-3390
-1680
-505
-2524
-5471
-6296
-5003
-2728
-131
1732
1722
-289
-2556
-3059
-2165
-1180
-482
116
815
936
155
-1056
-2704
-3722
-3431
-3040
-2285
-1292
-1836
-3417
-5459
-9252
-13491
-11986
59
14918
17948
8582
585
1279
4908
6136
7762
11222
11568
7727
5996
8710
9103
2112
-6611
-8440
-3408
1789
3153
1425
-1948
-5776
-8083
-7458
-4341
-922
-148
-1968
-2055
1489
4204
2579
-653
-1868
-874
1592
5065
7675
7165
3687
138
-720
822
2198
2052
1365
1263
1576
1575
884
-558
-2555
-4061
-3173
636
4701
5559
3034
52
-1267
-1188
-426
856
1915
1611
322
-248
241
51
-1935
-4343
-4994
-3417
-971
776
971
-453
-2750
-4386
-4078
-2243
-754
-862
-1724
-1869
-1248
-1306
-2502
-3885
-4601
-4053
-2138
677
2684
2205
-614
-3131
-3430
-1989
-211
692
1405
780
-697
-1472
-2124
-2298
-3252
-3736
-3210
-2846
-1759
-1707
-2062
-2653
-5658
-10896
-14560
-7445
8147
18391
15447
5088
440
1946
5013
7705
10307
11790
7982
4655
6467
10229
8323
-594
-7540
-8450
-4298
648
3230
2436
-1813
-6482
-8453
-6533
-2996
-928
-1431
-2445
-1149
2043
3855
2445
107
-822
-183
1925
5192
7265
5806
2349
425
879
1711
1710
1359
942
216
-346
-49
377
-516
-2504
-3682
-3091
-1363
1213
4347
5858
3924
460
-1402
-1242
-72
1509
2349
1480
-133
-1060
-1340
-1789
-2830
-4049
-4363
-3222
-1144
905
1553
-79
-2724
-4191
-3957
-2749
-1234
-402
-879
-1644
-1795
-1899
-2421
-3000
-3154
-2651
-1526
-146
721
705
-161
-1765
-2828
-2269
-699
879
1348
671
-120
-1298
-2478
-2677
-2148
-916
-397
-1827
-3064
-3256
-3661
-5598
-10264
-13693
-8941
4050
15507
15137
6525
1155
1184
2688
5381
10037
13759
11576
5788
4325
6621
6513
1403
-5124
-7029
-4504
-542
2711
3239
267
-5657
-9889
-8720
-3799
897
1261
-1281
-2214
-557
1660
2057
1098
-230
-1456
-521
3444
7950
8922
5272
449
-1621
-503
1274
1894
1610
1286
513
-606
-760
-286
-496
-2488
-4361
-3965
-1716
1814
4296
4465
2420
-215
-1086
-578
872
2096
1946
776
-528
-1130
-1328
-1789
-2838
-3718
-3438
-1959
4
1455
1206
-1000
-3246
-3796
-2884
-1388
-148
-129
-1239
-2041
-1893
-1685
-2240
-3302
-3805
-2848
-658
1282
1789
1037
-370
-1633
-1670
-269
1140
1371
744
334
229
-278
-1001
-1974
-2688
-2660
-2530
-2161
-1855
-2070
-2771
-4806
-7591
-10793
-10881
-3336
7804
14156
10502
4783
3465
4041
4759
5067
8236
10598
9240
6383
6402
7414
4425
44
-5514
-5667
-3201
-1014
2080
1131
-727
-4979
-7806
-7119
-4342
-539
-774
-1829
-1833
145
1733
958
162
-385
-326
317
2446
5055
6124
4619
1639
-285
-251
925
1463
1344
1126
383
-914
-1565
-1064
-765
-1445
-2166
-1939
-1200
-575
653
3237
5393
4263
708
-1353
-752
195
434
991
1734
1297
-319
-1715
-2177
-2249
-2577
-2915
-2417
-927
393
285
-1034
-2375
-3154
-3396
-2818
-1299
195
384
-587
-1244
-882
-660
-1771
-3293
-3130
-1015
1296
2474
2517
1753
214
-1583
-2228
-1267
171
910
695
158
-508
-1656
-3091
-4277
-4092
-2534
-1940
-2341
-2461
-2955
-3497
-4926
-8483
-9928
-4368
5739
12602
11090
5792
3907
4296
4278
4990
7981
10239
8117
5155
5176
7066
6120
978
-4069
-6167
-5002
-2313
166
1119
-449
-3611
-6528
-7260
-5216
-2114
-662
-1268
-1736
-533
1496
2522
2031
708
-530
-820
522
3264
5661
5753
3481
746
-817
-1110
-549
400
1000
585
-525
-1203
-949
-243
-214
-1506
-3171
-3517
-2091
904
4618
6478
4960
977
-2011
-2113
-1055
353
1352
1859
1712
86
-1107
-1526
-2224
-3160
-4172
-3681
-1811
430
2148
1706
-88
-1995
-3483
-3779
-2570
-356
1169
972
-167
-952
-1222
-1606
-2147
-2090
-1150
-30
945
1875
2367
1709
-110
-1779
-2051
-1042
200
860
879
326
-586
-1382
-1936
-2599
-2986
-2582
-1684
-919
-1145
-1716
-2457
-3788
-5490
-7763
-7299
-1302
6904
11023
8278
4395
3839
4425
4691
5112
6755
7747
5760
3518
3700
5000
3961
229
-2947
-4002
-3331
-1630
5
470
-473
-2505
-4645
-5272
-3857
-1750
-838
-1305
-1557
-383
1177
1428
927
994
866
-285
-770
840
2952
3351
2141
870
299
79
-77
42
332
225
-383
-911
-737
184
715
-456
-2230
-1841
874
3071
3222
2418
1487
117
-1339
-1638
-414
1015
1150
157
-583
-568
-647
-1403
-2289
-2509
-1995
-1218
-443
327
765
299
-971
-2090
-2348
-2012
-1673
-1342
-731
-53
87
-416
-960
-1025
-804
-781
-879
-513
494
1572
2032
1672
829
23
-481
-595
-206
391
502
7
-583
-1025
-1288
-1291
-1310
-1617
-1872
-1847
-1786
-1574
-1086
-954
-1490
-2168
-2982
-4073
-3928
-784
3875
6108
4605
2241
1758
2495
2666
2734
3854
4846
4148
2660
2269
2972
2908
1458
21
-757
-1205
-1260
-894
-308
55
-306
-1250
-2224
-2522
-1877
-1141
-1023
-1098
-807
-340
-173
-13
661
1294
1035
-26
-915
-662
413
1037
808
250
-201
-275
35
350
403
173
-241
-425
62
1111
2058
2192
1514
787
552
498
132
-222
83
605
302
-631
-1033
-708
-490
-761
-1151
-1305
-1114
-640
-167
11
-116
-429
-856
-1285
-1435
-1014
-369
-198
-402
-479
-411
-351
-234
59
264
171
120
205
350
596
551
280
213
44
-154
107
523
591
193
-340
-698
-984
-1054
-858
-673
-427
-254
-522
-842
-739
-450
-347
-544
-693
-585
-391
-455
-808
-1060
-1017
-890
-1167
-1387
-1576
-2041
-1936
-687
1487
2725
2409
1791
1498
1538
1318
1275
1857
2327
2051
1333
1096
1402
1562
1227
721
381
265
287
263
177
164
261
120
-411
-721
-354
102
-94
-649
-885
-831
-871
-961
-732
-120
381
223
-388
-689
-437
-23
259
527
792
805
556
311
461
1001
1415
1298
1115
1359
1584
1145
249
-2
149
94
-162
-456
-288
-282
-554
-820
-909
-796
-1089
-1273
-1043
-712
-443
-273
-200
-93
103
72
-212
-507
-331
34
276
320
153
14
-134
-156
-274
-67
51
-387
-335
-197
-62
139
-99
-276
-138
118
313
219
56
-20
-356
-467
-345
-445
-522
-675
-979
-1098
-929
-908
-685
-508
-700
-893
-1069
-692
-460
-446
-335
-240
114
154
-47
-357
-263
-127
-417
-463
-588
-557
-211
394
1221
1616
1391
1129
1360
1611
1398
1096
1211
1383
1083
596
423
674
947
884
506
64
-202
-300
-397
-447
-199
259
394
-12
-365
-124
284
177
-201
-183
132
237
262
587
960
835
201
-375
-400
64
578
826
759
470
181
53
5
-92
-128
-164
-317
-325
-102
114
-8
-368
-669
-722
-600
-476
-357
-96
326
99
-281
-482
-590
-407
-567
-461
-231
-67
65
122
103
-179
-194
-508
-533
-229
244
538
118
84
-188
-280
-273
-373
-20
190
222
-184
-511
-556
-520
-681
-835
-783
-713
-372
-374
-354
-292
-393
-457
-564
-467
-172
242
431
486
166
-38
-49
-20
518
633
699
479
-4
73
107
79
-105
-251
-304
-270
-77
-44
-164
-394
-508
-627
-657
-349
129
734
1153
1013
731
646
431
184
244
582
948
981
762
687
693
526
314
237
248
382
560
492
231
25
36
173
183
25
-18
22
14
220
330
291
189
-43
-236
-411
-305
-196
-66
161
69
38
-73
-209
-76
-17
29
-194
-428
-328
-114
193
68
-272
-578
-685
-460
-230
106
284
189
-180
-437
-301
122
245
-63
-59
-122
122
307
100
-214
-645
-492
-262
140
300
-152
-462
-580
-447
-274
-38
99
-131
-628
-493
-70
-104
76
-138
-494
-335
41
366
267
62
-106
-141
-98
-62
205
373
366
242
63
70
65
101
-29
-257
-109
-114
-103
36
-187
-70
177
53
181
119
-138
-16
-134
-216
-90
-191
-174
-231
-378
-263
-241
-179
61
159
407
367
153
347
364
516
527
408
523
405
308
130
253
460
336
347
204
258
490
359
302
308
138
107
-93
-216
-100
-232
-229
-429
-538
-171
-116
-315
-251
10
-45
-68
79
226
112
-154
-15
24
57
148
308
347
-26
-174
-142
67
222
178
156
-76
-222
-54
139
292
240
-209
-421
-395
-276
58
77
-188
-414
-505
-441
-88
-77
-319
-329
-357
64
285
160
-198
-612
-320
-41
115
103
-1
-119
-222
63
182
360
436
191
300
344
184
-19
-184
-238
-313
-193
-75
114
38
-392
-290
-257
-371
-144
-113
-249
-136
63
24
-161
-319
-310
-153
-27
-20
-88
-242
-409
-260
-77
-120
8
151
48
54
121
74
192
389
386
314
354
404
354
350
469
526
346
125
188
492
604
372
114
-83
-188
-99
78
2
-219
-235
-170
-33
44
144
138
64
251
312
299
217
326
449
244
164
-3
84
220
26
180
95
-192
-148
-250
-106
179
-190
-605
-420
-259
28
238
-27
75
-42
-313
-452
-345
194
74
10
255
333
285
42
-143
-242
-265
-216
48
156
129
-327
-574
-172
-63
-283
-625
-539
27
191
58
-263
-358
-258
-416
-8
-320
83
110
76
30
-122
-25
-5
7
-173
126
-235
187
336
93
6
-516
56
-63
119
-227
-568
-418
-328
-106
-135
-307
-313
-444
-204
-175
-102
-102
-117
269
338
365
377
282
357
513
453
128
56
229
391
335
507
384
175
291
15
71
341
377
384
241
65
269
393
268
339
78
70
149
104
278
219
279
182
277
460
121
-51
-126
-145
20
197
393
298
69
96
-136
-479
-494
-378
-99
53
183
169
-204
-231
-302
-383
-87
-85
-48
67
65
41
45
79
-184
-105
-40
-153
-175
-349
-47
35
-193
-281
-441
-408
-429
-283
-131
-375
-375
-205
-283
-260
-266
-219
81
62
-168
-389
-330
-14
-106
-174
-10
-110
-70
160
169
120
-209
-395
-385
-452
-47
-14
-265
-322
-316
-177
-207
-130
-321
-399
-270
-403
-98
185
188
39
155
460
537
428
141
110
320
446
449
679
670
806
447
438
494
487
497
336
397
292
357
266
230
153
248
3
-167
44
455
709
306
192
142
74
59
60
344
418
277
81
349
244
176
-271
-223
-144
-187
146
-123
7
25
-77
-153
-466
-536
-284
-129
-94
296
131
-169
-364
-359
-122
9
-150
-319
-261
-131
-241
-207
-259
-211
-225
-319
-391
-187
-113
-242
-68
-212
-212
-284
-325
171
118
-84
-343
-659
-409
-242
-31
-132
-59
-451
-306
-166
-215
-143
-494
-272
-457
-300
-177
-275
-250
-221
-347
-620
-597
-424
-370
-274
-86
-241
-286
-111
-139
103
265
136
261
688
1070
1098
1177
1135
910
938
785
877
737
724
665
632
277
274
475
447
262
83
43
143
42
-43
160
202
116
124
16
63
122
-23
-128
72
264
438
443
278
449
463
308
57
-326
-321
-174
78
322
295
110
-193
-328
-261
-58
29
-14
-33
-162
-3
106
87
-16
-431
-436
-452
-403
-120
-94
-12
-366
-701
-617
-477
-163
-428
-566
-291
-359
-204
-383
-517
-63
-42
-262
-312
-304
-221
-236
-191
-150
-413
-193
-244
-608
-250
-342
-366
-215
-465
-411
-192
-245
-355
-151
-268
-519
-720
-833
-677
-500
-186
-196
-289
-427
-633
-776
-1059
-1099
-600
548
1599
1976
1734
1503
1360
953
731
860
1521
1770
1338
1101
1062
990
613
186
-126
-268
-299
-192
-14
114
332
150
-164
-397
-477
97
500
416
163
-111
-78
-244
-334
167
556
481
142
-99
-21
337
546
456
303
159
230
509
679
539
403
149
-165
-187
96
598
667
422
19
-394
-554
-675
-397
-197
-282
-206
-227
-159
111
135
-206
-735
-1009
-594
-119
-176
-603
-796
-414
-236
-349
-432
-633
-563
-252
-445
-566
-434
-663
-552
-260
142
213
-375
-659
-670
-115
236
73
32
-155
-301
-568
-568
-404
-467
-521
-834
-928
-547
-303
-461
-753
-920
-964
-835
-970
-1291
-1551
-1761
-1004
626
2298
3082
2574
2068
2008
1832
1300
1021
1539
2029
1856
1498
1505
1614
1337
604
-196
-716
-953
-915
-554
53
420
255
-295
-832
-835
-340
-59
-212
-309
-240
-93
101
375
646
616
131
-383
-335
41
576
720
488
557
494
497
568
466
351
68
33
171
342
568
570
386
-75
-303
-241
-188
116
239
247
65
-343
-486
-420
-35
49
-377
-704
-728
-350
-24
-210
-545
-728
-961
-1061
-921
-523
-80
-124
-640
-1025
-813
-437
-294
-584
-755
-612
-621
-351
77
490
280
-454
-744
-537
32
224
-34
-381
-726
-1088
-1199
-874
-435
-159
-597
-978
-1003
-961
-768
-834
-721
-754
-1260
-1672
-2217
-2993
-2973
-1047
2068
4147
4081
3173
2870
3021
2902
2543
2599
2830
2380
1505
1336
1984
2178
1049
-774
-2117
-2442
-1964
-1224
-647
-300
-105
-135
-403
-491
-75
337
84
-422
-200
738
1414
1327
930
671
394
-89
-499
-460
-133
-33
-328
-628
-522
-41
418
511
254
-45
-60
315
917
1393
1441
1048
508
146
103
293
488
481
264
70
59
88
-65
-357
-618
-856
-1119
-1193
-840
-291
-79
-342
-702
-854
-884
-947
-979
-883
-741
-646
-549
-409
-316
-337
-466
-649
-801
-844
-721
-449
-157
49
199
354
419
342
196
-136
-646
-918
-785
-508
-339
-310
-315
-479
-922
-1452
-1803
-1637
-1183
-1098
-1152
-936
-636
-527
-1441
-3640
-5041
-3199
1402
5265
5912
4706
3977
3806
3100
2099
2035
2555
2271
1474
1517
2572
3001
1289
-1498
-3212
-3332
-2586
-1705
-858
-108
146
-13
-193
-190
286
761
303
-508
-187
1325
2557
2447
1430
481
-50
-520
-1045
-1093
-649
-511
-919
-1159
-678
-54
-224
-1071
-1751
-1648
-870
-101
475
1007
1259
1171
849
555
778
1134
919
389
102
529
1900
3422
3835
2828
1283
73
-721
-1102
-1081
-1085
-1354
-1659
-1718
-1444
-1199
-1545
-2373
-2780
-2123
-722
607
1283
1252
879
529
348
269
67
-289
-504
-497
-514
-535
-458
-617
-1166
-1612
-1563
-1180
-675
-111
158
-159
-664
-840
-636
-336
-305
-550
-808
-823
-440
-125
-480
-1246
-1889
-2169
-1995
-1537
-1237
-1972
-4241
-6067
-4096
1652
6591
6968
4485
3288
4185
4712
3722
2754
2755
2511
1427
1080
2333
3164
1306
-2314
-4588
-4027
-2054
-746
-609
-817
-596
24
496
599
689
782
355
-210
499
2506
3707
2694
697
-335
-199
-55
-470
-958
-1135
-1253
-1371
-1116
-591
-550
-1286
-2093
-2098
-1182
3
670
576
211
265
811
1247
1100
631
316
239
376
892
1572
1621
703
-320
-480
-68
-29
-256
312
1677
2413
1787
686
21
-370
-965
-1627
-1796
-1234
-466
-279
-550
-601
-520
-673
-932
-942
-418
338
712
778
802
652
240
-314
-716
-749
-566
-501
-626
-531
-100
-60
-759
-1529
-1820
-1702
-1348
-882
-556
-405
-277
-408
-890
-1221
-1159
-921
-731
-537
-130
39
-704
-1753
-2087
-1734
-1858
-3600
-5883
-5485
-787
4985
6994
4896
2931
3428
4372
3862
2605
2382
2659
2460
2280
2866
3554
1795
-1869
-4509
-4031
-1702
-613
-890
-1363
-707
480
1000
799
47
-287
-119
398
1279
2469
3329
2652
919
-114
163
320
-657
-1861
-1965
-1035
-234
-206
-750
-1387
-1858
-2004
-1605
-686
242
573
329
222
748
1404
1278
321
-502
-410
295
852
1055
1122
946
320
-273
-75
758
1218
766
53
125
1084
1877
1598
476
-685
-1323
-1220
-610
-145
-213
-572
-840
-823
-483
-76
-23
-298
-336
216
968
1243
883
327
-37
-227
-380
-492
-608
-891
-1299
-1481
-1222
-804
-686
-1038
-1555
-1692
-1231
-586
-289
-424
-672
-606
-155
111
-274
-912
-1295
-1341
-955
-243
-59
-981
-2116
-2326
-1638
-1143
-2151
-4604
-5746
-2914
2503
6004
5071
2687
2647
4430
5037
3401
2079
2303
2588
2602
2760
3213
2313
-849
-3539
-3652
-1679
-725
-1882
-2625
-1777
12
914
688
84
-619
-711
-45
1395
2733
3097
2515
1526
1067
1274
1257
65
-1573
-2015
-995
97
126
-706
-1646
-2101
-2035
-1701
-1257
-805
-563
-492
-140
624
1184
898
36
-446
-53
680
974
819
693
715
645
466
328
111
-296
-440
286
1569
2226
1616
453
-157
-42
127
-73
-367
-365
-144
-20
-106
-352
-758
-1228
-1358
-806
118
655
489
98
50
306
440
223
-193
-514
-530
-256
-1
-196
-935
-1729
-1977
-1542
-941
-776
-1062
-1325
-1073
-469
-40
-115
-504
-827
-709
-162
246
176
-561
-1025
-708
-192
-207
-1284
-2061
-1909
-1403
-1857
-3856
-4916
-2609
2053
4721
3619
1773
2663
4873
4825
2599
941
1828
3053
3063
2623
2410
1861
-194
-1962
-2017
-882
-770
-2040
-2458
-1228
706
1091
218
-613
-753
-109
555
1298
1729
1823
1773
1650
1631
1459
877
-159
-944
-795
-22
259
-400
-1183
-1260
-804
-671
-1113
-1646
-1756
-1323
-609
-21
198
105
-180
-432
-309
203
460
125
-123
412
1349
1629
1019
253
72
292
308
37
156
1007
1583
1425
868
678
692
137
-465
-862
-625
-242
-241
-291
-381
-233
-326
-541
-570
-480
-336
-368
-191
192
534
513
152
-179
-369
-447
-532
-675
-852
-903
-831
-628
-551
-666
-820
-986
-877
-681
-489
-398
-468
-424
-331
-155
-135
-395
-605
-486
-124
-23
-370
-810
-969
-876
-768
-840
-1209
-2039
-3028
-2980
-1124
1480
2508
1413
556
1677
3315
3198
1401
313
1275
2636
3020
2482
1636
1073
474
66
40
-57
-441
-932
-825
65
829
547
-298
-711
-425
123
260
45
-81
78
483
826
807
411
-101
-376
-289
-93
-58
-186
-256
-176
-94
-109
-177
-254
-374
-472
-463
-487
-640
-705
-490
-228
-228
-509
-713
-555
-222
-81
-162
-90
86
193
273
420
375
112
-33
-47
123
98
96
145
268
572
472
387
132
70
226
259
516
461
601
571
562
590
441
435
238
207
7
15
-44
78
-65
-178
-372
-443
-468
-643
-752
-964
-906
-888
-701
-658
-596
-627
-620
-598
-583
-544
-467
-333
-174
-60
16
-5
-48
-165
-308
-407
-502
-595
-675
-675
-707
-698
-631
-625
-703
-921
-1035
-1356
-1446
-1029
-364
357
410
441
100
-16
364
883
1435
1155
1073
949
1276
1479
1473
1211
837
608
464
577
693
941
934
1014
1008
985
836
476
326
181
292
225
302
255
271
167
25
-232
-581
-812
-764
-489
-291
-365
-555
-650
-529
-365
-292
-381
-512
-543
-350
-1
273
256
-34
-345
-436
-304
-190
-214
-298
-326
-232
-32
136
66
-111
-209
-147
64
208
212
145
482
831
857
551
297
303
337
678
777
939
741
708
562
542
451
116
-142
-391
-176
-49
106
-82
-326
-442
-467
-295
-395
-465
-699
-541
-378
-144
-136
-204
-304
-378
-417
-395
-343
-383
-422
-395
-98
60
-29
-114
-422
-522
-627
-601
-621
-747
-536
-442
-535
-847
-1093
-1087
-1020
-966
-1013
-1184
-1368
-1013
-320
432
411
104
-55
-189
194
480
1093
1051
925
986
1303
1519
1336
1020
640
631
848
1340
1329
1088
857
873
1110
1121
1087
641
286
65
331
456
304
5
-111
-111
-177
-274
-427
-622
-706
-643
-532
-501
-459
-420
-347
-171
78
147
-67
-294
-288
-128
-30
-103
-247
-346
-364
-384
-466
-570
-550
-386
-176
25
35
-28
-117
-110
9
93
147
132
43
67
216
554
898
893
787
495
540
378
495
571
749
731
497
447
123
84
-186
-240
-299
-295
-191
-290
-134
-109
65
-54
-131
-305
-358
-365
-312
-196
-127
-123
-193
-238
-241
-332
-490
-671
-743
-722
-596
-460
-410
-445
-515
-567
-597
-658
-788
-914
-839
-625
-481
-493
-551
-614
-669
-686
-787
-966
-1253
-1198
-625
153
713
626
337
0
-66
234
611
924
926
1016
1169
1399
1506
1351
1112
794
764
792
866
872
799
915
1020
1099
925
587
291
107
98
136
186
216
241
243
183
-2
-315
-605
-698
-513
-221
-60
-90
-163
-114
10
21
-179
-476
-690
-725
-619
-449
-290
-195
-189
-240
-308
-414
-559
-701
-679
-462
-221
-53
-26
-23
53
96
89
5
14
40
144
158
274
378
845
1220
1124
931
358
350
109
719
829
905
630
457
437
187
117
-305
-369
-452
-133
-48
111
-7
-6
-62
-99
-166
-371
-453
-538
-397
-167
-121
-193
-466
-583
-672
-788
-1005
-1088
-953
-603
-286
-192
-196
-390
-441
-480
-451
-388
-455
-423
-404
-227
-214
-355
-567
-719
-666
-732
-856
-1184
-1263
-843
-146
483
518
255
-17
-23
281
682
987
1019
1046
1302
1635
1683
1378
936
652
692
863
896
779
746
893
1097
1154
937
546
225
115
177
270
235
80
15
131
226
67
-308
-657
-744
-549
-282
-163
-212
-300
-306
-233
-207
-313
-502
-610
-550
-417
-330
-333
-344
-325
-317
-372
-448
-535
-602
-534
-375
-117
-23
-84
-91
-62
89
105
90
112
124
291
391
388
332
450
782
1002
981
770
477
309
430
656
791
637
471
434
400
353
72
-153
-228
-157
17
39
65
51
38
45
-60
-251
-457
-542
-512
-449
-414
-402
-407
-415
-437
-546
-686
-752
-694
-557
-371
-227
-170
-131
-74
-100
-295
-478
-584
-581
-488
-360
-356
-462
-496
-544
-536
-635
-741
-824
-908
-814
-841
-492
-107
281
431
271
193
-86
138
392
877
952
984
1010
1134
1216
1096
998
756
790
755
855
789
810
938
911
876
608
508
191
88
33
160
129
68
69
78
4
-184
-378
-498
-491
-379
-330
-345
-389
-349
-271
-200
-208
-284
-361
-399
-403
-402
-401
-378
-328
-262
-222
-230
-289
-360
-382
-309
-169
-73
-86
-116
-98
50
159
178
68
5
82
171
138
0
-12
274
762
979
933
562
476
245
512
655
809
727
599
623
603
543
245
-20
-205
-139
-25
-121
-159
-258
-122
-34
-26
-196
-456
-619
-710
-562
-407
-269
-254
-264
-311
-401
-451
-596
-669
-711
-525
-310
-234
-266
-362
-285
-352
-463
-521
-618
-617
-556
-485
-485
-434
-326
-303
-315
-435
-692
-937
-1063
-892
-422
125
513
513
336
173
65
165
379
605
724
840
1057
1254
1287
1102
962
802
620
592
568
622
719
755
815
791
664
487
208
-20
-62
32
170
262
292
244
90
-156
-312
-376
-449
-424
-415
-388
-288
-231
-155
-153
-230
-321
-432
-490
-508
-447
-306
-224
-171
-137
-230
-367
-398
-366
-303
-266
-257
-176
-78
3
18
-27
-37
-45
6
23
81
70
93
219
261
314
298
674
880
965
798
576
320
209
623
767
920
568
470
287
264
227
30
-76
-344
-244
-261
-56
-54
58
93
-112
-215
-472
-479
-554
-441
-346
-278
-294
-285
-241
-476
-700
-931
-884
-711
-464
-282
-260
-299
-316
-239
-169
-177
-327
-398
-405
-344
-280
-376
-459
-475
-351
-349
-429
-699
-833
-843
-695
-430
-38
290
348
328
310
187
235
434
786
914
1021
1041
1125
1045
920
838
642
544
489
597
588
602
680
798
847
645
408
165
80
-26
77
200
230
159
67
-11
-78
-200
-384
-516
-547
-457
-302
-249
-221
-164
-151
-164
-191
-307
-406
-463
-497
-440
-335
-233
-197
-200
-199
-227
-228
-149
-170
-286
-278
-215
3
130
147
184
73
37
-21
-5
-7
-17
41
82
156
147
487
804
883
706
420
341
256
538
716
743
672
551
562
320
114
-145
-275
-307
-225
-46
-40
-32
-53
114
88
-155
-436
-617
-498
-380
-247
-267
-276
-239
-161
-161
-491
-711
-781
-688
-484
-386
-299
-200
-120
-101
-186
-363
-496
-559
-531
-405
-302
-266
-285
-312
-324
-344
-449
-626
-743
-674
-483
-320
-89
203
409
447
326
141
39
181
403
673
715
738
882
943
949
710
572
344
346
413
509
558
609
711
735
724
450
255
94
15
15
50
111
78
149
134
115
-125
-343
-490
-492
-369
-306
-160
-185
-80
-115
-122
-218
-288
-226
-253
-308
-352
-337
-224
-156
-75
-42
-102
-168
-189
-140
-59
-35
-37
2
88
188
283
268
153
103
145
171
190
207
220
277
329
294
192
147
117
83
71
54
64
24
35
86
50
21
-30
-63
-92
-130
-113
-154
-131
-60
-21
36
6
-38
-127
-165
-121
-82
-59
-149
-193
-223
-230
-209
-253
-237
-210
-197
-223
-276
-283
-272
-249
-215
-187
-258
-351
-360
-351
-298
-277
-323
-382
-417
-336
-285
-344
-469
-482
-193
156
329
271
127
46
26
182
417
499
491
525
635
672
541
488
463
449
494
394
338
348
392
510
503
430
343
260
199
95
71
125
81
56
92
54
-14
-144
-233
-223
-207
-139
-101
-69
-29
-16
41
36
-51
-74
-50
-64
-114
-172
-196
-136
-90
-96
-94
-130
-140
-134
-132
-57
8
88
142
126
157
137
119
131
101
92
50
5
2
29
37
16
-17
-35
-19
-46
-88
-172
-147
-3
34
17
-66
-120
-84
-25
37
-37
-188
-203
-121
-72
-25
3
16
17
8
11
-24
-97
-160
-131
-65
-65
-129
-180
-177
-167
-123
-206
-376
-413
-376
-268
-183
-234
-295
-332
-320
-237
-214
-237
-323
-423
-350
-254
-122
6
95
202
160
167
172
119
239
357
417
485
490
484
466
390
339
315
317
318
270
242
257
349
389
351
282
162
117
87
58
88
110
135
187
150
83
44
-67
-106
-93
-73
-91
-72
76
135
196
159
76
95
13
-24
-61
-102
-53
-8
-3
-48
-34
-38
-136
-202
-272
-297
-254
-207
-128
-75
-25
0
-29
-52
-109
-136
-136
-139
-91
-48
10
14
-37
-89
-164
-178
-167
-91
4
-14
-40
-82
-78
-6
0
23
-20
-154
-171
-123
-54
39
80
71
45
30
2
-74
-86
-74
-24
53
22
41
4
-118
-187
-236
-193
-207
-222
-156
-139
-106
-151
-235
-280
-306
-251
-218
-187
-169
-173
-83
26
129
178
147
104
101
130
218
332
345
367
377
406
434
315
212
121
95
198
257
284
251
266
343
309
265
187
124
130
148
158
146
149
129
124
111
93
47
-11
-39
-55
-3
13
64
108
155
225
158
91
-17
-78
-38
-36
7
-6
-29
1
23
27
-73
-161
-195
-263
-243
-205
-229
-232
-203
-187
-178
-151
-179
-261
-279
-242
-188
-139
-122
-129
-116
-136
-199
-216
-208
-118
-49
-57
-76
-91
-37
-5
31
-25
-68
-38
-44
41
10
-57
-60
-73
-6
33
12
-25
-37
-44
-46
-74
-126
-132
-150
-127
-63
-33
-30
-62
-112
-182
-200
-58
116
208
227
154
75
116
188
244
262
201
201
262
359
383
288
207
122
144
169
120
107
135
222
236
202
207
178
79
5
1
6
42
80
121
126
96
60
47
12
-38
11
12
-1
32
91
154
111
97
91
61
52
-51
-124
-102
-112
-99
-18
11
-27
-113
-190
-155
-114
-127
-81
-38
-80
-88
-33
-39
-116
-191
-214
-189
-198
-236
-202
-125
-124
-181
-245
-279
-216
-154
-134
-163
-163
-53
-29
-34
-47
-115
-65
-40
-77
-72
-76
-22
26
30
32
10
-14
-38
-22
1
-32
-67
-72
12
93
74
2
-48
-55
-121
-120
-55
-18
62
126
165
106
48
72
85
122
87
58
133
212
208
197
178
158
230
235
255
243
94
71
151
198
198
171
163
144
136
158
84
23
45
51
47
-13
-6
75
89
98
42
23
73
28
25
13
10
123
173
113
29
66
149
121
54
-22
-55
-42
-3
30
10
-3
-35
-105
-167
-165
-143
-189
-223
-237
-194
-109
-118
-174
-245
-234
-183
-191
-173
-195
-211
-198
-202
-155
-144
-151
-173
-172
-99
-72
-55
-88
-92
-27
-51
-74
-83
-86
-76
-57
4
69
73
18
-60
-127
-90
-12
22
22
24
23
-13
-25
-88
-104
-12
19
42
12
-13
64
83
138
199
162
105
80
147
211
206
174
183
193
202
207
171
196
193
170
141
119
174
189
197
170
129
150
173
156
74
20
54
61
21
36
43
54
76
33
2
17
23
39
82
59
40
27
-34
-10
-3
-24
-33
-82
-71
-51
-29
-41
-107
-143
-189
-164
-170
-217
-167
-145
-100
-83
-119
-126
-139
-113
-73
-69
-116
-148
-158
-143
-143
-172
-114
-109
-117
-108
-158
-139
-120
-98
-79
-119
-94
-89
-88
-42
-39
-52
-97
-117
-73
-12
5
-31
-65
-63
-16
41
78
56
58
38
38
92
91
113
97
94
82
103
159
124
142
130
148
156
131
214
252
217
151
138
133
90
72
77
91
77
93
152
161
80
-5
-7
30
63
100
133
105
44
30
35
37
46
44
43
54
51
19
-16
25
101
95
40
-41
-116
-68
3
20
29
-16
-56
-73
-84
-32
-23
-91
-92
-81
-70
-38
-85
-90
-97
-97
-24
-55
-90
-98
-99
-60
-53
-75
-112
-97
-81
-118
-156
-142
-118
-132
-126
-115
-66
-22
-77
-127
-92
-41
-34
-77
-94
-49
4
28
4
-40
-48
-53
-65
-48
-42
-23
24
38
49
85
47
-14
39
68
86
109
76
79
65
85
119
157
197
159
110
47
60
97
72
69
54
53
108
126
81
58
59
68
65
43
42
36
41
81
138
177
134
31
-21
-8
33
45
-14
1
15
-7
20
12
16
-15
-57
-56
-46
-26
-68
-71
-17
32
30
-42
-74
-72
-68
-41
28
25
-71
-76
-33
7
33
-41
-81
-74
-78
-75
-122
-142
-152
-117
-5
-7
-22
-45
-110
-81
-46
-65
-68
-48
-52
-4
-18
-89
-94
-118
-51
-13
-30
0
4
6
1
-2
7
32
14
-13
-41
-58
5
42
39
40
44
40
79
86
62
78
53
81
69
34
48
39
76
67
50
56
52
92
98
58
37
10
-7
54
96
91
60
33
46
56
60
63
60
11
17
27
31
102
66
63
65
26
-26
-82
-76
-86
-1
47
3
-63
-100
-28
-5
-9
-50
-74
-29
-24
-16
-11
-28
-2
30
27
26
-32
-79
-42
-27
-8
-19
-62
-41
-18
-54
-38
9
18
2
-38
-28
-27
-17
-45
-99
-52
-38
-15
-13
-43
-43
-75
-64
-22
25
9
-47
-56
-43
-9
24
28
31
18
-28
15
46
12
19
17
46
26
-18
-13
15
48
23
9
-6
-13
8
-15
-47
-38
1
48
77
51
21
6
-4
27
62
41
37
67
54
62
52
26
40
22
41
38
-4
18
18
12
6
18
56
22
4
-11
-4
36
8
11
-2
-16
14
12
45
33
-29
-35
-17
-3
0
31
68
42
7
7
35
12
-26
-37
-37
5
13
-12
-32
-58
-40
-33
-30
-18
-68
-76
-21
-9
-24
-61
-60
-34
-40
-29
-19
-19
-40
-51
-8
5
-4
-15
-30
-43
-45
-9
22
19
7
6
-2
-1
35
17
-40
0
41
41
50
18
27
51
20
-23
-49
-13
56
71
7
-58
-101
-73
8
17
20
2
-8
46
49
44
1
-36
14
7
4
11
-11
-18
-3
40
48
63
39
1
-28
-17
2
-30
37
93
142
107
-20
10
13
20
47
-11
35
64
23
14
-27
-4
45
38
35
7
-6
-1
-19
10
25
-13
-8
-57
-23
64
5
-25
-38
-27
4
-21
-20
-11
-12
-5
-15
-50
-29
-7
-28
-18
-33
-29
3
29
51
47
24
-29
-95
-91
-87
-105
-43
24
39
53
58
36
-16
-57
-56
-31
-27
-27
-4
0
11
15
10
-2
-50
-24
-44
-65
74
74
29
5
-16
96
112
53
18
-28
10
69
52
30
20
30
65
28
-31
-73
-70
17
66
52
-2
-52
-17
57
79
41
-3
-43
-52
-20
12
31
38
15
-20
-31
-25
12
20
-25
-38
-40
-48
9
37
-16
0
24
18
-1
-24
5
-16
-28
10
44
69
62
23
-31
-44
-45
-32
-14
12
0
-45
-12
29
67
70
10
-61
-120
-102
-26
71
84
9
-22
-19
6
36
26
17
1
-39
-15
44
44
17
-26
-42
7
30
-38
-82
-67
-21
36
26
25
4
-65
-57
-32
-10
24
-6
-39
-23
19
84
85
38
6
-27
-12
20
43
51
23
-2
-30
-17
-16
-48
-17
-1
1
32
8
-1
9
20
74
68
18
20
12
0
32
63
68
41
27
15
0
3
1
29
62
68
31
-42
-33
14
60
47
-36
-22
-9
-16
39
36
26
20
-40
-60
-48
-32
-48
-91
-70
-34
-25
-34
-63
-70
-42
-15
-11
-15
-63
-67
-20
16
52
4
-31
-10
6
-7
-50
-46
7
50
22
11
-7
-32
5
-1
-18
-15
0
20
28
79
93
8
-35
-32
-28
36
22
-16
-9
-25
20
39
53
67
5
-11
16
1
-38
-21
9
-15
12
67
57
35
19
-17
-2
22
2
23
31
36
55
30
56
46
4
1
-11
9
5
-17
-6
1
28
64
63
15
0
11
-5
2
11
-14
-66
-43
69
70
6
-46
-47
49
79
14
-68
-78
4
47
69
24
-56
-42
-26
-8
-4
-51
-60
-25
34
54
14
-11
-25
-39
-58
-52
-23
14
60
14
-34
-12
-59
-72
-72
-57
26
6
-14
-27
-56
-17
-30
-42
-10
-12
-37
-72
-51
-15
1
20
37
41
17
-5
-50
-31
20
33
53
12
1
-1
-15
14
4
24
81
89
67
48
6
-41
-9
27
58
75
19
-19
-8
34
57
21
-20
-27
17
17
6
29
44
89
88
37
-18
-40
-14
-23
-20
0
7
48
49
21
0
-36
-53
-83
-49
23
3
22
81
68
88
53
-25
-26
-61
-56
-16
-8
19
9
-8
-17
-48
-55
-14
-22
-24
-35
-84
-19
28
76
80
6
7
-12
-21
-22
-28
-22
-10
29
41
-1
-50
-18
21
27
6
-26
-38
-47
1
29
21
26
30
33
31
7
-21
-38
-61
-19
33
18
28
5
-42
-21
-9
-7
-3
-36
-45
-19
0
14
-9
-34
5
51
59
4
-46
-53
-52
11
36
22
48
63
96
77
18
-15
-32
32
48
50
62
-5
30
47
31
34
-36
-45
-45
-67
-34
9
44
104
105
24
10
16
11
22
8
-26
20
60
14
22
8
25
44
-28
-73
-77
-25
11
-7
-22
-15
50
53
-10
-54
-94
-98
-74
-27
-26
-21
-30
8
97
22
31
-309
-359
71
40
49
53
108
50
46
-41
-43
-94
-122
-36
-48
22
51
110
85
0
-53
12
8
59
-1
-81
-42
-11
-21
-18
14
48
45
31
7
-18
-3
60
45
60
51
-33
-3
23
17
79
61
18
1
-52
-42
-13
13
76
72
67
44
-17
-29
-69
-65
-3
44
91
62
21
-16
-66
-45
-4
33
13
-42
-36
1
62
40
-44
-59
-58
-2
62
50
38
-5
-47
-12
39
34
-1
-26
-19
22
34
-1
-51
-26
25
6
43
54
-23
-39
-16
31
43
-13
-37
-54
-39
-8
0
16
12
-2
-6
14
29
-26
-71
-43
2
60
83
32
2
-12
-29
-34
-59
-45
22
61
40
-21
-65
-73
-64
-2
22
-26
-50
-41
-4
-2
-29
-3
48
30
-13
11
-8
-19
34
12
-1
21
35
51
13
-28
-43
-3
61
49
11
-34
-21
47
69
73
53
39
31
-17
-25
-9
1
17
37
40
12
22
42
45
22
-11
-31
-46
19
53
0
1
42
51
45
30
24
30
-43
-74
-36
22
53
-22
-52
-61
-43
2
-2
9
-14
-45
-58
-51
-11
29
25
-31
-36
-8
-17
-44
-58
-45
-33
14
49
17
-6
11
41
10
-13
-25
-24
16
-9
2
-3
-4
23
-25
-23
-7
12
57
70
-18
-67
-56
-66
4
56
113
97
0
-50
-77
-19
41
58
64
62
53
9
-19
-68
-100
-51
19
65
71
80
18
-81
-46
0
48
49
-1
27
0
-50
-14
11
26
20
-11
-13
-64
-58
14
22
78
39
-85
-81
-11
42
33
18
12
11
-1
-60
-89
-44
35
78
52
-29
-34
0
39
58
4
21
16
-14
-12
-39
-38
-5
69
78
26
-18
-44
-32
6
16
-10
-13
-20
-33
-70
-64
-2
40
62
43
40
-15
-54
-57
-79
3
9
3
83
54
33
8
-18
17
14
26
7
-14
2
-15
-6
0
-13
-19
-24
-20
24
28
-17
-12
-31
-21
22
-6
16
64
25
18
58
50
-3
-48
-29
55
74
29
-4
-12
3
2
15
-12
-37
14
47
49
13
21
-5
-48
-4
-9
-5
-18
-38
2
14
46
48
-16
-14
-19
-46
8
-5
-26
45
43
6
-29
-51
-6
5
21
55
4
0
13
-29
6
27
33
54
-22
-90
-96
-8
104
43
-13
-23
-67
-21
24
31
6
-58
-59
-22
13
13
-26
-61
-71
-16
8
15
12
0
40
7
15
30
-12
9
-30
-33
22
34
56
16
-40
-24
-10
25
41
-9
2
-26
-28
2
-11
47
44
14
-14
-48
12
20
14
21
-26
-21
15
22
50
35
0
-1
-7
-16
-35
-1
46
44
34
-6
6
60
75
41
-11
-22
-31
-5
45
20
-30
-12
32
56
22
-26
-33
-41
-4
44
37
1
-41
-21
23
30
21
7
-52
-72
-23
1
26
22
-18
-18
-17
-20
-8
6
-18
-35
0
11
-11
-60
-80
-19
47
94
50
-26
-25
-12
-9
-22
-48
-48
5
28
5
-12
-26
4
45
54
9
-2
29
11
-6
-42
-55
-13
18
41
32
10
18
15
6
-5
-46
-83
-58
11
45
75
69
4
-16
-32
6
24
-40
-43
-7
70
77
40
-16
-48
23
26
1
-33
-28
8
-23
6
16
-20
-21
3
11
19
78
83
-18
-74
-57
-12
75
58
10
-11
-25
53
79
52
1
-71
-57
-14
13
24
13
-6
-21
-34
8
6
-45
-25
-1
48
31
-35
-7
46
70
48
18
-9
-10
-10
-16
11
31
42
26
6
-14
-3
44
38
35
4
-57
-64
-35
43
55
18
3
-20
9
7
-10
-10
1
38
-18
-74
-11
47
37
32
-35
-80
-46
-16
29
2
-1
-3
-21
11
19
15
-56
-57
-25
-10
55
47
24
1
-6
-14
-33
-15
-15
13
32
-12
12
39
-24
-33
-46
-42
23
21
20
10
12
56
31
1
0
-18
-24
-18
-33
-17
3
-2
23
31
19
-11
-4
4
-48
-49
-37
-16
21
1
29
47
9
-4
-45
-24
21
24
42
13
1
25
13
15
-15
-56
-24
22
44
9
-20
-1
-6
-25
-22
18
48
15
-9
-25
-39
-18
15
36
21
10
22
13
-5
-21
3
45
12
5
15
-8
47
36
-55
-38
-2
8
-1
-17
2
28
65
63
-7
-52
-89
-69
27
83
79
21
-37
-24
16
30
-5
-28
0
19
30
26
0
-8
-8
-16
-20
-16
6
49
55
25
11
-22
-15
12
25
61
25
-32
-29
2
9
-41
1
17
-5
35
3
31
5
-40
-17
-37
-6
-7
-18
-5
-1
9
5
-21
-24
42
24
0
-16
-59
-17
-12
-26
-19
-41
-13
38
89
84
17
8
0
-4
16
-23
-48
-41
-21
9
14
8
-13
-19
2
12
-9
-49
-21
14
-21
-15
2
18
26
20
15
-8
37
40
-1
16
-11
-7
10
3
10
15
-7
-43
-7
40
27
30
19
3
-5
-36
-15
32
21
-21
-42
-1
69
86
-21
-103
-67
-37
14
57
47
7
-55
-39
30
53
22
-7
3
15
20
4
-3
24
22
-11
-11
19
30
8
-42
-37
24
2
-21
-3
21
23
-21
-17
-47
-58
-21
-1
36
6
-32
-10
31
29
-7
-18
-24
-19
5
31
17
-6
-22
-5
31
39
22
-33
-23
9
-8
-19
-9
9
-11
-14
-4
-3
-9
-13
7
38
44
18
28
-9
-47
9
32
47
45
-2
-7
14
9
-18
-20
-4
3
-6
-23
13
21
2
20
-23
-42
1
6
7
8
4
-6
3
52
34
1
12
-13
2
35
32
24
-20
-8
6
-28
13
33
8
8
-17
-11
-1
-13
20
18
-16
-24
-32
1
20
-1
15
-7
-28
-17
-20
7
7
17
5
-58
-31
-5
4
21
-12
-11
16
17
16
-16
-56
-7
65
63
20
-10
-20
-18
0
19
21
15
30
35
2
-8
3
18
2
-31
-14
1
8
8
-12
-5
-29
3
44
15
15
10
5
4
-1
-5
11
45
16
-18
-14
-5
17
41
12
-43
-55
-42
24
81
46
-17
-36
-43
-11
50
53
22
-22
1
12
18
33
-24
-22
-29
-6
15
-20
-18
-48
-24
28
40
21
-4
-5
-11
-23
-35
0
23
44
6
-23
22
13
2
-5
-23
-29
29
43
-2
1
-37
-15
10
-15
26
38
6
4
-2
-26
-8
15
41
12
-48
-30
-44
-36
4
3
16
-11
-49
-22
7
7
-25
-61
-22
22
39
50
22
-3
-13
0
-2
-4
-4
-6
31
25
13
17
3
17
6
5
18
-4
-16
-4
-2
-15
-6
62
64
10
4
-34
-28
5
30
28
-25
-12
-21
17
47
-9
8
-2
-2
27
15
-6
-23
0
17
10
2
-19
-3
21
2
6
-15
-30
17
3
-17
-6
11
49
29
-17
-40
-36
26
14
-17
17
-2
-2
29
-8
-7
16
8
22
-7
-17
-17
-51
-2
8
-2
-10
-20
34
29
41
37
-30
-69
-49
6
40
33
-16
-21
-27
6
43
-1
-10
-23
7
47
24
27
5
0
8
-23
-15
21
33
5
-24
-7
33
37
2
-12
-27
-13
13
-34
-27
2
6
32
7
-10
-12
-48
-27
-10
18
55
-6
-2
19
-19
-6
-9
-12
-18
-1
44
56
36
-29
-32
32
38
9
14
-40
-29
36
-1
22
-11
-43
16
11
15
16
1
3
-2
-18
2
40
6
-9
-14
-42
-14
10
14
3
-31
19
56
5
9
-7
-37
-8
-14
-2
26
3
2
14
21
34
-3
-21
-15
11
47
7
-3
-42
-35
27
-27
7
19
12
35
-27
-27
-3
12
0
-46
-55
-3
28
17
-1
-25
1
20
19
9
-5
-5
-15
0
6
25
33
31
34
-17
-36
-10
-2
6
24
12
3
-23
4
59
-18
-28
-14
-26
18
-12
-21
11
6
6
0
-31
-7
15
8
27
-13
-25
9
25
25
-29
-36
3
19
20
-12
-24
4
21
38
24
-4
4
-8
-28
-10
19
15
7
17
-4
5
35
22
14
-12
-34
1
29
39
33
2
-32
-24
19
21
-11
-20
-14
-17
13
53
32
1
-36
-52
-9
50
47
-1
-30
-29
-15
-7
-10
-4
2
27
51
20
-16
-11
10
4
-29
-45
-15
14
6
28
15
-15
23
19
-2
-2
-20
-10
-9
7
10
-17
-14
-35
-31
2
-27
-27
3
22
41
12
-18
3
20
30
26
9
22
-13
-44
-4
5
24
44
-9
-35
-8
24
29
-4
-19
-21
-1
35
31
12
-9
-2
29
52
28
-32
-28
0
15
36
25
-4
-41
-28
21
11
5
8
-7
-1
5
-7
-14
7
2
30
52
40
24
-33
-36
-27
-6
20
41
20
10
-26
22
21
-5
24
-14
-43
-34
-30
37
26
-14
-20
-24
16
29
-11
-40
-18
-4
26
13
-29
-4
-4
-1
0
4
-12
2
-14
11
23
0
7
0
-13
4
-4
17
4
-23
-17
0
2
12
-35
17
19
2
10
-13
-31
-13
-9
16
41
14
-16
-15
5
36
37
26
13
20
12
-2
7
-28
-32
-17
-12
30
11
13
5
-44
-27
6
40
11
-11
11
-13
15
18
-4
13
-13
-6
7
-25
17
43
20
23
5
2
-14
-21
-21
-25
-22
-22
34
32
12
3
1
-2
-8
9
23
0
-9
-15
-11
10
-5
-27
-16
39
42
29
15
-44
-16
0
28
13
-13
2
-36
-2
30
-14
-9
1
7
5
-19
-19
-10
15
36
20
1
-17
-18
-6
-7
16
24
-8
10
21
0
30
27
-3
-12
-23
-3
14
4
7
-24
-39
10
23
29
6
-1
19
-25
-24
-2
-18
-35
-12
14
46
37
6
-18
-20
8
-17
-7
2
-26
-15
11
13
20
26
3
6
3
12
21
-16
-13
0
1
7
17
5
24
11
-15
-2
6
-12
-35
-6
7
33
17
-6
24
2
22
44
0
-3
-20
-12
25
8
15
-3
-14
32
17
4
10
-32
-13
-8
-38
4
0
7
32
-14
-2
-1
-3
18
4
-1
-25
-21
6
11
22
-14
-18
29
6
10
-1
-30
-24
0
6
18
13
-25
-14
8
-2
4
-15
-19
-8
12
46
35
-4
-43
-26
6
9
14
7
-38
-17
-4
10
6
7
2
-10
31
30
10
1
-5
20
-6
-2
-5
-19
30
11
19
34
-8
-24
1
14
11
-3
-13
-26
-4
12
8
4
-2
11
-1
5
3
-6
-11
0
-11
7
17
3
8
-5
-12
-31
9
13
16
16
-35
-19
-31
-5
