8
-19
-26
-13
17
-18
-22
-4
-21
-7
-15
43
17
-1
2
5
-19
-35
-1
-18
18
13
47
47
61
44
31
18
6
19
26
-4
-23
11
24
21
63
79
38
28
64
31
-6
-2
18
17
20
55
12
14
4
-7
-10
-2
17
-45
-22
-28
-36
-45
-10
8
40
28
36
-2
-51
-42
-11
20
57
49
52
-21
-14
-25
13
1
27
-17
-37
-28
-48
-11
-10
41
9
-2
7
23
22
4
14
12
9
8
-19
1
7
3
21
28
31
13
0
-5
-17
-15
-5
1
1
13
11
9
-12
-12
12
-44
-61
-27
-25
2
-17
-10
37
17
5
1
-9
-18
-28
-22
-15
-29
-28
14
7
10
-1
7
-46
-42
37
-13
-6
-13
-9
-87
-88
-38
-2
-9
10
-3
-16
-52
-36
13
48
39
24
-25
-30
-33
-42
-29
-4
-16
-83
-63
-17
47
5
-1
-20
-28
-45
-22
-11
10
19
-20
-53
-23
-39
-43
-21
-11
-53
-47
0
-10
-35
-63
-4
-10
13
4
14
-26
-27
-18
-23
-36
3
8
-34
-31
23
-11
-29
-2
26
27
14
24
-4
3
-40
-26
-20
41
12
-9
-1
22
6
5
19
-37
-27
-66
9
-18
43
28
-10
-38
-34
-25
-41
-28
-25
-70
-44
-64
-45
-21
-5
-12
-2
24
25
-16
-46
-36
-70
-44
13
12
2
-1
18
-13
-33
-14
-10
-49
-49
6
19
13
17
70
41
-42
-27
-22
-43
-26
44
66
13
12
2
-24
2
15
-4
-17
0
-31
-77
-30
-1
-30
-54
-38
-25
-78
-62
-9
-26
-13
-10
-39
-36
-31
-39
-49
-22
-6
-9
3
-35
-21
-2
-32
19
41
28
24
5
-2
-18
2
18
4
13
9
15
34
13
1
20
22
7
-6
11
35
-30
-44
38
28
31
22
42
0
13
19
-38
31
11
31
-2
59
25
34
-3
18
15
28
-25
-37
-34
-21
-67
-63
17
-15
-29
31
28
-2
-56
0
45
-13
-23
31
30
-16
32
69
24
-59
-38
-4
-8
3
42
59
-16
-55
-90
-18
-97
3
18
-13
-35
16
-7
-31
-86
-47
-16
-67
8
19
1
1
-37
8
2
19
4
-45
-44
-13
-19
-13
42
26
8
-20
-7
-13
-36
27
71
45
38
23
-22
-69
-42
8
34
8
56
51
-5
54
42
109
19
83
-15
56
-53
57
58
26
54
63
59
-58
-12
19
24
-15
-10
27
21
-17
22
39
48
1
1
10
14
14
-2
-3
5
-25
-47
21
101
91
31
17
12
-47
-56
12
14
-68
-38
16
-43
-12
72
21
-40
-22
14
-58
-63
33
6
-17
72
97
11
2
24
26
-12
64
1
-14
-41
-15
-49
-35
-11
5
12
34
32
1
-15
14
-24
25
52
22
-52
-52
-3
3
-38
-56
38
27
-77
-73
50
17
-22
-18
61
53
29
-10
11
-25
6
-37
-1
5
-13
-52
21
-35
-78
-53
-5
-51
-26
51
24
-39
-49
-51
-40
-66
3
-20
-14
-38
-15
-22
12
19
14
33
16
-9
33
25
0
-31
-17
-48
-83
-37
-12
-10
0
12
-42
-24
-34
-5
1
-12
-45
-13
-29
-22
-15
-42
-1
-12
-22
-44
-27
-37
-67
-32
8
29
-17
16
-25
15
-22
34
-44
-34
8
58
55
40
26
-2
-24
-12
-26
4
6
-23
-43
-12
46
29
18
34
14
-8
-27
27
58
9
-10
8
23
6
1
17
-25
-34
15
28
-4
-9
26
37
18
30
56
38
9
-26
-16
20
36
64
73
82
49
12
32
27
27
58
102
80
-8
-22
-16
-18
-17
23
32
23
40
83
43
1
3
-11
-3
1
90
18
18
-48
7
-41
-3
20
46
50
23
-3
-5
15
72
57
68
72
64
46
72
71
36
83
24
36
29
89
0
67
71
63
29
18
47
30
-9
-8
27
20
12
41
35
29
44
91
69
58
32
-9
-20
14
86
104
85
50
-13
-16
-11
10
24
16
37
-9
16
-6
28
14
48
26
-1
-2
21
48
11
27
11
29
-16
14
6
45
27
40
16
-18
-21
12
45
37
21
43
18
-2
-42
-28
-55
-110
-76
-11
22
15
13
-24
-7
29
-13
11
53
32
-21
3
47
33
2
-42
-17
66
76
7
33
20
-3
-11
-37
22
-23
-53
-44
24
11
19
8
22
27
-3
-20
-8
7
10
-5
37
65
35
33
-1
-16
-19
-45
-35
-5
26
-25
64
8
22
-23
-7
-69
-51
-37
-2
9
6
52
48
23
62
11
27
19
-38
-58
-1
45
-62
-25
-13
27
-53
36
64
57
-11
20
37
-18
-17
20
-28
-65
-91
-35
-50
-34
-29
-72
-66
-76
-16
-49
34
54
15
-92
-9
-12
-9
-18
-9
-44
-83
-17
-12
-12
-15
-11
-26
-36
-3
18
72
-5
40
-57
-71
-150
-78
-34
-18
-2
-21
28
-27
-57
-109
-73
-125
-62
-30
-16
-38
-39
-48
-94
-7
37
-33
-102
-108
-53
-44
-22
-11
-3
8
22
11
44
77
21
10
6
-33
-73
-64
-45
-109
-68
38
61
-64
-49
37
-6
-74
33
129
15
-35
-18
23
-76
-3
26
57
-17
48
10
7
-57
-40
-101
-3
-89
-38
-46
-116
-143
-94
-43
-40
81
78
30
-65
34
44
31
50
68
66
71
115
144
124
79
-15
42
-71
14
-8
-13
-34
-5
-30
-60
-47
-24
-37
-129
-95
-173
-167
-217
-159
-82
-19
89
97
53
-1
-42
-34
-32
-56
-26
62
13
-33
16
11
-3
24
13
-6
-22
-10
6
28
-25
-28
-23
13
80
81
39
-9
-19
-142
-111
-66
42
-17
53
62
127
34
106
109
117
43
32
8
22
7
9
95
189
144
132
89
34
-30
-35
33
40
27
24
-28
-69
-11
20
-11
-22
-77
-84
-66
-33
-12
24
78
34
67
155
100
7
64
66
-35
4
76
54
-10
28
11
-118
-70
63
114
75
32
-10
-118
-184
-130
-43
-61
-124
-132
-126
-108
-67
-4
6
-78
-82
5
63
105
145
157
41
-61
27
3
5
-39
-31
36
30
34
-37
-36
-115
-96
-108
17
114
116
13
-42
-139
-69
-142
-43
-23
84
75
48
30
87
96
67
113
96
92
46
73
88
-4
0
22
81
9
9
-93
-74
-126
-21
-4
-35
27
-7
51
-59
-72
-76
-85
-57
38
47
-46
28
60
103
27
67
68
107
108
107
98
49
-33
-49
72
93
40
-51
-55
37
-36
-11
40
-1
-38
-19
26
14
-4
-43
-96
-78
-73
9
11
1
84
98
96
60
95
-15
52
113
182
111
131
99
51
76
95
47
17
-10
2
21
13
20
14
-51
-37
-25
-39
-55
-95
-79
-55
-113
-73
32
113
110
93
58
49
48
39
63
52
71
36
94
41
66
15
61
3
64
6
-24
-62
-138
-81
-77
-40
-61
-56
-89
-24
-124
-112
-98
-88
-151
-170
-80
116
119
125
163
23
-23
-28
131
152
176
154
137
75
70
133
114
56
80
60
-47
-225
-123
-58
84
51
36
-76
-153
-201
-186
-62
-35
17
-9
78
71
88
-15
11
118
73
-11
-31
5
51
45
64
73
70
38
52
34
30
18
-52
-78
-108
24
-50
-30
-27
89
19
-56
-92
5
-8
34
-9
89
13
42
-9
170
319
343
78
8
106
102
152
131
277
157
33
-127
14
70
65
-74
-9
68
-67
-123
-7
187
89
10
-25
-93
-143
-119
9
28
-41
40
59
-63
-143
42
109
102
-26
8
-12
-39
-71
46
118
145
9
-142
-100
-44
-46
-85
-97
-78
-135
-131
-54
19
41
-37
-129
-213
-206
-122
-41
21
116
252
165
102
-37
-44
18
145
117
174
143
102
20
-88
-7
71
5
-167
-62
-86
-75
14
125
144
15
-65
-157
-88
-144
-113
-79
-54
-88
-140
44
50
32
-39
198
75
69
-75
-74
-106
2
-15
25
133
133
131
-94
-39
-25
-10
-137
-135
-79
-44
-20
4
147
146
114
-86
-135
-78
-88
-145
-195
-151
7
99
-50
-8
231
259
-27
-182
-96
-139
-104
87
373
358
204
-46
-102
-120
-40
31
-10
-88
-100
-158
-148
-38
164
198
138
-47
-129
-108
-138
-145
-127
46
-7
85
24
3
-154
-108
-36
150
259
284
207
70
-42
-25
86
169
171
137
92
26
-68
-53
-79
-138
-159
-68
64
62
26
-15
-39
5
40
4
-95
-148
-99
18
55
8
80
173
98
-41
5
120
32
-28
19
-12
-70
-61
36
35
-62
-114
-157
-120
-43
-8
-77
-171
-155
-133
-12
61
29
43
16
-70
-184
-171
-138
-20
194
156
-55
-134
-26
-34
-77
89
234
125
-111
-12
162
5
-46
98
140
-3
-92
-77
-128
-132
-181
-119
3
56
47
-68
-18
-9
-36
-103
-140
-149
-242
-85
50
130
89
-7
-55
-42
94
-47
-126
-13
115
148
-2
-37
-66
-111
-44
90
101
-70
-128
-74
-172
-192
-23
-31
-24
85
-9
-172
-189
-88
-57
-75
-46
-121
-143
-19
-51
-105
-28
154
97
91
129
9
-103
-79
311
316
290
76
17
-212
-163
-110
-1
102
47
124
-66
-70
-141
-5
81
162
4
-182
-269
-286
-21
188
110
132
67
41
-21
-34
23
-50
-27
127
431
260
128
-12
65
-89
7
47
-34
-177
-118
64
65
23
-11
-92
-126
-1
46
-79
-55
-136
-146
-147
42
30
-45
-27
-149
-105
-185
38
-6
48
-53
72
52
-13
156
154
-10
-184
-97
-76
79
-81
-76
11
50
9
-21
-70
-177
-56
7
21
12
-68
-184
-173
-49
23
10
-144
-7
112
214
56
171
6
74
-38
120
-9
125
205
266
55
-26
55
-33
-44
9
86
-143
-98
-203
-66
32
81
200
213
144
-170
-188
-322
-348
-141
190
369
118
103
-2
29
-92
83
84
43
-8
90
49
95
16
8
5
188
180
31
-3
-177
-75
-151
-43
-52
16
-82
-17
7
-79
-171
-182
-12
193
172
78
-130
-118
23
-15
-17
86
174
167
129
111
-73
-250
-90
205
171
50
19
-155
-237
-7
153
28
-131
-146
-132
-165
-101
21
-16
-102
-71
19
132
110
-92
-154
17
73
-57
-37
164
241
61
39
139
12
-43
224
365
65
-20
-130
-274
-97
32
90
-226
-187
107
-62
-113
-61
-129
-346
-177
-33
89
-12
-128
-5
-79
275
190
-54
-184
32
-1
-108
133
353
114
-73
37
71
-119
-15
68
134
-14
118
-174
-164
-150
-80
-163
-123
1
7
57
-63
1
-16
64
-123
-82
153
74
-191
-5
-159
-28
-113
269
158
164
128
71
-105
-172
-16
156
141
-60
-31
-22
15
34
139
38
-111
-235
-275
-132
145
235
-33
-261
-228
-203
203
32
84
-78
-21
-66
-120
79
169
-206
-467
-158
154
282
144
120
-107
-160
-115
20
-69
34
-199
-311
3
240
311
75
-157
-124
-31
-105
-200
-82
52
180
-186
-177
38
187
2
-221
88
174
29
-264
147
305
281
-192
90
156
216
4
1
-144
-224
-56
23
356
316
-11
-211
-63
8
44
191
34
77
-287
23
62
241
32
147
62
77
-166
-105
-100
-46
-26
140
245
64
58
-104
28
-116
200
-32
-83
-154
216
167
-149
-174
-8
44
-170
-58
102
24
-105
-66
138
-26
-118
-176
71
230
104
0
-98
-12
88
135
-2
30
67
-1
126
61
34
36
-58
-58
109
25
-145
-84
-94
-30
84
349
120
-181
15
-127
-276
-401
73
155
-25
99
185
84
-64
120
-60
-76
-142
133
-121
197
547
464
-329
-193
-54
158
-303
176
94
-35
-205
148
206
79
-21
-168
7
76
333
-344
-298
-106
-17
-89
166
333
-37
245
81
132
12
206
226
153
223
-51
-49
-259
137
47
-36
-112
152
175
10
13
88
-119
-274
-201
52
-29
-51
-16
29
-95
-54
50
-85
-31
-120
186
60
319
236
498
-90
78
-327
-54
81
73
119
146
165
-295
-241
-66
104
117
227
65
-288
-350
-185
-43
51
141
66
-397
-128
39
166
-256
-12
-81
-134
-148
354
426
-12
-248
1
103
20
-35
80
-48
-286
-311
67
194
-9
-51
33
-76
-244
-61
-80
-124
-181
291
-22
-237
-93
26
-88
-48
0
104
-101
20
133
268
-10
49
-87
230
236
244
-17
-4
-124
-23
62
115
222
-13
-61
-181
-74
33
68
15
149
155
-139
18
45
188
111
190
-252
-309
-154
332
357
156
24
-51
16
-54
50
98
271
19
-135
-1
206
190
-199
-125
47
128
-254
-29
31
34
-234
-23
136
225
202
139
-49
-230
-36
-165
-115
159
398
14
-245
-182
83
124
109
248
128
-169
-213
107
231
195
-130
-137
-227
-172
-240
30
-219
-80
86
18
-185
-190
-111
-143
-125
149
-44
-277
-302
-130
-47
77
459
379
5
-123
-260
-272
-179
-41
144
469
438
-23
-121
-249
-231
-412
-91
459
32
-132
2
-14
-278
112
22
167
-337
-264
-79
-40
69
57
228
-141
81
73
206
-105
-169
-240
152
148
186
536
126
-119
-215
200
149
53
-65
160
-172
-280
-81
228
-143
53
-192
75
-163
36
-48
-87
-258
-254
8
-37
78
-81
170
76
-118
190
316
271
-147
158
-79
-35
-121
159
268
239
-116
-116
40
188
133
-82
-216
-127
-305
89
83
247
113
-204
-171
-72
217
-271
-7
-28
373
118
-38
164
40
-179
-231
224
134
22
38
208
-8
-197
-203
-111
-7
93
163
90
-323
-303
-146
218
43
127
52
336
-129
-44
92
-81
-519
-297
340
189
193
103
-98
-43
-143
-237
-79
228
173
268
98
352
-74
119
-75
-108
29
-32
-132
-442
300
173
-261
-329
158
97
-492
10
27
-166
-173
317
359
156
-274
-46
-91
-38
193
-146
-50
-125
-118
128
270
336
138
179
103
-108
-487
87
-54
40
88
441
120
-373
-168
-112
-12
-46
316
93
146
157
-168
-83
133
99
2
78
307
159
62
-210
266
127
67
-112
91
-49
-31
90
298
259
-120
-399
-261
19
85
-72
90
-141
-477
-267
315
473
-25
-339
19
-45
-65
171
300
89
-294
-31
232
482
13
330
87
-12
-365
10
-113
111
-113
-270
-132
191
101
-305
14
-263
-281
-392
-101
127
-139
156
148
68
-288
11
-244
-220
66
449
340
-47
-168
-41
-10
-210
142
353
157
86
-84
121
187
11
-128
-138
-145
-73
120
305
-5
-522
-389
-41
-6
323
290
-30
-160
-202
155
161
218
-154
42
-92
-70
-327
-38
58
153
313
27
-148
-220
-264
-104
269
431
93
-210
-121
142
-279
-334
111
304
152
-117
-53
-139
-85
316
275
-135
-252
-47
-1
129
355
108
-372
-253
131
74
-44
55
22
-118
54
303
199
-88
-236
-236
-140
68
94
-76
-81
104
125
-216
-121
68
104
-130
-161
72
200
105
-210
-58
-333
-75
-5
99
-88
121
-148
-391
-269
159
254
14
-123
131
-166
-478
-237
106
83
43
-105
-184
-38
-151
-122
-314
150
-90
-114
-232
61
117
-98
-21
10
-77
-220
-218
103
266
290
129
-250
-367
-122
-36
192
243
202
-359
-91
-212
207
247
482
183
-327
-234
-352
52
-16
442
39
283
-4
66
-76
-261
-263
56
255
181
209
37
-48
-308
186
278
148
-189
78
52
-82
76
257
49
-459
-23
207
291
106
22
-81
364
266
279
-217
-183
-396
-397
-298
558
682
331
-16
-39
43
-161
-50
48
-19
202
-194
-274
-268
363
49
-26
47
599
-80
65
83
241
-213
-452
18
-179
39
56
456
389
223
75
-259
-249
-248
-17
-170
41
104
159
-63
70
-111
26
-87
247
-113
99
201
262
-367
-531
-36
185
139
100
506
241
-354
-236
159
328
-59
19
-16
-337
-679
-181
608
176
-164
-62
149
-2
90
396
313
-275
-708
-430
-63
629
546
384
-208
-142
-101
-98
9
394
174
-154
-33
383
164
-176
103
0
63
237
95
-24
-229
-72
-45
83
68
140
-115
21
-323
-54
-9
216
-41
160
236
13
-212
-464
-133
-408
173
-221
232
302
42
-405
-224
-223
99
116
191
-2
-49
-90
33
9
-459
75
-127
131
-34
379
-314
-55
-192
19
-184
-162
51
-21
45
-98
-326
-455
-33
254
246
-70
-122
-237
-607
-175
486
339
14
-337
-143
-269
-111
177
321
440
35
-114
-256
-93
5
249
215
475
-70
-381
-254
0
-29
258
348
238
107
-137
-257
-18
90
27
238
-129
135
-198
-194
-220
-21
38
111
191
528
-223
-473
-412
-67
76
328
654
404
21
-239
-291
-130
24
12
134
412
-20
-339
-415
94
454
85
129
52
-136
-224
-120
372
372
15
-155
-68
-171
-452
-109
158
57
60
-128
-401
-415
-133
-44
-176
-166
150
270
-29
-280
-74
27
-200
-107
134
-68
106
225
20
176
-169
-202
-445
-140
-56
266
285
94
-45
-37
241
363
100
-58
-49
-49
-568
-233
-397
-76
27
277
283
140
-176
-552
-608
-77
74
165
206
215
-77
-191
-124
21
194
313
372
58
223
-2
-75
-220
74
20
312
130
8
175
227
213
97
110
130
-157
-88
171
203
161
359
323
-108
-91
-188
-101
-72
-115
-159
-387
-145
-284
242
245
257
-95
-73
223
18
-312
-61
-100
38
23
235
446
98
-53
-105
-201
379
361
-76
111
-170
-155
35
252
395
11
-203
-63
203
-79
207
369
454
-399
-321
136
92
-147
189
590
250
-60
323
106
-90
-70
-46
-73
31
51
-96
-33
-131
4
147
8
33
-158
-140
57
41
14
155
-21
-360
-141
110
209
-31
-61
128
132
124
275
256
146
190
-125
-212
-296
105
-67
193
279
334
-29
-233
-55
20
237
184
-95
127
-40
-73
-68
332
-98
-48
-191
4
-81
2
-11
-216
-196
-281
-133
29
227
219
66
-93
-192
-44
-43
96
-202
-113
-220
34
-13
236
108
152
170
174
-75
-148
-271
-408
-206
144
225
138
-50
3
-138
-364
-218
-32
51
-237
-138
-139
-92
-147
69
134
36
70
-63
-46
-264
-121
-176
-200
-60
187
323
167
152
202
43
-24
255
430
286
72
70
64
-73
152
162
194
14
1
-67
129
-14
-93
80
160
126
-57
193
2
-288
-401
65
236
8
113
245
220
146
278
251
-98
-88
32
-138
-133
49
-78
-336
-141
109
106
-3
-174
-218
-259
-208
-338
-59
-56
9
-62
16
158
75
150
-71
-18
-121
-161
-124
-61
10
-29
33
-21
276
301
375
296
185
-35
-212
-258
-111
11
-9
159
126
30
168
314
235
86
-42
-174
-262
-221
-70
-65
-141
-117
-260
-339
-249
-162
-192
-110
35
81
8
122
122
8
-84
-58
-122
-236
-93
-20
-133
-225
-184
-165
-183
9
136
87
18
30
42
75
315
332
118
64
46
-67
-59
196
215
78
-80
-69
-133
-57
120
264
186
145
121
46
-16
-31
53
58
28
41
116
104
160
283
352
347
271
168
50
-20
-21
27
-25
-73
-67
-123
-115
-7
98
74
111
116
104
-3
-53
-124
-153
-121
-96
-97
-57
12
-9
-121
-223
-239
-328
-360
-446
-447
-490
-520
-519
-569
-517
-549
-597
-609
-644
-805
-818
-727
-710
-699
-625
-575
-586
-549
-488
-497
-518
-520
-505
-457
-362
-241
-77
112
294
470
646
826
1005
1192
1364
1492
1566
1583
1559
1520
1491
1484
1492
1494
1467
1401
1306
1200
1113
1059
1039
1036
1029
1001
949
882
809
734
653
557
440
305
166
42
-46
-93
-102
-93
-97
-128
-188
-260
-347
-456
-596
-747
-910
-1077
-1233
-1359
-1478
-1597
-1665
-1654
-1605
-1587
-1615
-1662
-1723
-1836
-1968
-2034
-2075
-2218
-2430
-2614
-2819
-3091
-3381
-3695
-4057
-4405
-4724
-5074
-5484
-5868
-5780
-4594
-2448
-273
1528
3350
5138
6271
6689
6805
6501
5418
3834
2370
1313
706
557
702
972
1404
1889
2011
1685
1314
960
267
-684
-1423
-1867
-2112
-1926
-1268
-504
206
853
1209
1277
1410
1569
1372
884
505
385
463
717
1123
1595
1984
2164
2133
1970
1652
1140
534
-44
-528
-850
-938
-764
-352
234
912
1589
2167
2575
2787
2812
2682
2464
2233
2054
1956
1937
1961
1975
1930
1782
1516
1145
691
187
-311
-746
-1078
-1270
-1303
-1210
-1041
-859
-747
-776
-971
-1321
-1784
-2284
-2755
-3162
-3443
-3558
-3463
-3195
-2944
-2876
-2942
-2998
-3177
-3576
-4130
-4844
-5828
-6928
-7972
-9018
-9406
-8152
-5040
-1438
1600
4481
7268
9407
10255
10456
10240
8794
6272
3586
1696
405
-247
-115
263
751
1351
1885
1744
1069
477
-287
-1594
-3043
-3975
-4375
-4272
-3505
-2246
-851
565
1804
2533
2974
3426
3520
2932
2120
1611
1372
1315
1525
1927
2332
2637
2695
2366
1825
1279
525
-620
-1810
-2636
-3095
-3244
-2972
-2298
-1400
-382
682
1660
2568
3521
4377
4791
4708
4436
4102
3551
2877
2393
2078
1711
1337
1072
830
574
335
14
-445
-881
-1208
-1461
-1618
-1628
-1555
-1457
-1346
-1291
-1367
-1574
-1832
-2048
-2202
-2330
-2430
-2497
-2599
-2749
-2843
-2874
-2991
-3287
-3694
-4229
-5002
-5986
-7060
-8245
-9585
-10832
-11220
-9710
-6075
-1621
2172
5310
8349
10786
11897
12057
11678
10168
7269
4041
1644
257
-379
-465
-244
184
840
1315
1046
253
-471
-1296
-2697
-4298
-5369
-5721
-5386
-4282
-2665
-967
724
2303
3470
4313
5044
5273
4648
3660
2889
2297
1859
1776
1939
2034
2030
1919
1485
786
113
-688
-1907
-3204
-4010
-4322
-4333
-3929
-3094
-2062
-842
586
1807
2594
3322
4153
4769
5163
5599
5866
5643
5095
4490
3867
3204
2408
1389
313
-606
-1380
-2034
-2441
-2540
-2371
-2026
-1612
-1240
-973
-836
-849
-1029
-1380
-1834
-2273
-2596
-2738
-2664
-2442
-2257
-2251
-2355
-2461
-2640
-3016
-3601
-4380
-5321
-6319
-7334
-8409
-9453
-10453
-11476
-11817
-9999
-5691
-649
3398
6577
9551
11812
12655
12458
11652
9685
6363
2900
532
-691
-1157
-1058
-686
-228
430
946
591
-503
-1504
-2398
-3777
-5331
-6122
-5927
-4999
-3358
-1242
826
2718
4356
5397
5920
6258
6079
5033
3725
2801
2179
1798
1794
1901
1814
1670
1475
875
-65
-999
-2051
-3427
-4653
-5170
-5108
-4695
-3780
-2404
-949
450
1768
2716
3227
3636
3956
3928
3851
4196
4715
5009
5292
5692
5821
5458
4735
3612
2022
247
-1446
-2990
-4123
-4484
-4143
-3428
-2422
-1158
-2
751
1194
1352
993
128
-821
-1539
-1976
-2108
-2023
-1927
-1839
-1704
-1707
-2055
-2680
-3485
-4469
-5600
-6782
-7905
-8831
-9565
-10264
-10984
-11621
-11732
-10256
-6367
-905
4164
7871
10652
12763
13782
13609
12580
10602
7449
3771
749
-1029
-1689
-1582
-1207
-929
-677
-463
-762
-1720
-2769
-3647
-4746
-6036
-6753
-6408
-5079
-2959
-407
1995
4004
5717
6934
7418
7422
7045
5921
4224
2825
2067
1590
1291
1268
1298
1101
670
-20
-1002
-2084
-3149
-4332
-5453
-5966
-5682
-4864
-3655
-2103
-445
1106
2467
3486
4089
4465
4632
4318
3602
3060
3082
3611
4357
4949
5103
4830
4273
3306
2000
754
-327
-1506
-2554
-2929
-2651
-2003
-1280
-475
177
549
782
594
193
-147
-363
-628
-1068
-1180
-989
-786
-651
-691
-951
-1501
-2239
-3173
-4221
-5154
-5948
-6624
-7281
-7674
-7964
-8446
-9086
-9913
-10568
-11065
-10691
-8429
-4040
1519
6339
9928
12609
14667
15420
14484
12432
9393
5563
1384
-1792
-3450
-3913
-3426
-2620
-1777
-1115
-725
-980
-1942
-3023
-4102
-5322
-6365
-6498
-5485
-3539
-910
1995
4628
6706
8229
8984
8769
7796
6337
4437
2387
843
82
-189
-203
-13
120
-15
-412
-1145
-2229
-3345
-4285
-5201
-5950
-5987
-5128
-3681
-1900
64
1929
3429
4481
5120
5441
5465
5027
4113
3176
2701
2623
2690
2964
3445
3772
3695
3336
2724
1705
427
-715
-1568
-2142
-2276
-1880
-1223
-524
262
1088
1591
1589
1280
849
276
-412
-992
-1329
-1423
-1322
-1183
-1166
-1359
-1729
-2346
-3182
-4059
-4859
-5685
-6532
-7164
-7674
-8061
-8417
-8748
-9278
-10129
-10712
-10786
-9557
-6230
-794
5129
9491
12352
14307
15420
14936
13000
10174
6447
2274
-1552
-3828
-4491
-4022
-3001
-2020
-1046
-380
-374
-1333
-2792
-3995
-4997
-5963
-6447
-5684
-3572
-558
2741
5736
8075
9621
10154
9480
7988
6152
4015
1721
-70
-896
-997
-753
-339
25
97
-212
-981
-2259
-3709
-4870
-5671
-6129
-5909
-4741
-2932
-896
1203
3147
4577
5322
5407
4891
4078
3403
2954
2564
2286
2321
2680
3199
3680
3924
3827
3274
2137
657
-590
-1396
-1954
-2233
-2001
-1297
-363
634
1496
2057
2291
2206
1764
1126
595
195
-232
-586
-643
-524
-502
-657
-1046
-1746
-2619
-3507
-4481
-5535
-6356
-6758
-6929
-7051
-7126
-7180
-7388
-7869
-8619
-9525
-10299
-10410
-9095
-5604
-71
5885
10373
13143
15044
15982
15083
12446
8925
4846
478
-3130
-5018
-5194
-4235
-2824
-1574
-751
-398
-761
-1982
-3583
-4902
-5755
-6197
-5888
-4338
-1600
1771
5141
7883
9534
10044
9621
8319
6270
3940
1743
-112
-1335
-1642
-1219
-580
-53
199
-36
-852
-2118
-3577
-4886
-5649
-5760
-5390
-4494
-2868
-706
1427
3162
4344
4816
4603
3990
3270
2565
1960
1568
1576
2123
2976
3614
3768
3544
3037
2221
1230
335
-367
-877
-1007
-618
115
975
1894
2669
2986
2821
2307
1471
485
-245
-607
-805
-810
-490
-29
330
550
512
-70
-1121
-2238
-3292
-4275
-5058
-5495
-5653
-5551
-5308
-5232
-5463
-5928
-6485
-7418
-8573
-9793
-10949
-11605
-11292
-8933
-4164
2507
9065
13439
15663
16464
16045
13725
10100
6103
1918
-2033
-4767
-5282
-4307
-2731
-1290
-482
-299
-878
-2078
-3854
-5587
-6650
-6973
-6508
-4959
-2015
1819
5555
8453
10158
10489
9568
7808
5561
3269
1367
-46
-997
-1207
-580
283
784
805
266
-938
-2556
-4255
-5805
-6778
-6683
-5669
-4259
-2533
-399
1774
3463
4525
4874
4412
3438
2457
1750
1432
1522
1752
1952
2447
3427
4372
4568
3913
2881
1800
656
-399
-975
-1020
-866
-589
36
955
1787
2259
2306
1959
1353
720
185
-118
-5
420
762
903
1004
985
598
-106
-1014
-2208
-3579
-4756
-5497
-5929
-6101
-6016
-5811
-5740
-5870
-6159
-6682
-7330
-8274
-9459
-10731
-11638
-11589
-10255
-6551
-341
6965
12806
15869
17009
16705
14927
11543
7520
3432
-645
-3996
-5685
-5181
-3532
-1771
-784
-718
-1304
-2536
-4146
-5919
-6897
-6865
-5970
-4160
-1424
2166
5767
8757
10502
10666
9605
7823
5687
3402
1394
-37
-795
-862
-338
373
773
572
-321
-1731
-3373
-5006
-6387
-7024
-6522
-5091
-3255
-1253
815
2578
3731
4286
4333
3894
3105
2279
1742
1682
2060
2653
3145
3317
3263
3132
2774
2112
1450
988
499
22
-30
380
881
1295
1594
1606
1334
1066
896
695
544
564
658
809
1211
1771
2124
2157
1897
1191
66
-1080
-2034
-2909
-3696
-4227
-4472
-4602
-4767
-4978
-5216
-5545
-5999
-6476
-6914
-7327
-7653
-7878
-8117
-8429
-8800
-9213
-9313
-8205
-4905
686
7126
12100
14527
15235
15025
13564
10640
7046
3342
-510
-3960
-5741
-5483
-4153
-2749
-1956
-1799
-2156
-2984
-4157
-5380
-5711
-5092
-3934
-2091
548
3777
6799
9113
10322
10103
8749
6738
4456
2272
613
-430
-1066
-1350
-1150
-644
-363
-599
-1354
-2513
-3826
-4971
-5707
-5833
-5099
-3573
-1707
173
1968
3438
4312
4638
4544
4017
3167
2306
1745
1653
2004
2531
2971
3225
3153
2675
2040
1469
858
167
-301
-394
-301
-6
639
1351
1683
1727
1764
1706
1488
1362
1326
1141
963
1124
1443
1586
1555
1279
531
-507
-1471
-2432
-3449
-4202
-4594
-4905
-5150
-5165
-5117
-5240
-5435
-5613
-5872
-6193
-6535
-7015
-7626
-8160
-8609
-9088
-9355
-8881
-7004
-2964
3116
9300
13338
14926
15087
14105
11719
8415
4954
1408
-2050
-4432
-5000
-4186
-2969
-2044
-1754
-2085
-2822
-3877
-5043
-5612
-5049
-3641
-1843
434
3239
6070
8355
9708
9767
8537
6592
4477
2411
681
-369
-802
-893
-699
-329
-201
-610
-1474
-2619
-3855
-4858
-5414
-5449
-4752
-3168
-1151
613
1988
3088
3733
3805
3567
3141
2504
1960
1834
2047
2451
3009
3489
3652
3548
3216
2586
1744
851
49
-476
-580
-311
189
767
1245
1506
1513
1304
981
698
550
549
678
945
1343
1805
2141
2121
1632
711
-490
-1777
-2961
-3921
-4587
-4936
-5001
-4893
-4782
-4800
-4947
-5195
-5607
-6180
-6786
-7365
-7926
-8372
-8725
-9123
-9446
-9353
-8457
-5975
-1095
5454
11271
14581
15617
15220
13471
10449
6967
3650
397
-2651
-4565
-4763
-3770
-2547
-1737
-1647
-2286
-3384
-4603
-5505
-5515
-4388
-2496
-248
2265
4929
7344
9003
9530
8859
7278
5226
3108
1305
112
-423
-494
-361
-238
-302
-724
-1545
-2557
-3487
-4240
-4803
-4956
-4411
-3114
-1370
391
1860
2861
3295
3215
2869
2505
2221
2044
1990
2080
2346
2761
3196
3559
3773
3632
2993
2055
1148
421
-49
-109
164
476
756
1090
1277
1085
707
376
79
-72
176
736
1338
1964
2587
2895
2718
2163
1246
-20
-1361
-2519
-3520
-4327
-4725
-4722
-4593
-4466
-4322
-4305
-4565
-4981
-5390
-5840
-6390
-6977
-7598
-8290
-8962
-9498
-9830
-9818
-9056
-6632
-1602
5358
11599
15039
16026
15587
13654
10228
6399
2997
-161
-2910
-4292
-3937
-2675
-1553
-1104
-1462
-2480
-3892
-5417
-6533
-6481
-4981
-2541
205
3017
5698
7866
9135
9252
8190
6322
4208
2250
766
89
186
537
709
638
237
-697
-2100
-3581
-4717
-5276
-5262
-4814
-3864
-2220
-191
1515
2588
3116
3033
2410
1776
1473
1370
1441
1819
2381
2940
3600
4414
4979
4781
3887
2833
1822
729
-129
-252
111
391
554
746
771
480
6
-497
-809
-732
-280
415
1323
2320
3100
3405
3155
2382
1208
-198
-1641
-2905
-3791
-4161
-4065
-3814
-3721
-3784
-3920
-4234
-4753
-5271
-5644
-5942
-6188
-6379
-6675
-7270
-8137
-9059
-9826
-10386
-10659
-9809
-6190
669
8425
13918
16328
16660
15300
12197
8330
4846
1744
-1206
-3271
-3598
-2503
-1202
-660
-1051
-2119
-3629
-5415
-7038
-7598
-6368
-3677
-545
2497
5366
7677
8895
8889
7825
6096
4280
2669
1423
1024
1554
2137
2129
1800
1231
-49
-2046
-4072
-5423
-5826
-5426
-4498
-3164
-1542
90
1476
2417
2718
2393
1666
852
446
798
1653
2613
3550
4306
4784
5158
5286
4738
3660
2550
1436
325
-302
-239
134
476
654
577
257
-222
-766
-1135
-1101
-735
-169
587
1552
2551
3265
3421
3022
2251
1250
99
-1065
-2055
-2726
-3031
-3055
-2967
-2990
-3329
-4003
-4720
-5191
-5391
-5363
-5181
-4987
-4974
-5184
-5641
-6495
-7793
-9154
-10090
-10572
-10558
-9903
-7620
-2451
5016
11950
15470
15914
14818
12323
8707
5210
2783
822
-938
-1589
-925
65
188
-958
-2893
-4724
-6072
-7149
-7672
-6561
-3506
195
3207
5348
6808
7395
6927
5752
4506
3610
3023
2576
2512
3054
3556
3112
1843
434
-1048
-2796
-4400
-5325
-5423
-4719
-3393
-1903
-609
344
679
355
-28
39
305
483
888
1787
2919
3947
4703
5071
5175
5321
5296
4546
3324
2383
1673
726
-96
-271
-207
-399
-671
-827
-922
-912
-868
-894
-635
136
906
1401
2013
2716
2905
2595
2242
1714
801
-67
-671
-1404
-2240
-2724
-2985
-3387
-3714
-3841
-4111
-4505
-4665
-4696
-4813
-4800
-4638
-4754
-5261
-5882
-6570
-7373
-8106
-8692
-9212
-9464
-9228
-8332
-5704
-36
7337
12656
14222
13745
12524
10011
6715
4384
3093
1622
119
-369
39
222
-710
-2819
-5070
-6222
-6424
-6561
-6182
-4107
-790
2131
4095
5475
6079
5575
4509
3774
3676
3905
3973
3816
3914
4289
3981
2393
288
-1394
-2636
-3581
-3911
-3599
-3068
-2505
-1803
-1057
-573
-631
-1237
-1816
-1594
-538
699
1774
2830
3800
4415
4632
4619
4610
4850
5212
5179
4625
3882
2897
1493
171
-527
-916
-1462
-1954
-2049
-1791
-1297
-717
-334
-131
248
804
1172
1445
1899
2286
2253
2046
1913
1496
548
-614
-1632
-2398
-2859
-3103
-3337
-3465
-3346
-3332
-3737
-4206
-4495
-4860
-5251
-5335
-5252
-5519
-6129
-6746
-7246
-7719
-8087
-8317
-8498
-8511
-8448
-7048
-2703
4240
10758
13490
13255
11943
9894
7156
4741
3737
2808
1364
701
1240
1691
616
-1893
-4673
-6278
-6303
-5744
-5264
-4065
-1649
957
2912
4301
4930
4285
2947
2251
2707
3890
4943
5108
4617
4241
3764
2429
573
-919
-1896
-2539
-2642
-2149
-1630
-1420
-1680
-2053
-2054
-1866
-1814
-2012
-1690
-588
712
1995
3026
3636
3792
3913
4312
4864
5558
6090
5948
5173
4196
3024
1497
-87
-1286
-1938
-2163
-2083
-1749
-1239
-804
-650
-611
-437
-121
238
682
1321
2162
2925
3218
2854
2002
974
10
-855
-1633
-2211
-2467
-2555
-2658
-2728
-2816
-3091
-3554
-3960
-4261
-4509
-4719
-4864
-4911
-4985
-5289
-6102
-7037
-7776
-8345
-8642
-8590
-8066
-7660
-7006
-4397
1106
7572
11173
11369
10173
8681
6957
5503
5315
5343
4291
2935
2446
2761
2101
-647
-4219
-6446
-6432
-5302
-4238
-3207
-1793
-392
630
1527
2376
2816
2292
1712
2319
4006
5605
5849
5028
4026
3150
2170
1033
208
-261
-674
-993
-940
-665
-746
-1609
-2884
-3491
-3056
-2318
-1772
-1060
-73
873
1764
2571
2940
2837
2651
2849
3816
5282
6276
6264
5492
4218
2746
1537
548
-522
-1413
-1728
-1548
-1097
-592
-432
-750
-1145
-1207
-854
-233
438
1021
1538
1999
2238
2077
1451
499
-419
-967
-1136
-1210
-1410
-1770
-2205
-2564
-2730
-2844
-3168
-3685
-4096
-4258
-4228
-4121
-4153
-4491
-4990
-5453
-5975
-6648
-7222
-7423
-7325
-7143
-7026
-7195
-7302
-5515
-372
5976
9449
9291
8068
6997
5623
4833
5673
6591
5715
4094
3696
4061
3213
407
-3202
-5625
-5707
-4261
-2870
-1877
-966
-519
-656
-451
455
1052
722
399
1337
3479
5361
5701
4726
3508
2567
1841
1409
1405
1508
1218
594
182
58
-477
-1804
-3160
-3444
-2549
-1394
-700
-374
-95
147
273
447
954
1766
2544
3306
4451
5733
6237
5688
4628
3443
2309
1510
1005
536
198
118
72
-104
-421
-950
-1549
-1821
-1592
-1010
-307
265
614
842
1002
1011
829
483
121
-40
-48
-127
-343
-745
-1375
-1932
-2151
-2304
-2626
-2937
-3186
-3456
-3620
-3700
-3983
-4386
-4605
-4809
-5270
-5764
-6019
-6142
-6273
-6325
-6193
-6005
-6235
-7107
-7372
-4763
932
6321
8019
6725
5342
4726
4419
5182
7109
7848
6136
4131
3808
4105
3133
643
-2159
-3684
-3290
-2056
-1378
-1380
-1575
-1866
-1913
-1066
218
532
-270
-625
540
2538
3964
4093
3270
2400
2002
1911
1957
2184
2317
1902
1198
935
971
346
-1032
-1949
-1662
-864
-412
-333
-455
-793
-1118
-963
-148
1011
1962
2494
3017
3874
4643
4698
4098
3334
2731
2399
2312
2282
2024
1435
744
278
69
-182
-693
-1287
-1550
-1283
-726
-307
-179
-137
8
134
64
-111
-184
-167
-196
-242
-219
-293
-700
-1327
-1802
-1989
-2081
-2178
-2265
-2486
-2971
-3453
-3575
-3468
-3549
-3947
-4509
-5057
-5402
-5404
-5223
-5148
-5265
-5525
-5905
-6435
-7116
-7446
-6013
-1981
2807
5192
4596
3360
3136
3662
4922
7090
8583
7635
5354
4182
4322
4160
2906
1093
-309
-597
-157
-248
-1264
-2251
-2514
-2250
-1597
-657
-269
-1102
-2257
-2145
-484
1482
2455
2283
1771
1541
1527
1657
2084
2559
2610
2420
2525
2811
2485
1246
-63
-427
24
422
345
-141
-865
-1358
-1179
-519
205
796
1081
1110
1427
2218
2828
2886
2861
3039
3114
2986
2820
2445
1741
1145
1001
1087
1122
937
347
-405
-682
-402
-84
-5
-73
-237
-477
-717
-929
-1106
-1216
-1224
-1079
-847
-792
-1108
-1661
-2104
-2220
-2042
-1746
-1539
-1565
-1816
-2140
-2360
-2414
-2444
-2672
-3099
-3594
-4067
-4390
-4464
-4528
-4785
-5020
-5100
-5298
-5772
-6512
-7404
-7390
-4859
-355
2915
3004
1609
1118
1884
3536
5953
7936
7779
5839
4284
4249
4871
4833
3833
2691
2248
2199
1564
113
-1351
-2045
-1887
-1212
-538
-541
-1583
-3042
-3625
-2688
-970
221
369
12
-160
34
512
1237
2062
2708
3059
3237
3259
2893
2124
1493
1554
2126
2536
2286
1351
169
-591
-603
-149
344
693
755
469
167
290
753
1156
1453
1830
2166
2137
1699
1167
924
1137
1648
2153
2428
2324
1831
1243
955
1011
1057
842
453
61
-332
-790
-1215
-1418
-1402
-1395
-1572
-1896
-2280
-2706
-3078
-3158
-2774
-2118
-1624
-1573
-1854
-2149
-2281
-2230
-1998
-1694
-1587
-1789
-2095
-2272
-2302
-2315
-2444
-2732
-3139
-3693
-4442
-5233
-5856
-6409
-6921
-6628
-4599
-1472
549
301
-824
-870
484
2577
4879
6469
6246
4622
3505
4032
5409
6200
5906
5076
4305
3537
2440
1129
149
-137
130
453
263
-746
-2294
-3594
-3857
-2951
-1678
-1149
-1630
-2267
-2214
-1529
-645
301
1204
1745
1853
1878
2057
2287
2501
2841
3353
3793
3736
2957
1834
1144
1246
1743
2012
1780
1155
428
-79
-166
84
338
312
85
-57
-50
-65
-114
58
610
1359
1948
2175
2066
1807
1643
1769
2125
2386
2237
1681
1013
529
282
109
-152
-536
-1019
-1550
-2061
-2441
-2609
-2575
-2444
-2332
-2323
-2454
-2658
-2786
-2719
-2462
-2158
-1941
-1775
-1559
-1293
-1080
-996
-1059
-1222
-1474
-1841
-2227
-2511
-2820
-3285
-3717
-3962
-4246
-4787
-5539
-6156
-5854
-4056
-1640
-429
-962
-1869
-1679
-173
2015
4044
5029
4570
3441
3045
3899
5146
5732
5507
5003
4567
4018
3117
2109
1534
1520
1589
1232
351
-863
-2047
-2673
-2412
-1621
-1146
-1487
-2321
-2872
-2681
-1978
-1244
-620
0
524
763
838
1062
1494
1988
2474
2891
3043
2826
2405
2099
2168
2543
2758
2449
1757
1039
447
124
241
631
868
782
486
136
-76
36
444
911
1212
1226
964
651
591
851
1217
1465
1490
1250
791
349
171
266
408
376
127
-232
-600
-918
-1120
-1189
-1190
-1259
-1498
-1928
-2413
-2735
-2723
-2397
-1945
-1603
-1508
-1663
-1905
-1998
-1858
-1659
-1602
-1666
-1748
-1869
-2061
-2190
-2108
-1940
-1978
-2322
-2809
-3242
-3564
-3819
-4063
-4318
-4431
-3951
-2591
-1033
-513
-1225
-1896
-1402
64
1697
2930
3348
2848
2161
2316
3365
4401
4738
4467
3964
3458
3017
2618
2303
2216
2319
2233
1611
596
-332
-851
-937
-712
-451
-587
-1243
-1882
-1908
-1420
-932
-660
-486
-367
-355
-347
-149
278
799
1232
1441
1389
1185
1008
992
1202
1591
1927
1929
1618
1376
1473
1756
1965
2101
2191
2076
1750
1485
1426
1421
1364
1290
1161
887
510
189
36
52
134
121
-49
-252
-322
-227
-30
172
273
195
-19
-223
-305
-292
-305
-429
-595
-686
-684
-668
-711
-791
-855
-933
-1119
-1416
-1697
-1814
-1726
-1543
-1438
-1500
-1689
-1893
-1973
-1855
-1652
-1567
-1655
-1853
-2063
-2146
-2044
-1928
-1979
-2147
-2350
-2678
-3162
-3644
-3943
-3810
-2962
-1614
-708
-945
-1784
-2020
-1163
301
1639
2311
2121
1473
1231
1861
2945
3704
3798
3436
3020
2789
2688
2563
2470
2569
2691
2463
1851
1197
782
682
826
966
788
225
-447
-834
-757
-437
-301
-539
-961
-1282
-1390
-1311
-1082
-729
-365
-163
-144
-106
129
553
1058
1543
1929
2106
2005
1793
1805
2166
2624
2840
2714
2386
2069
1822
1589
1454
1505
1508
1199
755
425
176
-14
-45
-8
-102
-333
-605
-807
-780
-514
-269
-213
-236
-244
-294
-385
-357
-201
-101
-144
-318
-547
-707
-763
-750
-693
-668
-747
-971
-1248
-1316
-1143
-972
-945
-1033
-1129
-1177
-1289
-1481
-1559
-1501
-1525
-1720
-1939
-2030
-1975
-1876
-1821
-1850
-2020
-2307
-2586
-2809
-2996
-3180
-3382
-3375
-2776
-1737
-1053
-1300
-2019
-2187
-1414
-239
735
1220
1099
650
523
1118
2204
3082
3296
3081
2904
2931
3067
3200
3356
3531
3578
3315
2718
2081
1750
1660
1514
1146
595
-48
-739
-1259
-1312
-1067
-976
-1166
-1424
-1537
-1489
-1348
-1137
-856
-566
-370
-290
-188
92
540
973
1233
1340
1345
1275
1298
1596
2063
2412
2530
2474
2266
1994
1834
1786
1712
1580
1431
1199
833
510
410
446
503
499
291
-88
-415
-551
-491
-352
-287
-372
-597
-832
-945
-940
-858
-746
-704
-755
-815
-817
-758
-644
-501
-415
-460
-608
-794
-950
-989
-888
-742
-666
-705
-821
-932
-975
-934
-871
-896
-1074
-1347
-1555
-1601
-1543
-1487
-1518
-1702
-2023
-2378
-2635
-2766
-2936
-3234
-3505
-3520
-3103
-2407
-1955
-2074
-2457
-2435
-1706
-583
318
720
763
769
1093
1765
2627
3305
3554
3437
3224
3231
3327
3326
3196
3096
3016
2770
2389
1950
1662
1562
1539
1392
987
439
-110
-487
-634
-603
-542
-626
-936
-1283
-1406
-1327
-1145
-979
-849
-764
-687
-492
-192
179
509
677
724
767
881
1041
1245
1507
1828
2107
2169
2059
1940
1935
2014
2070
2070
1917
1652
1404
1178
1035
950
811
563
239
-25
-178
-312
-424
-530
-619
-660
-743
-835
-903
-980
-1015
-1014
-1012
-1029
-1056
-1085
-1082
-1011
-931
-875
-846
-848
-827
-711
-551
-443
-380
-354
-370
-383
-379
-372
-368
-448
-667
-932
-1151
-1292
-1353
-1392
-1471
-1613
-1842
-2139
-2433
-2679
-2858
-3002
-3188
-3400
-3493
-3264
-2666
-1989
-1636
-1745
-2017
-1859
-1072
-118
501
681
626
626
901
1476
2124
2605
2875
2945
2894
2913
3061
3219
3265
3199
3100
2902
2522
2127
1910
1833
1711
1397
898
390
45
-133
-250
-327
-347
-406
-583
-817
-1015
-1132
-1125
-993
-833
-740
-692
-617
-507
-320
-33
239
395
459
503
658
978
1357
1713
1981
2107
2112
2026
1933
1934
2012
2070
2023
1853
1618
1370
1164
1042
964
849
623
277
-90
-333
-444
-549
-722
-911
-1086
-1248
-1369
-1415
-1381
-1284
-1165
-1086
-1056
-1012
-929
-844
-757
-658
-581
-530
-485
-477
-483
-405
-249
-191
-271
-375
-472
-603
-712
-774
-854
-978
-1172
-1363
-1527
-1559
-1518
-1560
-1681
-1875
-2063
-2261
-2480
-2651
-2883
-3125
-3205
-3007
-2518
-2123
-1860
-1978
-2090
-1843
-1143
-270
273
560
531
543
826
1377
1984
2349
2529
2508
2477
2542
2706
2804
2826
2746
2709
2605
2435
2195
1977
1939
1869
1647
1239
791
469
214
113
65
-52
-284
-576
-834
-1038
-1135
-1139
-1159
-1203
-1161
-1014
-832
-642
-457
-259
-3
306
537
649
782
1047
1409
1796
2123
2260
2189
2043
1987
2032
2086
2063
1908
1620
1291
1053
912
780
613
416
176
-84
-300
-457
-588
-684
-743
-823
-955
-1085
-1164
-1192
-1152
-1033
-927
-914
-956
-990
-1005
-962
-843
-724
-676
-681
-706
-720
-673
-570
-444
-340
-316
-395
-500
-532
-513
-460
-419
-495
-735
-1020
-1239
-1352
-1375
-1405
-1490
-1718
-1951
-2070
-2226
-2379
-2572
-2731
-2716
-2526
-2176
-1843
-1663
-1743
-1922
-1780
-1181
-438
7
93
10
29
368
958
1601
2009
2150
2134
2092
2294
2612
2863
2946
2902
2934
2945
2829
2610
2380
2212
2087
1919
1600
1180
742
377
151
25
-103
-300
-562
-824
-1008
-1076
-1078
-1049
-1006
-965
-870
-668
-437
-209
8
175
343
522
644
768
1002
1324
1614
1764
1756
1663
1587
1646
1806
1881
1818
1661
1394
1126
1035
1094
1120
986
719
420
164
7
-79
-168
-278
-435
-649
-856
-1027
-1132
-1139
-1094
-1039
-1017
-1096
-1232
-1311
-1287
-1134
-903
-742
-684
-696
-731
-719
-639
-559
-486
-454
-513
-597
-621
-564
-467
-425
-480
-601
-754
-836
-826
-839
-896
-981
-1146
-1346
-1495
-1602
-1701
-1907
-2228
-2558
-2775
-2773
-2551
-2203
-1899
-1741
-1863
-2059
-1935
-1376
-569
-13
222
199
171
455
1015
1694
2107
2254
2234
2173
2316
2628
2975
3093
3016
2894
2724
2529
2322
2132
1959
1839
1706
1414
974
555
274
150
146
109
-70
-356
-667
-904
-955
-816
-672
-654
-710
-756
-751
-636
-428
-201
-22
81
175
287
419
636
920
1185
1410
1534
1520
1486
1544
1695
1830
1825
1654
1408
1225
1164
1147
1075
906
630
323
119
54
25
-68
-245
-485
-722
-860
-881
-856
-858
-911
-1024
-1172
-1308
-1400
-1426
-1356
-1207
-1061
-972
-940
-944
-933
-820
-611
-425
-337
-307
-296
-275
-205
-109
-58
-104
-242
-435
-612
-732
-812
-896
-988
-1094
-1234
-1412
-1621
-1815
-1944
-1998
-2020
-2111
-2287
-2467
-2518
-2350
-1997
-1625
-1403
-1395
-1562
-1548
-1124
-407
223
461
434
277
326
761
1359
1863
2055
2020
1903
1916
2199
2541
2707
2657
2528
2411
2361
2349
2266
2086
1902
1709
1417
1091
814
542
295
152
54
-117
-351
-607
-851
-965
-886
-740
-700
-769
-833
-802
-628
-346
-76
64
89
99
185
397
719
1054
1251
1292
1226
1186
1283
1472
1678
1748
1657
1474
1294
1252
1301
1355
1284
1039
719
458
287
182
80
-101
-324
-539
-705
-802
-831
-862
-922
-987
-1081
-1110
-1086
-1024
-945
-886
-772
-682
-635
-639
-705
-699
-596
-461
-364
-380
-477
-521
-469
-351
-265
-314
-487
-677
-746
-716
-645
-606
-692
-934
-1144
-1169
-1105
-995
-1002
-1186
-1407
-1579
-1632
-1632
-1698
-1907
-2151
-2196
-1995
-1669
-1379
-1293
-1468
-1624
-1437
-876
-217
210
287
182
197
539
1211
1858
2176
2121
1854
1711
1914
2396
2762
2810
2608
2259
2016
1967
2020
1997
1789
1478
1171
933
786
664
475
242
48
-94
-192
-310
-477
-635
-712
-646
-521
-474
-549
-666
-709
-547
-195
81
230
262
218
259
447
770
1059
1190
1176
1114
1090
1185
1366
1495
1510
1348
1148
993
937
997
1051
1037
840
560
330
210
233
242
167
-24
-292
-554
-713
-722
-709
-722
-795
-962
-1091
-1129
-1095
-982
-889
-861
-901
-948
-937
-874
-696
-526
-418
-363
-415
-457
-446
-358
-233
-145
-166
-315
-449
-561
-592
-543
-556
-648
-834
-1040
-1139
-1137
-1104
-1158
-1304
-1489
-1695
-1762
-1694
-1634
-1652
-1838
-2038
-2036
-1835
-1498
-1176
-1094
-1278
-1422
-1246
-711
-46
411
479
238
29
215
826
1501
1905
1906
1650
1492
1621
2040
2448
2589
2437
2062
1741
1648
1744
1825
1718
1427
1038
679
475
438
403
287
136
-47
-239
-398
-525
-602
-602
-580
-556
-518
-526
-569
-578
-518
-349
-105
60
84
45
49
220
564
913
1128
1167
1066
982
1046
1246
1474
1582
1469
1214
1020
1011
1144
1240
1149
882
533
212
19
-19
18
-13
-198
-468
-717
-874
-851
-749
-710
-744
-823
-925
-978
-902
-788
-649
-559
-564
-577
-626
-598
-520
-418
-290
-274
-304
-399
-495
-501
-471
-369
-321
-344
-406
-528
-571
-570
-536
-534
-630
-760
-936
-1041
-1055
-1060
-1073
-1116
-1206
-1357
-1524
-1664
-1779
-1882
-1962
-1962
-1850
-1662
-1456
-1258
-1164
-1214
-1183
-864
-382
35
305
385
327
367
668
1151
1583
1824
1840
1685
1638
1830
2181
2489
2508
2301
2000
1750
1704
1772
1824
1733
1468
1098
739
557
476
422
307
55
-216
-463
-595
-604
-570
-501
-555
-667
-735
-717
-586
-429
-243
-131
-55
88
216
327
465
621
780
946
1062
1149
1184
1184
1233
1309
1410
1430
1337
1189
1016
932
922
914
871
741
512
290
139
65
64
-14
-200
-412
-594
-679
-689
-701
-713
-748
-825
-890
-928
-893
-801
-691
-590
-548
-536
-548
-526
-464
-437
-386
-319
-270
-278
-322
-314
-290
-257
-240
-283
-385
-512
-560
-585
-585
-565
-650
-779
-889
-951
-962
-960
-1005
-1142
-1305
-1444
-1530
-1530
-1540
-1700
-1949
-2144
-2187
-2009
-1670
-1324
-1171
-1306
-1510
-1451
-1041
-417
210
583
556
321
293
668
1319
1955
2261
2146
1823
1638
1765
2147
2565
2756
2560
2094
1650
1403
1456
1626
1667
1450
1000
586
254
141
235
262
139
-147
-487
-737
-791
-680
-554
-492
-509
-560
-634
-660
-588
-452
-252
-16
209
333
308
300
428
650
940
1226
1379
1390
1286
1169
1195
1350
1561
1616
1464
1215
913
755
749
806
824
644
364
18
-278
-330
-270
-206
-281
-531
-790
-990
-1022
-908
-784
-727
-795
-936
-1022
-969
-833
-679
-582
-590
-622
-621
-578
-478
-350
-265
-241
-274
-315
-292
-217
-152
-158
-240
-338
-402
-421
-406
-417
-502
-632
-781
-899
-925
-929
-987
-1133
-1374
-1598
-1713
-1706
-1640
-1656
-1861
-2152
-2321
-2233
-1925
-1516
-1187
-1167
-1354
-1471
-1302
-781
-160
351
578
511
391
436
761
1310
1913
2288
2279
2037
1837
1877
2136
2462
2660
2613
2333
1952
1664
1575
1612
1614
1473
1174
796
433
207
94
-9
-77
-188
-377
-622
-842
-927
-936
-847
-729
-693
-665
-660
-628
-547
-430
-234
-52
144
317
471
671
810
929
1053
1168
1338
1492
1566
1533
1469
1384
1283
1294
1315
1249
1072
821
614
436
339
274
133
15
-125
-343
-547
-685
-737
-750
-757
-783
-850
-925
-950
-919
-881
-813
-733
-698
-685
-633
-560
-493
-415
-321
-260
-240
-223
-242
-265
-261
-231
-145
-93
-93
-151
-283
-399
-498
-517
-466
-463
-525
-691
-879
-987
-1038
-1041
-1068
-1150
-1290
-1460
-1622
-1761
-1847
-1886
-1952
-2073
-2152
-2114
-1961
-1723
-1480
-1356
-1365
-1357
-1183
-801
-299
199
497
519
500
596
904
1394
1898
2229
2244
2099
1972
1957
2157
2418
2543
2481
2249
1952
1656
1490
1478
1441
1317
1065
710
353
94
6
-42
-106
-197
-368
-573
-738
-782
-734
-670
-617
-601
-572
-505
-411
-314
-220
-125
-29
127
344
610
853
946
944
917
973
1145
1384
1588
1605
1472
1271
1080
1017
1106
1211
1169
973
687
398
197
143
177
179
62
-178
-458
-677
-778
-806
-776
-743
-741
-786
-877
-915
-930
-875
-782
-696
-597
-525
-464
-421
-333
-296
-291
-222
-151
-71
-26
-27
-101
-183
-200
-173
-161
-168
-198
-327
-457
-590
-634
-599
-602
-632
-786
-991
-1168
-1260
-1275
-1221
-1182
-1298
-1445
-1631
-1824
-1970
-2002
-1925
-1850
-1760
-1661
-1496
-1337
-1285
-1223
-1067
-807
-434
-8
337
541
626
726
900
1180
1577
1933
2155
2197
2144
2113
2093
2140
2213
2245
2225
2066
1841
1623
1415
1258
1114
941
751
532
285
71
-109
-280
-410
-530
-601
-606
-629
-670
-718
-759
-739
-670
-558
-414
-291
-184
-85
-5
84
225
468
725
889
999
1053
1043
1074
1152
1228
1299
1321
1260
1139
1048
1023
984
923
825
639
453
320
195
85
2
-81
-202
-363
-501
-591
-667
-736
-789
-835
-872
-885
-881
-857
-808
-750
-720
-701
-646
-559
-477
-405
-337
-280
-250
-225
-182
-125
-83
-78
-101
-112
-98
-94
-129
-198
-279
-363
-442
-502
-545
-592
-668
-780
-924
-1043
-1120
-1163
-1178
-1222
-1336
-1466
-1582
-1663
-1707
-1779
-1867
-1891
-1842
-1728
-1539
-1336
-1167
-1072
-1026
-887
-611
-288
62
389
582
675
792
971
1192
1453
1730
1920
1996
2033
2049
2043
2059
2101
2104
2038
1935
1794
1594
1396
1224
1028
850
716
536
337
181
9
-202
-373
-487
-561
-606
-629
-638
-667
-711
-717
-674
-588
-463
-346
-260
-185
-101
13
180
390
590
741
852
943
1033
1129
1210
1254
1272
1272
1230
1152
1080
1010
917
818
720
608
506
407
276
120
-26
-164
-288
-359
-413
-513
-617
-697
-776
-821
-820
-809
-773
-765
-795
-777
-719
-653
-571
-499
-448
-412
-388
-348
-290
-239
-198
-188
-213
-229
-209
-158
-101
-69
-114
-242
-369
-434
-464
-470
-458
-481
-577
-709
-834
-942
-1023
-1063
-1091
-1149
-1229
-1318
-1424
-1531
-1639
-1748
-1835
-1867
-1818
-1708
-1564
-1370
-1191
-1108
-1029
-875
-649
-359
-38
288
544
695
837
997
1152
1372
1639
1860
2013
2084
2106
2088
2060
2044
1999
1976
1929
1799
1628
1435
1256
1039
812
631
436
272
159
35
-110
-274
-415
-542
-625
-622
-599
-568
-553
-564
-561
-540
-486
-375
-212
-54
104
246
366
508
615
700
773
825
924
1039
1158
1237
1238
1195
1077
956
872
840
858
803
680
513
332
154
-10
-82
-130
-198
-275
-370
-465
-565
-632
-672
-717
-734
-719
-735
-754
-734
-729
-721
-683
-648
-582
-474
-395
-334
-286
-286
-274
-242
-214
-175
-149
-146
-144
-167
-195
-206
-240
-282
-356
-422
-466
-520
-553
-615
-679
-781
-902
-978
-1033
-1050
-1070
-1100
-1146
-1245
-1365
-1468
-1542
-1605
-1652
-1667
-1653
-1598
-1499
-1355
-1172
-988
-871
-789
-637
-414
-157
152
451
650
808
962
1083
1236
1470
1686
1833
1954
2052
2103
2109
2083
2049
2005
1937
1851
1742
1591
1413
1243
1059
854
666
501
332
191
58
-99
-233
-338
-423
-461
-484
-497
-480
-457
-434
-405
-367
-308
-232
-145
-79
-15
138
326
479
636
752
782
799
859
945
1025
1113
1175
1133
1038
960
890
863
859
803
699
573
455
353
237
119
12
-103
-221
-315
-365
-417
-475
-518
-605
-702
-732
-741
-725
-689
-687
-684
-673
-677
-627
-529
-438
-356
-311
-297
-282
-257
-218
-177
-150
-142
-153
-160
-161
-171
-193
-249
-329
-418
-488
-519
-522
-536
-594
-703
-812
-892
-953
-974
-1024
-1103
-1177
-1286
-1358
-1413
-1479
-1544
-1632
-1697
-1705
-1618
-1478
-1290
-1080
-956
-878
-779
-627
-398
-140
163
450
644
807
920
1042
1226
1437
1665
1799
1898
1985
2011
2036
2023
1996
1912
1775
1669
1536
1407
1272
1111
938
712
494
307
150
36
-94
-234
-363
-478
-563
-631
-672
-673
-642
-610
-579
-528
-475
-404
-343
-296
-240
-165
-26
100
203
336
450
567
677
776
879
939
978
984
957
949
938
934
923
871
800
697
567
446
368
303
211
110
-8
-122
-241
-341
-430
-534
-596
-651
-681
-685
-699
-706
-726
-736
-733
-709
-658
-610
-544
-481
-446
-416
-381
-361
-316
-245
-209
-187
-172
-179
-166
-155
-165
-156
-164
-205
-241
-299
-367
-414
-467
-517
-573
-658
-709
-732
-800
-882
-943
-1025
-1117
-1184
-1238
-1290
-1347
-1454
-1576
-1615
-1568
-1464
-1302
-1122
-963
-843
-753
-620
-433
-220
31
291
487
660
865
1066
1254
1449
1607
1721
1843
1958
2034
2077
2094
2078
2005
1870
1753
1665
1568
1471
1339
1149
928
691
485
326
181
47
-83
-215
-334
-462
-552
-584
-618
-642
-650
-651
-618
-566
-493
-422
-382
-325
-251
-193
-86
52
168
293
421
519
611
720
833
925
988
1022
1028
1019
1011
984
930
872
813
731
633
575
492
372
258
133
23
-97
-194
-287
-398
-478
-571
-651
-692
-707
-724
-756
-775
-787
-796
-782
-732
-671
-612
-542
-483
-439
-383
-322
-273
-235
-225
-212
-211
-203
-177
-177
-153
-152
-174
-181
-241
-292
-323
-382
-409
-439
-494
-563
-649
-732
-809
-848
-887
-958
-1026
-1070
-1101
-1159
-1233
-1311
-1385
-1448
-1461
-1423
-1337
-1173
-964
-809
-709
-580
-426
-248
-58
157
364
527
725
883
1027
1214
1386
1545
1656
1738
1819
1875
1886
1886
1841
1742
1664
1592
1506
1395
1262
1111
950
759
587
438
246
108
-39
-198
-309
-375
-396
-480
-536
-572
-612
-599
-603
-576
-512
-460
-383
-315
-256
-150
-40
59
178
310
436
519
617
724
797
878
940
970
951
938
948
945
960
937
825
717
638
532
430
346
251
145
44
-48
-150
-265
-348
-410
-473
-535
-587
-618
-642
-670
-698
-689
-689
-694
-669
-653
-598
-517
-438
-401
-370
-301
-271
-237
-199
-202
-203
-158
-139
-145
-150
-198
-200
-203
-221
-236
-275
-311
-363
-434
-527
-623
-701
-737
-777
-826
-856
-941
-1003
-1050
-1125
-1172
-1244
-1332
-1420
-1490
-1487
-1444
-1344
-1192
-1028
-872
-744
-592
-405
-243
-92
93
287
474
680
878
1088
1293
1424
1547
1618
1673
1776
1818
1845
1868
1845
1781
1702
1626
1531
1421
1285
1119
914
734
591
436
275
112
-11
-154
-282
-370
-454
-521
-600
-656
-686
-687
-654
-615
-562
-505
-458
-416
-366
-296
-204
-95
2
106
222
330
419
524
645
753
837
901
946
967
985
989
943
877
794
728
699
644
594
515
408
317
173
45
-52
-158
-230
-333
-457
-541
-609
-685
-765
-803
-822
-866
-882
-876
-849
-819
-771
-702
-659
-603
-572
-503
-408
-358
-276
-230
-198
-147
-151
-148
-107
-81
-71
-81
-100
-112
-163
-213
-258
-313
-353
-391
-409
-476
-562
-630
-707
-759
-815
-877
-959
-1048
-1123
-1206
-1294
-1379
-1433
-1438
-1399
-1335
-1253
-1103
-950
-819
-666
-501
-318
-151
27
233
395
569
760
936
1113
1270
1436
1566
1651
1749
1814
1852
1858
1831
1781
1703
1614
1506
1382
1280
1167
1002
822
641
489
344
195
88
-53
-200
-308
-388
-450
-513
-545
-578
-565
-531
-547
-498
-463
-447
-383
-339
-264
-163
-50
42
139
243
328
436
517
611
695
791
907
966
1008
1000
996
986
954
933
882
788
720
666
557
472
367
262
172
43
-30
-113
-207
-264
-359
-461
-555
-665
-737
-746
-757
-754
-710
-687
-684
-671
-643
-610
-594
-598
-588
-537
-455
-361
-272
-205
-191
-206
-217
-215
-188
-170
-178
-176
-192
-222
-230
-260
-313
-361
-420
-456
-479
-522
-547
-581
-642
-697
-770
-855
-907
-956
-1036
-1109
-1203
-1287
-1330
-1359
-1306
-1224
-1132
-981
-828
-692
-580
-445
-302
-152
22
164
325
510
692
885
1041
1196
1332
1452
1565
1628
1688
1718
1727
1724
1661
1595
1525
1445
1343
1210
1126
1018
883
757
602
445
279
125
-6
-139
-285
-389
-436
-477
-511
-534
-553
-549
-525
-523
-499
-456
-427
-368
-324
-241
-157
-62
89
204
314
452
572
641
705
781
829
876
924
951
948
928
906
872
831
782
709
624
559
476
349
221
112
-7
-147
-276
-385
-494
-573
-601
-651
-721
-744
-762
-774
-747
-730
-741
-747
-741
-716
-656
-574
-482
-387
-302
-229
-147
-73
-37
-4
2
-27
-26
-21
-56
-60
-30
-30
-59
-108
-141
-184
-256
-326
-411
-478
-574
-673
-748
-815
-835
-847
-855
-874
-911
-962
-1032
-1088
-1136
-1187
-1211
-1194
-1151
-1066
-924
-762
-600
-421
-233
-83
50
197
331
450
556
660
794
924
1030
1169
1332
1440
1522
1580
1583
1571
1540
1471
1364
1262
1157
1051
958
836
730
616
509
408
260
143
19
-101
-205
-338
-404
-472
-562
-589
-585
-554
-540
-532
-510
-487
-433
-388
-357
-304
-236
-167
-55
55
134
255
388
513
655
768
802
836
838
801
804
772
735
690
637
609
553
497
447
395
319
206
97
-11
-107
-203
-297
-395
-489
-550
-617
-657
-689
-695
-700
-671
-670
-663
-653
-588
-535
-487
-415
-346
-313
-281
-223
-168
-110
-60
-25
-39
-64
-57
-52
-62
-80
-106
-131
-151
-175
-220
-257
-292
-324
-357
-418
-483
-558
-605
-664
-698
-737
-773
-800
-839
-913
-997
-1013
-1002
-990
-978
-959
-942
-922
-848
-759
-660
-543
-367
-215
-107
2
124
263
396
524
632
748
859
982
1077
1156
1246
1338
1398
1412
1432
1411
1368
1323
1282
1182
1091
1006
888
759
641
542
433
327
206
75
-42
-136
-222
-295
-359
-410
-433
-445
-454
-464
-480
-415
-333
-282
-237
-172
-105
-26
36
144
250
339
453
542
614
653
686
726
731
747
741
715
704
700
662
609
572
517
432
333
249
155
43
-33
-106
-204
-277
-347
-418
-455
-500
-552
-576
-600
-646
-665
-648
-642
-643
-606
-533
-472
-411
-306
-206
-179
-192
-204
-228
-249
-243
-224
-211
-249
-282
-267
-229
-221
-228
-220
-233
-215
-234
-264
-313
-395
-409
-449
-481
-501
-543
-543
-557
-577
-613
-655
-672
-723
-770
-788
-830
-868
-885
-869
-830
-779
-719
-662
-625
-572
-455
-316
-156
39
192
311
426
523
611
705
794
877
962
1005
1055
1119
1164
1216
1232
1244
1223
1175
1108
1005
928
825
706
598
472
367
288
211
132
73
14
-55
-134
-210
-277
-341
-379
-371
-370
-385
-389
-380
-331
-284
-239
-182
-133
-34
45
122
204
252
334
392
435
497
560
603
606
612
616
612
592
566
543
506
461
404
339
265
196
147
92
23
-42
-83
-148
-239
-300
-375
-475
-545
-603
-636
-647
-644
-595
-532
-489
-444
-394
-379
-374
-389
-441
-456
-454
-400
-292
-227
-198
-180
-168
-191
-201
-151
-109
-109
-149
-198
-241
-285
-323
-365
-406
-413
-392
-383
-353
-303
-303
-328
-364
-433
-514
-599
-691
-755
-778
-807
-819
-810
-791
-754
-753
-742
-716
-679
-611
-560
-478
-372
-260
-136
-41
94
217
329
468
549
654
769
855
954
1025
1089
1149
1196
1232
1251
1239
1189
1146
1072
1002
946
822
729
657
569
494
377
270
184
96
-5
-104
-159
-215
-269
-310
-344
-342
-363
-391
-371
-371
-351
-319
-278
-178
-96
8
96
164
238
276
317
344
378
408
480
580
601
619
616
590
577
558
540
504
464
429
351
250
165
70
33
18
-44
-93
-145
-206
-281
-329
-345
-369
-346
-361
-426
-462
-516
-553
-538
-507
-442
-381
-338
-301
-284
-299
-304
-292
-305
-307
-292
-287
-268
-231
-218
-223
-219
-177
-108
-69
-47
-28
-34
-81
-121
-151
-206
-236
-280
-334
-360
-407
-422
-429
-441
-429
-436
-435
-472
-569
-634
-686
-708
-687
-681
-685
-697
-691
-675
-639
-560
-479
-359
-270
-196
-96
-16
84
176
272
368
423
493
576
634
683
735
779
840
903
949
981
987
965
922
871
831
778
698
627
552
460
399
344
273
190
118
84
67
5
-62
-114
-180
-203
-212
-214
-204
-184
-157
-186
-188
-182
-154
-83
-13
77
150
273
379
437
517
555
582
587
566
575
571
570
607
615
595
572
533
488
416
354
288
165
78
26
-45
-101
-155
-180
-230
-312
-341
-353
-371
-362
-322
-324
-354
-392
-426
-436
-440
-398
-368
-348
-335
-323
-254
-177
-115
-71
-34
-33
-68
-80
-74
-93
-97
-68
-114
-187
-212
-232
-242
-171
-78
-67
-55
-86
-138
-173
-260
-320
-386
-498
-589
-627
-611
-533
-426
-378
-379
-400
-467
-569
-655
-709
-754
-777
-765
-714
-619
-507
-398
-284
-194
-142
-62
46
113
175
253
289
313
368
438
539
635
703
784
834
842
861
847
798
760
705
668
643
596
576
550
518
468
415
354
270
242
205
150
137
72
-5
-44
-101
-156
-215
-269
-289
-283
-255
-177
-109
-73
3
78
134
185
219
251
257
227
235
253
240
251
284
340
389
424
454
452
438
368
293
227
108
8
-40
-68
-107
-127
-123
-150
-173
-189
-221
-246
-253
-295
-353
-309
-258
-236
-222
-285
-383
-475
-493
-457
-396
-326
-275
-201
-170
-125
-86
-88
-87
-147
-208
-230
-197
-134
-81
-7
46
103
130
88
82
78
51
36
12
-65
-168
-210
-247
-302
-300
-284
-304
-339
-355
-346
-313
-278
-274
-321
-389
-414
-433
-479
-520
-558
-593
-581
-545
-468
-340
-238
-134
-23
31
95
133
147
194
207
250
305
343
448
523
570
638
682
736
775
803
840
812
733
654
565
489
461
434
417
418
373
317
289
272
242
178
154
132
71
12
-41
-48
-61
-57
-35
-34
16
106
185
238
253
222
167
108
44
11
-40
-89
-69
-17
35
88
104
84
65
47
20
-9
-37
-64
-77
-79
-96
-113
-105
-114
-169
-200
-184
-171
-159
-111
-62
-52
-79
-142
-232
-322
-397
-437
-422
-387
-366
-335
-294
-266
-213
-134
-85
-75
-55
-20
-28
-56
-36
-6
1
38
95
127
132
98
41
1
-15
-19
-21
-6
2
-49
-109
-105
-85
-116
-158
-147
-154
-246
-339
-371
-376
-371
-338
-270
-228
-241
-243
-217
-204
-181
-148
-138
-157
-169
-132
-63
-1
62
140
224
315
414
499
532
523
515
506
466
416
405
419
445
475
501
517
528
568
624
626
600
559
464
391
366
350
331
312
280
224
215
248
325
395
405
352
231
186
106
0
-12
-22
-2
-32
-39
39
51
65
24
-41
-90
-186
-209
-213
-235
-245
-262
-243
-234
-242
-269
-250
-199
-229
-282
-323
-353
-372
-366
-330
-331
-350
-338
-332
-389
-399
-327
-266
-202
-208
-223
-245
-287
-284
-299
-232
-155
-49
62
102
118
16
-43
-88
-116
-98
-144
-142
-119
-72
-10
49
77
62
35
-33
-81
-84
-85
-106
-144
-204
-308
-383
-379
-360
-369
-310
-181
-83
-22
24
29
-5
-35
-63
-128
-226
-308
-354
-337
-234
-114
-23
78
177
275
373
402
356
266
128
-2
-47
-19
70
169
217
252
317
413
512
596
605
544
468
349
257
197
125
117
122
164
229
246
270
268
309
388
430
456
391
284
148
17
-46
-42
-12
-56
-117
-128
-87
-17
39
40
42
53
-12
-81
-156
-241
-259
-253
-226
-193
-171
-152
-140
-94
-70
-86
-93
-102
-98
-120
-134
-88
-74
-109
-158
-237
-305
-284
-221
-182
-169
-165
-178
-218
-210
-107
-14
-2
-27
-75
-149
-212
-242
-213
-201
-247
-254
-187
-111
-27
26
21
-3
-53
-89
-97
-66
-40
-98
-159
-201
-223
-206
-159
-79
-55
-69
-77
-106
-112
-53
14
21
-12
-87
-161
-207
-242
-196
-137
-122
-87
-25
77
129
133
133
82
2
-70
-80
-39
-16
-40
-38
-3
32
119
222
265
250
212
172
131
96
73
68
96
149
183
239
270
292
331
323
315
253
177
132
122
174
269
346
271
169
43
-92
-133
-109
-1
97
123
95
33
-55
-40
79
152
168
104
6
-115
-123
-20
50
98
85
72
34
-14
-57
-123
-134
-138
-166
-179
-146
-114
-106
-88
-78
-130
-218
-214
-166
-126
-88
-76
-135
-193
-196
-173
-21
130
162
88
-2
-70
-249
-328
-250
-228
-236
-204
-126
-95
-61
61
124
108
86
47
-53
-181
-265
-336
-371
-298
-146
-8
81
120
130
140
117
123
162
154
65
-38
-122
-204
-223
-228
-123
24
90
195
232
192
130
74
9
-77
-145
-232
-312
-340
-329
-305
-214
-76
27
81
71
87
99
127
210
166
51
-36
-118
-160
-193
-195
-117
-35
43
164
278
316
301
246
163
91
78
85
36
33
80
73
80
173
233
261
317
312
264
188
131
102
30
13
9
-34
-37
25
154
230
240
240
207
150
40
9
37
32
29
94
212
218
182
139
66
-37
-107
-49
-11
31
76
103
124
41
1
22
-26
-62
-80
-123
-160
-166
-111
-20
18
7
9
10
-4
-8
0
-4
-56
-87
-105
-155
-160
-191
-289
-257
-92
36
119
167
140
36
-78
-142
-174
-157
-72
24
61
69
70
72
97
146
159
102
36
30
93
174
184
109
25
-63
-137
-88
22
48
52
46
-37
-81
-46
-55
-107
-139
-139
-68
6
6
12
58
104
171
236
245
189
103
30
-24
-58
-36
0
-20
-67
-78
-41
3
36
96
199
277
269
183
59
-88
-174
-113
32
158
244
274
220
125
100
157
209
180
80
-62
-204
-287
-255
-154
-94
-108
-121
-108
-111
-107
-52
14
20
4
33
77
88
130
180
131
9
-98
-171
-216
-227
-175
-50
62
120
175
194
113
22
-13
-50
-116
-173
-222
-290
-343
-318
-140
35
108
174
162
71
-21
-4
103
173
205
174
148
107
31
-23
-73
-104
-169
-193
-143
-133
-106
-47
-21
-25
-61
-56
-49
-116
-132
-86
-52
-81
-133
-146
-122
-40
-10
-35
-43
-2
173
371
484
470
327
197
154
101
-11
-76
-93
-157
-207
-124
-2
29
48
109
131
97
46
-34
-153
-232
-246
-249
-259
-243
-155
-46
95
221
281
301
275
265
231
201
179
118
62
-60
-168
-217
-219
-146
-82
-36
-46
-51
-4
-1
4
16
-34
-105
-130
-147
-221
-259
-186
-78
5
118
247
278
280
300
307
241
58
-93
-176
-223
-195
-145
-68
5
67
138
158
144
100
-1
-159
-299
-415
-384
-220
-159
-129
-85
-69
-106
-96
-54
-85
-137
-227
-253
-289
-307
-210
-101
8
89
96
10
4
14
-40
-34
-6
47
43
45
51
-12
-91
-139
-105
-72
-48
-45
-83
-127
-138
-65
48
88
21
-70
-133
-133
-101
-24
62
77
96
119
170
224
173
128
117
69
13
6
30
64
94
72
47
29
-19
-15
3
1
-56
-138
-129
-137
-107
22
110
212
303
318
296
199
70
-44
-122
-110
-55
20
73
77
87
103
143
156
130
128
97
25
-35
-46
-56
-92
-58
44
93
86
85
62
33
1
-9
11
74
175
212
229
206
136
78
-10
-93
-142
-145
-141
-149
-107
-95
-87
-5
69
107
107
90
28
-21
38
130
204
170
-12
-219
-294
-180
3
177
338
420
385
267
123
51
15
-89
-165
-194
-275
-338
-268
-93
24
44
95
161
145
137
202
192
112
45
-52
-116
-138
-105
-29
-6
29
78
68
47
61
125
169
148
145
105
1
-47
-15
1
-41
-23
17
31
59
85
122
70
-9
-55
-93
-68
-47
-12
17
24
50
37
28
-22
-135
-222
-286
-311
-288
-194
-61
2
7
-5
-33
-53
-29
-28
-49
-46
-19
4
25
47
66
8
-37
-58
-86
-72
-78
31
150
235
171
159
94
62
8
-44
-52
-77
-142
-140
-122
-137
-76
34
163
225
290
222
160
62
-36
-128
-91
13
25
29
37
94
181
226
284
254
124
46
2
-69
-67
-31
-9
-12
-33
-71
-128
-103
-50
-14
45
27
-88
-220
-251
-170
-93
-13
89
117
104
101
124
168
145
58
-61
-168
-232
-289
-294
-189
-95
-4
68
113
110
81
40
-38
-90
-198
-210
-228
-142
-35
65
160
185
111
97
105
80
70
49
-27
-45
-29
-48
-93
-107
-98
-91
-46
-22
-19
-9
-10
-1
-12
-9
11
27
38
4
3
2
-58
-105
-141
-147
-120
-47
34
36
37
27
5
27
36
-5
-109
-178
-163
-126
-71
-18
24
37
56
135
188
209
187
136
114
22
-126
-191
-221
-291
-265
-137
-70
-39
8
50
71
30
-27
-90
-131
-208
-215
-152
-91
-19
-26
10
-13
-2
9
17
-25
-69
-102
-89
-35
32
48
30
5
-39
-138
-130
-120
-102
-150
-120
-120
-103
-59
37
102
136
147
168
118
-38
-193
-200
-198
-147
-65
60
142
130
243
292
252
184
129
-56
-159
-171
-123
-90
-27
34
47
6
-25
-29
34
95
84
60
-6
-140
-192
-188
-167
-96
-84
-108
-66
3
68
140
212
199
157
122
48
-32
-110
-135
-114
-135
-133
-62
12
94
157
214
224
142
101
37
-60
-132
-223
-224
-188
-130
-23
63
159
191
147
97
45
1
-41
-58
-104
-139
-39
57
72
62
29
-3
-5
40
122
163
142
79
-28
-109
-156
-170
-116
-39
49
98
100
114
98
72
39
26
36
-23
-39
14
54
86
126
151
107
68
67
69
48
46
68
91
144
149
141
124
94
54
3
46
61
2
-72
-124
-110
-69
13
85
160
213
176
182
151
119
92
-43
-84
-106
-106
12
88
102
97
93
46
44
54
102
120
66
70
20
-66
-142
-73
-44
28
88
171
163
109
111
143
214
154
112
66
-59
-215
-222
-174
-101
13
121
203
251
244
213
81
-30
-82
-127
-161
-128
-22
-8
26
56
105
53
57
67
19
-54
-62
-39
-51
-16
89
114
71
-4
-4
-64
-31
2
62
52
45
-28
-109
-136
-95
-64
-32
20
22
-51
-116
-136
-77
-32
-22
25
72
84
131
164
163
157
88
-20
-93
-122
-104
-41
24
84
114
153
184
192
166
95
-11
-82
-103
-143
-194
-231
-213
-203
-126
-99
-37
-94
-69
-48
-101
-80
-20
-15
-40
-66
-73
-89
-77
-50
60
147
228
292
228
156
45
-47
-109
-115
-127
-70
-66
-16
-27
17
-4
31
43
44
43
27
-23
-74
-135
-141
-129
-95
-56
-55
-89
-55
-19
-2
34
58
77
26
-19
32
11
-74
-116
-138
-194
-212
-161
-105
-98
-120
-75
-27
-18
2
12
3
-46
-85
-64
-43
-23
-29
-26
39
40
-1
-3
14
94
145
204
219
126
-9
-70
-35
-45
-50
-94
-117
-165
-94
7
96
93
31
-66
-97
-114
-129
-104
-25
28
21
-75
-65
-78
-109
-84
-79
-40
-69
61
58
60
34
83
34
109
165
122
23
-29
-86
-148
-170
-128
-112
-140
-123
-85
-113
-75
24
69
35
23
8
-25
-40
1
61
82
123
95
88
157
167
143
114
139
126
85
96
96
52
-59
-128
-117
-109
-83
41
149
146
146
138
77
19
-27
-69
-115
-175
-192
-137
-82
-6
89
119
78
42
32
21
13
19
20
-12
-22
-3
2
14
16
27
59
98
100
101
114
118
134
95
72
13
-84
-123
-127
-92
-63
45
149
114
57
1
-62
-128
-133
-74
-20
-6
-24
-38
-65
-59
-2
37
37
21
-17
-63
-56
-25
-18
-30
-24
1
-19
-3
120
217
233
161
77
24
-82
-161
-165
-133
-62
-26
-10
5
-1
-2
54
133
109
18
-49
-75
-79
-32
27
16
-17
-89
-112
-50
-28
-29
-2
26
-12
-7
68
56
12
-7
-41
-18
85
121
95
107
84
-18
-64
-45
-99
-204
-211
-147
-104
-36
65
62
-48
-86
-46
-6
29
64
36
-60
-110
-138
-130
-72
-34
-3
-21
-64
-39
11
78
114
93
47
-42
-80
-52
-44
-70
-78
-39
26
96
168
213
212
178
132
120
169
220
207
151
96
11
-48
-43
-8
-4
-13
30
17
-27
-21
-7
-10
-18
19
34
10
12
-9
-96
-181
-195
-183
-170
-124
-65
-47
-11
76
129
114
78
67
53
30
28
21
-8
8
58
98
138
105
83
82
56
108
146
124
64
26
45
62
53
24
32
42
55
57
23
-27
-67
-58
-38
15
39
81
152
150
138
107
69
31
3
-13
-2
55
101
92
62
114
106
53
68
33
-42
-95
-57
9
16
28
57
35
-2
14
44
82
131
163
155
138
111
67
76
63
44
48
36
36
30
42
48
33
9
-31
-50
-67
-84
-66
-42
-64
-83
-60
-79
-88
