0
16
9
10
23
33
-29
20
59
2
-55
12
94
11
-57
-2
73
30
3
26
48
25
15
31
30
9
-10
-9
0
-4
-19
-10
5
-12
-30
-25
-5
-12
-26
-25
-27
-37
-14
22
-22
-54
-17
14
-1
-50
-26
17
-8
-27
-18
11
12
-23
-34
-23
6
28
7
-44
-3
64
14
-50
-29
73
51
-59
-33
66
83
-19
-36
9
7
-8
0
10
-30
-7
26
-5
-54
-33
41
18
-29
-19
54
54
-1
16
46
70
48
6
2
47
85
48
-11
15
97
67
-22
-2
83
67
-13
-12
64
68
4
36
60
14
-13
24
72
-2
-25
39
76
32
-26
39
69
39
23
21
62
82
24
-7
22
53
6
-58
-4
69
13
-57
-25
62
46
-53
-14
16
47
-28
-35
-16
-6
-13
-31
-48
-19
-17
-58
-48
-2
-36
-15
-84
-19
20
2
-46
-51
9
16
-11
-84
-10
9
2
-73
-60
26
-4
-55
-61
6
54
-37
-69
-47
-8
-48
-78
1
-39
-31
-42
-25
-22
-20
-15
-17
-80
-11
65
-33
-51
-13
80
-11
-52
48
82
8
3
41
16
-1
52
24
-58
7
120
27
-97
9
159
16
-147
50
144
9
-158
37
148
5
-97
1
77
15
-67
-56
43
23
-45
-66
45
17
-75
-60
93
-6
-149
-26
139
-15
-186
21
168
-12
-167
91
148
-128
-185
119
138
-200
-186
179
163
-240
-128
198
129
-209
-114
165
72
-119
-88
83
28
-90
-31
67
35
-61
-24
76
83
-95
-17
135
63
-145
-4
167
-37
-173
63
187
-121
-154
153
184
-173
-154
235
165
-213
-119
244
153
-229
-114
225
81
-168
-62
141
44
-125
11
92
-14
-42
27
47
-54
-24
92
33
-36
17
78
33
-71
-24
109
51
-78
-13
140
84
-140
-73
189
106
-131
-5
186
15
-167
31
193
-51
-140
100
127
-115
-139
108
70
-112
-42
68
-9
-108
11
70
-54
-53
57
68
-5
-20
5
1
-32
-40
0
32
-1
-30
8
7
-34
-13
15
-4
-19
11
39
-19
-62
-9
10
-25
-30
-12
18
6
-50
-7
60
18
-59
-30
60
-17
-120
-60
64
-16
-114
-36
30
-37
-177
-41
81
-44
-162
4
101
-1
-198
-6
130
-7
-187
-20
139
9
-121
-65
102
54
-59
-67
43
84
-11
-40
15
90
-10
-48
-46
53
43
-31
-41
62
92
-1
-12
40
131
18
-9
28
97
62
4
83
82
62
-16
21
95
94
46
20
59
51
-23
33
73
49
32
62
16
-43
42
89
-13
-40
68
48
-75
-50
96
73
-102
-82
123
81
-168
-71
140
17
-197
-15
221
-80
-212
118
181
-169
-150
231
74
-217
-14
250
-19
-241
138
242
-155
-233
214
214
-170
-141
221
168
-228
-60
226
172
-178
-79
221
162
-186
-132
205
188
-209
-168
256
192
-265
-163
273
201
-347
-125
313
147
-381
-114
408
94
-414
-83
421
49
-456
-36
427
22
-448
54
412
3
-454
133
410
-66
-420
133
380
-125
-393
164
357
-168
-329
208
290
-229
-285
260
195
-281
-150
255
99
-306
-82
259
37
-245
-1
283
-9
-280
82
351
-94
-272
129
353
-198
-265
190
237
-255
-187
262
159
-293
-165
300
85
-297
-22
305
3
-307
86
280
-144
-234
219
181
-225
-91
250
75
-285
-14
280
-77
-278
105
238
-194
-203
239
143
-260
-78
246
-58
-246
46
142
-118
-82
114
-61
-126
137
71
-264
77
237
-95
-254
281
205
-325
-81
379
23
-420
172
351
-260
-275
390
137
-352
-56
403
-114
-354
130
321
-198
-239
206
122
-248
-77
248
25
-176
-37
181
-27
-178
-21
205
-72
-157
92
136
-92
-178
139
160
-97
-133
86
69
-144
-14
64
48
-82
-12
-30
-11
-39
20
11
-62
-5
-70
-6
13
-32
-103
31
43
-121
7
86
40
-141
13
120
-50
-148
59
79
-113
-75
43
2
-34
-74
40
96
-51
-40
9
53
-3
-97
38
74
-71
-65
29
62
-17
-75
80
21
-29
-34
66
-36
-16
-9
64
10
-22
58
39
30
-25
14
55
-59
-12
30
76
7
-52
63
29
60
9
21
7
6
-78
63
-13
-26
45
-51
19
42
33
2
-26
62
105
6
-19
155
47
-56
-9
90
113
-64
-42
81
100
31
25
114
60
3
55
113
-5
-63
6
82
47
-49
1
52
21
56
-6
-12
160
18
35
13
134
-11
-76
13
167
-56
-92
80
62
-39
52
53
8
-21
95
54
-105
30
85
-35
-139
89
132
-57
-191
90
141
-48
-40
-19
151
-91
-1
-8
-12
11
-117
66
43
-22
-124
-21
174
-41
-151
76
154
-99
-83
98
101
-202
-70
183
37
-252
14
139
-7
-133
112
184
-96
-94
126
176
-133
-35
179
42
-147
-8
128
20
-186
60
97
-14
-124
50
94
-43
-91
96
94
-126
-109
68
53
-83
-88
50
-74
-31
-73
34
-26
-3
21
-36
60
91
23
-16
-4
34
0
45
121
-38
-37
90
21
37
27
7
-42
-54
110
-36
-85
34
5
57
-81
71
-20
-57
54
28
-90
-82
-20
65
-101
-30
-101
61
28
-110
-6
51
108
-152
-108
146
88
-86
-64
39
-53
-49
-118
91
-43
33
-52
-62
-45
-19
-31
-98
84
-2
21
-84
7
-56
-41
68
25
27
-113
24
-35
0
-112
-4
-144
20
12
32
-61
-60
-48
52
-28
-7
-18
-164
-163
38
56
-17
-111
-64
-91
-126
-2
-18
-134
-184
67
12
-24
-14
-91
170
-63
-3
-67
39
-32
-105
-3
39
-64
-165
95
54
27
-3
5
-191
-156
136
48
-55
-127
47
-99
-97
31
111
-146
-105
26
-13
-28
-112
23
9
-50
65
-29
-25
-33
-9
62
-84
-62
-120
-32
-6
-2
98
-177
7
10
54
-77
18
109
26
-103
4
-2
63
-54
-41
-46
-75
74
-77
92
61
83
-25
107
46
-83
8
-2
97
-97
-55
32
151
23
-85
-136
44
195
12
-52
27
7
-17
-33
89
46
-44
48
61
76
-25
-106
55
19
32
-80
-62
172
-32
-167
23
131
4
-196
-15
78
-108
-78
-26
90
-136
198
78
-72
-117
43
48
-234
-92
114
-46
-213
-173
30
-20
12
23
-64
-30
-26
96
-65
51
-18
-47
-104
73
87
-76
-85
44
125
-161
-77
-98
45
-304
-107
128
54
-44
-180
134
-71
33
44
-14
-66
-92
89
-15
-200
125
3
-85
-124
0
92
-122
-50
17
-26
-72
-156
-15
11
-75
-115
76
182
34
-81
-47
142
6
5
110
177
-93
-69
239
82
-9
-58
325
-148
-92
76
335
-157
-265
174
221
-116
-341
121
12
20
-120
184
-81
-94
124
101
-47
-214
198
153
-118
8
208
179
-174
45
251
20
-182
124
256
-107
-220
138
141
-270
-116
351
94
-206
-223
240
174
-298
-9
59
165
-155
186
153
-36
-234
277
145
80
-148
336
17
-219
-108
355
82
-192
-38
206
88
-48
250
153
-172
46
227
188
-93
53
178
-63
-80
123
188
-49
-170
171
118
-110
-164
98
67
-167
-30
3
10
-219
235
-23
-74
59
102
-65
-78
134
-172
-12
-171
145
50
-240
200
-164
143
-88
9
-479
37
257
66
23
-268
331
-127
84
72
210
-163
-312
112
107
50
-188
105
16
-114
-78
92
291
-180
-179
224
174
39
-226
303
-146
-133
-304
319
-172
-61
-65
225
40
-208
86
172
71
-249
19
204
133
-229
52
208
-5
-81
234
271
-406
-360
311
77
-327
-258
512
42
-461
-225
527
129
-315
-179
545
242
-372
-147
408
172
-380
-21
364
209
-481
119
375
86
-374
-41
436
-73
-107
140
368
-229
-298
116
411
-145
-274
143
120
-197
-205
295
233
-153
-263
-16
180
-165
-46
146
221
22
-225
133
197
-49
-167
143
111
-79
49
112
-142
-144
158
119
-264
-241
497
42
-167
-140
508
89
-264
-264
622
228
-149
-180
361
314
-301
-31
393
296
-365
36
251
181
-17
247
174
-417
-183
360
79
-242
67
528
-93
-502
-44
294
-107
-511
337
438
-106
-568
361
503
-81
-383
139
298
-304
-122
427
90
-241
-274
181
-72
-198
98
73
16
-179
215
92
-367
-152
96
174
-351
-425
27
116
-194
-156
320
164
-225
-200
294
210
-247
-299
134
183
-242
-156
-71
6
-175
-86
-70
98
-238
80
19
-144
-214
217
408
-256
-78
300
100
-239
-294
380
-51
-302
-259
219
-324
-314
-41
325
-285
-135
340
269
-434
-170
133
198
-461
287
192
-185
-323
200
271
-135
-225
101
71
-168
-89
142
111
-169
-135
114
-18
48
155
281
-86
-314
59
153
-203
-389
150
277
-271
-471
173
468
-353
-318
531
289
-300
-170
655
167
-670
11
370
-18
-555
369
340
-239
-239
340
137
-230
73
588
146
-265
4
388
32
-279
110
235
-227
-233
290
332
-270
-313
234
149
-387
-258
284
46
-458
-207
351
-21
-512
66
584
-3
-478
157
333
-49
-345
385
46
-49
45
157
-166
-137
204
260
6
-101
354
-66
-193
-257
300
53
-304
-60
166
91
-242
73
80
-231
-374
364
268
-416
-312
451
8
-167
-157
430
-164
-187
83
100
-19
-294
-135
-21
330
-42
-320
-219
105
-270
-203
247
134
-431
-257
295
-213
-334
56
317
-682
-142
486
171
-448
-287
413
-314
-434
301
547
-321
-401
209
201
-525
9
227
143
-557
110
260
-8
-119
78
390
-445
-84
30
491
-181
-149
413
176
-127
-459
309
205
-318
-41
255
341
-431
-309
218
-213
-24
-89
249
-242
-200
327
37
-431
137
299
166
-215
198
481
-492
-104
217
336
-347
-72
172
4
-362
335
45
-260
-18
233
313
-448
-16
286
-8
-249
136
340
-229
-357
399
258
-418
-232
506
187
-623
-136
668
69
-463
121
593
-111
-591
48
452
-160
-461
159
392
-168
-244
521
101
-20
-175
215
-61
-295
230
235
-118
-373
-36
257
-159
-4
256
387
-237
-137
194
538
-284
-346
-94
285
-233
-118
100
342
-308
-455
78
259
52
-134
-57
210
-186
61
30
-80
79
41
57
-135
162
264
155
43
17
17
301
-186
82
-231
68
135
-163
97
176
97
-303
98
311
-106
-48
81
446
-83
-135
358
-171
-97
-122
403
-123
-311
424
192
-131
-135
601
1
-266
295
242
-91
-170
540
-175
-186
62
587
-452
-294
272
155
-374
-237
569
-10
-293
-238
302
21
-378
-328
90
148
-341
-322
18
500
-223
-101
-22
486
-26
-108
240
140
23
-82
97
134
-227
169
-179
-66
-220
218
171
-364
-68
309
238
-479
-157
365
-52
-589
-115
547
-445
-559
92
580
-361
-671
393
-39
-199
-198
642
-81
-177
155
26
-179
-280
362
-94
-281
190
99
-21
-165
45
168
-214
-85
54
21
-218
177
193
-353
-319
38
337
-419
-554
515
292
-284
-318
370
261
-660
-60
454
226
-535
-3
277
-206
-335
302
308
-78
-363
406
317
-381
86
380
435
-746
-247
494
337
-221
-178
507
-412
-330
-53
537
-235
-253
212
19
-54
23
179
-71
24
185
-156
-44
437
120
-430
-189
743
-245
-180
152
377
-761
-434
552
179
-678
-191
763
-109
-414
482
520
-579
-495
565
303
-290
6
404
-340
-243
202
436
-212
-197
371
49
-14
-384
151
285
-59
-137
239
115
-8
-611
-132
118
178
33
-125
-159
-266
-109
-14
-143
-128
-100
42
-196
-150
509
316
-310
-46
45
281
-41
-141
-16
339
-108
-319
4
356
184
-513
349
59
-243
-54
-106
161
-347
118
34
-294
-72
80
33
-217
114
63
-382
17
294
393
-555
-272
307
69
-415
16
703
160
-503
-245
403
255
-175
131
40
257
-501
282
-69
144
-172
-60
290
-307
219
18
178
-378
-197
501
147
-140
-325
350
190
-231
-88
-36
187
-103
262
-34
-37
-120
-70
78
-314
196
262
111
-399
112
96
3
-198
239
394
-320
-259
151
302
-235
-317
-121
246
-79
-305
146
60
168
-353
57
187
80
-308
41
263
121
-60
144
-48
32
-383
465
-195
-45
-375
262
85
-355
29
244
71
-624
135
114
-298
-549
126
238
-179
-438
321
-130
320
-143
260
-104
135
172
174
-177
-11
197
79
-289
-102
1
250
-365
-208
9
189
-116
-326
54
-25
21
-307
570
92
-119
109
500
226
-432
-66
494
29
-316
145
637
-316
-451
246
1041
-677
-440
557
428
-734
-144
659
74
-900
205
504
-269
-123
269
221
-330
402
210
-141
-426
408
-119
-458
116
583
43
-305
329
510
-375
-141
-63
162
15
168
-53
-849
205
-55
193
-625
842
413
-169
-478
310
426
-421
-101
142
312
-105
-7
-60
66
-283
-169
301
206
14
-375
329
400
-265
-470
272
491
-466
-263
298
683
-456
-383
377
660
-527
-292
249
499
-261
-557
498
707
-226
-534
5
835
-61
-525
295
131
-351
-316
253
323
-200
216
401
-280
-209
68
249
-499
-251
287
26
-222
-13
154
-331
161
-223
406
-363
846
-105
-85
-359
410
-145
-278
330
107
-201
-249
350
-106
-602
27
55
199
-99
130
106
-98
-256
180
889
339
-383
-389
28
-257
-367
565
344
-418
-56
539
108
-456
211
487
-306
-314
431
294
-337
-58
239
297
-6
-234
72
270
285
-559
-426
368
194
-471
-371
587
158
-266
-224
97
220
-34
234
-140
554
-27
-63
-119
162
657
-456
141
-198
378
-466
338
-241
298
-42
-7
-27
-117
572
-431
-244
-277
314
80
-416
21
-109
153
-258
-71
-29
295
-4
-213
-283
280
-179
-262
-168
154
17
-61
-314
43
154
-289
-357
-45
399
-83
-288
236
-241
-225
-19
73
-94
-264
395
404
-307
-149
196
179
-6
-43
502
-72
-53
-356
131
551
45
-296
-18
227
-45
-144
-27
330
-600
261
-133
-20
19
688
59
-1157
-57
848
93
-1218
225
566
24
-980
476
959
-281
-952
43
1164
-377
-662
133
952
-161
-434
282
1012
-350
-730
313
890
4
-824
-248
399
43
-984
160
929
186
-1331
-199
1190
-50
-567
154
987
-676
-385
664
30
-579
-335
1207
-375
-962
1004
273
-144
-1184
1356
194
-541
-737
791
273
-957
-189
228
341
-753
-160
499
-222
-401
-11
270
-293
-115
585
25
-451
-52
546
-419
-547
-31
338
-532
-147
-74
142
-237
53
-249
178
154
-19
-434
-428
549
-404
-382
233
505
-348
-947
424
208
87
-562
488
201
-317
-288
214
323
-153
-52
416
-188
87
141
268
-308
-56
428
87
-424
36
564
-184
-699
-49
576
-365
-185
-124
573
-89
46
-280
-63
329
249
-320
140
896
-110
-710
149
857
-311
-553
306
808
-1004
-184
602
681
-296
-458
347
-296
-189
-416
534
296
-497
186
228
377
-867
72
842
272
-1012
333
980
-5
-781
270
1614
-470
-1099
10
870
-328
-920
646
711
-355
-1169
701
518
-469
-573
220
494
-863
12
291
54
-694
-289
673
363
-339
3
336
179
-749
15
717
56
-681
25
513
-176
-304
471
455
-814
120
407
-123
-858
203
414
-76
-593
185
157
-256
-153
-133
-168
-5
365
-34
-109
44
96
-74
-552
795
281
-64
-444
125
644
-860
-159
-39
610
-337
-248
582
31
-395
-17
79
134
-359
408
434
-361
-330
246
7
-258
-265
548
219
-557
12
496
355
-247
-276
358
-64
-409
-254
35
403
-274
66
344
345
-421
266
-143
104
126
236
268
-644
349
-270
126
-46
156
370
-396
416
-133
163
197
-334
-55
7
193
-368
-417
465
380
-304
-410
274
87
-574
-330
911
206
-397
-106
1060
312
-435
-529
636
33
-156
-140
267
688
-340
-347
-83
418
-5
-574
100
734
210
-561
8
951
33
-626
-15
546
-139
-459
268
455
19
-625
574
1
10
-152
725
-141
-546
311
438
-164
-649
333
492
-640
-726
283
431
-905
-304
609
-122
-467
-187
892
-81
-221
478
-30
-412
-231
546
-95
-722
307
351
-104
-267
347
290
-479
-332
206
-234
240
-349
244
-422
237
288
-116
-374
165
118
30
-600
733
460
-506
-248
-2
958
-1109
127
197
637
-501
-240
768
-64
-326
-473
531
260
-170
55
196
135
-385
-379
74
171
96
-496
159
249
-413
-374
154
558
-193
-192
468
101
-67
-147
277
-193
233
134
186
-338
468
515
-161
-673
11
641
-674
-242
-114
1032
-487
-537
289
239
270
-954
192
394
120
-335
-240
782
-308
-116
-163
191
67
-464
409
-131
-290
1
-115
81
-82
130
172
-195
364
181
-317
232
-141
289
-306
-232
497
-47
-103
-655
253
463
-50
-376
277
391
140
-616
586
387
91
-557
10
-127
415
-364
415
-158
66
122
-376
431
-98
214
-889
617
218
-57
-994
296
985
-441
-498
120
634
-869
-297
142
640
-626
15
225
211
23
58
407
-576
-118
210
-265
-626
38
1107
-47
-600
-261
838
-252
-853
287
347
22
-652
624
572
-246
-76
183
286
-569
162
454
125
-360
-18
105
-555
-222
-244
496
-48
-53
190
-284
302
-151
-88
100
-509
309
-11
28
-18
-324
363
-263
-100
-183
792
-189
-27
-914
817
-288
-610
-316
355
196
-517
741
308
-781
-463
384
84
-374
-732
1414
-832
-372
-185
601
147
-858
673
322
-62
-76
141
670
-755
-53
57
220
310
-189
852
-40
266
-778
401
-50
-84
-543
-8
-21
-120
-258
198
8
-243
162
-26
510
-388
-349
373
-142
461
-417
752
7
-678
504
174
415
-1605
-25
987
-215
-683
-267
1529
-220
-1200
-15
1167
-247
-1045
-358
1439
-569
-682
-806
937
55
-994
12
611
578
-947
-228
881
187
-383
-173
646
-135
-522
-428
514
-129
-209
260
380
188
-766
159
176
-26
254
-25
499
-485
47
485
-447
-35
-797
1155
-326
-154
-404
974
295
-1055
14
638
337
-993
-627
1196
-22
-712
-427
600
448
-1225
121
629
379
-398
-486
953
44
-788
-379
496
46
-237
-360
1025
-448
310
-421
164
250
77
-144
-95
719
299
-759
-519
455
263
-615
164
690
226
-451
128
392
-113
-285
130
168
-333
189
166
318
-140
373
-133
-286
476
132
76
-849
709
104
-29
-297
223
-355
-483
-759
764
-430
430
-822
560
213
174
-113
-338
458
584
-472
-260
241
534
-465
-789
771
563
-627
-582
84
484
-485
-402
813
185
-105
-503
-82
744
-658
730
-294
45
-341
121
-2
59
112
755
-351
-359
387
274
141
-92
16
194
138
326
-245
12
461
-271
-875
88
797
102
-1049
26
1124
-700
-121
108
610
68
-699
561
-234
476
-247
-8
-282
146
-207
55
-267
618
-381
365
-275
-137
418
-161
310
-864
563
-127
-54
-361
293
760
-301
-478
120
671
-148
-126
-574
1208
-668
151
-492
558
500
-840
147
21
325
-631
-534
506
70
103
-52
-161
288
-326
115
-762
443
210
-9
-87
230
620
-319
-672
416
-36
-110
-471
50
173
-630
322
-238
463
-268
-87
208
-428
153
-183
-35
442
141
552
-432
173
-537
-214
531
-265
466
-509
850
-385
49
-262
96
107
69
-125
185
235
371
-489
6
197
167
-452
-51
524
233
-186
-280
-129
72
62
-168
-247
356
66
-43
-168
-88
206
-165
386
-196
-58
8
-62
-34
-358
689
-322
-594
-446
701
107
-881
-145
762
-225
-333
523
769
-826
-523
868
280
-631
-801
1102
-701
-175
-353
880
-171
-965
701
208
778
-777
86
15
5
169
-458
-30
20
-31
-347
-692
1023
-158
201
-650
291
467
-1017
470
-252
934
-419
-195
-107
75
286
165
-297
209
-283
414
-414
424
403
-737
-461
-368
870
-474
196
17
685
-198
-311
597
133
369
-811
432
-149
29
21
189
334
-679
142
-67
520
-535
400
-8
89
-351
44
125
-388
-32
-279
216
-364
-33
508
-150
16
-269
579
-186
-496
95
219
336
-560
279
473
351
-84
-136
377
-66
-624
-187
575
-94
-60
-273
723
-343
-5
-243
680
-768
-149
-8
488
-174
-602
745
-325
-144
-660
490
284
-731
438
525
156
-443
-300
390
-186
-675
668
332
111
-488
86
701
-894
-38
58
280
-350
-312
552
344
-492
-190
28
50
-344
-408
513
642
26
-295
-133
124
-223
-224
370
247
91
-531
661
129
-11
-602
146
586
-670
472
106
410
-466
-112
579
-155
-281
-334
-38
262
32
10
164
-445
-286
-326
-73
368
49
575
-485
-15
116
163
-466
-98
610
243
-567
-186
376
21
-645
267
709
-54
-804
367
532
-407
-203
139
627
-253
-143
238
-40
-318
-502
264
193
241
-159
191
240
214
-479
182
49
-109
-271
-32
98
-347
-244
217
-210
-3
30
680
-50
-314
281
-23
-271
-794
775
546
-259
-446
584
-8
-847
-182
825
-77
-637
26
581
-388
-235
203
157
-105
-339
530
-206
625
124
339
-378
-194
-485
-244
-132
163
33
351
31
-275
178
243
401
-562
362
-96
116
183
32
-54
-186
437
-615
-500
125
1070
-448
-234
547
377
-434
-424
921
-301
46
56
-99
-94
-300
766
-63
-443
663
476
304
-599
243
230
-278
-680
335
455
-190
19
-347
904
-772
161
368
255
43
-773
512
-217
-319
209
160
-53
-391
187
582
-492
-110
460
-15
-608
121
579
-215
-1128
-87
724
-376
-351
63
239
-149
-677
505
-38
-182
-187
-163
979
-152
-160
-117
8
249
-792
47
267
-128
-79
52
309
20
-321
-185
136
-71
262
318
206
515
-52
191
192
-20
515
314
978
674
486
1052
303
530
-13
28
466
-50
189
-478
-174
1
-1003
-739
-383
21
-156
-390
418
-106
-713
-434
-346
-127
-352
52
270
-324
411
-144
84
-55
-77
108
-457
583
43
67
-259
209
-242
-148
-798
367
-522
-19
-432
269
409
-539
-311
-64
326
-381
-716
690
268
-149
-569
406
533
-888
204
-28
931
-595
593
430
5
-18
-298
353
-106
-200
165
-545
655
-293
269
-107
122
-59
99
421
215
-40
59
196
-223
-170
107
-26
-389
-153
163
59
147
-241
101
79
-31
273
-177
684
-335
-215
-232
359
-244
-753
262
166
-55
-741
140
86
-299
-78
-106
401
-417
-122
-70
356
-166
-299
407
166
-51
-713
39
99
-576
-87
536
75
-953
-17
468
-38
-735
209
748
-431
-614
849
507
-382
-730
512
587
-310
-321
207
410
-372
-451
587
527
70
-475
445
442
-147
-363
314
435
-236
76
-409
79
-630
274
-35
-225
583
102
-79
-311
168
175
-219
-128
156
136
180
-425
-90
494
-125
-592
-558
149
31
9
-193
218
-69
195
-361
-542
168
-5
-187
-534
602
69
-249
-896
404
-422
-19
-328
528
300
-321
-76
99
45
-659
-535
299
68
-410
-551
543
74
-816
-252
258
204
-554
-236
665
61
-308
-342
-54
72
-194
275
197
194
132
-198
-107
-427
656
142
-672
44
212
687
-653
11
528
-143
-181
-511
977
-37
-301
46
27
610
-372
343
27
470
253
-255
-114
-7
226
-622
203
34
758
-468
27
10
284
-366
290
528
-268
-7
-633
739
-614
8
157
-10
142
-586
1087
-341
68
-265
444
405
-141
320
565
195
-19
-135
364
-206
-451
101
433
202
-252
9
-50
-489
-47
274
78
-318
40
3
-177
100
64
-341
-654
187
356
-89
212
-120
-238
-94
-16
586
-437
102
3
-206
-215
-301
686
-406
-304
101
237
152
-496
83
315
-496
-605
173
570
-486
-375
561
90
-438
-547
633
-324
-624
-14
233
-199
-614
442
-233
-107
-249
442
117
-171
302
109
331
-371
418
648
389
297
361
727
428
213
614
769
381
-71
824
994
37
66
709
255
83
149
649
-64
173
620
488
30
-11
23
311
283
52
68
176
254
-542
202
584
-13
-512
-124
199
-495
-654
-287
35
-732
-866
-810
-699
-559
-817
-777
-608
-550
-1219
-821
-818
-620
-1022
-1044
-336
-953
-1364
-1097
-1007
-1192
-1309
-1247
-1131
-1083
-1407
-1344
-1373
-1313
-1017
-907
-776
-691
-362
51
244
355
564
782
708
1118
1736
1886
2044
2115
2262
2201
2154
2401
2293
2223
2217
2213
2121
2063
1880
1373
1426
1598
1480
1218
1036
1134
707
191
576
823
387
80
202
486
304
305
402
257
380
80
93
440
592
279
-481
21
397
-174
-278
-101
-225
-1106
-809
72
-739
-1332
-1106
-646
-1214
-2036
-1211
-1313
-2311
-2260
-1384
-1131
-2153
-2528
-1892
-1834
-2360
-2110
-1756
-2290
-3056
-3159
-2546
-2450
-3122
-3575
-3237
-2384
-1039
113
111
-687
-1252
-632
212
853
1891
2552
2185
1552
2240
3492
3265
2144
2070
3071
3524
3267
3382
3525
2449
963
994
2040
2047
952
372
521
339
-228
-465
-556
-1062
-1511
-1136
-312
-57
-436
-737
-814
-740
-262
428
845
936
928
1006
1198
1672
2270
2296
2001
2229
2617
2691
2686
2542
2260
2031
1787
1711
1805
1511
880
443
362
546
393
-339
-880
-870
-859
-997
-1122
-1386
-1778
-2163
-2021
-1446
-1269
-1701
-1860
-1625
-1928
-2275
-2160
-1549
-1857
-2736
-2154
-1591
-1938
-2786
-2737
-2303
-3180
-3823
-3545
-3370
-4093
-4698
-4851
-4731
-4019
-2302
-359
-688
-1806
-1937
-1144
-249
367
2023
3162
2698
2079
2618
3654
3561
2999
3182
3867
4288
4509
4441
3694
2580
1779
1677
1988
2202
1863
1034
257
-187
-444
-751
-1162
-1480
-1467
-1259
-1139
-1122
-1207
-1531
-1850
-1556
-609
245
588
805
1153
1271
1056
1101
1764
2614
3272
3916
4493
4338
3351
2635
2998
3770
4068
3972
3667
2897
1833
1142
928
699
279
-13
-22
-66
-545
-1427
-2260
-2659
-2590
-2188
-1688
-1448
-1742
-2443
-3026
-3056
-2634
-2194
-1946
-1795
-1730
-1900
-2276
-2580
-2704
-2780
-2784
-2542
-2250
-2470
-3424
-4612
-5316
-5417
-5371
-5398
-5140
-4196
-2614
-1126
-944
-2393
-3776
-3175
-968
1206
2848
3857
3291
1360
563
2272
4390
4745
4356
4875
5472
4882
3859
3332
2785
2137
2391
3443
3809
2767
918
-788
-1487
-961
-125
7
-484
-1016
-1458
-1881
-2102
-1981
-1688
-1366
-851
-106
357
65
-569
-626
206
1352
2188
2559
2522
2175
1892
2154
2946
3732
4182
4420
4484
4141
3348
2493
2024
2067
2465
2816
2607
1594
166
-854
-1021
-622
-226
-168
-548
-1236
-1907
-2358
-2572
-2513
-2222
-1937
-1750
-1751
-2210
-2888
-3145
-2794
-2291
-1939
-1844
-2071
-2608
-3162
-3302
-3091
-2786
-3135
-3874
-4443
-5258
-6072
-6596
-6395
-5641
-4177
-1606
48
-965
-3512
-4428
-2524
223
2347
3788
4079
2504
540
817
3269
5070
4947
4612
5196
5561
4670
3299
2501
2347
2670
3403
3979
3473
1605
-736
-1997
-1409
66
711
-42
-1265
-2027
-2353
-2509
-2286
-1627
-1128
-1119
-1022
-434
36
-248
-807
-543
830
2317
2840
2519
2134
1847
1668
2245
3764
4998
4789
3698
3116
3290
3323
2818
2430
2549
2639
2225
1473
628
-167
-509
-188
338
389
-348
-1515
-2317
-2217
-1614
-1300
-1484
-1791
-2065
-2436
-2654
-2676
-2523
-2340
-2120
-1853
-1873
-2083
-2675
-3224
-3087
-2460
-2072
-2626
-3529
-4340
-4989
-5476
-5845
-5856
-5815
-5483
-4102
-1604
193
-1079
-4174
-5341
-2885
1053
3577
4376
3670
1440
-660
92
3899
6973
6651
4630
3711
4080
4156
3613
3289
3499
3816
3931
3684
2718
933
-878
-1414
-250
1467
1827
96
-2263
-3237
-2575
-1518
-814
-426
-549
-1335
-2035
-1761
-816
-199
-37
453
1412
1903
1438
831
1001
1836
2713
3365
3736
3598
2947
2356
2477
3234
3847
3665
2813
1951
1565
1566
1586
1427
1144
839
517
150
-280
-756
-1166
-1265
-949
-609
-859
-1731
-2548
-2651
-2085
-1497
-1398
-1657
-1977
-2333
-2569
-2348
-1863
-1693
-1895
-2121
-2288
-2475
-2722
-3092
-3467
-3625
-3715
-4104
-4829
-5642
-6211
-6182
-5172
-3045
-656
-47
-2232
-4960
-4825
-1551
1970
3543
3356
2230
643
-196
1328
4647
6716
5834
3941
3532
4300
4533
3988
3722
4165
4645
4390
3342
1992
817
150
314
1280
2088
1417
-751
-2606
-2566
-1273
-459
-523
-764
-1106
-1779
-2144
-1532
-519
-74
-98
102
527
624
400
451
1056
1894
2554
2838
2668
2192
1914
2246
3002
3639
3733
3093
1995
1321
1616
2201
2170
1603
1009
510
71
-260
-492
-623
-703
-896
-1203
-1493
-1855
-2320
-2511
-2186
-1707
-1549
-1839
-2397
-2810
-2659
-2023
-1470
-1411
-1692
-2010
-2247
-2247
-1915
-1519
-1573
-2056
-2526
-2824
-3218
-3746
-4112
-4236
-4246
-4490
-4573
-3791
-2138
-896
-1612
-3385
-4137
-2647
-93
1591
2046
1511
578
-243
234
2413
4563
5014
3824
2838
3100
3869
4080
3728
3769
4210
4161
3264
2258
1803
1584
1466
1535
1802
1554
244
-1165
-1649
-849
38
6
-768
-1617
-1768
-1584
-1255
-954
-517
-76
-89
-347
-569
-216
320
830
1255
1649
1902
1580
1219
1261
2073
2935
3187
2830
2204
1845
1606
1742
2074
2351
2089
1230
373
-191
-93
129
105
-278
-776
-1140
-1716
-2085
-1846
-1267
-1140
-1600
-1896
-1860
-1777
-1756
-1595
-1210
-891
-901
-1182
-1334
-1260
-1017
-766
-683
-717
-877
-960
-1307
-1641
-1530
-1397
-1524
-2182
-2618
-2908
-3218
-3311
-3436
-3280
-3007
-2222
-1449
-1629
-2432
-2982
-2252
-839
341
825
518
-146
-509
204
1733
2946
3051
2426
1933
2080
2807
3467
3506
3074
2827
2899
2819
2447
2097
1951
1788
1528
1391
1252
705
-72
-409
-218
21
-67
-425
-855
-1152
-1026
-724
-503
-389
-542
-635
-576
-421
-135
55
355
301
218
469
519
875
993
1302
1474
1015
1354
1196
930
1169
1188
1469
1022
620
789
622
562
445
437
256
-14
77
-131
-240
-204
-69
-78
-416
-377
-291
-477
-756
-598
-254
-455
-797
-827
-610
-624
-636
-388
-380
-564
-691
-604
-595
-679
-428
-408
-769
-1051
-947
-710
-832
-848
-776
-989
-1338
-1359
-1012
-930
-1135
-1325
-1467
-1686
-1777
-1451
-980
-733
-773
-912
-1110
-1259
-978
-316
250
328
134
54
77
304
698
1104
1220
1020
908
998
1190
1233
1197
1187
1191
1197
1091
1024
948
871
787
671
662
598
444
287
201
282
360
314
165
35
80
182
253
316
298
162
10
-18
53
125
168
130
-33
-186
-188
-117
-88
-68
-25
-31
-79
-53
40
99
120
187
333
482
507
421
390
491
620
721
738
675
528
428
483
665
794
662
371
178
233
259
225
138
97
-19
-91
-179
-165
-178
-334
-411
-414
-402
-450
-502
-425
-443
-470
-435
-416
-418
-515
-466
-338
-335
-418
-482
-460
-443
-365
-245
-152
-272
-367
-328
-222
-265
-268
-252
-200
-249
-245
-243
-365
-442
-441
-301
-302
-374
-411
-422
-488
-509
-402
-232
-259
-387
-394
-246
-168
-220
-232
-120
-22
15
95
217
235
133
95
217
387
452
415
339
267
226
251
363
396
354
323
331
306
258
294
262
250
272
325
380
287
258
257
263
300
305
349
277
179
184
227
286
241
166
108
-8
-72
-52
5
3
-69
-111
-156
-204
-164
-69
-35
-78
-121
-119
-103
-90
-27
40
22
-3
61
139
140
99
89
117
128
144
191
205
154
94
69
81
91
93
109
86
22
-29
-63
-99
-119
-97
-67
-104
-161
-163
-158
-183
-195
-186
-196
-231
-240
-225
-220
-225
-239
-235
-159
-80
-101
-128
-84
-45
-20
39
104
65
-1
4
36
53
47
106
118
66
26
-43
-69
-48
-39
-61
-73
-58
-78
-129
-146
-123
-101
-63
-24
-22
-46
-54
-63
-83
-33
33
51
46
21
25
-8
-53
-20
29
81
38
-46
-88
-133
-136
-156
-117
-45
-36
-48
-86
-118
-123
-94
-46
11
36
57
32
-52
-30
19
46
53
50
86
97
75
51
61
74
78
100
140
149
92
66
89
124
182
200
91
-41
-76
-47
-26
-39
-48
-105
-208
-272
-273
-289
-368
-391
-403
-417
-421
-466
-470
-453
-410
-335
-307
-291
-256
-233
-214
-151
-87
-37
4
2
-16
21
100
131
125
133
140
100
66
68
67
56
67
84
62
59
59
56
64
70
104
118
153
156
125
113
93
124
153
178
163
100
61
14
3
5
20
28
-11
-52
-118
-166
-138
-86
-54
-69
-93
-105
-145
-127
-52
10
44
29
37
15
2
35
43
92
123
154
174
138
110
103
141
187
232
251
216
176
179
241
300
329
302
234
199
211
235
234
210
195
176
135
87
36
-38
-107
-135
-128
-139
-199
-251
-294
-311
-299
-270
-230
-223
-196
-195
-214
-164
-115
-77
-78
-81
-26
27
53
64
80
50
1
6
-4
4
9
-39
-66
-93
-123
-135
-135
-107
-94
-69
-63
-79
-56
-39
10
65
73
103
114
123
133
85
79
94
111
138
105
48
16
-2
-16
-24
-53
-81
-85
-102
-104
-83
-88
-129
-148
-133
-88
-45
-42
-46
-89
-112
-89
-28
53
63
56
29
-3
29
53
44
79
133
149
163
174
167
132
114
143
184
228
209
174
123
74
97
112
108
83
38
11
-51
-69
-53
-101
-111
-112
-146
-163
-196
-196
-165
-115
-80
-79
-66
-85
-66
-16
27
52
68
118
106
94
98
63
68
90
136
150
120
90
26
-36
-31
45
35
-41
-60
-93
-87
-70
-63
-20
4
7
-36
-32
-5
12
56
60
43
18
11
45
103
106
101
115
80
48
21
34
34
28
72
82
59
20
-18
-72
-100
-65
-34
-27
-58
-122
-156
-142
-122
-61
-47
-116
-139
-102
-26
-6
10
66
94
123
170
197
191
196
211
260
305
297
291
250
208
174
180
185
146
124
106
80
18
-37
-64
-110
-135
-120
-119
-140
-149
-172
-172
-144
-95
-94
-112
-65
-52
-70
-85
-41
11
-2
-14
-30
-24
-11
15
15
3
10
-33
-22
21
42
22
-6
1
-36
-68
-76
-81
-48
-28
-19
-4
10
-2
-40
-34
9
78
112
66
11
-14
-8
8
59
112
116
88
38
52
102
95
96
113
92
78
69
48
36
21
19
26
7
-26
-85
-116
-89
-72
-81
-114
-155
-163
-143
-95
-45
-25
-29
-31
-20
-11
10
54
107
138
137
143
146
141
154
158
163
182
191
197
143
77
39
9
19
42
74
58
6
-58
-112
-98
-88
-58
-20
-23
-14
-17
-52
-83
-81
-30
42
59
37
31
12
-13
6
25
27
45
28
-17
-15
-18
-41
-71
-98
-59
-58
-88
-77
-67
-50
-64
-68
-50
-38
-21
-27
-11
6
-4
-1
3
6
4
20
40
67
102
90
87
81
52
68
88
105
93
45
30
20
15
17
2
-5
-26
-30
-43
-74
-49
-57
-70
-55
-74
-74
-111
-92
-46
-57
-35
-20
-17
-17
4
21
34
76
86
88
72
50
45
69
96
91
100
66
2
-27
-21
-6
3
21
23
-23
-95
-118
-94
-69
-63
-41
-12
-40
-92
-126
-113
-65
-26
-9
3
13
-24
-51
-25
1
33
60
54
43
38
30
39
34
38
85
69
17
2
-22
-24
-32
-29
5
5
-1
-19
-8
3
-24
-19
7
26
24
18
22
20
26
73
91
85
77
30
34
28
2
31
63
56
21
3
-3
11
-6
-29
-47
-53
-12
-35
-49
-57
-85
-60
-47
-14
14
7
-21
-49
-48
-1
48
82
85
45
45
38
48
92
105
88
64
76
46
31
22
-14
2
-5
0
-4
-26
-33
-67
-103
-92
-66
-52
-28
-47
-77
-84
-93
-84
-67
-44
-38
-37
-33
-48
-46
-35
-35
-17
4
-5
-7
8
11
-11
-40
-33
-10
-11
-38
-48
-57
-80
-101
-99
-63
-55
-71
-91
-115
-112
-119
-90
-39
-36
-22
-14
-26
-47
-67
-46
-19
38
111
106
72
29
0
25
58
103
127
90
22
-34
-49
-3
51
48
8
-34
-60
-74
-90
-64
-40
-47
-43
-37
-44
-82
-75
-25
-7
17
22
16
24
3
4
21
54
102
112
86
48
35
37
28
44
63
66
44
16
2
-13
-21
-33
-45
-33
-4
1
6
17
-5
-25
-26
-2
35
55
60
48
52
64
81
102
95
103
116
110
122
118
108
104
83
100
123
103
82
71
61
40
45
69
56
37
22
0
-8
13
38
39
29
6
-29
-40
-32
-27
-7
-7
-10
-28
-55
-28
-42
-34
-10
-22
-25
-40
-38
-58
-57
-35
-45
-54
-42
-16
-21
-22
-24
-44
-46
-11
12
3
3
-6
11
6
3
34
77
96
57
66
75
72
75
70
80
92
116
103
103
87
46
56
63
73
70
47
16
-34
-54
-32
-42
-36
-3
-32
-64
-86
-96
-82
-76
-34
2
17
15
-19
-27
-11
33
89
95
83
63
26
3
29
67
76
72
50
20
9
14
25
29
19
12
8
-6
5
3
10
13
-4
0
-26
-31
-32
-31
6
11
10
-14
-35
-21
-12
2
-22
-49
-53
-67
-60
-66
-74
-61
-61
-53
-52
-61
-61
-81
-69
-37
-15
-7
-46
-48
-42
-50
-20
-15
-28
-13
-9
-13
-8
-14
-1
26
41
65
102
117
99
81
81
70
78
114
132
126
103
77
57
29
7
2
-6
-5
-2
-24
-46
-85
-84
-64
-92
-99
-92
-50
-47
-73
-46
-25
-12
-5
-6
-7
15
47
38
22
17
23
30
42
62
59
43
34
36
39
28
29
36
43
24
3
-6
-13
1
-21
-40
-48
-49
-20
-34
-35
-16
-24
-7
1
0
-7
-15
-8
-28
-24
-26
-37
-35
-54
-44
-40
-61
-71
-82
-76
-88
-96
-83
-80
-71
-65
-57
-63
-79
-74
-48
-63
-22
0
-2
7
21
13
25
32
43
53
81
68
79
83
79
59
56
51
55
71
58
16
1
-15
-34
-37
-18
-19
-35
-26
-29
-47
-59
-82
-74
-66
-61
-52
-55
-52
-65
-54
-62
-56
-12
5
-26
-41
-29
1
24
27
46
28
19
19
44
65
60
54
55
55
55
46
49
56
56
50
53
72
60
27
28
26
21
34
28
34
20
-6
8
16
23
-7
-26
-22
-30
-39
-13
-26
-18
-50
-54
-48
-40
-31
-45
-49
-35
-33
-25
-36
-31
-27
-31
-41
-52
-52
-79
-78
-41
-36
-34
-30
-39
-43
-46
-28
-10
-28
-31
7
22
13
22
15
6
28
52
69
65
43
21
11
24
46
47
16
-6
-17
-19
-2
-6
-6
-18
-43
-37
-21
-8
4
-2
-10
4
5
7
5
-3
2
19
33
21
21
19
27
35
11
-13
-21
-6
11
20
30
24
9
-4
-22
-39
-15
-10
-21
1
-22
-51
-48
-51
-25
-8
-11
-24
-34
-29
-54
-70
-59
-46
-40
-38
-50
-75
-73
-87
-103
-61
-38
-55
-69
-83
-81
-71
-81
-72
-49
-64
-71
-51
-54
-62
-65
-58
-39
-9
-9
-36
-46
-65
-62
-50
-32
-9
-6
8
-1
-10
6
33
23
25
27
31
23
32
31
14
-9
2
18
-2
7
10
-14
20
27
25
43
28
10
-3
-3
-17
-24
-4
8
0
-22
-18
-27
-27
-24
8
61
52
47
56
58
47
66
74
65
83
91
70
69
55
61
65
51
43
38
37
13
3
-9
-4
-22
-15
-13
-40
-64
-76
-67
-70
-65
-64
-69
-74
-79
-70
-66
-78
-74
-58
-42
-51
-40
-18
-36
-52
-38
-44
-22
-27
-27
5
7
1
-4
-7
17
20
31
55
26
2
0
-18
-9
-5
7
24
1
-12
-29
-59
-33
0
10
20
-12
-27
-18
26
13
6
16
19
21
-6
-28
-7
4
-10
-19
-8
-8
-42
-55
-42
-31
-26
-16
-2
-27
-57
-58
-47
-11
1
-13
-7
-17
-14
-29
-16
-3
14
33
49
42
39
69
82
69
68
69
64
64
57
52
54
46
42
47
38
17
18
24
9
-5
-5
16
24
-4
21
3
-6
0
-9
-10
-12
-6
10
5
-3
16
18
36
39
24
30
47
53
41
44
52
41
40
42
57
41
47
39
34
43
12
42
42
23
22
30
50
47
50
37
34
33
32
34
29
33
34
60
49
41
51
48
44
62
47
46
35
45
42
33
9
24
16
-2
-18
-15
-14
-2
-5
-5
-5
-1
-6
-21
-21
-25
-19
5
29
22
15
16
15
27
14
29
38
72
78
71
65
64
75
54
33
57
53
43
41
27
-4
-23
-31
-42
-42
-34
-29
-47
-49
-53
-78
-60
-53
-71
-64
-65
-51
-27
-19
-15
-23
-18
5
16
32
16
16
33
34
46
40
40
45
50
27
37
40
28
16
28
64
66
52
50
46
18
19
27
16
36
35
12
14
-14
-17
-4
9
30
38
9
-1
-23
-19
-3
21
39
22
20
-15
-26
-33
-52
-47
-20
-32
-33
-23
-10
-41
-34
-27
-15
-5
-22
-19
-20
-12
-6
-18
-1
9
2
5
1
-5
5
13
31
23
22
16
32
19
5
23
17
32
24
-1
0
-5
-27
-53
-48
-57
-39
-40
-15
-44
-41
-57
-70
-52
-56
-37
-31
-16
-19
-24
-47
-25
2
-3
-9
-6
1
16
27
0
25
26
41
22
6
21
39
46
42
32
20
11
19
8
17
-4
-8
3
1
-17
-8
-4
-4
-18
-16
-19
-33
-21
-8
-4
11
11
8
32
55
57
50
33
27
9
-4
15
19
13
5
-12
-7
2
-1
20
15
0
-13
7
-1
13
-17
-8
25
5
22
10
1
29
31
29
50
55
34
38
49
33
35
40
33
9
-9
5
28
5
10
5
8
-6
-22
-10
-6
-19
-12
-23
-30
-27
-30
-8
8
0
23
39
17
-1
1
11
-9
17
23
19
26
31
30
25
48
30
42
16
3
2
15
6
0
-7
9
-7
-2
-6
3
-7
-11
-3
20
-9
-23
-33
-33
-38
-14
-5
-6
-25
-14
-15
-2
-15
-16
1
-9
-19
-26
-24
-28
-41
-18
-9
-21
-32
-55
-63
-46
-42
-33
-33
-40
-39
-34
-9
-6
0
1
19
14
-2
0
-3
24
21
51
43
38
43
38
13
26
12
4
8
4
0
3
8
5
-18
-12
-35
-18
-2
-4
-17
-26
-32
-12
2
-15
-16
-19
-8
-10
-22
-17
-19
-7
3
-2
17
17
13
3
-27
-15
16
13
5
-11
-43
-44
-31
-38
-39
-33
-17
-34
-65
-39
-32
-46
-41
-43
-27
-2
21
25
13
10
-8
-7
-6
-18
7
9
21
39
23
28
27
29
24
44
27
28
18
7
11
-5
-1
-3
-2
-6
-19
-23
-31
-40
-47
-14
-37
-11
13
-6
8
-2
20
44
27
22
44
52
35
34
14
10
39
64
48
40
26
0
-13
0
-13
-6
14
9
14
22
17
12
-5
-8
21
22
3
1
-22
-42
-31
-32
-37
-42
-38
-29
-24
-2
-22
-32
-32
-16
2
17
7
10
9
5
0
-1
14
10
6
-1
-19
-4
9
23
-1
16
-7
-2
19
-9
-4
-7
1
-6
-21
-11
-2
-8
-43
-50
-39
-36
-19
-24
-31
-46
-68
-43
-40
-54
-39
-43
-48
-26
-62
-70
-78
-75
-65
-58
-41
-58
-57
-60
-68
-67
-70
-50
-42
-27
-21
0
6
14
-4
-8
1
-4
-4
1
19
21
29
36
8
-7
10
8
-10
-4
-12
2
4
7
-14
-21
-21
-20
-21
-11
-18
-37
-34
-28
-39
-34
-22
-7
-7
-6
-4
-18
1
14
-8
-16
-21
-16
-2
-8
7
14
-2
11
0
-22
-16
-12
1
-1
-16
-6
-30
-19
-6
2
46
43
61
61
41
62
64
64
60
80
75
43
65
60
49
67
75
41
1
23
25
9
2
-14
15
28
42
42
39
29
26
35
9
11
2
29
21
34
41
37
20
8
-3
4
7
19
1
-9
-7
-8
-4
3
17
31
32
24
18
19
16
27
19
20
30
6
4
3
-4
18
7
-14
-10
-21
-20
-14
-38
-40
-39
-53
-52
-50
-49
-51
-48
-30
-25
-12
17
17
15
24
19
15
10
11
5
-12
-3
3
-9
6
18
16
19
10
1
3
1
-3
-6
-3
6
8
6
-2
-9
4
11
6
8
13
13
13
5
-9
2
14
25
33
15
25
19
-10
6
11
-17
-25
-4
5
-5
-3
-11
-43
-34
-54
-39
-20
-43
-52
-19
-25
-23
-49
-12
32
-72
29
-4
44
-2
32
60
27
-18
20
14
-8
-14
44
32
7
9
-2
-22
-13
2
14
13
12
11
16
10
2
-8
-11
-18
-22
-12
5
7
2
9
17
12
1
-7
-5
13
38
47
41
40
39
34
34
34
33
39
41
15
-20
-3
29
19
22
34
11
7
21
27
21
10
27
44
23
16
24
18
47
49
31
51
35
26
30
27
41
31
34
24
9
15
-9
3
-4
-41
-23
-7
-16
-41
-47
-43
-33
-29
-30
-13
0
7
2
6
0
-14
0
-17
-37
-23
-11
-4
-5
-2
4
-10
-14
-17
-20
-11
-8
-1
0
-4
-10
-14
2
-4
-9
0
-1
1
5
11
11
5
1
14
14
4
14
15
-1
-10
5
-9
-24
-13
-21
-14
-22
-20
-19
-38
-30
-26
-18
-16
-24
-17
-29
-21
-17
1
29
23
19
-4
24
10
4
-5
1
1
16
14
4
4
0
-2
4
0
25
19
20
5
-4
0
4
-1
12
12
42
35
12
1
-9
-14
-15
19
24
16
5
-13
-21
-22
-12
0
-2
-17
-21
2
21
35
20
23
3
1
2
-20
-24
-1
-25
-41
-28
-40
-15
-43
-59
-39
-45
-31
-25
-45
-48
-56
-49
-58
-52
-31
-49
-48
-19
-14
-23
-14
-13
-24
-24
-15
-17
-14
-26
-34
-23
-45
-28
-22
-23
-34
-34
-15
-22
-60
-57
-50
-41
-52
-35
-38
-30
-39
-33
-43
-49
-26
-17
-19
-42
-37
-21
-22
-2
4
12
3
2
19
11
15
4
5
26
24
25
13
10
15
29
0
-1
-1
-19
-4
-2
-19
-18
-25
-14
-6
-28
-21
1
-17
-41
-35
-24
-14
-19
-23
3
-6
2
-8
-2
9
15
18
11
5
29
42
35
30
33
38
45
32
10
16
16
38
13
19
8
-3
3
11
2
9
44
46
64
39
35
23
14
8
11
18
34
15
-1
-11
-15
-3
9
3
5
21
20
3
-6
-9
-20
-20
7
9
6
1
-8
21
25
-4
-2
9
-11
-13
1
5
15
14
24
3
9
12
4
-17
-11
-1
7
36
39
29
30
0
20
20
13
45
24
39
50
26
48
39
41
38
25
45
13
1
19
3
-8
-4
4
-4
-6
7
12
9
19
30
34
40
43
53
62
54
56
68
61
50
62
64
43
39
48
35
19
25
25
12
5
5
2
14
37
58
68
56
40
43
60
57
56
58
44
39
40
46
59
86
85
85
121
190
243
240
296
319
357
371
464
873
1289
1454
1043
170
-919
-2004
-2377
-1869
-734
368
983
1050
465
-349
-933
-1094
-852
-371
223
602
595
350
-18
-359
-528
-442
-145
170
379
441
321
56
-176
-226
-122
41
204
285
203
25
-146
-274
-331
-268
-132
0
99
142
124
55
3
-54
-101
-106
-62
3
40
113
137
164
176
171
204
186
314
397
739
1108
1336
1170
534
-93
-912
-1334
-1392
-798
-180
346
503
406
-93
-492
-696
-596
-331
54
343
364
178
-40
-244
-376
-355
-147
101
266
268
164
-48
-208
-259
-155
39
205
318
219
64
-109
-204
-191
-168
1
71
66
-10
-116
-133
-218
-210
-145
-68
17
20
49
31
33
77
79
110
129
166
125
69
82
101
148
147
166
146
105
30
-41
-75
-93
-87
-29
44
174
190
249
261
433
826
948
1007
466
150
-453
-756
-654
-362
-104
-185
-267
-306
-542
-357
-311
-113
-110
-115
-184
-347
-25
445
679
481
304
46
-9
-292
289
549
952
870
1010
903
519
353
179
-58
-302
-235
-11
31
257
455
437
290
561
975
1031
635
133
-467
-1018
-1078
-706
-205
37
-15
-405
-921
-1296
-1281
-1058
-905
-636
-754
-934
-1627
-2112
-1414
-519
754
1082
1399
1223
292
-3
226
1103
1165
814
569
355
-24
-5
14
503
375
903
891
941
474
246
-235
-485
-523
83
356
406
25
-369
-754
-957
-736
-91
321
502
48
-337
-488
-395
104
315
852
686
438
-278
-195
47
354
464
578
664
299
40
232
11
-149
-160
83
-1
-202
72
-246
-644
-682
-745
-556
-654
-384
-21
-304
-645
-1003
-958
-511
51
347
83
-2
-583
-1118
-495
97
469
421
355
341
-340
-213
122
176
-257
-98
495
202
190
203
107
-701
-692
-474
110
75
363
436
-387
-943
-863
-925
-628
-442
69
32
-610
-571
-593
-231
-605
-241
-275
-232
-332
-105
84
-39
-232
-309
-276
-376
-85
-182
-116
-492
-502
-251
54
129
388
-103
-203
-818
-724
-381
-651
181
114
619
-45
-809
-199
-792
-15
392
903
780
-390
-707
-1190
-754
-213
504
708
410
141
-587
-505
-1272
-556
-408
238
569
637
247
-1075
-1127
-991
-22
415
636
706
-370
-346
-369
-170
-33
43
377
415
327
21
-307
-609
-408
55
682
911
335
-448
-683
-436
-323
132
371
741
96
-560
-308
-438
115
-48
411
565
46
-281
-793
-239
-556
197
969
1125
661
-384
-486
-951
-259
10
735
549
-35
-92
-1015
-331
-769
-195
262
308
643
-460
-243
-440
-64
322
676
839
286
346
64
454
706
363
723
-191
134
-12
43
1158
250
520
-556
-84
-607
110
83
265
-634
-93
-67
278
117
-176
-540
-1223
-527
476
842
795
-137
-130
-500
-205
550
650
912
-187
-324
-105
-382
75
-129
476
30
-606
73
-127
-112
-733
-820
-158
-802
261
-128
343
-324
-796
-938
-659
215
256
328
-419
-243
-983
-287
-27
-229
91
-4
281
-179
-788
-139
-421
-321
-70
1119
570
202
-916
-680
-729
-707
353
86
353
-579
-65
-567
-271
1
-424
122
91
527
158
-394
-120
-602
-485
-537
-338
-57
-219
280
188
135
92
-289
26
-110
261
761
596
628
533
224
-67
-49
315
804
876
561
406
380
259
-192
147
184
-137
-92
120
433
-101
-723
-381
-294
-554
865
779
851
-324
-36
-58
-340
146
444
1068
254
451
-50
-32
-135
357
263
389
694
543
370
-61
168
-193
-408
-218
485
-117
13
-489
-146
-188
307
512
151
243
-96
112
200
-92
455
423
371
255
106
274
377
433
740
1114
922
609
-25
-466
240
199
237
482
604
892
-264
-93
709
-213
-351
-5
859
1200
761
1031
-38
-1028
-504
385
1018
1210
1521
171
-905
-469
516
963
600
649
482
-59
-284
263
-233
150
-669
-226
-129
292
869
322
371
-374
100
322
809
840
474
443
-66
392
-56
47
50
244
-185
46
297
294
-142
-813
470
-356
720
362
780
404
-674
733
-320
305
1123
602
632
122
909
351
-118
307
437
201
290
642
420
-54
-256
-595
-464
779
142
464
-219
840
815
-353
-9
-220
400
193
990
1364
613
-426
-536
176
386
621
423
900
180
411
178
-78
-628
-905
69
758
58
261
311
-614
-51
-349
-147
496
-314
571
1
-329
243
-607
42
467
294
413
-22
102
497
434
265
37
75
196
657
853
882
213
-875
-373
153
3
449
870
-148
24
-390
286
-277
-368
58
234
182
168
238
-841
-520
-1023
116
-235
24
754
-9
175
-342
40
62
-552
69
143
187
255
135
277
-270
-769
458
511
796
340
-544
-275
-1527
-461
52
134
92
-1422
-148
-811
-971
34
-867
-354
-235
53
638
-129
-236
-322
-441
568
615
965
916
-365
-81
-661
156
656
136
731
-31
87
-433
-441
-109
-161
-992
-163
113
-261
-951
-1076
-614
-1137
-471
-239
375
-633
-958
-90
-747
182
-202
660
491
-498
232
67
207
-298
502
612
110
233
211
81
-341
130
-372
-347
-518
-99
-71
-363
454
-459
165
-166
-313
-419
-617
716
-621
-216
278
155
299
-23
309
-270
-119
92
268
-24
371
370
-6
12
-270
608
-368
2
139
436
693
-938
-196
-285
-238
-418
-333
662
-301
-924
394
46
74
-151
137
426
-746
-211
676
-509
-412
-149
306
269
-943
456
169
-710
-184
22
676
-435
-141
500
133
-39
-166
-13
-467
-623
-451
261
17
165
-60
-348
192
-723
60
-551
-393
99
-337
253
-438
-621
-986
70
-130
-97
250
-127
-566
-322
-141
613
149
180
-49
-278
25
27
235
22
-468
122
5
311
892
74
-300
-918
-515
-131
-527
-44
156
-331
-689
569
44
332
-785
-128
123
-646
960
486
291
-73
-76
-16
-397
60
220
-153
-685
526
86
-482
-417
-251
-168
-456
-17
690
-35
-702
356
-435
309
-110
323
416
-264
488
192
73
-168
389
-106
136
-40
-202
758
-767
399
-165
553
52
-367
638
-329
-344
-202
114
-154
-510
-613
456
-295
-743
524
-284
67
-319
-83
408
-196
262
306
-477
-327
-31
195
-79
153
-213
330
-275
-537
-262
-66
-855
-223
115
422
-506
-1189
190
-858
-323
-6
599
818
-387
741
-582
-442
-496
-87
664
153
582
-290
-56
236
-68
216
263
-50
35
-582
424
-572
-72
-670
-129
62
-659
158
-276
-575
542
-176
67
74
-376
-70
-324
228
962
164
-345
-535
-365
-11
-314
138
69
-618
166
-32
-79
115
-376
265
-450
-148
749
-323
-321
-279
-204
-158
-930
244
317
-443
36
-194
636
-249
331
167
-192
-18
449
504
354
173
267
-635
-767
-53
-457
-424
-391
176
4
-503
533
203
-70
-294
-82
360
-255
310
-127
-620
390
-164
255
-550
33
-168
139
786
620
260
-551
-34
-364
260
-94
94
-288
-511
-160
-124
-494
-481
-231
-459
201
-131
80
-47
163
37
-74
-435
144
-207
92
185
-3
191
-763
-307
265
28
865
22
24
33
-404
879
-26
366
354
-478
-75
-271
850
-404
-908
-760
299
-77
56
910
191
-536
-504
567
-111
-17
104
219
-225
-490
1132
414
11
89
271
361
84
-21
172
-344
-105
-308
-18
426
-212
-170
22
436
309
-397
136
257
-69
-84
32
15
235
-534
160
-619
-137
-186
-112
373
-40
304
225
43
175
-150
747
375
293
905
119
-54
-321
-303
632
-263
551
126
-552
1
-8
26
-110
832
100
351
-292
319
69
-834
-65
-385
-128
-300
-175
222
-68
-94
-16
217
257
165
191
729
329
306
199
-8
236
-68
250
26
-291
-401
54
-550
251
-493
259
88
-83
64
-307
8
-369
-374
-89
278
-166
-358
-312
-92
165
-451
686
-292
396
-117
176
443
-442
119
-388
-107
-518
-169
249
-403
-78
-29
391
249
83
522
-262
90
-133
-305
373
-661
196
-652
89
-345
-258
232
-111
137
-355
469
-309
414
-245
271
586
-362
31
-232
298
-143
-203
151
89
93
-185
155
-278
-455
-253
270
665
113
318
-42
-307
203
-290
377
201
-366
212
-58
-42
163
-559
-659
-199
-321
128
525
385
264
147
54
507
297
217
552
-62
116
-594
342
-256
-84
262
100
314
-125
261
333
-180
418
-94
280
-107
-64
-114
-568
206
-193
161
594
273
307
-647
240
174
-575
10
-273
354
-288
-77
337
241
-651
51
378
-182
283
9
-148
-67
-766
225
-36
180
295
774
191
441
168
117
199
54
123
-130
-10
113
-404
268
-291
134
-164
-34
531
-206
459
6
162
278
-105
393
-98
-181
-189
-187
330
827
-335
405
-15
-263
675
-757
852
-215
-384
-254
-110
330
-36
503
-18
-81
-257
94
-92
-171
-93
-214
-71
-441
590
-222
-68
-238
-315
563
-365
514
418
-305
-99
287
-34
11
-97
-1
247
-409
511
479
41
-34
39
-487
137
-427
106
540
-214
510
180
-308
-297
-479
73
-238
-274
-54
-91
-263
-298
-8
-165
851
-495
261
-19
87
442
-421
392
-60
-700
-62
-236
-307
-167
-283
129
-241
-251
763
-108
181
20
390
-406
-249
-109
238
-7
-500
400
-142
187
-58
-104
258
274
-189
381
208
187
-177
-498
293
113
-351
-249
617
-452
-354
-20
349
-467
-427
467
429
-260
275
678
-312
-498
344
186
-456
-429
497
57
-664
-88
-148
-190
-279
-64
694
-132
-214
608
190
18
109
243
-124
-681
-104
360
32
-293
19
-480
-320
-135
199
193
147
2
-83
-489
-88
358
55
25
-715
406
96
6
66
-137
611
-787
-21
136
155
-520
-354
74
77
-193
-3
623
-481
202
44
26
-60
8
386
-117
37
346
338
-75
-75
612
-20
-136
-38
-28
66
-717
-42
25
-99
88
124
137
148
-315
66
80
-428
275
231
41
276
-273
477
236
-375
198
515
174
-51
-70
494
-350
-541
-176
-11
-417
-483
-73
432
-432
-91
154
-42
-405
-258
405
441
-587
228
-324
-227
-184
-167
550
-482
-175
-248
223
161
-228
262
-77
-11
-107
176
198
-212
25
208
239
-63
302
-46
95
-462
-182
615
-61
18
106
-243
402
-351
336
175
-137
-336
456
-132
479
203
-177
337
-601
249
534
59
-25
-320
-91
-342
-162
79
362
-160
-172
19
216
-213
-149
264
46
49
71
244
550
-321
-361
-78
-237
-94
-157
8
341
-385
104
338
176
-291
100
140
0
-204
6
73
-148
-355
595
69
-143
-7
-35
34
65
-317
219
-52
-219
145
-90
192
281
-63
275
-206
125
-137
-259
-151
42
151
178
245
90
256
-90
-27
-284
310
-16
260
242
-72
462
-422
112
-283
-29
55
44
-156
241
220
29
398
171
224
50
-89
-5
113
-316
506
-12
124
157
-258
-120
-107
-172
353
-192
96
37
-338
80
335
-489
271
-218
142
-62
-756
338
-278
-106
-54
-297
422
-243
154
294
-83
155
44
362
255
386
188
125
-169
-63
72
-357
91
118
76
-161
25
136
-242
-149
-353
356
-238
321
462
164
73
-191
120
-221
174
55
-53
134
-379
72
-276
-126
108
-199
-20
118
265
58
-218
168
-99
-39
-45
80
26
10
-171
-58
-60
64
14
100
-194
191
99
-487
-7
-377
67
-311
22
285
-50
67
-343
126
153
-133
203
-46
5
9
-469
407
-300
-120
-90
-43
157
-93
-267
120
-157
160
-20
-67
44
-96
242
-164
375
19
51
63
-214
160
-206
20
130
-49
158
113
152
-95
-70
-67
-60
-12
66
192
-148
-221
363
129
65
46
-362
273
-43
292
211
41
5
-359
-100
267
93
43
13
289
-178
-361
271
17
-439
-429
-85
546
-666
163
204
486
-138
-27
375
36
72
-220
486
73
17
-169
-447
239
-382
9
194
100
-275
-208
9
25
-33
-76
327
-144
-371
83
172
-120
-161
78
712
224
268
147
512
-85
79
602
197
-331
-273
356
151
-669
87
255
265
-527
-236
432
-165
-44
54
441
-67
-143
-255
352
-60
105
-118
4
363
-211
399
357
141
241
-664
470
-491
-52
-239
-252
161
-203
-181
81
-427
304
-167
202
139
197
415
-6
291
93
223
-184
255
111
120
-141
145
-8
163
-233
421
-488
-15
-116
159
70
211
56
181
-432
494
-104
86
-209
-31
132
-247
263
-70
-13
138
-306
91
-50
241
-154
-68
310
169
66
-241
80
232
-296
34
139
-149
48
-352
250
-284
-6
-245
438
-257
-186
107
59
227
-583
22
136
-249
33
175
448
-118
-83
155
105
-122
-177
31
-48
-133
29
132
-234
-442
155
0
-221
-71
290
-192
-50
-226
253
160
-409
509
-178
44
-76
77
25
-201
99
-70
56
-163
95
-16
-268
152
37
-48
222
-227
223
-154
223
280
145
308
341
-238
34
179
33
-44
-133
335
269
-412
310
56
-270
22
-101
589
-92
185
278
-230
-442
-215
180
-203
-143
108
216
-203
-353
220
-137
181
53
490
178
-85
173
19
-116
20
-252
362
-613
220
276
50
129
-131
86
202
-222
41
443
-350
267
-383
175
-63
-109
-101
-98
-238
52
353
20
-125
-5
59
-311
-507
-145
125
62
-165
562
195
-352
-142
307
262
15
-216
462
-239
-377
24
246
-138
-477
48
-15
125
157
162
396
7
-98
202
-212
427
-170
177
-181
-7
-197
-76
211
12
-183
156
-19
237
66
254
69
-457
-12
179
-74
-173
-57
385
-179
-42
390
-234
-107
-117
260
66
186
177
130
-297
-267
-212
-71
-179
281
163
59
115
160
-94
-26
-502
-78
1
-135
74
54
147
-191
-198
220
-244
-25
-363
403
-327
150
195
307
-378
-31
8
-314
-98
-215
396
-119
-134
759
-190
169
-362
205
-137
75
85
369
-391
-16
-55
142
-467
-269
-82
-258
62
280
436
339
-620
-156
-76
-548
333
-64
364
25
-238
553
-166
280
-261
233
-160
191
489
-422
196
-450
-107
-245
-44
466
-502
-280
-89
166
42
-309
474
-147
-29
-147
271
49
16
-339
-210
73
180
-165
-180
302
232
-294
149
41
31
-336
-345
108
-255
-47
333
-847
428
-272
352
-41
227
312
-436
-125
403
213
172
-297
281
-215
-216
233
256
-43
-454
20
309
169
-35
20
107
-294
-243
-190
286
78
-392
0
-63
171
-25
-282
655
-461
146
-193
401
235
-243
101
-303
369
-219
13
-66
-364
-199
-321
-36
744
-100
179
-624
73
-78
55
-563
362
-601
84
-252
-10
170
154
-184
122
186
290
-70
-54
-129
-278
-115
217
1
-397
85
-389
79
-728
199
35
-265
100
-103
68
80
-299
4
-276
-148
165
-123
314
132
384
-88
56
108
376
-200
64
-43
183
-260
-409
169
34
-260
-422
-101
88
-580
-59
39
209
-27
-304
417
-193
-2
-177
-90
230
15
-333
205
-468
142
75
168
59
187
114
415
-252
554
-159
177
-200
150
-168
79
-111
390
-261
64
-96
140
-211
198
-118
-13
-175
183
49
45
-208
187
-137
158
448
68
234
-292
294
-209
210
96
86
-76
212
-401
119
-18
278
-32
-75
256
487
-224
203
75
-205
-405
18
34
34
-192
648
178
201
-50
96
107
-331
196
71
183
-278
79
245
153
-339
4
-160
374
-368
588
228
42
-468
-155
269
171
14
174
411
-79
216
-329
343
-411
79
80
-360
695
66
411
17
-253
272
-351
-204
52
126
-84
100
-216
-129
49
-276
-11
-143
20
295
-403
-66
336
-108
55
143
34
273
-428
-109
402
-439
123
-588
575
-100
-30
-176
327
105
-440
-320
215
-350
-235
-155
335
-318
-290
420
229
-218
-245
383
389
-455
41
490
62
-674
67
294
-68
-510
-269
752
-207
-521
181
266
-378
295
-316
334
-169
-381
236
-342
7
324
-261
-98
-370
333
225
27
107
-35
-33
-278
-21
-172
231
309
-75
25
-350
-18
-79
-455
341
90
498
-249
-86
483
-373
62
-177
559
35
-176
-308
834
-602
112
-239
698
-615
-6
-368
516
-433
-93
299
-161
-23
-69
-340
345
-612
-43
251
20
189
-293
-95
-201
-714
-363
43
191
-514
389
605
-510
-98
-233
646
-211
8
537
-355
-118
-96
740
-89
-115
57
393
-540
-125
-333
867
-656
277
-451
48
-494
62
-60
424
-473
-85
-36
13
152
225
231
63
43
103
166
343
101
240
-264
22
216
-86
-74
-29
75
-4
-128
170
81
-421
467
455
-115
107
-174
303
-352
-400
415
-44
80
-226
-65
226
-26
364
30
175
289
-267
-243
137
-100
124
-381
-98
342
-186
258
-168
-182
-111
229
-660
384
-588
660
-532
-343
308
104
145
-596
25
328
-235
56
1
154
-257
-326
74
217
-84
-87
199
158
-148
-50
194
450
-219
259
363
124
-288
141
664
-203
-59
-365
816
-561
-80
67
614
-332
-31
385
-63
-224
104
90
171
-473
146
-81
-241
262
159
-244
-116
256
-103
182
250
404
284
-70
562
52
117
86
239
-51
-506
-159
-225
99
-491
10
33
-321
151
-181
158
-249
-135
245
13
22
278
-86
-377
-124
-562
389
109
-35
233
-266
378
-106
143
253
180
-66
-96
765
25
13
-97
-213
-99
-42
439
-99
-340
-463
274
-10
346
439
122
247
32
251
39
1
-220
278
-441
315
-391
746
-363
123
-643
487
-5
140
-423
440
-100
-470
-433
457
307
-311
-421
172
61
27
-184
128
-15
-15
45
-143
343
-64
-277
22
-312
330
227
-414
43
-400
95
-149
-201
348
-117
-111
-546
118
-109
382
-687
296
33
462
-327
-3
131
-257
-628
-229
471
-17
-515
120
180
-204
-425
97
6
-373
-80
437
105
-303
326
279
-695
-385
171
-94
-582
-198
625
-242
-688
140
455
12
-62
193
496
-73
-392
254
127
47
-339
41
-308
280
-509
114
303
-351
357
78
80
342
-264
578
-3
-6
260
-66
8
4
302
-230
-170
-40
37
203
-254
93
-48
-132
-207
97
22
128
91
155
169
-236
159
-156
119
-111
137
-104
-47
-157
311
-165
25
-416
177
-346
557
-132
-216
485
-195
6
10
-123
467
-644
-66
368
-55
-221
41
461
-205
-184
345
134
-1
-159
753
183
-524
141
-191
114
27
229
-380
-222
-217
380
-210
39
559
-158
-396
207
157
-20
-244
473
115
-274
-87
252
32
-738
144
63
128
-449
145
203
-32
-202
71
26
420
18
24
322
-110
388
-414
55
364
134
69
149
110
513
-480
206
241
-67
-225
-417
289
143
14
405
98
-143
-275
75
135
3
36
-159
-88
-627
263
148
19
21
-254
176
-108
87
90
284
-128
70
-99
302
171
311
-245
280
-234
-74
-17
209
133
116
-168
14
179
-326
49
5
103
-190
-116
290
-153
-271
-467
122
-302
50
142
-146
-228
-74
-322
373
-466
467
-430
358
41
-248
332
-64
116
-396
-245
321
97
93
-98
651
-263
-98
-279
300
221
-470
84
-48
-89
34
-351
309
-399
50
40
10
414
-80
301
-240
139
245
128
-98
-218
-145
-24
-447
177
357
-238
-301
341
-6
120
-43
329
325
-110
41
361
-230
-97
-246
-562
125
-54
83
332
-282
637
70
-36
199
293
266
-183
-119
388
23
-48
-449
227
-536
-172
272
91
635
-37
321
281
-232
311
-113
-294
-234
-161
542
-406
332
-138
172
-52
-310
546
-155
-54
27
-85
242
-46
-110
371
-217
317
-206
104
-11
-3
-150
-123
8
100
149
72
101
-119
-258
209
5
446
-397
-102
132
-473
-4
-686
353
-232
-273
-66
391
182
-228
-107
257
35
365
-1
216
-6
-12
-148
-156
-198
482
-51
-337
187
-302
381
-307
-227
437
-317
742
-499
208
227
-359
206
-577
441
-244
-73
397
-98
25
-247
312
-253
-274
52
33
-88
-114
292
217
-267
-11
-8
-377
-263
-178
12
-299
-359
411
-92
-224
-276
183
350
-345
27
315
379
-263
-124
411
403
171
-165
471
48
-200
-189
-102
49
-75
-23
84
178
-186
-109
-228
-137
-491
197
-63
413
86
-195
31
-541
379
76
240
-49
-62
164
-155
-139
-67
-172
73
-13
119
245
-9
134
-122
-24
-76
-151
-234
76
-90
344
42
262
-104
310
10
163
-186
282
404
-179
-2
-10
107
107
-582
176
80
275
-73
-194
367
-321
-135
-133
65
-4
72
260
-44
284
-289
184
-81
-172
556
-88
-129
-140
62
62
-249
-276
-108
59
-133
-79
276
192
-10
-302
110
-167
-32
-23
-37
233
-593
368
-226
296
-173
-33
104
42
113
288
-431
459
-785
29
-182
104
321
-686
288
-82
-37
45
19
-100
-333
53
183
-279
188
-166
529
-633
360
85
269
-133
-141
7
84
-126
459
-58
175
-216
-294
8
122
139
-78
-284
178
104
-309
187
-258
-103
-399
176
451
24
-194
152
129
41
127
208
159
-129
-411
109
-17
89
0
-276
-78
-479
-207
259
198
115
-368
196
261
-243
290
23
246
32
-235
169
164
36
-211
21
172
-46
-25
141
-363
240
-586
571
-454
-118
458
-362
42
-20
-10
201
-673
31
232
7
31
126
186
-104
-104
39
111
-370
0
-139
20
-120
-130
293
-16
167
7
-6
352
-456
51
-34
-171
-33
-254
307
-355
-149
58
62
-329
-112
334
-105
-274
-339
119
119
-585
249
-221
310
-147
158
240
-125
246
-224
-30
-2
261
-144
-56
-156
16
170
-393
81
85
125
130
-73
322
-76
-217
-104
117
315
-434
-11
120
71
-266
29
-4
273
-328
48
154
-188
-57
52
-209
297
-356
405
-252
26
43
-163
-7
-228
-6
116
-49
-297
148
-29
74
-255
51
-118
-147
-277
68
138
16
-31
-177
-26
48
-129
-47
205
-78
566
-240
364
82
30
68
-110
-17
300
-381
465
-33
278
-117
59
-19
-69
-225
485
59
72
2
-12
56
-353
-74
309
-139
73
-2
-65
-43
-174
134
125
-146
2
220
141
-67
129
368
101
-21
-105
159
79
-44
103
-15
184
-111
-31
-226
82
-348
-13
-177
289
-30
-98
195
-159
-218
183
300
119
1
147
255
114
50
164
42
-371
-4
24
76
-17
-85
-50
57
31
-38
450
-125
474
-508
261
-267
263
-603
278
-233
504
-229
29
-93
63
-255
52
210
360
-56
-29
-133
-34
-64
-173
210
26
26
-245
-8
200
67
-82
-140
306
-220
43
58
41
-65
-286
152
5
-192
-21
-128
-61
-219
97
-10
0
-257
0
14
73
160
0
-49
68
-82
6
-13
63
135
-316
55
186
8
-37
-257
100
-42
-10
-9
429
143
-55
-60
79
5
254
-139
224
20
158
-182
-41
137
-24
-83
-313
572
-219
-35
-169
290
-45
182
119
215
-22
135
-103
-123
-403
-27
-20
-293
88
377
-228
-311
49
217
108
-159
2
289
-287
-44
148
-51
-92
-196
-154
92
-146
-53
160
-147
-19
93
83
-180
198
-471
387
-510
381
-22
-159
24
-12
31
74
-213
57
-103
-153
311
-32
133
-384
161
-228
177
-182
393
-123
-35
-201
81
136
-350
-24
-94
100
-66
-75
59
39
51
-19
-138
121
29
-15
78
-13
127
-450
123
89
-230
-272
-76
62
-131
60
235
147
-250
-62
54
112
95
-94
117
-189
92
51
6
192
-194
8
-225
-71
239
-111
342
-277
-25
104
77
199
-190
99
-111
221
-75
-90
150
-129
218
-395
332
6
65
83
-20
370
-158
-1
104
84
147
74
240
1
-5
-98
248
-36
-181
172
-5
-19
180
25
204
-166
-296
181
138
-27
63
221
124
-110
-285
67
137
-442
44
225
189
-261
304
101
238
-766
-36
82
-240
-127
-65
159
-227
-360
166
163
-295
97
17
147
-415
224
14
315
-778
380
-332
-55
-414
205
356
249
-88
120
192
-62
-140
137
-68
210
-19
-205
496
-379
358
-309
170
3
36
76
-30
-144
32
52
78
-202
286
-169
-28
-155
129
414
-259
-84
22
-192
-174
-245
347
15
-131
167
-130
185
-583
400
-292
-189
-43
-23
148
-210
134
26
-187
-156
39
102
-41
214
186
194
-201
31
194
-150
75
-80
24
171
-203
-35
-205
-94
165
-173
46
32
-28
132
-31
78
-14
-91
148
-37
-28
243
-162
41
-319
1
352
-323
174
123
55
-132
39
172
91
-373
424
-156
26
-137
133
-35
-254
52
143
-298
79
185
-126
-346
37
211
23
-287
40
429
-422
-111
301
19
112
-351
130
-151
-44
234
34
-74
-136
175
6
-319
-12
-39
72
-577
198
26
550
-120
22
-39
115
1
-42
262
-65
-53
-147
23
206
-51
57
-123
-57
-247
130
223
91
39
36
25
-20
13
282
14
-46
-163
14
180
39
117
-118
-77
-12
-205
257
157
65
54
161
130
-88
163
122
18
-230
36
-59
-107
-102
204
-95
-384
66
214
-25
-132
176
365
-256
43
90
51
-297
24
247
-10
-359
262
266
-387
-132
133
364
112
-503
235
43
-12
-196
-66
127
8
-262
141
51
-73
-231
25
-113
174
-283
336
-212
-62
-3
-36
136
-359
363
138
-47
-331
88
320
-280
-299
205
347
-233
-365
144
-41
-213
-299
291
26
-95
470
269
79
-110
-52
167
-223
-17
416
-59
-58
278
65
-2
-222
112
529
-256
-454
137
369
4
-348
-68
271
-82
-147
234
357
-55
-240
82
-131
247
-131
250
-141
-102
448
-82
44
-107
-1
27
-554
366
49
-3
4
-400
282
-447
128
307
-441
383
-143
209
-148
-206
305
-1
-73
193
164
107
-595
268
-13
92
-152
156
228
-199
-124
-84
24
49
109
131
112
127
105
-79
103
-30
176
-503
10
-102
218
57
-76
173
-310
11
-101
33
502
-445
13
-163
-154
52
-142
-35
219
-57
33
-54
278
-286
-134
-24
-213
37
-100
14
-42
-421
125
57
-265
-1
237
209
-88
-149
217
168
-427
202
246
94
-538
127
105
244
-31
-156
507
-461
-182
-53
158
-22
-194
83
-179
105
352
-50
60
-319
100
354
-354
17
443
-80
-152
-162
107
298
-506
-190
298
-485
-205
-179
264
42
-215
-134
211
-77
-73
14
156
-118
-225
292
-19
-203
53
-38
-59
4
-101
579
-293
-74
100
-89
-105
-180
46
-91
-6
-291
176
309
-235
-29
-73
-59
213
-622
441
164
-86
-246
357
212
-15
-278
241
479
-164
-181
197
47
182
-73
-33
3
-311
159
113
-302
338
40
109
-199
15
370
72
-484
-13
303
-28
-39
-455
631
-282
-409
52
270
407
27
-287
205
-125
-335
296
-114
46
18
-159
76
20
-200
421
-314
-122
144
-145
39
-80
114
-94
-90
-68
148
-326
156
-152
151
-56
-69
-110
-129
161
201
21
24
-69
219
28
-157
525
87
157
32
120
284
-78
-20
282
-250
298
-36
-110
214
-2
-169
69
-213
383
-265
-182
211
121
-278
242
-42
120
-221
-262
362
-109
-211
164
33
-192
71
15
-3
94
58
-125
-21
-202
441
-354
74
-125
241
-78
125
101
248
-74
-291
55
-21
429
25
-110
42
214
-305
112
-194
266
-51
23
-143
213
-5
289
-1
-46
117
134
-319
-69
-45
275
-286
-151
255
-229
109
75
268
86
-416
256
-70
-114
-64
-90
325
-194
-326
430
-185
15
-220
200
348
-146
-200
-32
-47
-182
21
-64
-217
51
-58
-148
70
-66
390
-365
-33
82
41
15
-171
-97
100
-89
104
-122
26
-107
-191
-182
-204
116
-124
-116
174
-171
-179
-30
85
-148
-129
-87
167
-119
-229
313
-84
-155
-117
145
-73
92
320
182
-187
-321
-269
92
-284
1
332
-108
-14
-128
-244
129
-478
53
60
296
-42
-70
241
236
-81
-88
-15
49
-37
-114
178
134
180
-175
59
35
122
-182
246
49
-186
135
4
-5
-101
-6
117
-172
-372
311
-131
-82
5
-40
118
-10
155
11
-58
330
-3
143
143
324
35
-144
-162
89
18
100
-14
102
-173
-89
-101
-50
193
-25
43
263
-50
284
-377
58
-9
13
-66
0
326
-59
-7
-395
476
38
-79
275
62
193
-43
-263
522
-266
156
-156
-4
197
-296
215
-25
2
-118
109
227
-43
43
108
-2
2
-390
430
-215
55
-200
-85
277
-218
224
179
67
54
16
64
109
5
47
53
-82
-139
410
157
-3
280
-114
133
-24
122
422
-222
109
-20
166
50
-83
21
63
-43
91
-158
240
199
-502
229
-146
127
-56
-261
563
-281
50
158
-63
110
-271
-45
178
-120
38
66
-248
-92
148
-463
394
2
27
-77
-275
112
-167
-111
137
36
-96
112
-34
33
-200
-66
312
-41
-147
9
-10
177
-181
-76
36
-30
-210
-114
77
-76
114
-282
-11
96
-88
17
25
179
-87
-50
-139
73
1
-56
118
145
-261
365
-93
10
-197
326
64
-149
47
63
144
-337
106
297
2
-158
-31
169
-64
-339
-31
179
195
-123
35
-39
-148
69
-188
7
-198
-157
292
-284
-16
96
50
80
-206
206
223
128
24
-152
152
-122
51
153
-8
188
126
90
-20
88
-150
212
-332
-185
290
251
-230
-90
-160
311
-342
-181
133
283
-67
28
-80
399
-7
-76
413
83
135
145
219
-187
14
310
134
153
-114
651
-99
-271
225
-78
56
-11
68
-112
-148
-291
87
-19
-154
22
-84
22
-13
-455
18
-26
-218
68
-99
-34
-209
-323
36
-119
-71
-1
-143
-63
-135
90
48
-142
-39
-34
69
-57
-120
335
138
-193
-202
-46
174
-297
-80
130
367
-372
166
-12
108
-196
-273
162
31
-160
-33
-80
66
-165
-162
-84
82
-236
-5
100
-90
164
-17
51
35
-181
126
-84
-215
-42
-116
-22
41
67
157
5
-279
-345
-116
-40
78
134
66
115
-285
-190
414
25
-102
157
-105
-26
10
104
197
-208
-58
134
-75
11
144
78
-91
14
208
207
-15
204
202
-10
-91
133
206
-323
7
-47
118
152
231
-156
-91
-16
-54
-205
-24
303
30
-333
130
170
-42
-74
-81
-70
-155
148
148
49
312
-89
70
-7
195
412
-410
59
69
-257
-111
166
252
-277
-101
57
123
-236
-73
448
-437
-33
286
-166
95
-432
299
-100
-66
238
-81
68
-188
67
-12
-20
38
-136
-87
59
219
255
19
-100
183
-290
-42
-104
148
139
-208
292
-161
31
-221
-69
-54
-206
100
134
255
-129
-58
66
-254
137
-66
109
-74
91
-73
23
-190
414
-168
-103
115
439
168
-330
293
68
16
-123
95
147
-363
-113
236
9
42
204
-64
116
-100
351
-166
-144
92
234
-207
-158
8
85
-360
-123
164
210
-178
-202
168
-25
-114
-124
-12
208
-42
133
240
54
74
42
-57
-54
-31
-44
133
-89
-257
135
-248
-26
-117
-64
99
-223
-53
100
-159
148
62
224
145
-145
195
-129
-170
5
-36
129
101
-268
81
-165
1
-54
7
241
141
91
66
-70
-28
-108
76
-8
-99
74
63
-192
-142
262
55
-273
-24
140
36
-267
27
113
-160
-164
-21
202
-316
-57
74
26
70
-314
273
-114
-219
172
95
6
-134
184
156
-345
146
207
-146
-240
39
265
-203
-135
323
-184
-159
-133
270
-56
-484
52
179
7
-257
67
322
-383
-230
179
331
-311
-38
401
-20
-223
106
454
2
-431
293
122
-199
33
220
212
-75
98
297
-2
60
204
-12
-298
-22
361
-18
-293
65
197
-135
-225
239
227
-18
-83
20
124
-58
87
-64
-113
-54
74
-151
-88
156
268
-297
-296
250
-2
-109
-269
191
225
-347
-119
182
9
110
-285
78
45
5
37
-115
-78
190
-143
-322
-295
283
59
-391
50
175
-8
-112
-159
328
-144
-252
172
21
93
-13
61
-23
-29
37
213
-227
-31
430
11
-140
-119
384
-25
-440
-13
286
303
-361
148
303
-52
58
-1
6
-175
18
232
-98
-156
363
45
-441
-140
339
107
-455
-139
318
-273
-217
-54
133
51
-304
60
63
-183
15
85
-37
-22
-133
240
-92
-41
-191
267
-174
-291
247
136
84
-322
-37
269
-292
-56
350
-10
-95
-177
-62
85
-303
192
-151
-120
28
188
78
-16
-153
146
-89
105
35
337
-75
18
-126
262
62
-228
98
-171
-73
-140
5
198
-215
-21
-84
-83
-54
-18
198
-209
-71
-3
80
113
-228
211
-205
-126
-53
85
132
-43
-101
197
123
175
129
-151
-17
108
-78
157
-116
261
-130
-195
22
190
-90
-119
-40
66
-66
5
-9
24
-216
-79
2
-31
20
99
-6
-153
-190
-3
194
-259
195
127
30
-157
141
156
-172
-226
183
241
-151
-285
274
180
-230
-71
89
127
-190
-308
188
132
92
38
-164
-14
-82
-14
107
-8
-24
-27
-169
-53
160
102
-155
-138
240
-22
-78
-108
59
-102
-162
17
153
33
65
-53
-121
-53
153
177
-217
-67
89
70
-181
51
90
-146
-245
1
71
-31
53
66
-90
-48
59
149
26
-76
-18
110
61
-110
148
133
-149
-128
25
225
25
-107
77
149
-61
-94
123
143
-32
-112
205
52
-142
119
43
-81
-21
220
201
-100
-181
120
164
-83
12
110
129
-184
-179
209
171
-8
-220
32
154
-127
-126
-2
87
-98
-180
8
22
-48
-20
-13
26
-101
21
49
-262
10
66
-98
-37
-172
139
14
-310
67
22
173
-119
-128
67
106
-157
-183
29
158
-30
-214
0
160
57
-269
-58
206
-20
-229
-77
382
-159
-150
40
233
55
-162
123
250
80
-129
77
201
23
-117
26
104
51
-35
99
-46
-238
-43
76
-112
-187
16
268
-246
-156
194
177
-292
-100
218
150
-135
23
168
-227
-45
230
-77
-47
15
258
-12
-291
326
187
-9
-173
307
152
-196
103
166
107
-96
-2
100
-42
-51
71
-107
-53
-132
153
-136
-33
62
57
-57
-150
104
-120
-107
-110
25
28
-42
17
-126
-6
192
42
1
-101
104
-15
-184
144
133
67
-66
-15
80
-186
91
138
-14
-48
-120
132
-111
-3
175
-52
-128
151
145
-250
23
41
184
-244
-104
262
-81
-90
1
261
209
-141
-57
63
159
-80
57
-116
97
-9
-163
-110
13
164
-1
-134
101
160
-11
-167
209
349
84
-179
91
-16
-146
235
10
-77
49
103
84
-127
266
270
-197
-94
325
309
-123
-122
172
151
-132
-219
114
169
-98
28
-143
241
67
-68
187
86
118
-28
89
50
165
98
-65
-111
-93
169
-147
-216
-16
66
-18
0
18
202
65
-208
44
187
73
128
-168
144
6
26
-36
-158
68
20
-31
-89
162
100
-108
-96
104
153
-62
-132
213
4
-133
6
40
51
-106
-45
170
-71
98
202
-82
-38
-25
155
-82
-59
0
-67
-115
161
-71
22
-214
-19
75
-7
166
158
-87
24
46
-129
117
85
251
-145
-108
96
117
-63
32
-9
-74
30
16
-87
76
-81
44
-150
-206
258
0
-159
88
3
50
-263
-218
214
-199
-111
8
69
-43
-27
50
53
52
89
197
-76
-131
235
-21
37
-163
240
21
-357
26
145
-3
-129
86
55
-121
-57
197
35
-226
51
14
-154
-16
33
211
-209
-139
241
-35
-163
162
-11
150
-137
100
123
-289
115
157
-75
93
-67
123
-116
-213
225
-52
126
-48
-39
-15
58
-37
85
-166
117
40
-94
162
-51
152
-57
-90
238
-34
-7
-20
-125
242
-68
57
49
-196
157
-118
-140
58
35
212
-218
-152
168
-41
-55
-191
-63
81
-144
-58
-95
-99
30
-112
-54
63
27
105
-109
-128
145
140
53
-58
-98
173
-43
-136
171
-97
155
-115
28
99
-126
140
-155
-240
39
19
183
-194
-26
147
-80
-5
-21
70
119
3
111
102
-40
191
110
-197
4
87
40
-142
-30
249
75
-205
12
159
-18
51
-62
143
-50
97
100
-122
33
129
-111
-248
-21
190
50
-361
137
178
-50
-156
28
239
-186
-207
103
-13
-80
-9
29
148
-193
115
27
-170
-67
94
90
-102
-87
217
34
-267
75
126
-98
-157
-61
125
-176
30
103
-133
-70
45
135
-172
-94
242
-17
-219
73
89
233
-224
-8
182
-187
-75
-21
-23
-8
-70
118
-71
-106
131
58
-135
-143
264
140
-203
-20
45
96
-122
32
88
143
-5
93
-114
56
107
6
-143
90
171
69
-139
-3
79
-8
-31
80
-31
-22
124
36
-159
-15
203
58
-256
-65
277
-43
-53
-115
122
19
-37
-42
128
60
3
60
-11
79
9
33
-48
-61
84
201
-167
-34
35
173
49
-113
95
124
-85
-52
73
31
117
-47
82
-69
-36
71
-53
-193
33
163
42
-194
-52
244
47
-81
6
182
21
-205
71
231
161
-99
42
-57
1
7
138
-8
-114
63
40
-160
-34
154
89
-259
-126
56
8
-59
-43
68
-20
17
160
11
-70
87
1
-138
-43
118
97
-195
-115
159
-71
-64
-6
3
50
-176
172
44
-87
-32
-75
-161
32
-109
55
-38
-55
38
-187
-49
0
-9
-38
22
74
77
-165
-41
-52
54
-42
-36
105
2
31
-97
-94
140
-23
-24
-80
-88
19
-149
-71
21
-74
-82
-75
-30
-28
57
35
-105
-105
1
38
-69
0
101
-64
-141
75
230
37
-96
-26
-31
-93
-73
82
-39
-107
2
1
-45
-132
189
82
-305
-120
120
11
-254
44
316
93
-211
4
199
-69
-34
37
279
-44
-49
289
71
-131
-197
299
-75
-267
-15
399
-43
-522
136
379
-173
-485
122
295
-293
-251
387
207
-390
-91
379
-133
-431
259
458
-377
-270
318
279
-563
-167
476
-11
-593
17
434
-141
-576
212
393
-442
-361
420
411
-575
-173
540
116
-724
-66
578
-167
-493
338
533
-359
-515
576
256
-669
35
677
145
-802
151
700
-195
-559
313
532
-437
-510
699
164
-479
-242
657
59
-719
99
665
-319
-571
332
647
-452
-467
501
379
-464
-329
601
138
-497
-103
643
11
-536
162
560
-214
-538
372
624
-535
-566
483
514
-612
-543
608
226
-657
-141
696
114
-603
54
650
-376
-498
259
561
-363
-495
618
272
-752
-282
620
113
-871
40
835
-116
-806
162
785
-544
-665
480
529
-609
-442
696
327
-760
-65
675
-99
-662
154
631
-228
-691
439
345
-318
-381
382
270
-459
-134
382
122
-451
-9
395
-97
-469
182
326
-198
-517
347
273
-420
-424
456
345
-594
-323
648
223
-575
-41
619
52
-504
176
455
-245
-569
536
282
-432
-372
430
131
-670
-72
743
85
-605
-87
524
-232
-563
188
494
-331
-524
394
334
-467
-165
448
61
-389
43
436
8
-347
122
295
-123
-141
180
290
-79
-233
180
185
-95
-167
86
280
-128
-186
158
130
-177
-323
219
323
-294
-218
306
311
-309
-152
427
65
-542
-27
528
-55
-384
46
500
-236
-362
296
460
-231
-307
368
302
-288
-72
299
139
-405
-125
492
136
-327
10
409
143
-446
-39
563
41
-524
-40
491
180
-419
-12
531
-218
-276
122
500
22
-348
240
317
-287
-204
290
287
-384
-194
499
210
-460
-136
510
11
-497
124
489
-137
-475
217
392
-264
-303
259
201
-400
-122
378
28
-175
12
137
-92
-153
260
88
-159
85
204
-67
-193
127
160
-113
-175
21
226
-119
-220
100
-20
-53
-197
102
-5
-26
34
179
-16
-85
72
-16
-224
-182
78
147
8
-90
135
26
-77
-232
184
95
-34
-186
280
234
-165
-113
96
146
-334
-3
96
-7
26
-63
229
-146
5
35
-72
-178
126
88
98
-7
104
67
-149
150
-14
-88
-114
102
147
-47
10
105
98
-101
-128
281
111
-105
-60
180
162
-162
19
25
49
-338
-11
-16
28
-248
-103
22
-72
-160
-81
-2
-55
-208
18
121
46
-39
-16
111
18
14
171
77
-31
-163
-46
24
-81
-23
-82
-98
-122
-111
24
-51
-97
-143
-128
-14
-11
-23
-66
-42
0
-46
-44
-9
-23
-101
-48
3
-3
-48
-79
3
-128
-32
-41
-110
-36
-103
80
-59
72
182
-82
-77
-142
90
-22
-91
119
-144
-59
13
21
22
-24
75
68
-172
12
253
1
-89
95
139
-159
40
60
283
-267
81
148
52
16
126
141
34
134
118
85
-48
155
252
-183
1
92
1
-63
102
118
-17
-125
34
165
-175
-9
189
110
-200
-85
129
249
-70
-24
105
69
16
-29
90
259
-55
-184
16
248
28
-192
76
243
-124
-281
303
257
-159
-283
225
278
-131
-255
275
204
-162
-151
163
243
-142
-165
134
182
1
-149
249
304
-113
-126
157
292
-89
-274
88
273
55
-173
188
282
-96
-243
-55
254
-109
-312
120
262
49
-199
24
156
-231
-246
-8
75
-12
-100
32
67
37
46
-27
-68
21
18
-55
85
98
-29
-57
-83
29
50
56
177
-37
-171
25
161
119
-48
-24
107
-29
-116
18
82
42
-159
-122
144
145
51
-106
-88
45
-26
-41
-4
151
20
-366
-127
242
133
-276
-196
154
-187
-317
44
327
3
-357
73
215
32
-135
-48
127
-160
-191
37
151
1
-186
-113
194
3
-157
-3
39
74
-258
70
144
13
-209
-154
134
81
-173
-99
16
13
-160
107
213
49
-59
67
6
-88
73
136
-58
-267
23
131
88
-95
32
-65
-135
-195
-28
62
-31
-144
-151
-97
43
-6
-99
-49
-137
-62
98
-18
134
20
-134
48
-137
65
200
-147
-104
-103
55
6
-185
51
-11
-256
-148
225
190
-110
-122
70
128
-136
59
248
-44
-162
76
122
73
124
-7
-76
-82
104
61
12
-17
118
-219
-14
124
41
-33
-47
129
-26
-145
154
57
-152
-273
13
170
-96
-118
8
115
-118
-3
76
213
-77
-199
4
147
126
26
45
121
-64
-53
-24
94
42
-172
-165
-53
126
-61
-227
38
33
-184
-195
192
202
-224
-128
217
64
-181
-109
216
-25
-297
-27
99
75
-216
19
65
5
-148
-23
58
67
-91
141
34
55
-114
14
-21
-250
-51
35
67
-16
-103
137
-46
3
-89
14
59
78
-63
-1
66
133
-146
40
2
179
-27
0
71
138
-36
-63
11
32
43
-154
58
58
-29
-221
-38
160
-22
-263
-51
163
9
-233
27
221
16
-183
51
242
-7
-234
-38
223
19
-203
-88
181
-24
-275
-146
74
49
-287
-39
157
140
-297
-57
217
116
-166
-87
269
74
-286
81
237
68
-276
-159
372
71
-108
-100
216
40
-254
-271
160
40
-315
-132
121
187
-139
-86
192
-14
-214
-139
178
118
-10
93
116
29
-104
-23
46
-36
-69
-63
3
-74
-42
-72
-82
103
-57
-104
-89
24
6
-227
35
89
-67
-176
-5
205
-136
-106
92
8
-18
-47
77
88
-61
-1
33
32
124
-31
-55
4
108
44
-90
62
31
73
-186
82
77
-45
-203
-13
190
-73
-19
188
197
-96
-136
134
358
-93
44
169
210
-29
45
211
242
-56
-26
104
71
-16
4
93
37
-48
83
52
-58
8
133
83
-66
-20
143
-34
-125
54
23
-48
-22
-18
-38
-95
-9
101
1
4
69
-27
15
-7
-57
51
66
41
-67
84
161
28
-214
5
226
-113
-9
14
112
-110
-97
119
93
-152
-30
55
41
-86
-43
60
2
-94
-29
12
73
-28
-103
-25
43
7
-196
-4
262
46
-47
9
217
126
-195
102
213
32
49
75
235
87
-26
71
124
64
40
11
38
115
-118
-99
42
228
-49
-110
24
222
-53
-155
99
259
-4
-98
126
223
-84
-222
85
285
-85
-133
172
252
38
-209
239
252
10
-258
48
242
-38
-242
79
223
-61
-255
30
198
-48
-264
22
209
-20
-115
119
263
-50
-172
-5
214
38
-241
66
212
94
-118
17
236
126
-299
56
228
173
-158
-83
239
11
-295
7
314
74
-263
-34
194
84
-211
-82
227
85
-66
-52
332
142
-83
-160
243
230
-289
-81
261
260
-146
-256
404
150
-105
-145
216
138
-203
-119
134
76
-32
-120
42
6
-57
-143
-40
86
-11
-115
-35
162
77
-134
16
180
97
-100
-22
190
92
-59
-53
93
117
-100
-80
164
153
-119
-165
79
87
-169
-141
155
113
-108
64
177
70
-61
50
139
7
-58
124
234
-75
36
108
129
-98
-66
102
70
-176
8
153
38
-108
-130
20
-6
-113
95
-13
135
-76
18
53
72
-39
-95
123
57
-128
-73
76
172
-248
-221
100
96
-103
-184
149
154
-239
-236
63
115
-277
-119
139
-45
-50
-172
90
-69
-206
-171
22
55
-39
-14
66
123
-160
-242
117
-42
27
-126
77
117
-76
-146
-48
3
-84
-212
80
59
-59
-113
47
135
-181
-129
124
23
-74
-85
62
46
-255
-94
32
32
71
19
31
-139
19
-46
7
-136
54
6
-140
7
67
112
-150
-103
118
-54
-204
38
20
6
-164
11
226
-86
-51
46
-1
-30
-89
163
-38
-235
-7
-33
-30
-83
44
68
-238
-76
20
-42
-145
-102
97
-108
-65
90
-37
-41
-77
-1
20
-138
107
87
-166
-42
-26
34
-82
-149
12
-95
-31
48
29
50
-98
-30
-11
16
49
-82
76
-8
-44
-63
-58
59
-6
-147
11
75
51
37
25
4
-96
-121
118
108
-93
-119
-12
-43
-169
-4
44
-41
-155
-54
98
-27
-33
-17
36
-6
1
-18
-7
-1
-62
-141
1
-59
20
-107
-4
52
-101
-70
-59
-70
-126
-118
8
-13
-116
17
-2
-2
-52
-105
76
-42
-136
63
36
60
-227
-51
103
-104
-119
66
164
24
-163
17
146
-99
-86
-137
-10
-133
-181
50
181
-16
-74
-54
23
-53
-80
63
-6
-107
32
30
-20
16
-12
-40
-63
-59
24
-10
-18
27
14
-32
100
-18
34
-108
-12
152
-62
-44
31
16
-49
-170
70
237
-60
-118
85
134
82
-1
118
36
-10
-136
-19
22
32
12
-155
25
83
-39
-23
111
78
-27
-113
105
111
-59
-53
31
86
-18
-50
55
94
-16
-115
103
154
-12
-22
42
87
-56
-82
99
21
-75
-29
80
126
-29
-56
25
2
-95
-24
77
107
-90
-71
88
-18
17
-27
108
-38
-99
-33
139
0
-64
15
41
2
-23
9
100
-39
-68
-28
124
172
11
-52
190
37
-26
14
115
28
-153
19
96
29
43
47
13
-21
58
158
13
33
175
-20
-39
21
226
55
-207
30
216
-34
-128
-5
336
-59
-169
191
132
7
-76
100
120
-72
133
25
-90
-91
167
-61
-206
-22
191
-184
-265
147
169
-146
-315
121
214
-259
-129
131
120
-118
-167
189
25
-165
11
180
19
-51
37
241
31
-140
78
60
3
-66
41
97
-86
-137
15
6
-79
-71
19
143
-34
-57
29
150
-46
-127
103
145
7
-149
115
192
-81
-37
111
120
-43
-69
85
104
-68
114
18
-27
-77
-13
130
-56
12
101
12
-75
-34
50
17
-149
41
78
0
-19
-21
91
-23
-1
89
-45
-29
22
70
29
-125
-13
48
-77
-135
-52
76
49
-86
-32
163
-43
-57
-52
57
34
-83
-23
137
28
-19
13
46
76
25
-23
68
96
-18
-2
-20
114
-79
-51
107
151
11
73
85
74
-47
5
142
110
-108
60
-9
66
-67
-28
224
-24
-26
19
21
12
-69
-48
169
66
-10
84
22
116
41
-101
48
13
156
-52
-71
87
35
18
-51
18
52
-71
-73
13
22
31
24
-48
72
-21
20
-56
4
107
3
14
40
7
81
-141
-1
23
30
21
-47
71
-5
-52
-58
7
19
-84
-49
118
85
-9
-10
28
50
-14
-43
162
6
1
56
54
54
-56
50
43
-87
-83
82
74
-1
-20
83
3
-59
-53
1
16
-51
37
94
-114
1
25
103
28
-98
94
108
-100
-34
8
108
-29
-116
109
111
-54
-21
61
83
-34
-34
107
70
-74
6
-15
37
-80
3
225
-98
-81
77
119
-3
-131
93
76
-73
-115
0
154
-33
-186
53
92
-15
-174
-56
80
-32
-139
79
15
-35
-78
1
-102
-155
-69
40
-6
-100
-26
34
-117
-113
-103
19
5
-177
-100
43
36
-85
-78
1
8
-164
-98
-12
9
-95
-55
-127
-6
28
-157
-60
7
-25
-44
-66
38
-25
-82
-31
-69
-119
-26
128
-121
-72
-31
55
-10
-143
64
-37
-42
2
-25
-35
-1
22
-73
51
22
33
-86
-25
110
-54
-14
52
128
46
-89
42
126
-15
-11
-40
40
5
-53
12
-7
-17
-7
-59
22
41
5
-87
-95
101
92
-60
18
177
7
-80
-96
185
-22
-19
-3
71
79
-50
33
100
18
7
46
17
75
-13
51
107
-16
4
-41
53
132
-21
88
27
26
22
-13
126
140
75
1
53
25
27
14
118
145
-26
78
38
89
-10
-51
26
-80
-39
-129
-8
-10
-55
16
-9
144
7
-48
95
54
-40
-40
56
-41
-102
5
78
13
-68
79
-28
-148
47
76
45
-82
-26
84
-24
17
-54
-12
69
-55
-81
-78
74
55
-124
46
116
0
-116
-95
120
-79
-184
55
50
-3
-123
-20
95
-71
18
7
-77
29
26
11
0
12
51
-6
-42
-13
-61
-55
26
-47
-60
89
108
-7
-113
-13
16
-174
52
687
936
600
442
68
-192
-310
-363
137
135
-83
-361
-349
-440
-388
-309
-70
-55
-293
-442
-284
-21
175
243
440
412
409
368
354
399
253
247
164
31
-19
-146
-146
-324
-523
-432
-453
-528
-641
-721
-413
-442
-460
-269
-227
-6
-198
-184
47
-58
23
20
122
214
76
37
100
126
79
49
-11
113
88
-240
-128
52
-97
-201
-123
86
52
-199
-150
165
90
-138
-108
49
301
-91
-329
238
361
39
-229
132
440
-13
-368
88
389
-4
-233
105
390
-33
-241
-68
238
-17
-172
-170
271
188
-70
-226
229
256
-118
-340
119
285
-133
-354
113
320
-50
-283
89
366
-2
-252
109
315
35
-268
62
336
-70
-51
170
264
-74
-77
211
111
-109
-67
136
84
-170
-17
116
31
-118
-21
126
-25
-120
-16
160
43
-3
37
105
-28
-66
-3
52
23
-13
-64
43
6
-10
-26
-104
84
-15
-141
67
78
79
-67
-37
146
-68
-47
38
78
-174
-81
87
99
-145
-176
185
64
-175
-45
207
177
-169
-190
177
212
-179
-57
243
214
-143
-143
243
49
-220
-20
204
20
-78
64
223
-59
-131
91
204
-68
-129
157
147
-21
-60
92
288
20
-79
152
109
-13
-77
27
115
-33
-3
51
79
12
-83
-9
-51
-6
-86
-142
48
-18
-29
-61
6
177
-37
-86
50
97
29
-105
29
100
-41
-122
43
161
-62
-55
49
40
-32
-164
94
126
-114
-30
54
165
-8
-202
139
144
-165
-170
84
126
-62
-102
141
223
-104
-146
81
113
-156
-102
116
221
-78
-86
108
142
-73
-62
142
162
29
-146
120
170
-47
-78
63
58
-13
-134
101
213
-79
-41
-19
85
-12
-63
124
129
11
-64
65
138
-25
-37
-11
133
-54
-155
15
122
-25
-109
-80
93
42
-109
-35
133
109
-58
-73
145
100
-18
-143
129
160
-7
-83
97
151
-14
-106
63
175
-42
-100
43
74
55
-54
45
121
28
26
34
87
10
7
38
105
102
29
-10
120
72
17
31
54
128
-60
-4
61
67
-8
-28
13
93
-41
-65
49
85
4
-3
26
71
91
33
-24
67
92
-46
-117
-73
50
42
-121
-53
133
-47
-137
-132
21
30
-177
-127
24
-22
-134
-120
-7
47
-60
-99
56
-18
-135
-63
-39
-11
-5
3
37
-28
-91
-96
-57
-70
24
16
-80
-31
-94
-89
-31
36
28
-13
-79
-46
-43
-87
-32
65
48
-6
-63
-10
42
-65
-128
58
60
-55
-13
141
63
4
0
116
44
-61
26
-46
-104
-48
41
-25
-69
82
6
-134
-121
-2
45
-97
-115
90
-21
-77
-30
9
1
-68
-90
-3
14
-28
21
35
-40
14
68
58
28
77
136
43
-54
-26
96
-15
-12
114
-33
25
7
-12
64
-17
56
29
-99
7
140
12
27
122
39
56
23
27
48
-11
98
40
10
151
115
79
4
12
21
37
10
33
12
20
10
-57
35
98
21
-31
26
-24
30
-17
-6
67
76
33
84
61
59
82
-1
24
69
28
-51
-16
-106
-1
80
-47
6
11
-6
7
-36
18
88
40
12
94
69
11
-12
-3
33
37
-9
-19
1
-47
-12
29
17
12
49
-23
1
14
61
34
0
-3
-7
-7
-49
28
111
101
40
-63
-57
-40
-47
-41
31
149
272
339
313
219
22
-95
-133
-114
12
-1
-38
-45
-121
-83
-42
-21
-4
-56
-91
-118
-29
55
36
142
215
201
138
162
202
17
-18
74
59
-80
-128
43
-59
-230
-191
-158
-210
-322
-275
-181
-214
-215
-126
-56
-107
-106
13
2
-130
-160
-53
-58
-188
-95
72
-30
-148
-62
18
-86
-201
-97
1
-131
-144
23
6
-140
-148
25
52
-154
-129
56
-25
-229
-134
146
41
-174
8
187
-9
-226
22
188
-145
-261
47
142
-189
-175
197
110
-228
-107
197
-35
-343
-77
179
-106
-257
71
187
-73
-181
68
189
-120
-222
30
104
-134
-164
141
77
-137
-118
87
8
-177
-87
117
-48
-164
-40
152
13
-121
41
182
-25
-119
127
218
-24
-145
110
225
-128
-136
151
149
-203
-112
176
102
-146
-44
191
62
-175
-81
197
57
-206
-20
178
31
-211
-19
261
67
-207
7
235
-30
-256
-10
212
-75
-240
57
220
-108
-164
136
185
-144
-157
128
149
-201
-126
202
164
-185
-65
194
62
-232
-28
240
41
-212
24
223
-41
-223
90
242
-71
-203
149
205
-170
-222
170
203
-173
-118
272
183
-231
-41
256
103
-240
-18
255
93
-261
14
239
15
-288
-13
257
-36
-286
-1
262
-29
-272
38
232
-77
-258
70
226
-79
-218
148
287
-31
-152
131
289
-102
-265
72
313
10
-298
-3
206
-63
-314
37
276
12
-302
54
291
45
-254
39
328
24
-236
75
389
106
-239
42
355
117
-193
17
310
75
-153
98
364
59
-248
8
223
-13
-296
17
215
36
-214
39
270
57
-200
6
269
74
-179
11
241
-2
-315
-23
199
62
-185
33
256
127
-244
-32
271
157
-204
-55
179
87
-254
-69
183
100
-239
-107
123
95
-218
-121
120
118
-220
-125
156
214
-156
-111
184
223
-134
-59
256
267
-147
-64
221
210
-181
-148
56
102
-268
-141
113
199
-103
-139
97
142
-113
-207
116
223
46
-118
65
200
-11
-160
62
275
98
-118
10
190
94
-195
-9
177
66
-257
-91
194
97
-213
-138
106
10
-267
-183
114
175
-111
-133
134
196
-80
-154
136
228
25
-145
86
151
-52
-244
16
154
15
-221
-32
93
-31
-255
-22
181
96
-201
-38
127
60
-255
-158
87
64
-148
-118
94
141
-47
-85
79
170
-54
-109
107
211
16
-122
92
191
-39
-214
75
183
41
-162
23
118
-28
-223
-9
140
38
-176
18
131
-2
-203
-18
31
9
-168
-44
64
56
-87
-98
87
111
-16
-128
48
71
-48
-113
11
70
14
-152
-25
7
-8
-208
-88
22
25
-146
-99
80
109
-69
-86
98
85
-79
-100
62
106
34
-113
25
38
-43
-141
29
68
-38
-148
-29
2
1
-179
-46
72
79
-131
-74
73
161
-36
-82
71
123
-80
-195
3
113
-20
-183
3
121
4
-216
-56
137
80
-189
-67
134
147
-180
-77
137
243
-64
-81
77
190
-59
-116
151
197
-14
-177
52
122
-26
-201
-15
91
15
-216
-74
98
102
-75
-34
163
91
13
-53
99
21
12
-3
68
111
56
-7
-84
15
67
42
-83
7
97
44
-174
-99
73
28
-172
-142
33
58
-100
-81
92
140
-42
-85
22
101
6
-92
35
151
95
-75
21
80
109
-87
-19
47
94
-86
-75
32
169
15
-58
83
149
94
-60
82
147
115
-54
13
164
154
-6
-51
93
94
-25
-127
81
136
67
-111
-17
135
127
-47
-28
93
112
-95
-142
60
121
43
-83
37
62
5
-159
-78
-38
-50
-137
-107
-15
9
-58
-104
5
12
5
-107
-26
29
16
-109
-80
-5
30
-66
-127
-45
-19
-57
