41
34
30
29
28
25
21
15
10
5
0
-4
-10
-11
-16
-18
-21
-25
-29
-32
-32
-32
-32
-33
-34
-31
-27
-20
-17
-17
-15
-11
-6
-1
0
0
3
6
10
10
7
4
6
9
11
8
2
0
-1
-2
-2
-4
-8
-12
-15
-17
-21
-27
-33
-37
-39
-40
-41
-46
-50
-57
-63
-66
-67
-68
-71
-77
-85
-90
-93
-96
-97
-102
-103
-106
-105
-105
-104
-99
-91
-81
-70
-61
-50
-33
-17
-3
15
33
51
65
75
87
102
114
116
117
122
130
136
136
132
129
127
126
123
120
119
117
111
103
96
91
89
87
82
75
70
66
58
51
44
39
33
25
16
8
3
-2
-9
-15
-21
-28
-36
-42
-42
-42
-45
-48
-49
-47
-45
-46
-47
-46
-40
-31
-25
-25
-29
-30
-26
-21
-18
-17
-17
-18
-16
-15
-15
-17
-20
-19
-16
-18
-23
-29
-31
-30
-31
-32
-31
-32
-36
-42
-46
-49
-48
-48
-49
-51
-55
-61
-64
-64
-66
-71
-80
-86
-93
-99
-103
-108
-115
-125
-138
-145
-146
-142
-138
-135
-127
-113
-94
-74
-56
-36
-11
18
48
76
100
123
149
173
191
201
208
216
225
232
236
234
230
226
223
217
207
197
187
176
166
156
148
139
130
121
111
102
93
86
76
65
55
46
39
30
23
11
1
-6
-12
-20
-31
-42
-51
-56
-58
-60
-63
-66
-68
-65
-62
-56
-51
-46
-41
-37
-34
-30
-25
-19
-14
-14
-16
-18
-19
-20
-22
-25
-29
-32
-34
-36
-38
-43
-46
-48
-49
-50
-52
-56
-59
-63
-67
-68
-70
-72
-76
-80
-86
-91
-97
-102
-107
-112
-121
-129
-137
-144
-151
-159
-167
-175
-184
-197
-208
-215
-214
-211
-211
-212
-208
-191
-165
-139
-115
-90
-60
-22
20
61
96
123
150
184
221
248
265
274
287
300
311
315
309
302
295
291
285
274
258
245
232
219
204
193
184
172
159
149
141
132
122
113
105
93
77
60
48
38
30
21
11
0
-12
-27
-41
-53
-63
-66
-69
-71
-75
-78
-74
-67
-63
-64
-65
-61
-53
-53
-62
-74
-80
-80
-79
-82
-90
-100
-108
-114
-118
-120
-122
-129
-131
-129
-125
-127
-130
-127
-117
-106
-101
-98
-96
-95
-93
-90
-88
-94
-101
-100
-91
-88
-97
-112
-121
-122
-122
-128
-141
-159
-172
-180
-184
-195
-218
-243
-260
-264
-264
-264
-264
-256
-231
-194
-153
-119
-90
-59
-14
46
109
164
210
253
306
356
391
406
416
435
462
483
486
475
461
450
441
427
409
386
363
346
329
311
285
265
250
237
217
193
175
164
156
142
118
91
70
60
55
43
25
6
-3
-7
-16
-32
-54
-71
-78
-77
-73
-70
-69
-65
-60
-55
-54
-56
-60
-68
-77
-85
-94
-104
-115
-121
-123
-128
-140
-158
-175
-184
-187
-181
-174
-168
-164
-160
-155
-152
-150
-144
-137
-130
-122
-117
-117
-122
-131
-135
-136
-143
-153
-157
-154
-149
-148
-155
-164
-174
-183
-193
-208
-231
-252
-262
-262
-268
-292
-328
-359
-372
-369
-358
-351
-344
-322
-277
-225
-180
-148
-113
-54
26
105
167
216
273
340
403
434
440
449
482
533
569
568
542
522
527
539
531
493
450
430
436
435
410
364
326
315
316
306
273
234
208
198
191
177
154
134
124
118
103
76
49
29
19
12
-3
-23
-33
-32
-28
-33
-48
-63
-70
-74
-83
-101
-125
-147
-161
-175
-193
-214
-236
-251
-259
-270
-288
-307
-321
-323
-322
-320
-309
-290
-274
-267
-267
-264
-255
-237
-220
-204
-189
-170
-152
-143
-140
-145
-149
-148
-140
-127
-118
-117
-119
-117
-117
-121
-127
-137
-143
-153
-172
-199
-218
-222
-219
-236
-281
-337
-374
-378
-374
-381
-394
-388
-339
-255
-180
-147
-142
-111
-21
96
196
259
311
389
481
557
581
567
570
622
697
739
721
675
642
639
643
624
582
542
520
508
485
445
409
393
389
386
368
337
309
294
292
280
261
245
236
226
206
174
143
119
107
90
69
47
26
8
-13
-38
-68
-90
-107
-120
-145
-178
-206
-224
-231
-239
-256
-294
-335
-357
-363
-374
-385
-392
-405
-417
-408
-392
-390
-392
-379
-358
-351
-346
-335
-324
-309
-280
-243
-216
-200
-185
-165
-147
-142
-144
-136
-116
-101
-104
-112
-115
-112
-107
-109
-119
-136
-159
-177
-186
-191
-210
-234
-251
-271
-298
-332
-370
-400
-415
-414
-413
-409
-377
-312
-239
-187
-160
-142
-94
6
130
231
291
347
423
511
574
588
566
567
628
706
746
729
665
602
604
655
672
631
577
524
486
486
490
457
422
428
447
445
414
358
313
319
350
352
319
296
287
274
247
215
168
119
102
116
107
48
-27
-76
-97
-105
-121
-162
-216
-244
-238
-247
-301
-365
-398
-414
-435
-469
-500
-516
-506
-496
-513
-547
-564
-554
-528
-502
-486
-471
-449
-422
-400
-383
-359
-322
-278
-248
-233
-222
-198
-168
-150
-134
-115
-87
-65
-74
-101
-113
-108
-88
-76
-95
-111
-100
-90
-85
-83
-107
-154
-184
-183
-188
-218
-263
-309
-323
-327
-352
-375
-382
-375
-323
-234
-163
-135
-117
-60
42
152
237
287
333
424
542
616
613
576
577
649
749
795
753
681
649
666
682
659
603
561
551
560
563
543
508
482
484
505
516
501
473
446
431
429
430
426
414
400
389
372
329
267
219
201
182
129
57
1
-16
1
-6
-76
-179
-248
-270
-276
-290
-325
-371
-398
-405
-424
-470
-519
-556
-563
-538
-515
-531
-564
-571
-555
-552
-560
-558
-534
-488
-446
-432
-441
-431
-390
-339
-291
-265
-265
-252
-223
-194
-166
-150
-164
-164
-139
-137
-155
-149
-124
-97
-72
-83
-112
-119
-117
-113
-106
-145
-189
-154
-105
-124
-188
-264
-314
-302
-280
-299
-332
-338
-304
-233
-152
-101
-85
-68
-11
82
181
267
327
363
423
512
587
613
595
581
616
677
715
714
671
618
619
658
669
623
554
518
525
543
550
523
470
461
515
544
499
422
378
396
426
398
341
309
308
315
316
282
230
190
160
115
62
25
15
-15
-85
-149
-168
-162
-176
-227
-293
-351
-391
-404
-424
-469
-512
-536
-552
-567
-585
-580
-579
-613
-638
-639
-620
-580
-536
-502
-475
-472
-483
-475
-420
-356
-337
-311
-246
-208
-199
-183
-161
-148
-137
-110
-83
-90
-97
-77
-55
-58
-70
-52
-26
-27
-37
-56
-69
-59
-55
-48
-75
-148
-172
-148
-147
-145
-159
-219
-271
-289
-283
-276
-277
-274
-245
-172
-99
-94
-121
-109
-12
137
240
274
272
310
445
571
577
508
472
543
681
749
708
616
562
595
654
671
640
568
519
538
565
563
540
519
529
548
527
488
452
432
438
450
447
422
373
337
336
331
299
235
158
122
121
102
55
0
-45
-67
-91
-152
-224
-274
-301
-315
-334
-386
-434
-442
-449
-483
-514
-532
-558
-580
-570
-540
-535
-551
-552
-551
-559
-561
-537
-500
-475
-449
-412
-367
-325
-309
-312
-318
-290
-196
-118
-120
-126
-101
-57
-17
-24
-34
-15
1
25
30
23
52
90
72
53
55
37
45
37
27
-3
-57
-81
-107
-97
-78
-112
-174
-227
-243
-264
-289
-275
-264
-294
-278
-204
-139
-91
-94
-141
-121
1
121
183
211
244
309
395
443
435
411
423
502
605
630
565
522
530
545
569
566
503
468
510
549
543
517
475
437
448
466
443
422
395
349
361
405
388
338
286
244
238
238
220
182
125
79
69
58
-4
-87
-136
-162
-185
-191
-210
-263
-318
-349
-369
-396
-412
-437
-492
-534
-551
-564
-567
-583
-557
-488
-499
-562
-587
-563
-464
-392
-450
-505
-467
-370
-272
-262
-309
-296
-211
-124
-88
-86
-78
-50
-11
10
-3
4
53
80
56
44
77
119
120
103
103
103
88
74
80
97
104
75
31
7
-10
-22
-88
-137
-154
-176
-175
-228
-253
-255
-242
-228
-298
-335
-320
-270
-212
-182
-149
-131
-115
-66
26
85
87
116
206
300
325
320
333
343
388
453
475
452
411
396
460
537
523
517
464
468
521
501
478
403
383
364
426
410
277
239
232
396
431
329
247
294
369
271
215
233
247
48
139
199
-4
-176
-416
16
669
1418
1001
-1273
-1510
517
1221
-372
-2720
-2479
504
1497
-650
-2626
-1197
2818
3763
-245
-4846
-4024
1586
3785
-125
-4555
-3828
988
3615
1041
-2993
-3176
223
2628
1240
-2009
-2648
-6
1840
740
-936
-1252
-67
1313
681
-511
-447
129
560
77
-5
604
247
-255
-485
268
1156
253
-719
-830
215
1199
698
-681
-1368
302
1273
305
-701
-929
-323
-269
-360
-217
94
285
-359
-1120
-982
87
749
200
-809
-944
-49
722
535
-282
-561
13
702
841
435
-21
8
490
762
632
521
507
401
385
561
589
422
369
389
341
476
608
402
13
-155
357
976
878
-13
-711
-229
850
1182
322
-797
-497
1215
1086
-12
-308
-836
-238
1439
1723
-793
-1863
-647
1191
1818
-970
-1234
-496
-465
1048
501
-1101
-1967
-496
1625
234
-2121
-1443
561
92
-11
-1008
-1554
430
577
-805
-1372
-555
1365
335
-2278
-949
266
1689
50
-491
-2485
-84
1290
1019
525
-2081
-1491
1053
1613
557
-1468
-61
-257
807
274
-1289
1622
135
-174
-1393
229
892
539
488
-1744
-715
2228
212
-898
-1327
-1125
3384
-780
-1905
-4
-665
323
528
-723
-1570
219
1485
-697
-1274
-891
-103
1466
660
-1661
-1045
1387
1399
-230
-841
-397
912
1493
670
-359
-282
668
1205
467
86
582
603
556
160
606
367
-65
621
647
870
-150
-172
524
896
886
-852
-316
633
1092
1350
-384
-1230
130
1149
1237
670
-1513
-714
1111
83
254
361
513
-597
-2210
820
1165
727
629
-3917
-1308
3186
941
-598
-2327
-2432
1751
1697
-132
-1660
-2618
1464
-215
-229
592
-1806
807
-2201
-245
1008
68
1100
-2965
-1743
320
2934
434
-3805
-1080
1965
1047
874
-2666
-1232
2616
1669
-2676
-2522
1869
2946
-772
-2798
-697
2686
910
519
-2140
-2968
2909
1975
1266
-4048
-3647
3014
3996
335
-3252
-3977
1107
4495
-125
-1759
-3055
-778
2732
1123
-1599
-2659
152
1709
590
-505
-2759
967
1087
536
163
-2135
1207
1318
517
292
-1157
-122
1642
2181
231
-1118
-388
1569
2085
283
-1071
462
1576
1080
974
-1020
-969
1842
1682
172
-643
-1224
790
1979
-170
-42
-318
-437
2607
-1109
-1828
3195
53
-920
-210
585
1364
132
-880
-2489
3452
2235
-2350
-1423
-2357
2508
2537
-1068
-1755
-1662
273
726
1531
185
-1879
-2473
-559
3207
1069
-2016
-3626
-1725
3637
1996
-2392
-4470
228
3777
-540
-3172
-1431
2400
551
-1737
-2020
-29
1006
341
341
-3700
1484
1865
-2260
261
-1047
2723
-884
-5388
2218
4062
884
-4662
-3991
3147
3922
919
-3948
-2939
1121
1990
1838
-2034
-2486
509
1647
262
-979
-1375
205
1863
-1434
-829
-572
-1050
1814
-90
-590
-345
-2179
1220
2640
-1079
-1561
-1209
1135
3101
440
-665
-1448
267
2670
2302
891
-2139
-1283
1901
2741
1081
-955
-551
1130
2154
650
-1065
-319
1365
1769
108
-1867
-1002
3208
1946
-1507
-2195
234
2780
1782
-1767
-2609
1535
2513
1343
-3013
-698
1455
1883
-996
1319
-1715
-499
1053
562
1838
-2416
-1633
1400
1933
1150
-4718
-1066
2647
1905
241
-5864
-2024
3735
2567
632
-4129
-3995
941
3296
2091
-4179
-4219
1620
3996
-772
-3329
-1744
-1723
5515
708
-3837
-3070
1653
2357
-679
-2680
-1234
1111
2598
-1045
-3061
-1209
1415
1519
-702
-1064
-2032
1682
2102
-1790
-431
-3899
4436
2323
-2189
-3612
-1590
4599
1422
-3443
-2047
2006
1731
235
-3887
-573
2843
518
-1836
-3199
-716
4473
2413
-2402
-5934
-35
6169
2476
-3173
-4802
444
5703
3439
-2911
-3612
536
3093
3731
551
-2189
-1271
1569
3026
1760
-836
-977
925
2029
1462
-993
118
1364
1183
-273
-1137
1716
1399
354
-2018
-820
2707
1892
546
-4629
-1041
4683
2897
-1095
-3490
-2001
3460
4302
-2622
-1094
-3099
2888
3250
-686
-2099
-1208
-159
904
4422
-2624
-2206
1460
-1742
-684
2242
370
1140
-4654
-2297
1376
3046
2972
-7662
-779
2108
339
251
-2235
-616
1403
-1290
-416
-2274
-383
4080
-2643
-2605
-1620
4010
1339
-3670
-2933
-734
6725
2373
-8314
-5749
1813
10022
1788
-8698
-5723
964
9405
2084
-7458
-5958
3835
5099
590
-6011
-3321
2168
4492
-153
-5956
1259
-367
1737
1116
-4550
629
1511
-2135
126
-257
1688
-111
-2927
320
1050
-706
428
1476
506
-136
-1067
-504
2548
2415
78
-711
61
1586
2554
1287
-870
-1708
1771
4776
1530
-1835
-2449
157
4430
3435
-2060
-2609
1008
2465
1181
-1487
-855
802
2779
475
-2928
-847
2324
2857
-2497
-453
-683
-72
3327
-2142
1144
-2074
-874
4359
-1184
753
-3936
-597
5248
-48
257
-5356
-479
4883
769
-240
-6687
223
6570
-794
-2462
-5111
1273
6453
-545
-7125
-7255
7746
6134
-1430
-7486
-3891
2678
3073
2224
-3292
-3490
-1485
122
6218
-2578
-2530
-4373
-197
9427
-2806
-4744
-1280
-425
2418
1628
-2320
227
-464
-3259
-1953
4578
2028
855
-2956
-6375
556
5063
3986
-415
-7589
-4940
4710
7089
22
-5835
-4774
399
1772
1246
1630
-527
-2785
-1688
-111
2351
3072
-1944
-2547
864
2083
2310
-813
-1069
714
1010
2057
952
2173
816
-2342
413
2310
4275
1537
-1576
230
559
2034
642
457
908
-66
1246
432
800
-231
-507
1354
198
941
116
116
735
-2192
-230
1601
1867
909
-2983
-1559
1305
1913
2315
-453
-4833
-1038
4061
2562
-99
-3951
-2224
3736
2424
-2001
-650
-2396
-1362
3393
1873
-3549
-4504
2346
4835
-2373
-4657
-3825
3837
7716
-6335
-4716
-5416
5306
6673
-634
-6875
-4092
710
3975
3255
-3056
-5125
-44
404
1590
426
1704
-4193
-3750
2345
-519
3756
-1812
-3712
-1987
-1453
5151
2761
-590
-10002
-782
7605
-106
-399
-4792
-1331
3170
918
-1748
-1641
-201
190
1564
-2835
-2969
1704
3064
1160
-3031
-4119
677
4516
1785
-2034
-3053
1123
4356
1615
-2401
-1950
2317
4275
2788
-1619
-1497
1154
3438
2879
-478
1173
291
886
1487
1538
1386
-1478
1096
768
770
360
93
1611
-951
-1386
-150
2599
1179
430
-2
-3492
-71
2633
3209
205
-4585
-1300
2744
4791
-134
-6628
-2193
3783
4799
-427
-3670
-3306
1690
5493
-1057
-5165
-1462
3908
5387
-4946
-9045
1053
9019
3206
-7950
-5952
-152
9090
470
-4930
-7894
1834
7175
2079
-6950
-5529
3937
3589
-2428
-3401
-1722
4174
-2711
715
-6392
4501
5016
-6998
-1653
-3283
5135
1247
-404
-2312
-5159
2792
1108
423
-2291
-279
831
-381
-3927
3797
2586
-3158
-2300
-1251
1181
1674
-3029
177
271
374
-2267
-2583
2665
1908
2591
-3218
-6052
1129
4936
4277
-917
-4363
-2522
4330
5250
406
-3626
-1085
4641
3904
578
-3119
450
4245
2444
363
-1373
1530
2770
1088
-779
-1042
1895
2947
942
-937
-1057
244
2250
1878
67
-2048
-678
1719
956
-1090
572
527
-784
-1390
2028
2125
-1677
201
-3575
4261
1001
-393
-3758
133
2768
2074
-1078
-4310
669
1476
5095
-2295
-3797
-3366
3249
3095
-1277
-2140
-716
2692
-2401
-3964
1698
2539
-144
-2671
-3083
-311
1435
-74
-267
-2289
65
-1682
-1995
3295
-98
-2379
-3915
-937
1529
2274
1447
-9653
1134
888
3100
940
-3875
-1599
-2645
3344
-1798
983
2587
-4657
-2783
-1361
4818
2140
-3249
-4501
-1456
3758
426
-998
-3773
-3189
3987
2093
502
-2745
-4974
822
3531
4610
126
-5070
-2535
2579
5143
3135
-1294
-3519
1030
4071
3596
2713
-825
-1816
727
3020
4429
3875
-1806
-2221
167
2508
3788
1102
-355
-1733
0
571
2809
89
40
-1380
1205
1293
-638
-976
-40
539
2598
1641
-4210
-4361
3377
4311
1985
-2829
-5621
-211
5481
5356
-2053
-6791
-2540
1202
7357
3504
-5796
-5119
-3858
6127
5998
-2105
-3680
-4436
-2871
6959
3469
-1198
-5175
-6962
2038
4326
3149
-908
-9631
-1036
1749
4457
1381
-5085
-6340
3426
4810
-3626
-3469
-1171
1341
465
-3907
3764
-1606
-4920
662
490
6587
-6233
-3651
-1712
1439
6538
-3880
-4267
-2010
-517
6382
2304
-5485
-2888
-6348
3680
4694
1971
-1689
-11243
910
5492
5027
1179
-9050
-5465
4566
7319
3555
-4332
-5512
2073
5476
1231
1556
-392
1712
580
-443
4475
2571
1903
-339
-1111
2867
4441
3882
-1134
-3115
686
3837
3657
688
-1922
-2085
581
2814
3500
-472
-3249
418
-518
2040
1797
-1342
-314
-1632
1012
731
2860
-1132
-3446
2259
-953
1482
-1473
448
3469
-1172
-2518
-2864
3582
4389
1366
-6694
-4693
3573
4090
230
2169
-4583
-4817
192
360
4992
680
-966
-6624
-5397
4426
4841
808
-5176
-5755
-162
1853
7220
-4581
-9874
5304
-496
-2706
-324
-1142
2453
-2169
-3564
-4445
1275
7362
882
-4708
-12189
62
13613
-189
1484
-13499
-5424
5218
4945
6584
-7509
-9017
-1994
5927
3529
-2750
-4080
168
-1224
2157
-1110
-850
2470
-323
-187
-2086
152
5269
1838
913
-3456
-1255
5983
4182
3742
-2454
-1562
3912
3492
4609
-1751
-337
2473
3289
3742
-1028
80
454
2096
3131
671
-785
-773
717
1388
2041
-554
-1463
633
111
-205
-82
-284
441
412
-1000
-922
-80
22
312
-13
998
761
-1151
-1377
-1567
1660
2340
45
-700
-2787
1721
2769
-2397
-2716
-1948
6509
4037
-6198
-1539
-1334
1287
3653
451
-4665
-5922
5431
3697
-2860
-6312
-4451
2032
4243
1794
-6010
-4974
-809
1230
3575
-729
-4639
-6079
-3104
4400
6751
-417
-12816
-192
-3042
5992
8912
-5280
-9467
-6732
4845
7792
3743
-7802
-7481
-4376
6432
6097
-766
-6592
-9430
1168
8389
6360
-4180
-11297
-3832
6384
11050
1613
-7384
-6094
1987
8909
5031
-532
-2543
-785
4107
4628
4288
1676
-1113
393
2432
5134
4110
751
-837
-711
2191
4327
3494
-45
-2861
-1317
2565
4325
1605
-2422
-3476
100
2945
2048
141
-3101
-2097
658
2021
1227
-1783
-315
-1214
-778
2205
1553
-348
-2285
-1045
389
2377
2765
-261
-3635
-907
4355
2722
-430
-4242
-2774
920
3284
4188
-2373
-2968
-1627
-1816
1316
2194
3579
-3723
-8329
-576
3015
3779
-1733
-5408
-2517
-1619
1428
-357
-2724
872
-574
-3755
-6626
-150
4483
1887
-501
-10317
-2508
49
4195
3075
-6809
-4956
-2370
3762
3962
-3530
-5073
-3246
437
3944
-3733
-4579
-463
1817
4605
-210
-4669
-3846
-2268
8395
7627
-1313
-5788
-4764
6125
7954
3999
-376
-3388
2029
4571
5061
2960
-71
936
1274
3344
4905
3416
1450
-1735
-1326
2706
5765
4961
-418
-4768
-2972
3157
6313
2819
-3780
-5499
-973
3817
3509
-659
-3949
-3470
368
1767
1905
-1104
-3400
-1361
92
3042
707
-2398
-2168
-583
2775
1715
-865
-1890
249
1658
1655
-568
-1549
860
794
2183
-113
-1486
-951
-1682
330
1206
12
-2816
-2083
-329
2007
137
-4549
-4980
-1744
6156
1431
-6084
-5855
-4324
2488
2994
982
-4976
-8106
2359
891
-1780
-1541
-4199
1827
-1486
-2839
-621
-3522
1055
891
-2863
-3553
-2802
1018
550
-3120
687
507
33
1432
-4384
-1161
475
3465
5200
-1583
-1455
9
4970
2737
-35
1470
750
5887
3321
243
987
1627
5015
3786
2848
1776
690
2184
1750
2772
2897
1584
1495
371
530
526
934
1718
384
-558
-613
459
952
-320
-1415
-1235
-218
227
8
-1350
-1970
-1480
-1
1613
-294
-965
-1277
-688
726
-772
877
801
-140
-495
-604
2213
724
-1395
-600
1209
2284
990
-1924
-1661
1361
536
-621
297
476
-2028
-2164
-1409
-1047
2988
-1001
-4425
-5387
-2724
5543
1323
-6652
-6039
-85
444
1885
-2535
-3963
-6591
21
5273
501
-6406
-9021
1895
1705
4026
-4768
-6772
-2934
686
2887
-1256
-4550
-705
-935
2558
3282
-4710
-5463
438
4877
6956
198
-5298
-1407
4032
6217
3527
-511
511
4011
4834
2715
1416
1104
3874
4153
3084
2849
618
2461
1906
1124
1969
1743
3662
1081
-1667
-916
777
2342
1929
-297
-1585
-196
-552
-378
687
-633
-920
115
-649
-1715
-2009
-1620
937
1652
-644
-2799
-2117
-134
1397
2216
-194
-1654
-1472
283
1847
1890
443
-2792
199
1409
497
1222
-2086
-117
1955
59
-1126
-1580
1602
-50
-3524
-258
1380
-508
-3116
-3352
-1835
-1925
1030
872
-2557
-4451
-6044
530
3495
-1125
-3598
-5867
-2918
-152
-154
642
-2380
-5152
-3072
-2126
-625
3186
-743
-4666
-4806
-4791
-374
3455
4946
2331
-5928
-10099
-1573
8332
9401
2605
-6959
-6227
3025
9146
5882
-25
-2562
387
6699
6034
3333
348
494
3502
3551
4839
3999
2262
16
-444
2741
4712
4905
1395
-1320
-1371
232
3339
3106
664
-1886
-1742
742
442
-41
-361
-689
-12
-694
-1463
-1636
-314
971
-196
-1622
-1577
-254
377
121
-217
-198
-360
-1245
-240
1449
1139
-183
-1695
-843
1408
1782
1259
-1233
-2645
139
1701
969
157
-971
-2807
-2134
1151
1759
-615
-3638
-3830
-1574
740
779
-2253
-4989
-3830
139
-493
-1628
-2468
-3887
-2222
-1257
-849
-2321
-2328
-2225
-2866
-974
272
-1361
-5150
-2315
1576
761
-3358
-6714
-1444
4796
5161
-1826
-7422
-5093
1501
7954
5339
-1563
-3527
-1226
2699
5385
4052
1971
2852
1617
628
2548
3717
6230
4575
-443
11
2943
5610
4661
797
-497
1377
3712
3405
1430
-878
-962
974
2204
2505
782
-1537
-2189
-929
900
1517
556
-1335
-2512
-2041
-23
874
-152
-643
-1198
-797
-553
-1142
119
398
582
-10
-2454
-902
995
1308
1508
-646
-1166
52
1219
1393
499
-76
-580
276
574
12
-840
-417
858
421
-1403
-2857
-1020
-667
-1009
-1258
-2516
-1760
-2725
-1173
-450
-3917
-2327
-1359
-1521
-788
-3077
-3433
-2265
-395
-142
-1896
-2921
-4121
-2041
411
-100
-1392
-4292
-7704
-2135
5736
5860
419
-9446
-7569
2283
8692
7897
-2623
-6602
-3520
4006
8934
4238
-140
-1432
2130
4878
4679
4261
1233
1624
2939
3675
6021
4088
1123
-462
222
3937
5770
3795
-280
-1929
-654
2148
3779
1920
-492
-1594
-541
871
412
-460
-650
-503
-420
-831
-1527
-439
355
-816
-1031
-1278
-209
152
-1426
-311
627
919
37
-1546
-533
929
1853
1272
-317
-1282
-428
1362
1329
841
43
-283
353
348
192
-882
-702
379
469
-457
-2286
-1643
-1461
-1534
-1148
-1757
-501
-1586
-2555
-2903
-3690
73
52
-1855
-2760
-4990
-2709
-1584
-91
552
-2912
-4081
-5362
-1825
1959
3
-1703
-6757
-6852
1226
4871
4575
-1772
-9160
-5366
2397
8397
6116
-2129
-4662
-2446
3361
5588
4447
2609
415
1429
1092
3169
5150
4106
3256
355
1208
4289
4700
3541
383
-242
2595
4432
3732
828
-1341
-526
1857
2842
1983
543
-920
-1373
-1215
-216
1087
788
-228
-1360
-2257
-1372
451
980
5
-1256
-1526
-1152
-576
441
902
723
74
-1450
-1654
725
2519
1765
-210
-1672
-907
1237
1587
297
-308
23
605
642
-288
-1205
-1088
220
951
-80
-1423
-2049
-1562
-701
-885
-1590
-2098
-2063
-837
-1426
-3850
-3372
-1594
551
777
-3141
-5262
-4855
-1321
2611
444
-3279
-6468
-5703
524
2168
-193
-4137
-7292
-2571
2616
5033
2380
-6617
-7349
-745
6216
8406
770
-5822
-4573
1622
6706
6048
1797
-645
766
2241
3794
4431
3341
2908
1203
998
3434
4772
4099
894
-968
1222
4968
5234
1601
-1687
-2062
1529
3791
2908
657
-1684
-1533
-548
619
1347
914
-160
-1711
-2179
-1092
719
1197
-142
-1579
-1678
51
526
-184
-316
-170
932
522
-810
-1223
-550
1515
1993
38
-1422
-657
265
1128
1028
-117
-64
-275
-213
-71
-236
-432
-386
-105
-1198
-1805
-804
-625
-1647
-1616
-1636
-753
-1164
-3113
-2660
-3255
-1457
701
-579
-3141
-5350
-3447
-681
1168
-539
-3522
-4402
-3977
-128
757
-1248
-3567
-5434
-1560
3027
3749
-1015
-6626
-4816
1053
6399
4864
-892
-3657
-2266
2685
4434
3848
2358
1465
1174
263
2300
4002
5244
3805
158
235
2596
5055
4279
1055
-503
1147
3853
3581
1678
-577
-485
1739
1896
2035
715
-496
-42
-944
-324
855
1571
1237
-1582
-3399
-1730
1497
2315
245
-1917
-1993
-565
795
888
-126
-393
12
39
-161
11
449
682
557
322
396
433
53
-353
-44
924
1269
348
-1032
-1709
-717
705
434
-514
-1297
-1857
-1592
-1644
-1555
34
421
-1527
-3626
-4077
-1669
387
-355
-2278
-4036
-3034
-1157
-2242
-2075
-1683
-2230
-1450
-3038
-1898
-1308
-3002
-2742
-3466
729
2321
355
-2273
-6822
-2643
3298
6110
3855
-3841
-4852
260
4802
5234
1780
-426
1313
3168
2838
3105
2279
2064
2992
1706
2818
3964
2723
1596
-36
1083
3788
4393
2331
-694
-1507
793
3487
2849
494
-1112
-944
613
678
180
237
146
-58
-930
-1395
-660
430
230
-279
-990
-1184
-14
-689
-441
217
673
1314
-407
-1393
-870
1291
2364
1475
3
-1022
218
605
897
738
512
1065
134
-654
-887
-337
1226
850
-517
-1558
-1813
-845
-495
-669
-1158
-1647
-1614
-2292
-2787
-1080
-1914
-1117
-3067
-3845
-1131
-273
-2040
-3892
-3953
-1833
743
-693
-3265
-4321
-3514
-1535
9
-1122
-1532
-1406
-392
-1546
-2915
-550
2482
3266
-57
-3111
-705
2451
3746
1482
1195
1290
3040
3091
1419
1198
1981
4150
3931
1700
1774
2284
3065
1970
944
1998
3088
3003
528
-950
-204
2379
3685
1640
-503
-1893
134
1686
678
247
-233
-121
-288
-922
-1337
-571
607
96
-633
-1264
-814
217
-373
-197
717
1136
398
-1513
-1153
1146
2669
1904
-290
-1078
-97
1212
1566
980
74
-352
-178
-5
-33
-30
482
648
-471
-1660
-1617
-871
21
-346
-1523
-1957
-1995
-2219
-1727
-1045
-1374
-1908
-2431
-2596
-2324
-1682
-1691
-2471
-3659
-2604
-2343
-493
-697
-2586
-3253
-3001
-3187
-2403
1333
1067
1433
-3058
-6975
-2051
3966
6495
2050
-4069
-4516
725
5601
4732
1155
-1090
1333
3487
2500
2293
2061
3441
3703
1282
1583
3056
3834
2556
511
786
3108
4003
1451
-767
-1268
1131
3531
2422
653
-1191
-1176
324
802
1298
856
-31
-654
-1403
-972
224
811
360
-619
-1665
-756
571
423
541
-264
-208
344
-510
-534
230
1237
1766
746
-749
-473
555
1168
1230
242
247
461
-158
-312
-478
86
970
100
-932
-1365
-1755
-875
-185
-617
-842
-1270
-1938
-2350
-2276
-1300
-800
-1377
-1785
-2132
-2357
-2314
-2172
-1869
-1935
-1983
-1560
-1972
-2681
-2963
-2414
-1964
-3179
-1852
15
1268
782
-4666
-5312
-895
4358
5960
1
-4170
-2921
1865
4655
3163
1447
960
2555
2241
1154
2113
3095
4523
3085
580
953
2609
3973
2618
872
900
2688
3337
1217
-420
-483
1795
2838
1641
46
-1067
-187
364
418
467
619
723
-464
-1843
-1880
28
1615
990
-861
-2103
-1162
-135
188
467
505
866
-237
-1421
-994
544
2417
2017
251
-1026
-764
668
1524
1450
1064
850
352
-315
-642
111
1256
1219
-79
-1312
-1474
-499
172
-711
-1121
-989
-1120
-1919
-3717
-2774
-724
286
-190
-2734
-4618
-3999
-997
423
-567
-2151
-4092
-3834
-1441
-1255
-279
-2199
-2518
-4867
-4264
1125
4181
2538
-5537
-8094
-3134
4986
7973
1517
-5483
-5322
612
6126
5166
1900
-402
660
1496
2098
3489
3570
3992
1506
-386
1752
4026
5368
2510
-794
-752
2441
4667
2873
-264
-1901
481
2460
2296
847
-1175
-254
254
-62
523
729
899
-611
-2361
-2407
-202
1945
858
-807
-2086
-1197
392
833
1023
420
389
-567
-939
-53
1203
2105
884
-261
-580
361
1301
1130
695
381
242
-176
-510
-151
733
672
332
-626
-893
-49
-468
-914
-1604
-1477
-523
82
-830
-3112
-3384
-2459
86
1428
-1437
-3868
-4869
-2908
440
576
-1455
-4045
-4512
-2888
404
955
-2236
-4450
-6367
-1611
4533
3800
-1421
-8563
-6419
1962
6828
5424
-2314
-6098
-2511
3791
6332
2472
-1143
-831
2338
3034
2192
2388
2194
2900
1417
965
2284
3008
3505
1559
616
1047
2715
3253
886
-524
165
2370
2793
1402
-281
-1007
271
931
878
678
257
115
-643
-1481
-1016
751
1131
66
-1299
-1959
182
849
345
40
-409
375
1
-358
-187
1040
1789
1072
110
-894
158
1000
1397
895
99
532
292
18
-405
32
917
641
-475
-1271
-1119
-508
-124
-533
-689
-969
-1234
-1730
-2081
-1693
-1342
-805
-1346
-1471
-2139
-3176
-1987
-2032
-1914
-1057
-1065
-2151
-3671
-3737
-1621
400
-710
-4146
-5026
-802
2512
3165
-2826
-6918
-3673
2502
5952
2887
-2856
-4046
-493
3547
3965
2614
883
971
1265
1144
2674
3424
3484
2067
-69
1004
3438
4247
2586
-181
-531
2363
4346
2961
-77
-1470
321
2576
2635
991
-417
-400
77
263
416
871
771
-424
-1572
-1660
304
1538
725
-905
-2215
-848
592
934
338
-701
-161
181
122
66
66
667
1135
505
-297
103
436
691
841
311
333
486
40
-159
-140
43
327
115
-229
-854
-1373
-1097
-810
-244
-262
-1751
-2111
-1425
-1039
-631
-958
-2082
-2915
-2198
-724
-1078
-2563
-2240
-2083
-1320
-797
-2210
-2690
-1889
-2483
-1748
-2063
-2151
1031
-373
-460
-4149
-4336
-58
3780
3695
-1059
-3870
-1510
2400
4601
1742
-97
5
2473
2622
855
1308
1992
3452
2548
986
1659
2190
2633
2192
1339
1451
2366
2175
1111
97
334
1876
2297
1289
167
-184
254
554
357
598
754
153
-450
-1219
-933
879
1383
311
-855
-1568
-620
575
273
-30
6
78
183
-432
-607
466
1259
919
-143
-703
-82
659
744
494
394
402
72
-109
-66
-51
252
330
-59
-651
-1148
-867
-292
-231
-25
-640
-1932
-2164
-2214
-1273
241
-245
-1878
-3125
-2545
-1175
-1172
-1469
-2648
-2643
-1245
-1253
-1461
-3305
-2589
-1697
-975
-1591
-3893
-430
757
1304
-2171
-5594
-2145
2361
4393
1246
-3412
-2777
354
3746
2636
1055
600
1263
2404
919
2009
1963
2728
2951
1401
1604
2171
2030
2232
1228
1406
2275
2359
1316
255
157
1424
2250
1181
330
-80
60
684
211
177
1025
1025
54
-1191
-1571
-14
1554
1267
-309
-1490
-987
337
977
634
-35
-286
-239
-228
35
645
1037
660
-207
-492
194
953
852
170
-79
268
380
-106
-482
-66
674
668
-331
-1320
-1405
-618
72
-79
-748
-1180
-1007
-1114
-1737
-2375
-1839
-226
582
-566
-2960
-4287
-3612
-757
1265
699
-2529
-5141
-3362
-605
1118
-846
-3186
-4858
-3855
1477
2023
1173
-3713
-6785
-1807
3109
5990
1576
-4188
-4409
944
5029
3845
600
-782
253
2664
2298
2313
1567
1813
2706
1617
1708
2433
2696
1908
669
923
2467
3388
1250
-347
-495
1242
3056
1967
310
-951
-473
716
920
710
322
317
18
-461
-602
127
1086
687
-143
-892
-543
375
187
246
288
771
929
-345
-880
-321
1173
1926
814
-528
-845
213
1133
991
237
32
166
-322
-245
-343
225
1026
-261
-1188
-1287
-705
-217
-273
-622
-1296
-1085
-1405
-1922
-1473
-986
321
-721
-3010
-3092
-2141
-288
-1563
-2111
-1961
-1751
-2421
-2582
-1857
-665
-1194
-1898
-3414
-3839
458
1970
1230
-4222
-6307
-2190
4052
5527
546
-4936
-4245
1345
5310
3190
227
-1216
1132
2956
1680
1747
1765
2479
2518
903
1491
2491
3006
1651
669
1268
2622
3085
923
-335
-324
1551
2788
1572
201
-948
-107
833
822
620
397
423
-373
-1199
-1035
510
1652
626
-1057
-1977
-528
1148
988
290
-638
-73
226
-342
-70
515
1545
1104
-326
-870
-163
1041
1128
415
22
303
355
-35
-623
-350
776
1143
-196
-1567
-1084
-120
336
-587
-1246
-1249
-776
-49
-1385
-2418
-2579
-893
783
-939
-2928
-3764
-1722
-590
-1090
-1340
-2537
-2785
-2465
-1880
-1355
-952
-1576
-3818
-4442
-230
2101
2238
-2718
-6542
-3552
2926
6220
1929
-3913
-4232
138
4243
4067
1048
-831
1152
2524
1900
2160
2235
2750
2213
754
1875
3218
3349
1821
-235
241
2419
3583
2201
-404
-1185
709
2634
2335
348
-956
-335
670
818
501
556
646
-242
-1489
-1205
805
2075
692
-1747
-2133
-215
1285
759
-382
-347
371
291
-495
-592
435
1424
1232
129
-596
-240
583
868
521
358
642
557
-316
-958
-368
886
1019
-181
-1182
-1234
-642
-352
-465
-602
-716
-854
-1001
-1539
-1887
-1603
-1128
-288
-1523
-2802
-2088
-1359
-752
-1569
-2842
-2346
-1808
-1657
-1773
-1657
-1758
-3185
-3244
-2651
1021
1557
263
-3623
-6773
-1675
3996
5282
647
-4538
-4189
1573
5316
2892
-646
-868
2198
4212
1656
484
1121
2956
3971
1904
767
1442
2561
2521
1343
947
1858
2642
1442
249
-230
701
2458
1445
137
-321
-214
844
268
-309
651
1300
15
-1822
-2051
200
2264
1016
-977
-2052
-811
970
937
552
-202
-222
-52
-346
-245
318
1117
1043
44
-623
-3
1006
1125
462
11
298
458
-28
-469
-180
533
749
101
-711
-1007
-705
-32
27
-622
-1058
-1423
-1301
-873
-1199
-1523
-1196
-847
-947
-1794
-3070
-2408
-936
-881
-1214
-1488
-2502
-2582
-2355
-1217
-595
-2037
-2947
-4786
-807
2015
2049
-1493
-6618
-4424
1298
5464
3658
-2537
-4981
-1488
3399
4858
1675
-115
-178
2663
2262
2063
2036
2237
2885
1390
986
2712
3282
2610
384
278
2212
3820
2273
-521
-832
990
3203
2173
-100
-1053
-403
1207
1012
627
449
253
-346
-1337
-977
450
1514
633
-1088
-1658
-725
707
440
-252
-272
234
672
-619
-1138
-75
1526
2065
106
-1344
-968
682
1753
975
-18
-213
93
-34
-391
-121
645
848
35
-977
-1357
-666
-156
-358
-399
-715
-1030
-1345
-1615
-1806
-1325
-262
-698
-1699
-1903
-2949
-2042
-770
-1109
-1145
-1816
-2358
-2925
-2056
-927
-461
-2637
-3840
-3887
213
1266
1150
-2633
-6098
-2775
2625
5462
1287
-4285
-4276
911
5073
3821
7
-1529
575
3612
2764
1647
1424
1819
2863
2044
1563
2286
2552
2237
920
817
2323
2878
1548
-161
-618
1126
2817
1691
-127
-791
-147
868
837
30
298
800
-348
-1192
-1546
214
2256
783
-1144
-2333
-1267
1273
1279
69
-470
-378
248
89
-700
99
1594
1536
81
-1044
-323
1062
1337
698
13
86
420
101
-479
-401
489
1146
572
-1029
-1370
-451
99
218
-858
-1353
-995
-346
-1135
-1761
-1459
-1646
-259
-1084
-1195
-1374
-2391
-3236
-2489
-992
359
-191
-2978
-4776
-3664
-112
1030
-758
-5129
-4433
-452
2514
1961
-4282
-5044
-1290
4165
4003
-140
-3552
-2125
1673
3724
2834
1397
554
1184
601
1554
3001
3348
2953
641
-5
2345
3791
3343
1007
-399
1189
3366
2930
777
-1037
-372
2006
2228
1017
-104
-771
-85
368
385
982
742
-605
-1561
-1347
200
1343
455
-1280
-1825
-518
948
680
-660
-1084
-10
1012
450
-789
-666
821
1698
817
-635
-642
654
1287
667
-106
141
851
373
-567
-230
800
1158
69
-1399
-1061
-129
-26
-220
-950
-1295
-651
-473
-1199
-2001
-1921
-740
16
-1098
-2388
-3066
-1709
-642
-1181
-1639
-2232
-1589
-1963
-2753
-2532
-1044
-897
-2401
-4751
-1882
1231
2541
-1056
-5868
-4203
996
5288
3249
-2369
-4142
-964
2728
4106
1742
672
657
1396
1021
1800
3043
3329
3100
1052
565
1756
3023
3293
1129
221
1477
3014
2357
230
-644
703
2195
1591
554
16
-141
-127
-403
198
1274
1242
-86
-1365
-1427
-231
1141
624
-550
-1170
-832
357
164
-3
107
321
450
-537
-573
263
1172
1281
238
-461
-275
549
1118
990
420
70
17
-68
-163
39
709
928
98
-1110
-1467
-621
365
273
-721
-1355
-1177
-1090
-1583
-1735
-1085
-348
-796
-2080
-2848
-2552
-988
-72
-1203
-2787
-2736
-1729
-1294
-1577
-1711
-1810
-2080
-3593
-2325
636
1337
890
-4225
-5345
-1047
3870
4745
131
-4434
-2868
1869
4460
2617
510
63
1522
2122
1551
2043
2625
3415
2265
63
1175
2809
3557
2319
-29
458
2496
3047
1370
-496
-200
1854
2412
897
-346
-740
483
1333
220
-371
86
321
-197
-1193
-967
626
1148
-67
-1529
-1459
153
1078
416
-523
-506
118
95
-489
-279
878
1508
606
-831
-1074
147
1458
1370
228
-286
178
350
-145
-332
267
917
675
-432
-1529
-1413
-329
249
-443
-1197
-1401
-947
-1080
-1639
-1542
-1155
-593
-1328
-2403
-2062
-1289
-890
-1071
-2205
-1606
-2002
-1479
-2194
-2092
-1780
-1020
-2318
-3562
-215
-129
567
-2381
-4768
-1470
2036
3332
1467
-3414
-2566
942
3917
2754
-105
-133
2433
3331
1197
677
1442
3014
3735
1539
847
1348
2536
2968
1765
1274
1874
1928
1132
510
401
1701
2543
1019
-373
-619
350
1499
780
-392
-371
299
454
-206
-1140
-508
790
392
-405
-1640
-1097
689
477
214
-440
-483
439
-94
-486
308
1099
1260
281
-932
-418
917
1404
813
-170
-316
31
124
57
268
758
732
-257
-1313
-1258
-355
412
257
-566
-1407
-1565
-1222
-956
-981
-1033
-713
-1376
-2211
-2612
-1623
-697
-1149
-1710
-2170
-2436
-1912
-1895
-1345
-1423
-2142
-2511
-3217
432
558
606
-3394
-5179
-847
3401
4011
416
-4038
-2857
1387
4287
2919
649
-367
1226
2350
1481
1848
2164
2925
2509
678
999
2066
2881
2287
980
655
1754
2294
1017
276
129
1065
2105
812
-204
-446
-36
793
361
94
1
-97
-279
-822
-616
150
623
235
-705
-1250
-753
174
605
379
-115
-286
-274
-246
-11
540
1012
786
14
-448
-110
624
1113
1017
494
-53
-317
-91
500
845
546
-30
-486
-663
-486
-88
30
-372
-768
-913
-1118
-1270
-1089
-1004
-1034
-1204
-1531
-1634
-1779
-1492
-1269
-1550
-1593
-1690
-2136
-2033
-2038
-1312
-1265
-1586
-2573
-3771
-370
1099
1243
-2417
-5260
-2353
2308
4826
1722
-3341
-3667
673
3678
3561
959
108
1087
1842
1132
1735
2755
3256
2884
649
447
2012
3150
2936
832
603
1783
2307
1339
-270
-160
1280
2243
1604
40
-906
-492
507
1028
802
75
-462
-724
-767
-564
-186
199
248
-197
-821
-1005
-555
157
642
688
285
-385
-859
-553
670
1822
1561
137
-739
-276
721
1357
1317
728
138
-30
9
162
667
1078
612
-467
-1096
-825
-151
113
-266
-762
-985
-1030
-1075
-1297
-1476
-1128
-768
-895
-1695
-2473
-2042
-1506
-1445
-1421
-1291
-1419
-2308
-2681
-1855
-1787
-1135
-2364
-2728
26
455
442
-2890
-4907
-1484
3538
4301
652
-4130
-3500
1236
4447
3247
667
-476
1101
2155
1455
1775
2023
2504
2512
830
992
1954
2423
2038
1009
1072
1999
2279
828
-471
-144
1456
2634
1393
-691
-1448
-426
954
1154
528
-150
-503
-788
-677
-98
533
593
-582
-1233
-1045
-89
764
114
-176
-282
140
308
-549
-494
127
1077
1071
-6
-501
-92
825
1168
820
381
246
118
-53
13
380
912
814
-97
-1034
-1041
-331
175
-10
-643
-1076
-898
-596
-1033
-1590
-1351
-637
-934
-1503
-1960
-1892
-1382
-1476
-1565
-1269
-1085
-1481
-2431
-2217
-1585
-1585
-1774
-3352
-591
764
746
-1790
-5058
-3067
1909
4404
2690
-2447
-4155
-587
3292
4183
1139
-35
387
2324
1977
1515
2009
2428
2597
1033
538
2265
2602
2151
538
7
1937
2926
1757
-152
-888
336
2197
2183
432
-876
-1242
-156
947
860
320
-283
-846
-1078
-589
518
1074
112
-1314
-1487
-290
577
68
-615
-252
627
646
-316
-883
-166
1015
1277
442
-335
-157
560
876
681
645
897
709
-133
-549
237
1334
1185
-266
-1372
-1032
38
432
11
-683
-1122
-1151
-874
-685
-1002
-1310
-1418
-1253
-1286
-1254
-1315
-1757
-1784
-1664
-1225
-1451
-1610
-1759
-2349
-1824
-1310
-1029
-2858
-2592
-291
1278
1037
-4015
-4988
-536
3796
4019
-475
-4651
-2317
1962
4632
2524
-67
-519
1380
2423
1525
1865
2100
2495
1914
586
1345
2146
2636
1643
501
1139
2232
1921
342
-632
76
2093
2259
296
-815
-782
-88
837
785
85
-89
-234
-697
-1107
-753
488
1139
337
-1031
-1505
-645
409
593
247
81
11
-382
-763
-337
859
1717
1152
-324
-906
-24
1009
1274
981
480
51
-24
105
206
496
848
629
-279
-1106
-1022
-125
451
-85
-972
-1204
-930
-894
-959
-1248
-1466
-903
-767
-1475
-2044
-1772
-1402
-1262
-1146
-1345
-1567
-1510
-2534
-1841
-1130
-1506
-1352
-2739
-1093
303
913
-1375
-4211
-2315
1870
3500
1610
-2718
-2957
512
3448
3065
673
-564
799
2605
1598
718
1711
2615
2961
1098
235
1438
2418
2635
1157
494
1429
2012
1373
-105
-295
1001
2000
1356
-193
-965
-295
669
708
187
-159
-71
-155
-634
-762
-56
754
476
-733
-1359
-557
540
506
-310
-457
265
552
-176
-755
-91
1122
1367
424
-452
-264
583
1056
862
517
470
442
74
-271
122
1028
1199
152
-1071
-1097
-183
305
-173
-798
-786
-650
-989
-1360
-1405
-1025
-810
-778
-1466
-1988
-1900
-1291
-800
-1413
-1615
-1743
-1572
-1757
-1407
-1549
-1051
-1864
-2065
-3000
-1064
1340
1260
-633
-5170
-3349
1496
4618
2121
-2194
-3877
-369
3197
3741
808
-1113
212
2711
2382
1051
494
1557
3097
2507
709
854
1595
1903
1573
915
1575
2205
914
-307
-512
675
2491
1975
-275
-1283
-600
709
1049
241
-201
95
136
-669
-1312
-461
1024
1193
-273
-1703
-1410
95
908
414
-309
-328
-45
-181
-422
60
1029
1283
380
-675
-581
532
1310
1114
500
181
244
221
105
207
601
976
399
-587
-620
-130
170
-23
-862
-771
334
110
-1153
-2064
-1683
83
1107
-316
-2553
-2804
-1468
-31
-172
-1767
-2367
-2092
-1309
-1007
-1751
-2101
-2052
-1034
-1931
-3313
-657
831
452
-1770
-4563
-2489
1349
3404
1374
-2333
-2963
-298
2786
2449
628
-57
1213
2167
1016
926
2042
2614
2415
1251
517
1734
2717
2131
851
260
1864
2801
1359
12
-279
977
2379
1379
-63
-283
27
817
746
32
283
408
-257
-877
-701
493
1103
114
-1100
-1168
-181
457
-8
-447
-65
404
89
-666
-676
341
1290
1025
-177
-806
-160
752
858
356
106
303
396
40
-322
-73
525
606
-116
-805
-736
-174
-24
-543
-1012
-882
-457
-574
-1192
-1512
-1082
-825
-961
-1154
-1635
-1604
-1570
-1534
-1316
-1301
-1437
-2137
-1700
-1430
-2111
-1954
-2796
-2175
567
1199
-323
-3818
-5062
-733
3699
3875
-156
-4346
-3269
1990
4566
2602
-239
-964
1349
2798
1737
1203
1556
2326
2368
1096
1107
2072
2183
1771
598
761
2579
2357
534
-809
-383
2141
3087
963
-1047
-1311
107
1615
1044
-256
-620
-178
-9
-515
-826
-216
673
157
-675
-1266
-808
213
97
295
-58
-132
-41
-665
-326
333
1329
1247
-171
-826
-158
1125
1388
672
159
259
349
283
343
554
721
515
134
-423
-698
-229
225
-8
-644
-821
-620
-952
-1218
-1126
-1070
-596
-735
-1842
-1889
-1270
-1116
-1097
-1954
-2182
-1086
-848
-1955
-3120
-2344
-303
-168
-2954
-3717
-1116
1290
1585
-2692
-5227
-1473
2879
3742
154
-3516
-2495
1603
3741
2441
-33
-554
1510
2233
1505
1344
1777
2788
2180
365
818
2419
2861
1933
198
458
2330
2372
850
-434
-136
1600
2175
767
-745
-820
339
964
327
-359
-224
246
-33
-922
-1011
-8
768
249
-965
-1345
-515
377
370
-168
-314
-14
44
-237
-194
446
963
610
-207
-417
270
1019
975
367
72
336
622
442
68
173
636
729
146
-629
-714
-218
104
-95
-733
-1010
-828
-929
-1057
-1161
-1213
-789
-995
-1432
-1522
-2046
-1558
-905
-1479
-1542
-1677
-2298
-1750
-1526
-1562
-1459
-2660
-1924
-211
560
59
-3108
-3655
-566
2725
3286
-426
-3508
-1944
2014
3644
2198
-126
-161
1827
2145
1433
1313
1964
2705
2090
796
794
1969
2596
1771
499
914
2184
1868
469
-438
175
1995
2160
188
-1049
-831
281
1284
576
-568
-394
147
58
-593
-967
-313
563
462
-583
-1341
-881
110
560
353
-28
-210
-305
-368
-19
748
1184
673
-331
-688
57
1124
1435
839
115
-78
159
389
508
642
698
474
-136
-695
-639
-156
217
-94
-824
-1133
-937
-796
-1185
-1638
-1147
-386
-582
-1388
-2565
-2405
-1074
-762
-861
-1628
-2484
-2181
-1349
-1194
-1466
-2437
-3030
-743
660
579
-1203
-4481
-2834
1490
3588
2138
-2013
-3412
-621
2401
3249
1843
-48
357
1482
1299
1464
2100
2415
2257
1148
581
1610
2170
1912
1384
834
1548
1929
819
-9
-83
1067
2262
1119
-462
-799
-337
792
927
71
-180
-428
-624
-268
16
89
-243
-794
-766
-296
7
-228
-712
-629
36
551
326
-450
-738
-42
883
1060
419
-179
-70
483
860
871
776
688
413
3
-72
450
1086
1014
171
-604
-575
25
359
15
-628
-924
-807
-675
-902
-1129
-1118
-1032
-963
-1201
-1561
-1793
-1643
-1295
-1094
-1360
-1614
-1669
-1825
-1464
-1677
-1845
-2100
-2067
-276
494
-116
-2403
-3805
-1137
2084
2975
683
-2302
-2460
422
3058
2837
961
-156
923
1909
1561
1462
1823
2313
2151
1212
1105
1769
2023
1815
1033
858
1764
1909
979
-190
-347
1127
2005
1115
-110
-764
-470
341
591
359
67
-294
-673
-931
-658
186
640
49
-860
-952
-209
181
-196
-368
-53
337
351
-456
-847
125
1131
1330
504
-659
-401
622
1086
1052
481
292
495
59
-75
446
966
1127
139
-942
-725
-198
143
103
-495
-785
-784
-974
-1195
-1275
-1120
-602
-630
-1496
-2097
-1964
-1176
-882
-1340
-1735
-1767
-1565
-1528
-1635
-2127
-1800
-2205
-962
595
-60
-1013
-3654
-2895
642
3378
2246
-1000
-3388
-1126
2187
3393
2155
380
57
1383
1607
1710
2040
1978
2249
1828
794
1197
1991
2011
1341
791
1358
2057
1481
184
-585
205
1729
1916
375
-1171
-1076
252
1005
520
-300
-563
-450
-620
-836
-396
411
452
-629
-1635
-1269
34
670
26
-830
-777
-85
260
21
-159
133
512
443
26
-149
203
703
818
562
403
516
545
271
151
583
1070
830
-89
-744
-478
170
374
52
-487
-780
-774
-758
-857
-1098
-1017
-745
-978
-1511
-1930
-1878
-1033
-757
-1438
-1925
-2273
-1630
-1095
-1423
-1349
-2612
-2955
-688
697
712
-1609
-4220
-2151
1713
3137
1429
-2103
-2630
436
2681
2674
1216
101
1033
2015
1383
1357
1945
2468
2642
1106
521
1480
2098
2231
1211
761
1567
1788
1007
20
-93
1006
1871
1019
-285
-723
-303
506
486
-75
-122
-209
-557
-865
-885
9
615
-101
-1050
-1398
-517
600
258
-548
-750
-315
353
81
-385
-31
497
892
560
-104
102
420
548
743
645
641
464
-16
51
384
812
1114
377
-519
-643
-337
177
254
-307
-792
-815
-806
-939
-1174
-1007
-666
-967
-1378
-1865
-1866
-1275
-868
-1247
-1775
-1757
-1937
-1507
-1647
-1836
-1753
-2227
-907
169
-4
-1353
-3588
-2631
1047
3279
2139
-1355
-3346
-756
2797
3398
1559
-451
530
2292
1846
1226
1360
2021
2707
1919
869
1193
1797
1882
1429
1074
1515
1843
1161
-54
-412
699
1852
1529
67
-1018
-731
218
536
120
-224
-150
-207
-781
-1216
-723
312
614
-315
-1416
-1406
-418
311
121
-358
-397
-220
-365
-591
-220
591
868
240
-438
-260
526
977
751
368
323
455
393
212
330
758
938
495
-233
-502
-181
144
-11
-407
-522
-341
-394
-960
-1369
-1187
-513
-400
-1299
-2036
-2013
-1278
-889
-1232
-1626
-1719
-1562
-1448
-1416
-1928
-1797
-2379
-1141
624
236
-656
-3481
-3039
247
3093
2388
-548
-3159
-1355
1919
3286
2205
768
488
1561
1477
1129
1817
2777
2926
1589
263
997
2371
2698
1695
584
904
1823
1623
514
-373
108
1495
1688
316
-924
-1057
-144
592
187
-201
-207
-613
-1020
-1133
-570
514
413
-746
-1575
-1507
-318
508
70
-481
-733
-444
9
-213
-153
460
725
484
-236
-443
398
1029
916
393
52
369
595
394
355
593
917
671
-184
-507
-175
150
250
-49
-608
-719
-664
-951
-1049
-833
-708
-927
-1321
-1827
-1750
-1266
-1016
-1131
-1853
-2013
-1772
-1083
-1005
-1975
-2550
-2540
-438
1077
356
-1832
-4189
-2403
1569
3483
1752
-1898
-2914
-353
2588
3048
1561
222
701
1778
1595
1269
1706
2341
2467
1625
823
1222
1829
1937
1564
1015
1297
1583
976
276
-33
612
1568
1157
1
-767
-769
83
454
-7
-220
-265
-500
-925
-1142
-484
326
29
-1032
-1467
-685
224
61
-712
-908
-277
287
11
-593
-536
260
876
581
-181
-377
227
836
789
421
404
669
617
186
71
647
1206
822
-230
-752
-200
556
438
-349
-746
-433
-352
-918
-1430
-1095
-269
-214
-1206
-2280
-2192
-1154
-350
-838
-1883
-2206
-1708
-1085
-1361
-1761
-2531
-1852
172
397
-249
-2524
-3441
-663
2070
2753
467
-2308
-2039
807
2679
2415
1246
665
1489
1445
964
1552
2282
2891
2381
883
672
1535
2118
2108
1300
1020
1532
1295
406
-197
282
1468
1514
171
-950
-872
-45
403
112
-339
-488
-447
-709
-1152
-957
-86
433
-130
-1269
-1749
-1004
96
348
-253
-821
-795
-462
-252
-9
363
588
339
-342
-531
150
922
1238
692
-150
-30
524
749
700
265
320
792
443
-106
-288
-127
342
198
-488
-621
-417
-498
-971
-1351
-897
-396
-472
-1537
-2524
-1937
-865
-378
-1105
-2032
-2336
-1567
-854
-1357
-1988
-2750
-1147
924
654
-859
-3596
-3252
599
3275
2670
-703
-3161
-1561
2052
3349
2135
582
381
1340
1587
1348
1712
2305
2566
1965
844
960
1850
1981
1480
893
1276
1966
1195
-112
-506
410
1766
1443
-76
-969
-966
-95
504
155
-169
-475
-783
-974
-1266
-709
411
419
-624
-1649
-1646
-438
502
272
-391
-669
-468
-287
-328
-102
420
690
448
-222
-570
75
959
1193
738
5
-117
320
455
386
387
545
694
248
-368
-424
-117
251
211
-301
-496
-585
-838
-1028
-1082
-745
-429
-725
-1580
-2116
-1776
-843
-555
-1163
-1957
-2274
-1333
-943
-1306
-2337
-2391
129
1200
341
-2259
-4022
-1249
2505
3447
830
-2212
-2159
723
2850
2331
962
374
1240
1566
956
1318
2125
2560
2130
871
687
1711
2127
1763
1027
856
1558
1586
645
-270
-122
1173
1728
690
-554
-913
-303
412
305
-176
-356
-414
-717
-1124
-979
-193
260
-234
-1126
-1476
-827
76
116
-449
-758
-650
-327
-182
-220
30
333
163
-226
-282
175
696
723
374
144
235
423
413
301
306
445
548
378
28
-231
-217
-46
0
-134
-305
-496
-725
-949
-1060
-791
-538
-532
-1061
-1855
-1833
-1337
-726
-619
-1373
-2037
-1771
-1148
-916
-1280
-2387
-1539
427
532
-392
-2612
-3148
208
2918
2312
-637
-2734
-1139
2146
3145
1518
71
508
2041
2083
1042
996
1639
2672
2384
1118
918
1451
1955
1466
1015
1439
1744
1181
-106
-526
644
1913
1566
12
-1125
-911
146
648
130
-572
-609
-403
-591
-838
-636
-209
-132
-551
-1065
-1081
-532
3
-93
-506
-553
-332
-251
-384
-311
78
404
202
-254
-340
110
654
584
452
143
-23
268
371
642
491
354
302
23
45
-42
-61
-84
-90
-148
-152
-411
-916
-1026
-924
-302
-237
-946
-1664
-1865
-1118
-578
-734
-1319
-1845
-1631
-977
-935
-1236
-2141
-2128
96
996
228
-1983
-3610
-1139
2182
3114
859
-2262
-2144
789
2862
2338
728
85
1159
1825
1261
1346
1943
2301
2107
1019
655
1587
1992
1613
910
792
1723
1662
495
-198
-58
1128
1777
654
-519
-893
-538
288
359
-198
-511
-630
-678
-784
-699
-244
-63
-417
-929
-1152
-812
-271
-35
-127
-342
-501
-567
-515
-249
133
347
173
-288
-509
-76
563
754
531
213
70
105
205
376
475
474
411
28
-315
-76
192
189
-57
-414
-398
-309
-613
-964
-890
-578
-224
-482
-1347
-1755
-1626
-915
-438
-834
-1372
-1776
-1511
-980
-790
-1326
-2166
-1056
499
663
-530
-2816
-2452
511
2636
2266
-516
-2379
-1103
1735
2944
1837
345
357
1389
1517
1253
1409
1927
2289
1746
898
990
1536
1602
1301
853
1243
1656
969
101
-200
645
1633
1288
-13
-968
-716
171
532
140
-342
-539
-623
-842
-951
-537
53
95
-569
-1274
-1270
-595
2
58
-260
-566
-608
-548
-387
61
394
375
20
-541
-506
143
673
833
465
-61
-63
99
257
491
429
474
267
-204
-248
-157
185
260
-132
-506
-679
-658
-673
-674
-719
-587
-583
-897
-1329
-1392
-1119
-773
-528
-1119
-1467
-1396
-1068
-807
-966
-1472
-1961
-496
663
459
-928
-2887
-1551
1149
2290
1277
-1179
-1762
113
1976
2201
1119
192
794
1601
1334
1156
1470
1880
1915
1185
739
1345
1731
1408
876
668
1327
1564
640
-194
-267
654
1530
857
-257
-669
-493
195
446
40
-266
-528
-693
-752
-806
-382
162
-80
-864
-1225
-789
-222
-120
-242
-318
-388
-502
-552
-335
85
333
222
-126
-409
-270
279
726
662
265
-21
72
253
337
356
322
347
82
-235
-216
-65
68
182
-180
-600
-451
-552
-377
-470
-731
-570
-711
-856
-1331
-1071
-827
-796
-836
-1467
-1300
-1174
-785
-809
-1176
-1635
-1874
-76
833
296
-1260
-2946
-1287
1665
2527
1082
-1606
-2154
590
2544
2221
964
-79
624
1581
1325
1191
1569
1904
1562
717
585
1459
2036
1376
538
441
1268
1545
675
-66
-268
750
1354
632
-256
-727
-176
252
168
-77
-347
-396
-594
-789
-631
-214
-76
-412
-904
-960
-437
-56
-200
-453
-326
-102
-205
-468
-500
-134
338
397
-37
-401
-280
178
573
579
242
-13
61
205
222
297
459
381
12
-251
-165
67
198
123
-119
-335
-421
-511
-628
-575
-435
-421
-686
-1061
-1205
-978
-561
-593
-1061
-1366
-1282
-1034
-723
-750
-1264
-1727
-1627
-265
739
282
-1299
-2730
-1315
1223
2387
1196
-1334
-1509
447
1786
1761
1110
417
662
1150
1049
1373
1629
1507
1352
1028
790
1310
1602
1229
916
603
1094
1225
574
152
20
697
1116
683
-47
-484
-185
255
260
-39
-247
-409
-473
-521
-516
-95
63
-460
-838
-742
-411
-85
-338
-692
-389
-73
-167
-427
-571
-277
188
249
-77
-369
-241
188
432
318
75
36
198
249
145
155
317
405
218
-79
-172
-8
198
154
-100
-342
-407
-468
-549
-509
-425
-373
-523
-767
-1025
-1001
-767
-528
-732
-1214
-1057
-947
-699
-794
-1115
-1329
-1440
-254
334
242
-810
-2218
-1211
569
1773
1287
-594
-1350
-279
1176
1726
1406
667
572
715
776
1253
1770
1755
1283
553
290
1272
1774
1456
808
266
765
1109
935
497
161
451
728
545
132
16
-84
-128
51
-17
67
-77
-572
-695
-602
-75
208
-332
-834
-810
-425
-99
-191
-579
-472
-230
-189
-394
-614
-147
220
182
-198
-389
-138
217
386
102
136
122
57
59
-81
132
463
571
141
-341
-378
40
357
258
-99
-528
-396
-274
-305
-406
-495
-412
-524
-711
-906
-839
-723
-639
-762
-987
-995
-1023
-787
-755
-838
-1113
-1254
-319
271
54
-867
-1913
-1058
765
1566
867
-822
-1425
-79
1524
1870
1194
254
100
604
901
1415
1663
1490
1111
498
463
1129
1620
1350
797
447
771
1034
737
384
96
456
808
604
62
-240
-142
-2
236
89
22
-95
-468
-588
-533
-117
113
-136
-568
-818
-538
-124
31
-195
-457
-515
-434
-242
-185
-32
57
-93
-184
-278
-6
263
236
87
-139
8
191
127
9
-18
122
309
239
-69
-133
-11
83
73
-31
-227
-244
-208
-421
-333
-235
-287
-400
-790
-917
-664
-439
-275
-635
-1139
-1134
-805
-370
-474
-936
-1222
-1362
-764
453
214
-611
-1687
-1594
-106
1152
1076
-92
-953
-792
694
1460
1416
729
293
596
770
919
1205
1392
1232
842
601
693
1142
1218
938
591
470
927
932
502
256
117
438
623
307
-95
-281
-197
85
153
-103
-281
-451
-453
-471
-398
-74
-84
-391
-562
-394
-135
0
-156
-274
-149
-68
-90
-306
-232
100
239
82
-253
-214
151
348
205
38
20
91
232
216
100
110
212
212
37
-111
-36
119
57
-179
-320
-227
-101
-241
-508
-536
-351
-254
-495
-852
-814
-565
-444
-638
-962
-967
-713
-685
-699
-824
-889
-903
-1118
-1131
-870
107
225
-455
-1549
-1432
86
1373
1241
-239
-1037
-388
1011
1610
1172
492
447
857
1085
1157
1185
1168
1131
890
969
1127
1361
918
585
486
848
1144
827
108
-121
199
714
613
-24
-487
-455
-132
67
13
-254
-478
-506
-646
-514
-185
-10
-144
-567
-699
-404
-28
58
-142
-239
-193
-133
-80
8
149
336
325
38
-29
249
481
488
283
131
212
280
173
117
157
220
188
-70
-223
-197
-21
-21
-283
-386
-346
-230
-401
-574
-545
-432
-291
-513
-785
-983
-782
-404
-416
-694
-960
-979
-755
-462
-545
-858
-980
-910
-625
-667
-776
-522
-280
-38
-466
-727
-509
423
840
689
-34
-262
386
1034
1281
975
757
777
916
1014
1005
1178
1305
1325
889
540
664
996
1157
821
536
466
521
505
214
102
169
252
126
-216
-331
-307
-152
-14
-127
-321
-457
-419
-344
-249
-145
-48
-124
-279
-268
-130
152
157
-39
-138
-80
188
278
215
188
238
316
270
122
127
331
346
210
107
30
67
113
75
47
13
-64
-190
-333
-341
-288
-283
-366
-602
-728
-705
-676
-576
-575
-749
-846
-896
-862
-632
-601
-738
-853
-862
-751
-688
-741
-858
-759
-726
-675
-778
-886
-560
-296
15
-209
-553
-430
111
871
852
425
-13
244
855
1253
1359
991
991
877
883
1124
1265
1447
1181
776
578
785
1058
1060
836
542
509
471
322
177
112
137
148
11
-227
-362
-329
-200
-207
-267
-181
-159
-228
-282
-321
-134
158
163
-12
-186
-154
129
239
176
130
80
148
166
114
283
424
365
205
-11
41
321
435
310
18
-161
-70
1
-48
-116
-208
-301
-443
-602
-595
-450
-372
-487
-727
-845
-744
-614
-581
-642
-720
-693
-649
-803
-798
-702
-594
-543
-751
-930
-849
-625
-466
-497
-725
-702
-790
-358
-269
-103
-157
-353
-231
51
629
768
674
202
182
588
1081
1353
1056
790
749
866
1183
1178
1221
1061
913
794
677
806
769
836
649
478
380
238
258
135
159
68
-25
-121
-342
-242
-235
-133
-129
-299
-214
-272
-76
-164
-63
-41
77
26
-15
-75
50
158
110
109
131
196
269
141
113
267
427
412
186
-45
8
243
334
184
-94
-216
-164
-140
-123
-248
-294
-418
-598
-657
-615
-354
-449
-683
-930
-932
-530
-429
-539
-849
-892
-629
-487
-554
-743
-746
-672
-587
-685
-729
-638
-509
-414
-624
-626
-542
-417
-185
-362
-340
-191
-84
148
138
346
510
547
443
321
526
830
1148
948
829
708
797
1168
1033
1016
804
765
779
707
785
736
783
607
486
291
303
404
290
182
1
53
25
77
-87
-221
-52
-65
-49
-178
-151
-26
89
89
-37
12
91
251
158
44
82
110
295
317
224
210
200
228
209
176
225
178
94
44
-57
28
115
-68
-198
-290
-295
-258
-401
-493
-619
-638
-551
-573
-626
-745
-702
-576
-488
-557
-779
-791
-677
-480
-413
-602
-704
-688
-591
-463
-515
-578
-519
-498
-465
-452
-504
-461
-396
-272
-195
-296
-254
-175
37
301
313
309
222
258
473
612
660
729
731
651
690
649
825
1000
903
771
579
606
702
731
649
528
444
459
479
295
290
286
240
149
1
-4
38
112
53
5
-30
-33
-14
4
98
45
65
75
76
172
212
215
102
45
92
220
333
262
131
80
156
221
168
55
-4
23
40
-35
-160
-168
-96
-142
-308
-479
-504
-453
-451
-491
-593
-614
-593
-636
-626
-574
-485
-461
-589
-708
-686
-488
-363
-386
-521
-614
-492
-437
-401
-450
-455
-402
-447
-463
-551
-439
-362
-344
-320
-327
-279
-387
-283
-64
206
310
117
-19
-6
361
665
676
392
221
493
736
873
765
672
784
751
710
652
676
758
683
569
409
464
576
577
444
255
223
197
170
169
137
205
187
99
40
-22
103
97
286
109
159
29
117
257
328
350
75
119
60
348
394
324
171
62
120
167
159
95
46
-1
-65
-89
-197
-122
-83
-221
-368
-506
-425
-423
-484
-530
-614
-530
-556
-613
-646
-510
-351
-398
-490
-667
-554
-277
-267
-396
-519
-531
-398
-284
-371
-461
-464
-435
-369
-417
-463
-342
-251
-304
-416
-398
-252
-94
-162
-349
-319
-60
264
150
-148
-109
135
521
611
310
130
248
539
765
780
629
520
457
442
618
725
756
630
394
400
447
615
710
550
336
209
238
300
292
194
241
159
96
71
23
247
222
158
16
-7
273
387
331
88
26
131
384
383
157
29
-133
62
201
217
163
-44
-190
-197
-47
41
86
-110
-271
-312
-322
-155
-240
-421
-516
-531
-410
-391
-488
-548
-516
-416
-319
-353
-423
-425
-400
-332
-271
-294
-371
-397
-362
-304
-268
-334
-415
-397
-353
-315
-271
-296
-357
-372
-345
-289
-251
-281
-304
-284
-267
-275
-243
-123
-11
32
-32
-128
-33
215
384
415
303
188
329
534
605
583
512
436
402
455
529
661
640
502
399
354
541
608
528
379
244
328
410
386
206
130
225
322
285
164
124
185
364
341
291
230
145
256
237
204
228
202
132
39
19
113
191
127
14
-128
-130
-64
-31
-33
-105
-195
-283
-256
-325
-341
-337
-484
-467
-505
-501
-437
-495
-338
-260
-305
-272
-401
-460
-368
-320
-204
-172
-420
-347
-133
-309
-307
-312
-256
-187
-353
-377
-334
-142
-144
-302
-355
-335
-253
-252
-177
-275
-370
-337
-247
-134
-285
-275
-102
-92
-57
-32
-25
100
139
168
254
325
415
238
188
350
394
559
548
359
328
407
506
543
608
527
364
380
453
559
496
438
361
180
215
269
452
512
281
164
129
291
489
423
200
45
67
266
380
272
171
59
15
30
55
139
146
29
-67
-75
-43
62
29
-63
-170
-322
-249
-194
-191
-234
-367
-372
-372
-370
-341
-335
-295
-230
-201
-230
-278
-302
-314
-277
-205
-189
-200
-252
-318
-327
-271
-158
-154
-240
-340
-379
-292
-195
-117
-187
-334
-322
-307
-238
-180
-269
-324
-355
-319
-282
-253
-194
-146
-166
-256
-231
-153
-5
74
32
36
29
83
156
205
203
237
262
261
283
306
389
355
409
430
388
441
382
399
388
396
430
414
383
380
429
405
404
358
379
412
427
379
191
187
271
388
380
245
49
44
214
130
109
58
25
1
-44
41
-3
39
25
-89
-118
-59
31
-27
-125
-235
-229
-138
-149
-196
-281
-310
-246
-195
-149
-143
-169
-160
-193
-222
-219
-181
-137
-230
-304
-270
-209
-172
-212
-261
-311
-327
-297
-277
-247
-215
-241
-286
-289
-307
-235
-179
-254
-327
-314
-281
-264
-215
-294
-265
-180
-214
-200
-202
-101
-27
-39
-57
-80
-33
72
133
55
57
62
98
165
141
164
155
228
253
168
197
303
346
292
287
312
350
368
314
256
276
383
426
333
222
257
337
397
385
301
274
239
243
225
196
228
224
238
217
174
151
148
163
146
102
67
70
94
107
72
21
22
41
14
-15
-31
-69
-94
-132
-138
-135
-126
-50
-72
-117
-146
-216
-159
-115
-137
-169
-277
-306
-249
-206
-209
-275
-298
-265
-232
-261
-324
-334
-263
-175
-159
-195
-272
-304
-256
-259
-282
-254
-248
-279
-308
-310
-228
-161
-183
-250
-233
-123
-83
-63
-16
-16
-30
19
21
-23
-1
-36
-19
30
35
70
34
14
33
82
181
197
142
90
94
166
197
162
157
147
177
201
133
168
296
303
217
206
233
295
332
270
246
225
255
278
224
219
216
234
250
217
188
226
252
216
207
196
225
222
210
234
173
162
182
173
155
74
58
58
5
2
-6
-48
-115
-131
-61
-9
5
-37
-117
-153
-142
-173
-202
-178
-181
-222
-240
-244
-262
-264
-277
-330
-333
-291
-283
-267
-211
-213
-267
-273
-260
-290
-289
-230
-213
-227
-250
-287
-279
-231
-206
-193
-188
-193
-137
-85
-74
-55
-49
-61
-71
-87
-98
-18
-27
-67
-38
-41
31
57
55
54
33
64
109
133
90
141
162
135
177
174
198
152
86
79
95
156
164
129
134
139
151
186
133
126
146
145
201
216
244
244
215
188
183
250
270
277
285
240
201
234
282
291
292
237
180
167
173
209
200
144
114
94
86
77
32
-10
-60
-71
-51
-121
-160
-104
-102
-106
-118
-214
-246
-222
-228
-178
-134
-183
-226
-251
-259
-206
-184
-207
-235
-283
-252
-209
-260
-239
-195
-232
-217
-194
-199
-164
-151
-146
-124
-141
-149
-150
-169
-145
-98
-91
-119
-133
-120
-105
-70
1
44
18
-27
-43
-5
64
92
46
-18
-59
-39
27
49
52
30
15
30
34
105
128
92
123
98
96
100
81
138
142
108
38
67
153
138
165
135
114
154
199
247
241
238
191
183
239
280
307
252
152
131
196
225
241
223
157
143
156
136
135
128
69
54
20
20
43
0
-29
-86
-85
-70
-94
-79
-97
-103
-118
-146
-147
-143
-111
-150
-153
-107
-131
-128
-161
-203
-206
-170
-148
-175
-128
-121
-169
-151
-124
-154
-124
-92
-169
-157
-142
-122
-62
-65
-92
-161
-178
-164
-136
-113
-116
-74
-20
-33
-69
-59
-53
-59
-85
-40
22
-3
-26
-67
-33
-10
-22
3
-24
-21
8
47
58
27
26
34
23
24
65
84
98
103
54
64
129
156
160
118
100
165
155
121
184
198
170
197
185
161
194
227
215
191
172
176
211
221
198
118
52
52
46
84
79
43
65
51
42
3
-31
1
-21
-1
6
-74
-77
-22
12
-5
-49
-72
-71
-53
-49
-43
-37
-46
-54
-67
-89
-87
-94
-133
-141
-133
-128
-114
-99
-110
-126
-145
-146
-128
-137
-109
-107
-128
-147
-135
-71
-86
-88
-107
-124
-109
-127
-88
-81
-101
-94
-62
-73
-90
-86
-78
-43
-77
-100
-129
-105
7
9
17
23
-3
13
14
19
0
1
14
17
61
59
77
84
35
24
9
91
186
151
116
148
190
192
161
140
164
211
212
183
174
192
188
166
121
87
144
157
128
103
104
167
157
137
104
57
38
-6
7
1
3
44
26
-10
-9
11
18
14
-19
-29
17
1
-61
-88
-65
-19
2
-27
-95
-98
-87
-77
-54
-65
-51
-87
-108
-113
-118
-65
-113
-173
-159
-134
-128
-130
-140
-148
-156
-192
-189
-158
-121
-122
-120
-145
-156
-77
-82
-74
-82
-117
-107
-112
-71
-38
-41
-59
-47
-51
-24
44
47
28
-24
4
41
46
46
1
29
43
57
85
59
54
78
99
105
116
129
135
117
110
127
161
206
222
191
149
150
154
166
160
153
187
145
148
187
155
173
139
87
94
83
88
57
44
60
8
-22
-37
-37
-31
-56
-32
1
-29
-60
-15
-2
-74
-98
-91
-88
-90
-76
-41
-70
-46
-5
-61
-79
-104
-90
-18
-36
-51
-67
-85
-68
-44
-36
-70
-80
-89
-83
-79
-96
-96
-79
-80
-94
-77
-123
-116
-93
-131
-120
-123
-103
-110
-97
-71
-94
-93
-113
-110
-105
-80
-51
-49
-13
-16
-20
-42
-80
-48
-39
-25
6
38
74
50
62
84
78
123
158
139
98
89
108
128
156
176
142
119
165
164
146
171
156
143
124
114
144
123
102
109
77
55
61
65
52
47
58
36
29
29
8
28
49
28
4
22
32
6
-7
8
36
35
-3
-39
-56
-54
-21
-12
-48
-56
-45
-44
-41
-40
-67
-55
-41
-89
-74
-47
-55
-54
-55
-88
-112
-83
-82
-90
-93
-80
-84
-80
-74
-115
-97
-86
-61
-83
-120
-75
-59
-50
-92
-108
-91
-99
-102
-103
-74
-67
-51
-93
-111
-24
29
10
-52
-77
-40
17
40
35
41
52
65
64
60
90
131
114
77
66
75
121
132
111
94
84
125
126
121
155
166
174
126
102
129
138
115
68
81
105
128
83
39
64
59
46
-3
-9
7
42
58
5
17
8
9
9
-39
-24
-27
-21
7
-14
-15
-26
-39
-22
-19
3
-26
-58
-9
3
-28
-66
-67
-50
-57
-45
-94
-109
-50
-43
-49
-70
-76
-67
-85
-69
-85
-102
-120
-110
-49
-68
-58
-34
-44
-51
-77
-93
-93
-90
-83
-41
-28
-32
-50
-95
-95
-53
-27
-45
-3
10
-28
-39
-59
-35
-26
-14
-1
11
58
51
50
66
44
25
57
110
141
151
112
68
94
128
131
106
88
113
85
63
99
80
111
139
123
109
55
34
29
38
55
51
47
46
74
53
30
39
14
33
38
23
41
39
21
8
17
-14
-33
-23
-41
-10
-15
-35
-20
-43
-36
-28
-31
-52
-98
-75
-57
-33
-4
-26
-41
-41
-38
-55
-40
-26
-48
-29
-34
-54
-46
-70
-105
-82
-75
-81
-70
-113
-108
-64
-70
-56
-39
-72
-95
-41
-19
-60
-48
-34
-33
-51
-60
-40
-54
-28
-18
-37
-43
-31
-12
-41
-33
-5
38
39
9
-1
12
85
75
60
61
64
89
110
125
110
119
75
85
95
71
119
103
105
106
90
99
82
94
98
71
38
48
82
54
30
26
24
68
77
43
37
46
28
11
5
19
74
66
5
-8
3
24
23
38
21
-43
-48
-26
19
65
-3
-25
-21
-52
-12
-18
-9
-18
-84
-76
-57
-33
-65
-81
-60
-66
-51
-76
-106
-108
-86
-67
-85
-112
-120
-97
-88
-64
-66
-84
-69
-96
-87
-37
-30
-39
-63
-83
-90
-47
-32
-59
0
17
-31
-48
-23
10
13
12
-7
1
40
43
31
7
15
46
37
7
2
42
76
91
87
79
67
54
89
89
100
98
50
67
77
102
124
86
71
53
43
51
71
90
69
41
49
44
34
27
17
23
13
6
18
26
4
14
35
19
26
3
27
40
-3
18
4
18
28
4
7
-26
-25
-3
-1
-7
-20
-7
-11
-58
-81
-58
-52
-56
-59
-75
-62
-47
-60
-55
-59
-57
-68
-109
-110
-87
-50
-53
-115
-112
-87
-61
-53
-89
-70
-58
-47
-24
-39
-34
-69
-70
-20
-16
16
-8
-29
-8
3
72
64
9
30
33
34
56
44
39
17
15
40
49
64
31
42
42
10
35
43
78
46
20
47
31
46
42
26
56
81
58
64
52
28
86
78
39
40
48
58
65
70
61
54
46
52
50
34
26
24
45
55
39
26
32
36
28
16
12
13
3
4
-25
-21
4
13
-13
-65
-43
-41
-36
-28
-55
-33
-32
-34
-52
-91
-85
-53
-48
-71
-71
-81
-73
-51
-47
-51
-95
-89
-63
-77
-51
-52
-65
-89
-102
-40
-15
-13
-26
-52
-22
-22
-26
-36
-51
-24
-19
6
6
-2
-5
-5
9
0
26
10
4
4
-1
56
43
37
33
22
60
66
77
35
14
49
47
70
60
70
86
61
73
46
61
84
78
101
60
49
25
1
51
44
62
83
58
48
36
36
3
3
18
7
10
-9
-5
14
14
2
4
21
18
15
9
-7
-7
8
10
0
-9
-24
-31
-22
-16
-19
-16
-15
-23
-31
-44
-60
-54
-45
-51
-68
-77
-60
-34
-53
-78
-68
-80
-74
-57
-65
-69
-66
-51
-72
-72
-54
-50
-35
-35
-49
-50
-30
-37
-30
-24
-27
-15
-23
2
-3
-4
9
7
30
-10
23
40
23
36
41
53
41
47
49
33
39
42
62
84
57
42
52
51
69
63
65
55
51
52
61
57
55
66
46
44
38
42
55
61
40
36
24
39
62
38
35
38
31
33
16
42
37
19
29
-10
12
24
7
-12
-9
-8
0
21
-32
-8
25
-8
-40
-49
-26
-24
-20
-34
-57
-49
-43
-34
-23
-41
-68
-88
-86
-47
-56
-51
-58
-68
-50
-61
-60
-72
-62
-51
-56
-34
-36
-53
-45
-42
-43
-19
-35
-26
-21
-14
-8
-5
-8
-23
-8
12
21
14
7
5
13
15
22
19
22
35
32
21
31
42
50
28
16
24
23
37
29
18
22
