20
17
10
10
14
23
34
29
22
8
5
4
5
18
18
14
5
2
9
19
35
36
31
20
10
10
17
29
24
12
4
-7
-12
-10
-5
-11
-21
-22
-23
-24
-25
-25
-23
-17
-15
-24
-32
-30
-27
-28
-30
-32
-34
-34
-37
-37
-33
-36
-41
-36
-27
-25
-26
-30
-30
-23
-17
-17
-20
-17
-16
-18
-17
-14
-14
-15
-15
-9
-2
1
-1
-6
-7
-5
-1
3
7
9
11
12
12
13
12
13
14
16
18
18
21
26
27
27
26
28
27
29
30
31
32
31
30
31
29
29
31
35
33
29
25
27
27
27
28
29
27
24
22
23
24
20
13
10
13
16
13
8
7
8
8
4
0
2
3
-1
-5
-4
-2
1
-2
-5
-4
-4
-7
-11
-9
-4
-2
-5
-11
-13
-17
-18
-17
-11
-10
-13
-15
-13
-13
-17
-21
-20
-15
-11
-9
-11
-14
-15
-15
-12
-12
-13
-12
-13
-15
-16
-13
-9
-10
-11
-12
-12
-11
-14
-15
-13
-9
-6
-7
-8
-11
-12
-8
-3
-3
-5
-6
-1
3
6
6
7
7
8
8
8
9
13
19
23
25
26
27
27
26
23
28
32
31
26
23
28
34
34
31
30
32
32
29
25
21
17
17
16
16
13
10
7
5
4
5
3
0
-4
-6
-4
-7
-11
-13
-12
-13
-16
-16
-19
-24
-27
-26
-21
-22
-26
-29
-28
-25
-24
-23
-22
-23
-26
-25
-24
-20
-18
-16
-16
-16
-18
-19
-19
-18
-17
-14
-10
-7
-6
-9
-11
-9
-4
-1
-2
-4
-2
0
-3
-5
-5
-1
2
2
1
4
8
6
2
2
7
9
9
8
9
9
8
13
21
24
18
15
19
27
29
30
34
37
38
40
42
42
40
42
45
49
47
44
44
50
53
49
45
41
41
43
42
39
38
40
37
27
19
17
21
19
13
8
7
5
0
-2
-1
-5
-10
-15
-16
-18
-21
-26
-27
-27
-28
-30
-29
-28
-29
-31
-32
-34
-34
-37
-37
-34
-32
-31
-32
-34
-33
-31
-29
-27
-26
-26
-26
-21
-17
-18
-20
-19
-16
-11
-10
-15
-17
-18
-15
-11
-8
-10
-11
-12
-9
-6
-5
-9
-10
-7
-2
-3
-7
-8
-9
-11
-12
-5
3
-2
-9
-9
-1
2
-4
-7
0
5
5
3
6
13
17
20
25
25
25
25
30
34
35
38
42
42
44
46
51
54
53
48
46
45
45
44
47
50
48
40
33
32
35
35
29
23
21
21
15
7
3
5
4
-2
-9
-11
-9
-8
-15
-21
-23
-22
-22
-28
-32
-34
-35
-35
-35
-36
-36
-34
-35
-38
-41
-41
-38
-32
-30
-31
-30
-27
-25
-26
-33
-34
-31
-23
-21
-22
-21
-22
-19
-17
-14
-14
-16
-17
-16
-14
-9
-6
-5
-7
-9
-11
-10
-7
-2
-3
-6
-11
-10
-5
-4
-2
-3
-2
0
-2
-2
-6
-4
-3
-1
2
1
4
3
5
9
11
15
14
17
18
22
29
31
31
33
40
49
53
52
51
56
65
69
66
64
65
69
70
67
65
67
68
66
62
58
63
59
60
52
46
46
41
45
35
29
24
20
21
13
12
6
0
-3
-6
-6
-12
-20
-24
-24
-24
-25
-33
-34
-36
-38
-33
-36
-33
-37
-42
-35
-38
-33
-32
-40
-33
-36
-28
-27
-31
-30
-30
-25
-27
-18
-26
-19
-19
-23
-10
-25
-6
-19
-15
-10
-20
-6
-22
-9
-17
-11
-13
-17
-10
-22
-10
-20
-13
-15
-20
-12
-21
-7
-14
-8
-7
-15
-8
-16
-11
-12
-10
-10
-9
-11
-11
-7
-6
-2
0
-2
3
3
8
9
14
13
20
22
27
33
30
36
37
42
45
48
47
48
50
56
59
63
62
59
58
59
60
61
59
53
50
44
44
40
36
33
30
25
26
17
13
11
2
6
-9
-10
-17
-25
-11
-28
-15
-30
-31
-38
-38
-37
-45
-37
-44
-44
-41
-42
-47
-42
-48
-46
-45
-41
-40
-43
-34
-43
-34
-35
-31
-30
-28
-32
-30
-25
-26
-22
-22
-24
-22
-16
-14
-11
-7
-11
-10
-4
-7
-2
-3
-11
-12
-10
-9
-4
1
-4
-2
-11
-6
-4
0
3
-3
-1
-1
4
4
4
0
0
2
5
7
3
8
5
8
13
12
21
19
16
22
24
24
26
31
39
47
46
47
51
50
51
57
64
65
60
59
67
74
73
70
71
74
72
67
63
67
74
70
59
52
52
48
48
39
32
28
33
26
32
17
5
1
-2
-2
-4
-13
-19
-10
-18
-17
-32
-34
-35
-28
-33
-30
-37
-38
-37
-40
-31
-48
-42
-47
-40
-30
-37
-35
-35
-33
-32
-29
-30
-24
-24
-25
-18
-19
-13
-23
-18
-17
-15
-8
-15
-12
-14
-2
-1
-6
-7
-14
-8
-5
2
-9
-7
-6
-14
4
-5
-11
0
-8
-3
1
-5
1
-5
-7
-11
-14
-4
-6
-3
-3
-7
-2
-3
-4
-5
-3
3
2
3
4
5
7
3
12
19
18
13
13
21
26
36
36
40
42
36
41
48
54
50
52
54
53
54
48
54
50
51
44
47
46
38
38
33
36
25
25
17
11
16
-2
7
-1
-8
-8
-20
-23
-32
-25
-29
-35
-40
-47
-44
-44
-47
-53
-48
-49
-55
-54
-54
-51
-48
-50
-49
-43
-40
-42
-44
-44
-39
-33
-30
-30
-30
-22
-24
-15
-17
-21
-9
-11
1
-4
-11
-3
-6
6
-3
-3
5
2
10
0
6
3
1
6
6
4
4
-1
-1
2
3
7
9
7
4
1
2
1
1
1
-6
1
0
7
3
2
3
-4
5
0
3
7
7
11
9
20
14
26
24
32
35
45
48
53
56
52
57
64
67
73
72
75
77
78
74
85
86
89
81
68
74
76
77
75
66
63
56
52
45
44
40
31
29
16
11
3
-6
-13
-17
-20
-27
-29
-36
-31
-29
-38
-44
-52
-44
-45
-52
-48
-55
-44
-43
-50
-50
-49
-38
-45
-30
-34
-30
-17
-26
-27
-26
-23
-14
-10
-6
-15
-12
-16
-14
-3
0
8
3
4
-2
-6
2
-3
10
8
1
3
-7
-1
-2
0
-2
-2
0
-6
-1
-14
-14
-10
-13
-10
-12
-17
-16
-19
-28
-25
-26
-24
-19
-22
-20
-22
-28
-30
-26
-21
-19
-13
-11
-5
-2
-2
2
9
14
20
27
33
42
50
46
57
59
66
71
66
80
79
84
84
77
81
82
86
85
79
70
70
72
62
54
48
50
41
30
17
10
11
3
-9
-18
-29
-44
-39
-50
-49
-52
-75
-66
-76
-75
-67
-84
-77
-84
-79
-73
-78
-70
-73
-62
-64
-69
-52
-50
-41
-47
-47
-36
-30
-26
-34
-26
-21
-17
-12
-14
-8
-3
2
1
4
0
5
3
8
13
4
12
1
6
3
-2
5
1
9
5
2
-1
1
2
1
5
-2
2
-8
-10
-12
-18
-13
-19
-14
-15
-20
-23
-22
-13
-12
-15
-18
-15
-12
-12
-11
-10
-2
1
5
13
19
27
33
41
53
61
69
71
81
90
96
100
104
111
111
115
115
121
127
126
120
110
113
110
109
100
98
91
84
79
68
64
46
36
31
26
21
-1
-13
-24
-27
-32
-39
-43
-54
-63
-71
-74
-76
-77
-79
-76
-73
-75
-74
-77
-74
-69
-65
-57
-52
-48
-50
-54
-35
-33
-32
-28
-22
-15
-17
-1
-10
-10
-3
-3
5
-3
4
9
14
12
2
8
5
9
7
2
16
13
5
-1
2
3
-5
-10
-21
-8
-13
-27
-21
-29
-14
-20
-37
-35
-35
-30
-33
-33
-39
-44
-42
-43
-46
-48
-51
-52
-49
-38
-33
-30
-24
-25
-20
-6
-1
6
19
27
36
44
57
71
78
91
96
104
112
115
122
129
133
131
137
133
140
141
128
129
121
120
120
110
113
101
89
78
56
47
30
24
11
-11
-22
-40
-51
-63
-72
-83
-87
-95
-111
-114
-123
-123
-114
-120
-122
-121
-124
-123
-119
-117
-113
-100
-94
-98
-83
-74
-77
-66
-70
-66
-52
-49
-40
-33
-27
-29
-30
-18
-22
-14
-6
-4
4
1
8
8
18
17
14
19
9
15
10
14
16
5
9
1
1
0
-9
-8
-9
-8
-6
-11
-15
-17
-21
-24
-28
-35
-39
-37
-35
-39
-41
-44
-43
-37
-43
-45
-40
-37
-27
-27
-19
-6
0
12
20
36
54
60
76
84
96
107
112
131
134
143
145
152
163
161
165
160
162
163
168
170
168
162
148
149
128
121
113
106
100
76
61
41
35
16
-3
-20
-36
-40
-62
-61
-80
-83
-91
-104
-101
-110
-113
-122
-116
-122
-115
-126
-115
-104
-104
-109
-106
-104
-105
-87
-81
-76
-75
-61
-57
-47
-31
-35
-34
-22
-20
-10
-17
-12
3
15
25
24
29
26
28
28
27
42
37
24
22
18
29
33
13
8
5
5
21
10
-9
-8
-13
-5
-4
-25
-21
-14
-23
-22
-31
-32
-28
-40
-40
-35
-41
-47
-48
-42
-35
-39
-43
-37
-28
-15
-11
0
9
17
28
34
50
57
75
86
95
106
105
120
125
136
139
136
144
141
148
148
154
159
154
146
134
139
128
119
113
97
99
83
70
60
40
16
-10
-16
-41
-36
-36
-73
-73
-79
-59
-72
-113
-124
-129
20
72
-93
-181
-253
-264
-247
-238
-249
-240
-135
-141
-144
-142
-134
-109
-123
-81
-96
-78
-72
-62
-21
-28
-10
-22
-8
20
31
41
28
31
31
41
44
41
34
29
32
26
25
25
20
17
13
16
12
-5
-30
-31
-25
-33
-36
-51
-24
-23
-39
-36
-61
-35
-43
-45
-34
-57
-49
-64
-58
-46
-52
-49
-56
-53
-43
-29
-20
-9
2
10
22
42
65
68
76
101
118
121
128
136
132
133
145
155
155
145
136
143
166
180
174
161
154
157
166
171
158
130
100
93
113
119
100
66
43
38
27
13
-17
-34
-26
-37
-44
-55
-86
-107
-113
-112
-101
-111
-137
-144
-124
-97
-101
-120
-147
-155
-136
-123
-101
-92
-87
-77
-78
-72
-63
-73
-65
-37
-34
-29
-36
-24
-4
-3
19
4
-6
8
33
36
25
38
14
23
47
40
29
13
23
31
44
44
1
-22
-11
14
31
26
10
-12
-21
-13
0
-8
-31
-52
-54
-20
-24
-39
-42
-44
-45
-52
-52
-68
-51
-38
-33
-16
-15
-7
-8
15
32
42
40
44
78
101
118
118
128
128
129
138
122
129
135
128
116
127
140
137
132
130
129
128
154
132
102
121
113
101
74
66
58
20
64
65
-2
-10
-9
-18
-49
-72
-101
-97
-58
-54
-83
-143
-123
-121
-137
-113
-150
-157
-155
-141
-126
-132
-130
-134
-137
-137
-119
-116
-121
-147
-145
-102
-90
-56
-68
-102
-53
-55
-71
-26
-27
-32
-20
-11
-2
-10
1
-2
-9
4
5
11
3
1
7
-23
-21
-7
-16
-16
-19
-13
-13
-4
-32
-53
-38
-49
-16
-42
-59
-66
-62
-16
-41
-36
-95
-108
-54
-43
-42
-96
-82
-64
-41
-32
-41
-23
-1
39
36
55
57
82
124
118
116
123
145
131
149
135
138
163
139
157
167
158
127
147
148
147
170
145
158
138
155
137
124
121
110
153
127
121
62
36
18
22
57
15
28
-8
-30
-56
1
136
-8
-169
-236
-258
-174
-175
-227
-274
-160
-88
-49
-177
-247
-177
-85
-73
-133
-119
-118
-101
-48
-85
-45
-19
-26
6
48
79
24
41
26
-25
-25
-9
79
30
27
43
36
71
38
62
17
6
37
-18
-22
21
13
-16
26
-1
-55
-102
-69
-51
-48
-51
-157
-78
-25
-53
-151
-109
-46
-45
-95
-133
-109
-61
-47
-63
-70
-123
-35
-14
-29
-24
6
44
84
149
142
164
234
200
154
189
224
195
193
186
167
177
194
220
215
179
195
201
156
165
198
154
91
119
165
99
64
170
218
188
172
98
37
53
40
-6
-12
-45
-100
-85
-21
-30
-124
-151
-180
-201
-211
-209
-152
-132
-107
-192
-265
-220
-155
-107
-181
-191
-180
-189
-163
-176
-116
-73
-101
-114
-91
-64
-95
-114
-127
-96
-85
-118
-23
-12
-78
-41
-49
-51
-10
21
-6
-18
35
15
-19
-6
-39
-60
-9
-26
-78
-70
-29
-27
-86
-92
-71
-82
-81
-112
-139
-81
-81
-122
-117
-146
-124
-130
-138
-76
-102
-87
-51
-62
-41
-74
-87
-31
45
98
114
126
175
258
257
245
259
256
327
311
251
259
220
252
274
242
256
241
223
163
130
160
134
152
204
198
112
100
148
66
65
187
206
152
131
112
88
80
11
-79
-81
-29
-36
-112
-153
-99
-59
-136
-191
-134
-43
-34
-78
-161
-255
-169
-65
-80
-137
-217
-199
-155
-172
-161
-165
-90
35
-21
-146
-165
-153
-141
-170
-237
-214
-204
-204
-170
-100
30
12
0
15
28
77
-53
-98
-16
-18
-4
29
29
-29
-53
13
21
-43
-44
-32
31
-15
-169
-250
-235
-76
-73
-94
-140
-247
-104
-76
-164
-211
-246
-262
-241
-169
-130
-99
-97
-41
43
147
175
172
234
257
373
401
431
487
453
470
442
439
444
387
324
318
270
225
263
221
222
217
185
188
210
184
106
164
212
238
212
112
123
173
204
149
90
195
235
102
52
0
-55
123
319
197
-157
-268
-173
-145
-108
-166
-293
-224
-62
-109
-186
-123
-136
-203
-206
-166
-179
-166
-44
-73
-202
-288
-315
-232
-251
-295
-305
-295
-251
-214
-67
-97
-238
-238
-187
-135
-144
-217
-213
-47
-70
-146
-35
-90
-179
-199
-257
-231
-189
-215
-177
-124
-259
-302
-167
-169
-182
-212
-224
-166
-142
-202
-311
-260
-320
-391
-348
-352
-319
-404
-426
-380
-266
-98
-82
-114
-43
152
264
307
298
389
559
582
623
595
531
601
635
537
435
408
364
305
245
154
87
136
191
112
40
76
178
266
286
236
254
354
402
352
241
191
229
312
280
165
93
132
138
-31
-80
-64
79
145
-4
-61
-104
82
47
-200
-128
-37
11
-206
-236
-22
41
368
400
351
433
-74
-366
-271
-356
-577
-695
-679
-656
-425
-380
-476
-393
-345
-263
-171
-179
-225
-188
-114
-62
-102
-246
-295
-243
-184
-120
-36
52
78
17
-40
-30
40
172
190
72
-45
-171
-142
-3
-146
-360
-370
-391
-397
-374
-477
-535
-533
-544
-412
-365
-494
-415
-198
-120
-93
-94
23
427
678
662
738
958
1185
1294
1244
1131
1156
1169
1145
1057
829
724
564
398
252
69
-3
-154
-271
-323
-325
-255
-224
-211
-182
-81
52
142
120
11
-51
55
131
23
-4
140
271
319
363
227
135
163
79
155
147
26
3
-116
-107
-48
-155
-266
-207
-56
-11
61
56
19
-49
-179
-81
-158
-291
-288
-353
-189
-57
-123
-318
-471
-473
-490
-348
-393
-594
-600
-629
-572
-575
-472
-337
-466
-399
-297
-217
-202
-379
-434
-310
-139
-184
-317
-360
-290
-162
-122
-129
-240
-405
-525
-586
-625
-646
-620
-604
-591
-539
-469
-470
-534
-596
-644
-635
-490
-250
-72
58
323
773
1201
1405
1475
1669
2019
2272
2257
2088
1978
1964
1901
1664
1282
892
565
276
-39
-352
-555
-597
-579
-594
-555
-405
-233
-129
-25
22
-24
-14
1
-29
-67
-14
136
222
246
194
313
584
607
582
446
347
438
276
145
73
15
-33
-182
-83
-9
-111
-278
-353
-291
-243
-114
-170
-223
-94
-130
-266
-342
-325
-325
-368
-429
-495
-516
-588
-662
-850
-990
-829
-712
-627
-653
-724
-668
-649
-586
-621
-733
-728
-649
-572
-509
-464
-352
-4
216
73
-137
-247
-318
-403
-576
-731
-782
-844
-881
-962
-970
-926
-942
-871
-808
-699
-652
-714
-811
-900
-578
-126
190
426
641
1295
1963
2420
2660
2653
3092
3546
3615
3402
3001
2811
2627
2424
1896
1126
737
412
119
-290
-677
-785
-1022
-1048
-1086
-1258
-1159
-1126
-1057
-967
-792
-553
-510
-365
-290
-139
54
37
131
137
358
766
904
1043
1054
1182
1369
1275
1175
926
778
586
217
6
-155
-109
-278
-468
-576
-826
-837
-981
-1132
-1054
-872
-778
-770
-844
-826
-602
-615
-548
-638
-678
-540
-780
-849
-888
-984
-1001
-1002
-873
-782
-646
-435
-440
-646
-720
-692
-605
-538
-728
-897
-782
-635
-651
-750
-844
-820
-719
-744
-865
-940
-902
-725
-588
-702
-1005
-1226
-1242
-1201
-1206
-1264
-1298
-1022
-409
207
624
869
1337
2237
3047
3377
3517
3812
4355
4846
4784
4271
3779
3555
3349
2874
2086
1195
532
100
-159
-688
-1237
-1444
-1624
-1574
-1449
-1240
-1124
-1122
-802
-603
-363
-220
-404
-473
-454
-127
11
-151
71
318
663
1125
1413
1514
1589
1912
1977
1946
1816
1284
1027
594
-109
-668
-1303
-1657
-1795
-1774
-1685
-1659
-1212
-810
-718
-629
-600
-644
-805
-779
-872
-900
-776
-990
-979
-1182
-1362
-1285
-1396
-1538
-1771
-1530
-1373
-1379
-1242
-1262
-1112
-931
-789
-862
-937
-920
-1024
-880
-586
-584
-844
-957
-1035
-1276
-1495
-1541
-1518
-1453
-1150
-769
-538
-527
-595
-537
-502
-735
-1081
-1405
-1394
-717
68
730
1134
1667
3080
4270
4752
4988
5223
6133
6876
6669
5719
4665
4367
4034
3161
1683
250
-242
-538
-1003
-1711
-1976
-1696
-1509
-1255
-1340
-1389
-1116
-868
-742
-902
-803
-692
-714
-603
-826
-894
-765
-640
-288
201
940
1615
2101
2521
2960
3430
3715
3674
3386
3089
2539
1707
802
-196
-1072
-1748
-2476
-3102
-3552
-3863
-3634
-3209
-2742
-2190
-1645
-892
-392
-151
-120
-277
-316
-760
-1245
-1594
-2091
-2162
-2258
-2578
-2627
-2348
-1724
-1291
-1103
-773
-308
-6
-12
-128
-302
-444
-562
-861
-1405
-1942
-2290
-2479
-2596
-2737
-2846
-2823
-2583
-2289
-1989
-1618
-1067
-485
-150
54
-42
-334
-693
-637
-16
679
1208
1643
3078
4755
5565
5823
6115
7362
8289
8029
7015
5818
5434
4955
3589
1486
-429
-1216
-1757
-2358
-3303
-3851
-3132
-2423
-2025
-2002
-1671
-714
-141
304
200
45
327
297
246
-164
-328
-234
-437
-308
-179
421
1242
2022
2909
3306
3843
4316
4443
4139
3369
2815
1991
751
-564
-1667
-2271
-2915
-3553
-4074
-4382
-3991
-3236
-2594
-2142
-1522
-758
-324
-105
18
22
7
-172
-844
-1648
-2058
-2313
-2688
-3000
-3031
-2728
-2113
-1580
-1384
-1111
-617
-385
-492
-544
-573
-779
-1048
-1324
-1723
-2163
-2407
-2453
-2522
-2626
-2531
-2223
-1847
-1616
-1513
-1334
-1128
-974
-906
-946
-1308
-1549
-864
290
1333
2119
3190
5207
6721
7033
6906
7421
8896
9242
8068
6134
4591
3976
2867
1170
-993
-2426
-2763
-3112
-3564
-4088
-3469
-2109
-1262
-972
-1072
-358
974
1632
1235
298
12
258
258
-227
-903
-830
-252
256
560
872
1823
2756
3457
4065
4276
4566
4810
4802
4244
2913
1534
305
-749
-1870
-3153
-4142
-4827
-4832
-4364
-3868
-3313
-2630
-1494
-561
132
813
1146
1438
1369
885
64
-1037
-1852
-2526
-3475
-4445
-4990
-4994
-4454
-3752
-3101
-2376
-1536
-773
-265
42
164
112
-383
-1027
-1712
-2401
-2825
-3368
-3698
-3785
-3680
-3249
-2815
-2017
-1219
-702
-247
-75
106
149
-117
-726
-984
-82
1073
1927
2468
3761
5772
6714
6927
7090
7971
9169
8932
7426
5315
3819
3009
1568
-477
-2559
-3644
-3927
-4209
-4509
-4461
-3193
-1704
-1009
-828
-410
962
2092
2149
1351
567
630
792
720
295
-9
291
639
1056
1319
2004
3093
3822
4044
3692
3847
4215
4128
3449
2100
962
-128
-1291
-2298
-3100
-3645
-3993
-4016
-4139
-3886
-2791
-1677
-744
-140
390
1050
1397
1697
1551
871
128
-712
-1470
-2319
-2890
-3111
-3539
-3860
-3963
-3616
-2963
-2427
-1928
-1847
-1856
-1701
-1568
-1393
-1574
-1852
-2338
-2974
-3299
-3473
-3251
-3132
-3028
-2736
-2431
-1815
-1355
-848
-412
-203
45
-98
-530
-1295
-1306
44
1505
2735
3490
4851
6938
7916
7959
7898
8510
9138
8455
6381
3802
2196
1277
-1
-1843
-3547
-4332
-4363
-4061
-3758
-3097
-1950
-746
171
539
930
1524
1932
1858
863
-171
-539
-437
-30
-35
-58
361
919
1772
2597
3494
4341
4646
4532
4061
3592
3348
3030
2065
665
-592
-1504
-2155
-2867
-3155
-3172
-3109
-2777
-2515
-2032
-1325
-445
170
79
116
395
605
497
57
-177
-493
-897
-1329
-1808
-2117
-2512
-2883
-3193
-3314
-3017
-2594
-2269
-2062
-1957
-2083
-2267
-2200
-2060
-2244
-2659
-3032
-3363
-3520
-3449
-3297
-3163
-3001
-2772
-2485
-2038
-1367
-900
-838
-714
-570
-750
-1605
-2451
-1610
573
2608
3605
4229
6191
8277
8840
8449
8210
9016
9160
7341
4575
1990
834
216
-1318
-3305
-4782
-4814
-3931
-3323
-2732
-1756
-331
950
1232
1215
1532
2138
2228
1098
-241
-974
-760
-144
148
315
560
1311
2429
3515
4417
5055
5423
5159
4147
2934
2137
1613
763
-575
-1866
-2446
-2437
-2369
-2352
-2130
-1679
-1110
-475
-52
82
320
614
381
-234
-565
-618
-761
-1007
-1296
-1553
-1546
-1357
-1324
-1364
-1275
-1307
-1675
-2106
-2290
-2277
-2369
-2646
-2923
-3110
-3265
-3311
-3068
-2772
-2642
-2552
-2421
-2475
-2577
-2459
-2297
-2211
-2274
-2216
-2127
-2174
-2195
-2312
-2157
-2016
-2413
-3236
-3648
-1998
1037
3519
4867
6096
8397
9930
9640
8862
8637
9094
8152
5353
2157
-257
-1092
-1824
-3207
-4492
-5047
-4316
-3067
-1910
-670
546
1633
2186
2129
2046
2068
1857
939
-642
-1945
-2107
-1192
-114
523
986
1771
2867
4131
5241
5786
5844
5261
4171
2751
1433
614
-322
-1285
-2226
-2889
-2908
-2615
-2003
-1387
-845
-276
249
755
1124
1109
649
119
-389
-828
-1144
-1436
-1515
-1504
-1672
-1666
-1257
-751
-509
-805
-1342
-1706
-2051
-2468
-2841
-3056
-3150
-3307
-3416
-3317
-3060
-2677
-2371
-2176
-1904
-1689
-1601
-1557
-1601
-1681
-1916
-2379
-2694
-2718
-2776
-3004
-3050
-2684
-2279
-2206
-2546
-2969
-2316
40
2918
4628
5215
6456
8565
9452
8554
7516
7359
7299
5760
2753
49
-1202
-1399
-1943
-3378
-4368
-3954
-2677
-1429
-618
247
1366
2081
2128
1753
1443
1456
1126
66
-1078
-1535
-986
64
822
1278
1924
2946
3995
4604
4773
4750
4467
3619
2267
984
222
-261
-936
-1740
-2088
-1631
-748
-88
229
551
1056
1497
1434
940
533
290
-170
-1044
-1910
-2051
-1643
-1455
-1463
-1257
-745
-36
454
389
-70
-608
-1171
-1983
-3022
-3827
-4154
-4140
-3967
-3713
-3290
-2692
-2088
-1585
-1109
-693
-588
-804
-1102
-1476
-2014
-2690
-3359
-3691
-3689
-3725
-3811
-3532
-2671
-1771
-1321
-1056
-1191
-2034
-2448
-1159
1455
3534
4061
4645
6504
8099
8063
7250
7145
7551
6840
4598
1906
-102
-906
-1390
-2692
-4187
-4573
-3796
-2801
-2035
-1049
260
1305
1850
2144
2400
2544
2268
1415
321
-389
-430
-25
569
1145
1490
1775
2467
3503
4223
4285
3951
3376
2427
1286
359
-267
-846
-1483
-1945
-1978
-1562
-903
-243
381
932
1294
1518
1606
1425
987
465
2
-544
-1207
-1484
-1270
-1089
-1099
-1120
-959
-531
-221
-391
-822
-1247
-1693
-2282
-2986
-3504
-3641
-3506
-3243
-2943
-2575
-2051
-1524
-1132
-781
-588
-682
-936
-1301
-1761
-2280
-2903
-3425
-3661
-3819
-3881
-3669
-3299
-2815
-2285
-1805
-1284
-1275
-2220
-2807
-1412
1480
3578
4021
4898
7246
8771
8064
6835
6824
7341
6499
3849
857
-911
-1425
-2028
-3321
-4288
-4091
-3130
-2171
-1458
-543
912
2259
2603
2240
2184
2550
2444
1332
-184
-936
-490
385
850
1140
1820
2694
3315
3754
4204
4332
3754
2715
1548
360
-533
-1025
-1434
-1861
-2104
-1848
-1073
-203
595
1357
1905
2233
2341
1985
1264
667
291
-315
-1173
-1604
-1463
-1299
-1235
-1017
-701
-359
13
130
-156
-511
-816
-1367
-2147
-2899
-3559
-4012
-4022
-3600
-2951
-2224
-1523
-904
-389
-90
-166
-554
-1049
-1573
-2151
-2739
-3230
-3590
-3905
-4145
-4104
-3650
-2933
-2333
-1870
-1281
-747
-613
-1173
-2474
-3448
-2625
3
2526
3461
4262
6438
8263
8124
7228
7143
7631
7023
4423
1076
-1257
-2137
-2505
-3469
-4703
-4809
-3525
-2123
-1261
-64
1782
3124
3261
2827
2659
2888
2820
1581
-526
-1831
-1313
17
715
864
1411
2471
3346
3775
4066
4244
3912
2777
1038
-546
-1200
-1148
-1371
-2006
-2145
-1415
-408
431
1169
1843
2384
2699
2490
1712
993
699
175
-1011
-2054
-2186
-1783
-1447
-1157
-715
-148
333
439
187
-50
-202
-670
-1582
-2550
-3214
-3577
-3811
-3952
-3768
-3055
-2038
-1154
-588
-224
72
163
-199
-1004
-1906
-2520
-2920
-3388
-3783
-3874
-3688
-3364
-2990
-2478
-1962
-1709
-1573
-1541
-1635
-1690
-2316
-3807
-4634
-3171
-7
2447
3417
5017
8023
9990
9354
7823
7585
7958
6547
3013
-513
-2330
-2811
-3384
-4489
-5056
-4144
-2335
-834
235
1678
3447
4402
3957
2801
2042
1928
1381
-283
-1944
-2217
-1091
367
1252
1890
2988
4269
5061
5182
4787
3947
2729
1273
-411
-2090
-2998
-2953
-2719
-2571
-1909
-472
1232
2547
3171
3290
3295
3152
2503
1396
231
-780
-1597
-2157
-2381
-2189
-1565
-734
-43
411
809
1249
1457
1080
170
-858
-1735
-2526
-3317
-3950
-4236
-4155
-3815
-3285
-2574
-1728
-880
-214
151
143
-237
-916
-1619
-2183
-2717
-3125
-3238
-3188
-3290
-3412
-3175
-2489
-1798
-1592
-1838
-2177
-2049
-1992
-2297
-2657
-3171
-3758
-4461
-3801
-861
2710
4843
5600
7378
9767
10075
8308
6838
6495
5609
3034
-441
-2915
-3368
-2891
-3083
-3569
-2892
-1195
309
1258
2162
3092
3528
3048
1934
1006
717
538
-389
-1599
-1740
-433
1285
2560
3385
4054
4595
4599
4209
3314
2040
668
-859
-2195
-3354
-3462
-2483
-1647
-1138
-451
1111
2908
3978
4175
3767
3245
2466
1188
-259
-1333
-1954
-2310
-2563
-2568
-1794
-372
750
1191
1602
2166
2234
1571
526
-582
-1577
-2499
-3543
-4440
-4650
-4181
-3531
-2998
-2487
-1781
-969
-445
-266
-129
-148
-726
-1678
-2507
-3122
-3537
-3564
-3281
-2984
-2688
-2239
-1729
-1402
-1326
-1468
-1839
-2320
-2715
-2915
-2945
-2889
-2744
-2671
-3109
-3753
-3176
-516
2964
5070
5789
7305
9828
10633
8641
6188
5255
4920
3187
18
-2469
-2882
-2228
-2194
-2921
-2951
-1345
671
1449
1436
2107
3273
3331
1970
756
799
1298
930
-191
-650
351
1980
2944
3041
3043
3348
3553
3117
1960
558
-553
-1412
-2261
-2757
-2442
-1593
-759
-75
437
930
1837
2956
3413
2963
2211
1616
1004
161
-716
-1386
-1639
-1335
-764
-142
558
1132
1462
1499
1126
570
45
-661
-1683
-2800
-3568
-3752
-3596
-3396
-3146
-2644
-1899
-1279
-1067
-1123
-1156
-1144
-1273
-1567
-1929
-2308
-2626
-2988
-3231
-2932
-2297
-1788
-1533
-1444
-1487
-1342
-1115
-1377
-2098
-2948
-3389
-3450
-3426
-3214
-2937
-2298
-1468
-1231
-1756
-2344
-1415
1308
4069
5280
5636
7209
9188
8986
6628
4691
4579
4423
2392
-651
-2451
-2227
-1595
-1987
-2664
-2021
-196
1136
1305
1466
2501
3557
3399
2189
1353
1554
1817
982
-426
-847
221
1621
2150
2130
2413
3033
2922
1937
947
308
-210
-1256
-2382
-2758
-2096
-1288
-1192
-793
329
1636
2418
2560
2437
2421
2770
2480
1251
210
-106
-366
-965
-1310
-1048
-396
93
94
-56
117
278
-169
-1011
-1658
-1929
-2171
-2598
-2962
-2885
-2472
-2131
-1974
-1729
-1284
-1087
-1367
-1996
-2390
-2257
-2038
-1963
-2173
-2278
-2104
-1864
-1549
-1336
-1197
-1172
-1318
-1596
-1905
-1996
-2024
-2311
-2785
-3035
-2839
-2282
-1696
-1380
-1164
-739
-368
-825
-2135
-2840
-1372
1709
3971
4474
5114
7269
9101
8413
6256
5193
5344
4588
1974
-996
-2307
-1797
-1258
-1902
-2469
-1291
829
1877
1743
1964
3021
3692
2824
1146
438
837
783
-391
-1366
-881
757
2211
2729
2759
3013
3411
2844
1438
1
-958
-1466
-2418
-3220
-3093
-1973
-642
89
861
1749
2669
3515
3796
3408
2670
1956
1045
-148
-1212
-1861
-2160
-2078
-1553
-862
-210
330
671
785
744
436
-455
-1626
-2412
-2837
-3298
-3713
-3674
-3264
-2756
-2192
-1495
-894
-653
-817
-1411
-1846
-1999
-1945
-1968
-2387
-2459
-2145
-1480
-908
-834
-784
-780
-737
-982
-1483
-1705
-1794
-2070
-2526
-2867
-2950
-2587
-1913
-1579
-1718
-1577
-840
-237
-346
-1228
-2262
-1847
798
3648
4553
4852
6845
9265
9143
6984
5716
5793
5272
2996
-175
-2175
-2177
-1687
-2178
-2962
-2325
-335
1106
1349
1574
2574
3607
3330
1892
939
1255
1738
850
-813
-1064
268
1549
1964
1753
1664
1956
1947
1146
-166
-1193
-1644
-2188
-2776
-2420
-1062
254
866
1348
2223
2933
2976
2438
1782
1571
1354
233
-1300
-2003
-1763
-1517
-1628
-1395
-522
398
800
601
163
-129
-511
-1450
-2679
-3401
-3399
-3246
-3306
-3196
-2423
-1266
-514
-394
-384
-218
-330
-1102
-2144
-2734
-2702
-2510
-2465
-2287
-1683
-880
-364
-254
-251
-112
-81
-546
-1317
-1884
-2145
-2336
-2479
-2507
-2427
-2080
-1448
-874
-662
-667
-728
-668
-509
-772
-1702
-2830
-2670
-313
3022
4812
5368
7259
10038
10589
8040
5910
5179
4510
2527
-945
-3203
-3504
-2210
-1913
-2454
-1553
309
2207
2377
2266
2589
3184
2860
899
-394
-677
92
27
-778
-701
464
2498
3381
3329
3079
2776
2080
523
-913
-1793
-2324
-2777
-2879
-2354
-1377
-119
1033
1735
1934
2265
2442
1685
852
291
8
-681
-1450
-1275
-1146
-767
-409
-217
146
305
655
282
-693
-1414
-1904
-2299
-2771
-2933
-2697
-2217
-1697
-1196
-678
-149
138
-65
-443
-814
-1301
-2050
-2896
-3364
-3169
-2516
-1815
-1201
-580
70
626
754
296
-347
-757
-1243
-2037
-2630
-2708
-2381
-2070
-1734
-1238
-743
-122
371
657
598
101
-481
-976
-1283
-1713
-2558
-3679
-4091
-2527
1060
4512
5946
6979
9252
11087
9917
6760
4636
3691
2295
-311
-3131
-4423
-3658
-2192
-1615
-1361
95
2348
3434
2833
2057
2159
2346
1390
-486
-1805
-1439
-17
694
290
427
2078
3764
3852
2809
1899
1223
128
-1482
-2981
-3777
-3870
-3530
-2672
-1123
636
1864
2509
2911
2986
2519
1730
866
-59
-912
-1535
-1996
-2100
-1540
-680
-206
-15
322
648
583
65
-682
-1431
-1988
-2411
-2760
-2801
-2303
-1566
-995
-434
39
347
414
116
-633
-1753
-2409
-2742
-3274
-3651
-3375
-2362
-1205
-273
410
1117
1739
1768
982
-74
-700
-1149
-1595
-2160
-2422
-1939
-1303
-895
-597
-40
445
354
-86
-569
-960
-1361
-1986
-2706
-2917
-2555
-2613
-3419
-3177
-119
4246
6763
7141
8028
10062
10412
7639
4003
2023
1640
791
-1677
-4007
-3805
-1488
268
220
90
1426
2977
2886
1430
277
141
135
-613
-1575
-1505
-165
1165
1409
1295
2102
3467
3874
2876
1412
234
-848
-2230
-3612
-4041
-3101
-1770
-1137
-752
482
2249
3037
2256
1051
606
667
189
-1142
-2208
-1889
-889
-533
-576
-84
917
1626
1388
426
-366
-681
-1034
-1775
-2608
-2829
-2230
-1568
-1366
-1106
-281
617
746
125
-444
-704
-1189
-2052
-2669
-2567
-2127
-1939
-1825
-1220
-144
841
1244
987
551
319
134
-488
-1542
-2108
-1758
-1225
-1224
-1333
-1012
-374
142
-79
-582
-819
-1021
-1357
-1870
-2171
-2325
-2452
-2075
-1343
-804
-1111
-1819
-1223
1424
4700
6033
5775
6627
8524
8670
6029
3180
2295
2427
1505
-966
-3105
-3024
-1378
-454
-952
-1306
-309
1150
1374
301
-499
-107
594
422
-187
46
1256
2191
2192
1987
2088
2144
1629
937
207
-646
-1414
-2237
-2736
-2509
-1369
-390
-328
-133
744
1751
1670
757
-69
-178
226
54
-686
-1104
-188
976
1038
378
177
722
739
-45
-1140
-1632
-1441
-1292
-1635
-2180
-1762
-811
-227
-147
67
567
498
-123
-899
-1348
-1379
-1329
-1474
-1672
-1403
-788
-457
-555
-539
-173
141
72
-234
-359
-173
3
-249
-750
-855
-448
-196
-562
-1118
-1197
-874
-835
-1297
-1636
-1428
-1141
-1305
-1653
-1643
-1326
-1174
-1221
-1027
-574
-522
-1377
-2691
-2932
-605
3373
5947
6262
6898
8885
9585
7340
4061
2103
1594
927
-1262
-4019
-4791
-3092
-1262
-866
-946
-209
1060
1655
1081
168
-58
254
213
-108
333
1702
2800
2715
2104
2105
2425
2051
835
-700
-1705
-1770
-1770
-2410
-2836
-1933
-211
643
200
-219
326
1166
1006
-191
-896
-320
578
830
609
787
1613
2031
1263
172
-277
-363
-797
-1701
-2364
-2087
-1246
-734
-703
-395
528
1216
1083
430
-353
-834
-1074
-1682
-2397
-2312
-1355
-446
-212
-164
146
371
135
-520
-1069
-1090
-933
-954
-1044
-898
-369
26
-106
-338
-280
11
134
-392
-1257
-1614
-1394
-1354
-1786
-2059
-1770
-1345
-1234
-1333
-1224
-854
-651
-853
-1237
-1361
-1216
-1612
-2888
-3762
-2324
1514
5015
6077
6366
8066
9899
8934
5039
1448
360
318
-1012
-3563
-4962
-3732
-1288
177
342
581
1637
2208
1277
82
-104
171
-108
-695
-430
1034
2576
2818
1781
1100
1736
2335
1334
-628
-1769
-1506
-854
-1042
-1841
-1665
-32
1222
647
-558
-566
374
664
-193
-891
-185
1287
1803
1124
875
1808
2489
1577
-201
-1236
-1144
-861
-1214
-1859
-1587
-233
661
346
-96
114
402
-96
-1212
-1897
-1740
-1262
-1026
-1111
-906
-66
596
345
-322
-606
-560
-794
-1468
-2016
-1751
-728
69
46
-92
422
1087
894
-70
-882
-1188
-1386
-1793
-2284
-2348
-1740
-1019
-696
-708
-595
-505
-1063
-1896
-2314
-2124
-1815
-1913
-1751
-1132
-617
-772
-2067
-3380
-2811
514
4140
5108
4990
6507
8981
8953
5622
1873
93
104
-191
-1722
-3178
-2690
-712
699
683
454
1025
1191
206
-1224
-1487
-508
309
330
153
1323
3196
3817
2658
1565
1845
2188
1488
-38
-957
-855
-509
-900
-1746
-1382
-96
597
-115
-881
-89
1282
1466
106
-791
210
1631
1711
582
-26
895
2005
1717
191
-938
-747
-349
-566
-965
-657
349
741
158
-537
-485
-121
-588
-1634
-2255
-1745
-680
-406
-785
-765
99
765
256
-703
-1273
-1207
-1034
-1248
-1484
-1369
-794
-189
97
236
445
629
288
-629
-1372
-1343
-1045
-1226
-1757
-1945
-1347
-595
-664
-1215
-1234
-790
-634
-1147
-2066
-2599
-2309
-1742
-1563
-1573
-1325
-897
-549
-595
-1382
-2466
-2416
-73
3567
5716
5595
5567
6990
7835
5786
1859
-847
-1101
-327
-442
-1603
-1837
-180
1423
1193
137
143
885
501
-957
-1465
-211
1518
2195
1891
2019
3157
3947
2986
1068
117
349
388
-293
-935
-960
-500
32
108
-389
-695
-498
-726
-1673
-2117
-1253
44
582
562
934
1927
2842
2612
1359
571
622
378
-474
-1096
-983
-469
-80
36
-35
-92
-111
-566
-1526
-2108
-1827
-1417
-1529
-1658
-1120
-185
352
126
-480
-745
-472
-300
-685
-1121
-1002
-641
-596
-719
-597
-287
-116
-195
-379
-442
-364
-419
-813
-1219
-1153
-746
-546
-708
-807
-681
-592
-771
-1181
-1685
-1965
-1719
-1300
-958
-803
-710
-663
-745
-882
-1387
-1768
-1726
-1429
-1054
-879
-1262
-2813
-3884
-2122
1948
5046
5311
5099
6561
8310
7515
4079
848
-117
546
890
311
-174
267
916
730
19
-160
145
-204
-1441
-2117
-915
1059
1913
1452
1350
2678
3997
3708
1728
-206
-667
-251
15
-249
-455
-233
101
97
-306
-417
81
196
-853
-1808
-1179
401
823
-51
-399
606
2194
2647
1555
114
-225
420
319
-656
-1155
-724
-354
-619
-856
-712
-666
-1068
-1643
-1834
-1231
-443
-308
-831
-976
-132
541
276
-644
-1346
-1387
-1124
-829
-801
-711
-345
-171
-414
-621
-505
-562
-1027
-1238
-799
-339
-174
-227
-338
-357
-200
139
38
-408
-773
-1107
-1287
-1303
-1225
-1319
-1463
-1287
-901
-552
-570
-1003
-1494
-1611
-1399
-1310
-1396
-1487
-1154
-505
-379
-1062
-2261
-2589
-752
2606
5031
5146
5206
6971
8167
6140
2461
659
967
1085
269
-200
291
1008
1092
419
-385
-612
-498
-929
-1665
-1359
422
1963
2023
1499
1663
2491
2480
1232
-296
-1087
-794
-28
747
1061
872
657
609
332
-481
-1398
-1992
-2351
-2366
-1455
-182
456
425
492
937
1235
1378
872
-159
-663
-169
485
129
-446
-522
-336
-343
-607
-749
-1011
-1368
-1580
-1438
-1007
-677
-656
-886
-997
-814
-580
-641
-981
-1227
-1093
-663
-310
-235
-356
-450
-372
-163
-11
-105
-390
-565
-382
44
347
302
40
-126
-65
65
35
-234
-604
-796
-697
-583
-746
-1065
-1289
-1327
-1187
-1031
-1043
-1090
-993
-954
-1078
-1081
-910
-844
-930
-967
-804
-395
-55
-394
-1473
-2249
-1372
1190
3624
4248
3915
4665
6133
5899
3513
1341
935
1157
693
155
534
1241
1143
437
169
425
236
-818
-1864
-1813
-588
774
1137
670
754
1715
2032
1026
126
205
288
-130
-149
560
1046
626
-167
-367
151
471
-111
-1084
-1437
-932
-263
-151
-515
-643
-233
208
185
-36
14
192
68
-248
-279
-45
-69
-514
-929
-912
-637
-540
-754
-1017
-1021
-747
-505
-566
-744
-662
-412
-364
-462
-436
-405
-571
-697
-464
-25
194
64
-127
-63
162
188
-86
-384
-460
-339
-149
10
73
68
74
74
-23
-154
-183
-184
-288
-413
-440
-492
-722
-1054
-1372
-1574
-1446
-952
-499
-390
-342
-43
222
28
-473
-766
-661
-449
-478
-734
-865
-789
-955
-1532
-1723
-673
1125
2257
2298
2370
3293
4075
3344
1746
1212
2026
2469
1659
804
1056
1772
1760
1031
433
213
-84
-639
-1003
-787
-247
32
-86
-87
386
866
677
-30
-377
-62
278
104
-125
165
568
326
-237
-194
209
156
-414
-547
-17
251
-8
-439
-429
-231
-306
-565
-840
-931
-1073
-1149
-1020
-713
-565
-644
-491
-101
323
338
169
85
45
62
-77
-195
-288
-339
-384
-369
-78
148
40
-248
-245
55
158
3
-216
-221
-52
62
87
54
196
388
449
463
503
538
335
101
43
208
354
144
-220
-345
-54
70
-278
-721
-942
-937
-914
-791
-636
-569
-545
-501
-463
-480
-470
-389
-288
-208
-109
-142
-340
-566
-701
-741
-788
-741
-748
-874
-1008
-1068
-992
-925
-766
-444
86
621
749
542
321
418
782
1173
1390
1232
962
931
1198
1498
1474
1229
975
866
938
1030
1062
912
639
508
633
831
839
582
236
91
200
414
475
201
-102
-115
-19
-32
-77
-68
-93
-128
28
232
140
-121
-251
-169
25
94
-47
-230
-323
-298
-229
-173
-137
-208
-385
-483
-370
-127
6
-88
-214
-143
61
132
-49
-301
-356
-209
-93
-100
-91
-24
12
25
35
-35
-199
-361
-450
-451
-330
-158
-92
-118
-105
-48
5
-28
-178
-339
-393
-281
-135
-231
-479
-575
-494
-332
-172
-109
-138
-203
-277
-306
-246
-150
-175
-343
-470
-447
-356
-318
-361
-425
-427
-329
-231
-270
-403
-473
-476
-523
-595
-616
-627
-702
-799
-885
-948
-862
-492
44
453
578
462
263
201
448
953
1373
1423
1206
1090
1233
1421
1440
1303
1119
960
940
1045
1107
935
640
601
763
885
873
759
483
308
342
338
316
39
-157
-239
-327
-330
-320
-180
266
1191
810
-168
203
415
46
-117
246
403
118
-361
-744
-364
-286
-695
-795
-583
-349
-340
-240
67
88
-354
-484
-144
157
98
-163
-217
16
209
39
-165
-345
-430
-574
-611
-259
-226
-311
-391
-347
-202
-442
-635
-705
-614
-468
-455
-412
-404
-420
-419
-334
-179
-31
-27
-169
-256
-151
112
247
126
-81
-135
-44
-34
-232
-528
-722
-731
-575
-350
-166
-98
-125
-136
-70
4
-37
-171
-277
-276
-269
-373
-588
-784
-795
-733
-711
-776
-867
-833
-488
114
498
553
356
236
460
747
983
1023
956
964
1055
1228
1272
1162
955
817
937
1092
1189
1158
948
790
698
673
726
677
489
306
271
323
315
226
110
37
37
2
-80
-109
-102
11
234
388
445
388
197
49
86
154
23
-198
-329
-366
-390
-364
-321
-453
-582
-553
-367
-109
-29
-18
-7
-65
-43
-55
-230
-454
-701
-816
-714
-572
-491
-546
-607
-503
-449
-474
-512
-600
-610
-589
-534
-481
-471
-384
-307
-254
-161
-43
-43
-160
-199
-91
69
133
209
224
162
155
78
39
51
-41
-109
-114
-111
-151
-218
-175
-133
-69
24
-37
-45
-46
-65
-51
-161
-251
-311
-257
-155
-143
-173
-395
-519
-510
-478
-329
-393
-566
-699
-691
-344
76
433
416
132
54
204
551
866
1037
1039
980
1074
1153
976
679
619
753
881
965
963
885
801
754
752
750
620
421
276
197
259
396
342
118
-11
32
124
82
-90
-178
-79
156
401
422
202
13
-4
53
75
6
-131
-269
-281
-83
100
40
-165
-341
-336
-206
-187
-251
-330
-436
-407
-266
-218
-283
-448
-595
-523
-341
-282
-356
-426
-463
-504
-482
-414
-437
-473
-394
-294
-240
-230
-329
-413
-307
-145
-86
-79
-23
41
65
139
243
208
111
39
8
163
251
111
-47
-138
-43
72
21
-85
-122
-102
-90
-21
26
-11
-66
-12
150
214
85
-150
-346
-384
-302
-296
-332
-432
-571
-520
-423
-396
-484
-674
-845
-890
-708
-404
-171
-119
-124
-79
43
231
450
741
928
958
949
968
991
868
737
674
655
744
733
635
596
559
592
687
712
672
646
593
555
505
343
192
69
41
58
-3
-24
-96
-142
-44
66
201
225
93
-33
-41
57
128
120
9
-24
25
8
2
-150
-350
-421
-392
-270
-317
-329
-298
-330
-215
-163
-168
-282
-385
-359
-406
-342
-345
-426
-383
-361
-312
-328
-401
-378
-394
-368
-259
-232
-194
-137
-122
-24
72
111
84
-63
-62
13
-55
-159
-207
-90
34
109
158
138
158
184
156
105
67
-10
-98
-100
-44
77
144
38
-122
-182
-113
-4
12
-32
-29
-69
-195
-281
-366
-471
-514
-525
-570
-579
-520
-537
-613
-695
-701
-689
-696
-500
-271
-76
73
70
72
183
403
665
823
740
663
701
805
891
828
834
831
798
779
739
675
567
468
376
501
602
489
313
153
193
258
215
89
-23
-50
23
65
33
34
2
38
78
156
260
295
387
378
337
288
160
17
-102
-89
-83
-64
-13
-93
-160
-170
-149
-77
-101
-178
-204
-169
-98
-100
-180
-247
-270
-235
-158
-177
-282
-345
-372
-379
-351
-332
-308
-288
-345
-307
-233
-245
-282
-326
-264
-162
-74
-39
-59
4
67
55
-13
-40
-16
-42
-78
-92
-67
-10
29
-11
-105
-74
-16
-41
-129
-250
-227
-135
-59
-91
-190
-157
-82
-48
-56
-114
-226
-280
-237
-213
-298
-470
-499
-461
-385
-276
-371
-451
-398
-382
-370
-340
-282
-249
-173
34
197
228
204
246
373
551
719
722
565
544
756
911
857
698
621
644
671
689
646
601
501
388
437
513
603
610
448
381
346
287
215
100
47
48
72
67
35
-35
-105
-134
-14
260
364
293
146
39
43
36
43
-55
-226
-285
-218
-135
-161
-239
-275
-194
-106
-137
-227
-336
-361
-351
-331
-214
-140
-78
-81
-196
-203
-237
-369
-458
-514
-488
-413
-395
-361
-336
-299
-235
-247
-272
-312
-263
-138
-87
-50
-41
-35
-78
-132
-72
-40
-100
-148
-162
-84
29
-22
-107
-128
-76
61
95
62
-3
-56
-20
13
51
-2
-131
-164
-125
-14
50
5
-72
-163
-149
-83
-111
-240
-391
-432
-334
-228
-266
-399
-466
-429
-358
-254
-172
-180
-137
57
285
380
321
214
175
287
534
716
729
640
502
545
694
700
628
457
394
496
532
592
563
447
450
488
557
554
408
247
116
70
136
172
49
-40
-59
-32
53
20
-112
-171
-106
-60
-21
-31
-100
-46
67
138
60
-68
-96
-84
-8
85
98
8
-111
-194
-184
-146
-228
-349
-392
-329
-225
-216
-265
-293
-302
-280
-227
-200
-265
-318
-310
-263
-200
-162
-139
-212
-227
-123
-155
-227
-235
-273
-234
-167
-164
-133
-180
-192
-109
-70
21
52
-16
-41
-1
89
124
60
11
30
74
157
201
174
170
146
130
140
98
34
-33
-37
-2
-11
-44
-109
-135
-144
-168
-165
-165
-155
-139
-108
-90
-155
-263
-326
-327
-337
-343
-344
-331
-315
-303
-212
-119
-92
19
150
255
363
370
374
418
509
635
641
584
504
496
583
619
587
469
355
330
361
389
328
228
185
206
233
259
263
219
158
152
201
198
132
69
41
45
64
74
24
-49
-41
27
70
50
-75
-184
-155
-85
-31
-41
-158
-246
-247
-227
-195
-199
-234
-249
-233
-181
-177
-238
-281
-302
-236
-129
-121
-134
-123
-131
-137
-176
-214
-208
-217
-207
-155
-95
-96
-188
-224
-185
-135
-33
-16
-113
-98
-25
0
28
-5
-65
-34
20
36
29
1
16
47
9
9
92
142
156
159
155
119
69
60
87
73
23
-52
-106
-68
-127
-220
-228
-248
-237
-215
-181
-218
-279
-316
-361
-320
-296
-271
-243
-267
-272
-304
-345
-277
-182
-189
-192
-155
-99
-1
95
108
94
130
187
272
339
416
444
427
464
436
481
560
575
589
555
543
571
570
518
511
475
435
432
400
431
415
382
377
347
316
189
98
126
137
156
159
82
25
-87
-151
-81
-93
-131
-190
-192
-186
-224
-248
-337
-368
-405
-436
-412
-410
-369
-370
-385
-394
-394
-361
-346
-333
-274
-167
-154
-234
-301
-329
-262
-162
-87
-84
-135
-54
9
-6
33
6
-15
-28
-79
-39
9
17
30
64
129
141
92
32
9
12
2
20
28
-16
-71
-59
4
9
0
-19
-1
72
71
56
0
-64
-86
-141
-135
-106
-111
-99
-126
-117
-63
-101
-140
-151
-175
-169
-189
-171
-172
-210
-160
-106
-54
-26
-42
-27
17
58
65
73
90
103
127
134
174
180
196
248
285
372
382
386
441
436
446
458
479
551
621
578
468
406
357
342
342
316
301
298
303
322
302
235
192
136
60
76
135
114
53
-4
-44
-2
36
-38
-120
-146
-169
-181
-209
-276
-293
-277
-333
-409
-442
-410
-338
-356
-418
-383
-327
-306
-309
-361
-385
-322
-236
-202
-221
-188
-131
-140
-132
-104
-92
-54
-38
-61
-85
-102
-63
6
6
-16
-27
-15
-15
-7
53
69
45
20
46
28
41
71
9
53
53
67
101
62
72
21
20
34
-21
-51
-65
-75
-74
-22
15
-17
-94
-121
-65
-20
-5
-37
-133
-163
-110
-104
-109
-98
-116
-92
-23
27
47
44
16
-19
-14
49
77
48
65
121
114
70
99
203
283
295
293
326
380
378
310
235
192
211
287
342
315
250
233
265
285
287
256
235
280
298
291
294
233
162
110
41
22
-25
-89
-55
-25
-32
-67
-119
-133
-148
-203
-196
-176
-219
-224
-259
-225
-140
-188
-205
-235
-255
-232
-305
-302
-277
-316
-313
-303
-265
-235
-224
-225
-218
-186
-199
-171
-106
-67
-90
-157
-151
-122
-106
-53
-34
-19
60
79
40
32
19
24
9
-3
62
96
89
108
94
70
89
127
156
126
115
142
117
102
92
35
-11
1
42
66
5
-82
-77
-51
-11
34
5
-36
-55
-41
-24
-51
-44
-45
-42
14
7
-19
-36
-54
-40
-28
-25
-10
-2
1
12
56
142
187
140
70
56
95
95
52
61
95
65
45
62
76
120
181
217
215
186
171
184
199
201
215
168
107
88
35
42
76
77
105
87
65
75
75
115
93
46
87
93
78
45
4
-12
-50
-104
-183
-196
-148
-136
-153
-162
-138
-114
-113
-151
-160
-183
-191
-139
-121
-75
-100
-143
-86
-128
-163
-153
-173
-119
-92
-131
-162
-157
-92
-16
35
29
16
30
28
29
37
39
22
15
35
14
-22
-25
-23
-23
25
69
43
7
-42
-1
69
64
61
18
41
64
45
46
31
50
19
-46
-42
30
79
58
21
-28
-48
-39
-59
-110
-119
-58
13
21
-21
-47
-43
5
-22
-54
-54
-57
-20
-37
0
17
-36
-60
-52
27
62
34
-5
-6
-1
51
108
84
74
45
93
128
92
95
127
194
166
118
122
107
106
118
112
78
54
32
40
101
156
169
119
50
33
73
112
105
54
12
-12
-26
-5
-7
-25
3
27
15
-49
-114
-75
-20
-39
-66
-97
-109
-102
-102
-40
3
-65
-123
-129
-116
-93
-90
-83
-84
-115
-101
-50
-42
-50
-42
-29
-6
-7
-50
-87
-77
-39
-11
-20
-34
-38
-52
-44
0
25
20
15
9
11
37
43
5
-25
-36
-43
-11
19
-2
-5
46
90
83
36
-10
-58
-102
-82
-33
-33
-34
-17
-51
-54
-4
-25
-106
-101
-36
0
-10
-33
-38
-83
-101
-83
-96
-66
-60
-32
4
8
42
-7
-25
25
20
64
69
31
32
12
1
5
45
81
74
94
101
90
101
142
161
152
149
108
126
174
154
140
117
134
143
120
182
165
95
84
74
106
101
99
89
13
21
55
36
-2
-17
24
51
36
3
-30
-55
-51
-28
-12
-53
-130
-152
-112
-63
-70
-98
-117
-161
-165
-73
-44
-84
-56
-69
-90
-87
-77
-59
-74
-78
-97
-74
-83
-141
-98
-77
-82
-83
-83
-71
-75
-34
15
14
-28
-57
-36
-2
49
56
5
-42
-69
-63
-77
-33
25
-22
-21
-32
-61
-19
-22
-6
-2
-15
1
-34
1
64
44
51
57
19
27
46
-3
-8
26
8
-12
6
30
42
42
45
37
-6
-8
8
11
39
46
54
31
-5
28
66
68
53
50
61
62
62
92
92
82
91
89
94
80
86
121
140
131
115
126
114
131
137
93
103
108
66
44
67
78
62
47
28
30
4
-31
-26
-55
-69
-62
-75
-68
-111
-124
-87
-110
-87
-50
-81
-79
-53
-61
-67
-75
-91
-69
-74
-108
-101
-75
-65
-101
-110
-96
-79
-44
-74
-79
-36
-49
-34
-18
-14
-17
-56
-56
-45
-24
-2
-33
-50
-32
-31
-54
-54
-37
-11
42
38
1
-27
-62
-37
-18
7
55
-5
-29
16
32
74
67
56
51
11
8
27
18
-4
2
-27
-9
44
23
48
89
70
23
-11
3
47
74
56
37
38
53
47
14
0
6
24
44
49
54
70
72
61
64
50
60
90
74
68
57
77
99
37
44
60
45
72
56
55
66
21
5
0
-7
34
14
-33
-14
18
-10
-50
-8
-1
-22
-10
-13
-14
-27
3
35
-1
-24
-16
-39
-59
-36
-43
-59
-87
-119
-108
-102
-106
-101
-85
-77
-102
-110
-88
-77
-69
-74
-72
-36
-28
-32
-14
-15
0
9
-25
-51
-54
-11
1
-37
-40
-34
-15
-8
-13
13
17
7
20
29
13
7
4
3
28
16
13
16
5
45
34
35
65
17
20
37
29
37
36
37
43
36
32
11
1
0
-11
9
13
16
45
45
66
48
7
8
20
39
41
55
60
55
97
104
73
67
32
6
50
67
61
53
62
77
57
45
31
31
41
54
47
18
2
-13
11
27
9
29
6
-35
-28
-23
-8
-5
-25
-36
-44
-42
-26
-16
-27
-61
-76
-46
-23
-4
0
-32
-33
-50
-64
-49
-53
-51
-44
-53
-60
-46
-30
-24
-43
-74
-76
-78
-61
-33
-32
-27
-23
-42
-30
-26
-57
-42
-5
-3
-1
22
42
47
44
36
35
29
9
-13
-13
-4
-7
2
19
48
36
12
11
-4
22
38
46
46
53
57
20
21
14
3
-13
-6
32
48
76
51
3
-7
4
20
36
27
16
38
13
-12
0
33
39
8
8
10
1
18
39
24
37
61
26
3
-6
-26
-38
-4
33
22
11
-4
-1
19
18
0
-11
-13
-2
14
6
9
17
15
8
1
-11
-23
-3
-15
-40
-43
-48
-56
-72
-34
6
-18
-32
-38
-35
-26
-52
-34
2
22
30
5
7
5
-23
-17
-31
-43
-22
3
21
26
11
-31
-51
-26
-35
-11
8
-32
-36
-21
3
19
34
42
35
50
42
24
-1
-39
-43
-12
10
24
50
38
-3
-14
20
45
24
6
11
-8
-6
27
-16
-42
-33
2
57
49
53
35
32
45
3
3
11
7
6
5
9
-11
7
24
32
48
28
0
-51
-63
-3
9
-2
-4
-21
-30
-10
15
27
42
30
15
21
36
39
-5
-9
2
-21
6
20
3
-17
-43
-24
-12
-17
-9
-20
-14
6
-5
1
7
9
16
-1
-14
-23
-4
26
2
-9
-11
-18
-13
-5
2
-2
-13
-23
-20
-11
-16
4
13
5
0
20
52
33
16
3
0
11
-3
7
14
2
3
-2
-4
-3
9
5
-4
-13
-22
-11
-15
0
5
-20
-15
-35
-34
-10
2
43
48
50
48
4
-5
-9
-34
-10
21
30
41
18
13
21
2
-6
-10
5
26
11
9
2
-8
-26
-47
-13
22
43
37
-4
0
12
7
-17
-63
-45
-19
-36
-31
7
22
27
25
-24
-6
19
-9
7
20
27
37
-2
-25
-14
-3
13
1
-8
0
0
30
14
-4
27
15
-5
-6
-17
-17
17
15
0
-10
-18
16
15
8
21
-1
-6
-17
-27
-20
-35
-59
-55
-20
14
4
-22
1
32
19
2
-3
-26
-31
-11
9
10
-4
-10
1
21
44
50
42
40
27
19
8
-31
-49
-16
33
20
-26
-9
8
-2
-7
-4
0
-9
-2
-5
-6
-11
-11
21
16
20
23
6
5
0
15
23
2
-18
-25
-11
-14
-28
-19
4
16
28
27
11
7
9
0
6
-2
-19
-3
9
12
19
6
-15
-5
14
15
19
19
4
-6
-18
4
26
8
5
-7
-9
4
-5
1
24
28
2
0
18
16
16
2
8
16
2
0
3
2
-9
-1
9
0
-4
-10
6
10
0
2
-5
12
28
21
4
-11
-7
4
41
24
-17
-9
7
12
-2
-30
-44
-19
-12
-3
14
-2
5
-14
-41
-31
-23
-17
4
20
35
48
25
11
2
-31
-27
-20
-11
1
-7
4
6
7
19
-20
-37
-11
4
5
-8
-18
-20
-22
-17
-19
9
34
-10
-8
10
-5
36
21
-12
-1
-17
-19
-39
-38
-8
3
40
27
-15
-22
-28
-29
-25
-8
0
12
27
20
23
22
18
14
17
26
22
10
21
42
30
14
31
36
17
-4
-23
-33
-33
-28
-4
17
6
15
19
19
30
12
1
8
11
2
-7
-2
3
9
12
25
27
23
28
1
-6
3
-12
-12
-33
-44
-24
-10
12
18
-3
-16
-20
-28
-7
10
-6
-8
-17
-24
-16
-15
-5
-4
0
-1
-12
-26
-36
-14
0
1
5
12
15
-4
-5
5
6
14
15
20
36
38
17
12
9
8
20
6
15
18
-1
1
10
26
16
9
27
21
18
9
6
19
25
33
39
38
-7
1
18
-4
5
-1
23
20
-21
-27
-30
-29
-47
-53
-40
-28
-4
-19
-7
31
27
14
-10
-23
-15
6
11
-6
-8
-5
8
10
18
28
16
18
11
-5
1
1
-29
-32
-14
-10
-1
9
20
8
-1
13
11
5
0
-15
-17
-3
4
6
3
-15
-28
-39
-18
22
20
8
-13
-43
-41
-24
-6
2
-13
-12
2
7
2
7
22
23
29
-6
-25
-12
-18
4
7
16
29
25
23
2
8
29
34
26
19
15
-15
-32
-36
-30
-10
2
15
20
22
44
44
23
10
-11
-35
-38
-31
-11
16
5
-4
3
5
17
