35
34
34
38
44
46
46
46
48
48
47
49
51
53
54
55
55
52
48
46
46
44
40
41
44
39
30
25
27
26
22
16
12
11
7
1
-4
-7
-9
-11
-12
-17
-24
-25
-26
-30
-37
-38
-40
-40
-42
-47
-47
-47
-47
-45
-47
-52
-50
-48
-51
-50
-47
-44
-45
-44
-45
-46
-44
-37
-40
-43
-39
-34
-35
-35
-30
-27
-26
-23
-18
-15
-12
-9
-3
5
10
14
19
24
29
35
39
47
53
60
61
66
69
66
66
72
73
71
72
74
70
68
69
68
64
62
61
60
58
54
48
44
41
37
35
32
26
21
17
13
8
4
-1
-6
-9
-14
-19
-22
-26
-25
-27
-30
-35
-39
-42
-42
-41
-40
-40
-40
-40
-39
-38
-39
-41
-39
-42
-40
-40
-40
-40
-40
-39
-37
-36
-35
-38
-37
-38
-35
-33
-30
-29
-25
-23
-24
-27
-30
-30
-27
-23
-20
-20
-21
-18
-16
-14
-13
-10
-7
-3
5
10
14
18
22
27
31
36
41
48
55
61
65
67
66
67
67
69
71
71
68
66
66
66
66
63
59
56
54
54
53
48
43
41
37
34
29
24
19
18
15
14
11
7
3
-4
-7
-9
-12
-16
-19
-18
-19
-26
-27
-25
-32
-34
-29
-34
-38
-41
-39
-39
-39
-43
-45
-48
-43
-39
-42
-45
-45
-45
-44
-47
-47
-45
-43
-43
-45
-44
-41
-43
-43
-43
-44
-43
-44
-42
-38
-36
-34
-33
-35
-39
-43
-43
-41
-41
-41
-41
-40
-40
-39
-39
-38
-36
-31
-27
-29
-26
-18
-11
-4
-1
6
15
19
22
32
38
46
57
59
61
69
69
73
79
81
86
91
94
90
87
84
80
80
79
79
79
74
69
72
66
63
65
61
56
55
51
47
44
39
36
32
25
21
20
15
9
4
4
5
4
0
-5
-9
-10
-9
-9
-13
-16
-15
-13
-12
-16
-21
-24
-22
-20
-20
-23
-28
-30
-30
-31
-30
-33
-33
-32
-31
-30
-31
-33
-35
-38
-39
-39
-38
-35
-35
-36
-39
-40
-40
-39
-37
-38
-41
-45
-46
-48
-48
-50
-51
-53
-55
-57
-60
-62
-64
-65
-63
-61
-58
-55
-53
-47
-41
-33
-26
-18
-9
2
15
29
39
48
58
69
80
90
97
101
107
111
116
120
124
124
124
122
120
117
115
114
112
109
104
95
87
82
78
76
74
68
61
53
43
34
26
20
11
4
0
-6
-14
-23
-29
-29
-31
-41
-44
-48
-50
-51
-51
-52
-51
-52
-56
-54
-53
-52
-51
-52
-52
-51
-48
-48
-52
-53
-51
-47
-43
-43
-42
-36
-34
-35
-31
-32
-30
-24
-27
-28
-22
-24
-24
-25
-28
-27
-28
-32
-36
-40
-42
-45
-48
-50
-55
-63
-67
-70
-78
-84
-84
-87
-93
-98
-103
-111
-118
-120
-120
-120
-119
-117
-113
-103
-90
-80
-72
-61
-46
-26
-5
15
33
46
62
80
97
118
132
141
153
156
161
175
178
178
176
172
174
177
169
160
155
154
153
149
142
138
129
121
115
114
109
96
84
75
68
57
45
33
20
12
6
-3
-13
-25
-34
-39
-39
-41
-44
-50
-55
-56
-52
-50
-47
-45
-43
-40
-35
-33
-33
-33
-30
-27
-23
-22
-22
-22
-20
-20
-20
-21
-23
-22
-21
-22
-25
-28
-27
-25
-24
-26
-31
-35
-35
-34
-34
-38
-44
-51
-55
-59
-62
-70
-80
-91
-99
-103
-107
-114
-125
-137
-149
-158
-165
-170
-176
-182
-188
-189
-188
-191
-193
-197
-196
-186
-170
-153
-141
-129
-115
-95
-69
-42
-15
14
46
79
111
136
156
175
197
224
249
270
283
289
294
299
305
313
317
319
314
307
298
290
282
276
269
264
252
237
221
204
187
175
162
147
128
104
80
56
36
19
5
-11
-28
-44
-60
-76
-88
-95
-100
-100
-101
-105
-110
-111
-109
-107
-104
-99
-92
-83
-81
-81
-84
-80
-76
-74
-75
-70
-63
-59
-63
-68
-70
-68
-63
-60
-64
-71
-74
-73
-74
-76
-77
-78
-78
-84
-88
-93
-97
-103
-111
-119
-124
-129
-134
-141
-154
-168
-174
-177
-181
-182
-184
-185
-191
-204
-215
-220
-219
-215
-212
-213
-219
-225
-233
-234
-227
-214
-194
-171
-149
-132
-120
-101
-72
-34
11
55
98
137
172
202
228
252
278
308
343
369
382
377
364
359
369
384
387
374
355
341
336
334
329
316
297
280
266
256
239
219
197
180
165
147
118
84
52
28
12
-1
-20
-47
-76
-98
-109
-111
-113
-118
-130
-139
-143
-139
-141
-141
-135
-124
-114
-112
-116
-118
-113
-101
-87
-74
-65
-66
-71
-77
-79
-78
-73
-65
-57
-53
-54
-60
-66
-69
-67
-62
-59
-64
-73
-76
-72
-68
-67
-72
-77
-78
-73
-72
-77
-84
-87
-93
-98
-101
-104
-113
-121
-123
-123
-125
-134
-142
-148
-155
-165
-174
-181
-187
-188
-185
-192
-208
-221
-221
-202
-169
-129
-104
-103
-108
-92
-51
-4
41
92
143
185
226
256
266
274
305
357
406
437
436
407
386
396
424
444
431
399
372
363
362
346
315
285
271
271
263
234
186
148
134
140
132
94
40
-7
-31
-38
-47
-67
-97
-127
-148
-163
-175
-187
-196
-198
-194
-188
-181
-179
-180
-174
-164
-149
-133
-118
-110
-110
-107
-94
-71
-54
-51
-64
-79
-84
-75
-59
-50
-45
-46
-49
-53
-60
-62
-54
-42
-30
-27
-30
-32
-26
-20
-21
-29
-34
-32
-22
-15
-22
-38
-54
-63
-68
-69
-72
-79
-95
-113
-126
-127
-129
-140
-161
-187
-209
-226
-243
-256
-269
-279
-290
-304
-330
-364
-384
-372
-332
-286
-267
-278
-291
-274
-221
-152
-90
-41
15
79
143
187
206
221
258
330
409
462
469
445
428
445
482
506
499
474
458
458
465
458
437
407
387
374
362
339
305
274
258
265
270
247
183
108
59
51
61
61
40
1
-46
-86
-112
-123
-129
-138
-145
-142
-138
-139
-152
-170
-181
-171
-146
-121
-117
-129
-139
-126
-100
-84
-96
-124
-135
-115
-85
-72
-84
-101
-106
-99
-94
-98
-100
-94
-76
-51
-30
-28
-48
-71
-78
-56
-28
-11
-9
-18
-29
-36
-38
-48
-77
-110
-126
-114
-101
-103
-128
-158
-186
-211
-230
-244
-251
-259
-273
-295
-323
-349
-367
-378
-386
-402
-430
-460
-470
-436
-369
-311
-299
-325
-340
-307
-227
-128
-39
31
95
160
218
252
267
297
365
467
559
600
582
545
541
582
639
669
650
599
560
565
596
609
580
524
479
465
468
459
423
382
359
349
329
283
224
163
117
104
113
114
83
16
-62
-120
-132
-116
-106
-116
-135
-152
-157
-162
-176
-186
-174
-147
-133
-135
-142
-149
-153
-155
-145
-127
-123
-144
-174
-177
-150
-118
-110
-133
-163
-170
-157
-147
-155
-161
-150
-128
-108
-100
-110
-128
-131
-118
-103
-100
-110
-127
-138
-142
-157
-179
-187
-175
-164
-174
-210
-259
-291
-284
-267
-275
-306
-337
-363
-388
-412
-435
-456
-461
-448
-455
-490
-532
-559
-552
-501
-430
-384
-381
-397
-393
-343
-250
-147
-59
17
91
163
221
259
284
328
414
529
619
658
645
610
600
648
730
782
771
721
682
680
689
684
662
635
609
597
592
570
530
489
447
410
386
366
320
246
172
129
137
164
161
92
-16
-107
-136
-100
-49
-40
-77
-135
-174
-179
-164
-160
-179
-198
-185
-150
-134
-165
-212
-226
-195
-153
-134
-157
-202
-233
-231
-197
-158
-144
-165
-199
-211
-203
-184
-162
-153
-162
-169
-154
-128
-125
-150
-183
-207
-205
-176
-160
-181
-215
-228
-229
-234
-243
-249
-252
-257
-273
-296
-313
-320
-317
-319
-333
-358
-377
-391
-417
-455
-483
-480
-472
-482
-514
-547
-546
-484
-398
-360
-388
-419
-395
-301
-175
-67
1
46
95
181
281
366
406
405
439
549
684
787
789
688
601
631
760
880
901
830
728
681
726
791
798
728
622
577
610
666
690
633
520
447
445
471
462
392
285
198
175
210
250
226
122
-8
-79
-60
3
24
-17
-77
-131
-147
-135
-143
-171
-198
-209
-179
-134
-129
-167
-226
-265
-247
-197
-180
-221
-292
-327
-304
-257
-231
-253
-300
-336
-334
-297
-265
-275
-312
-327
-287
-228
-199
-218
-267
-304
-292
-240
-198
-207
-251
-293
-306
-289
-257
-243
-268
-307
-329
-329
-306
-297
-332
-378
-408
-406
-370
-344
-365
-412
-442
-430
-390
-379
-408
-471
-537
-508
-381
-261
-221
-266
-315
-269
-138
2
82
73
68
158
308
448
514
479
421
468
630
811
881
808
684
630
697
833
915
877
751
641
654
763
858
849
726
584
536
593
678
701
616
466
350
336
395
420
349
205
70
31
89
149
114
-15
-164
-243
-207
-101
-47
-110
-240
-329
-310
-208
-130
-166
-288
-371
-352
-273
-201
-197
-269
-344
-360
-333
-290
-269
-315
-385
-406
-359
-270
-230
-291
-384
-408
-340
-242
-206
-239
-284
-308
-284
-207
-145
-163
-222
-240
-236
-200
-141
-149
-209
-278
-300
-238
-165
-149
-200
-282
-334
-304
-229
-195
-232
-306
-359
-382
-371
-345
-325
-331
-388
-450
-453
-422
-375
-330
-305
-279
-279
-304
-280
-204
-113
-14
62
120
174
240
324
399
471
518
513
535
630
722
776
794
752
709
735
798
839
838
792
736
715
735
776
792
735
632
557
554
593
605
561
482
391
324
308
319
306
237
154
94
43
22
32
-11
-98
-156
-179
-153
-117
-125
-165
-222
-231
-187
-159
-189
-252
-295
-293
-264
-227
-219
-241
-273
-302
-316
-323
-320
-298
-281
-264
-271
-284
-267
-263
-268
-266
-256
-231
-219
-211
-189
-183
-205
-218
-217
-197
-161
-162
-190
-205
-215
-207
-198
-229
-235
-205
-184
-193
-242
-289
-278
-254
-258
-268
-294
-341
-377
-374
-364
-392
-401
-408
-442
-469
-478
-462
-467
-418
-317
-269
-302
-375
-350
-246
-127
-1
56
64
102
193
318
427
456
449
457
490
581
713
790
759
690
687
738
766
787
801
760
718
721
739
735
740
718
657
605
543
530
528
483
457
387
304
241
192
204
201
170
101
14
7
-9
-47
-91
-163
-188
-179
-183
-180
-177
-191
-214
-247
-270
-285
-288
-263
-270
-292
-292
-298
-283
-269
-295
-303
-282
-269
-264
-275
-276
-257
-239
-238
-256
-267
-237
-191
-162
-161
-181
-197
-189
-159
-137
-143
-165
-172
-158
-126
-110
-113
-121
-158
-182
-181
-158
-152
-187
-195
-213
-235
-242
-246
-239
-267
-302
-325
-343
-352
-348
-316
-296
-334
-415
-481
-507
-478
-394
-306
-261
-268
-312
-344
-289
-169
-34
27
35
59
132
268
360
400
436
463
506
542
598
656
691
712
696
670
680
719
721
678
645
640
636
639
651
639
600
557
516
487
473
453
408
360
331
297
235
181
152
138
119
94
46
-19
-50
-88
-133
-138
-128
-162
-189
-151
-152
-136
-135
-212
-235
-216
-203
-187
-199
-262
-285
-222
-201
-236
-249
-252
-252
-249
-258
-263
-257
-252
-222
-205
-238
-252
-233
-192
-144
-153
-197
-198
-166
-153
-134
-145
-150
-131
-154
-142
-125
-141
-169
-190
-174
-151
-141
-181
-215
-207
-205
-207
-244
-305
-325
-307
-309
-316
-353
-349
-341
-411
-449
-429
-397
-415
-432
-387
-329
-270
-296
-371
-380
-273
-100
-8
2
18
81
196
312
348
361
415
467
502
526
548
611
684
708
702
687
646
641
697
714
675
650
645
634
619
595
567
552
558
555
497
437
433
438
433
389
283
215
206
188
149
92
41
34
18
-45
-109
-112
-64
-39
-92
-162
-175
-137
-126
-172
-217
-218
-200
-202
-227
-245
-247
-246
-244
-242
-247
-253
-254
-251
-248
-252
-259
-258
-257
-257
-260
-262
-261
-260
-260
-260
-259
-255
-253
-254
-254
-253
-253
-249
-241
-237
-246
-248
-227
-203
-207
-229
-239
-237
-246
-263
-288
-348
-412
-414
-369
-413
-571
-663
-544
-375
-421
-645
-728
-554
-374
-435
-617
-603
-357
-194
-309
-508
-534
-350
-113
47
118
118
85
96
239
442
534
564
590
530
557
786
1072
1170
767
-79
-465
994
3823
4548
1486
-1821
-1824
1046
3484
3042
787
-1325
-1310
1597
4206
3183
366
-1469
-1164
1292
3093
2538
-691
-3221
-2415
-773
739
903
312
-647
-2063
-1893
-1084
301
1311
315
-842
-1585
-1365
-7
516
531
430
-65
107
430
622
424
20
585
824
460
210
183
620
348
-59
41
-39
178
-78
-715
-1154
-1281
-524
-109
-550
-1394
-1938
-1766
-1533
-1631
-1750
-2008
-2555
-2744
-2612
-2008
-2167
-2809
-2913
-2851
-2398
-2957
-3157
-2391
-1715
-1779
-3472
-5117
-4098
1015
5484
4663
-1956
-8260
-5510
3623
10944
9400
1056
-4198
-2626
2967
7449
8399
6914
4082
1346
560
2361
5912
7858
6041
2403
-131
985
3786
4201
1782
-1076
-736
1922
2865
856
-2658
-3929
-2450
-322
1032
45
-2162
-4281
-4981
-3580
-1398
452
351
-1851
-4182
-4452
-2564
97
1736
1435
539
-752
-1615
-1223
270
3347
4929
3591
930
-1121
345
3025
4472
4101
2088
956
548
640
917
967
1148
1036
185
-1039
-1962
-2176
-1642
-1788
-2119
-2797
-3163
-2989
-4015
-4705
-4836
-3723
-2941
-3828
-5148
-6069
-5052
-3735
-3277
-3724
-3933
-3933
-3458
-2711
-3536
-4232
-4642
-1078
5121
5874
427
-8157
-8410
2669
12776
13956
3913
-5529
-4598
2844
11147
12263
8256
3968
1542
2817
4401
6315
7715
6836
4744
2327
1522
3174
3976
2373
283
-155
2420
3310
327
-3711
-5582
-2443
1613
2407
-572
-5260
-7144
-5520
-2683
-706
-968
-2295
-4088
-5768
-5142
-3085
107
936
-922
-1506
-2703
-2020
-754
474
3354
3767
2838
463
-539
2218
5067
6421
4379
1707
1403
2593
4286
4172
3193
2854
2474
1924
768
10
139
233
-159
-826
-1399
-1974
-2857
-3873
-3950
-3137
-2332
-2804
-4520
-6110
-6185
-4287
-3466
-3737
-5377
-6248
-5301
-4191
-2946
-3922
-4007
-4649
-3840
-2123
-2705
-4157
-4626
-3272
4007
6519
2671
-4887
-9603
-235
9943
14591
6314
-4236
-5109
1642
10313
12095
7283
4055
2377
4351
5664
5756
6428
6327
5542
3785
2038
2477
3451
3167
1792
820
1878
3332
1462
-2213
-5019
-3069
1502
2784
524
-4434
-5752
-4020
-1778
-215
-1621
-2215
-3574
-4690
-4531
-4217
-1790
18
-222
-98
-3128
-2817
-2545
84
3433
2944
2274
-596
-1245
578
2485
5583
5036
3020
616
-255
2121
3444
3743
2581
1417
1592
765
56
-683
-381
718
548
-649
-2539
-3832
-3866
-3264
-2539
-2125
-2942
-4159
-5254
-5723
-4613
-3711
-3034
-3398
-4705
-5009
-5372
-4576
-3338
-2614
-1814
-3417
-5375
-6307
-4066
3100
6185
2101
-5981
-10011
-1614
9354
12821
5239
-5294
-5243
2292
10147
10220
4986
2355
2453
5300
5357
4188
5083
5547
5850
4114
2861
3862
4013
3224
1624
1308
3352
4672
2586
-1864
-3931
-1396
3067
4128
706
-3748
-5021
-2345
236
-174
-2219
-2307
-2192
-2610
-3703
-3840
-1211
-118
-753
-3724
-4160
-654
863
647
-1912
-2314
965
3983
4012
-259
-2187
663
4690
5546
1980
-239
233
2541
3882
2456
2002
1722
1197
-10
-1218
-332
1279
1588
-698
-3084
-3531
-1832
-843
-1919
-3747
-4360
-2916
-2709
-3500
-4988
-4831
-3569
-3489
-3685
-5084
-4941
-4158
-3449
-2943
-3667
-4199
-5101
-4991
-2111
2270
3038
-1147
-6819
-6870
1301
8905
8572
417
-5488
-2639
5271
9844
6681
2466
1364
3869
6017
4692
3911
4370
5671
5719
3403
2427
2974
3904
4241
2879
1957
2492
2897
1619
-700
-1419
199
2320
1884
-1199
-3367
-2636
-542
-112
-1021
-2050
-2602
-2971
-3477
-3041
-2192
-539
-669
-2286
-3948
-4530
-1007
942
555
-1314
-2822
-387
1933
2742
733
-740
1015
3133
3667
1395
594
1893
2909
3536
2372
1249
1616
1498
1218
835
784
1343
603
-286
-1418
-1981
-1225
-741
-892
-2744
-3735
-3412
-2588
-1993
-3660
-4571
-4422
-3460
-2940
-4236
-4090
-3463
-2826
-3441
-4510
-4058
-3410
-3826
-4073
-4339
-444
3365
1260
-2917
-8536
-3195
5190
9858
5226
-3620
-5876
-204
7294
8981
4148
1479
1404
4383
5123
3703
3852
5074
6305
4218
1486
1789
3538
4854
3303
1446
1999
3417
3168
309
-1804
-428
2395
3291
775
-2595
-3608
-1884
469
858
-840
-2013
-2031
-1903
-2564
-3441
-2016
495
634
-2329
-5089
-4852
-618
4024
3031
-1141
-4525
-3743
1229
4616
3967
537
-1095
340
1716
2006
2201
2834
2900
1973
706
452
1340
2345
1977
474
-552
-492
57
-3
-480
-1529
-1605
-1309
-2045
-2980
-3597
-2525
-2088
-2693
-3318
-3937
-3135
-2918
-3064
-3457
-3905
-2898
-3003
-3049
-3506
-3729
-2631
-3337
-3319
-3367
-476
3107
1123
-3060
-7259
-3057
4407
7813
4553
-3465
-4729
-160
6415
7509
3485
519
1343
4040
4703
2365
2076
3283
5926
4731
1328
310
1386
3772
3920
2574
1660
1367
1447
37
-495
337
1868
2278
586
-1398
-2168
-1013
552
936
20
-1079
-1564
-1941
-2447
-2445
-678
757
186
-2276
-4202
-3060
-62
2243
2251
-85
-2202
-2508
-776
3096
3848
2770
-426
-1329
-169
1955
3444
3421
2018
550
194
508
1297
1954
1532
845
129
-312
-312
-50
-74
-463
-1273
-1890
-2017
-1936
-1864
-1925
-1818
-1889
-2865
-3479
-2981
-2248
-2317
-2627
-3206
-3169
-2447
-2578
-3133
-3265
-2701
-2135
-2226
-3280
-3462
-1694
1841
899
-1940
-5435
-4002
2057
6289
4816
-2298
-4627
-1258
4763
6197
3015
315
741
3430
4107
2353
1543
2932
4723
3960
1766
970
1828
3134
3265
2272
1671
1666
2111
1289
-159
-165
1268
2921
2122
-566
-2375
-1714
777
1838
800
-856
-1829
-1737
-1446
-1051
-421
149
-393
-1863
-2672
-2438
-1100
397
1574
1501
-527
-2232
-2307
196
3622
4601
2277
-1485
-2576
3
3504
4592
2885
334
-664
283
1264
2037
2105
1619
554
-654
-573
-284
35
208
-167
-633
-1554
-2115
-2317
-2252
-1750
-1580
-1553
-2343
-3372
-3583
-2953
-2273
-2010
-2517
-2943
-3477
-2897
-2546
-2634
-2755
-2729
-1705
-3479
-3306
-3136
1342
2091
-827
-5141
-5622
789
5855
5613
-1229
-5005
-2858
3826
6253
3386
588
540
2152
3464
2453
1842
2840
4107
3647
1865
723
1247
2901
3465
2263
1150
1420
2194
1579
207
67
1807
3067
1796
-912
-1987
-442
1763
2092
265
-1468
-1477
-237
-8
-765
-1103
-490
447
-169
-1564
-1962
-663
331
106
581
599
60
-549
-1437
-148
2898
4040
1818
-1492
-2243
614
4010
4237
1817
-776
-1020
950
1984
1941
1319
757
321
-795
-1260
-639
644
1170
-110
-1993
-2845
-2201
-1126
-747
-1317
-1962
-2301
-2593
-2938
-3228
-2501
-1600
-1444
-2476
-3523
-3900
-2976
-1905
-2041
-1975
-2381
-2768
-3814
-3536
-2541
1260
2095
-945
-5030
-6000
-439
5387
5486
-1021
-5027
-2941
2647
5201
3096
20
-406
2125
3901
2671
1065
1106
3160
4500
3100
940
393
1862
3155
2961
2460
2128
1696
945
629
1317
2393
2728
1927
400
-648
-134
1440
2268
1064
-797
-1044
77
604
-138
-565
115
355
-464
-1416
-1380
171
1027
-159
-1060
-830
-54
837
221
-916
-57
1655
1956
413
-1267
-608
1851
3221
1985
-606
-1528
192
2038
1772
287
-212
338
158
-988
-1324
-58
1197
519
-1509
-2854
-2483
-1022
-183
-821
-2211
-2867
-2458
-1860
-2128
-2666
-2304
-1560
-1469
-2949
-3561
-2762
-1990
-1691
-2242
-2555
-2557
-2995
-3517
-3231
59
1939
-815
-4549
-6348
-1479
3935
4463
-566
-4248
-3411
1236
3986
2855
342
-296
1601
2955
1720
212
1148
3890
4778
2682
151
221
2418
4165
3788
2271
1370
1591
2047
1843
1356
1591
2522
2748
1458
-168
-302
1160
2312
1928
584
-230
-146
-37
-79
-86
608
737
61
-1347
-1836
-924
172
525
-323
-157
-159
73
-1013
-1061
-212
2187
2779
658
-2149
-1869
1053
3287
2668
162
-1388
-416
1137
1283
573
706
1018
386
-942
-1454
-341
1179
907
-1071
-2556
-2215
-758
19
-928
-2247
-2450
-1655
-1446
-2404
-2634
-1801
-1429
-2026
-2843
-3322
-2455
-1299
-1890
-2996
-3425
-2491
-2135
-3040
-3845
-3168
733
1464
-1776
-5419
-5493
-101
4692
3703
-2436
-5479
-2619
3162
4453
1771
-1041
214
2691
3176
998
19
1915
4862
5201
1990
-690
661
3721
4999
3426
1413
1476
2719
2663
1395
822
2061
3545
2953
739
-532
431
2263
2505
1114
-240
-124
834
768
-143
-622
91
709
-126
-1496
-1546
-107
592
-39
-1804
-1132
231
765
263
-1769
-659
978
1999
512
-1502
-1582
1194
2746
1851
-706
-1478
159
1921
1416
188
-373
352
952
68
-731
-314
479
757
-603
-2108
-1857
-617
141
-629
-2225
-2415
-1733
-1639
-1903
-2076
-1915
-1635
-2142
-2857
-3261
-2373
-1506
-1943
-2842
-3338
-2489
-1389
-2339
-4518
-4258
-1313
2726
919
-3516
-7286
-4710
2108
5500
2730
-3854
-5919
-2189
3867
4562
1422
-1127
-310
2273
2906
1489
898
2273
4058
4012
1702
198
1595
3672
4392
3208
1860
1930
2483
2215
1665
2063
3313
3604
1950
-70
-143
1692
3206
2513
512
-464
52
855
681
-33
-57
586
500
-646
-1832
-1615
241
748
-159
-1772
-2455
-245
1082
503
-1282
-2333
-439
1541
1427
-299
-1180
-139
1182
1016
165
233
525
899
791
224
428
759
697
297
39
395
465
-75
-622
-754
-899
-437
-309
-805
-1142
-2018
-2008
-1122
-1472
-1678
-1993
-2345
-1879
-2563
-2448
-2555
-1522
-2059
-2900
-3760
-2951
-1885
-1615
-3476
-4850
-3140
-1762
889
-1339
-3754
-5749
-2539
2689
3599
-404
-5000
-4066
1512
4906
2131
-856
-994
1476
3842
2841
1210
1501
2851
4718
3871
1518
1020
2710
4596
4957
2345
1672
1977
3312
2871
2125
2029
2869
2743
1678
819
611
1678
2462
1585
697
230
222
189
30
218
517
281
-311
-1554
-2115
-849
347
212
-973
-2443
-2407
-548
951
442
-1167
-1933
-1226
146
1054
845
34
-466
-405
146
918
1374
1220
691
301
329
603
780
757
699
612
300
-228
-668
-688
-239
73
-371
-1382
-2163
-2046
-1336
-902
-1293
-2177
-2546
-2341
-2238
-2061
-2213
-2361
-2391
-2386
-2715
-2908
-2839
-2633
-2158
-2307
-3031
-3986
-3972
-1946
1620
30
-3402
-6341
-3557
1947
4138
1488
-3601
-4362
-657
4107
3658
891
-1212
1121
3643
3720
1345
1136
2630
4669
4416
2329
993
2255
4074
4442
3024
1937
2223
2948
2807
1931
1699
2885
3321
2183
655
227
1548
2804
1958
276
-332
240
843
521
-240
-442
6
195
-823
-2031
-1641
-253
193
-780
-2153
-2560
-1341
324
534
-586
-1343
-1146
-406
433
681
270
119
400
390
174
362
884
1301
1300
694
-35
-19
720
1254
991
252
-268
-296
-154
-213
-408
-539
-765
-1281
-1769
-1768
-1491
-1489
-1904
-2419
-2473
-2089
-1926
-2387
-2896
-2659
-2297
-2362
-2740
-3179
-3353
-2245
-1707
-2584
-3912
-3966
-2874
-643
1347
-1566
-4012
-5198
-1802
3109
3634
-798
-4067
-2555
1535
4486
2313
-127
-129
2426
3959
2765
878
1720
4063
5393
3643
922
1235
3537
5360
4518
1920
1267
2609
3816
3036
1686
1582
2646
2890
1725
438
299
2010
2653
1261
-462
-895
455
1179
423
-705
-901
-386
-267
-1042
-1701
-1056
-349
-179
-1250
-2672
-2076
-791
428
217
-1350
-1509
-1241
-440
194
171
686
322
-285
-467
-34
1031
1313
801
168
80
464
768
666
375
404
381
106
-464
-952
-721
-376
-404
-977
-1752
-2010
-1799
-1527
-1548
-1598
-2658
-2516
-2235
-2003
-1834
-3123
-2481
-2148
-2096
-2487
-2746
-3290
-2391
-1884
-2177
-3848
-3257
-2280
-253
4
-2549
-3660
-3604
176
2038
1892
-955
-3021
-1123
2572
4111
1333
18
1128
3126
3697
2081
894
2807
4619
4902
2954
924
1407
4080
5411
3768
1568
1483
2675
3375
2879
1768
1552
2508
2757
1440
276
703
1900
2110
866
-231
-197
413
356
-231
-439
-15
-130
-1155
-1869
-1880
-552
-49
-814
-1676
-2422
-1370
-804
-669
-308
-637
-531
-956
-1252
-453
835
1256
219
-841
-874
624
1733
1216
287
-62
648
861
505
449
562
1119
553
-452
-622
-461
91
138
-712
-1479
-1596
-1497
-857
-958
-1934
-2163
-2419
-2059
-1747
-2297
-2560
-2515
-2143
-2455
-2674
-2542
-2319
-2124
-2076
-2364
-2738
-3200
-3241
-2143
-974
663
-1484
-3254
-4231
-1661
2497
3214
414
-3159
-2153
1408
4073
2627
443
568
2774
3963
2364
527
2032
4649
5674
3704
579
698
3583
5398
4285
1929
1431
2730
3584
2633
1549
1914
3323
3351
1358
-115
108
2108
2890
1053
-473
-560
428
740
-263
-912
-177
249
-721
-1977
-2491
-1241
-184
-609
-1696
-2862
-2362
-1177
-567
-284
-954
-1284
-1168
-1534
-1065
279
1094
591
-845
-1747
-669
1438
2284
1276
-631
-1081
369
1414
1244
441
-122
207
344
-420
-805
-400
23
-92
-858
-1730
-1924
-1171
-513
-988
-2073
-2348
-2006
-1965
-2096
-2200
-2126
-2179
-2389
-2685
-2737
-2422
-1912
-1855
-2394
-2494
-3299
-3252
-2065
-798
901
-848
-3513
-4571
-2252
2377
3918
1196
-2847
-2898
544
4545
3915
1384
0
1786
3712
3610
1598
1735
3731
5333
4337
1566
880
3029
5066
5085
2917
1540
2232
3019
2919
2371
2081
2705
2605
1228
358
755
1924
2442
1255
-280
-722
-200
370
171
-460
-667
-685
-1110
-1812
-2079
-1419
-521
-677
-1846
-2727
-2490
-1337
-652
-1320
-1601
-742
-772
-1565
-1587
-769
895
1696
-63
-2011
-1643
775
2920
2144
-314
-1390
-390
1593
2172
912
200
410
437
6
-733
-597
482
797
-325
-1867
-2392
-1505
-489
-528
-1483
-2417
-2359
-2090
-2168
-2441
-1929
-1492
-2123
-3096
-3532
-2816
-1750
-1562
-2424
-3335
-2744
-2680
-2840
-2649
-1472
1597
-228
-2732
-5522
-2287
3031
5392
1503
-3717
-4173
1286
6135
4578
461
-862
2253
4921
4052
1241
1254
4401
6570
4865
1056
64
3123
6082
5866
2258
718
1536
3797
3473
2372
1353
2059
2568
1826
258
26
1439
2321
1154
-576
-1187
-363
330
145
-813
-1262
-1293
-1558
-1934
-2274
-1386
-775
-1290
-2332
-3460
-2414
-1093
-574
-1128
-1781
-1103
-1254
-1322
-1066
-503
853
1063
-199
-1497
-1211
838
2563
1804
-225
-1027
-20
1499
1627
584
28
543
866
-27
-809
-129
968
702
-836
-1952
-1576
-535
-259
-1007
-2120
-2580
-1961
-1183
-1432
-2454
-2345
-1473
-1974
-3008
-2824
-1729
-1348
-2182
-2951
-2884
-1707
-1428
-2879
-2873
-2240
518
1944
-1140
-4645
-4640
1084
5308
4047
-1856
-4540
-1219
4918
5972
2126
-628
845
4129
5112
1983
683
3233
6107
5572
1728
-475
1964
5791
6233
3011
336
981
3426
3872
2337
1028
1485
2730
1985
268
-398
826
2496
1722
-535
-1919
-1082
611
572
-925
-1910
-1371
-828
-1504
-2675
-2589
-918
-358
-1680
-3494
-3470
-1333
-508
-1083
-1960
-2005
-666
-543
-1597
-1445
64
1216
972
-764
-1769
-36
1983
2165
778
-673
-313
1316
2030
1251
236
147
780
934
160
-505
82
910
220
-1215
-1749
-1136
-176
-93
-1325
-2577
-2317
-1407
-1397
-1637
-1813
-2362
-2320
-2228
-2474
-2363
-1810
-2001
-2132
-2178
-2703
-2267
-1552
-1826
-2591
-2540
-1071
2016
93
-2983
-4559
-1502
3787
5076
958
-4165
-2733
2287
6231
3941
-380
-817
2918
5227
3393
918
1711
4958
6081
3375
189
516
4215
6566
4744
883
-347
1872
4022
3385
1309
559
1548
2349
1366
-308
-273
1581
2375
496
-1890
-2090
-371
690
-130
-1800
-2213
-1535
-1177
-1766
-2631
-1918
-973
-1180
-2726
-3597
-2325
-673
-430
-2206
-2211
-1306
-758
-280
-1471
-1041
376
696
168
-741
-824
867
2128
1358
548
-451
838
2090
1271
1164
640
873
1403
636
-410
218
1073
1008
263
-1335
-1166
-600
160
46
-1404
-1899
-2125
-1519
-996
-1284
-1914
-1837
-2195
-2554
-2210
-1983
-1311
-1801
-2420
-2648
-2732
-1239
-566
-1106
-2561
-3608
-2533
-172
3050
779
-2603
-4778
-2200
3286
5702
2167
-3061
-3444
1510
6031
4952
436
-946
2324
5186
3692
1338
1762
4157
5140
3394
985
946
3525
5505
4228
1116
-139
1611
3582
3089
1153
502
1363
1768
844
-141
222
1363
1274
-542
-1936
-1195
260
89
-1445
-2162
-1343
-638
-1400
-2631
-2511
-1209
-638
-1688
-3029
-2974
-1642
-651
-971
-1831
-1938
-1145
-399
-388
-761
-686
77
802
661
-79
-224
751
1806
1689
744
356
890
1443
1484
1396
1361
1052
549
395
690
968
842
435
-63
-663
-944
-409
54
-601
-1672
-1717
-1151
-1445
-2019
-1949
-1460
-1316
-1961
-2780
-2546
-1565
-1370
-1703
-2335
-2498
-1891
-1442
-1172
-1568
-1826
-2518
-1907
-1133
107
1475
-532
-2445
-3539
-27
3539
4021
439
-3243
-2140
3027
5901
3232
-24
-284
3287
4979
2957
127
1483
4966
5945
2816
-760
-30
4107
6269
3660
-506
-1013
1988
4006
2506
-81
-484
1325
2250
711
-1186
-921
836
1344
-298
-2065
-1938
-479
121
-832
-1943
-2030
-1547
-1478
-1919
-2096
-1626
-1243
-1685
-2466
-2605
-1740
-609
-624
-1905
-2535
-1248
318
155
-951
-1238
-235
1233
1255
-246
-523
1103
2350
1856
525
248
1357
2371
2124
852
407
1438
1949
1241
348
50
761
1263
358
-733
-766
-134
93
-594
-1459
-1603
-1105
-798
-1383
-1912
-1719
-1499
-1580
-2003
-2216
-1720
-1172
-1598
-2162
-2109
-1556
-1105
-1613
-1900
-1803
-1137
-1133
-2117
-2022
-689
1863
1427
-2101
-3771
-1552
3470
4845
1065
-2972
-2700
2101
5401
3508
-165
-553
2371
4546
3106
404
678
3633
5252
3078
-212
-414
2606
4926
3569
245
-917
1054
2853
2080
212
-180
993
1464
251
-980
-706
657
1210
-178
-1787
-1683
-567
-37
-718
-1835
-1994
-1269
-915
-1548
-2223
-1756
-874
-882
-1850
-2612
-1980
-358
19
-1201
-2056
-1703
-418
540
724
91
-537
-274
127
1254
1977
1442
620
109
821
1763
2134
1775
953
732
996
1288
1348
1227
1101
899
541
135
51
270
546
227
-628
-1225
-1398
-731
-325
-694
-1424
-2151
-1672
-1238
-1216
-1414
-1851
-1740
-1555
-1442
-1533
-1604
-1435
-1100
-1404
-1948
-1708
-1325
-583
-845
-2098
-2392
-1490
1103
2281
-425
-3448
-3343
640
4710
3717
-1039
-3787
-1213
3855
5396
1752
-1579
-119
3484
4327
1422
-508
1692
4465
4099
948
-1123
813
4197
4436
1292
-1178
-423
2449
3227
912
-791
-189
1630
1464
-533
-1260
-103
1570
966
-1345
-2266
-1055
576
498
-924
-2013
-1588
-544
-566
-1374
-1950
-1176
-339
-825
-1768
-2272
-1037
170
-292
-1363
-1841
-697
454
316
-407
-695
-62
800
826
151
282
987
1291
1115
539
484
1336
1844
1391
686
424
902
1422
1192
611
393
581
583
192
-117
-95
-48
-258
-610
-818
-813
-809
-889
-1078
-1279
-1364
-1335
-1324
-1470
-1513
-1379
-1278
-1589
-1787
-1547
-1246
-1061
-1357
-1498
-1510
-1246
-1008
-957
-1053
-1748
-1804
-1278
665
1484
-1003
-3131
-2480
1108
3420
2182
-1265
-3191
-707
3031
3923
1061
-903
108
2342
3031
1000
277
1824
3407
2851
359
-788
1016
3742
3920
1248
-1001
-159
2137
2708
1283
25
423
1390
1211
16
-478
520
1610
1059
-599
-1351
-566
637
669
-563
-1268
-886
-486
-584
-1167
-1331
-605
-367
-1118
-1729
-1577
-636
140
-419
-1298
-1352
-862
-265
375
538
9
-479
-647
34
1054
1697
1228
-118
-185
535
1454
1886
1271
706
374
680
1100
1208
1177
854
550
197
-134
-31
550
687
-87
-1017
-1241
-676
-134
-236
-858
-1387
-1451
-1268
-1214
-1186
-1106
-1194
-1313
-1535
-1753
-1573
-1157
-902
-1133
-1708
-1729
-1251
-1172
-1111
-1116
-1471
-1827
-2159
-1852
-42
1610
30
-3019
-3811
-905
3330
3550
-263
-3899
-2864
2126
4488
2123
-1202
-1171
1895
3809
2154
-287
488
3260
4302
2106
-822
-475
2969
4893
2702
-560
-790
1768
3445
2354
311
-100
1197
2031
1136
-298
-251
1368
2214
694
-1334
-1167
694
1509
253
-1291
-1333
-450
-146
-737
-1341
-1094
-497
-680
-1483
-1886
-1350
-278
26
-1012
-2025
-1683
-576
105
109
-422
-1038
-882
-166
285
592
772
366
-305
-327
565
1475
1591
1092
395
125
619
1188
1431
1409
884
207
44
297
632
932
821
-45
-954
-885
-99
366
-86
-1005
-1330
-1101
-1072
-1030
-868
-1033
-1309
-1584
-1830
-1407
-775
-949
-1414
-1715
-1886
-1398
-744
-991
-1641
-1724
-1251
-893
-1105
-1637
-2068
-1649
91
1171
-463
-2873
-2941
-478
2229
2346
-300
-2364
-1500
1237
3071
2187
193
-41
1502
2479
1665
860
1812
3159
2995
1335
93
1137
3271
3844
2246
208
144
1857
2835
2213
972
549
1271
1528
749
192
640
1554
1457
-70
-1213
-651
687
1074
-89
-1421
-1553
-700
-301
-838
-1315
-1159
-742
-1128
-1882
-1982
-1229
-255
-577
-1564
-2073
-1603
-606
-718
-387
269
-623
-1372
-1487
-517
1398
2005
593
-1385
-1279
1020
2755
1827
122
-371
560
2037
1425
263
417
1225
1550
411
-602
-116
1410
1756
125
-1422
-1108
269
673
0
-1201
-1744
-859
-179
-762
-1443
-1276
-756
-963
-2029
-2185
-919
26
-675
-2171
-2724
-1734
-266
-46
-903
-2182
-2265
-929
-236
-532
-1826
-2160
-993
-24
647
159
-1475
-2345
-908
1484
2331
843
-1537
-1696
783
3010
2582
527
-115
1274
2510
2164
1230
1326
2577
3191
1996
434
734
2795
4005
2672
334
-105
1701
3230
2575
795
93
839
1706
1373
296
-51
747
1248
438
-848
-1131
92
741
-33
-1349
-1755
-815
-469
-758
-1528
-1841
-1125
-953
-1416
-2002
-1716
-948
-690
-945
-1799
-2034
-1009
-131
-266
-796
-1175
-978
-257
331
366
-75
-83
314
289
290
678
924
852
530
269
548
1069
1261
963
440
229
523
923
906
504
223
221
211
81
-12
22
30
-148
-443
-652
-726
-652
-430
-411
-814
-1270
-1245
-827
-525
-627
-1034
-1318
-1132
-749
-773
-927
-1096
-1048
-659
-730
-1134
-1342
-854
-353
-470
-1267
-1967
-1270
-133
970
157
-2119
-2222
-460
1458
1890
275
-1663
-1251
954
2513
2068
226
57
1274
2305
2008
902
1289
2374
2783
1947
698
649
1993
3224
2599
1012
290
1056
2073
1878
1092
607
869
1210
666
126
151
670
975
163
-918
-1022
-116
362
-245
-1062
-1379
-1066
-825
-1087
-1275
-1355
-1111
-1198
-1555
-1830
-1572
-902
-896
-1353
-2024
-1163
-621
-482
-1137
-1200
-566
89
12
-753
-587
144
1031
552
-70
-240
549
1374
1186
408
237
819
1361
1289
660
389
939
1353
1002
336
374
952
1032
417
24
144
496
520
-15
-321
-182
11
-137
-530
-716
-427
-201
-599
-950
-1149
-793
-380
-600
-848
-1366
-1340
-673
-658
-1100
-1092
-961
-909
-1034
-1093
-923
-1027
-1183
-1323
-1515
-1133
-807
-119
475
-1117
-2451
-1925
655
1956
1229
-1162
-1830
-77
2091
2593
908
-179
830
2192
2370
1256
913
2104
3044
2339
861
553
1913
3160
2852
1141
-35
713
2225
2408
1101
207
412
1008
895
250
68
265
598
81
-823
-1041
-462
230
-182
-1131
-1828
-1490
-821
-894
-1373
-1770
-1473
-1353
-1576
-1837
-1819
-1100
-693
-1129
-1843
-1815
-831
-15
-285
-1020
-1434
-460
1019
650
-327
-846
-177
1556
1940
710
-334
229
1630
2297
1595
627
594
1301
2016
1606
938
1045
1436
1542
947
385
627
1404
1419
388
-202
-117
344
681
292
-462
-952
-498
-198
-579
-918
-1030
-794
-1015
-1383
-1381
-1225
-1050
-1023
-1288
-1920
-1764
-1090
-939
-1039
-1463
-1659
-1301
-1218
-1223
-1082
-1258
-1284
-1115
-1071
-904
-1040
-958
-162
59
-415
-948
-1059
-74
1228
1436
383
-623
-313
1355
2670
1997
652
570
1653
2387
2042
1558
1573
1934
2216
1773
1068
1191
1857
2181
1603
532
328
956
1380
1180
448
48
269
363
232
-59
-357
-178
-44
-513
-1022
-1022
-611
-423
-864
-1397
-1467
-1128
-952
-1196
-1354
-1185
-1090
-1246
-1343
-1382
-1102
-512
-456
-917
-1148
-663
-63
104
49
-182
-203
128
459
633
690
640
596
732
894
1000
1096
1166
1137
970
987
1202
1247
1205
1128
928
836
743
636
847
995
703
232
-79
-22
248
329
-8
-581
-766
-514
-456
-603
-823
-1172
-1247
-952
-867
-1124
-1329
-1368
-1263
-1143
-1206
-1363
-1239
-912
-967
-1127
-1144
-1130
-978
-645
-678
-984
-847
-712
-964
-688
-392
-405
-420
-837
-660
-535
369
834
196
-665
-764
570
1694
1625
491
-220
231
1659
2583
1757
597
738
1619
2256
1709
1023
1203
1854
2015
1186
403
754
1718
1927
948
-157
-101
856
1302
729
-77
-251
98
313
36
-382
-332
28
-57
-689
-1107
-834
-280
-174
-681
-1254
-1268
-804
-517
-616
-841
-995
-986
-833
-670
-543
-525
-669
-668
-504
-405
-317
-352
-348
258
784
205
-572
-517
379
1616
1955
657
-851
-424
1315
2356
1736
324
-238
470
1579
1333
522
605
838
848
331
-259
83
971
985
-183
-1082
-751
199
474
-193
-990
-1176
-718
-379
-634
-1010
-909
-532
-694
-1442
-1509
-733
-207
-397
-1295
-1878
-1158
-126
45
-557
-1218
-1379
-666
-176
-332
-675
-626
-500
-602
-434
-587
-493
-453
-134
-574
-418
-529
110
885
230
-560
-852
205
1315
1822
499
-702
-239
1462
2393
1259
-97
305
1628
2236
1400
496
572
1370
2011
1500
460
334
1227
1857
1126
-27
-51
912
1279
707
39
-205
181
610
408
-141
-315
-45
54
-247
-687
-578
-312
-422
-607
-885
-813
-640
-647
-782
-1016
-858
-692
-777
-982
-991
-607
-329
-523
-859
-902
-424
-85
-230
-681
-603
-373
306
855
-204
-401
-368
439
1033
1220
300
-457
35
1088
1697
875
358
82
627
1164
1049
675
685
637
571
353
169
333
740
589
-195
-573
-228
130
69
-178
-448
-716
-623
-526
-417
-474
-633
-530
-800
-1024
-802
-509
-387
-573
-791
-1019
-813
-370
-441
-716
-819
-690
-480
-410
-690
-877
-503
-429
-690
-859
-844
-507
-299
-341
-801
-793
1
165
-261
-561
-287
521
1015
501
-335
-182
891
1783
1434
380
242
1244
2015
1535
706
887
1605
1758
1250
545
548
1418
1807
1102
258
225
886
1266
889
266
33
296
549
343
-50
-138
24
59
-212
-558
-552
-250
-194
-615
-961
-817
-595
-674
-846
-906
-913
-839
-899
-938
-834
-839
-864
-934
-876
-689
-465
-584
-761
-679
-543
157
282
-329
-692
-421
459
900
759
-66
-411
496
1313
1282
661
432
626
1004
1103
672
720
1192
1191
747
400
425
903
1202
820
166
-214
50
548
564
98
-302
-304
-150
-250
-394
-197
-86
-431
-932
-924
-418
-156
-594
-1113
-911
-550
-511
-862
-1011
-867
-754
-450
-743
-1195
-1250
-778
-186
-509
-1268
-1649
-857
-123
-422
-940
-1303
-918
-365
-334
-447
-283
-121
-259
-393
-234
471
981
548
-188
-51
1076
1756
1217
496
581
1394
2019
1507
681
865
1672
2020
1424
590
644
1420
1833
1283
394
287
872
1293
1063
269
-108
383
716
355
-148
-282
9
180
-253
-765
-718
-370
-301
-681
-1045
-1020
-820
-710
-855
-1187
-1181
-851
-815
-965
-1099
-1034
-716
-582
-791
-1038
-769
-324
-222
-485
-681
-523
-12
822
492
-428
-402
150
958
1400
955
78
35
903
1640
1520
940
698
699
1212
1338
929
1002
1124
1060
786
423
386
881
1129
534
-95
-207
93
378
316
-127
-576
-578
-409
-389
-430
-588
-738
-747
-1005
-1161
-812
-727
-993
-1066
-1233
-1439
-1132
-795
-919
-1071
-1100
-1115
-1011
-947
-1002
-789
-598
-1009
-1396
-1276
-754
-383
-315
-759
-1299
-918
244
794
-48
-766
-746
437
1441
1313
241
-137
451
1493
1859
1274
747
1089
1693
1680
1328
1366
1659
1814
1523
972
758
1208
1790
1603
645
160
614
1173
1128
441
-61
221
527
276
-200
-412
-33
332
-169
-947
-990
-433
-118
-474
-1104
-1310
-921
-519
-718
-1239
-1366
-1081
-770
-834
-1236
-1261
-788
-491
-823
-1180
-939
-434
-222
-401
-853
-757
-302
519
833
-255
-481
-178
748
1309
1172
400
-126
592
1416
1643
982
643
767
1088
1433
1149
840
1040
992
941
702
438
576
915
693
78
-270
-123
306
320
-90
-505
-683
-534
-420
-430
-589
-801
-881
-1030
-1216
-1030
-632
-790
-1168
-1305
-1393
-1109
-870
-950
-1104
-1188
-1126
-1149
-828
-650
-883
-676
-727
-1058
-950
-634
-169
-119
-536
-789
-693
42
725
632
-27
-612
-133
1103
1833
1299
227
-52
827
2052
2072
1223
843
1124
1615
1664
1384
1194
1346
1615
1399
870
676
1095
1533
1280
516
99
485
893
768
326
-87
-103
61
104
-136
-416
-361
-408
-637
-814
-820
-628
-679
-918
-1174
-1216
-946
-886
-976
-1100
-1109
-1019
-1049
-1072
-1057
-882
-678
-646
-830
-845
-622
-367
-127
-240
-417
-396
118
579
355
-31
-134
391
990
1211
865
399
500
935
1404
1357
1084
938
983
1171
1143
1130
1131
1083
881
574
506
706
874
654
200
-77
-4
139
45
-214
-434
-490
-496
-587
-716
-775
-772
-728
-858
-1163
-1234
-999
-759
-870
-1206
-1354
-1106
-884
-961
-974
-1004
-1016
-966
-858
-748
-767
-686
-574
-677
-601
-473
-485
-434
-226
-157
-343
-299
126
759
461
-57
-405
292
1255
1511
797
85
221
1203
1952
1511
672
671
1374
1657
1262
916
1082
1461
1298
868
453
679
1295
1321
611
-228
29
800
926
317
-286
-318
-28
257
-56
-457
-496
-293
-246
-707
-1002
-827
-453
-462
-923
-1344
-1217
-760
-608
-856
-1267
-1182
-822
-617
-774
-1027
-862
-533
-418
-578
-680
-422
-190
8
-35
-345
-261
211
751
346
287
210
443
906
1084
944
550
792
1089
1210
1040
941
924
1069
1113
913
772
876
835
837
728
407
391
518
450
208
-60
-107
-83
-137
-280
-404
-479
-486
-618
-779
-756
-827
-754
-743
-1005
-1083
-1071
-965
-796
-869
-1140
-1089
-868
-834
-774
-783
-901
-871
-490
-445
-826
-749
-505
-387
-327
-447
-558
-414
-94
-124
-312
-269
-168
298
695
228
-446
-290
611
1246
1243
597
-205
181
1363
1788
1213
581
629
1104
1452
1176
844
1067
1164
996
714
416
622
1184
1181
401
-192
18
555
713
346
-182
-359
-138
-3
-134
-309
-337
-268
-378
-753
-925
-587
-265
-484
-960
-1141
-930
-582
-506
-804
-979
-774
-576
-669
-773
-698
-377
-123
-346
-683
-536
-25
83
32
-52
-77
303
428
434
411
520
846
777
553
459
771
1196
1113
708
540
774
999
1064
907
619
594
754
681
491
491
508
392
141
-100
-59
161
160
-186
-601
-709
-460
-236
-364
-735
-957
-851
-719
-792
-875
-878
-863
-874
-948
-997
-856
-650
-704
-905
-965
-771
-600
-524
-468
-536
-549
-498
-389
-434
-321
-151
-292
-235
-232
-105
-28
-25
-8
-68
473
532
36
-144
29
794
1161
864
308
-90
619
1540
1407
650
307
757
1288
1265
798
566
834
1064
898
453
277
627
1047
831
63
-201
252
572
400
6
-236
-146
-19
-101
-274
-329
-176
-161
-503
-801
-653
-244
-184
-630
-942
-785
-484
-303
-471
-817
-815
-510
-383
-532
-631
-545
-281
-166
-354
-493
-241
102
6
-164
-155
260
466
190
29
-7
582
1042
797
88
-149
713
1244
1132
502
88
422
962
1162
597
286
479
676
624
208
64
440
675
215
-395
-480
-47
328
121
-497
-842
-533
-128
-187
-559
-815
-719
-537
-622
-745
-617
-514
-603
-768
-917
-772
-378
-339
-697
-918
-733
-361
-205
-380
-553
-468
-279
-229
-293
-233
-174
-140
-134
-298
-306
7
194
-35
80
268
99
37
-46
374
899
815
382
-64
197
937
1276
785
209
347
859
1166
950
597
546
764
899
670
369
481
885
882
326
-119
78
558
683
295
-214
-315
-19
238
91
-236
-340
-179
-161
-400
-547
-451
-202
-335
-616
-778
-724
-338
-309
-537
-832
-753
-412
-393
-396
-562
-518
-305
-336
-369
-367
-279
-121
-189
-186
166
148
70
-11
0
371
554
514
65
59
522
780
715
362
321
397
748
758
415
413
395
545
507
291
262
423
543
240
-121
-143
112
299
142
-262
-452
-304
-122
-60
-259
-470
-424
-388
-507
-511
-392
-403
-508
-583
-639
-604
-410
-370
-560
-664
-604
-441
-313
-334
-499
-495
-380
-365
-347
-236
-89
-274
-387
-374
-283
-59
42
-108
-388
99
240
-68
-171
-223
445
764
603
66
-211
533
1065
1056
521
120
362
918
1107
761
578
544
686
817
657
552
730
805
461
109
127
417
592
454
101
-93
34
196
152
-58
-166
-108
-72
-239
-441
-428
-207
-122
-430
-680
-711
-401
-187
-464
-681
-733
-430
-258
-448
-598
-602
-274
-167
-345
-510
-305
-175
-45
-291
-211
337
-94
12
-253
28
537
675
314
-349
88
716
1014
561
128
213
470
915
684
348
475
453
538
426
196
259
657
423
55
-268
-68
280
441
33
-384
-579
-169
6
-39
-277
-583
-440
-387
-464
-468
-405
-384
-526
-604
-814
-613
-321
-376
-546
-746
-687
-552
-371
-271
-429
-524
-535
-448
-378
-227
-124
-302
-372
-459
-278
24
-40
-127
-43
193
42
-132
47
331
505
449
247
-139
158
874
1051
649
196
298
681
1051
944
641
533
489
664
685
576
587
660
569
224
200
418
525
486
179
-26
10
150
228
72
-93
-161
-80
-79
-291
-305
-139
-152
-332
-471
-521
-392
-175
-261
-497
-556
-442
-267
-186
-287
-437
-289
-124
-111
-154
-224
-136
-120
-37
-8
-5
61
-28
32
106
211
242
145
139
158
298
296
195
196
210
200
187
225
215
210
243
197
78
37
94
118
101
9
-108
-110
-43
-11
-84
-174
-237
-293
-229
-154
-175
-263
-353
-341
-352
-332
-266
-284
-285
-336
-401
-428
-311
-176
-252
-302
-375
-380
-235
-230
-217
-207
-274
-312
-267
-122
-143
-137
-199
-140
-26
19
-4
-6
126
185
121
115
95
187
374
413
288
216
308
507
665
584
377
341
522
645
582
484
353
358
449
450
419
371
328
283
267
245
215
226
235
186
104
83
76
59
75
53
-46
-118
-119
-129
-129
-167
-203
-226
-239
-267
-267
-194
-229
-224
-225
-215
-266
-211
-176
-151
-137
-196
-191
-147
-87
-102
-52
-36
-3
9
5
26
101
158
86
-17
50
173
184
152
80
33
151
229
160
108
102
86
84
108
71
8
81
88
-101
-126
18
6
-90
-131
-93
-60
-144
-206
-222
-250
-179
-147
-253
-379
-393
-285
-244
-235
-328
-405
-326
-336
-300
-213
-263
-321
-334
-250
-278
-357
-208
-149
-128
-171
-159
-229
-147
45
55
1
-43
14
187
266
326
268
265
254
243
456
578
488
351
359
465
577
561
493
410
400
387
459
381
281
325
341
295
223
194
181
147
116
113
89
51
40
-39
-34
3
15
-61
-224
-271
-242
-131
-97
-187
-275
-323
-254
-203
-195
-242
-317
-301
-287
-252
-211
-162
-103
-164
-191
-147
-65
15
-4
-33
-63
-39
31
39
8
8
68
94
42
-10
22
86
112
75
6
-18
29
121
143
64
0
26
66
46
21
62
77
-22
-50
-22
13
18
-85
-107
-102
-97
-29
-28
-169
-318
-219
-30
-23
-187
-315
-277
-165
-95
-118
-203
-239
-171
-140
-159
-217
-258
-127
-58
-151
-243
-212
-67
-40
-55
-74
-173
-128
-29
9
53
89
109
92
99
171
277
324
324
278
231
324
387
427
435
328
359
440
412
347
326
370
347
332
341
272
233
215
206
207
200
176
128
61
46
98
111
43
-81
-109
-57
-10
-4
-61
-123
-218
-163
-129
-196
-196
-226
-234
-265
-234
-199
-229
-247
-263
-228
-247
-247
-205
-175
-133
-175
-251
-211
-141
-161
-152
-109
-146
-190
-142
-68
-81
-133
-135
-85
-27
-21
-72
-93
-40
14
4
-50
-72
-8
88
89
15
-30
-29
-1
24
3
39
69
-11
-23
0
-53
-23
111
35
-116
-50
20
45
19
-62
-126
-99
13
-35
-77
-38
-65
-15
21
-65
-75
35
41
-3
13
24
21
69
150
147
124
175
197
155
248
220
289
315
246
186
218
264
303
287
214
214
308
326
279
230
188
207
247
169
127
162
150
188
154
143
34
36
92
89
31
-48
-52
-32
-17
13
-65
-124
-150
-157
-134
-129
-89
-98
-165
-199
-230
-178
-167
-196
-184
-173
-124
-149
-185
-186
-188
-159
-174
-194
-195
-155
-144
-156
-179
-187
-181
-192
-120
-120
-138
-155
-157
-140
-179
-90
-62
-148
-179
-76
-17
-139
-160
-139
-95
-12
-58
-183
-178
-60
-1
-34
-150
-213
-124
5
-39
-131
-86
-57
-62
-41
27
0
-50
28
7
2
67
83
140
137
75
83
188
253
176
183
232
252
317
289
242
280
364
369
238
208
301
400
357
242
245
236
283
310
257
203
157
207
179
135
132
129
147
92
57
42
75
115
79
22
-29
-43
-49
-41
-36
-50
-69
-79
-70
-54
-43
-77
-127
-146
-152
-164
-121
-42
-46
-125
-171
-144
-97
-69
-66
-114
-179
-184
-121
-38
-48
-180
-227
-155
-112
-122
-174
-209
-160
-115
-188
-209
-187
-223
-170
-72
-93
-170
-210
-213
-198
-81
-74
-294
-209
-104
-105
-133
-131
-239
-191
-9
-71
-182
-181
-143
-140
49
48
-101
-63
27
28
65
97
94
148
180
158
146
271
258
278
249
254
311
326
299
299
331
317
259
257
312
357
287
252
266
294
324
256
207
174
236
289
209
161
115
157
163
105
59
-16
3
47
48
3
-64
-99
-84
-80
-120
-91
-104
-209
-224
-163
-130
-121
-134
-212
-244
-183
-158
-153
-145
-153
-211
-203
-74
-89
-167
-174
-129
-137
-162
-75
-128
-203
-82
-34
-136
-160
-114
-130
-91
-5
-50
-149
-141
-107
-82
-12
-94
-216
-158
-81
-118
-101
-48
-153
-249
-146
3
-44
-126
-198
-75
-23
-64
-148
-124
37
27
-19
-79
-47
75
190
71
-29
-1
121
218
184
139
79
119
233
291
274
196
234
288
317
291
233
293
311
301
345
304
274
249
226
312
334
261
176
146
229
245
184
110
59
115
154
101
36
44
72
65
10
-74
-58
14
-2
-71
-128
-143
-102
-65
-86
-108
-139
-179
-185
-179
-189
-181
-151
-119
-130
-217
-252
-187
-178
-220
-162
-146
-249
-218
-136
-204
-271
-164
-127
-232
-193
-149
-169
-165
-166
-202
-209
-94
-111
-167
-130
-202
-171
2
-34
-150
-166
-189
-125
-49
-14
-72
-184
-131
-67
16
47
-72
-91
-23
9
51
84
15
-2
89
151
138
89
94
104
186
271
165
109
213
220
228
283
199
184
231
258
265
234
220
198
266
263
225
242
236
242
222
242
176
136
217
223
206
156
137
155
132
79
85
133
130
99
21
-20
42
84
54
-9
-60
-39
9
-34
-108
-108
-99
-103
-40
-22
-159
-231
-153
-116
-146
-162
-178
-202
-202
-166
-137
-181
-225
-222
-220
-232
-226
-196
-182
-217
-251
-191
-148
-225
-283
-225
-150
-149
-172
-226
-210
-131
-140
-141
-186
-183
-69
-63
-128
-147
-57
22
1
-41
-102
-57
55
103
62
-13
25
61
93
105
34
94
182
160
128
134
186
180
161
184
203
222
227
189
170
296
332
185
88
91
267
364
208
58
69
210
268
195
81
48
137
175
117
69
90
117
119
78
18
35
77
78
62
21
-40
-52
8
20
-1
-32
-74
-28
-26
-74
-56
-30
22
-44
-164
-113
-44
-26
-78
-137
-104
-72
-85
-122
-135
-154
-121
-76
-129
-171
-148
-115
-158
-148
-125
-124
-145
-245
-160
-5
-82
-257
-290
-170
-1
8
-174
-244
-203
-101
23
-43
-208
-230
-32
36
-76
-46
-80
-73
6
-19
-15
14
96
39
13
44
10
97
107
102
135
148
87
63
191
223
196
167
161
136
150
223
212
217
169
150
206
184
181
134
129
225
208
137
105
141
214
201
126
59
65
131
190
153
45
8
60
125
112
63
20
-32
-17
50
55
25
-4
-74
-90
-9
8
-52
-71
-53
-61
-89
-113
-121
-74
-71
-120
-160
-212
-184
-126
-126
-177
-251
-221
-199
-177
-125
-215
-224
-194
-181
-137
-183
-208
-174
-70
-79
-172
-156
-114
-52
-71
-119
-98
-61
-43
-57
-62
-26
4
-33
-55
-20
27
80
64
-7
1
56
63
66
59
49
72
89
93
97
81
69
83
107
100
52
33
64
79
76
75
61
76
121
94
16
17
111
160
103
70
97
86
93
144
129
105
110
92
123
188
180
114
66
73
160
191
119
51
26
107
201
172
26
-28
34
112
193
88
-42
-79
47
166
44
-24
-63
-41
42
31
-50
-103
-27
17
-40
-131
-130
-72
-25
-67
-215
-217
-120
-65
-128
-190
-183
-197
-128
-134
-205
-164
-142
-155
-181
-150
-134
-164
-122
-128
-123
-120
-117
-91
-115
-95
-96
-43
-25
-101
-80
-55
-16
15
-3
-9
-11
1
7
39
38
36
80
15
0
65
98
89
23
47
78
76
139
106
10
52
124
126
111
75
77
100
123
98
40
79
98
98
71
27
80
95
70
37
-3
39
68
89
69
-4
10
19
49
103
27
7
4
18
78
21
7
47
42
11
-5
20
42
60
35
-14
-42
23
46
-11
-28
-58
-6
42
16
-40
-81
-34
-22
-23
-32
-73
-79
-46
-51
-75
-28
-18
-75
-90
-70
-46
-42
-89
-163
-145
-25
3
-88
-127
-140
-114
-14
-19
-116
-141
-97
-51
-5
-54
-128
-70
-33
-31
-27
-36
-19
-41
-24
-12
-17
46
16
-12
-12
-46
28
63
36
21
-13
18
51
55
76
47
41
94
78
65
83
87
111
90
67
76
72
127
164
127
116
87
75
143
173
120
69
80
122
99
71
93
86
100
105
31
0
65
108
60
5
-49
-16
30
23
35
-39
-71
-53
-31
-25
-83
-92
-67
-31
-57
-123
-144
-76
-24
-47
-63
-135
-105
-42
-56
-63
-107
-107
-58
-21
-59
-127
-95
-14
-5
-70
-98
-76
-5
61
-20
-94
-54
-28
-7
26
-39
-107
1
42
-36
-50
-37
2
8
0
-52
-86
-3
12
3
20
-14
-35
14
52
-7
-21
26
14
25
53
-24
-38
67
40
-30
6
20
19
51
10
-46
10
66
60
59
33
-37
-16
83
95
52
64
71
46
82
116
77
64
88
104
105
86
56
92
125
71
37
70
68
51
133
78
-16
47
67
57
21
36
52
32
25
-4
12
-12
11
15
-5
-27
-98
-33
24
-26
-95
-128
-96
-21
-31
-116
-104
-117
-98
-47
-70
-76
-118
-100
-54
-107
-103
-81
-73
-68
-103
-92
-85
-80
-37
-38
-69
-41
-29
-83
-58
5
4
-4
-7
-15
-9
1
48
99
58
-11
-6
61
116
87
21
1
31
88
134
82
12
34
98
128
78
26
41
122
118
46
41
22
60
83
71
65
20
46
47
28
55
46
15
-8
5
43
46
-21
-48
4
38
14
-23
-27
-4
14
-5
-40
-54
-14
30
15
-32
-54
-15
3
-17
3
30
-20
-52
-4
14
38
3
-21
1
8
25
-2
5
-30
3
29
-25
18
-2
-26
-20
20
-2
-33
-7
-49
-17
-11
0
-17
-81
-57
-10
24
-44
-80
-44
-36
-30
-43
-66
-66
-28
-18
-46
-63
-45
-29
-30
-22
-34
-53
-29
-10
-24
3
29
-24
-55
-18
24
29
34
27
-19
-35
42
67
13
48
45
26
45
30
48
48
70
72
57
76
64
76
61
53
84
89
81
65
60
48
48
70
65
45
54
79
51
14
8
25
57
39
19
5
-2
-8
3
56
-7
-45
7
-10
12
8
-58
-63
-19
8
-27
-3
-37
-83
-14
-26
-23
-55
-81
-48
-24
-21
-86
-54
-41
-40
-47
-39
3
-49
-48
-68
-40
0
-32
-38
-83
-65
-16
0
-10
-32
-53
-49
6
-20
-35
16
-14
-50
-15
32
16
-3
10
-17
-9
-3
3
13
-15
12
13
7
4
-42
3
42
-7
-27
0
6
4
-7
-30
-23
-19
12
49
2
-13
4
1
-10
-9
38
41
7
-37
-23
74
40
-20
-1
13
71
87
55
13
-4
52
88
72
29
31
48
18
15
72
81
-4
-10
52
80
56
23
20
13
17
3
4
17
-2
11
37
-5
-35
27
71
14
-68
-33
38
9
-11
16
-13
-40
29
35
-39
-65
-34
28
11
-39
-55
-51
-38
-32
-1
-27
-95
-97
2
26
-80
-59
-34
-103
-66
6
-7
-89
-94
-9
32
22
-53
-43
4
-35
9
65
6
-46
18
74
24
-3
31
67
25
9
54
29
4
68
59
-18
26
81
29
-17
-3
16
91
34
-35
-23
4
4
40
85
-36
-62
-14
39
46
40
-59
1
-140
221
124
19
-49
-134
97
-206
54
118
-10
-70
-85
95
-144
34
14
3
-61
-63
-35
-7
94
-54
21
-91
63
-18
61
-23
-134
17
-24
3
13
13
20
-38
-16
-46
-28
19
51
-9
-43
7
42
10
-22
-4
-20
-24
-10
-12
-12
-36
-19
29
-21
-58
10
33
31
16
-65
-66
29
57
17
-43
-89
-31
53
26
-40
-22
3
-26
14
28
-3
3
2
4
7
21
55
33
27
29
45
72
-2
55
60
64
51
76
38
27
105
63
56
58
62
19
48
80
43
46
29
46
18
50
40
46
-6
-37
11
45
25
16
-11
-35
11
19
-3
-35
-39
8
-19
-26
-44
-32
3
-17
-22
-42
-57
-61
-31
4
-13
-28
-65
-65
-7
-1
-41
-45
-10
-12
-19
-19
-39
-11
-12
-15
-11
-59
-31
-3
-6
9
-14
-26
-36
-55
5
13
0
20
-31
-10
8
-33
-5
-11
-7
-8
-27
-5
1
-4
-3
-19
-3
19
4
15
-13
-7
29
1
26
22
12
22
14
34
24
22
22
12
47
32
-12
6
35
53
42
-5
-6
14
11
28
44
49
14
-11
26
23
24
23
2
18
13
17
34
50
22
22
53
35
43
31
8
10
46
46
-12
-3
11
36
39
6
-9
-9
11
3
-9
-28
-18
-10
17
5
-18
-36
-2
9
-19
-38
-47
-15
-29
-10
-41
-45
-15
-27
-6
-33
-1
-6
-31
