5
4
5
5
5
9
10
8
8
9
11
9
8
8
11
13
11
9
8
8
10
12
7
7
12
11
8
7
8
4
4
5
7
8
6
3
2
3
1
2
7
6
2
1
3
1
1
6
6
0
-3
0
2
6
8
7
1
0
2
3
3
0
-1
-2
-2
-2
-4
-6
-4
-2
-1
-5
-7
-5
-4
-3
-3
-2
-2
-2
-4
-6
-7
-3
-5
-7
2
-1
-8
-7
-7
-2
2
-4
-7
-4
-3
-3
-4
-8
-5
-1
1
1
-3
-6
-6
-4
0
1
0
-1
-1
-2
-3
-2
1
4
3
0
0
2
4
4
4
5
4
1
0
6
7
6
2
2
5
3
5
6
7
9
6
-1
3
2
1
3
0
3
7
2
-3
-1
-1
2
1
-1
-3
-1
0
-2
-3
-1
-1
-2
-2
-4
-6
-7
-5
-2
-3
-7
-9
-6
-6
-8
-10
-10
-6
-6
-7
-6
-7
-5
-6
-10
-9
-7
-9
-9
-10
-9
-5
-6
-10
-10
-9
-7
-6
-7
-8
-8
-5
-2
0
-1
-2
-3
-1
0
1
1
0
-1
-2
-2
-2
-1
0
2
2
2
2
3
5
5
4
6
8
11
11
11
12
14
16
16
16
19
21
22
21
21
21
23
24
26
27
28
26
24
22
24
27
29
27
22
24
27
25
25
29
30
29
19
16
20
13
13
18
12
11
11
4
2
5
6
2
-4
-4
-4
-6
-8
-9
-10
-10
-15
-18
-17
-17
-16
-17
-17
-19
-18
-18
-20
-24
-27
-24
-20
-18
-21
-23
-21
-17
-15
-14
-15
-17
-17
-16
-14
-14
-14
-12
-10
-9
-10
-9
-10
-12
-13
-11
-11
-14
-13
-12
-11
-11
-9
-7
-7
-2
0
-1
-4
0
2
-2
2
6
5
7
14
16
14
15
22
26
30
33
37
36
38
43
46
49
51
52
54
55
57
57
58
57
55
54
53
50
46
44
44
41
36
31
28
26
23
18
11
3
1
0
-2
-10
-21
-25
-26
-30
-38
-46
-48
-52
-58
-63
-63
-63
-64
-68
-67
-67
-66
-65
-69
-68
-68
-64
-62
-63
-65
-61
-54
-49
-47
-44
-42
-39
-39
-36
-33
-31
-32
-30
-25
-20
-21
-23
-22
-16
-11
-11
-10
-10
-8
-10
-13
-14
-12
-12
-16
-20
-22
-20
-19
-20
-20
-17
-16
-19
-21
-15
-7
-2
0
2
12
19
25
33
44
54
59
64
74
81
86
88
93
98
103
107
108
109
109
112
113
110
108
108
108
107
103
102
101
99
98
100
101
98
88
84
84
85
81
72
62
51
45
40
38
29
16
8
2
-5
-16
-26
-32
-43
-52
-61
-68
-76
-86
-95
-100
-104
-111
-118
-125
-128
-130
-133
-137
-138
-138
-134
-132
-133
-134
-132
-129
-121
-116
-112
-109
-105
-98
-91
-85
-82
-79
-70
-61
-52
-49
-45
-42
-41
-44
-47
-46
-43
-46
-46
-46
-46
-50
-52
-56
-54
-51
-48
-47
-39
-30
-22
-17
-11
-1
10
22
37
55
75
94
112
127
139
149
159
171
180
189
195
201
206
206
206
201
194
190
185
183
180
174
166
159
155
153
150
143
132
119
108
102
95
90
82
74
68
61
55
47
36
29
21
16
10
7
4
1
1
2
-3
-10
-20
-28
-31
-31
-33
-34
-41
-48
-58
-68
-79
-90
-102
-111
-119
-125
-131
-136
-139
-142
-145
-148
-156
-163
-168
-170
-167
-163
-162
-163
-164
-164
-161
-157
-155
-154
-152
-148
-143
-141
-137
-135
-129
-124
-120
-122
-130
-134
-134
-134
-134
-134
-136
-139
-142
-147
-155
-161
-162
-155
-139
-122
-107
-99
-94
-89
-80
-64
-42
-15
19
52
83
110
133
154
177
202
226
250
265
276
285
293
302
311
314
312
306
302
295
291
288
283
279
276
276
270
252
231
213
203
194
185
181
173
159
137
116
98
82
70
60
53
48
36
26
18
14
11
4
0
-1
-1
-4
-7
-7
-7
-12
-22
-37
-48
-54
-61
-67
-77
-91
-108
-122
-133
-144
-157
-167
-174
-181
-187
-194
-200
-199
-198
-199
-206
-215
-219
-221
-219
-220
-219
-221
-222
-223
-223
-218
-213
-212
-212
-211
-209
-211
-213
-212
-206
-200
-201
-208
-216
-217
-216
-217
-219
-223
-226
-227
-229
-228
-220
-202
-178
-150
-128
-110
-96
-78
-49
-7
47
107
163
214
254
281
304
330
364
403
439
467
486
494
496
499
504
506
509
504
493
482
471
465
459
452
437
415
387
363
344
326
311
294
278
260
237
207
174
142
114
94
79
64
45
20
-2
-18
-26
-34
-44
-53
-62
-75
-85
-93
-97
-96
-98
-102
-111
-133
-162
-185
-196
-201
-209
-220
-234
-246
-260
-278
-292
-298
-300
-303
-310
-316
-321
-325
-329
-332
-336
-339
-344
-351
-354
-352
-347
-341
-335
-331
-333
-339
-345
-341
-327
-307
-289
-277
-270
-269
-273
-278
-281
-279
-273
-265
-258
-255
-257
-268
-280
-287
-282
-265
-238
-208
-182
-159
-137
-110
-84
-58
-23
30
105
185
255
304
337
361
397
448
506
555
586
603
624
647
664
669
668
669
671
668
654
629
603
594
603
606
590
556
514
471
448
439
432
417
384
341
298
257
209
171
157
149
121
86
56
26
1
-14
-23
-35
-43
-43
-44
-56
-78
-99
-108
-108
-109
-120
-150
-187
-216
-230
-239
-256
-285
-319
-355
-386
-408
-422
-434
-445
-451
-450
-454
-466
-482
-497
-498
-487
-472
-464
-466
-478
-490
-484
-462
-444
-438
-441
-437
-428
-414
-392
-360
-329
-303
-288
-293
-312
-319
-296
-257
-226
-210
-210
-219
-223
-225
-225
-233
-236
-214
-171
-135
-117
-103
-83
-57
-26
15
52
91
157
258
362
438
475
481
489
543
628
698
739
763
776
786
804
803
769
745
757
773
770
750
725
701
692
695
689
656
601
543
511
504
501
486
454
411
361
294
214
148
115
119
139
132
75
-2
-52
-67
-74
-82
-90
-90
-80
-71
-85
-120
-159
-183
-189
-185
-190
-218
-265
-305
-323
-324
-331
-366
-415
-460
-486
-498
-510
-524
-529
-530
-532
-544
-566
-588
-606
-606
-570
-543
-551
-566
-579
-587
-579
-569
-559
-537
-516
-490
-463
-451
-433
-409
-391
-352
-317
-320
-324
-311
-284
-259
-234
-212
-212
-209
-183
-180
-208
-231
-248
-242
-204
-155
-108
-90
-103
-110
-86
-31
37
103
179
276
371
443
474
475
481
526
622
725
787
798
792
793
789
776
768
774
778
779
780
773
747
718
701
687
669
653
625
572
520
505
515
513
477
413
345
288
238
195
178
190
198
174
122
51
-26
-72
-59
-9
30
43
31
-4
-55
-95
-114
-115
-99
-85
-106
-173
-249
-301
-329
-340
-333
-327
-357
-427
-499
-527
-515
-511
-529
-563
-590
-603
-616
-620
-614
-627
-622
-581
-561
-578
-609
-635
-630
-593
-538
-503
-503
-504
-486
-448
-408
-405
-398
-351
-308
-282
-267
-267
-271
-262
-227
-197
-201
-215
-208
-199
-207
-230
-258
-274
-245
-168
-95
-80
-112
-129
-101
-49
3
68
176
301
387
439
471
473
488
551
670
776
817
815
778
762
778
803
822
816
823
833
833
814
766
717
684
687
717
739
713
645
583
569
590
590
541
454
372
324
294
252
211
206
225
218
169
92
29
8
16
47
83
69
14
-37
-70
-89
-102
-117
-112
-97
-117
-187
-259
-309
-331
-338
-336
-359
-416
-454
-487
-529
-520
-497
-484
-508
-572
-606
-634
-660
-662
-644
-598
-583
-615
-633
-614
-591
-603
-618
-587
-531
-498
-497
-505
-498
-453
-393
-349
-322
-314
-324
-332
-338
-331
-295
-256
-233
-226
-235
-261
-287
-288
-279
-292
-292
-234
-149
-104
-117
-161
-197
-180
-103
-9
79
162
249
340
396
401
419
460
517
625
752
829
826
764
722
749
806
840
842
824
826
843
839
812
765
726
723
739
748
742
677
588
563
597
601
537
468
419
363
313
271
226
216
232
206
143
93
57
18
-9
4
38
52
27
-32
-120
-173
-161
-129
-106
-94
-113
-173
-266
-314
-294
-294
-353
-414
-433
-431
-455
-503
-564
-627
-622
-563
-551
-594
-660
-692
-652
-620
-616
-603
-611
-624
-609
-613
-616
-587
-553
-505
-443
-436
-468
-481
-473
-438
-382
-331
-297
-279
-276
-285
-295
-280
-242
-208
-208
-229
-206
-173
-196
-242
-286
-305
-263
-186
-93
-56
-115
-163
-145
-76
26
81
113
201
308
408
478
469
440
467
563
695
824
897
835
714
683
751
839
870
845
840
850
851
825
742
676
665
665
693
739
739
687
599
537
542
561
559
498
388
329
328
322
290
231
197
199
180
148
132
110
72
41
29
47
48
-10
-108
-157
-103
-33
-51
-123
-206
-277
-277
-274
-345
-409
-433
-457
-462
-459
-488
-556
-631
-669
-662
-630
-611
-628
-664
-691
-695
-665
-642
-659
-662
-609
-562
-566
-588
-584
-551
-518
-507
-495
-467
-451
-443
-419
-381
-332
-295
-277
-249
-227
-235
-251
-243
-206
-189
-204
-190
-179
-194
-212
-236
-237
-202
-159
-87
-40
-77
-123
-123
-44
70
132
178
251
331
412
460
451
436
464
562
707
813
854
832
741
668
715
814
850
848
863
857
813
776
734
665
638
666
690
716
708
628
533
447
397
415
439
428
398
335
259
210
165
148
177
176
121
55
20
27
28
5
-8
-32
-52
-49
-50
-76
-142
-210
-222
-194
-162
-189
-289
-362
-402
-445
-466
-475
-492
-519
-561
-590
-606
-620
-628
-651
-666
-648
-635
-622
-625
-671
-701
-669
-620
-572
-532
-521
-539
-552
-533
-486
-425
-410
-424
-394
-355
-319
-291
-271
-269
-250
-219
-192
-124
-98
-107
-164
-221
-146
-75
-99
-138
-145
-163
-173
-176
-136
-16
57
29
-61
-78
-5
73
131
157
224
324
413
480
497
482
453
482
599
737
820
813
734
667
659
687
748
793
799
796
749
716
698
623
588
598
602
611
637
650
575
491
413
343
368
396
410
425
356
265
197
168
166
145
134
129
93
65
79
67
22
-12
-42
-58
-37
-21
-41
-87
-172
-256
-278
-276
-264
-257
-314
-405
-484
-557
-586
-578
-581
-578
-569
-577
-589
-604
-630
-669
-696
-675
-630
-604
-610
-638
-665
-671
-619
-547
-532
-521
-453
-414
-429
-429
-397
-359
-321
-285
-230
-175
-165
-169
-166
-176
-161
-106
-75
-73
-81
-103
-119
-112
-103
-95
-109
-139
-137
-112
-84
-52
-11
5
-33
-67
-21
66
149
209
226
260
354
443
510
535
505
490
538
627
710
742
746
715
644
626
683
718
731
740
705
665
650
617
586
567
526
521
555
553
526
486
390
290
256
265
292
311
306
265
196
143
111
68
49
53
54
43
8
-8
4
-15
-63
-116
-139
-110
-92
-131
-181
-224
-278
-319
-317
-314
-359
-397
-419
-468
-512
-550
-595
-608
-608
-610
-601
-596
-607
-629
-637
-620
-625
-616
-578
-566
-541
-492
-477
-487
-482
-437
-385
-361
-339
-314
-283
-242
-234
-241
-205
-162
-131
-110
-108
-94
-46
-23
-39
-57
-63
-56
-25
0
-8
-24
-37
-57
-70
-70
-58
-52
-35
27
69
38
-1
-12
24
122
207
264
326
373
398
407
413
441
484
547
625
669
690
700
673
628
585
553
573
620
632
630
629
593
523
450
390
367
380
406
441
466
452
393
308
233
208
225
231
211
181
158
166
169
107
34
10
24
59
81
54
0
-55
-96
-115
-134
-166
-192
-195
-201
-234
-253
-254
-270
-302
-362
-443
-462
-415
-404
-476
-558
-577
-569
-577
-589
-593
-593
-585
-568
-550
-533
-513
-489
-455
-422
-403
-382
-356
-330
-305
-284
-265
-248
-233
-219
-206
-194
-185
-174
-163
-150
-140
-132
-125
-122
-123
-129
-138
-149
-162
-172
-192
-214
-228
-244
-252
-253
-254
-248
-240
-228
-215
-204
-153
-102
-46
24
46
103
143
182
221
263
391
458
412
449
415
298
530
618
626
726
822
1089
1003
758
802
1390
1336
965
923
404
2763
5367
3784
2002
462
-412
965
2551
3419
2524
1192
651
-13
-494
-1081
-729
706
1618
971
-1544
-3545
-3466
-1889
31
483
-310
-709
-915
-1078
-911
-1700
-2052
-991
-493
301
256
-910
-1036
-1043
-372
104
-117
-184
-1250
-1816
-2095
-1967
-258
692
804
-344
-2368
-2954
-2516
-1212
-164
-303
-780
-1391
-1737
-1896
-2121
-2073
-1488
-1263
-1906
-2304
-2548
-2137
-1815
-2492
-2326
-1654
-1387
-2266
-3643
-4447
-2409
2178
4065
3543
-1299
-5124
-2593
2638
6922
6237
2830
-321
1194
2651
4439
5638
6266
6241
3865
1992
1384
4443
6578
5869
3889
2020
2295
3563
3350
1373
408
-62
2075
3229
2219
-75
-2070
-2119
-1254
-284
522
314
-324
-1839
-3009
-2303
-917
712
758
-443
-1150
-1844
-865
-553
610
1015
1584
935
-44
-1169
-1120
37
1428
2035
1197
-123
-856
-1162
-566
-564
-382
-398
-1125
-1846
-3228
-3129
-2414
-2138
-2276
-3478
-3787
-3917
-4066
-4582
-5035
-4486
-3756
-4064
-4628
-5019
-5494
-4794
-4412
-3145
-3030
-3833
-3623
-4509
-4609
-5483
-2560
3295
5425
3413
-4054
-7545
-1803
6937
12518
9556
1564
-1785
1141
6566
10935
10690
8876
7002
4737
4006
4262
6912
9639
8746
5536
2598
3071
4985
4366
1975
-118
829
3631
3726
710
-3858
-5178
-2303
304
1016
-1516
-4248
-5828
-6387
-4734
-2981
-1078
-1202
-3718
-6210
-6295
-2479
916
1068
-1457
-3368
-2306
327
2220
1717
315
359
2023
3123
2667
1887
2018
2753
3004
2804
2584
2738
2725
1753
312
45
1075
1867
988
-1289
-2850
-3374
-2418
-1521
-2409
-3847
-5382
-5387
-5077
-5190
-4575
-4943
-5320
-5784
-6423
-6145
-6079
-5505
-5004
-5363
-5400
-4661
-3703
-3788
-4138
-5433
-5113
568
4040
3884
432
-6073
-3598
3707
9089
11476
5920
412
246
4087
8904
10798
10057
8091
6092
4490
4804
6750
9283
9586
7424
4917
3383
4338
4814
4007
2270
1476
2818
3359
2065
-1343
-3774
-2862
-463
532
-962
-3292
-4973
-5309
-4621
-3244
-1940
-1464
-2417
-4415
-5669
-4557
-1606
577
667
-1546
-3124
-2628
-928
1115
1323
1224
1085
1022
1322
901
1221
1937
2606
2639
1562
751
564
913
1119
633
79
-124
-448
-1515
-3042
-3719
-2850
-1596
-1339
-3247
-5975
-6416
-5777
-4430
-3487
-4951
-5877
-6022
-6217
-5786
-4808
-4500
-3905
-3855
-5814
-6441
-6980
-3710
2321
3334
1105
-4528
-6846
-1040
5350
8891
6470
484
-1059
2091
6700
9122
8226
6840
5993
5956
5972
5768
7071
8352
7902
6433
4785
5208
5853
4874
3730
2194
2852
4429
3896
1527
-1661
-2210
-345
1632
1234
-995
-2681
-4326
-3941
-2912
-2538
-986
-1146
-2754
-4342
-5506
-3463
-450
315
-1229
-3654
-3935
-1667
456
700
-209
-649
17
381
-43
-255
619
1935
2134
992
-260
51
851
1489
843
-646
-370
371
699
-880
-2904
-2899
-1910
-624
-1235
-3332
-4754
-4459
-3345
-2935
-3686
-4510
-4381
-4497
-4692
-5272
-5134
-3901
-2749
-3308
-5428
-6918
-6118
-399
3272
2180
-1834
-6832
-4627
1396
6845
8005
3092
-1176
-1516
2450
6716
8102
7638
6250
4747
4073
4209
5745
8063
8282
6853
4525
3703
4821
5321
5380
3905
2640
3468
4400
3727
566
-1817
-699
1199
2328
1353
-1563
-3184
-3934
-2618
-886
-1008
-781
-2551
-4508
-5099
-4017
-676
339
-720
-2735
-4364
-3552
-1299
774
700
-822
-1510
-953
-486
-107
650
1394
1524
721
-249
-833
-203
1374
2019
1086
-290
-849
-332
-381
-1226
-1506
-1502
-636
-643
-2669
-3654
-3906
-3181
-1741
-2604
-3549
-4625
-5352
-4549
-3917
-3009
-3921
-4394
-4487
-4779
-4190
-4361
-4526
-5299
-2142
1400
2162
152
-6000
-6347
-1246
5572
9186
4802
-1177
-3565
548
6367
8452
7834
5858
4362
3496
3351
4527
6769
8669
8168
5420
2620
2585
4452
5767
5552
3334
2573
3287
2960
1783
-551
-673
1651
2867
1657
-1549
-3352
-3463
-1842
-572
-944
-496
-2049
-3599
-4629
-5224
-1881
970
1160
-1464
-5271
-5517
-2225
1101
1604
26
-1769
-1664
-458
-533
1
946
1662
1929
471
-929
-1116
669
2262
1701
430
-732
-481
-124
-684
-1136
-693
340
269
-1775
-3980
-4190
-2535
-262
-608
-2645
-4143
-4789
-3615
-3153
-2947
-2644
-3166
-3641
-5448
-5033
-3456
-2731
-2083
-5332
-4738
-662
1496
2585
-2453
-6102
-3388
2437
8086
6798
588
-3525
-1494
3914
7512
7670
5777
4295
3434
2829
3489
5728
7664
8075
5578
1690
1466
3700
6337
6978
3469
1551
1780
2813
3440
1139
-212
254
1608
1804
-175
-2087
-2805
-1730
-1104
-1272
-1260
-1293
-2137
-3877
-4369
-2718
-102
706
-1664
-5029
-5705
-2728
712
1278
-1164
-3525
-3259
-1039
649
702
225
290
432
-222
-1038
-453
1608
2971
1790
-814
-1906
-328
1927
2082
122
-1555
-1309
-78
99
-1058
-2272
-2046
-1092
-899
-1854
-3092
-3365
-2739
-2116
-2703
-3175
-2971
-2188
-2798
-4547
-4632
-3670
-1084
-1028
-3555
-6933
-5825
1376
3794
3081
-2552
-7589
-3526
2380
7140
5687
431
-2172
-902
2874
4774
5445
5849
5442
3621
1559
1763
4551
7809
7915
4904
1508
1462
4681
5880
4775
1950
1066
3298
4075
3365
-32
-1414
422
1764
2292
701
-943
-1956
-1909
-1849
-1557
-987
25
106
-3193
-4828
-4409
-1346
1431
158
-2266
-4726
-3564
-678
240
-524
-1519
-989
-408
-901
-1306
-674
333
1521
1234
-319
-1292
-609
1720
1815
217
-715
-541
946
856
-300
-774
-715
369
187
-977
-1601
-1941
-1154
-966
-1678
-2027
-2043
-1761
-1806
-2760
-3194
-2715
-2118
-1803
-2740
-3377
-3825
-2148
-1283
-2524
-2962
-5326
-2274
1685
1696
498
-4149
-4188
-1129
3379
5877
3108
-369
-2068
308
3064
4783
4777
4759
3224
2381
1835
3201
5233
5763
5550
2707
1311
2320
3820
4394
3853
1972
1780
2467
2285
2128
297
858
1193
2034
1373
-565
-1005
-871
85
0
-1015
-1053
-1485
-1584
-2585
-2883
-1360
-60
469
-1329
-3134
-3239
-1854
330
678
-217
-1721
-2443
-1928
-974
249
1020
1036
-13
-1382
-1789
-535
1454
2325
1310
-655
-1569
-716
773
1309
507
-546
-836
-609
-646
-921
-896
-541
-410
-1293
-2268
-2322
-1581
-862
-1398
-2262
-2567
-2254
-1777
-1793
-2654
-2686
-2061
-1883
-1012
-2365
-3380
-4017
-4055
233
1939
1642
-855
-4995
-3876
-73
4105
5527
2567
-1276
-2718
-294
3018
4893
5231
4129
2482
1278
1174
2556
4606
5925
5282
2931
1068
1109
2690
4037
4071
2986
1992
1883
1773
1204
402
318
1139
2065
1600
69
-1263
-1854
-714
-184
188
-125
-1479
-1904
-3116
-2482
-990
160
958
-1088
-2725
-3451
-2398
93
873
648
-959
-2133
-1770
-975
551
1301
1356
669
-821
-1304
-660
1113
2408
1851
348
-968
-853
157
915
991
476
-107
-707
-1099
-1141
-666
-316
-350
-813
-1822
-1961
-2022
-1522
-1330
-1849
-1804
-2437
-2109
-2402
-2981
-2823
-2514
-1833
-1990
-2118
-3047
-3670
-4520
-2579
1365
1853
1103
-3144
-5579
-2527
1399
5249
4664
352
-2631
-1872
1378
3814
4663
3972
2921
1937
724
1092
3028
5091
5927
4206
1770
975
1543
3263
4244
2924
2542
2536
1897
1547
234
186
1472
2341
2100
435
-952
-1470
-726
-34
62
193
-638
-1454
-2536
-3203
-1911
-221
1065
20
-2464
-3472
-2717
-267
835
97
-685
-1155
-517
-524
-883
-94
973
1950
1025
-820
-898
-93
1522
2119
986
341
92
720
646
-252
-28
376
701
145
-1110
-1597
-1111
-406
-316
-996
-1594
-1569
-1584
-1661
-2132
-2032
-1399
-1613
-2025
-3122
-3115
-2526
-1790
-1527
-2796
-2885
-2795
-2750
-3200
-3806
-1564
998
964
-165
-5044
-4220
-837
3860
5026
1249
-1933
-3261
451
2847
4050
3606
3028
2709
1928
1199
1766
3599
5332
5464
2926
1240
1061
2477
3744
3712
2204
2549
2786
2121
956
-216
754
2353
2873
1379
-810
-1297
-873
413
532
-259
-601
-997
-994
-1878
-2515
-1601
-203
1162
56
-2247
-3418
-2667
-65
1430
1284
43
-1281
-1704
-1404
-218
1400
2441
1823
-63
-1748
-1476
736
3030
3246
1154
-1187
-1756
-235
1151
1676
829
-339
-800
-1379
-1161
-792
-91
-1
-833
-1645
-2788
-2271
-1167
-1035
-1165
-1993
-2743
-2345
-2229
-2612
-2582
-2388
-2318
-2053
-2893
-2851
-2635
-3097
-2975
-3785
-18
1100
1371
-1978
-6348
-3635
291
5737
4944
695
-3750
-3542
568
4462
5582
3609
1619
235
1100
1335
3457
4629
5263
3482
1225
407
1977
3984
4205
2525
1078
1582
2648
2520
830
-603
359
2112
3185
1533
-847
-1661
-1046
706
1029
720
38
-1190
-1550
-2729
-1575
748
1301
1167
-1838
-3653
-2483
-114
2176
1484
-317
-2024
-1706
-6
487
1113
1086
974
566
-780
-730
374
2010
2429
830
-420
-719
190
930
646
211
49
116
-333
-1226
-1713
-1076
-105
225
-724
-2049
-2558
-2027
-1243
-1309
-1537
-1882
-1730
-2150
-2954
-3315
-2795
-1097
-1216
-1857
-3472
-4227
-2877
-1996
-1072
-2863
-2983
-502
341
126
-2641
-4157
-1747
1493
3908
2356
-1232
-2802
-719
2387
3214
3212
2613
2484
1680
1322
888
2793
4447
5337
3465
1291
362
1895
3808
4016
2966
1631
2122
1881
1929
642
844
2092
2797
2125
164
-971
-405
552
1612
855
-83
-681
-753
-1067
-1865
-937
1103
1561
47
-2365
-4055
-1443
1622
2670
1016
-2376
-2649
-1299
1073
1425
1332
532
-269
-853
-568
-69
1403
2137
1740
-63
-1298
-764
833
1709
1011
-268
-810
-614
-398
-753
-705
-532
37
-443
-1470
-2476
-2504
-1361
-1004
-928
-2258
-2217
-2638
-2225
-2716
-2797
-1959
-1464
-1448
-3307
-3962
-3726
-1595
-478
-1613
-3724
-4719
-1375
761
1687
-1218
-4452
-3603
-243
3738
3425
321
-2821
-1809
1240
3072
3706
3044
1948
1540
676
1330
2860
4564
4676
2628
719
655
2657
4274
3680
1820
1001
1974
2725
2603
1104
217
1131
2052
2410
951
-417
-426
89
934
517
36
11
-292
-936
-1584
-1013
396
1184
304
-1551
-2560
-1541
531
1533
853
-474
-1088
-912
-372
384
1138
1420
930
-16
-734
-489
763
2053
1991
620
-690
-829
27
691
704
311
-82
-473
-808
-1143
-1098
-583
-205
-201
-1379
-2227
-2140
-1689
-977
-1552
-2135
-2359
-2409
-1975
-2523
-2676
-2448
-2192
-1630
-2307
-2903
-3425
-2860
-1796
-2010
-2423
-3048
-1466
-291
225
-700
-3384
-2333
-450
1799
2170
415
-786
-1062
818
1581
2498
2697
2360
2400
1335
1281
1730
3178
4419
3576
1798
998
1639
2844
3749
2799
1716
1854
1972
2041
1716
1083
1427
2179
1918
843
-66
-100
948
1283
889
-44
-590
-65
-145
-464
-738
-432
98
-122
-156
-1069
-826
318
-640
355
-565
194
236
160
-266
-437
381
780
1150
162
-293
-240
501
1380
1034
-322
225
-274
563
339
-103
-50
110
-257
-1028
-1028
-1067
-123
-435
-874
-2177
-2324
-1778
-1322
-1276
-1803
-2604
-2211
-2382
-2338
-2302
-2435
-2053
-2072
-2404
-2841
-3372
-2442
-1807
-1587
-2252
-3771
-2987
-489
669
611
-1845
-3773
-1957
389
2618
2085
229
-1624
-634
525
2098
2934
2696
2105
1430
581
1001
2747
4221
4245
2668
904
1071
2593
3769
3337
2113
1548
1875
2270
2020
1362
1158
1560
1925
1611
967
497
609
909
891
649
368
458
242
-316
-694
-505
120
514
546
-907
-1520
-1432
-53
1043
518
402
-1188
-758
-539
463
806
788
485
-113
-652
-589
548
1287
1518
23
-740
-896
28
617
638
157
-396
-774
-885
-810
-666
-598
-689
-1000
-1399
-1885
-1954
-1551
-989
-1079
-1867
-2396
-2423
-1917
-1567
-2198
-2521
-2187
-1880
-2063
-2865
-3132
-2407
-2133
-1840
-2008
-3532
-2595
-735
2
-21
-2417
-3398
-1632
914
2196
1033
-768
-1529
-37
1570
1907
1643
1697
2446
2215
1305
1060
1967
3694
4392
3025
1567
1350
1905
3144
3446
2510
2129
2128
2108
2096
1328
856
1850
2758
2338
942
11
285
1262
1365
952
455
158
49
-566
-862
-185
278
328
-202
-1177
-692
-884
284
-191
-363
-378
255
598
-249
-1191
-737
827
1504
572
-723
-1207
-482
627
1236
520
-261
-328
-263
-505
-334
299
673
301
-782
-1663
-1534
-532
242
-52
-1191
-2134
-2401
-1853
-1030
-1142
-1390
-1840
-2261
-2295
-2736
-2224
-1694
-1703
-1642
-2788
-3071
-2889
-2517
-1539
-2136
-2653
-3545
-2457
188
86
-808
-3082
-3828
-1280
1686
3005
1038
-1599
-2641
-484
2014
3047
2347
977
759
1345
2109
2017
2737
3061
3349
2245
1930
1767
2642
3135
3045
2084
1809
2600
3126
2161
848
884
2178
2899
2365
1030
162
303
1232
1853
1522
596
-169
-371
-292
-22
365
340
-68
-501
-514
-856
-788
6
118
70
-222
-328
-376
-732
-289
492
968
472
-621
-1087
-595
444
1114
903
-135
-847
-609
-52
332
383
199
-18
-327
-834
-1084
-743
-128
-41
-687
-1383
-1694
-1567
-1203
-960
-1115
-1480
-1797
-1985
-2253
-2264
-1719
-1566
-1858
-2374
-2798
-2912
-2722
-1703
-1442
-2264
-3189
-3877
-2416
-219
381
-528
-3086
-4300
-2020
1240
2576
864
-1936
-2589
-287
2411
2978
1384
-127
618
2350
3057
2395
1367
1683
2936
3418
3023
2271
1746
2164
2721
2681
2752
2984
2702
1876
1173
1411
2513
3160
2640
1313
204
467
1571
2091
1568
601
26
217
289
-46
-88
62
258
-20
-419
-758
-702
-64
-167
-282
-338
-294
-15
-414
-768
-788
-199
481
200
-586
-1107
-663
329
769
355
-330
-627
-462
-162
-125
-57
83
83
-317
-1218
-1302
-808
-202
-2
-887
-1471
-1861
-1534
-874
-1241
-1558
-1635
-1697
-1780
-1988
-2305
-2087
-1639
-1704
-2081
-2779
-2937
-2244
-1698
-2077
-2795
-3343
-2587
-582
99
-557
-2450
-3813
-2134
536
1987
1136
-1024
-2184
-1276
1076
2196
1937
1380
979
1366
1385
1599
2346
2871
3227
2644
1893
1806
2227
2996
3304
2636
1982
2338
2702
2492
1943
1434
1829
2665
2592
1615
669
482
1195
1827
1540
705
66
92
289
44
12
395
502
141
-702
-1409
-766
439
717
166
-931
-1316
-539
104
238
-7
-113
-93
-193
-445
-587
-89
537
717
85
-779
-889
-320
304
363
-178
-511
-255
-292
-611
-1017
-975
-295
-85
-590
-1572
-1921
-1497
-839
-671
-1316
-1864
-2142
-1983
-1996
-1886
-1683
-1789
-1839
-2406
-2722
-2964
-2666
-1625
-1633
-2114
-2928
-3482
-2148
-395
56
-949
-2952
-3478
-1523
1059
2122
670
-1489
-2146
-336
1931
2460
1760
588
691
1575
1890
2108
2099
2480
2802
2415
2168
2242
2662
2987
2647
2226
2394
2796
2664
1938
1191
1307
2279
2793
2185
1004
412
900
1625
1718
925
427
370
372
443
-18
379
701
354
72
-930
-850
-71
451
423
-526
-874
-495
-26
-152
-323
-99
79
41
-557
-858
-368
402
714
116
-670
-826
-284
187
185
-230
-668
-467
-404
-622
-993
-1053
-429
-396
-634
-1287
-1808
-1452
-1069
-838
-1218
-1510
-1684
-2029
-2118
-2068
-1774
-1468
-1744
-2378
-2564
-2704
-2462
-1943
-1770
-1627
-2376
-3412
-3418
-1153
494
484
-1740
-4421
-3029
-146
2936
2015
-728
-2866
-1320
1457
3040
2193
393
435
1348
2312
2032
2087
1824
2983
2974
2300
2009
1911
2604
2928
2617
2407
2580
2647
2130
1643
1383
2090
2916
2662
1465
333
324
1354
2208
1829
799
214
235
531
187
-7
305
703
813
-284
-1094
-1017
-215
708
468
-100
-627
-716
-442
-308
-49
196
298
32
-530
-884
-610
51
443
156
-584
-958
-738
-199
38
-255
-429
-496
-599
-744
-1061
-872
-457
-549
-948
-1612
-1788
-1407
-1077
-1081
-1456
-1571
-1942
-2187
-1990
-1996
-1814
-1938
-2073
-2103
-2418
-2541
-2412
-1762
-1653
-2141
-2569
-3048
-1943
-550
-382
-1030
-2630
-2838
-1040
973
1589
292
-1235
-1282
402
1758
1697
1139
1064
1679
1884
1655
1591
1878
2632
3091
2675
1976
1978
2311
2594
2820
2398
2315
2590
2420
1964
1443
1671
2292
2562
1998
980
634
982
1711
1840
1040
429
351
526
537
-26
-124
481
651
409
-374
-976
-416
357
459
-90
-617
-579
-310
-394
-520
-213
192
254
-352
-1004
-774
8
643
445
-608
-1168
-732
-160
62
-141
-524
-599
-559
-730
-953
-999
-600
-287
-622
-1369
-1784
-1551
-1044
-845
-1401
-1717
-1941
-2011
-1830
-2088
-1878
-1686
-1527
-1730
-2386
-2661
-2537
-1745
-1406
-1587
-2123
-2920
-3127
-1629
255
381
-817
-3072
-3259
-837
1680
2314
219
-1700
-1765
424
2349
2220
1213
495
1348
2153
2137
1799
1701
2507
3136
2804
2085
1839
2190
2877
3057
2619
2333
2438
2493
1988
1507
1715
2557
2963
2183
781
280
1091
2030
2141
1010
262
329
734
639
-121
78
463
904
394
-635
-894
-512
701
515
-395
-890
-468
112
-280
-540
-587
263
399
-363
-1001
-1234
-158
664
471
-625
-1333
-734
90
314
-226
-740
-716
-434
-568
-964
-1020
-715
-429
-659
-1340
-1880
-1612
-948
-895
-1484
-1904
-1803
-1611
-1743
-2078
-2018
-1708
-1575
-1957
-2418
-2331
-2159
-1857
-1712
-1849
-2209
-2816
-2758
-1388
353
-203
-1596
-3303
-2895
-221
1777
2157
-660
-2054
-1922
1249
2812
2271
568
-174
1308
2577
2840
1558
1220
1945
3346
3350
2584
1466
1633
2535
3134
2940
2532
2426
2180
1604
1452
2017
2851
2881
1901
707
480
1405
2378
2092
902
226
671
1257
844
17
-107
402
934
520
-662
-1011
-340
421
542
-419
-1194
-643
63
8
-521
-925
-552
96
-67
-828
-1114
-512
263
322
-410
-1182
-1007
-77
302
-316
-1087
-1085
-471
-176
-670
-1241
-1121
-567
-503
-1175
-1632
-1504
-896
-797
-1506
-1861
-1744
-1336
-1391
-1936
-2245
-2148
-1532
-1334
-2140
-2935
-2543
-1508
-848
-1322
-2657
-3267
-2896
-1423
34
-212
-1256
-2298
-2549
-1247
600
1526
688
-926
-1435
-191
1599
1972
1079
611
1360
2380
2285
1346
927
1900
3455
3766
2569
1377
1384
2504
3566
3369
2467
2111
2220
2281
2081
1907
2227
2709
2488
1558
795
750
1605
2132
1550
797
361
590
777
350
69
157
366
226
-61
-415
-690
-157
158
15
-175
-494
-441
-566
-647
-345
45
122
-349
-806
-1004
-433
184
275
-92
-901
-884
-333
-120
-280
-647
-668
-482
-467
-811
-1102
-991
-819
-755
-1030
-1263
-1444
-1346
-1059
-1379
-1665
-1880
-1673
-1648
-1998
-1780
-1891
-2017
-2190
-2093
-1740
-1934
-2038
-2551
-2362
-1719
-1438
-1962
-2940
-2769
-610
602
-542
-1873
-3305
-1357
562
1937
766
-1097
-1858
-166
2020
2013
1390
397
1552
2405
2273
1231
1441
2577
3735
3500
1904
1224
1981
3133
3678
2956
1909
1874
2763
2856
1975
1520
2248
2914
2481
1407
733
1008
1799
2072
1325
334
248
811
845
183
-125
397
843
252
-921
-1378
-612
556
829
-310
-1791
-1883
-518
437
-92
-1005
-1050
-518
-375
-834
-1166
-721
91
209
-640
-1441
-1215
-230
302
-260
-1047
-981
-405
-327
-900
-1290
-913
-372
-480
-1211
-1743
-1475
-949
-718
-941
-1774
-2203
-1521
-1186
-1659
-1953
-1841
-1454
-1555
-2297
-2421
-1987
-1681
-1559
-1749
-2073
-2276
-1990
-2027
-1990
-798
-11
-236
-1706
-2751
-1505
568
1989
1110
-1043
-1813
-263
2237
2709
1160
139
975
2374
2669
1705
1090
2124
3471
3528
2347
1466
1944
3002
3537
3023
2099
2005
2484
2474
1944
1631
2044
2679
2326
1264
737
1015
1696
1779
1175
546
446
769
628
187
-65
384
721
103
-759
-1389
-629
760
840
-360
-1803
-1689
-255
668
277
-832
-1122
-709
-193
-141
-659
-674
-325
-96
-535
-1195
-1053
-428
96
-160
-783
-991
-693
-300
-312
-628
-904
-906
-871
-1062
-1390
-1423
-1094
-885
-1219
-1807
-1914
-1543
-1243
-1552
-1965
-2061
-1932
-1789
-1978
-2106
-2162
-1890
-1597
-1912
-2259
-2485
-2139
-1690
-1461
-768
-646
-990
-1555
-1994
-947
572
1394
648
-782
-943
296
1986
2055
989
521
1343
2738
2786
1714
993
1783
3428
3933
2763
1497
1624
2715
3581
3166
2093
1860
2369
2543
2121
1802
2104
2502
2102
1274
848
1107
1628
1771
1313
624
400
560
630
185
-28
391
512
16
-924
-1103
-444
408
482
-826
-1752
-1383
-170
253
-530
-1189
-1041
-294
-196
-878
-1362
-920
-198
-22
-599
-1386
-1234
-402
352
-61
-1125
-1379
-735
-73
-447
-1082
-1103
-685
-621
-1042
-1337
-1249
-928
-833
-1037
-1712
-1862
-1359
-1261
-1481
-1841
-1770
-1464
-1602
-2000
-2117
-1940
-1552
-1163
-1560
-1905
-1847
-1818
-1617
-2012
-1409
97
40
-1117
-2638
-2085
330
1925
1685
-613
-1830
-515
1936
2851
1505
343
552
2321
3138
2024
1182
1615
3026
3789
2824
1453
1446
2487
3435
3318
2267
1773
2255
2663
2189
1609
1859
2451
2451
1671
748
596
1298
1825
1434
546
94
349
615
291
-146
39
469
266
-512
-1066
-878
-153
247
-303
-1173
-1261
-598
-149
-376
-851
-931
-525
-267
-655
-1180
-981
-154
268
-331
-1274
-1381
-543
145
-78
-765
-1070
-785
-440
-561
-931
-1004
-678
-449
-736
-1319
-1662
-1358
-790
-800
-1496
-1893
-1663
-1380
-1469
-1852
-1791
-1546
-1445
-1450
-1930
-2186
-1982
-1510
-1115
-1538
-1660
-1864
-2079
-1933
-1840
-225
234
-724
-1785
-2571
-713
1347
1871
198
-1512
-882
984
2593
1698
501
544
1927
3201
2326
1204
1111
2433
3776
3655
2254
1164
1769
3006
3555
2843
1851
1908
2557
2514
1861
1465
1731
2427
2378
1479
735
617
1239
1816
1389
594
303
393
372
-68
-204
404
600
-170
-1073
-1369
-845
35
342
-395
-1559
-1804
-870
-166
-457
-957
-995
-685
-649
-1182
-1390
-761
-112
-124
-840
-1581
-1378
-510
-59
-428
-1097
-1203
-692
-395
-673
-1010
-861
-408
-310
-777
-1379
-1473
-881
-281
-422
-1252
-1836
-1585
-1007
-902
-1281
-1498
-1376
-1408
-1816
-1943
-1621
-1016
-803
-1486
-2197
-2145
-1093
-399
-974
-2090
-1778
-180
303
-258
-1822
-2136
-130
1802
1990
-8
-1341
-627
1453
2663
1691
780
1047
2228
2557
1642
1183
1974
3250
3436
2296
1143
1483
2861
3623
2979
1678
1426
2314
2754
2161
1465
1496
2180
2401
1553
639
590
1284
1867
1473
465
42
409
655
252
-219
-108
219
46
-625
-1167
-902
-22
336
-371
-1381
-1585
-798
-176
-460
-1011
-1211
-915
-494
-777
-1413
-1311
-580
-103
-465
-1305
-1512
-823
-191
-352
-966
-1167
-782
-434
-554
-897
-934
-576
-377
-748
-1249
-1238
-745
-451
-742
-1323
-1565
-1175
-735
-884
-1404
-1512
-1328
-1240
-1386
-1636
-1518
-1230
-988
-1214
-1569
-1622
-1288
-1036
-1349
-1545
-1541
-260
567
-349
-1431
-1942
-317
1625
1884
187
-1428
-645
1139
2527
1708
205
484
1994
2948
1919
625
974
2774
3893
2977
1214
746
2065
3328
3297
2086
1171
1659
2497
2362
1557
1156
1642
2397
2183
1042
196
624
1712
1881
842
-108
-48
446
623
-9
-386
124
301
-239
-1184
-1315
-492
234
-74
-1211
-1680
-1374
-516
-317
-1144
-1482
-1027
-359
-493
-1370
-1724
-914
0
-158
-987
-1580
-1186
-279
-69
-712
-1204
-859
-260
-313
-900
-1100
-623
-77
-169
-784
-1191
-913
-272
-161
-748
-1230
-991
-535
-681
-1273
-1391
-924
-619
-922
-1709
-1853
-1100
-468
-664
-1688
-2146
-1492
-613
-286
-939
-1922
-2132
-643
964
270
-1367
-2133
-1010
1070
1632
612
-753
-561
839
1839
1769
753
560
1646
2603
2432
1187
978
2030
3161
3138
1694
1222
1508
2899
2946
2294
1467
1509
2325
2431
1893
1045
1315
1890
2006
1110
618
607
1140
1328
881
215
-55
243
327
66
-418
-372
140
-172
-866
-1359
-1069
-212
15
-742
-1618
-1588
-811
-342
-698
-1245
-1219
-749
-607
-1058
-1358
-1000
-372
-215
-727
-1287
-1209
-554
-31
-197
-839
-1154
-709
-116
-206
-713
-776
-398
-263
-547
-849
-812
-500
-300
-497
-892
-1021
-892
-745
-802
-897
-840
-720
-773
-1162
-1400
-1121
-507
-509
-1065
-1505
-1498
-978
-583
-447
-1145
-1602
-1557
-857
695
377
-599
-1653
-1266
593
1631
1410
-352
-667
121
1871
2284
1198
404
1128
2262
2529
1521
862
1716
2700
3027
1721
1150
1544
2431
2639
2100
1456
1280
1933
2096
1453
963
1058
1599
1685
1043
321
339
796
1094
724
79
-50
131
105
-238
-643
-528
55
-108
-981
-1496
-1365
-518
-119
-525
-1413
-1740
-1233
-418
-297
-1128
-1219
-1112
-536
-840
-962
-1107
-737
-538
-614
-795
-1110
-683
-439
-93
-413
-653
-604
-145
-167
-429
-401
-156
55
-235
-704
-674
-360
-186
-293
-529
-773
-712
-531
-562
-768
-686
-512
-735
-1075
-1157
-859
-466
-499
-985
-1253
-1048
-856
-706
-712
-759
-962
-913
-1173
-440
581
-66
-523
-1216
-290
821
1510
726
-309
-182
745
2022
1738
731
426
1295
2298
2390
1229
781
1426
2685
2776
1673
954
1246
2160
2522
1991
1192
1024
1669
1871
1479
850
686
1305
1604
987
220
99
605
1014
564
-199
-326
-61
102
-151
-617
-573
-300
-500
-877
-1190
-1142
-537
-333
-888
-1461
-1486
-819
-347
-855
-1437
-1231
-627
-420
-859
-1267
-1099
-591
-245
-437
-950
-1066
-570
-35
-93
-598
-825
-481
-37
-44
-418
-596
-344
-4
-20
-405
-664
-390
70
58
-465
-868
-656
-147
-120
-620
-805
-500
-342
-589
-854
-880
-763
-451
-397
-841
-1197
-924
-418
-177
-503
-1321
-1467
-765
495
695
-514
-1221
-1081
260
1305
980
-31
-574
273
1087
1479
1020
567
989
1723
2060
1342
747
1056
2009
2421
2111
1092
776
1397
2209
2088
1506
902
1142
1641
1494
895
595
1077
1500
1269
367
82
281
746
719
251
-311
-262
90
-9
-534
-663
-343
-286
-598
-943
-1108
-744
-371
-642
-1195
-1422
-1103
-469
-395
-957
-1288
-1029
-533
-451
-899
-1105
-728
-311
-351
-715
-860
-561
-145
-15
-277
-606
-566
-170
106
-62
-405
-382
-22
144
-169
-556
-466
-19
197
-97
-543
-654
-322
-15
-113
-431
-591
-479
-460
-564
-633
-603
-456
-442
-585
-748
-741
-660
-789
-530
-276
-518
-803
-1117
-9
628
53
-553
-1165
-163
775
1259
303
-615
-206
798
1744
1117
402
417
1200
1919
1469
739
776
1547
2160
1861
1006
756
1277
2072
1845
1267
649
1003
1565
1336
776
458
893
1313
1038
175
-142
148
820
767
0
-672
-386
70
200
-395
-927
-600
-250
-252
-888
-1383
-1140
-514
-127
-615
-1227
-1446
-903
-379
-443
-947
-998
-833
-460
-709
-876
-759
-364
-84
-382
-734
-793
-384
135
39
-381
-523
-141
173
63
-176
-249
-96
127
68
-200
-180
35
150
32
-338
-299
-41
57
-102
-483
-526
-234
-72
-320
-701
-689
-449
-230
-186
-596
-914
-965
-415
36
-59
-1044
-1300
-923
132
692
-176
-798
-1170
-89
769
897
60
-528
62
709
1280
772
282
487
1178
1564
1179
492
821
1529
1975
1522
648
660
1196
1852
1548
1018
554
855
1285
1190
726
405
689
1033
930
105
-107
101
575
491
32
-361
-379
-143
-69
-199
-693
-596
-374
-384
-711
-861
-773
-513
-513
-761
-804
-731
-627
-538
-672
-784
-674
-447
-392
-620
-778
-460
-107
-205
-503
-579
-376
-90
60
-14
-226
-256
-48
96
14
-116
-55
161
234
0
-165
-147
-37
113
129
64
-127
-299
-342
-154
-50
-269
-394
-567
-422
-220
-367
-455
-683
-589
-361
-462
-586
-767
-536
-264
-445
-834
-1125
-600
396
412
-434
-1277
-989
271
1147
978
-333
-812
-189
1220
1507
545
-46
460
1390
1622
848
389
741
1576
1799
1053
388
614
1311
1642
1270
617
513
1032
1249
811
329
421
809
812
317
-130
-66
381
525
103
-365
-432
-118
83
-272
-709
-565
-131
-70
-514
-1020
-995
-455
-98
-325
-824
-1029
-697
-258
-281
-601
-668
-435
-251
-357
-575
-500
-134
108
-50
-423
-488
-124
215
204
-108
-347
-124
230
185
-62
-112
67
255
152
-173
-268
-17
255
194
-173
-431
-304
-68
-18
-205
-376
-347
-389
-441
-399
-412
-453
-385
-432
-552
-655
-828
-592
-366
-460
-703
-804
-660
-566
-177
-199
-424
-463
-431
51
298
261
-29
-87
267
592
769
405
334
718
1010
1071
666
471
841
1342
1411
896
546
710
1125
1357
1058
577
458
852
1130
784
286
220
564
774
553
141
-26
148
367
304
-64
-357
-273
-26
-66
-375
-497
-268
-41
-183
-580
-772
-521
-150
-133
-455
-665
-536
-307
-260
-377
-449
-350
-200
-228
-388
-370
-105
87
0
-207
-288
-159
81
179
6
-188
-112
92
108
-25
-57
25
51
4
-30
-70
-99
-52
37
27
-160
-326
-308
-197
-198
-326
-458
-483
-427
-375
-393
-613
-673
-542
-460
-423
-612
-780
-794
-611
-362
-392
-685
-851
-456
50
-80
-406
-765
-443
361
561
343
-319
-175
286
903
794
395
327
608
1066
946
646
597
1040
1283
1117
663
543
763
1148
1136
754
406
452
858
874
535
348
385
571
531
293
80
93
294
313
55
-168
-133
-42
-98
-277
-383
-191
-86
-247
-418
-505
-386
-209
-189
-365
-474
-368
-240
-203
-306
-286
-126
-28
-86
-282
-278
-54
113
37
-192
-251
-71
136
127
-46
-158
-56
153
135
-75
-210
-73
167
102
-136
-219
-106
11
-84
-305
-458
-263
15
-137
-466
-696
-541
-260
-209
-295
-674
-774
-538
-327
-409
-808
-849
-648
-359
-294
-562
-803
-791
-490
-303
-168
-226
-391
-448
-400
-45
262
294
46
-148
108
494
642
425
270
544
947
1022
600
363
664
1172
1324
796
365
485
971
1202
847
419
364
785
956
565
173
163
522
794
560
59
-84
160
417
359
18
-187
-68
72
-9
-224
-362
-129
40
-119
-345
-479
-250
-45
-94
-265
-405
-284
-136
-119
-214
-234
-132
-52
-61
-194
-219
-53
116
111
-64
-187
-73
110
109
-2
-82
-37
25
-88
-195
-95
48
52
-106
-291
-280
-140
-55
-94
-295
-494
-409
-141
-148
-463
-646
-524
-327
-266
-410
-635
-660
-537
-449
-461
-571
-630
-529
-471
-643
-661
-530
-386
-358
-571
-544
-265
-21
-106
-409
-400
-39
443
480
76
-128
150
598
650
334
270
658
930
782
425
363
765
1188
1118
578
336
629
1044
1056
689
460
545
844
844
467
213
395
719
683
372
17
51
429
528
274
-61
-102
96
156
34
-142
-106
51
-9
-236
-365
-208
-23
-46
-234
-426
-305
-52
13
-118
-305
-236
-41
-44
-194
-278
-130
61
28
-172
-319
-250
-45
57
-60
-244
-283
-122
42
-32
-195
-204
-109
-86
-223
-351
-286
-151
-168
-268
-357
-438
-392
-336
-380
-393
-433
-421
-449
-615
-603
-441
-348
-441
-632
-669
-528
-305
-351
-606
-639
-530
-367
-336
-485
-440
-126
166
-57
-482
-482
-1
551
488
81
-156
10
490
709
623
398
356
633
834
709
464
404
633
909
942
743
452
493
696
872
820
608
465
528
568
546
511
450
380
305
221
250
268
309
255
128
62
46
122
67
16
-4
35
-6
-107
-164
-72
3
-5
-118
-223
-219
-134
-64
-103
-203
-209
-131
-105
-180
-249
-215
-77
22
-84
-325
-322
-228
-22
-15
-164
-302
-273
-96
-10
-97
-243
-391
-397
-220
-102
-191
-345
-439
-367
-223
-194
-302
-436
-485
-450
-359
-320
-413
-476
-550
-511
-352
-264
-396
-532
-442
-320
-220
-457
-616
-483
-208
-97
-310
-514
-378
-76
44
-58
-301
-234
116
345
268
70
2
167
425
530
471
455
458
553
594
634
614
666
679
699
708
676
591
605
721
744
643
537
463
515
611
646
496
319
341
407
440
368
251
214
206
246
224
149
77
40
56
18
-28
-9
-30
-122
-185
-188
-124
-71
-171
-291
-270
-184
-140
-166
-238
-233
-145
-144
-225
-275
-257
-186
-134
-188
-292
-290
-171
-119
-222
-340
-318
-185
-103
-173
-334
-427
-371
-272
-265
-271
-234
-267
-344
-415
-372
-260
-262
-425
-483
-364
-282
-299
-419
-462
-421
-281
-316
-399
-432
-424
-456
-358
-278
-249
-285
-368
-352
-287
-159
-109
-162
-115
-85
-81
-70
52
206
290
239
81
116
375
539
492
394
438
606
561
503
499
668
769
646
480
586
815
817
627
439
471
679
795
639
357
263
452
664
555
301
150
263
370
348
190
154
136
136
69
44
33
26
10
-98
-123
-182
-122
-90
-111
-178
-228
-222
-217
-261
-283
-276
-230
-156
-296
-376
-350
-171
-133
-249
-338
-309
-142
-144
-268
-376
-341
-225
-146
-241
-353
-454
-299
-144
-198
-328
-382
-261
-163
-291
-431
-390
-149
-76
-285
-468
-467
-322
-211
-293
-426
-330
-185
-230
-340
-386
-237
-100
-157
-306
-415
-282
-95
-54
-92
-196
-209
-75
26
47
10
-3
20
97
254
297
257
193
197
376
533
545
411
398
507
578
651
581
537
576
619
659
610
550
537
623
670
579
448
364
482
597
528
381
265
334
397
327
266
218
192
202
200
136
74
-10
-23
68
90
18
-124
-172
-140
-116
-101
-172
-254
-303
-256
-150
-190
-302
-346
-268
-205
-257
-337
-384
-284
-202
-267
-326
-364
-318
-250
-284
-334
-315
-241
-202
-264
-380
-415
-320
-193
-166
-251
-355
-394
-299
-181
-197
-306
-358
-335
-279
-229
-253
-289
-237
-158
-210
-327
-331
-190
-84
-153
-260
-250
-72
-44
-218
-249
-63
148
15
-207
-213
-45
263
265
-27
-162
17
367
419
151
14
174
464
554
368
207
280
489
578
474
364
392
515
605
563
445
403
487
590
578
477
389
373
446
478
382
317
332
348
356
335
239
172
170
191
220
183
104
12
-13
-6
22
31
-109
-167
-162
-112
-49
-124
-236
-287
-191
-169
-237
-279
-295
-195
-183
-293
-414
-455
-337
-170
-88
-227
-427
-422
-304
-183
-207
-352
-366
-314
-233
-169
-231
-320
-387
-313
-154
-134
-224
-377
-384
-205
-118
-184
-375
-387
-139
-13
-70
-292
-496
-363
33
189
-73
-301
-288
-58
154
36
-214
-240
-64
133
168
-45
-204
-128
121
265
125
-66
-64
219
379
215
32
43
281
490
476
231
63
248
485
517
406
259
233
397
530
486
358
291
339
408
473
491
382
290
366
481
458
342
301
312
324
336
271
178
172
191
190
157
84
79
84
58
23
-78
-128
-103
-87
-121
-162
-226
-238
-210
-258
-279
-334
-289
-249
-328
-313
-383
-398
-305
-303
-386
-432
-366
-336
-318
-288
-301
-344
-329
-253
-232
-253
-297
-299
-226
-182
-205
-234
-209
-173
-160
-112
-118
-219
-182
-21
-77
-245
-178
36
55
-144
-255
-183
-16
80
-8
-57
-72
-89
-18
72
184
82
-176
-127
91
204
161
-19
-106
11
169
221
157
5
4
217
292
175
91
136
267
354
313
234
240
319
407
416
331
277
344
432
401
278
224
325
461
447
285
159
203
358
431
294
76
52
247
374
254
48
-27
58
171
157
-1
-144
-127
-17
13
-74
-173
-197
-162
-139
-176
-258
-322
-311
-237
-200
-259
-336
-331
-268
-256
-296
-310
-310
-339
-349
-293
-213
-184
-237
-304
-272
-178
-166
-217
-201
-157
-192
-256
-251
-150
-3
59
-57
-228
-247
-95
77
99
-53
-190
-155
-34
58
85
2
-174
-187
78
298
173
-155
-248
-6
338
338
5
-248
-179
194
383
218
-157
-262
10
366
478
82
-138
-196
305
423
114
85
-88
388
225
308
77
28
299
344
346
35
85
176
445
294
217
-53
57
153
469
408
110
-88
-8
222
323
147
40
117
210
145
16
-49
11
86
154
-31
-143
-80
4
72
-77
-206
-226
-160
-83
-81
-121
-320
-334
-158
-62
-88
-266
-350
-259
-139
-101
-193
-241
-234
-233
-165
-127
-192
-278
-234
-113
-89
-165
-258
-132
69
-9
-210
-309
-169
114
181
-72
-343
-209
144
268
126
-136
-241
-119
147
325
89
-212
-188
63
241
181
-17
-148
-28
136
130
45
42
34
14
85
69
85
160
155
106
79
114
111
73
68
139
173
144
77
24
133
229
190
33
-65
41
213
265
108
1
22
77
181
206
86
-19
-6
109
244
172
-20
-81
42
152
82
-6
-72
-23
99
97
6
-66
-46
-70
-125
-70
40
61
-50
-175
-185
-81
-4
-15
-137
-204
-135
-44
-32
-164
-210
-136
-48
-28
-136
-206
-176
-64
-11
-111
-213
-193
-65
10
-66
-164
-124
37
125
-30
-243
-209
-7
148
101
-75
-117
-8
69
84
2
-108
-45
115
198
86
-66
-45
63
153
118
69
44
0
13
56
127
141
74
-8
-57
-19
142
237
69
-85
-90
11
193
126
-82
-158
3
194
126
1
-54
-2
139
145
-39
-93
10
185
134
84
-87
-70
93
213
46
-5
187
-32
208
102
74
-217
-249
72
263
450
-18
-132
-260
24
136
222
-72
-83
-161
-45
98
-45
-158
57
31
-19
-208
-129
-20
-9
95
-117
-144
-180
82
12
-73
-244
-118
-25
99
-35
-251
-134
-100
60
-17
-60
-307
-68
77
115
-21
-167
-109
-159
108
33
36
-19
-117
-18
58
17
10
-54
47
72
74
-2
-77
-8
69
130
102
-8
-71
-24
123
175
52
-24
-2
-4
86
150
53
-14
2
51
90
42
-6
39
90
64
-7
-10
71
85
24
-1
2
40
96
85
-15
-82
-3
89
137
55
-55
-121
-37
140
132
31
-151
-111
2
148
153
-30
-182
-112
59
112
61
-76
-106
-44
60
33
-64
-94
-22
77
84
-17
-109
-93
26
65
10
-101
-83
62
118
28
-170
-154
-14
109
78
-142
-147
-59
61
56
-82
-156
-134
48
80
-22
-112
-124
-45
32
19
-47
-96
-100
-7
9
38
9
-84
-52
-53
64
138
-11
-49
-118
41
104
70
49
-31
22
45
66
44
65
27
40
113
88
63
53
81
103
18
93
97
82
41
-4
57
89
122
-17
-26
21
50
33
17
7
5
33
-40
-67
-3
74
0
-50
-80
-47
47
15
-77
-134
-45
15
14
-71
-130
-147
-28
71
33
-47
-108
-34
39
15
-52
-60
61
82
15
-33
-70
-52
6
42
38
50
2
-72
-33
-21
-16
12
-9
-75
-45
70
15
-63
-126
-69
76
98
43
-112
-138
-9
34
73
-43
-146
-63
62
99
-90
-86
-81
61
55
-4
-78
-15
50
82
2
-84
-9
81
72
50
21
16
84
94
24
74
74
35
32
41
116
128
68
39
18
52
83
73
89
76
54
59
26
17
27
12
9
-15
16
44
-22
-19
1
-38
-60
-29
71
70
-42
-130
-141
-50
48
50
-48
-147
-140
-50
29
29
-21
-72
-91
-81
-53
-10
-2
-24
-63
-66
8
42
16
-66
-115
-15
90
33
-48
-55
-22
58
45
-26
-57
-13
85
71
-21
-86
-53
32
86
76
-4
-34
-22
5
-5
3
54
51
21
-12
-10
-9
-15
35
47
22
-9
-46
-16
42
83
46
-36
-84
-38
67
87
39
-34
-50
10
67
74
28
-3
-32
-7
37
65
92
41
-17
-44
-7
57
96
85
-14
-18
35
43
51
25
10
15
8
17
17
-7
-7
32
15
-31
-24
-10
24
6
-47
-64
-46
23
41
-24
-90
-83
-1
11
-17
-57
-85
2
43
-15
-72
-105
-49
11
13
-14
-74
-72
-29
-6
13
-7
-38
-28
-26
-49
-51
-38
-35
0
16
4
5
-17
-48
-68
-32
40
73
25
-74
-76
22
86
51
8
-6
14
58
37
21
16
40
74
50
22
1
19
42
61
52
42
43
13
23
23
30
11
-11
27
32
19
-4
-15
-1
20
45
31
-4
-8
1
7
34
33
33
26
1
48
49
11
31
11
31
50
-9
-6
30
37
40
30
-8
4
29
-9
-25
-17
11
26
8
-24
-61
-38
-3
3
-19
-51
-40
-17
-26
-14
-17
-47
-27
-33
-50
-49
-40
5
-2
-40
-48
-39
-40
-7
4
-39
-33
-48
-33
10
-38
-77
-33
27
27
-29
-59
-39
-27
14
33
12
3
-12
32
29
7
3
0
53
49
28
20
22
41
42
33
19
57
56
25
10
-12
50
78
57
36
-5
33
48
32
24
-9
3
12
17
14
-14
-23
-19
16
5
-22
-3
-15
-23
-20
-14
15
19
-1
-5
-3
2
19
8
2
17
-4
4
14
-9
0
-17
-15
19
9
-7
-14
-7
3
-9
-17
-9
-6
-16
-11
-7
7
18
-1
-14
-4
3
-1
6
-10
-1
6
-19
6
9
7
-18
-44
4
9
-5
-16
-40
-25
-25
-24
-8
-16
-22
-32
-40
-25
-4
0
-45
-57
-14
6
16
-16
-41
-2
23
-15
-38
-16
1
19
17
28
19
-30
-8
32
38
-1
-33
8
38
49
54
21
20
53
46
41
33
22
61
81
36
-13
6
58
66
35
24
14
5
30
37
34
16
-11
-4
29
36
-27
-22
-14
7
44
-27
-28
0
-12
2
15
-17
-39
0
-14
-29
-10
-16
-29
-28
1
-10
-39
-10
14
3
-6
-48
-31
34
29
8
-19
-21
5
9
14
-8
-13
21
15
-13
-14
2
5
-5
-42
-63
-24
12
19
-18
-55
-47
-5
25
-23
-33
-35
-30
40
19
-28
-39
-31
3
16
9
-4
20
31
7
6
9
25
62
37
-2
7
35
57
18
18
34
27
40
14
4
17
32
29
4
0
23
39
-14
-16
20
26
28
6
-5
-6
4
5
22
47
5
6
17
6
45
16
-6
3
2
23
15
2
4
30
17
10
-5
-25
16
-3
-15
-18
-19
-6
-20
-23
-33
-24
-19
-30
-33
-18
-13
-21
-6
-16
-27
-31
-51
-39
2
36
21
-26
-53
-30
18
25
1
-26
-43
-20
-15
-9
7
-24
-31
-2
-9
1
7
-27
-19
-26
-31
1
8
4
-14
-8
10
-10
-8
16
9
16
-3
-28
13
27
5
2
-13
-11
-1
5
42
-1
21
1
10
33
26
8
-27
28
38
18
3
-14
13
40
20
8
19
32
38
44
12
25
29
-5
31
70
52
10
-3
13
14
26
8
4
20
0
7
7
0
-28
-7
-5
11
-20
-16
7
-2
-7
11
4
4
14
14
5
6
1
0
1
8
21
8
-6
-14
-10
-9
16
-1
4
-48
-37
-14
-3
-2
-23
-15
-10
-16
-52
-24
-26
0
-2
-25
-30
-14
-6
-11
-8
-15
-25
16
8
10
-18
-41
13
37
5
-29
-33
4
40
13
-11
-7
-11
17
16
-28
-23
14
22
31
16
-9
7
7
4
1
-7
1
-5
0
23
9
-17
6
0
-18
-6
-10
19
43
21
-13
-7
8
3
25
38
30
19
13
11
32
50
5
9
52
32
5
3
6
17
24
35
27
-10
-25
7
39
10
-19
-21
-7
20
-1
-13
-11
-27
-9
5
-8
-36
-30
-1
17
6
0
-8
-58
-40
0
-2
-17
-48
-9
19
-26
-41
-37
-15
12
-18
-25
0
-1
-10
-31
-9
0
-27
-24
-20
4
18
-1
-7
-16
-16
4
4
-21
-2
20
13
19
-8
-4
34
12
16
16
14
28
27
32
14
7
7
20
0
-11
