-3
1
0
-5
-3
2
3
1
-1
-3
-1
7
6
-1
-3
-2
-2
0
4
3
-2
-4
-1
-1
-2
0
0
-2
0
-1
-3
-1
0
-3
0
5
1
-6
-2
6
3
-2
1
1
-2
1
9
1
-6
0
6
0
-2
2
1
-3
2
2
-4
-3
6
2
-3
-1
4
0
1
3
-1
-4
1
4
0
-2
1
1
-1
1
5
1
-1
4
6
1
0
4
5
3
5
3
1
3
6
7
3
4
4
3
3
5
4
5
7
2
-2
3
6
6
5
4
-1
1
6
4
2
5
1
-4
-1
2
-1
2
3
-3
-6
-1
0
-4
-4
1
3
1
-1
3
-1
-1
3
3
-2
-3
1
0
-2
3
2
-2
1
4
-1
-4
1
2
-2
1
6
-1
-4
6
9
-3
-7
3
2
-6
-1
2
-1
3
13
7
0
3
3
-3
-3
2
-1
-4
3
4
-3
-5
1
4
1
4
5
-1
-1
2
1
-3
1
5
4
4
5
2
2
5
4
-2
1
6
3
0
3
7
4
5
8
6
4
8
9
4
4
12
10
7
10
11
11
10
11
12
9
9
6
6
9
7
6
8
11
8
7
8
9
9
9
8
9
8
9
6
6
6
2
3
5
7
6
4
5
6
3
4
5
6
3
-1
7
6
-8
-15
-2
23
35
16
-5
-5
-4
5
13
5
11
-3
-2
-23
-30
23
61
20
-39
-75
27
238
186
6
-265
-166
152
294
231
-69
-278
-194
-49
168
172
17
-161
-305
-154
63
125
16
-190
-206
-106
12
59
-40
-85
-70
-26
12
-9
2
-30
-57
54
129
79
-29
-81
-16
102
183
95
-38
-85
-57
59
97
78
21
-86
-99
-35
62
88
-4
-90
-99
-33
18
15
-34
-57
-40
-31
2
-15
-37
-4
-11
10
14
-14
3
-5
21
59
54
30
-18
19
45
37
61
14
6
33
9
7
24
37
25
-4
-6
2
-3
-2
1
7
8
-10
-28
-10
8
49
16
-23
-4
12
26
6
18
8
46
27
36
0
3
-3
19
75
63
25
-24
-63
18
56
59
20
-44
-45
-27
19
34
12
-12
-34
-15
1
9
-8
-17
-12
-2
30
0
-32
-39
-24
53
45
-7
-50
-76
13
60
54
29
-47
-40
-21
16
67
31
-16
-61
-43
33
48
0
-59
-60
-12
14
-5
-42
-52
-13
25
33
28
-15
-36
9
71
129
126
45
-10
22
105
183
186
113
36
7
44
107
147
131
65
0
-26
-19
4
24
24
-11
-69
-102
-83
-53
-75
-134
-146
-85
-37
-66
-134
-156
-111
-42
-24
-91
-171
-180
-124
-64
-54
-120
-217
-242
-165
-77
-80
-169
-243
-240
-252
-403
-526
-243
435
791
135
-1015
-1170
182
1558
1348
4
-748
-304
433
713
774
843
513
-280
-575
232
1128
849
-171
-531
-13
346
50
-275
-147
54
-107
-364
-325
-181
-300
-500
-327
123
212
-259
-705
-557
77
547
412
-26
-289
-254
47
483
760
624
154
-173
4
505
881
770
243
-145
-38
319
503
333
-13
-192
-149
-106
-121
-110
-145
-286
-396
-340
-241
-317
-517
-538
-324
-179
-273
-425
-481
-423
-273
-197
-255
-210
-54
-156
-444
-390
43
278
-222
-1368
-1905
-263
2727
3458
9
-4200
-3794
1471
5658
4015
-954
-3332
-1593
963
2095
2527
2407
418
-2504
-2629
1018
3946
2223
-1617
-2481
-161
1334
321
-905
-595
41
-295
-727
-312
-92
-1032
-1766
-669
1178
1295
-644
-2319
-1705
529
1947
1237
-452
-1229
-697
217
869
1210
1015
107
-810
-611
733
1767
1189
-389
-1007
122
1514
1369
-79
-1027
-479
713
1133
467
-468
-877
-627
26
646
653
-198
-1232
-1261
-105
904
549
-638
-1135
-521
198
268
-17
-181
-199
-292
-316
14
264
-109
-668
-634
-1
403
-128
-993
-996
-258
131
-235
-872
-974
-429
-313
-1309
-2436
-2064
298
2873
2641
-1084
-4566
-3309
2009
5819
4284
-466
-3259
-1981
1080
3384
4218
3200
377
-2265
-1817
1772
4428
2847
-819
-2120
-552
799
441
-354
-538
-540
-883
-1051
-637
-651
-1651
-2147
-906
781
579
-1563
-2999
-1853
665
2012
1185
-584
-1558
-973
606
1848
2057
1319
97
-507
125
1417
2448
2319
1001
-298
-369
894
2011
1613
437
-238
-275
-50
171
394
391
-192
-978
-1198
-674
-201
-531
-1039
-929
-651
-801
-1144
-974
-281
-64
-587
-880
-426
26
-181
-762
-734
19
460
128
-607
-792
-426
-152
-142
-158
-141
-770
-1665
-2270
-1680
-80
161
-1163
-2555
-2091
711
2961
1942
-1533
-3584
-983
4052
5849
2832
-1316
-2072
686
3571
4633
3694
1793
-366
-1504
382
3541
4156
1041
-2451
-2321
72
1293
497
-765
-1211
-1646
-2023
-1402
-420
-602
-2064
-2682
-1263
438
244
-1599
-2509
-1019
1167
1723
515
-1021
-1111
320
1587
2148
1679
493
-180
286
1926
3037
2364
538
-522
449
2034
2547
1443
-141
-672
-150
567
725
303
-416
-970
-982
-704
-555
-652
-930
-1311
-1271
-825
-810
-1184
-1285
-624
-137
-542
-1015
-963
-180
192
-358
-824
-612
80
82
-510
-763
-582
-323
-584
-947
-1148
-1343
-1336
-1237
-1216
-1410
-1525
-1806
-1827
-1052
-432
149
302
129
41
-80
1075
2722
3202
2019
648
1670
3396
3694
2732
1633
2096
2644
2105
1620
1629
1621
641
-362
-67
481
-59
-1219
-1684
-1242
-1151
-1724
-1953
-1836
-1620
-1782
-2130
-1729
-966
-632
-1044
-1416
-972
-245
192
199
-28
-32
429
1079
1330
1061
701
940
1658
2113
1963
1414
1074
980
1407
2047
2256
1689
395
-205
189
1268
1511
512
-321
-952
-791
-433
-99
29
-750
-1430
-1657
-1141
-327
-360
-946
-1244
-1074
-662
-557
-592
-253
-150
-353
-782
-841
-148
148
-29
-436
-648
-473
-700
-927
-990
-683
-618
-1274
-1528
-1950
-1846
-1569
-1759
-1679
-2218
-2413
-2278
-2057
-1767
-2353
-2898
-1714
1764
4035
1582
-3472
-4375
1836
8376
7780
1872
-1556
238
3402
4948
5618
5843
3800
-108
-1470
2096
6027
4792
109
-2059
-398
1181
512
-751
-1112
-1218
-1601
-1882
-1841
-1881
-2600
-3409
-2884
-928
54
-1608
-3985
-3658
-623
1621
1194
-848
-1472
-475
468
1335
1938
2489
1697
184
404
2174
3841
3196
1329
710
1625
2814
2880
2076
1198
658
522
886
1399
1285
182
-1209
-1548
-700
112
-198
-1250
-1815
-1602
-1287
-1280
-1266
-911
-657
-907
-1217
-1030
-588
-582
-911
-702
-74
88
-392
-1217
-1167
-253
41
-270
-831
-1243
-1228
-963
-714
-401
-596
-1857
-2525
-2333
-1448
-622
-1308
-2399
-3695
-4212
-2398
-732
-1313
-3796
-5902
-2764
4006
6779
1788
-6806
-6935
2999
11242
10162
1889
-3454
-1532
3476
7522
8589
7068
2545
-2195
-1352
4485
8524
5288
-1270
-3127
-174
2212
1192
-969
-1911
-2233
-2253
-1689
-1188
-2002
-4018
-5016
-2915
591
1160
-2348
-5671
-4374
210
3229
2228
-699
-2317
-1552
473
2540
3617
2669
491
-1012
362
3423
4698
3045
194
-110
1712
2893
2360
1039
1171
1549
979
-69
-403
987
1439
289
-678
-1073
-309
11
-798
-793
-398
-365
-1074
-1801
-1177
-274
-53
-740
-1272
-674
-307
-554
-898
-960
-618
-561
-667
-930
-1287
-1398
-1065
-484
-824
-1428
-1961
-1913
-1556
-1609
-1331
-1659
-1915
-2255
-2171
-1749
-1761
-1603
-2585
-3225
-3170
-2258
-2044
-3060
-3426
-2912
1968
6424
4437
-3231
-9350
-1727
11734
15345
7024
-4533
-5783
1562
8581
11520
8637
3743
-1544
-3834
1456
8695
9045
1831
-4819
-3941
1267
3387
1771
-1454
-3221
-2698
-1582
-634
-1587
-2851
-3902
-3488
-508
1267
-293
-4002
-5076
-1812
2434
3912
981
-3035
-3655
-503
2859
3791
2273
-269
-1523
-250
2693
4686
3645
584
-1302
65
2842
3810
2163
383
320
839
873
153
663
1512
839
-23
-785
-456
-545
-1001
-147
812
857
-1431
-3318
-1928
599
1202
-411
-1805
-1964
-1323
-448
182
169
-457
-1370
-2191
-2048
-939
-89
-477
-1606
-1940
-1274
-786
-1443
-2607
-2492
-1068
-444
-1675
-2890
-3056
-2575
-2002
-1229
-602
-1740
-3432
-4658
-3084
320
-299
-4440
-9300
-6640
6489
14909
7582
-10753
-17890
-1862
17484
21436
8055
-6781
-9189
-2070
9165
16182
15055
5419
-6570
-8244
2450
13845
12552
1550
-6063
-4006
1495
3631
1817
-1133
-1819
-1866
-1488
-1357
-1752
-2907
-4936
-3375
913
2227
-2491
-8126
-6985
-16
5238
3799
-1632
-5334
-4094
218
3796
4461
2511
-468
-2272
-900
2826
5753
4429
1040
-932
-107
2882
3964
3202
1721
795
535
-105
883
2175
1757
-10
-1266
-750
-152
-644
-1574
-1620
-1083
-1223
-2167
-2614
-1923
-1182
-1219
-1705
-1627
-1025
-982
-1668
-1995
-1474
-917
-913
-1221
-1237
-908
-815
-1204
-1487
-1086
-480
-553
-1250
-1777
-1767
-995
-690
-1723
-2664
-2482
-1262
-590
-1216
-1908
-2453
-3467
-3054
-1389
-779
-2699
-7796
-6240
5207
13468
7476
-10286
-16469
-764
17881
21250
6745
-7660
-8830
-941
10424
16516
14332
5048
-6743
-8256
2568
14166
13683
2327
-6218
-5411
584
4200
2865
-374
-2603
-3331
-2567
-1313
-1519
-3362
-5427
-4496
15
2312
-1680
-7049
-6994
-1618
3598
3753
-475
-4046
-3860
-810
2688
4334
3085
51
-2266
-1408
2706
6197
5088
832
-1717
-314
3101
4471
2326
264
812
1563
936
302
253
513
788
502
-268
-1293
-2447
-2162
210
1828
247
-3212
-5027
-2844
1181
2328
-180
-2918
-3444
-1901
136
985
458
-857
-2525
-2892
-920
1215
1295
-597
-2716
-2432
-308
787
-202
-2183
-3174
-2087
-393
12
-1141
-3004
-3110
-2119
-861
-433
-1559
-2101
-3044
-3642
-2924
-530
405
-1789
-6678
-9896
-948
11668
14753
1039
-16005
-11576
6714
21121
17273
804
-8200
-6635
3177
13391
15787
10212
-1350
-9253
-3238
9363
14717
6799
-4742
-5943
-578
4137
3433
-506
-2058
-3266
-3230
-1939
-463
-497
-4085
-6601
-3735
1603
2347
-2771
-6884
-4859
420
3835
2709
-1590
-3983
-3006
10
3621
4593
1818
-2089
-3491
123
5620
6575
2422
-1825
-1959
1586
4513
4012
1604
98
-91
23
767
2137
2159
177
-1634
-1448
-53
596
-149
-1204
-1393
-1031
-1249
-1870
-1744
-1090
-1072
-1474
-1305
-888
-1026
-1392
-1349
-1055
-719
-253
82
-56
-617
-1328
-1650
-696
919
1091
-719
-2336
-2015
-690
212
-70
-1395
-2477
-1945
-1163
-1693
-2219
-1900
-868
-750
-2057
-3297
-3308
-1408
-277
-1632
-5417
-8433
-2832
8345
13097
3531
-12073
-12599
2694
17278
17243
3604
-6632
-6422
1655
10673
13464
10491
2278
-5505
-4060
4916
11269
7980
-577
-4347
-1747
2329
3145
302
-1552
-2119
-1693
-1118
-1768
-2205
-3805
-4954
-2441
1308
1254
-3578
-7148
-4643
1104
3897
1596
-2500
-4109
-2716
-133
2377
3286
2058
-514
-2374
-677
3638
5700
3543
200
-820
1070
3392
3422
1616
645
995
1230
1135
954
729
763
499
-357
-805
-838
-1062
-1080
-1003
-1281
-1624
-1992
-2183
-1558
-826
-1043
-1594
-1851
-1738
-941
-261
-631
-1219
-1274
-872
-89
37
-700
-1012
-730
-373
-87
-7
-490
-1386
-1742
-775
42
-496
-1568
-2336
-1930
-1698
-1541
-643
-815
-1700
-3263
-3753
-1953
-901
-475
-1737
-4607
-6689
-5587
2866
10993
8148
-4283
-12950
-4881
10689
17480
10464
-2008
-6472
-1990
6214
12181
11763
6359
-1742
-5433
-7
8448
10908
4453
-3085
-4289
-741
2608
2694
474
-1602
-2480
-2604
-2316
-1807
-2079
-3497
-3926
-1576
468
-1435
-5095
-5422
-1772
1696
1854
-578
-2931
-3170
-1139
1542
3106
2632
336
-1829
-1271
1988
4735
4316
1416
-890
-43
3043
4680
3315
1220
372
389
854
1857
2505
1581
-592
-2080
-1328
621
1034
-734
-2373
-2232
-1367
-1252
-1626
-1562
-1235
-1481
-2132
-2059
-996
-177
-572
-1471
-1557
-738
-43
-88
-506
-762
-647
-183
414
637
-170
-1734
-2298
-746
1186
1053
-1188
-3061
-2680
-819
295
-554
-1830
-1964
-1678
-1956
-2235
-2425
-2265
-1370
-1211
-2598
-5735
-6385
-446
7290
8629
-549
-9823
-6423
5392
13903
11133
1638
-3861
-2726
3518
9605
11147
7859
530
-4436
-1273
6666
10147
5528
-1092
-3590
-1505
1529
2571
1598
-508
-2562
-3032
-2111
-1333
-1563
-3176
-4045
-2089
20
-869
-3733
-5136
-3077
641
2586
1065
-2487
-4126
-2182
1322
3855
3301
193
-2368
-2007
1522
5189
4989
1562
-1265
-1088
2087
4612
3879
1583
62
-238
732
2261
2577
2171
85
-1979
-1424
8
1237
45
-1876
-2368
-1758
-822
-1712
-2026
-882
-584
-1618
-2322
-1633
-523
-101
-968
-1330
-513
-64
-665
-1216
-815
333
797
-106
-964
-1614
-1232
-532
228
865
-211
-1621
-2737
-2143
-747
514
892
-1561
-3312
-3606
-2398
-19
-361
-2650
-3910
-3303
-1236
-1789
-5574
-4936
1678
8461
6397
-5018
-10620
-3181
9519
14546
8077
-1019
-5498
-2309
5711
11660
12262
5810
-3557
-5218
1686
9147
9807
2897
-3149
-3561
28
3075
2832
806
-2013
-2829
-1801
-1187
-825
-2147
-4419
-3791
-652
631
-1404
-4457
-4952
-1870
1395
1691
-616
-2807
-2893
-1006
1531
2969
1952
-619
-2109
-708
3101
5448
3423
-142
-1413
520
3915
4786
2500
363
-491
65
1928
3093
2564
579
-1819
-2074
228
2159
1254
-1629
-3146
-1917
-225
-430
-1912
-2306
-1266
-703
-1241
-1671
-1303
-885
-1053
-1009
-244
338
-135
-1165
-1155
-81
528
306
-360
-923
-835
-712
-700
-157
-1
-558
-1442
-2156
-1501
-399
-588
-1919
-2664
-1996
-801
-997
-2387
-3675
-3653
-1505
-884
-1763
-4665
-7746
-3720
4565
9978
4306
-7989
-10260
-78
11927
13946
5946
-2292
-4808
-1025
6504
12047
11682
4809
-3903
-4373
3125
9783
9022
1966
-3079
-2799
509
2927
2449
225
-2018
-2858
-2513
-1599
-1112
-2314
-3995
-3197
-734
-452
-2484
-4187
-4004
-1467
1557
1736
-836
-2867
-2589
-400
2099
3051
2176
-8
-1869
-1150
2460
5250
3847
585
-592
1731
3989
3576
1668
445
1244
1809
2477
2449
734
-710
-1523
-185
1574
1110
-1067
-3117
-2625
-644
216
-633
-2257
-2818
-1721
-982
-987
-950
-1260
-1349
-1498
-1680
-771
-27
-635
-1092
-447
372
188
-728
-999
-677
-420
-576
-1000
-734
-57
-387
-1686
-2203
-1297
-238
-652
-1978
-2736
-2329
-838
-542
-1653
-3117
-3861
-2453
-917
-1001
-4447
-7705
-3083
6134
10076
2077
-10271
-10124
2470
14024
14015
3864
-4734
-5335
857
8651
12609
10135
1786
-5348
-3266
5755
11032
7367
-221
-4161
-2184
1662
3129
1936
-114
-1890
-2797
-2439
-987
-243
-2222
-4561
-3330
-332
-137
-2750
-4726
-3567
137
2427
770
-2114
-2988
-1824
460
2592
3128
1515
-1354
-2254
634
4150
4816
2551
-259
-639
1625
3739
3478
1643
700
849
1034
1558
1713
660
-280
-214
357
249
-1328
-2946
-2748
-878
804
249
-2179
-3922
-3515
-1670
-21
323
-578
-1991
-2873
-2364
-754
515
314
-779
-1250
-623
142
93
-433
-490
-99
-109
-561
-818
-647
-463
-655
-992
-971
-714
-1103
-1749
-1766
-1322
-1365
-1566
-1230
-1567
-2527
-3284
-2728
-1178
-567
-2916
-6422
-4161
3511
8719
3912
-6104
-8116
-83
9891
12124
6273
-1127
-3867
-124
6109
10781
9979
3877
-2943
-3096
3831
8585
6837
1280
-2266
-1521
955
2426
1698
5
-1473
-2517
-2490
-1118
-428
-2065
-4034
-3367
-853
-194
-1966
-3583
-3324
-1006
1236
1002
-816
-1864
-1696
-389
1881
2883
2016
13
-1566
-275
2698
4367
3007
709
96
1081
2736
2622
1593
1630
1711
1697
1036
112
-107
115
587
414
10
-1058
-2743
-2655
-1051
256
-268
-2303
-3405
-2352
-857
-388
-149
-480
-1614
-1985
-1075
-83
87
-404
-1008
-1023
-399
-93
-17
377
246
-691
-1184
-696
379
973
-561
-2453
-2316
-671
166
-642
-1873
-2690
-1888
-1061
-662
-1190
-2608
-3545
-3346
-895
-215
-1401
-5296
-7977
-2058
6611
9887
1319
-9435
-8634
2073
12631
12531
4658
-3053
-4843
-16
7352
12821
11013
2148
-5735
-3587
5707
10817
7382
436
-3368
-2264
915
2891
2983
1029
-2139
-3706
-2499
-245
372
-1846
-4309
-3373
-609
-215
-2103
-3336
-2643
-790
536
143
-1021
-1479
-1338
-616
1161
2709
2158
-228
-1903
-209
3578
4920
2555
-277
-665
1376
3324
3077
1761
1202
1089
870
604
171
54
499
564
77
-592
-1697
-2439
-1886
-883
-356
-781
-2158
-3040
-2504
-1337
-466
-406
-1173
-2124
-2309
-1309
93
685
-213
-1552
-1229
31
224
-20
121
332
299
-288
-790
-583
-418
-659
-794
-657
-725
-1408
-1781
-1369
-890
-1049
-1650
-2031
-1944
-1381
-1671
-2213
-2270
-1931
-1558
-4073
-7112
-3052
5133
9030
1678
-9856
-9292
2232
13309
12205
3678
-3396
-4083
386
7463
11960
10545
2293
-5099
-3517
4726
9918
7350
751
-3107
-1835
1331
2618
2090
605
-1366
-2596
-2154
-944
-627
-2161
-3660
-2542
-405
-569
-2598
-3839
-2648
238
1895
683
-1470
-2322
-1685
83
2177
2746
1201
-902
-1674
133
3352
4509
2387
-428
-960
1341
3761
3526
1702
503
106
531
1533
1605
590
-295
-825
-837
-235
-368
-1675
-2500
-1781
-454
-546
-2284
-3062
-1955
-913
-657
-778
-1271
-1547
-1034
-261
80
9
-309
-660
-454
238
508
376
-118
-990
-992
-15
610
155
-739
-1317
-978
-507
-719
-695
-946
-1540
-1742
-1145
-1057
-1204
-1548
-2541
-2601
-2815
-1558
-996
-1525
-4290
-8473
-3626
5517
10031
2560
-9922
-10098
552
12085
13095
5456
-2659
-5788
-1002
6568
12446
11495
3428
-4727
-4365
4111
10382
8667
1723
-3258
-2693
1034
3537
3166
739
-2262
-3549
-2425
-117
770
-1546
-4466
-3739
-595
306
-1804
-4161
-3993
-956
1738
1176
-1294
-2797
-2439
-720
1399
2553
1859
-264
-1818
-549
2698
4269
2700
65
-929
744
2940
2943
1718
1108
613
444
1071
1085
503
407
88
-525
-784
-1149
-1594
-1406
-549
-190
-1279
-2544
-2670
-1968
-895
-243
-606
-1444
-1845
-1202
-391
-426
-374
-76
-246
-176
64
-203
-310
-34
15
166
276
88
63
-157
-448
-524
-576
-695
-662
-1184
-1695
-1321
-1263
-1371
-1944
-1869
-1620
-1990
-2180
-2531
-1593
-1559
-2938
-5753
-7351
-1821
6231
8883
444
-10680
-9166
2826
13218
12451
3346
-4018
-5072
530
7946
11976
10121
2392
-4194
-3171
4103
9734
7401
642
-3075
-1379
1882
2641
1201
-461
-1798
-2277
-1427
-69
150
-2389
-5253
-4206
-411
1441
-676
-3963
-4111
-1196
1060
773
-963
-1796
-1301
-261
1366
2344
1593
-210
-1412
-173
3015
4234
2317
-170
-1052
852
2766
3124
2096
806
528
118
962
1451
973
623
-549
-642
-229
-570
-1270
-1521
-1074
-867
-1167
-1965
-2225
-1628
-960
-661
-693
-983
-1483
-1581
-1001
-2
865
680
-531
-1317
-831
236
1012
780
-388
-878
-442
48
231
-4
-592
-602
-219
-718
-824
-1236
-1504
-1022
-634
-550
-1732
-2877
-3105
-2776
-1345
-970
-1472
-2115
-3796
-5138
-6796
-1606
5438
8259
1029
-9711
-8854
1741
12432
12222
3784
-3722
-4492
1113
7728
10963
9244
2241
-3563
-2727
3947
8718
6980
1813
-1755
-1312
967
2030
1444
424
-711
-1902
-1886
-572
-231
-2375
-4381
-3376
-463
756
-1302
-4447
-5023
-1972
1707
2598
577
-2012
-3118
-1838
1204
3609
3021
-195
-2657
-1368
2558
4879
3363
148
-1311
54
2530
3773
3016
1147
-517
-804
654
2327
2034
-67
-1659
-1416
-272
108
-857
-1998
-1813
-666
-378
-1466
-2453
-2180
-1219
-630
-412
-165
-295
-1278
-2069
-1084
1102
1996
468
-1502
-1556
208
1634
1394
355
-313
-345
-250
7
365
530
-78
-1063
-1291
-986
-623
-1175
-1238
-1020
-1075
-1676
-2698
-2449
-2129
-1935
-2333
-2818
-1444
-1405
-3257
-5851
-7008
-819
5537
7542
-663
-9283
-7103
2444
11438
10302
3548
-2502
-3330
966
6793
10554
9020
2189
-3124
-1812
4603
8625
6633
1481
-1693
-1626
648
2354
1904
697
-1295
-2163
-1725
-798
-767
-3005
-3668
-1699
611
56
-3464
-5560
-3624
507
2501
864
-2103
-3473
-2401
321
3037
3515
1134
-1994
-2408
630
3922
4216
1826
-311
-307
1170
2443
2762
2356
1627
820
261
249
613
812
569
55
-580
-1347
-1983
-1908
-1037
-232
-465
-1663
-2740
-2703
-1530
-157
293
-459
-1625
-2062
-1317
46
981
851
-35
-769
-610
356
1229
1131
342
-250
-301
198
831
891
233
-547
-1032
-914
-411
-131
-795
-2058
-2037
-1454
-1314
-1707
-2114
-1949
-1920
-2390
-2551
-2932
-2032
-1499
-2894
-4968
-6359
-669
5150
6489
-902
-8481
-5840
3469
11362
9281
1920
-2923
-2537
1936
7566
10473
8495
1320
-3742
-1534
5359
9227
6369
408
-2910
-1803
1405
3272
2457
69
-2263
-3142
-1835
50
-116
-2438
-3936
-2612
-413
-584
-2766
-3886
-2316
330
1044
-543
-1866
-1796
-884
813
2246
1912
382
-1004
-1113
843
3245
3540
1848
102
-41
1400
2653
2797
2206
1089
35
-136
476
959
720
8
-805
-1172
-1061
-1544
-2127
-1412
-324
-383
-1718
-2958
-2393
-856
-137
-212
-753
-1315
-1174
-665
-156
479
781
213
-689
-643
503
1468
1206
142
-482
33
908
968
319
-258
-482
-666
-682
-675
-878
-1446
-2119
-1788
-1071
-1052
-1991
-3046
-2838
-2109
-1524
-1774
-2368
-1963
-2594
-3265
-4408
-5151
-921
4061
5797
163
-7604
-6135
2333
10644
9795
2704
-2335
-2819
1894
6755
9377
7779
2310
-2196
-1237
4494
7925
5823
766
-2000
-592
1846
2291
1048
-151
-1135
-1679
-1330
-615
-1048
-2666
-3403
-2087
-322
-604
-2721
-3987
-2691
-98
1215
257
-1605
-2350
-1284
718
2214
2222
703
-1145
-1448
556
3295
4168
2314
-330
-1045
803
3248
3925
2467
485
-437
-197
402
843
959
510
-504
-1462
-1763
-1584
-1325
-855
-163
-149
-1509
-3121
-3004
-1016
762
645
-779
-1836
-1746
-880
220
1070
1147
256
-836
-942
171
1407
1472
535
-241
-66
592
826
552
7
-426
-683
-824
-691
-684
-864
-1503
-1590
-1511
-1188
-1544
-2471
-2399
-2042
-1252
-2211
-2887
-2980
-1810
-2022
-2784
-5043
-4393
425
4854
4494
-3172
-6843
-2547
5829
10019
6696
1176
-1777
-1026
3202
7512
9279
6299
334
-2322
944
6066
7387
3929
-169
-1461
-68
1623
1957
1179
3
-1470
-2236
-1515
-574
-1194
-2745
-2963
-1460
-448
-1527
-3338
-3384
-1328
598
577
-733
-1647
-1510
-537
877
1820
1370
-26
-738
171
1962
2998
2325
742
78
976
2163
2343
1665
828
186
47
451
716
305
-356
-639
-618
-807
-1401
-1906
-1592
-595
-132
-1006
-2335
-2556
-1377
-32
292
-317
-936
-1068
-917
-466
532
1405
1047
-170
-740
-95
1022
1685
1362
448
10
311
637
641
467
6
-548
-831
-805
-856
-920
-841
-1222
-1883
-2026
-1452
-1139
-1487
-2159
-2466
-2247
-1870
-1231
-1798
-2437
-2319
-2215
-2722
-4593
-3488
1197
5117
3606
-3346
-6625
-1930
6336
10113
6373
864
-2220
-1124
3418
7917
9263
5452
-235
-2223
1057
5882
6907
3807
-72
-1440
-237
960
1473
1530
492
-1516
-2733
-2246
-1129
-1030
-2122
-2609
-1748
-1057
-1640
-2687
-2709
-1252
394
534
-521
-1316
-1391
-706
596
1776
1770
828
-310
-646
821
2670
3118
1677
175
-182
584
1721
2066
2162
861
-516
-967
-854
354
913
826
-442
-1880
-2144
-1739
-624
61
-305
-1442
-2139
-2059
-1011
105
396
12
-1205
-1535
-869
421
1347
1039
337
-417
21
1097
1480
1202
753
568
441
434
467
405
331
226
-278
-990
-1179
-930
-828
-1108
-1351
-1547
-1871
-2040
-2063
-2088
-1876
-1601
-1783
-2090
-2316
-2279
-2040
-1684
-1358
-2060
-3990
-4997
-1523
4455
6642
1423
-6166
-6261
1661
9852
10157
3712
-2218
-3541
783
6786
10204
7824
1259
-2998
-1464
4217
7685
5811
1181
-1871
-1461
504
1985
2071
845
-1175
-2631
-2342
-955
-427
-1600
-2801
-2381
-1031
-847
-2202
-3106
-2108
-205
752
290
-862
-1780
-1599
-5
2002
2674
1326
-822
-1629
-69
2454
3539
2308
280
-690
-220
1086
2155
2161
1047
-319
-1132
-1008
-181
661
748
-352
-1253
-1595
-1425
-837
-417
97
-375
-1267
-1773
-1656
-290
710
406
-771
-1247
-475
286
728
841
524
121
313
897
1296
1167
592
148
361
1022
992
118
-687
-699
-358
-198
-363
-737
-1269
-1959
-1944
-1562
-1126
-1365
-2191
-2492
-2385
-1567
-1558
-2080
-2283
-2282
-1587
-1504
-1434
-1617
-2205
-2708
-3650
-2334
1757
4957
3252
-2741
-5472
-1080
6087
9204
5634
48
-2295
-331
3918
7412
7886
4339
-747
-2264
1501
6164
6646
2866
-1183
-2124
-265
1788
2125
939
-762
-2295
-2771
-1631
-139
-325
-2044
-3103
-2408
-1219
-1012
-1617
-1856
-1176
-258
-61
-570
-992
-838
-157
788
1420
1041
-142
-877
-154
1479
2521
1958
217
-964
-501
1121
2385
2164
431
-1322
-1447
59
1466
1053
-154
-1144
-1177
-396
-110
-130
-666
-716
-364
-532
-562
-682
-580
-240
198
377
-124
-395
-139
228
646
1173
1162
477
-81
-12
577
1191
1263
484
-460
-577
27
478
238
-484
-1131
-1279
-1015
-874
-1179
-1583
-1668
-1710
-2051
-2254
-1827
-1282
-1412
-2073
-2428
-2036
-1270
-891
-1243
-1820
-1824
-1148
-659
-1356
-2811
-2743
370
4073
3861
-682
-4215
-2060
3822
7439
5887
1636
-1222
-743
2413
6025
7359
4958
580
-1740
211
4203
5976
3843
95
-1883
-1087
787
1760
1298
-113
-1670
-2303
-1517
-366
-487
-1777
-2467
-1706
-648
-697
-1641
-2138
-1391
-237
209
-217
-721
-687
-434
114
896
1245
496
-513
-593
524
1688
1645
1135
52
-120
472
957
1775
1139
314
-576
-796
310
719
1004
489
-441
-975
-1028
-267
291
291
-102
-582
-1021
-1057
-549
88
319
-50
-332
-184
231
438
257
211
589
915
634
49
-91
344
866
985
489
-353
-842
-677
-82
397
113
-780
-1852
-2186
-1439
-670
-496
-1331
-2456
-2741
-2262
-1345
-1055
-1558
-1946
-2020
-1567
-1048
-927
-1004
-1372
-1420
-952
-655
-1176
-2601
-2511
545
3933
3510
-1082
-4128
-1691
3770
6886
5200
1459
-932
-425
2377
5538
6794
4620
588
-1471
456
4046
5332
3189
77
-1262
-494
918
1605
1244
-60
-1612
-2129
-1172
79
-37
-1608
-2747
-2132
-855
-355
-995
-1921
-1885
-919
-189
-113
-230
-744
-948
-361
407
855
568
-31
-557
-105
873
1298
1232
383
-86
80
570
1475
1501
690
-175
-547
-89
694
1291
957
-90
-809
-967
-435
423
729
175
-810
-1503
-1359
-370
621
888
270
-849
-1318
-595
477
1117
1039
117
-760
-619
134
786
1006
600
-102
-550
-500
-114
145
-53
-464
-786
-1020
-1128
-1107
-1028
-1088
-1149
-1377
-1739
-1798
-1548
-1161
-876
-615
-1200
-1884
-1667
-895
484
480
-1010
-2320
-2222
-350
924
-16
-2629
-3626
-829
3115
4084
725
-3117
-2659
1731
5498
5701
2926
-257
-1225
731
4348
6827
5524
1192
-1716
-158
3648
5422
3588
136
-1662
-626
1370
2238
1407
-602
-2226
-2004
-377
749
-151
-2403
-3388
-1982
-129
117
-1149
-2500
-2445
-1023
339
644
-191
-1438
-1719
-424
1152
1659
667
-922
-1349
10
1804
2136
1293
-117
-879
-114
1353
2594
1902
141
-1022
-753
949
1848
1541
269
-969
-930
-590
23
688
558
-224
-1132
-1218
-540
186
334
-281
-770
-738
-352
4
149
270
179
-104
-284
-135
195
356
280
-11
-264
-306
-123
-87
-371
-490
-392
-253
-634
-1254
-1476
-1271
-724
-605
-834
-1481
-1883
-1509
-1055
-423
-686
-1594
-1863
-1421
-471
32
-295
-1149
-1693
-1199
-354
27
-536
-2247
-2984
-861
2573
3998
1054
-3016
-2913
1317
5428
5807
2952
-201
-1155
698
3866
6015
4986
1341
-1174
-67
3023
4693
3272
431
-880
-164
1001
1398
825
-211
-1098
-1444
-1086
-502
-669
-1733
-2436
-1753
-473
-209
-1225
-2246
-2078
-785
349
292
-691
-1520
-1439
-392
817
1147
499
-637
-1040
-235
1070
1818
1057
-41
-287
291
1111
1218
986
741
394
145
39
378
848
765
251
-220
-289
-156
-227
-290
-99
75
-199
-820
-1083
-687
-97
131
-29
-322
-497
-474
-198
226
351
152
-188
-269
-18
155
243
122
-28
-180
-387
-388
-235
-51
-179
-624
-1024
-1012
-800
-727
-854
-1110
-1093
-1024
-1079
-1271
-1397
-1179
-989
-882
-920
-1077
-1130
-983
-661
-343
-248
-502
-849
-851
-460
-563
-1412
-1999
-890
1759
3005
1033
-2227
-2743
550
4310
5186
2884
14
-986
443
3122
5229
4994
2292
-486
-867
1491
3886
3949
1731
-642
-1075
-102
1005
1234
589
-465
-1477
-1639
-1049
-364
-369
-1110
-1675
-1537
-1263
-1260
-1196
-974
-539
-305
-687
-1074
-903
-452
76
529
493
-1
-672
-763
91
1150
1389
814
0
-492
86
932
1695
1800
865
-97
-599
241
1127
1247
942
12
-450
-563
-358
89
299
332
-98
-754
-1021
-608
-5
237
-2
-425
-675
-621
-270
60
224
131
-213
-473
-334
189
537
275
-144
-308
-397
-320
-32
115
-63
-477
-822
-855
-650
-437
-480
-744
-906
-906
-899
-941
-909
-774
-754
-778
-717
-751
-774
-685
-603
-450
-302
-332
-475
-653
-658
-433
-243
-364
-1106
-2024
-1710
432
2643
2052
-1186
-3121
-1199
2765
4980
3507
300
-1396
-485
2095
4475
4806
2671
-258
-1193
807
3421
3897
2008
-285
-1076
-178
1144
1628
1033
-101
-1124
-1391
-672
193
51
-993
-1723
-1451
-769
-607
-1018
-1278
-959
-420
-207
-448
-805
-910
-610
-47
331
195
-375
-835
-602
296
1100
1200
542
-316
-490
117
1270
2015
1506
294
-794
-522
876
1849
1717
339
-905
-964
-219
853
1122
419
-649
-1476
-1189
-197
579
477
-436
-1137
-1028
-348
211
217
-147
-427
-418
-201
24
24
-175
-342
-208
179
400
160
-334
-556
-251
247
358
-127
-785
-1006
-611
-62
37
-447
-1050
-1206
-813
-312
-216
-575
-931
-831
-390
-121
-332
-754
-952
-717
-277
-73
-210
-593
-995
-1078
-588
1
-229
-1507
-2560
-1719
706
2566
1523
-1384
-2668
-794
2624
4111
2890
601
-902
-330
1707
3828
4132
2160
-124
-526
1243
3121
3172
1539
-66
-420
276
1124
1434
962
-172
-1171
-1164
-307
272
-200
-1134
-1511
-1127
-610
-550
-799
-987
-982
-909
-675
-339
-260
-597
-977
-636
-28
272
-97
-620
-401
228
990
940
357
4
240
1201
1672
1499
667
-24
174
840
1451
1112
226
-488
-546
77
623
503
-318
-1027
-982
-387
21
-153
-681
-1043
-863
-420
-219
-383
-593
-627
-479
-179
60
5
-197
-186
39
257
337
214
-59
-200
34
418
451
-6
-511
-611
-285
84
89
-297
-760
-852
-468
-21
-38
-531
-1066
-1016
-366
28
-169
-778
-1100
-808
-419
19
28
-467
-882
-1036
-492
-19
-139
-456
-858
-772
-949
-1365
-846
624
1959
999
-1319
-2022
-179
2695
3507
1965
76
-625
422
2025
3199
3250
1798
67
-483
813
2698
3045
1582
-175
-659
82
892
1088
724
80
-535
-890
-752
-236
-14
-310
-804
-1100
-964
-769
-803
-742
-472
-242
-260
-597
-883
-680
-126
253
231
34
-186
-278
-11
479
955
1043
431
-166
77
921
1505
1136
266
-84
148
574
846
663
186
-380
-712
-382
200
233
-397
-1040
-1075
-722
-439
-311
-344
-458
-625
-809
-616
-139
97
18
-180
-225
-37
82
10
121
376
494
350
8
-174
-88
234
356
275
12
-490
-553
-319
126
261
-313
-784
-908
-510
-45
-39
-382
-946
-1018
-503
9
86
-348
-730
-842
-639
-201
-18
-176
-527
-657
-456
-255
-156
-348
-526
-365
-223
-322
-790
-1227
-862
295
1425
1157
-410
-1368
-589
1475
2825
2228
619
-428
-92
1164
2445
2735
1716
226
-318
488
1700
2298
1559
267
-536
-281
657
1135
904
14
-718
-789
-332
174
39
-531
-985
-833
-360
-179
-502
-769
-563
-144
147
-119
-541
-693
-325
355
648
489
-44
-471
-335
341
1053
1104
450
-263
-368
238
986
1021
432
-211
-485
-370
-120
170
31
-375
-703
-906
-764
-434
-204
-398
-783
-929
-793
-394
-42
-52
-307
-482
-412
-125
208
384
237
-44
-20
211
408
501
381
213
218
239
208
204
118
-23
-140
-128
-17
2
-201
-539
-667
-508
-183
-116
-394
-757
-917
-631
-301
-144
-413
-716
-673
-585
-345
-384
-499
-341
-275
-269
-404
-545
-525
-449
-281
-128
-209
-567
-1133
-1127
-12
1344
1630
260
-1232
-1008
771
2530
2666
1291
-268
-675
520
2240
3115
2422
511
-885
-333
1561
2895
2258
254
-1071
-736
505
1327
1121
238
-761
-1184
-694
103
463
53
-785
-1100
-702
-181
16
-234
-438
-248
-126
-222
-270
-239
-55
252
375
252
35
-153
-43
490
947
802
220
-247
-171
297
616
573
230
-297
-623
-490
-82
300
174
-469
-969
-934
-563
-209
-109
-369
-612
-684
-647
-382
-66
173
2
-351
-341
-111
214
371
406
398
212
113
100
263
539
545
345
50
-8
89
32
-35
-84
-44
-71
-296
-563
-668
-476
-240
-224
-390
-614
-852
-924
-674
-312
-210
-473
-779
-785
-421
-34
-11
-385
-789
-791
-208
501
480
-361
-1222
-1024
124
1006
743
-534
-1543
-1390
-60
1520
1942
862
-971
-1578
12
2151
2947
1748
-68
-675
174
1619
2400
2130
1008
-163
-243
657
1621
1781
904
-196
-316
221
566
622
342
33
-269
-486
-461
-286
-134
-137
-92
-245
-562
-666
-589
-309
57
168
-134
-595
-760
-393
103
228
37
-185
-366
-492
-286
208
438
195
-233
-410
-137
201
313
291
96
-157
-238
-212
-108
62
155
45
-283
-558
-468
-120
135
94
-77
-236
-364
-247
120
362
279
-20
-178
-5
225
396
504
314
25
47
222
308
332
252
75
-132
-269
-140
44
-79
-337
-477
-461
-362
-432
-593
-599
-634
-768
-670
-355
-319
-626
-738
-485
-225
-190
-416
-575
-408
-147
97
117
-247
-558
-362
39
238
61
-240
-293
-346
-188
137
294
68
-440
-637
-698
-189
780
1241
724
-622
-1028
107
1508
1991
1318
291
-256
116
1141
1988
1916
936
-94
-130
820
1649
1621
799
-86
-174
361
686
580
265
-47
-176
-233
-245
-108
-163
-463
-536
-397
-362
-587
-970
-928
-359
-46
-270
-612
-845
-840
-406
145
199
-206
-581
-675
-346
304
687
455
-84
-423
-162
536
925
654
152
-110
9
360
605
577
311
-43
-139
69
183
178
189
76
-68
-73
-2
114
118
-58
-95
50
58
-125
-198
-15
88
-34
-121
-139
-196
-245
-189
-117
-186
-307
-377
-453
-434
-325
-347
-412
-491
-561
-498
-435
-440
-352
-227
-398
-564
-435
-122
109
-86
-347
-423
-255
68
143
95
-68
-228
-163
-34
151
173
94
-6
-153
-182
-149
36
119
155
162
-203
-545
-714
-194
882
1173
481
-603
-907
74
1323
1866
1287
268
-311
31
1043
1790
1855
968
-112
-331
403
1440
1618
852
-100
-467
-97
425
641
394
-130
-582
-629
-311
-12
-92
-471
-755
-743
-540
-424
-457
-502
-432
-400
-531
-690
-589
-243
-87
-188
-369
-319
-198
-161
39
309
524
302
7
-25
272
837
885
596
248
91
312
544
661
556
324
48
-21
115
206
224
93
-122
-261
-222
-93
4
-4
-135
-292
-339
-245
-161
-112
-114
-215
-333
-393
-340
-109
28
-149
-430
-622
-435
-137
-79
-106
-437
-638
-406
-203
-14
-94
-387
-458
-434
-270
-107
-73
-108
-263
-406
-310
-30
100
113
30
-36
41
63
51
92
221
271
216
13
-182
-78
114
343
296
-76
-337
-336
-85
178
147
-251
-585
-504
-41
454
460
-136
-722
-466
486
1216
1050
251
-355
-99
758
1345
1419
859
116
-95
333
1036
1322
877
7
-353
-17
534
823
437
-192
-517
-376
-74
161
157
-250
-615
-668
-474
-237
-158
-352
-499
-419
-355
-393
-488
-351
-89
38
-82
-303
-238
-15
233
375
373
264
134
206
317
420
573
550
316
141
207
420
465
374
273
39
-74
-14
99
201
-2
-342
-363
-136
-79
-180
-308
-384
-342
-338
-346
-325
-320
-387
-407
-319
-341
-348
-327
-356
-266
-223
-323
-376
-298
-162
-37
-19
-189
-237
-104
40
191
156
26
-39
-60
65
232
166
-8
-76
-102
-14
115
113
21
-155
-165
0
101
131
-9
-126
-120
-35
105
77
11
-73
-178
-216
-140
-64
-147
-195
-217
-427
-612
-351
23
296
283
-305
-549
-177
458
1011
808
203
-129
70
634
1026
1017
620
232
103
347
899
972
607
253
17
163
414
429
377
244
-55
-202
-155
-69
74
6
-222
-297
-317
-394
-402
-218
-113
-224
-327
-418
-406
-243
-96
-64
-86
-103
-202
-235
-99
108
335
327
57
-114
1
294
612
677
363
101
33
110
410
551
351
31
-152
-109
63
221
216
40
-201
-255
-148
-106
-110
-109
-122
-226
-331
-408
-335
-104
-121
-233
-285
-426
-414
-279
-116
41
-61
-294
-308
-196
-75
191
275
16
-182
-227
-90
229
408
200
-136
-326
-307
-10
151
69
10
-239
-376
-200
-68
71
114
-128
-328
-247
-106
75
200
86
-74
-216
-223
29
319
251
-61
-200
-215
-53
71
-166
-348
-279
-183
-156
-281
-447
-294
40
123
113
-7
-166
39
318
405
408
401
279
225
412
568
726
683
397
285
417
569
611
605
349
25
99
296
393
375
125
-167
-176
-8
-26
-85
-96
-256
-311
-211
-225
-217
-135
-202
-287
-269
-207
-198
-178
-47
-167
-205
-44
-104
-76
42
24
12
94
85
71
188
279
282
203
188
160
158
189
206
250
162
110
78
22
6
33
72
-23
-134
-146
-100
-89
-59
-131
-243
-213
-201
-149
-162
-190
-184
-255
-213
-190
-174
-116
-245
-317
-168
-51
-2
5
-150
-264
-147
-66
-23
51
-90
-282
-206
-46
7
-27
-156
-132
-55
-98
-19
74
77
-51
-185
-109
111
166
2
-38
-46
-16
62
130
144
17
-54
-91
-47
-2
-63
-84
-203
-341
-304
-225
-276
-301
-220
-218
-227
-181
-124
-42
-6
21
100
209
340
343
314
393
442
509
556
525
473
459
558
563
519
547
422
314
384
361
320
331
169
40
66
-29
-100
-44
-123
-181
-77
-165
-330
-277
-268
-259
-125
-255
-443
-298
-174
-135
-85
-231
-295
-99
-4
5
66
35
-28
24
126
209
260
230
115
68
177
270
260
226
125
-25
35
194
146
71
61
-73
-134
-37
-75
-135
-91
-170
-262
-256
-333
-340
-229
-273
-304
-233
-330
-402
-287
-198
-140
-158
-291
-297
-178
-100
-45
-26
-33
-64
-109
-42
83
129
150
164
135
138
200
272
334
291
131
127
253
199
144
165
21
50
442
704
540
89
-213
-196
-302
-403
-40
313
47
-504
-701
-559
-361
56
331
-302
-1104
-797
45
119
-433
-695
-549
-423
-239
170
197
-446
-774
-132
568
465
-4
-122
126
407
647
794
589
197
155
503
860
908
607
261
113
241
657
910
598
126
-3
172
378
413
254
-12
-241
-218
7
126
40
-186
-414
-397
-155
67
95
-165
-421
-330
-103
20
20
-109
-151
-45
-2
53
127
47
-3
24
38
197
237
23
55
237
175
74
24
-12
26
3
-20
14
-109
-214
-130
-122
-168
-142
-220
-369
-433
-387
-259
-210
-246
-227
-301
-443
-366
-203
-136
-100
-159
-255
-251
-161
62
231
68
-87
28
60
62
243
276
136
73
28
84
247
235
135
9
-102
71
228
58
-73
-27
-90
-110
-13
9
-24
-172
-275
-258
-205
-55
-46
-276
-430
-291
-67
15
4
-98
-204
-186
10
236
196
49
31
35
41
268
527
341
118
198
276
335
400
389
320
288
299
294
291
341
343
160
94
280
337
146
-29
-24
60
130
191
73
-197
-183
-6
-8
-16
33
-39
-159
-164
-76
91
163
-32
-283
-309
-55
114
102
25
-91
-100
-66
89
228
33
-133
-110
-55
62
187
190
-1
-139
-101
13
94
41
-2
-78
-240
-211
-50
-93
-202
-193
-260
-311
-234
-190
-242
-365
-360
-242
-286
-265
-72
-120
-307
-274
-127
-35
-64
-104
-85
-126
-16
224
148
-94
-46
133
83
75
248
259
113
-42
22
231
203
162
123
-42
-149
-60
158
118
-35
-127
-278
-242
29
188
-16
-308
-364
-295
-84
199
80
-246
-281
-129
42
123
166
132
-10
21
237
395
297
202
326
288
123
276
412
207
185
390
330
98
165
278
112
135
262
145
-85
-157
23
170
155
61
-107
-237
-85
109
7
-38
23
-113
-156
17
67
38
53
-13
-67
-79
-37
156
228
129
26
-22
48
46
33
138
120
-42
-132
-17
90
66
49
-13
-83
-108
-48
67
-57
-185
-58
-49
-149
-133
-54
-115
-255
-151
-29
-180
-281
-193
-187
-316
-203
-6
-203
-356
-199
-127
-180
-114
9
-109
-254
-109
0
-88
-87
-27
-134
-169
88
223
26
-129
-48
42
77
157
208
101
-110
-39
165
165
120
18
-116
-130
97
226
51
-128
-217
-132
-36
41
124
33
-102
-171
-126
29
195
186
-75
-183
-55
139
276
208
123
65
50
181
322
349
273
206
137
141
266
386
324
132
47
59
206
293
209
88
-20
15
57
43
85
55
-126
-154
-2
-17
-15
112
3
-172
-54
41
-53
-23
31
-84
-137
-9
39
-66
-78
8
-34
-36
116
50
-163
-127
32
-21
-113
44
50
-158
-144
-90
-53
9
-48
-83
-167
-207
-128
-117
-39
34
-105
-267
-218
-37
35
-5
-103
-226
-176
-37
-35
-73
-79
-58
-53
-71
-54
-41
-30
-71
-94
-76
-11
93
-42
-162
0
80
12
10
6
-43
-24
37
58
35
56
138
56
-118
-62
41
-28
-2
81
-65
-178
-51
43
4
-54
-36
-35
-52
41
126
-12
-125
104
204
30
65
197
142
32
153
329
144
-27
186
252
134
206
206
30
73
325
214
-83
3
138
119
146
169
69
-109
-84
98
98
92
109
-153
-304
-36
191
124
-59
-148
-141
-79
105
208
13
-216
-192
-39
26
62
100
-34
-151
-28
99
153
153
3
-144
-31
125
124
76
-21
-84
-122
-48
49
-54
-99
-84
-137
-142
-88
-102
-150
-118
-106
-145
-175
-165
-93
-94
-212
-174
-52
-137
-136
4
-80
-148
10
-11
-129
-13
93
15
-56
23
91
13
-36
47
71
-20
60
125
-56
-38
110
74
19
12
32
-31
-33
102
15
-142
-59
18
-77
-60
-4
-32
-53
-134
-96
45
32
-36
21
-56
-157
154
265
-2
2
74
12
80
197
186
99
50
90
70
58
208
218
17
-62
28
155
233
152
-24
-93
-33
84
174
110
-39
-110
-77
93
238
99
-77
-82
-105
-34
189
206
24
-82
-90
-13
111
202
189
-38
-205
-5
169
91
101
65
-110
-52
168
178
1
-46
24
1
-84
29
97
-139
-153
-36
-102
-70
61
-16
-254
-241
-74
-42
-121
-102
-77
-196
-175
-20
-26
-185
-96
21
-161
-145
5
-71
-164
-65
11
-95
-98
27
-6
-138
-113
-8
9
-33
-38
-43
-119
-40
170
104
-93
-63
-22
-57
71
162
-3
-85
-10
-18
20
92
4
-71
-85
-67
87
56
-106
-8
37
-81
0
183
127
-57
-106
67
172
54
94
99
-58
-18
125
163
119
91
3
-33
127
210
173
108
18
50
141
120
106
84
-10
6
43
26
94
130
94
17
-13
18
-6
25
60
59
-13
-128
-82
59
110
32
-41
-78
-92
-90
56
194
24
-90
-45
-19
16
104
192
84
-75
-33
68
45
102
195
46
-77
-30
-12
-17
-17
-35
-16
-42
-132
-104
-37
-37
-26
-89
-211
-219
-169
-130
-74
-68
-177
-293
-282
-112
-20
-116
-145
-94
-140
-171
-10
3
-137
-64
-19
-63
-55
35
137
81
-6
8
44
1
48
156
61
-25
57
82
15
29
125
170
69
-66
-50
-6
-21
34
74
-26
-77
-34
-64
-68
68
126
32
-10
-21
-63
63
241
142
-26
-46
-62
12
147
121
93
94
-31
-62
70
157
205
180
-29
-143
54
206
134
142
119
-79
-52
182
215
76
-24
-28
-2
43
155
169
2
-123
-76
48
63
3
12
-74
-178
-25
89
-28
-92
-84
-95
-32
62
82
18
-81
-73
48
92
48
3
-77
-93
83
187
90
1
-36
-39
31
101
36
-70
-116
-116
-34
-6
-19
-72
-228
-185
-15
-6
-94
-181
-164
-138
-121
-59
-96
-188
-173
-74
-90
-119
-40
-37
-134
-132
-4
10
5
-1
-96
-16
68
13
85
128
47
63
68
61
117
150
136
6
-62
69
185
102
-47
-51
-41
-61
-8
63
23
-44
-18
12
13
31
65
6
-26
36
49
9
-9
82
97
71
36
-21
101
158
61
21
41
34
78
102
37
58
84
82
5
-46
140
245
85
-99
-70
103
112
32
45
-66
-140
9
64
34
9
-16
-46
-126
-92
54
83
-24
-114
-137
-68
46
12
-70
-85
-49
44
5
-57
-67
-102
-42
29
34
-66
-148
-73
7
4
-19
44
11
-85
7
63
-26
-1
89
-4
-114
-54
47
60
18
-32
-79
-46
34
66
21
-82
-119
-42
5
-9
-15
-30
-29
1
-20
-48
-60
-78
-25
25
-17
-32
-47
-91
-17
73
64
8
-69
-50
17
-13
33
131
40
-73
-36
56
91
60
34
15
16
53
101
53
29
77
48
22
5
50
57
0
23
75
100
31
-30
-25
56
153
121
-26
-82
31
71
118
90
-83
-85
19
59
33
6
-31
-21
20
42
41
1
24
-28
-47
8
-37
-20
75
60
-73
-62
36
11
-22
30
41
-38
-57
1
71
40
-45
-72
-11
31
-41
16
10
-121
-64
63
43
-95
-86
30
11
-90
-49
49
-52
-131
20
70
-98
-77
16
-65
-96
-14
13
-77
7
151
-8
-169
-81
62
40
-21
-10
-60
-28
75
101
29
-111
-82
-21
2
130
125
-30
-69
-1
5
38
75
9
-21
-46
-63
44
92
-6
-10
46
0
-10
47
66
40
-31
-65
5
45
48
56
-34
-63
78
111
29
14
-16
-49
21
96
92
34
8
19
-7
9
113
61
-114
-53
50
11
38
76
26
-79
-54
89
48
-34
-42
-27
39
14
-13
11
-10
-27
8
-4
-82
-20
55
13
-23
-20
-42
-79
-18
62
65
-117
-198
8
69
6
-21
-55
-50
-12
34
68
47
24
12
-59
-40
59
83
-10
-25
64
-15
-31
33
-15
-27
10
38
2
-62
-36
38
-7
-93
-33
-35
-103
-71
14
54
-26
-71
-56
-38
51
56
-1
-51
-43
7
-34
20
110
54
3
6
9
32
95
87
19
-52
-90
20
6
-20
162
68
-124
1
95
2
-10
66
13
-104
-65
86
45
-101
-17
57
-46
-29
67
-12
-61
87
78
-81
-60
76
35
-73
51
79
-59
-24
102
82
-52
33
72
-111
-13
144
1
-26
122
56
-98
-58
46
69
-42
-36
110
-20
-113
42
23
-117
-20
81
-133
-164
46
-4
-55
70
49
-150
-141
117
90
-78
12
64
-115
-110
185
136
-140
-42
119
-15
-97
103
179
-40
-50
144
35
-80
141
148
-74
-19
114
38
-44
61
87
-10
56
49
-109
-130
44
135
-69
-119
47
-35
-111
48
83
-74
-92
13
-67
-69
117
75
-75
-81
-37
-71
-53
96
46
-86
-39
5
-42
-15
112
2
-178
-80
28
24
68
82
-27
-84
2
88
54
-5
-19
-71
-107
-2
143
107
-9
16
-5
-93
52
183
-23
-188
-59
54
-12
-12
82
-6
-113
34
61
-122
-57
137
41
-105
7
74
-75
-47
123
5
-150
38
148
-31
-43
112
21
-134
-12
145
50
-60
37
101
-13
-56
4
-18
-14
62
-1
-107
-41
35
-1
-12
-9
-62
-77
15
50
-16
-21
22
-5
-66
0
36
-41
-42
38
84
14
-13
4
24
66
32
66
61
-36
-7
62
62
51
27
2
30
50
9
-4
42
32
-13
52
81
-19
-47
12
18
2
19
-8
-118
-119
21
78
10
-33
-55
-49
9
33
1
-62
-40
-17
-33
11
-33
-59
-45
-33
43
3
-57
1
18
-50
-25
38
-38
-18
41
-24
8
19
-32
-49
-26
64
82
21
8
11
-39
-31
64
50
-8
-6
6
-4
14
100
60
-48
-29
-4
21
64
76
9
-90
-11
57
7
57
81
2
-75
-7
77
-2
-18
55
39
-48
-15
60
12
-32
16
43
-15
59
70
-97
-73
54
48
-84
-90
11
-61
-86
84
74
-111
-88
13
-25
-38
32
4
-102
-76
46
45
-8
46
28
-92
-40
72
24
-33
11
12
-26
7
40
-17
-26
45
-3
-65
-26
20
-4
-11
79
12
-66
41
75
-26
-91
-17
7
-23
36
40
13
-30
-35
38
-15
-48
19
50
58
17
-54
-74
34
102
9
8
25
-64
-83
40
97
-26
-19
31
-60
-36
61
84
7
-103
-84
18
31
17
74
26
-60
-6
30
-15
-4
74
88
15
-18
-15
-26
12
59
10
-39
-11
56
70
-10
-11
26
4
0
16
34
-19
-41
14
16
10
4
10
0
-18
21
-12
-40
11
17
7
-3
-3
-7
-15
-13
-18
10
13
-18
-10
4
-18
-10
15
-7
16
56
12
-48
-33
-7
14
23
-16
-35
-29
15
45
14
-15
-24
-1
8
3
6
-4
-3
30
26
-18
-14
21
36
-5
-20
-11
-5
25
-15
-27
-18
-20
61
57
-12
-22
-23
-26
-26
21
44
-18
-68
-34
43
5
-37
-3
-54
-84
-7
37
23
3
-4
16
20
33
25
-15
-6
8
34
41
30
19
-10
-11
-13
41
54
11
42
-25
-48
55
31
-22
-13
-18
-39
-9
79
80
16
2
21
4
-29
24
37
-40
-22
51
38
-18
-44
-26
36
64
17
-26
-64
-34
14
-23
6
45
-11
-20
-1
-34
-23
9
16
-26
-51
0
-17
11
28
-46
-66
-38
56
23
-44
7
19
3
40
70
-24
-33
44
2
-50
-1
86
36
-26
54
54
-37
2
62
16
-25
-17
-16
-72
-40
70
31
-48
7
35
-27
-26
16
-11
-52
36
69
-70
-36
57
-9
-27
23
17
-46
-30
46
34
-36
-44
5
-13
-1
52
-17
-74
-5
69
20
-32
5
0
6
29
31
-2
-68
-2
55
6
5
34
12
-40
1
9
-45
14
28
-40
-34
9
16
7
17
-9
-9
-1
5
23
-19
33
106
17
-32
1
6
-10
-5
25
19
13
21
13
4
-8
8
31
4
-10
-7
-24
8
39
1
-9
2
-18
-26
5
26
17
15
22
-16
-56
-19
31
47
-9
-29
4
-26
-18
5
-4
-7
1
-18
-57
-24
-9
-5
3
22
71
19
-13
15
-25
-31
25
49
22
16
65
39
-16
22
33
-20
-15
44
35
-7
15
-11
-39
13
25
25
21
2
5
-10
0
23
-2
-25
-16
-21
-65
-34
46
4
-22
8
-9
-4
4
10
-13
-72
-1
65
-15
-50
-3
20
6
18
39
21
-12
-26
-20
-28
0
38
3
-34
9
35
-45
-46
31
13
-3
8
-4
-39
-36
31
4
-35
8
14
-23
-30
9
3
-11
9
15
1
-35
-6
20
-8
4
2
-42
-12
37
-3
-16
19
12
5
21
19
-11
-40
-29
8
0
-6
20
25
25
31
11
18
43
-9
-26
2
-4
15
7
7
25
-7
-3
36
23
-14
11
28
-12
-11
-6
12
43
55
48
-25
-20
-1
-6
6
18
43
-11
6
8
-10
31
11
43
36
-4
-11
-28
-23
-22
-3
10
-6
23
27
-16
-2
-8
-52
-30
-9
-6
-9
-16
10
3
-21
6
-2
-29
9
42
7
-22
-29
-35
-13
5
1
-19
-21
21
34
-1
2
18
-25
-30
-4
1
9
12
22
-4
-24
2
-1
1
26
21
-21
-27
10
8
17
24
-19
-27
-8
3
2
11
1
-3
11
17
33
3
-10
20
32
-1
-15
25
28
20
7
3
-6
-16
33
32
-26
-17
16
0
-7
3
-11
-3
32
20
-6
14
-22
-41
-17
-12
15
19
17
-1
-18
5
-1
7
32
16
-25
-34
-1
17
13
4
-30
-45
-9
-1
17
11
-32
0
10
-22
-12
4
-17
-1
24
-5
-5
-15
-21
0
-16
-23
-6
9
14
9
9
-1
-6
3
2
7
17
17
6
-15
7
15
5
8
12
17
4
12
7
11
37
22
3
-26
-25
4
4
9
19
11
-6
8
12
-4
-5
-1
0
-1
3
7
-8
-8
1
-8
-9
7
7
-6
8
24
18
-2
-28
-10
-10
-26
17
14
-17
-6
17
25
0
-7
2
-7
-13
7
30
12
-2
-11
-15
2
13
34
22
13
18
5
20
10
13
10
-31
-4
-9
-35
-6
9
7
11
26
23
5
-18
-37
-25
-35
-28
-5
-2
20
11
-14
-18
-15
-13
-8
0
-8
-6
-1
11
23
0
-1
8
0
-4
-16
-11
4
23
15
-4
11
-2
2
23
-15
-12
15
-8
-4
27
19
-9
-18
-4
17
30
34
39
24
-22
-23
4
-3
18
33
-2
-16
-2
19
37
18
6
5
-2
14
20
28
31
4
-6
-13
0
4
-31
-15
19
-1
-12
5
23
26
12
13
-5
-39
-15
11
8
3
-6
-5
-6
-3
9
-32
-48
-5
6
-8
-7
4
-10
-19
7
2
-28
-17
-1
-13
-14
10
16
2
-1
10
8
5
35
44
7
-7
9
1
