10
18
12
-4
-40
-8
30
-5
-21
-8
12
-76
-5
14
36
-5
-26
-23
8
-28
-57
-3
15
19
-16
8
-28
-31
-20
23
17
34
54
-8
-4
20
-26
-18
1
61
18
48
4
26
18
-5
-5
-39
6
-10
-42
-28
28
-6
-7
20
-15
-1
-31
-19
7
21
-30
25
20
-81
-95
-4
14
-31
-12
16
-38
-70
3
61
3
-23
20
-8
-74
-40
35
65
42
14
24
8
-32
-27
-27
-50
10
68
33
24
21
-25
-68
-12
31
-12
21
2
11
-1
-5
49
-1
-40
-28
-16
-44
-5
-21
46
-10
33
-31
-37
20
69
25
0
33
-42
-113
-123
17
69
73
69
10
-30
-36
43
-69
39
29
64
-68
24
10
47
-34
-23
2
67
62
-34
-24
26
-21
-123
22
30
-62
-67
36
11
-23
-54
-5
15
10
49
27
10
-16
-66
-30
-56
-13
63
13
-39
-51
26
17
-26
-15
14
0
-85
43
146
16
-90
-42
71
-62
-58
61
113
-8
-114
112
-27
-78
-109
136
22
3
32
119
-23
-88
38
66
33
-28
29
8
-35
-5
46
131
12
130
-38
-68
-79
50
33
-31
80
63
-27
-84
24
-52
-70
22
-53
-33
-4
-20
50
21
4
7
84
22
73
32
-27
-28
25
25
90
99
-57
-139
-98
-48
25
88
87
7
41
19
104
10
83
-32
-1
-12
113
-13
31
-42
-93
-87
8
44
4
57
-50
-6
53
93
22
5
-3
-64
12
-37
8
-27
-8
44
-4
-18
-62
6
-17
31
-26
-30
-1
25
-13
97
56
-140
-200
-12
-16
-81
-28
1
-38
-22
57
108
117
-163
-94
-5
6
-74
74
60
75
-37
-33
-34
-83
40
-11
4
-66
60
-31
-22
-32
67
11
-28
67
108
-30
-60
14
4
15
-41
-36
-75
123
-57
65
-26
6
-134
-17
42
139
24
-69
83
-42
-111
93
106
12
20
63
-31
-80
-61
-9
61
-22
55
6
18
-72
-55
-31
-7
-86
-38
8
-77
-69
-151
45
-155
-11
-20
43
-159
-7
20
46
-10
-42
109
-43
-40
-44
18
-117
47
118
-43
69
13
3
-107
56
-94
37
25
59
-26
-137
-24
67
62
24
29
-77
28
-123
-51
50
74
-58
26
-50
-22
-2
20
-32
-72
30
-16
-88
15
-23
-82
22
63
-126
-24
106
-22
-160
13
58
-34
53
43
-56
-103
43
-130
-24
13
105
-69
-18
-6
-97
-164
-5
84
4
6
21
10
-71
-133
-101
-77
13
4
40
-35
-115
-20
36
-40
-47
79
-10
-103
-85
-115
-41
93
163
166
-27
-167
-195
-114
-3
125
73
-74
-36
-71
45
-32
127
-20
-36
-139
-16
18
41
23
76
35
-33
-9
-44
-52
-198
43
18
-34
-69
158
66
-56
-136
15
25
-108
-31
56
24
-75
26
-66
76
3
61
-50
23
48
15
-164
7
111
-23
17
-89
-2
-59
-1
-61
41
57
85
-8
-20
49
5
-157
-104
93
114
-49
170
171
-141
-150
8
-14
-102
-6
165
53
-55
-21
80
70
-2
31
-94
12
-37
166
-40
11
146
80
41
1
-11
-151
69
42
229
94
-43
-67
-82
-32
-52
-26
20
18
-120
96
1
-49
-138
24
-20
33
-36
-49
103
-30
0
-113
170
20
-41
-54
160
4
-14
35
54
-12
92
-28
-25
-104
-31
36
13
109
124
-22
-140
9
-51
97
-38
77
-18
-2
-76
58
-65
80
67
-156
-49
47
12
55
-38
-25
-139
89
-25
137
20
61
-55
-33
19
-75
54
-11
191
-100
15
-31
25
-116
4
60
35
-71
-148
-39
66
32
74
64
-20
-89
-22
128
89
76
7
-58
-124
93
215
-2
16
28
20
-231
143
9
91
-145
51
37
70
100
25
8
-80
-214
-97
224
244
69
-32
57
-34
-158
122
81
59
-105
118
-128
64
-12
298
62
125
-47
-76
10
-88
-65
36
197
-93
45
-43
127
-83
-105
-73
109
-60
70
125
-47
-204
-34
116
59
-112
43
66
24
39
32
-26
-155
112
-97
245
79
-5
-237
33
25
-109
195
40
-38
-287
188
30
-19
40
173
-47
-203
67
-55
-29
-18
182
156
-45
-95
-40
76
-155
93
68
30
-100
251
22
39
-92
-35
-130
11
42
84
78
-37
33
-133
-92
-2
134
99
-154
-32
-28
47
-151
50
-106
1
-141
166
170
133
-138
-76
96
130
26
29
-18
-93
63
197
91
19
50
37
-109
46
60
-27
-25
-2
121
96
115
-67
-20
0
-15
126
133
-138
-184
151
-200
-124
24
392
-32
-129
-171
167
-46
-29
6
55
0
-98
127
147
137
-222
-15
3
198
55
111
-94
-175
-139
41
86
87
153
118
-96
-179
-36
121
-1
-81
-20
41
-38
-110
-12
203
204
28
-127
-234
-114
88
40
21
91
-20
-190
-194
-8
131
42
-10
-21
-136
-97
46
-17
-61
87
-11
-283
-153
218
198
-127
-221
-152
-43
73
54
115
95
85
-6
85
-31
-171
-55
-48
16
-106
173
-11
46
-302
107
116
-69
3
186
290
-105
-39
-135
181
-162
-109
10
286
81
-210
-56
-46
-20
-139
116
135
193
-130
37
20
-38
-367
-45
163
56
53
97
52
-111
-164
-7
131
192
-7
-63
20
-35
-166
-91
167
317
109
-124
-51
-73
-215
-36
130
113
37
-90
-88
-74
47
-94
-105
-12
280
238
-122
-20
-121
-53
-175
227
234
195
-96
-13
-212
-127
-175
-106
162
277
134
-86
-152
-256
-209
313
297
-94
-123
-102
-152
16
65
100
-10
-117
12
-66
-25
-3
-221
-41
204
-78
-94
130
-76
-353
5
195
10
-26
71
49
-70
-4
-154
92
-32
243
-43
50
-174
16
-38
189
162
-95
275
79
-94
-259
218
-195
-185
87
308
267
136
80
-355
-84
78
202
-4
108
-168
-319
-181
229
251
118
83
16
-12
-134
9
-238
3
52
352
111
220
141
85
-70
-130
37
63
220
-3
-32
-117
-160
-16
89
210
-28
68
-168
121
78
189
24
-68
-259
74
169
-89
-238
123
229
121
126
41
17
-129
-66
2
-107
-184
-195
135
60
200
-201
-139
-160
20
25
75
267
167
-219
-45
62
-64
-275
64
181
-55
-141
123
68
-241
-140
-4
215
42
151
-63
-51
-214
-88
-112
105
181
27
-74
-57
-13
55
115
-82
-8
66
-103
-128
56
148
-16
-33
-184
27
-31
149
49
23
-393
8
-8
-44
16
467
-130
-383
-289
98
156
203
10
8
142
29
3
-49
79
-245
-65
190
465
-137
-160
-132
19
91
316
118
-210
-110
-131
264
139
124
-383
38
-106
168
272
554
-365
-362
-130
130
142
270
169
-179
-346
137
238
63
-122
70
124
-146
-244
185
155
-91
-432
120
322
183
-268
76
127
-33
-107
87
98
-226
39
308
66
-267
-50
-51
-206
-76
204
39
-178
35
169
-70
-111
31
14
-96
-50
-68
11
269
62
66
220
-49
-358
-14
306
-155
-235
198
176
-335
52
209
-182
-300
181
70
-134
-133
278
10
-114
141
243
-140
-192
3
30
-107
-99
154
108
-66
130
31
-30
-45
243
78
96
-155
-224
-198
22
51
46
29
106
-197
-199
-164
187
70
-5
45
28
-319
4
226
259
-32
-93
-200
-45
-85
188
-38
-142
-63
67
-57
237
-113
-145
-153
-19
86
-240
18
22
-43
-334
174
-54
-64
17
145
117
-375
-157
-31
-107
-414
6
269
107
236
328
-223
-505
-151
84
-125
35
103
-17
-387
131
-16
-27
-290
25
-132
-48
210
245
-67
-151
125
38
-36
-96
75
-103
-56
-217
184
141
60
-135
248
-162
-125
-96
212
143
110
-165
-247
-72
260
171
-119
1
-115
-394
-86
212
77
-105
114
47
8
33
-145
-169
44
196
-82
-103
345
121
-430
14
364
-110
-80
300
-110
-205
144
215
-58
-87
74
-56
-70
-289
388
313
-85
-365
151
265
-8
-299
50
381
-86
-308
331
400
-156
-336
48
106
-110
-48
7
-17
49
30
82
40
-163
-203
-47
106
217
169
14
-103
-212
-120
-5
193
136
18
-76
4
94
96
-10
-56
92
-88
103
227
299
-260
213
34
194
-61
77
-105
-150
-217
192
82
124
131
-187
66
108
210
-390
146
89
-62
-191
212
-67
-54
189
133
234
-79
-73
-200
106
103
-57
54
183
154
-60
185
-157
78
100
154
-151
-26
69
-78
149
100
144
7
-192
-156
83
11
-243
-52
94
267
144
358
-17
-53
-200
-85
-115
184
138
3
-168
100
125
-171
-49
166
-54
-37
113
122
-95
31
139
-77
57
-314
-110
21
170
-152
82
-198
-301
-140
-96
198
147
222
-150
-1
89
33
-177
26
122
75
-75
148
190
-145
-18
88
-107
-237
162
-81
-127
-82
109
-138
-48
192
37
-206
-58
160
-322
-147
261
134
-185
-55
172
61
55
-3
217
-8
-163
-191
145
153
-97
-62
195
70
-245
20
179
88
-196
20
-40
-153
74
344
33
-110
27
-59
-76
119
-7
-79
-21
158
-41
-57
59
45
237
-49
-73
-232
-82
-84
-71
241
235
-69
-45
330
95
-41
-4
104
6
-27
48
-99
-54
10
269
149
65
-240
-186
36
46
-85
89
109
-261
-45
255
184
-151
52
-79
-185
120
416
148
-41
-43
-133
-295
-117
41
-33
-244
78
158
58
55
-36
145
-158
-102
-2
239
-281
-204
-8
327
79
-134
197
-60
-102
-415
-31
118
117
-196
-188
51
9
-16
29
-5
-38
19
-81
-135
-42
97
195
16
-145
-41
25
-109
-157
260
90
-434
-313
-265
46
-52
242
-29
-30
-191
44
-100
92
67
-105
9
-5
3
-35
343
-10
45
-210
-133
29
128
49
-63
-17
-70
131
-126
252
176
31
-214
-50
6
-93
96
84
22
-229
-314
38
175
8
139
304
-25
119
79
-165
-150
-261
-104
148
103
-9
223
257
-125
-157
50
16
-190
-108
73
-14
-75
29
64
-4
-36
-56
-90
-104
-118
-205
-131
11
-109
-16
338
199
-237
-90
110
-181
-224
93
212
-192
-310
350
521
75
7
27
-250
-415
-222
100
146
59
94
215
301
-20
-266
-66
-6
-9
105
92
-66
-176
-135
61
185
47
-27
-24
-144
-133
70
232
147
-44
120
5
-104
15
138
54
38
-112
-124
88
-27
113
-55
117
35
155
-44
220
-35
11
-256
170
0
-171
-175
237
-199
-239
-210
41
372
337
152
-142
-146
-397
-126
-15
381
178
-66
-166
-105
-64
127
137
-8
-144
-13
48
-84
-145
-48
-157
-124
65
61
-6
173
207
-43
-148
24
-153
-301
37
129
-34
-98
347
289
174
72
141
-317
-241
-80
-151
-160
-271
-3
85
166
-44
205
153
12
-27
-230
39
172
180
33
64
-34
108
122
84
186
-152
-257
-240
-39
241
245
-63
0
-179
-27
-3
140
51
71
-58
109
130
147
28
-141
-162
-218
6
108
-8
-123
241
157
-41
-23
19
-164
-175
81
111
12
66
141
413
285
76
-109
-199
-447
-7
157
13
-165
-204
-287
-184
-104
-78
3
-234
-132
-22
-225
-406
-377
-101
-1
-9
166
597
126
-305
-191
-37
-198
-234
-86
5
-187
220
236
45
-308
-28
-242
67
-73
256
109
43
-163
-197
-7
-154
-113
-343
-120
-184
-55
-46
-2
16
35
22
53
141
140
-104
101
235
46
-211
-44
96
-31
52
-125
62
-214
-225
-246
248
419
649
340
19
43
157
-69
-63
312
181
-218
-292
-86
122
9
-16
-59
-78
-32
85
130
92
95
57
-34
-32
229
161
-72
296
426
108
-87
-112
169
283
86
172
188
-237
-369
67
278
110
62
202
168
-227
-285
187
240
-9
94
167
40
64
78
26
-53
-192
-69
-66
-27
413
377
-80
-307
-271
-219
-147
64
241
262
-180
-315
105
375
216
-33
-178
-233
-15
104
265
228
30
-209
88
212
248
-53
-117
-160
-135
252
402
322
95
-102
36
-72
375
327
172
-80
108
299
195
-24
-224
-61
-171
130
-72
123
92
79
50
258
326
-100
-437
-458
-346
-210
102
113
144
54
-16
-135
-183
-197
-235
-164
83
168
101
200
351
206
-28
-122
-122
-194
-156
21
121
225
-39
-125
246
170
-137
-206
-89
-69
-295
-212
-33
18
29
-128
-70
-15
96
30
317
208
74
-15
149
199
75
369
454
123
-99
-137
87
-48
-52
-60
115
-183
150
289
179
-40
-223
-207
-198
95
302
273
178
89
-41
-6
-28
169
30
96
37
62
-59
-91
-276
-184
-137
54
-65
52
80
247
70
103
-138
-131
-203
-129
10
71
107
-70
-92
-79
119
129
103
-13
52
-221
-291
-63
-33
-244
-234
-82
1
-107
70
312
392
318
297
63
-187
-248
-313
-7
75
126
-24
159
0
-142
-20
26
-275
-264
70
289
185
163
-28
-148
108
250
308
30
-40
-428
-383
-402
-214
-261
-167
9
244
200
183
61
46
-11
-61
-176
-187
-279
-147
145
439
471
221
-24
-69
-85
-36
-59
-389
-191
-72
162
152
208
17
-148
-298
-79
130
195
227
119
22
88
36
-37
109
17
107
110
642
592
469
73
53
-383
-136
-43
42
39
156
69
-146
-388
-386
-356
-261
-47
62
-24
-107
-152
-99
-190
-130
-47
-77
27
93
193
152
-60
5
62
110
56
24
-65
-325
-92
81
317
178
-75
-272
-413
-354
-314
165
87
74
-26
441
399
247
-132
41
-111
-28
-40
-14
-79
-264
-227
-189
51
-97
234
190
106
-207
-18
-12
-14
38
252
244
48
-36
-116
-401
-533
-341
45
232
187
-122
-362
-319
-147
105
285
233
-55
-302
-363
-324
53
238
257
268
54
-167
-331
-265
-202
-15
259
156
-18
-71
-32
-84
-201
-178
7
154
35
34
42
-57
-197
-99
192
250
174
64
-143
-305
-177
-50
332
206
225
-56
-134
50
204
479
391
167
-426
-559
-401
-111
34
181
131
-119
-189
-102
-34
-44
-30
-13
-86
-106
-142
-175
-156
-117
-67
-37
-184
-283
-144
-12
11
-20
-99
-120
-145
-170
-139
-76
51
147
107
3
-34
-55
-117
-102
-120
-153
-321
-284
-158
-48
-31
-162
-189
-294
-106
-182
-67
-64
50
-124
-183
-32
-32
-9
-43
47
-159
-115
-91
-53
-87
-17
59
42
-39
-97
-60
-21
37
110
55
-37
-89
-102
-112
-59
-37
-97
-173
-166
-103
-50
-28
17
49
29
48
117
149
111
84
116
57
-32
8
5
-16
-96
2
16
10
47
180
268
190
148
122
84
31
49
187
176
90
-7
-78
-109
-163
-59
14
110
122
118
31
-39
-27
-65
-135
-222
-218
-246
-235
-126
6
-8
-89
-154
-139
-75
-101
-84
-16
-15
21
43
155
113
78
37
59
10
-28
0
52
129
211
301
170
100
69
108
91
138
223
212
313
317
314
281
268
250
140
113
117
152
160
195
208
216
191
189
193
231
215
183
139
86
62
85
144
199
211
227
229
168
104
127
115
109
165
257
315
354
425
425
397
309
225
72
-14
-80
-101
-106
-23
111
255
380
453
406
281
142
68
-5
-72
-151
-215
-238
-226
-184
-168
-125
-200
-280
-414
-485
-563
-628
-711
-657
-597
-534
-437
-394
-397
-461
-564
-743
-882
-1031
-1097
-1103
-1020
-938
-875
-793
-709
-663
-635
-599
-510
-427
-276
-80
203
504
894
1209
1504
1680
1853
1932
1900
1824
1705
1556
1377
1255
1224
1236
1240
1240
1212
1114
1028
928
829
683
540
478
445
496
625
796
934
1001
1026
979
869
746
624
496
368
221
68
-53
-134
-188
-212
-203
-215
-280
-356
-444
-554
-665
-764
-836
-934
-1024
-1023
-991
-999
-1032
-1088
-1112
-1134
-1241
-1230
-1169
-1166
-1116
-1072
-1053
-1142
-1269
-1473
-1799
-2082
-2312
-2530
-2731
-2818
-2907
-3091
-3343
-3549
-3551
-3058
-1836
-411
833
1907
2887
3543
3688
3747
3666
3208
2395
1565
983
644
665
818
928
1063
1177
1043
636
269
24
-220
-480
-619
-616
-488
-231
136
540
878
1029
892
639
386
236
145
94
131
200
475
782
1015
1196
1301
1299
1039
727
419
185
6
-101
-3
280
772
1174
1468
1687
1775
1716
1478
1290
1132
978
878
838
874
946
1011
958
808
689
618
469
277
197
198
193
187
173
100
15
-76
-286
-583
-826
-1066
-1391
-1659
-1766
-1799
-1778
-1641
-1426
-1219
-1059
-992
-1053
-1180
-1324
-1512
-1781
-2104
-2431
-2727
-2973
-3174
-3388
-3656
-3933
-4210
-4559
-4892
-4739
-3627
-1744
198
1824
3236
4367
4917
4965
4854
4528
3680
2439
1323
636
353
344
439
525
623
632
300
-298
-786
-1065
-1333
-1594
-1663
-1452
-996
-423
131
681
1176
1314
974
509
243
116
19
41
250
571
925
1252
1471
1550
1471
1127
499
-183
-662
-905
-969
-830
-444
141
796
1367
1788
2071
2184
2065
1775
1467
1233
1065
935
871
907
997
1025
961
859
752
605
393
174
31
-34
-91
-165
-214
-239
-313
-484
-740
-1037
-1337
-1659
-2013
-2264
-2277
-2077
-1747
-1311
-835
-496
-375
-451
-699
-1102
-1637
-2204
-2762
-3253
-3633
-3914
-4063
-4237
-4388
-4666
-4999
-5453
-5455
-4327
-2154
277
2200
3995
5354
6245
6342
6333
5886
4964
3417
1884
720
181
115
215
270
302
273
20
-483
-908
-1115
-1235
-1481
-1670
-1540
-1045
-425
163
750
1309
1588
1440
1065
813
769
758
670
631
792
1096
1358
1491
1507
1349
917
260
-385
-821
-1072
-1240
-1287
-1089
-641
-86
402
731
960
1197
1443
1665
1906
2232
2643
3026
3157
2952
2554
2005
1236
470
-20
-352
-633
-732
-652
-450
-65
294
304
125
21
-155
-475
-705
-831
-1019
-1224
-1357
-1464
-1540
-1547
-1556
-1567
-1439
-1216
-1151
-1311
-1473
-1551
-1670
-1872
-2093
-2370
-2797
-3368
-4034
-4752
-5441
-6040
-6611
-7153
-7168
-5847
-3119
29
2681
4754
6310
7081
7066
6683
6060
4918
3287
1660
532
121
304
603
657
559
343
-244
-1131
-1831
-2148
-2263
-2263
-2073
-1584
-735
283
1140
1768
2187
2177
1656
1004
623
541
616
778
1001
1318
1755
2143
2249
2088
1748
1107
141
-785
-1344
-1554
-1568
-1439
-1145
-670
-109
324
565
721
826
787
658
664
926
1341
1773
2266
2936
3674
4104
3942
3280
2363
1286
169
-739
-1288
-1492
-1393
-1083
-673
-149
389
658
584
370
74
-342
-736
-936
-929
-776
-601
-563
-636
-681
-727
-899
-1181
-1463
-1708
-1956
-2169
-2222
-2098
-1973
-2029
-2301
-2763
-3393
-4169
-5062
-5973
-6717
-7280
-7778
-7837
-6490
-3405
343
3486
5834
7556
8328
8018
7176
6183
4825
2998
1123
-178
-559
-223
228
438
508
411
-196
-1296
-2286
-2721
-2731
-2553
-2167
-1456
-407
773
1784
2493
2899
2841
2154
1113
315
91
307
663
1017
1409
1843
2141
2119
1821
1364
661
-318
-1261
-1815
-1936
-1777
-1435
-970
-429
117
505
667
725
773
733
588
505
708
1259
1975
2587
2983
3222
3320
3208
2854
2318
1668
910
72
-576
-752
-590
-422
-303
-110
87
164
127
47
-43
-151
-315
-466
-434
-193
27
45
-94
-330
-712
-1250
-1781
-2103
-2125
-1954
-1758
-1623
-1537
-1473
-1529
-1763
-2153
-2669
-3305
-4011
-4748
-5411
-5873
-6244
-6464
-6730
-6825
-5854
-3284
264
3178
5273
6962
7839
7694
6990
6290
5256
3671
1915
557
-165
-229
-26
-139
-307
-527
-992
-1808
-2546
-2644
-2439
-2073
-1564
-923
8
1118
2053
2541
2704
2567
2003
1217
701
620
786
1036
1284
1535
1742
1723
1374
887
442
-143
-993
-1733
-1991
-1850
-1489
-971
-449
-79
149
270
309
371
479
541
594
794
1208
1796
2453
2994
3254
3207
2949
2625
2331
2060
1737
1321
849
426
144
-9
-133
-309
-529
-715
-790
-735
-558
-285
59
414
691
813
798
700
541
289
-131
-719
-1351
-1842
-2080
-2061
-1876
-1673
-1539
-1481
-1518
-1664
-1880
-2164
-2578
-3073
-3476
-3760
-4072
-4474
-4894
-5325
-5794
-6323
-6935
-7268
-6394
-3741
-52
3343
5914
7786
8787
8684
7883
6856
5414
3356
1144
-524
-1285
-1194
-747
-507
-487
-520
-871
-1722
-2570
-2836
-2529
-1983
-1338
-467
729
1987
2893
3380
3572
3330
2460
1239
307
-3
79
211
360
641
964
1128
1081
871
445
-273
-1146
-1825
-2020
-1734
-1221
-741
-351
15
333
471
410
327
374
503
639
893
1395
2032
2518
2738
2776
2666
2347
1886
1536
1457
1518
1509
1367
1150
870
480
-7
-482
-824
-967
-897
-621
-167
378
871
1173
1263
1188
1001
728
380
-18
-422
-797
-1124
-1354
-1471
-1545
-1654
-1773
-1879
-1980
-2048
-2066
-2094
-2151
-2210
-2322
-2553
-2829
-3098
-3447
-3906
-4375
-4836
-5316
-5743
-6097
-6488
-6633
-5574
-2719
1074
4358
6658
8206
8828
8316
7170
5928
4434
2464
434
-956
-1383
-1132
-802
-726
-764
-852
-1291
-2114
-2735
-2696
-2129
-1321
-385
610
1630
2551
3084
3176
3059
2615
1566
358
-218
-96
275
692
1110
1340
1290
1040
631
86
-533
-1201
-1875
-2275
-2102
-1468
-765
-185
310
664
763
653
540
586
763
970
1212
1583
2068
2518
2789
2819
2621
2265
1795
1277
849
683
808
1046
1174
1122
919
568
73
-443
-785
-872
-743
-404
172
901
1541
1899
1942
1710
1221
504
-292
-943
-1320
-1494
-1586
-1615
-1632
-1700
-1827
-1979
-2177
-2343
-2401
-2450
-2469
-2333
-2082
-1946
-1988
-2142
-2414
-2863
-3420
-3938
-4467
-4869
-5170
-5335
-5530
-5905
-5488
-3446
93
3612
5942
7357
8003
7738
6685
5456
4097
2461
766
-482
-1004
-874
-343
-284
-528
-763
-1131
-1790
-2513
-2429
-1711
-678
306
1137
2047
2724
2980
2754
2432
2043
1202
124
-553
-495
-66
371
642
676
516
247
-118
-522
-796
-1010
-1279
-1384
-1044
-322
426
895
1022
967
855
674
455
355
440
618
841
1204
1758
2317
2581
2472
2180
1872
1555
1268
1167
1332
1595
1691
1502
1106
663
292
16
-217
-418
-478
-262
211
762
1203
1455
1502
1348
1013
533
-48
-633
-1068
-1317
-1511
-1753
-1981
-2122
-2248
-2482
-2717
-2659
-2246
-1757
-1383
-1055
-764
-678
-851
-1178
-1641
-2227
-2786
-3232
-3625
-3956
-4203
-4468
-4759
-4938
-5128
-5511
-5456
-3913
-930
2212
4635
6415
7482
7444
6536
5460
4382
3035
1497
208
-414
-307
51
82
-177
-405
-744
-1476
-2282
-2552
-2123
-1301
-397
506
1418
2170
2431
2179
1816
1510
948
99
-476
-399
95
634
1007
1116
983
654
148
-371
-666
-792
-936
-1008
-726
-56
674
1079
1115
978
752
400
44
-79
104
447
798
1152
1584
1985
2113
1943
1737
1625
1478
1322
1414
1816
2211
2296
2076
1661
1076
359
-341
-831
-1022
-965
-733
-322
228
717
930
878
670
325
-130
-537
-762
-817
-784
-761
-858
-1105
-1431
-1802
-2215
-2533
-2549
-2292
-1958
-1594
-1164
-820
-736
-905
-1254
-1712
-2139
-2482
-2814
-3111
-3304
-3489
-3809
-4216
-4560
-4837
-5214
-5616
-5323
-3497
-355
2784
5001
6456
7284
7080
6017
4959
4120
2995
1632
675
375
434
410
6
-663
-1263
-1841
-2612
-3229
-3107
-2242
-1057
222
1468
2375
2703
2504
2039
1609
1303
869
266
-32
247
725
1046
1231
1240
909
302
-346
-821
-958
-811
-604
-376
13
482
740
696
523
336
90
-165
-232
14
528
1192
1854
2370
2693
2817
2707
2424
2134
1850
1483
1101
873
804
796
808
753
519
133
-270
-578
-721
-656
-407
-38
352
658
811
788
599
278
-109
-505
-855
-1108
-1229
-1226
-1147
-1100
-1167
-1350
-1578
-1746
-1746
-1537
-1219
-971
-905
-1011
-1197
-1407
-1647
-1907
-2166
-2460
-2769
-3019
-3236
-3457
-3633
-3816
-4087
-4297
-4408
-4695
-4867
-3755
-916
2361
4692
6097
6947
6913
5927
4809
4057
3225
2007
859
308
284
281
-131
-890
-1595
-2119
-2667
-3126
-2964
-2031
-777
412
1465
2320
2757
2614
2048
1583
1525
1500
1132
762
791
1012
1088
1014
804
340
-370
-1055
-1351
-1130
-660
-283
-34
203
431
533
477
347
227
105
-3
68
465
1084
1700
2186
2520
2669
2562
2193
1743
1420
1215
1010
794
612
503
492
491
386
253
139
-105
-440
-571
-467
-344
-201
40
264
359
368
314
222
119
-64
-366
-674
-879
-988
-1057
-1140
-1278
-1450
-1605
-1686
-1645
-1497
-1320
-1189
-1192
-1351
-1556
-1734
-1946
-2160
-2292
-2404
-2556
-2665
-2730
-2858
-2988
-3046
-3186
-3484
-3791
-4108
-4335
-3707
-1571
1326
3593
4889
5646
5786
5096
4102
3379
2725
1806
890
461
494
482
13
-788
-1507
-1960
-2281
-2483
-2276
-1457
-279
843
1763
2456
2712
2374
1717
1256
1206
1309
1210
977
966
1138
1095
774
394
-66
-673
-1165
-1268
-980
-484
-42
164
248
348
327
104
-76
2
259
531
814
1199
1678
2056
2208
2210
2157
1996
1695
1388
1232
1190
1093
861
576
345
176
45
-13
25
91
84
23
18
105
195
213
225
329
473
501
353
144
-7
-140
-338
-583
-795
-972
-1155
-1290
-1308
-1276
-1336
-1483
-1570
-1540
-1506
-1558
-1640
-1700
-1801
-1950
-2038
-2028
-2004
-2032
-2103
-2199
-2317
-2490
-2743
-2992
-3125
-3179
-3318
-3672
-4015
-3651
-2042
357
2447
3712
4362
4469
3971
3335
3101
2995
2471
1724
1317
1276
1191
691
-237
-1169
-1669
-1820
-1881
-1715
-1114
-310
393
1010
1589
1917
1760
1267
922
1044
1413
1582
1464
1298
1135
798
335
-22
-276
-590
-911
-980
-676
-183
139
133
1
-7
85
123
151
321
628
899
1043
1164
1374
1588
1643
1581
1574
1578
1398
1082
880
841
802
670
481
317
241
239
235
231
271
263
111
-34
31
224
363
447
521
533
457
298
51
-202
-364
-515
-734
-904
-961
-1061
-1254
-1406
-1487
-1616
-1778
-1824
-1686
-1474
-1319
-1261
-1253
-1257
-1300
-1440
-1645
-1814
-1930
-2043
-2121
-2149
-2226
-2437
-2702
-2938
-3162
-3394
-3687
-4068
-4116
-3028
-685
1804
3286
3762
3754
3385
2781
2513
2782
2985
2683
2245
2114
2077
1620
613
-558
-1347
-1564
-1451
-1179
-642
32
424
477
565
785
813
523
273
468
1069
1623
1808
1714
1507
1115
524
42
-88
-27
-27
-61
40
255
360
183
-170
-409
-403
-284
-106
252
700
925
905
941
1148
1325
1360
1364
1420
1480
1486
1408
1247
1038
815
586
434
476
657
802
872
934
936
772
459
109
-138
-172
-16
161
260
306
251
12
-296
-485
-564
-652
-719
-667
-536
-454
-482
-612
-829
-1141
-1502
-1743
-1718
-1528
-1385
-1330
-1310
-1399
-1627
-1855
-1962
-1986
-1980
-1939
-1857
-1735
-1664
-1829
-2265
-2730
-3069
-3388
-3744
-4074
-4283
-3930
-2373
131
2257
3130
3104
2759
2316
2158
2681
3484
3761
3415
2998
2770
2430
1644
465
-672
-1289
-1285
-954
-559
-209
-98
-316
-544
-432
-108
97
187
408
863
1409
1757
1721
1368
865
384
194
437
795
849
614
344
173
114
108
-10
-272
-427
-261
97
410
597
674
626
559
705
1067
1328
1322
1240
1286
1404
1474
1460
1352
1157
973
928
1024
1126
1101
934
705
499
355
257
145
-8
-126
-106
36
164
156
-20
-303
-558
-643
-533
-391
-377
-478
-560
-582
-634
-784
-1006
-1250
-1477
-1592
-1507
-1288
-1115
-1083
-1174
-1341
-1528
-1709
-1878
-2006
-2060
-2081
-2081
-2021
-1942
-1994
-2245
-2591
-2884
-3075
-3245
-3466
-3751
-3962
-3593
-2074
236
2026
2535
2319
2133
2084
2259
2936
3750
3861
3229
2635
2438
2224
1582
555
-397
-763
-569
-320
-230
-171
-213
-448
-567
-281
138
250
72
5
325
838
1097
980
782
698
623
579
785
1110
1096
709
455
564
682
547
285
99
75
193
288
292
342
425
339
255
537
977
1073
928
951
1084
1068
1016
1095
1188
1216
1251
1255
1189
1149
1113
940
763
788
828
624
348
243
188
65
-14
-45
-173
-373
-543
-683
-744
-654
-565
-604
-644
-609
-643
-777
-873
-932
-1040
-1168
-1219
-1162
-1025
-933
-1002
-1176
-1329
-1458
-1620
-1725
-1688
-1608
-1602
-1647
-1695
-1803
-2029
-2353
-2685
-2916
-3042
-3178
-3383
-3603
-3776
-3605
-2536
-581
1188
1791
1525
1257
1312
1717
2603
3666
4115
3673
2951
2584
2516
2325
1818
1198
771
606
489
218
-177
-555
-804
-810
-543
-203
-132
-465
-882
-859
-343
197
433
497
527
493
468
628
940
1165
1201
1215
1340
1436
1262
833
434
290
384
559
661
594
354
69
-44
125
409
527
410
262
282
460
672
855
1015
1147
1235
1290
1323
1283
1153
1021
1033
1197
1338
1255
954
611
383
282
215
100
-107
-392
-694
-931
-1067
-1136
-1182
-1194
-1141
-1041
-976
-998
-1083
-1164
-1186
-1124
-973
-783
-679
-736
-885
-1029
-1172
-1339
-1451
-1449
-1430
-1515
-1680
-1838
-1967
-2098
-2249
-2409
-2588
-2824
-3138
-3435
-3629
-3775
-3842
-3401
-2049
-262
833
819
451
516
1081
1999
3172
4077
4080
3351
2700
2573
2728
2744
2476
2089
1808
1567
1097
409
-149
-377
-373
-225
-39
-118
-628
-1259
-1494
-1171
-575
-120
28
-2
-61
-109
-50
235
677
1071
1334
1540
1686
1609
1254
891
848
1081
1288
1256
982
625
407
415
537
621
585
381
92
-54
60
271
403
497
680
907
1000
957
930
971
1021
1138
1387
1606
1557
1245
903
726
716
693
507
206
-82
-324
-549
-726
-842
-955
-1088
-1156
-1123
-1099
-1189
-1365
-1495
-1457
-1296
-1208
-1261
-1277
-1153
-1062
-1125
-1205
-1209
-1240
-1305
-1273
-1173
-1232
-1495
-1764
-1867
-1844
-1863
-2085
-2489
-2872
-3108
-3273
-3450
-3604
-3571
-3026
-1806
-448
153
-104
-406
-132
661
1745
2836
3352
3008
2416
2327
2661
2895
2873
2748
2573
2322
1974
1468
851
391
321
547
713
503
-119
-869
-1336
-1297
-901
-538
-485
-667
-792
-739
-583
-349
1
383
678
881
994
943
812
862
1172
1521
1687
1633
1401
1108
917
915
1081
1275
1233
846
394
192
180
199
294
465
523
434
333
266
265
407
692
997
1191
1214
1052
817
765
951
1074
969
812
663
429
183
32
-74
-161
-230
-353
-572
-813
-1048
-1247
-1295
-1204
-1169
-1277
-1467
-1620
-1630
-1503
-1351
-1276
-1334
-1462
-1562
-1579
-1463
-1252
-1121
-1161
-1281
-1386
-1509
-1708
-1939
-2144
-2332
-2526
-2720
-2939
-3201
-3389
-3123
-2122
-822
-116
-279
-682
-585
103
1022
1930
2561
2546
2035
1718
1972
2439
2635
2613
2618
2624
2425
1933
1402
1202
1326
1482
1465
1215
693
-58
-676
-755
-418
-165
-270
-581
-827
-976
-1035
-889
-523
-97
173
212
188
216
236
326
664
1154
1441
1376
1164
1002
931
985
1210
1488
1580
1365
978
667
597
682
773
848
863
685
350
82
45
234
502
690
773
710
478
275
261
430
705
847
735
540
352
173
97
179
316
307
105
-157
-411
-602
-710
-752
-704
-672
-821
-1088
-1330
-1470
-1483
-1380
-1252
-1249
-1456
-1746
-1912
-1898
-1741
-1533
-1445
-1556
-1721
-1865
-2002
-2023
-1915
-1860
-1954
-2153
-2380
-2627
-2887
-2992
-2667
-1815
-781
-212
-346
-736
-798
-269
657
1537
2043
2036
1629
1263
1335
1822
2323
2513
2474
2429
2349
2058
1630
1432
1617
1872
1831
1446
899
329
-113
-175
78
210
-17
-477
-917
-1089
-950
-684
-459
-261
-81
-68
-252
-346
-156
182
492
739
902
905
774
708
868
1171
1431
1547
1513
1341
1107
930
884
988
1176
1251
1084
785
510
354
400
610
810
822
633
413
294
327
485
583
571
541
421
219
77
40
112
215
223
137
-6
-193
-350
-397
-353
-316
-376
-542
-772
-980
-1123
-1207
-1244
-1283
-1375
-1484
-1554
-1626
-1721
-1749
-1659
-1538
-1499
-1544
-1635
-1729
-1766
-1720
-1651
-1625
-1691
-1877
-2133
-2337
-2460
-2543
-2510
-2202
-1628
-1060
-802
-889
-1015
-785
-113
712
1310
1476
1252
958
997
1443
1987
2349
2502
2487
2345
2180
2056
1995
2046
2166
2152
1861
1357
844
473
353
439
439
176
-228
-615
-863
-863
-692
-540
-486
-497
-560
-665
-675
-493
-213
58
292
415
392
355
439
643
902
1150
1293
1274
1204
1192
1162
1119
1184
1308
1346
1244
1074
932
816
756
822
889
805
591
331
166
192
298
319
263
175
31
-131
-186
-129
-37
41
46
-18
-85
-165
-276
-311
-210
-118
-184
-382
-601
-756
-828
-879
-959
-1058
-1150
-1223
-1267
-1295
-1330
-1365
-1382
-1385
-1407
-1490
-1622
-1703
-1694
-1650
-1634
-1668
-1781
-1966
-2132
-2209
-2236
-2312
-2477
-2617
-2492
-1982
-1306
-889
-917
-1099
-991
-444
302
894
1152
1096
902
914
1313
1923
2387
2489
2433
2448
2479
2378
2218
2135
2156
2141
1893
1553
1174
824
644
617
668
532
198
-206
-503
-566
-459
-336
-397
-556
-669
-660
-667
-626
-399
-159
23
106
178
228
260
393
674
990
1115
1139
1105
1082
1139
1231
1390
1483
1420
1283
1147
1002
958
1010
1062
1063
929
750
531
357
351
385
390
334
163
-54
-161
-156
-93
-5
23
-20
-115
-181
-205
-246
-229
-175
-186
-249
-348
-487
-619
-715
-791
-803
-844
-993
-1127
-1182
-1141
-1138
-1195
-1254
-1360
-1444
-1473
-1470
-1510
-1604
-1710
-1801
-1815
-1820
-1907
-1993
-2035
-2121
-2228
-2374
-2515
-2530
-2365
-1910
-1336
-995
-1002
-1117
-960
-456
186
684
960
1023
923
966
1326
1829
2200
2338
2332
2273
2253
2203
2143
2162
2198
2141
1847
1493
1156
861
798
835
799
588
237
-142
-454
-536
-429
-378
-465
-603
-771
-883
-802
-599
-404
-227
-84
-30
-42
-4
187
451
656
836
1008
1040
965
1007
1192
1340
1417
1436
1327
1147
1044
1025
1046
1112
1112
957
731
518
371
308
318
313
228
51
-125
-228
-254
-161
-78
-73
-155
-272
-334
-382
-324
-280
-283
-275
-380
-498
-605
-695
-721
-698
-722
-867
-1005
-1027
-977
-973
-1038
-1141
-1242
-1252
-1226
-1277
-1387
-1534
-1679
-1729
-1674
-1631
-1684
-1851
-2050
-2218
-2341
-2356
-2412
-2433
-2279
-1899
-1393
-1152
-1155
-1275
-1150
-598
120
696
913
907
717
774
1328
2092
2587
2569
2383
2191
2217
2389
2545
2633
2563
2343
1924
1614
1435
1316
1211
1042
883
598
246
-52
-215
-208
-160
-225
-440
-677
-856
-901
-801
-607
-365
-228
-277
-343
-225
57
347
554
704
780
795
845
960
1139
1331
1422
1421
1407
1367
1312
1274
1249
1253
1246
1110
855
647
585
605
594
514
388
191
-63
-232
-238
-191
-202
-263
-339
-425
-506
-534
-483
-388
-343
-425
-552
-618
-666
-682
-629
-604
-640
-693
-769
-820
-804
-775
-798
-888
-1002
-1106
-1185
-1201
-1187
-1223
-1311
-1418
-1542
-1663
-1737
-1763
-1816
-1969
-2179
-2365
-2502
-2587
-2525
-2209
-1731
-1365
-1285
-1400
-1451
-1190
-604
114
640
783
662
605
901
1496
2159
2565
2580
2356
2132
2202
2501
2735
2777
2629
2318
1944
1675
1569
1495
1364
1234
988
611
257
10
-109
-122
-62
-167
-427
-690
-886
-898
-742
-471
-308
-313
-382
-418
-279
-13
268
459
532
533
570
650
794
1031
1203
1283
1300
1273
1198
1140
1176
1221
1258
1223
1058
848
687
578
511
525
516
340
52
-184
-305
-295
-210
-179
-263
-436
-580
-610
-531
-421
-352
-405
-580
-705
-759
-753
-695
-670
-685
-782
-912
-975
-980
-883
-792
-811
-897
-1022
-1149
-1228
-1200
-1145
-1212
-1347
-1498
-1665
-1755
-1780
-1844
-1936
-2021
-2159
-2376
-2568
-2579
-2378
-2012
-1551
-1232
-1268
-1488
-1481
-1034
-311
350
703
703
501
467
883
1650
2364
2610
2386
2081
2029
2209
2508
2805
2840
2545
2076
1694
1551
1526
1531
1459
1258
1014
671
327
137
66
62
-4
-184
-413
-627
-766
-783
-609
-330
-150
-170
-319
-416
-352
-105
204
490
677
622
516
555
748
1037
1298
1427
1341
1164
1067
1088
1201
1314
1331
1200
1013
863
732
620
580
564
462
263
28
-164
-254
-217
-137
-156
-266
-397
-543
-625
-578
-490
-442
-462
-565
-704
-823
-873
-817
-748
-767
-858
-984
-1062
-1013
-921
-883
-917
-1059
-1237
-1313
-1263
-1162
-1156
-1287
-1465
-1637
-1735
-1723
-1715
-1782
-1909
-2076
-2241
-2337
-2308
-2129
-1852
-1557
-1331
-1240
-1264
-1246
-997
-495
52
436
611
615
562
692
1163
1782
2217
2350
2239
2026
1957
2161
2473
2669
2647
2370
1945
1631
1544
1569
1576
1478
1215
842
504
278
174
176
167
13
-234
-433
-565
-638
-573
-362
-164
-88
-125
-245
-335
-227
71
393
628
712
621
496
535
786
1137
1396
1393
1172
972
938
1047
1235
1376
1299
1006
705
573
599
675
681
532
275
61
-45
-85
-83
-92
-183
-329
-429
-478
-515
-534
-544
-562
-584
-623
-705
-817
-901
-953
-983
-961
-902
-883
-920
-996
-1075
-1124
-1116
-1065
-1068
-1139
-1200
-1263
-1328
-1344
-1346
-1364
-1431
-1588
-1686
-1774
-1851
-1889
-2038
-2129
-2071
-1851
-1534
-1269
-1107
-1140
-1227
-1115
-695
-96
418
664
606
457
496
908
1545
2043
2292
2184
1897
1808
1982
2364
2664
2694
2430
1992
1660
1534
1602
1646
1544
1306
941
635
471
375
281
187
49
-140
-326
-462
-534
-554
-511
-383
-204
-81
-114
-256
-344
-244
36
369
598
631
500
362
392
658
1046
1303
1286
1075
860
779
893
1126
1269
1177
895
570
368
408
576
626
471
204
-61
-251
-292
-201
-154
-238
-365
-507
-624
-611
-513
-465
-483
-548
-655
-764
-817
-807
-788
-816
-867
-918
-950
-909
-887
-985
-1095
-1124
-1158
-1197
-1188
-1191
-1275
-1385
-1455
-1536
-1578
-1571
-1648
-1731
-1793
-1891
-1984
-2044
-2044
-2031
-1965
-1735
-1438
-1163
-981
-966
-1016
-889
-460
92
528
777
836
713
703
1049
1559
2067
2380
2328
2045
1821
1872
2133
2442
2619
2411
1914
1470
1231
1241
1419
1521
1352
912
471
188
87
189
280
156
-119
-384
-550
-602
-475
-281
-134
-55
-111
-211
-240
-122
90
290
509
639
633
594
592
686
909
1158
1287
1291
1231
1110
985
1003
1113
1147
1097
971
778
552
428
390
326
299
249
84
-118
-285
-351
-329
-292
-264
-322
-439
-529
-632
-651
-578
-535
-558
-628
-703
-794
-860
-848
-816
-783
-758
-794
-914
-1030
-1087
-1115
-1094
-1061
-1077
-1156
-1266
-1342
-1434
-1504
-1492
-1510
-1543
-1597
-1713
-1842
-1958
-1999
-1958
-1838
-1594
-1348
-1165
-1009
-937
-934
-799
-472
-64
353
644
746
740
720
894
1302
1781
2156
2264
2129
1913
1856
2042
2298
2520
2531
2242
1831
1465
1304
1375
1515
1509
1243
815
381
90
14
94
177
103
-135
-400
-579
-622
-465
-210
-6
7
-122
-206
-225
-95
162
431
632
669
611
528
538
724
953
1112
1176
1167
1049
908
895
913
910
907
876
762
571
450
342
188
134
113
49
-44
-165
-309
-479
-556
-543
-542
-523
-529
-606
-732
-813
-808
-836
-820
-760
-790
-852
-939
-1028
-1026
-923
-798
-772
-839
-950
-1084
-1171
-1148
-1085
-1074
-1107
-1189
-1326
-1458
-1506
-1510
-1518
-1526
-1579
-1701
-1818
-1902
-1958
-1979
-1891
-1692
-1476
-1256
-1038
-939
-932
-850
-618
-208
223
562
776
787
731
767
1022
1458
1893
2194
2247
2081
1891
1837
1927
2138
2300
2249
2014
1654
1344
1187
1198
1250
1188
1004
710
421
182
16
-44
-39
-56
-150
-283
-384
-386
-315
-247
-197
-113
-27
15
86
226
362
440
513
547
609
775
903
959
962
973
968
1001
1075
1090
1066
956
837
725
633
638
623
516
353
209
42
-99
-156
-206
-282
-377
-504
-657
-693
-647
-641
-636
-684
-741
-805
-893
-900
-901
-878
-865
-918
-941
-952
-924
-894
-875
-888
-957
-1023
-1073
-1071
-1070
-1077
-1094
-1164
-1286
-1362
-1363
-1358
-1335
-1384
-1459
-1520
-1627
-1700
-1731
-1736
-1686
-1544
-1371
-1162
-927
-767
-709
-688
-554
-286
84
479
752
884
850
782
876
1126
1513
1888
2073
2053
1886
1726
1686
1752
1885
1986
1944
1732
1446
1215
1104
1045
962
875
727
496
285
135
13
-77
-131
-214
-273
-291
-264
-164
-105
-111
-147
-130
-26
90
264
413
461
470
451
482
602
784
922
983
1011
970
930
882
875
908
881
868
789
658
566
500
417
288
174
54
-40
-100
-180
-257
-367
-473
-561
-640
-625
-607
-652
-681
-744
-835
-878
-863
-825
-816
-817
-854
-920
-934
-907
-843
-799
-808
-866
-967
-1038
-1054
-1021
-958
-962
-1071
-1206
-1323
-1400
-1408
-1387
-1373
-1373
-1416
-1514
-1641
-1705
-1691
-1636
-1513
-1345
-1186
-1015
-793
-639
-545
-437
-289
-31
228
496
745
886
959
1030
1152
1311
1582
1825
1950
2005
1975
1927
1860
1825
1840
1849
1804
1708
1559
1365
1194
1020
879
744
608
482
339
234
106
-29
-125
-216
-240
-187
-101
-11
41
18
-11
4
57
184
353
480
559
595
556
553
675
796
885
1007
1085
1058
972
885
809
773
754
723
691
626
564
442
280
159
43
-22
-73
-131
-192
-277
-355
-499
-628
-646
-660
-673
-676
-682
-725
-786
-838
-884
-883
-886
-888
-869
-871
-861
-851
-873
-874
-881
-943
-961
-967
-979
-974
-985
-1027
-1135
-1217
-1258
-1285
-1274
-1264
-1271
-1342
-1433
-1518
-1597
-1585
-1558
-1505
-1397
-1305
-1163
-973
-762
-566
-451
-337
-180
-18
180
473
711
823
922
1023
1127
1297
1526
1699
1817
1874
1868
1815
1756
1734
1720
1717
1661
1568
1440
1261
1136
993
845
725
574
436
315
203
125
53
-48
-144
-199
-173
-109
-46
12
22
15
10
23
86
212
314
374
427
441
507
586
657
737
766
786
777
760
759
734
684
616
547
486
437
375
299
234
167
61
-63
-156
-225
-265
-306
-381
-462
-518
-559
-606
-659
-692
-693
-705
-753
-805
-846
-879
-901
-907
-899
-873
-845
-837
-848
-885
-936
-966
-979
-989
-982
-974
-982
-1003
-1059
-1124
-1147
-1154
-1168
-1152
-1145
-1208
-1286
-1334
-1366
-1381
-1364
-1337
-1310
-1237
-1091
-925
-726
-510
-393
-335
-220
-53
143
356
561
744
882
978
1068
1167
1300
1461
1613
1739
1797
1783
1731
1668
1623
1587
1522
1452
1393
1303
1187
1068
926
784
663
529
397
311
235
131
27
-40
-79
-99
-72
-16
21
45
70
86
107
159
224
282
339
385
416
466
536
589
644
681
705
729
725
741
735
716
708
628
541
474
378
302
240
180
94
0
-82
-179
-250
-320
-384
-430
-507
-582
-622
-656
-663
-654
-699
-757
-804
-833
-863
-883
-849
-842
-845
-865
-888
-866
-839
-806
-814
-834
-851
-867
-855
-855
-860
-859
-880
-907
-935
-956
-967
-967
-998
-1039
-1064
-1109
-1099
-1081
-1139
-1168
-1182
-1154
-1070
-967
-826
-697
-550
-405
-318
-185
-32
118
277
420
576
706
814
934
1038
1174
1283
1362
1450
1469
1486
1528
1521
1504
1458
1362
1281
1210
1143
1077
1003
935
816
680
584
461
328
231
185
160
93
68
90
98
118
125
126
126
139
170
202
256
318
356
375
411
462
509
580
621
637
677
689
671
622
586
583
525
476
434
357
288
211
146
76
-10
-76
-127
-163
-226
-312
-377
-431
-483
-514
-529
-564
-603
-644
-697
-734
-741
-752
-753
-742
-758
-784
-775
-757
-752
-745
-744
-739
-721
-728
-730
-707
-712
-735
-741
-756
-768
-757
-755
-768
-794
-813
-809
-800
-812
-840
-849
-862
-869
-872
-875
-856
-823
-726
-651
-569
-405
-267
-159
-48
103
246
345
489
625
745
878
980
1080
1155
1227
1322
1363
1405
1470
1487
1473
1441
1416
1360
1262
1191
1133
1065
975
872
782
659
549
470
387
312
239
213
164
116
138
152
178
197
212
244
264
308
331
336
363
386
416
435
463
485
525
578
574
596
618
598
583
540
472
407
335
278
230
151
91
27
-27
-90
-184
-251
-336
-377
-398
-457
-495
-533
-562
-586
-627
-688
-702
-689
-732
-763
-769
-784
-797
-827
-840
-821
-778
-774
-774
-736
-740
-741
-743
-741
-722
-720
-681
-669
-683
-700
-725
-724
-706
-725
-759
-770
-785
-803
-822
-816
-815
-833
-836
-836
-824
-831
-785
-701
-643
-531
-391
-271
-177
-68
63
162
272
415
546
637
724
811
868
955
1055
1129
1187
1241
1290
1262
1231
1230
1200
1153
1082
1029
960
879
847
778
676
603
534
449
375
335
274
215
181
151
156
171
177
196
214
217
245
286
306
337
354
366
380
405
433
442
490
536
539
529
515
497
483
462
412
357
304
254
198
137
87
32
-34
-78
-126
-224
-277
-296
-350
-396
-443
-500
-540
-580
-623
-635
-646
-671
-684
-712
-747
-752
-748
-743
-732
-723
-702
-666
-651
-668
-677
-667
-665
-658
-637
-639
-653
-653
-653
-641
-631
-648
-669
-673
-658
-661
-678
-685
-696
-710
-716
-711
-723
-733
-695
-658
-629
-563
-486
-391
-290
-186
-64
47
161
288
390
492
607
688
744
814
889
961
1042
1131
1184
1199
1222
1243
1223
1202
1190
1128
1044
964
887
842
792
725
640
555
496
429
351
298
251
218
195
175
183
197
196
192
204
216
224
253
280
298
318
335
341
343
364
388
413
429
427
400
353
314
262
213
178
120
77
49
3
-24
-66
-137
-189
-232
-281
-314
-342
-391
-443
-493
-550
-583
-630
-671
-698
-738
-728
-713
-738
-759
-761
-759
-749
-731
-716
-691
-653
-620
-600
-586
-572
-556
-547
-554
-564
-571
-575
-556
-542
-562
-576
-567
-557
-548
-553
-585
-616
-644
-681
-695
-700
-707
-701
-705
-679
-647
-623
-538
-459
-405
-313
-204
-107
-13
93
188
285
383
464
561
658
766
858
912
1000
1071
1112
1174
1196
1212
1213
1189
1179
1136
1080
1029
973
916
850
823
796
726
662
606
547
464
380
321
281
233
179
156
128
119
123
99
123
135
117
116
120
113
91
106
109
88
85
97
92
72
49
33
31
6
-28
-58
-80
-117
-163
-196
-252
-261
-284
-339
-388
-461
-491
-507
-541
-597
-650
-674
-712
-733
-725
-732
-734
-699
-682
-682
-676
-669
-649
-639
-636
-618
-593
-571
-551
-546
-538
-525
-521
-512
-507
-505
-509
-495
-489
-517
-514
-508
-509
-523
-547
-532
-526
-495
-465
-465
-421
-382
-322
-259
-200
-92
0
109
215
317
428
509
607
693
784
862
936
1027
1068
1131
1191
1248
1304
1314
1353
1332
1273
1257
1203
1145
1081
1032
967
859
800
729
662
639
582
519
436
349
282
194
134
99
68
55
35
22
17
28
34
39
58
46
46
68
57
81
89
63
72
58
43
42
40
45
22
1
-27
-50
-72
-133
-176
-191
-224
-250
-279
-344
-395
-424
-451
-479
-505
-524
-543
-558
-572
-576
-593
-603
-597
-599
-584
-594
-574
-537
-531
-515
-521
-522
-511
-511
-510
-507
-479
-461
-484
-511
-505
-499
-506
-498
-492
-508
-533
-532
-525
-536
-537
-505
-456
-418
-386
-352
-305
-255
-219
-169
-88
11
94
150
231
321
402
488
544
612
702
774
844
900
945
1003
1058
1082
1092
1119
1124
1124
1118
1086
1059
998
949
938
885
840
781
703
673
600
497
420
360
304
235
188
166
141
135
121
84
70
77
86
85
90
72
37
37
16
0
10
16
15
11
-8
-52
-60
-81
-119
-152
-178
-168
-186
-227
-270
-301
-332
-358
-386
-431
-448
-459
-456
-457
-471
-473
-491
-493
-490
-501
-526
-534
-514
-533
-544
-511
-500
-486
-466
-472
-490
-505
-511
-514
-519
-528
-528
-538
-543
-539
-538
-537
-546
-550
-560
-576
-589
-580
-540
-519
-508
-489
-448
-389
-346
-321
-269
-214
-180
-124
-63
7
86
165
238
302
353
422
518
548
603
678
706
761
808
840
875
912
911
907
918
889
906
925
905
872
819
796
753
696
669
634
587
542
484
452
398
346
328
283
266
238
224
206
182
171
125
133
115
98
108
76
51
21
11
-10
-2
7
-5
-8
-40
-50
-43
-65
-108
-138
-164
-207
-254
-303
-342
-368
-384
-411
-402
-397
-392
-372
-386
-373
-391
-409
-406
-451
-472
-489
-511
-515
-526
-525
-517
-495
-478
-458
-419
-417
-416
-423
-461
-484
-508
-516
-500
-505
-520
-525
-516
-505
-482
-464
-443
-424
-438
-434
-417
-402
-380
-390
-383
-338
-306
-266
-210
-155
-78
16
86
161
253
294
307
336
381
422
457
489
502
543
574
607
651
674
721
735
744
760
730
724
721
706
693
675
675
637
592
575
550
545
539
526
508
478
458
440
416
390
367
337
311
298
279
249
216
187
168
151
135
135
110
80
65
45
38
8
-45
-98
-120
-119
-141
-153
-162
-172
-185
-205
-232
-262
-289
-315
-343
-362
-357
-362
-351
-358
-366
-347
-342
-312
-311
-314
-309
-332
-320
-325
-328
-336
-357
-340
-332
-327
-321
-310
-301
-329
-344
-367
-388
-382
-396
-395
-398
-415
-423
-438
-441
-425
-398
-384
-374
-343
-324
-290
-228
-196
-178
-135
-93
-69
-48
-16
8
30
77
96
97
140
154
159
200
230
259
279
309
326
330
368
374
370
370
370
379
384
417
428
434
476
489
513
528
522
510
497
490
468
459
429
382
375
351
353
360
345
340
316
288
261
241
203
161
146
117
95
82
63
29
-16
-20
-16
-31
-42
-35
-29
-41
-72
-82
-79
-93
-97
-102
-130
-151
-140
-130
-137
-157
-181
-201
-211
-213
-235
-231
-243
-266
-267
-289
-275
-261
-249
-229
-230
-217
-257
-296
-299
-332
-346
-350
-359
-363
-357
-335
-306
-263
-256
-259
-254
-287
-319
-337
-346
-359
-369
-338
-301
-281
-253
-225
-197
-153
-139
-131
-109
-97
-93
-93
-85
-91
-84
-81
-92
-64
-48
-9
22
18
59
79
97
119
119
131
125
142
143
156
183
193
224
239
278
303
329
378
382
398
385
345
320
297
287
270
262
236
233
265
270
289
274
240
226
201
214
199
165
163
137
104
88
76
68
72
74
59
36
20
29
33
27
29
32
15
-22
-39
-68
-100
-107
-120
-124
-150
-167
-164
-166
-151
-169
-182
-182
-197
-200
-219
-213
-216
-238
-227
-247
-275
-284
-263
-251
-277
-281
-300
-303
-263
-248
-216
-183
-170
-177
-194
-193
-202
-195
-176
-156
-148
-149
-130
-143
-132
-123
-120
-109
-129
-122
-120
-132
-145
-139
-125
-116
-97
-103
-101
-91
-84
-79
-72
-51
-33
-38
-49
-33
-16
3
10
33
50
41
69
89
108
137
173
172
155
163
147
159
169
191
219
239
253
234
235
239
251
261
259
262
249
265
283
275
260
243
234
229
224
184
175
187
154
140
114
88
91
81
81
71
62
44
30
24
13
11
1
8
-12
-24
-20
-19
7
-8
-37
-52
-37
-10
-8
3
18
9
10
21
7
7
2
-16
-44
-74
-74
-79
-55
-45
-62
-60
-71
-84
-94
-79
-60
-43
8
25
-6
-25
-40
-60
-55
-55
-62
-99
-108
-104
-123
-87
-71
-50
-39
-48
-36
-67
-75
-82
-78
-71
-87
-82
-96
-104
-115
-108
-75
-85
-74
-28
-21
-24
-18
-7
3
14
43
41
45
89
96
96
112
107
122
144
144
147
153
135
130
136
112
109
127
120
116
100
70
57
58
83
67
48
70
77
105
95
83
89
92
95
69
98
103
90
99
79
66
43
47
47
41
48
28
27
25
3
-10
-17
-29
-27
-27
-22
-11
-36
-59
-62
-80
-70
-60
-54
-50
-56
-62
-58
-56
-85
-88
-82
-107
-106
-118
-124
-136
-144
-126
-124
-146
-160
-161
-159
-141
-130
-123
-132
-131
-116
-142
-134
-123
-121
-109
-96
-74
-60
-42
-41
-40
-57
-61
-43
-68
-69
-60
-74
-68
-65
-76
-85
-89
-91
-70
-34
-40
-41
-30
-53
-57
-52
-78
-75
-61
-68
-48
-32
-18
-3
8
50
59
67
82
76
88
116
139
142
154
143
135
144
113
108
117
120
129
139
145
136
124
134
144
143
149
144
137
112
101
116
90
83
97
82
74
74
87
86
73
84
80
85
103
98
102
124
142
135
104
75
46
43
36
8
-3
-10
-6
-24
-41
-26
-31
-49
-46
-33
-23
-39
-39
-38
-47
-52
-62
-68
-91
-93
-104
-99
-88
-81
-80
-64
-60
-55
-43
-36
-42
-41
-26
-27
-60
-73
-73
-81
-81
-73
-85
-87
-56
-57
-50
-16
-24
-28
-29
-35
-24
-22
2
11
0
5
-9
-13
-20
-30
-17
-2
0
1
12
9
40
50
41
30
49
64
68
69
52
35
14
17
17
25
17
11
25
43
57
66
78
89
87
97
104
120
122
112
107
92
88
62
40
20
13
10
31
26
22
29
30
38
29
46
46
38
40
36
7
24
20
15
-5
-3
-15
-18
-7
-16
-23
-24
-3
4
0
5
0
-9
-6
-20
-45
-48
-38
-37
-51
-54
-64
-82
-72
-63
-68
-54
-54
-56
-42
-40
-15
-4
-2
26
9
-7
-7
-22
-2
2
-5
-2
9
-5
-27
-22
-14
-9
-7
-16
-9
23
0
18
-5
-13
-41
-56
-67
-78
-68
-53
-64
-58
-62
-66
-50
-55
-57
-67
-78
-53
-39
-14
-23
-33
-26
-21
-10
-1
-3
4
18
0
-7
22
10
13
29
33
34
13
41
27
28
16
24
11
16
5
12
8
1
34
37
27
12
0
-19
2
-10
-13
-26
0
-2
-12
-1
21
46
36
19
24
27
30
25
33
52
44
32
38
15
-7
-1
-2
3
8
13
18
7
-3
-2
0
15
17
7
16
13
10
6
-8
-22
-36
-36
-49
-71
-70
-69
-69
-71
-74
-55
-51
-42
-33
-47
-28
-15
-17
1
6
12
16
41
32
9
28
23
29
17
0
19
32
31
22
30
27
33
40
47
32
26
55
44
54
33
19
26
30
24
44
52
52
57
69
78
79
85
84
98
96
90
114
123
95
106
113
78
66
54
38
32
42
45
23
31
50
49
50
50
41
25
16
26
34
23
28
20
21
14
-25
-30
-32
-20
-3
-1
6
16
8
24
29
18
4
18
15
-16
-13
-8
-20
-20
-27
-28
-21
-17
-19
-24
-25
-23
-14
-28
-31
-34
-58
-28
-24
-53
-39
-59
-71
-79
-103
-91
-80
-56
-50
-56
-42
-27
-4
5
1
-14
-22
-15
-17
-26
-37
-34
-29
-42
-44
-16
11
8
-11
-22
-24
-28
-24
-36
-35
-18
-9
4
-6
-13
-15
-14
-13
-23
-9
-2
17
25
13
10
8
9
15
44
30
1
4
15
20
32
31
44
71
37
54
35
36
16
15
20
7
-14
-10
-21
-20
-19
-24
-15
-1
-17
3
9
0
9
-9
-14
0
17
31
31
36
29
22
10
-1
-3
-10
-15
-21
-14
-14
-22
-3
1
0
6
9
6
2
16
32
24
17
29
27
8
2
-8
-14
-8
-24
-35
-19
-8
-6
5
26
17
-2
5
8
9
0
-23
-24
-37
-26
-9
-10
1
18
33
34
35
17
36
56
38
50
60
14
11
13
7
1
-4
19
36
32
34
10
10
24
14
11
13
16
15
26
6
8
15
21
18
23
22
13
22
13
9
19
38
25
16
9
-1
-6
-9
-22
-26
-15
-32
-41
-35
-26
-54
-48
-24
-5
-21
-13
-17
-2
-1
-4
-13
-26
-28
-20
-19
-2
5
-9
-8
26
14
31
32
34
45
38
28
42
40
41
59
52
70
75
59
46
24
20
1
-1
17
31
27
29
14
18
28
19
32
36
16
14
27
49
39
44
27
27
31
34
2
8
35
31
40
36
20
38
37
18
21
24
28
34
26
29
28
14
-19
-47
-33
-6
6
9
-4
-25
-16
-9
-15
2
16
20
31
38
29
28
47
33
18
31
14
-4
-14
-4
-10
-20
-8
-24
-4
-5
-26
-26
-45
-35
-31
-27
-33
-51
-62
-52
-38
-52
-25
5
-9
-20
-1
-12
-22
-13
-6
-15
-20
-26
-23
-23
-30
-37
-41
-28
-18
-37
-43
-54
-56
-73
-71
-65
-62
-72
-73
-77
-72
-79
-85
-55
-69
-74
-69
-75
-80
-95
-67
-73
-77
-64
-54
-41
-25
-23
-24
-21
-7
-11
-1
-7
-7
-12
-29
-15
-16
-14
5
-4
-11
-15
-14
-14
-25
-35
-39
-37
-46
-46
-43
-56
-59
-61
-68
-79
-76
-60
-42
-32
-39
-37
-36
-31
-12
-17
-16
-7
-9
-15
-24
-29
-20
-11
-13
-9
2
9
18
10
1
7
3
5
-8
-14
-8
-17
-17
-3
1
1
-7
-10
17
14
42
69
56
30
26
14
31
38
34
23
21
14
19
23
25
53
26
25
32
47
59
57
65
67
52
62
81
66
61
76
64
41
58
62
64
83
58
51
52
43
46
25
39
56
41
35
25
40
30
29
-1
-1
23
11
10
17
13
15
15
15
10
15
7
1
-9
7
-9
-3
1
-10
-2
26
16
-9
17
15
6
27
6
-1
13
33
50
25
7
13
22
18
9
27
27
23
55
44
24
29
41
38
32
50
45
57
55
61
39
54
44
55
20
-3
8
-9
-14
-9
-19
-4
12
14
11
20
