18
7
-4
-5
9
6
-3
11
5
4
20
16
6
0
1
-5
-2
-7
-15
-16
-20
-1
0
3
18
5
7
15
12
14
7
1
2
-8
2
17
2
-3
0
0
7
-1
3
6
3
6
-6
0
3
-5
1
2
-11
-9
10
-3
-9
-4
-8
15
6
-8
10
18
34
35
25
21
15
16
14
13
13
20
21
18
16
18
31
25
30
29
19
19
14
17
15
15
23
23
24
26
27
22
23
28
35
44
62
100
165
250
331
400
456
510
543
582
626
647
649
617
596
571
552
539
497
449
377
314
256
206
161
103
39
-47
-132
-209
-286
-370
-463
-550
-622
-672
-713
-745
-774
-801
-821
-825
-819
-815
-814
-811
-817
-827
-830
-829
-842
-866
-891
-915
-922
-918
-907
-905
-905
-888
-853
-770
-664
-553
-445
-345
-239
-138
-13
135
275
391
491
582
664
748
838
920
972
1008
1015
1028
1048
1059
1068
1054
1039
1018
984
961
927
892
847
775
720
666
632
604
554
504
442
403
376
351
347
318
283
253
213
194
179
148
106
67
39
16
-16
-53
-74
-91
-132
-164
-186
-219
-261
-301
-340
-369
-399
-447
-495
-542
-602
-657
-692
-729
-761
-787
-833
-884
-916
-941
-977
-1019
-1064
-1106
-1142
-1186
-1220
-1244
-1265
-1286
-1293
-1312
-1293
-1225
-1143
-1021
-894
-756
-597
-429
-253
-69
135
333
515
636
747
881
987
1079
1126
1159
1163
1146
1145
1154
1142
1111
1097
1055
1032
1011
987
975
947
913
860
827
797
788
774
759
748
717
706
674
683
699
692
685
647
626
594
579
565
527
485
425
377
328
280
227
168
105
35
-28
-88
-145
-204
-261
-317
-372
-412
-454
-499
-537
-592
-645
-693
-740
-792
-832
-873
-910
-926
-957
-987
-1026
-1073
-1106
-1137
-1165
-1201
-1222
-1260
-1336
-1377
-1403
-1448
-1487
-1524
-1569
-1603
-1615
-1577
-1494
-1383
-1227
-1046
-866
-680
-478
-277
-49
207
465
705
884
1027
1151
1281
1409
1490
1532
1509
1448
1396
1364
1349
1323
1247
1156
1082
1013
969
918
826
715
600
523
491
491
534
562
591
592
620
624
692
768
841
887
876
893
875
924
949
980
969
920
850
789
774
748
706
616
502
356
241
177
70
-53
-179
-300
-399
-451
-470
-506
-551
-619
-667
-680
-694
-697
-749
-789
-857
-870
-908
-924
-941
-992
-1043
-1060
-1065
-1080
-1096
-1116
-1141
-1156
-1152
-1138
-1143
-1145
-1169
-1224
-1289
-1344
-1391
-1422
-1451
-1514
-1610
-1678
-1666
-1557
-1373
-1173
-1017
-920
-830
-680
-426
-103
187
374
488
613
799
1055
1330
1507
1540
1511
1512
1566
1669
1754
1715
1576
1436
1336
1315
1331
1254
1084
903
754
681
665
630
552
452
386
384
425
494
553
568
569
584
634
705
750
777
803
818
841
873
888
886
881
866
849
831
792
720
631
540
448
351
240
119
4
-87
-165
-239
-305
-360
-414
-452
-467
-484
-517
-556
-608
-672
-715
-735
-768
-825
-873
-918
-957
-968
-971
-994
-1031
-1071
-1098
-1108
-1124
-1147
-1182
-1253
-1335
-1398
-1458
-1512
-1573
-1664
-1754
-1827
-1917
-2005
-2096
-2192
-2228
-2194
-2051
-1840
-1643
-1438
-1266
-1083
-823
-499
-118
211
461
667
890
1200
1517
1808
1981
1988
1973
1971
2031
2120
2110
2010
1874
1718
1601
1546
1471
1343
1149
957
811
698
650
587
479
369
285
272
313
363
399
411
431
488
555
627
691
734
761
791
861
930
973
1019
1064
1082
1103
1116
1091
1070
1006
931
850
735
625
483
351
238
118
21
-81
-191
-286
-357
-411
-450
-483
-502
-529
-564
-587
-628
-657
-689
-753
-792
-808
-852
-888
-926
-979
-1003
-1027
-1038
-1047
-1074
-1125
-1209
-1258
-1315
-1369
-1424
-1520
-1622
-1731
-1819
-1912
-2008
-2103
-2221
-2347
-2456
-2535
-2562
-2503
-2377
-2179
-1963
-1734
-1510
-1282
-967
-605
-179
187
477
735
988
1298
1603
1901
2083
2170
2203
2233
2299
2338
2363
2279
2141
1964
1828
1763
1670
1547
1348
1168
996
892
833
757
665
544
487
445
470
518
561
598
614
672
722
807
878
932
962
995
1064
1091
1127
1127
1135
1146
1153
1173
1136
1088
1011
912
816
709
580
421
263
111
-32
-158
-253
-333
-408
-457
-486
-502
-507
-507
-537
-617
-705
-774
-846
-923
-978
-1021
-1078
-1118
-1123
-1129
-1142
-1144
-1152
-1178
-1186
-1191
-1230
-1294
-1349
-1406
-1472
-1529
-1601
-1702
-1806
-1887
-1967
-2056
-2158
-2264
-2354
-2459
-2552
-2627
-2640
-2577
-2454
-2234
-1993
-1721
-1461
-1187
-832
-435
14
403
743
1037
1310
1640
1976
2275
2458
2534
2551
2576
2625
2681
2686
2585
2441
2260
2123
2013
1889
1750
1540
1323
1128
997
923
832
709
571
471
430
449
495
524
509
489
509
556
612
683
762
819
859
915
978
1031
1090
1160
1216
1252
1259
1241
1219
1194
1142
1060
952
812
631
447
287
137
-20
-179
-329
-469
-574
-632
-672
-724
-776
-813
-845
-859
-871
-877
-926
-994
-1045
-1085
-1070
-1066
-1063
-1093
-1127
-1128
-1156
-1154
-1173
-1202
-1253
-1324
-1373
-1458
-1536
-1637
-1752
-1858
-1981
-2075
-2178
-2282
-2385
-2506
-2586
-2664
-2737
-2797
-2821
-2747
-2594
-2357
-2072
-1776
-1462
-1140
-788
-378
93
555
952
1289
1594
1895
2212
2521
2738
2825
2825
2801
2799
2809
2785
2675
2484
2263
2064
1920
1790
1652
1461
1249
1062
909
830
739
648
527
413
367
355
418
459
492
507
520
598
687
789
866
936
1005
1094
1184
1269
1351
1417
1472
1465
1498
1520
1510
1457
1337
1213
1026
850
641
393
169
-86
-309
-503
-671
-783
-848
-897
-909
-912
-937
-930
-931
-937
-924
-943
-967
-981
-1012
-1031
-1043
-1073
-1105
-1145
-1192
-1234
-1277
-1314
-1358
-1410
-1478
-1561
-1654
-1750
-1851
-1952
-2057
-2168
-2278
-2396
-2483
-2564
-2640
-2715
-2823
-2926
-3038
-3127
-3172
-3148
-3014
-2820
-2534
-2182
-1826
-1431
-999
-522
36
615
1122
1572
1963
2298
2659
2997
3251
3408
3418
3356
3282
3217
3149
3043
2838
2583
2327
2097
1966
1791
1593
1370
1114
966
844
780
725
637
531
456
445
492
608
657
709
742
798
905
1005
1134
1223
1319
1389
1472
1571
1665
1756
1790
1823
1803
1785
1724
1618
1483
1276
1066
811
556
273
-34
-329
-621
-853
-1057
-1206
-1305
-1355
-1357
-1335
-1286
-1210
-1131
-1078
-1042
-1042
-1045
-1063
-1095
-1138
-1195
-1236
-1287
-1332
-1419
-1486
-1505
-1564
-1588
-1614
-1680
-1761
-1846
-1935
-2046
-2165
-2274
-2388
-2520
-2646
-2756
-2862
-2978
-3095
-3204
-3331
-3457
-3539
-3553
-3489
-3331
-3059
-2688
-2227
-1702
-1158
-616
-37
609
1289
1925
2453
2880
3242
3571
3856
4076
4174
4121
3955
3739
3537
3357
3157
2878
2544
2212
1922
1706
1540
1403
1191
1001
860
735
700
661
610
506
433
424
426
521
580
625
693
778
898
1076
1236
1395
1600
1721
1892
2057
2188
2333
2377
2398
2368
2294
2176
1999
1742
1443
1101
715
364
-47
-436
-840
-1237
-1541
-1817
-1981
-2093
-2132
-2073
-1966
-1797
-1584
-1361
-1167
-988
-836
-747
-726
-743
-792
-891
-1006
-1132
-1268
-1404
-1535
-1656
-1755
-1829
-1895
-1962
-2035
-2112
-2175
-2230
-2323
-2456
-2579
-2737
-2904
-3051
-3193
-3341
-3512
-3672
-3850
-4038
-4128
-4055
-3894
-3551
-3166
-2600
-1979
-1255
-500
248
1065
1872
2645
3272
3817
4184
4505
4760
4965
4991
4795
4519
4122
3738
3382
2985
2675
2229
1906
1544
1318
1206
1077
1006
856
760
697
683
677
647
568
432
354
296
302
330
369
490
525
753
966
1270
1563
1881
2220
2476
2786
2999
3200
3267
3293
3227
3058
2837
2454
2050
1537
1043
532
31
-455
-960
-1397
-1787
-2072
-2275
-2422
-2480
-2520
-2426
-2303
-2067
-1822
-1577
-1325
-1129
-905
-764
-641
-642
-706
-825
-995
-1122
-1301
-1426
-1605
-1754
-1875
-1998
-2060
-2149
-2215
-2309
-2407
-2512
-2622
-2752
-2934
-3126
-3317
-3477
-3665
-3860
-4082
-4329
-4521
-4745
-4863
-4827
-4647
-4215
-3681
-2992
-2163
-1280
-295
693
1694
2676
3591
4325
4927
5312
5517
5660
5561
5421
5057
4551
4001
3370
2879
2388
2023
1632
1299
1062
869
852
823
839
790
739
696
670
664
575
464
243
74
-54
-85
9
85
241
463
776
1169
1634
2125
2637
3125
3499
3829
4077
4187
4205
4113
3781
3325
2781
2121
1446
706
16
-609
-1185
-1655
-2067
-2349
-2487
-2493
-2417
-2280
-2096
-1895
-1654
-1417
-1213
-1042
-948
-918
-914
-954
-1016
-1077
-1180
-1295
-1400
-1501
-1560
-1573
-1580
-1568
-1560
-1581
-1608
-1655
-1756
-1910
-2136
-2369
-2648
-2955
-3308
-3689
-4023
-4344
-4612
-4833
-4990
-5097
-5151
-5206
-5150
-5069
-4662
-4207
-3404
-2575
-1633
-561
428
1538
2486
3455
4221
4993
5414
5736
5805
5686
5521
5104
4764
4226
3654
3098
2528
2182
1853
1679
1455
1274
1180
957
1020
889
841
639
381
187
-63
-192
-420
-499
-713
-765
-693
-494
-72
308
862
1344
2002
2642
3261
3865
4323
4711
4917
4949
4849
4501
4082
3427
2744
1950
1147
386
-377
-983
-1567
-1927
-2197
-2281
-2242
-2130
-1865
-1629
-1266
-1010
-740
-581
-507
-450
-522
-563
-756
-924
-1182
-1393
-1537
-1646
-1604
-1610
-1486
-1394
-1220
-1020
-906
-776
-804
-901
-1089
-1383
-1754
-2302
-2861
-3434
-3994
-4511
-5001
-5400
-5724
-5878
-5962
-5811
-5651
-5320
-5048
-4719
-4562
-4183
-3657
-3003
-2125
-1333
-461
452
1387
2388
3292
4073
4835
5436
5760
6020
5943
5821
5558
5126
4714
4082
3493
2840
2260
1803
1400
1155
881
670
481
383
371
326
282
128
-19
-128
-224
-263
-295
-285
-301
-162
82
473
1077
1590
2215
2766
3337
3874
4253
4648
4801
4879
4742
4495
4086
3527
2951
2183
1465
683
57
-566
-1118
-1509
-1860
-1954
-2041
-1925
-1763
-1564
-1282
-1070
-781
-571
-397
-298
-269
-325
-392
-489
-619
-733
-956
-1039
-1138
-1176
-1129
-1155
-1075
-1038
-1028
-1041
-1114
-1255
-1492
-1784
-2173
-2584
-3044
-3564
-4078
-4559
-4975
-5273
-5519
-5642
-5684
-5549
-5355
-5129
-4811
-4566
-4350
-4226
-4229
-4059
-3573
-3032
-2050
-1339
-238
779
1932
3133
4151
5106
5819
6349
6428
6525
6030
5642
4954
4126
3435
2580
1850
1187
636
395
346
515
605
815
927
1091
1277
1184
1148
715
491
-4
-296
-533
-681
-647
-551
-272
290
1027
2033
2889
3751
4482
5080
5541
5825
5735
5472
5037
4251
3542
2613
1727
970
98
-513
-1090
-1401
-1514
-1569
-1468
-1335
-1118
-870
-654
-496
-373
-317
-319
-364
-452
-530
-621
-702
-748
-748
-697
-639
-588
-527
-438
-350
-309
-356
-489
-686
-949
-1279
-1662
-2073
-2486
-2885
-3267
-3600
-3911
-4200
-4450
-4660
-4762
-4773
-4746
-4718
-4708
-4675
-4590
-4529
-4458
-4386
-4399
-4366
-4521
-4639
-4380
-3882
-2916
-1820
-750
529
1846
3222
4528
5529
6224
6596
6551
6194
5581
4687
3778
2799
1859
1217
653
363
249
305
709
1189
1678
1946
2112
2063
1885
1645
1138
589
-111
-668
-1140
-1360
-1258
-987
-415
187
1043
1976
3041
4030
4717
5196
5322
5298
4935
4438
3739
2993
2206
1415
943
449
285
216
153
185
231
327
331
247
-79
-266
-580
-891
-1093
-1417
-1510
-1536
-1324
-987
-537
-94
286
690
906
1126
1110
964
638
109
-396
-1017
-1543
-2037
-2436
-2692
-2862
-2861
-2768
-2624
-2521
-2480
-2468
-2517
-2675
-2985
-3359
-3798
-4257
-4664
-4996
-5184
-5301
-5228
-5036
-4709
-4283
-3951
-3625
-3464
-3378
-3597
-3757
-3567
-3197
-2352
-1518
-558
605
1820
3164
4402
5352
5947
6308
6168
5826
5124
4131
3234
2178
1424
832
391
230
218
497
966
1533
1973
2261
2319
2155
1915
1489
956
312
-353
-842
-1106
-1045
-754
-140
577
1322
2234
3103
4076
4744
5035
5084
4849
4494
3891
3233
2471
1823
1214
719
522
364
460
479
507
569
527
492
255
-115
-544
-895
-1183
-1329
-1406
-1346
-1069
-716
-193
299
796
1154
1345
1424
1270
1060
622
67
-517
-1163
-1667
-2064
-2344
-2457
-2479
-2381
-2167
-1968
-1817
-1798
-1953
-2169
-2491
-2881
-3298
-3797
-4229
-4559
-4766
-4798
-4716
-4499
-4225
-3928
-3602
-3264
-3082
-3008
-3128
-3383
-3717
-4319
-4787
-4702
-4135
-3097
-1865
-504
1248
2819
4552
5750
6578
6739
6655
6049
5111
4084
2706
1666
613
116
-173
-63
313
892
1644
2358
2938
3203
3111
2685
2016
1332
501
-310
-1075
-1573
-1624
-1393
-739
152
1242
2321
3155
3938
4440
4741
4610
4052
3372
2694
2187
1626
1184
973
917
1023
1203
1417
1576
1749
1802
1577
1155
598
42
-630
-1288
-1751
-2021
-1917
-1639
-1135
-431
282
1032
1603
2016
2205
2113
1820
1308
666
-49
-746
-1350
-1798
-2082
-2188
-2139
-1980
-1757
-1549
-1401
-1365
-1465
-1708
-2073
-2526
-3010
-3471
-3848
-4089
-4193
-4116
-3896
-3554
-3219
-2953
-2747
-2657
-2588
-2670
-2848
-3082
-3353
-3681
-4013
-4237
-4583
-4779
-5032
-5009
-4302
-3202
-1618
-118
1304
2706
4013
5133
5798
5950
5568
4995
4087
3229
2374
1530
1035
709
832
1147
1607
1994
2302
2565
2662
2684
2321
1770
978
251
-338
-793
-952
-1021
-736
-281
434
1326
2189
2956
3335
3542
3544
3442
3254
2812
2290
1860
1608
1521
1590
1703
1846
2002
2069
2073
2009
1788
1341
734
82
-483
-911
-1245
-1469
-1505
-1287
-842
-264
332
862
1289
1603
1790
1823
1669
1329
860
364
-70
-403
-645
-824
-961
-1051
-1099
-1132
-1201
-1357
-1607
-1919
-2237
-2545
-2820
-3069
-3266
-3364
-3332
-3169
-2963
-2777
-2671
-2603
-2553
-2511
-2547
-2689
-2870
-3085
-3196
-3331
-3414
-3468
-3513
-3451
-3476
-3400
-3466
-3637
-3977
-4325
-4133
-3490
-2266
-989
244
1554
2911
4306
5383
5992
5975
5682
5022
4211
3322
2203
1332
604
307
409
680
1036
1337
1732
2112
2472
2542
2212
1672
978
358
-119
-418
-566
-555
-298
200
1023
1861
2565
3050
3253
3418
3371
3215
2788
2149
1608
1187
1151
1187
1274
1339
1365
1533
1637
1696
1519
1127
659
201
-139
-452
-741
-962
-967
-685
-173
399
891
1292
1619
1886
2010
1914
1594
1116
593
108
-290
-602
-865
-1087
-1227
-1253
-1204
-1196
-1332
-1615
-1960
-2251
-2475
-2655
-2808
-2963
-3034
-2949
-2771
-2553
-2349
-2231
-2139
-2056
-2063
-2160
-2358
-2659
-2929
-3117
-3250
-3313
-3374
-3435
-3383
-3275
-3193
-3177
-3305
-3530
-3831
-4224
-4445
-4204
-3418
-2177
-737
789
2415
3986
5339
6285
6569
6261
5583
4600
3461
2305
1146
210
-279
-313
31
538
1048
1565
2026
2413
2597
2361
1797
1066
285
-296
-601
-714
-616
-251
380
1197
2087
2894
3400
3546
3443
3138
2671
2102
1429
738
300
285
555
941
1377
1754
2028
2238
2302
2097
1618
976
299
-307
-714
-934
-1058
-946
-513
80
756
1377
1764
1970
2076
2040
1808
1365
792
192
-311
-616
-779
-884
-922
-910
-878
-823
-823
-1006
-1372
-1804
-2222
-2553
-2747
-2843
-2876
-2780
-2523
-2171
-1800
-1474
-1276
-1245
-1329
-1507
-1810
-2233
-2721
-3185
-3512
-3628
-3589
-3493
-3326
-3118
-2956
-2870
-2844
-2968
-3255
-3604
-3992
-4456
-4839
-4689
-3868
-2466
-751
1056
2859
4487
5919
6835
7091
6714
5823
4630
3249
1914
605
-402
-931
-896
-426
184
914
1486
2048
2470
2633
2477
1899
1165
349
-233
-516
-493
-232
170
754
1453
2305
3019
3409
3344
2993
2558
2021
1485
887
361
-29
-95
290
920
1625
2174
2525
2649
2544
2236
1655
862
27
-602
-927
-979
-829
-585
-138
527
1302
1948
2280
2336
2083
1729
1311
768
165
-416
-767
-941
-880
-688
-548
-437
-387
-377
-504
-784
-1237
-1849
-2438
-2839
-3011
-3010
-2824
-2465
-1980
-1429
-909
-574
-532
-732
-1098
-1598
-2201
-2796
-3348
-3729
-3889
-3836
-3555
-3214
-2829
-2493
-2249
-2079
-2118
-2366
-2825
-3424
-4023
-4570
-5062
-5328
-4998
-3909
-2165
-122
1854
3624
5140
6308
6966
6911
6129
4896
3469
2051
824
-196
-907
-1097
-749
-42
788
1490
1981
2259
2286
2077
1632
976
242
-396
-745
-658
-230
370
1066
1803
2565
3250
3616
3544
3078
2358
1611
965
452
86
-144
-116
320
1076
1882
2470
2736
2741
2554
2177
1564
763
-9
-554
-776
-656
-349
-10
415
971
1563
2051
2283
2187
1853
1397
902
443
26
-327
-515
-499
-323
-79
81
66
-69
-297
-624
-1027
-1540
-2151
-2687
-2970
-2971
-2712
-2287
-1810
-1304
-769
-338
-160
-291
-722
-1335
-1987
-2624
-3198
-3649
-3933
-3971
-3704
-3206
-2649
-2195
-1910
-1793
-1858
-2120
-2536
-3067
-3661
-4189
-4556
-4787
-4875
-4570
-3582
-1961
-27
1864
3455
4697
5620
6101
5993
5272
4131
2883
1688
651
-138
-709
-940
-651
-8
717
1348
1735
1872
1881
1771
1465
990
463
23
-189
-56
395
985
1548
2054
2542
2968
3197
3057
2539
1839
1125
523
126
-95
-142
0
302
853
1588
2221
2614
2706
2544
2268
1826
1201
522
-85
-433
-449
-243
97
489
902
1369
1799
2045
1991
1648
1187
775
469
226
-6
-179
-221
-128
19
107
64
-138
-457
-797
-1146
-1521
-1918
-2285
-2458
-2373
-2132
-1816
-1481
-1174
-891
-676
-600
-709
-1037
-1521
-2033
-2495
-2888
-3202
-3381
-3385
-3235
-2962
-2619
-2308
-2131
-2085
-2129
-2290
-2611
-3052
-3509
-3894
-4152
-4282
-4303
-4169
-3678
-2634
-1071
695
2310
3596
4556
5198
5442
5157
4342
3216
2050
1007
152
-484
-861
-889
-502
171
849
1347
1629
1716
1671
1552
1345
1023
647
340
265
521
1013
1546
1989
2341
2622
2818
2801
2434
1793
1112
500
51
-179
-248
-137
185
665
1310
2020
2561
2780
2697
2469
2101
1503
804
186
-225
-317
-149
159
542
917
1264
1593
1844
1878
1638
1253
848
487
232
40
-118
-191
-130
56
212
205
90
-163
-527
-873
-1243
-1631
-1979
-2252
-2337
-2187
-1894
-1568
-1297
-1036
-790
-688
-728
-919
-1273
-1683
-2100
-2490
-2798
-3000
-3077
-2996
-2782
-2500
-2248
-2085
-2034
-2151
-2360
-2672
-3060
-3469
-3881
-4110
-4184
-4127
-4009
-3795
-3176
-2044
-487
1131
2495
3549
4325
4828
4924
4509
3650
2565
1499
618
-66
-597
-896
-837
-416
202
787
1181
1330
1340
1346
1330
1185
929
701
625
775
1165
1652
2030
2252
2398
2496
2488
2248
1730
1083
526
144
-56
-62
58
268
622
1059
1433
1737
2009
2198
2270
2204
1929
1500
1087
741
475
369
423
550
717
905
1050
1155
1247
1251
1123
948
769
545
319
195
168
176
212
237
156
-21
-210
-416
-669
-951
-1247
-1529
-1708
-1761
-1769
-1748
-1627
-1447
-1273
-1079
-911
-893
-1051
-1272
-1491
-1775
-2111
-2414
-2703
-2883
-2866
-2801
-2709
-2564
-2448
-2367
-2306
-2325
-2429
-2647
-2943
-3202
-3414
-3506
-3549
-3584
-3562
-3455
-2996
-2084
-752
702
1980
3083
3934
4492
4632
4284
3541
2556
1570
706
-42
-699
-1119
-1103
-637
64
724
1189
1432
1572
1710
1787
1692
1429
1135
962
989
1214
1515
1792
2015
2217
2371
2412
2217
1745
1138
563
162
-102
-220
-184
-21
312
808
1494
2051
2410
2619
2598
2471
2154
1640
1060
584
294
246
343
479
662
821
1080
1272
1363
1344
1150
944
699
519
313
117
51
47
122
188
219
97
-171
-441
-691
-945
-1227
-1493
-1713
-1821
-1771
-1614
-1448
-1294
-1125
-974
-871
-854
-971
-1231
-1562
-1878
-2168
-2444
-2700
-2891
-2947
-2867
-2735
-2601
-2516
-2495
-2479
-2496
-2594
-2787
-3067
-3357
-3554
-3676
-3723
-3707
-3664
-3392
-2693
-1472
60
1532
2766
3706
4449
4752
4484
3762
2700
1634
707
-39
-602
-983
-1012
-613
50
723
1252
1511
1517
1440
1370
1276
1111
919
838
1000
1379
1870
2303
2554
2671
2697
2548
2165
1597
904
250
-200
-441
-487
-294
59
469
994
1533
1986
2196
2150
2071
1952
1826
1580
1242
998
885
925
998
1068
1119
1142
1098
1020
902
720
559
388
362
425
514
639
696
765
788
707
476
82
-384
-860
-1239
-1473
-1616
-1718
-1689
-1539
-1372
-1217
-1093
-1039
-1046
-1114
-1242
-1335
-1429
-1535
-1669
-1832
-1954
-2093
-2240
-2422
-2577
-2689
-2773
-2807
-2863
-2860
-2843
-2817
-2798
-2825
-2902
-3079
-3253
-3370
-3384
-3388
-3362
-3316
-3182
-2625
-1577
-150
1314
2570
3537
4227
4582
4392
3693
2661
1590
622
-108
-615
-982
-1007
-663
-6
737
1338
1634
1662
1599
1491
1424
1309
1168
1113
1229
1604
2083
2506
2695
2612
2439
2182
1796
1241
598
28
-404
-549
-417
-150
208
614
979
1328
1660
1854
1872
1694
1568
1586
1591
1555
1401
1274
1264
1305
1288
1117
853
543
286
143
91
97
204
379
579
869
1126
1164
1002
766
456
96
-291
-710
-1080
-1327
-1350
-1281
-1204
-1075
-971
-930
-967
-1038
-1175
-1393
-1582
-1700
-1730
-1671
-1573
-1519
-1548
-1632
-1747
-1920
-2142
-2404
-2711
-2951
-3063
-3108
-3084
-2994
-2890
-2769
-2650
-2595
-2635
-2769
-2956
-3125
-3249
-3310
-3319
-3269
-2973
-2140
-780
773
2180
3244
3943
4317
4286
3769
2873
1788
761
30
-388
-571
-504
-198
285
901
1491
1798
1727
1411
1113
1017
1051
1086
1159
1351
1682
2132
2571
2795
2709
2377
1937
1480
976
403
-92
-389
-464
-263
173
652
1052
1323
1455
1561
1694
1714
1586
1491
1546
1704
1845
1869
1758
1594
1469
1333
1069
709
328
-3
-159
-117
50
324
614
842
1039
1173
1143
924
590
210
-194
-530
-749
-907
-1002
-941
-764
-641
-600
-665
-866
-1195
-1462
-1629
-1763
-1828
-1785
-1618
-1451
-1217
-1061
-1007
-1185
-1467
-1875
-2291
-2687
-3003
-3233
-3277
-3103
-2826
-2547
-2311
-2154
-2144
-2293
-2549
-2867
-3167
-3410
-3522
-3550
-3446
-3246
-2792
-1906
-590
979
2308
3295
3778
3917
3699
3196
2420
1551
830
355
124
-4
43
202
491
748
984
1129
1076
859
728
854
1173
1541
1907
2164
2419
2651
2816
2725
2317
1767
1122
669
308
114
-35
-60
43
248
556
846
1072
1129
1118
1077
1156
1273
1426
1577
1834
2172
2455
2551
2417
2060
1542
996
500
118
-206
-316
-326
-106
197
611
920
1052
1072
1036
966
743
444
120
-122
-294
-309
-336
-387
-460
-496
-629
-816
-1032
-1275
-1573
-1790
-1803
-1721
-1560
-1364
-1235
-1170
-1195
-1240
-1352
-1573
-1846
-2142
-2403
-2594
-2648
-2626
-2598
-2504
-2434
-2366
-2332
-2339
-2396
-2541
-2681
-2845
-2956
-3031
-3080
-3114
-3139
-3077
-2946
-2555
-1741
-458
985
2245
3209
3818
4104
3969
3456
2629
1714
953
387
20
-213
-198
14
315
647
949
1168
1165
1038
926
937
1111
1408
1693
1885
2043
2237
2425
2436
2205
1757
1249
815
479
228
45
8
47
241
579
879
1085
1103
1059
1029
1010
1007
1084
1383
1862
2371
2709
2801
2626
2203
1536
734
-9
-564
-814
-815
-536
-39
522
1048
1413
1591
1560
1401
1097
705
322
-46
-256
-325
-311
-302
-337
-399
-529
-715
-925
-1222
-1546
-1724
-1786
-1719
-1575
-1404
-1218
-1098
-992
-997
-1135
-1410
-1788
-2115
-2426
-2605
-2630
-2601
-2501
-2380
-2306
-2327
-2365
-2424
-2545
-2678
-2797
-2846
-2916
-2994
-3051
-3129
-3156
-3232
-3260
-3167
-2859
-2050
-696
948
2416
3469
4055
4218
3985
3384
2489
1488
709
142
-90
-64
125
492
839
1127
1257
1228
1015
739
576
534
769
1181
1718
2221
2479
2644
2687
2532
2186
1638
976
407
80
-19
99
282
491
733
912
1142
1213
1095
902
713
680
715
955
1350
1785
2191
2466
2612
2520
2224
1708
1038
424
2
-179
-187
-27
277
611
907
1124
1203
1140
968
697
467
335
234
185
204
179
83
-16
-166
-436
-743
-1007
-1261
-1467
-1555
-1583
-1611
-1567
-1426
-1297
-1234
-1187
-1215
-1383
-1573
-1705
-1846
-2037
-2198
-2275
-2326
-2377
-2405
-2457
-2506
-2488
-2493
-2565
-2614
-2626
-2650
-2701
-2785
-2915
-3103
-3310
-3453
-3518
-3501
-3295
-2701
-1558
37
1690
2987
3771
4091
4045
3642
2930
2042
1190
635
418
331
349
520
735
869
882
780
596
401
337
468
756
1204
1743
2263
2633
2727
2572
2256
1869
1497
1100
710
469
388
467
674
823
834
778
723
697
649
562
508
556
808
1284
1795
2154
2310
2284
2112
1837
1528
1246
968
719
563
473
421
440
495
560
639
659
586
531
564
631
646
602
562
510
396
243
21
-283
-527
-668
-800
-914
-981
-1024
-1061
-1086
-1112
-1205
-1374
-1524
-1591
-1592
-1586
-1593
-1581
-1575
-1578
-1607
-1716
-1880
-2063
-2253
-2380
-2447
-2472
-2428
-2376
-2339
-2304
-2305
-2366
-2467
-2559
-2669
-2868
-3084
-3274
-3455
-3519
-3418
-3226
-2880
-2151
-884
712
2175
3186
3676
3759
3557
3059
2340
1602
1065
857
832
742
615
595
666
684
569
366
167
117
333
719
1122
1509
1874
2158
2318
2309
2107
1806
1559
1392
1221
992
737
544
484
529
593
610
566
544
621
719
748
780
909
1086
1245
1425
1642
1844
1944
1843
1581
1312
1158
1113
1109
1113
1127
1111
1045
905
670
484
333
260
291
293
379
469
552
633
588
463
271
39
-193
-358
-517
-622
-715
-819
-892
-1033
-1193
-1446
-1657
-1767
-1790
-1766
-1725
-1532
-1406
-1325
-1274
-1337
-1473
-1695
-1882
-2073
-2246
-2380
-2465
-2472
-2497
-2500
-2475
-2517
-2596
-2673
-2781
-2889
-2949
-3001
-3030
-3016
-2922
-2758
-2632
-2371
-1774
-707
684
1952
2879
3308
3355
3118
2596
1971
1383
1022
922
942
914
881
872
863
757
458
196
27
96
507
1026
1494
1816
2051
2236
2357
2285
1950
1535
1200
1068
1118
1207
1208
1120
981
867
775
633
476
402
474
575
695
790
887
1019
1195
1510
1729
1782
1614
1379
1198
1031
1049
1102
1240
1446
1604
1547
1224
879
544
322
161
130
199
309
513
638
703
628
509
354
141
-32
-184
-243
-280
-279
-273
-417
-723
-1058
-1323
-1569
-1771
-1858
-1835
-1750
-1597
-1415
-1314
-1342
-1460
-1634
-1859
-2023
-2134
-2206
-2264
-2293
-2252
-2271
-2299
-2365
-2450
-2492
-2580
-2689
-2826
-2931
-3007
-3064
-3075
-3108
-3156
-3155
-3120
-3033
-2635
-1693
-222
1336
2553
3289
3556
3502
3046
2275
1451
860
705
805
953
990
917
847
776
645
387
57
-177
-99
334
953
1534
1967
2229
2326
2276
2059
1696
1308
1103
1058
1083
1144
1165
1151
1050
921
747
459
236
123
186
378
596
851
960
1043
1130
1196
1359
1452
1517
1444
1340
1372
1435
1566
1572
1503
1417
1212
932
549
190
45
131
368
639
768
758
686
559
438
291
102
-63
-161
-157
-100
-110
-247
-453
-661
-872
-1139
-1442
-1668
-1740
-1678
-1573
-1476
-1412
-1409
-1452
-1508
-1616
-1799
-1957
-2005
-2003
-2019
-2043
-2087
-2176
-2309
-2462
-2614
-2744
-2844
-2921
-2968
-2966
-2960
-2990
-3016
-3019
-3036
-3052
-3054
-2965
-2593
-1711
-303
1216
2393
3108
3351
3196
2773
2095
1390
1053
1137
1388
1547
1447
1133
791
539
335
104
-139
-253
-43
503
1149
1672
1968
2063
2051
1919
1645
1356
1202
1254
1471
1697
1770
1642
1380
1090
810
529
275
128
160
353
591
763
844
855
839
829
816
818
957
1292
1652
1830
1825
1718
1594
1552
1520
1383
1219
1102
957
731
455
224
117
162
340
488
472
346
246
241
267
238
148
-10
-169
-244
-334
-525
-737
-896
-1028
-1177
-1344
-1475
-1543
-1514
-1411
-1329
-1327
-1382
-1445
-1511
-1599
-1752
-1919
-2023
-2046
-2037
-2103
-2230
-2441
-2640
-2804
-2926
-2950
-2968
-2920
-2852
-2735
-2709
-2855
-2984
-3160
-3204
-3155
-3109
-2772
-1964
-588
931
2066
2719
2883
2725
2381
1902
1441
1239
1475
1909
2131
1944
1470
939
495
166
-54
-139
-92
165
636
1196
1565
1654
1620
1512
1463
1382
1258
1231
1355
1666
1915
1979
1829
1438
1065
819
669
576
560
706
940
1094
1056
918
693
523
521
549
753
1040
1350
1590
1656
1641
1489
1353
1257
1250
1236
1225
1259
1126
951
716
507
371
364
439
403
345
240
151
101
50
-39
-120
-174
-203
-189
-299
-468
-709
-949
-1096
-1277
-1435
-1575
-1609
-1519
-1422
-1350
-1328
-1340
-1415
-1565
-1756
-1949
-2099
-2144
-2105
-2039
-2030
-2196
-2467
-2729
-2905
-2919
-2808
-2708
-2643
-2625
-2682
-2793
-3002
-3206
-3333
-3341
-3240
-3053
-2564
-1667
-377
923
1857
2435
2626
2517
2189
1771
1489
1487
1793
2190
2343
2082
1541
917
376
44
-71
-14
189
560
1058
1431
1493
1371
1256
1211
1259
1337
1413
1534
1676
1784
1822
1758
1573
1323
1129
998
897
850
879
993
1127
1104
935
746
530
404
406
522
793
1162
1559
1756
1706
1591
1460
1403
1329
1278
1360
1399
1387
1262
990
719
526
492
520
511
459
369
315
319
291
203
89
-9
-16
-43
-131
-300
-529
-707
-899
-1023
-1155
-1323
-1410
-1483
-1502
-1473
-1409
-1344
-1288
-1242
-1310
-1512
-1782
-1964
-2025
-2052
-2081
-2110
-2176
-2321
-2505
-2653
-2748
-2822
-2860
-2826
-2758
-2743
-2824
-2954
-3080
-3165
-3197
-3198
-3150
-2890
-2183
-1032
230
1226
1847
2171
2270
2114
1767
1498
1494
1763
2180
2484
2409
1978
1403
920
600
327
152
202
553
1023
1389
1526
1316
1034
863
824
860
935
1209
1531
1787
1939
1880
1648
1367
1173
1109
1100
1055
1048
1156
1313
1342
1205
994
818
740
683
714
902
1152
1268
1288
1352
1363
1301
1106
973
1003
1028
1074
1026
944
909
839
769
672
550
471
418
416
486
484
374
235
82
-42
-176
-367
-539
-638
-728
-866
-1026
-1171
-1276
-1338
-1389
-1418
-1412
-1425
-1409
-1319
-1256
-1283
-1409
-1566
-1644
-1711
-1828
-1918
-1964
-1964
-1976
-2082
-2205
-2259
-2289
-2299
-2305
-2337
-2367
-2442
-2505
-2556
-2625
-2709
-2812
-2823
-2779
-2629
-2352
-1833
-989
-149
547
1049
1341
1437
1302
1122
1121
1313
1609
1932
2149
2151
1948
1674
1456
1236
970
775
811
1068
1353
1499
1475
1304
1043
792
648
611
669
840
1093
1305
1386
1324
1157
957
800
731
756
854
987
1147
1292
1297
1117
877
688
556
515
603
760
877
912
877
776
610
439
368
436
529
538
498
452
382
297
235
176
95
51
103
214
314
389
431
411
321
222
178
158
141
141
147
117
46
-34
-115
-198
-263
-323
-390
-448
-479
-507
-559
-646
-758
-863
-930
-963
-976
-989
-1006
-1011
-1000
-1001
-1032
-1074
-1111
-1138
-1162
-1199
-1245
-1269
-1270
-1286
-1317
-1352
-1401
-1460
-1511
-1568
-1652
-1724
-1737
-1708
-1676
-1644
-1562
-1370
-1094
-842
-706
-685
-725
-751
-665
-413
-95
131
218
270
369
491
580
643
687
723
799
950
1144
1300
1387
1440
1473
1482
1463
1421
1408
1415
1407
1398
1348
1240
1150
1107
1095
1080
1018
970
980
989
996
973
922
847
780
793
843
922
975
993
978
919
869
805
818
921
975
960
873
720
575
478
430
403
357
308
280
254
227
179
95
-6
-89
-127
-167
-187
-163
-167
-205
-266
-364
-485
-564
-611
-635
-640
-677
-696
-723
-761
-808
-881
-899
-923
-950
-965
-1001
-1017
-1044
-1117
-1179
-1219
-1255
-1271
-1266
-1251
-1224
-1214
-1222
-1258
-1308
-1348
-1380
-1416
-1467
-1536
-1601
-1631
-1625
-1612
-1611
-1614
-1614
-1567
-1399
-1098
-798
-658
-657
-729
-742
-619
-354
-18
186
273
297
324
393
455
549
656
766
900
1083
1291
1423
1487
1540
1551
1484
1413
1390
1398
1419
1443
1430
1360
1270
1179
1124
1119
1085
1012
969
966
979
980
913
836
783
742
722
728
745
779
851
868
853
778
665
640
632
715
774
743
683
534
405
328
293
278
257
245
241
265
252
197
167
154
121
76
39
11
-13
-46
-66
-116
-230
-335
-386
-446
-491
-496
-530
-580
-613
-675
-747
-807
-874
-922
-928
-934
-974
-1035
-1066
-1072
-1093
-1127
-1157
-1163
-1144
-1158
-1186
-1223
-1314
-1388
-1394
-1415
-1457
-1469
-1460
-1452
-1443
-1466
-1536
-1600
-1644
-1685
-1705
-1671
-1554
-1306
-985
-762
-712
-756
-810
-763
-541
-237
-21
67
119
195
297
423
549
659
758
876
1043
1209
1304
1332
1365
1415
1429
1392
1367
1394
1454
1500
1506
1446
1326
1202
1117
1057
972
882
855
886
924
917
901
864
789
705
689
712
728
774
759
796
827
796
739
630
643
629
661
718
720
707
602
710
726
433
379
510
457
419
433
386
475
376
68
89
63
-151
-89
11
43
116
-32
-173
-183
-339
-490
-551
-569
-551
-632
-706
-663
-678
-770
-861
-908
-936
-1011
-1059
-1034
-1029
-1063
-1095
-1115
-1173
-1263
-1336
-1404
-1462
-1457
-1434
-1465
-1511
-1511
-1485
-1498
-1562
-1644
-1703
-1727
-1741
-1757
-1755
-1695
-1549
-1312
-1036
-844
-815
-906
-961
-852
-590
-296
-63
94
196
276
376
517
656
735
799
916
1088
1250
1357
1432
1499
1535
1533
1531
1560
1581
1578
1603
1596
1478
1333
1207
1134
1103
1063
1046
1004
979
1060
1020
891
898
886
825
803
769
789
753
609
564
519
444
522
673
770
771
680
622
601
569
564
573
555
517
519
579
610
585
559
529
460
374
311
255
205
205
248
272
227
148
90
25
-76
-177
-264
-353
-391
-416
-489
-396
-299
-586
-772
-652
-862
-1169
-1123
-1036
-1011
-1039
-1083
-975
-1018
-1273
-1340
-1310
-1423
-1586
-1619
-1500
-1457
-1548
-1542
-1456
-1489
-1643
-1747
-1751
-1782
-1829
-1769
-1658
-1593
-1490
-1250
-971
-826
-840
-892
-865
-722
-482
-198
44
160
172
237
368
476
576
712
856
980
1086
1177
1305
1397
1423
1452
1491
1438
1349
1368
1390
1426
1343
1226
1200
1113
1071
1028
1139
1160
923
943
997
792
577
580
670
683
630
610
747
765
613
610
673
551
376
396
530
580
544
543
558
511
435
453
558
573
500
506
564
530
453
459
497
473
422
404
389
339
265
211
178
115
37
11
9
-55
-159
-221
-258
-345
-467
-551
-584
-640
-720
-756
-768
-855
-985
-1041
-1045
-1075
-1102
-1087
-1088
-1136
-1209
-1296
-1377
-1433
-1482
-1529
-1554
-1569
-1592
-1597
-1589
-1605
-1643
-1690
-1736
-1754
-1741
-1734
-1699
-1562
-1325
-1085
-928
-886
-908
-899
-779
-530
-224
2
101
181
321
476
602
716
806
870
965
1110
1236
1296
1324
1351
1353
1329
1309
1310
1328
1337
1299
1222
1137
1073
1029
1023
1058
1064
1033
1017
969
912
892
847
807
797
759
741
751
732
725
713
667
617
557
504
503
552
610
622
573
494
422
409
474
557
588
566
541
519
482
475
510
507
432
382
390
377
326
300
278
211
149
128
111
61
-3
-65
-135
-227
-340
-455
-542
-597
-648
-714
-785
-843
-884
-919
-960
-1004
-1041
-1076
-1113
-1147
-1172
-1191
-1233
-1301
-1383
-1454
-1480
-1464
-1456
-1482
-1502
-1492
-1507
-1561
-1591
-1576
-1574
-1584
-1570
-1553
-1492
-1346
-1102
-890
-809
-794
-800
-703
-496
-225
28
146
206
284
399
507
589
681
764
857
981
1086
1135
1178
1208
1222
1222
1241
1263
1248
1261
1260
1211
1121
1018
984
964
946
925
905
896
891
908
905
848
788
766
761
744
736
748
767
760
722
655
561
502
466
486
546
594
618
572
529
465
401
430
505
580
591
570
539
492
461
440
408
372
344
320
295
267
255
258
237
184
137
103
33
-33
-87
-143
-237
-347
-416
-495
-548
-585
-630
-705
-801
-843
-914
-976
-989
-1027
-1069
-1088
-1105
-1157
-1253
-1324
-1352
-1400
-1451
-1457
-1445
-1453
-1486
-1491
-1487
-1525
-1550
-1537
-1552
-1570
-1556
-1528
-1416
-1197
-983
-846
-788
-795
-776
-663
-452
-176
49
149
164
209
330
432
519
630
711
791
926
1038
1107
1147
1135
1160
1140
1095
1109
1151
1189
1158
1148
1098
1030
1009
957
955
918
900
938
919
886
850
805
789
784
759
741
728
712
707
666
593
515
462
438
433
464
541
622
650
598
500
426
383
377
453
540
547
520
499
447
370
308
296
313
307
296
293
253
209
193
167
107
42
-13
-54
-88
-133
-171
-268
-384
-468
-561
-590
-605
-662
-713
-748
-787
-867
-937
-984
-1012
-1050
-1106
-1146
-1193
-1265
-1320
-1362
-1403
-1426
-1450
-1434
-1422
-1454
-1451
-1471
-1490
-1489
-1527
-1530
-1502
-1458
-1378
-1237
-1020
-832
-712
-674
-686
-615
-464
-227
3
102
156
221
292
384
486
582
658
721
804
886
941
990
1024
1060
1074
1029
1017
1066
1093
1077
1049
1013
953
901
850
835
824
810
819
793
804
778
711
680
663
653
591
554
534
504
473
421
410
375
331
356
399
465
538
526
464
394
331
319
338
417
465
430
396
364
336
309
293
294
291
293
291
253
211
202
179
136
118
104
67
23
-24
-67
-133
-248
-350
-422
-505
-577
-619
-658
-703
-742
-816
-882
-926
-974
-1005
-1066
-1101
-1122
-1185
-1219
-1276
-1344
-1392
-1438
-1425
-1427
-1454
-1452
-1462
-1471
-1489
-1513
-1502
-1461
-1443
-1429
-1332
-1158
-946
-758
-660
-666
-694
-603
-398
-184
7
131
161
211
291
384
496
593
690
766
843
890
930
997
1015
1023
1017
989
1003
1010
1024
1068
1024
965
924
849
833
833
841
866
855
854
838
815
794
749
709
680
652
623
599
591
591
566
533
497
464
447
453
512
579
569
489
443
399
371
416
432
435
431
407
389
349
326
297
277
287
302
332
298
240
217
193
181
137
92
71
34
11
-43
-133
-216
-288
-382
-466
-508
-552
-589
-624
-684
-740
-796
-868
-922
-957
-1002
-1039
-1067
-1113
-1158
-1246
-1324
-1344
-1359
-1381
-1399
-1377
-1389
-1411
-1405
-1438
-1444
-1447
-1447
-1390
-1318
-1219
-1028
-799
-664
-615
-614
-621
-528
-348
-145
27
134
197
227
283
367
465
587
662
747
834
881
967
1016
1015
1004
974
975
984
1031
1086
1058
1016
970
886
827
819
813
814
826
801
800
796
750
722
679
660
633
589
594
616
612
555
514
479
446
485
513
525
534
500
471
451
394
353
367
355
349
393
395
402
378
337
320
269
249
247
249
260
252
240
214
178
141
95
50
33
4
-27
-75
-152
-249
-357
-410
-470
-519
-537
-572
-620
-697
-762
-812
-860
-915
-996
-1047
-1076
-1113
-1153
-1183
-1238
-1304
-1342
-1354
-1377
-1402
-1418
-1430
-1406
-1385
-1373
-1363
-1334
-1296
-1222
-1054
-887
-706
-587
-558
-512
-454
-344
-210
-51
62
145
244
315
415
505
579
638
705
775
827
876
929
970
968
984
970
959
963
941
972
962
920
913
876
842
820
798
795
786
761
752
734
704
689
665
621
597
611
617
625
634
607
531
455
421
406
438
460
446
453
401
352
327
280
291
287
288
281
238
217
170
146
144
131
119
104
116
88
54
49
47
18
-34
-67
-99
-134
-173
-226
-302
-373
-421
-474
-540
-595
-638
-682
-717
-750
-804
-855
-904
-974
-1019
-1053
-1132
-1202
-1239
-1283
-1317
-1328
-1346
-1365
-1378
-1412
-1425
-1391
-1356
-1327
-1275
-1225
-1178
-1086
-944
-784
-639
-549
-494
-423
-327
-188
-23
92
161
226
286
381
502
593
671
746
804
872
931
951
977
1010
1022
1020
999
975
990
1002
980
954
921
887
888
902
899
883
859
840
828
790
763
749
719
695
667
650
652
672
658
623
583
501
480
475
460
484
473
430
363
333
308
246
244
240
216
233
216
192
174
140
120
74
38
25
15
26
23
16
-16
-67
-105
-151
-168
-193
-240
-272
-305
-358
-406
-456
-508
-555
-610
-659
-727
-780
-800
-827
-859
-922
-980
-1047
-1082
-1088
-1130
-1129
-1145
-1198
-1229
-1269
-1270
-1253
-1238
-1213
-1192
-1152
-1146
-1117
-1046
-978
-867
-741
-624
-507
-404
-344
-275
-177
-90
0
95
184
269
358
421
501
580
627
678
711
773
820
836
881
902
917
909
895
899
893
904
890
869
851
819
823
803
786
782
759
753
746
726
705
710
694
677
669
667
654
610
592
546
523
508
488
484
450
427
392
375
340
313
331
298
275
267
260
233
183
158
126
106
101
72
48
46
2
-36
-62
-113
-143
-179
-212
-234
-261
-308
-338
-353
-404
-459
-512
-573
-638
-696
-722
-761
-797
-845
-903
-944
-996
-1019
-1040
-1088
-1106
-1124
-1137
-1153
-1211
-1236
-1224
-1210
-1177
-1150
-1134
-1110
-1092
-1053
-993
-918
-803
-685
-570
-452
-375
-322
-243
-148
-64
14
90
179
243
305
387
463
544
588
635
694
719
778
835
849
861
868
901
925
895
877
889
879
856
850
841
817
810
814
804
761
730
726
702
695
674
634
608
582
582
587
558
523
506
464
429
416
395
404
390
338
291
265
242
223
224
203
170
151
126
116
116
103
80
63
34
5
15
-12
-51
-82
-129
-141
-179
-221
-279
-339
-376
-427
-452
-483
-513
-524
-553
-625
-676
-700
-742
-773
-817
-860
-884
-914
-947
-978
-992
-1018
-1041
-1038
-1047
-1057
-1055
-1030
-1026
-1025
-985
-974
-968
-937
-906
-839
-728
-611
-502
-386
-318
-260
-192
-136
-56
3
79
187
240
292
346
398
472
517
563
632
673
719
782
823
843
847
856
876
892
877
882
893
868
850
820
784
783
792
774
778
775
740
729
719
714
694
680
668
628
633
614
581
553
518
520
493
465
459
434
412
377
360
338
283
273
253
219
195
142
133
119
85
86
70
54
32
15
-11
-47
-64
-107
-144
-169
-205
-254
-312
-360
-400
-443
-488
-516
-538
-575
-656
-706
-724
-762
-778
-802
-836
-885
-906
-925
-993
-1012
-1031
-1047
-1030
-1053
-1050
-1040
-1033
-1012
-1005
-965
-946
-922
-876
-854
-829
-779
-704
-613
-504
-406
-309
-226
-172
-107
-27
92
172
226
282
313
348
376
433
491
530
594
621
641
672
706
754
777
829
850
820
794
771
767
737
736
774
769
739
718
711
710
710
698
688
682
671
655
656
662
647
639
619
588
558
548
533
515
501
462
458
424
386
367
325
316
279
249
231
191
167
139
111
87
57
22
9
-15
-52
-72
-100
-134
-164
-205
-255
-274
-305
-337
-365
-406
-427
-468
-486
-524
-588
-624
-663
-687
-731
-761
-787
-827
-844
-842
-874
-928
-950
-971
-959
-938
-949
-949
-950
-956
-966
-952
-928
-904
-876
-870
-846
-793
-744
-677
-589
-504
-423
-335
-277
-226
-132
-30
89
157
188
254
317
366
432
503
524
536
572
609
636
655
685
712
737
725
734
759
746
751
749
738
733
734
737
726
714
697
681
657
639
636
634
644
634
603
579
555
530
529
537
527
520
502
456
410
379
373
365
328
303
284
268
237
188
144
101
92
87
50
34
11
-25
-66
-92
-100
-131
-164
-191
-217
-241
-276
-319
-345
-394
-465
-486
-524
-573
-590
-627
-671
-707
-747
-785
-813
-830
-864
-898
-922
-961
-979
-971
-977
-967
-976
-1007
-997
-977
-978
-962
-927
-895
-863
-816
-773
-753
-710
-671
-622
-521
-449
-363
-264
-220
-183
-139
-38
81
164
213
252
298
344
405
457
509
547
587
637
643
663
701
728
750
753
762
776
804
827
818
804
786
792
790
784
792
777
748
717
715
700
684
674
634
601
549
519
513
501
465
433
423
397
392
394
386
346
322
311
265
234
217
216
189
146
145
122
100
86
50
25
3
-21
-25
-41
-76
-105
-138
-177
-221
-269
-315
-337
-357
-380
-405
-450
-465
-489
-523
-562
-611
-645
-696
-722
-743
-770
-770
-774
-803
-832
-840
-852
-855
-856
-856
-837
-818
-825
-837
-821
-807
-774
-743
-731
-681
-629
-606
-566
-503
-443
-390
-312
-244
-199
-133
-66
13
73
104
153
188
221
282
343
404
449
478
492
509
556
586
622
673
683
686
709
725
713
688
698
708
699
685
665
660
655
641
644
633
609
602
594
578
571
565
539
508
485
451
420
393
373
363
356
352
345
344
309
288
291
261
259
245
205
213
200
178
135
110
131
97
75
54
24
9
-51
-83
-104
-124
-148
-193
-230
-260
-291
-343
-390
-423
-448
-495
-535
-564
-601
-609
-632
-661
-697
-723
-730
-766
-765
-762
-773
-778
-807
-827
-850
-849
-833
-826
-786
-771
-769
-738
-732
-717
-676
-637
-598
-552
-518
-478
-417
-375
-329
-256
-180
-108
-50
2
59
119
174
222
255
288
343
388
436
480
490
520
570
614
616
619
655
678
699
721
734
728
715
713
701
679
673
683
692
691
669
633
616
612
591
560
551
549
527
497
477
452
430
407
375
331
306
300
290
271
264
257
238
227
202
163
139
122
82
40
21
-19
-56
-73
-91
-131
-183
-199
-216
-260
-292
-308
-331
-364
-393
-407
-438
-485
-498
-533
-572
-596
-630
-641
-676
-695
-711
-726
-712
-728
-745
-762
-762
-743
-741
-742
-728
-705
-710
-727
-712
-706
-700
-683
-662
-619
-573
-541
-508
-441
-415
-354
-316
-260
-227
-181
-100
-26
33
63
125
160
233
290
341
382
439
477
520
578
629
679
706
734
762
782
809
830
861
865
856
862
871
873
850
842
847
813
787
785
760
724
731
720
685
678
640
605
582
549
530
474
444
424
364
345
313
265
245
199
159
117
70
34
-31
-79
-114
-138
-178
-211
-246
-286
-342
-378
-397
-428
-458
-470
-474
-497
-529
-549
-569
-588
-618
-649
-676
-679
-691
-719
-740
-726
-737
-752
-764
-752
-769
-782
-751
-795
-790
-774
-776
-766
-768
-797
-769
-744
-733
-728
-678
-634
-595
-533
-523
-492
-429
-383
-335
-280
-240
-194
-110
-59
-31
37
89
166
217
273
344
382
443
495
536
563
582
628
693
727
776
812
829
836
835
842
865
878
870
851
850
849
843
851
839
806
772
751
753
731
710
668
636
595
556
496
461
436
391
348
316
266
215
161
124
82
41
-4
-45
-92
-135
-166
-198
-226
-300
-335
-356
-358
-382
-404
-437
-454
-482
-512
-530
-533
-536
-555
-563
-546
-544
-537
-527
-539
-557
-560
-557
-551
-546
-553
-560
-556
-557
-570
-569
-547
-532
-511
-499
-499
-502
-507
-467
-440
-442
-424
-413
-374
-329
-318
-280
-249
-211
-179
-156
-117
-59
-10
4
49
59
126
146
154
182
215
277
332
379
396
432
434
466
483
509
555
568
581
603
597
624
631
627
644
653
662
670
680
680
675
671
677
679
663
634
612
598
566
543
527
495
486
480
441
403
375
336
293
253
204
172
141
99
67
31
2
-42
-88
-110
-141
-172
-222
-276
-295
-316
-345
-372
-381
-391
-412
-429
-448
-461
-477
-500
-501
-501
-499
-503
-520
-537
-545
-547
-548
-546
-544
-536
-521
-505
-517
-517
-510
-520
-500
-489
-477
-463
-427
-408
-418
-395
-381
-347
-315
-293
-292
-259
-219
-193
-164
-124
-111
-81
-44
-39
10
56
77
110
150
166
183
224
247
261
290
317
346
380
396
416
419
433
456
455
481
475
467
490
484
511
538
541
551
553
548
554
559
550
555
536
534
529
521
505
479
473
456
453
416
388
354
323
294
281
265
238
205
169
122
96
55
30
0
-50
-71
-102
-138
-156
-193
-214
-226
-253
-282
-302
-307
-304
-297
-304
-343
-380
-401
-429
-447
-444
-447
-452
-448
-439
-444
-456
-484
-472
-453
-456
-437
-433
-415
-410
-416
-399
-387
-359
-330
-319
-314
-308
-309
-296
-268
-268
-239
-196
-171
-171
-171
-129
-102
-66
-42
-40
-22
-29
2
52
68
105
116
118
142
160
174
210
221
212
234
228
262
289
244
272
278
280
297
288
333
320
326
347
318
331
318
339
345
341
357
346
352
323
312
306
290
295
277
265
253
245
237
221
214
214
201
185
177
150
134
113
78
84
57
27
17
-20
-44
-72
-112
-165
-171
-174
-219
-217
-214
-225
-240
-246
-283
-305
-298
-331
-347
-354
-337
-336
-339
-317
-340
-331
-334
-333
-293
-287
-277
-270
-265
-262
-257
-230
-213
-196
-183
-185
-169
-158
-143
-131
-128
-97
-79
-59
-42
-34
-15
-14
-1
-8
-30
-3
31
46
62
80
74
83
99
95
113
114
113
137
139
143
143
141
149
135
132
140
161
187
181
185
192
196
199
195
208
203
208
207
188
203
185
182
199
164
179
205
190
198
189
174
182
164
141
142
143
136
121
95
73
65
41
14
-11
-28
-35
-54
-59
-71
-112
-120
-114
-121
-133
-145
-138
-170
-186
-178
-206
-205
-207
-219
-227
-246
-242
-225
-234
-243
-233
-227
-234
-247
-235
-222
-226
-223
-211
-197
-206
-214
-221
-224
-207
-194
-166
-142
-112
-100
-103
-102
-113
-105
-99
-81
-47
-38
-13
13
7
0
14
45
47
36
50
76
115
129
128
161
160
126
146
148
131
144
142
141
136
129
134
130
118
96
97
122
149
150
136
129
120
116
134
157
150
142
156
143
111
126
142
138
140
121
110
96
77
80
72
72
72
82
86
55
49
50
45
46
40
33
27
32
17
4
19
8
15
30
21
3
-17
2
-1
-31
-29
-47
-56
-49
-76
-90
-102
-110
-91
-100
-94
-96
-106
-108
-138
-134
-124
-112
-95
-114
-111
-111
-99
-87
-102
-94
-87
-85
-85
-91
-83
-82
-75
-65
-82
-82
-45
-40
-50
-27
-31
-30
5
3
7
34
49
70
74
56
72
98
120
137
127
132
129
118
131
126
145
167
149
145
132
123
126
134
139
129
141
143
159
162
138
