0
-1
-1
2
9
4
2
2
5
7
6
3
1
2
5
6
3
1
3
3
2
2
3
0
-2
1
7
1
-1
3
-2
3
2
2
0
3
13
6
4
2
1
5
1
0
2
4
1
-1
4
5
1
0
2
2
3
4
3
1
1
0
1
3
0
0
4
4
5
8
6
7
9
0
-3
0
2
3
8
6
6
4
0
1
3
4
4
2
0
-1
-2
2
5
4
6
5
2
3
4
1
-1
2
0
0
5
0
1
4
2
1
3
-1
-1
3
2
3
-1
1
0
2
8
0
-3
1
0
-2
-1
-1
-3
3
1
0
-1
-2
-3
-2
0
0
0
-2
0
1
4
2
-6
-4
-6
-1
0
0
3
-1
6
2
-1
3
-1
3
6
2
0
1
-3
-1
1
0
5
5
0
-1
3
0
-3
0
1
-1
1
3
-1
1
4
2
1
3
1
2
5
1
-3
2
6
4
0
3
3
1
0
2
3
3
2
2
0
1
1
3
3
2
2
1
3
3
2
3
1
4
2
1
2
0
3
5
3
1
-1
0
-1
0
1
-3
1
4
-1
0
3
-2
-4
0
3
2
2
4
0
-2
4
6
4
2
2
2
1
0
5
4
4
7
2
1
1
-1
2
4
1
2
6
6
3
-1
-1
4
3
3
0
-1
3
2
-3
-2
-1
-1
4
1
-2
4
4
3
4
-1
-3
1
-1
-2
2
4
3
1
-2
-1
4
3
1
-1
1
2
3
4
2
0
1
3
3
1
2
2
3
4
2
0
-1
-3
-2
-1
-1
0
1
2
3
2
1
-1
-3
-1
-1
1
-1
-3
-2
1
2
2
-2
-3
-1
4
7
5
1
-2
-2
5
5
0
4
2
0
2
-2
0
6
2
1
3
0
3
3
0
2
6
4
0
-2
-2
0
5
0
-3
4
3
1
1
-3
1
9
5
2
4
1
1
6
6
3
6
3
1
5
8
4
4
1
1
7
6
2
4
-1
-1
4
5
4
0
0
1
4
7
6
9
5
-6
-6
2
4
6
9
-2
-4
3
4
0
1
2
1
3
2
1
4
3
2
3
3
1
0
0
-3
-1
3
6
4
4
3
0
1
3
2
4
1
1
3
1
3
0
0
1
-1
1
-1
-2
-3
-5
-2
-3
-2
-1
-4
-4
-1
-2
1
-1
-1
1
-1
-3
-1
2
1
0
-2
-3
1
0
2
0
-1
-1
-3
0
0
-1
-2
-3
0
1
0
-3
-3
-2
1
1
-1
-1
-1
-1
-2
1
3
5
2
-1
-2
1
4
4
1
-2
-2
0
4
8
6
0
-2
-1
4
6
5
2
0
-1
-1
-1
4
7
5
1
0
3
5
5
6
6
7
5
2
2
4
3
3
0
0
1
2
2
3
3
1
1
3
4
6
5
4
0
1
1
1
-2
-3
-1
5
8
4
-4
-3
5
6
1
-1
3
8
4
-4
-7
-4
1
0
-6
-9
-4
6
9
1
-9
-10
-2
1
0
-2
-6
-10
-14
-9
-3
3
-1
1
3
2
-2
-2
1
-1
-4
-5
-4
-4
-4
-3
1
5
2
4
10
6
0
-8
-12
-1
3
1
3
-3
-5
5
11
5
-4
5
17
9
1
2
4
10
3
-7
-1
12
15
9
-3
-10
-5
4
12
13
8
8
14
12
2
-6
-2
9
16
17
15
13
14
15
17
17
10
10
25
31
13
-10
-7
7
13
7
3
3
10
18
16
6
0
6
0
-4
3
8
4
1
-13
-19
6
15
1
-16
-15
7
12
-1
-6
7
-3
-23
-8
5
8
5
-13
-28
-40
-17
23
23
-18
-62
-49
-33
-48
-23
30
58
44
22
-42
-157
-171
-17
146
145
54
-19
-147
-320
-198
348
731
370
-313
-374
280
805
649
128
-246
-382
-372
-134
217
254
-52
-243
-193
-186
-283
-344
-317
-196
-94
-123
-104
32
27
-198
-619
-1169
-885
1103
3190
2831
524
-1091
-1266
-859
247
1881
2160
339
-1433
-1371
-315
315
124
-605
-1048
-572
86
-5
-479
-887
-1471
-1779
-968
388
947
573
39
-472
-1143
-1355
-236
1489
1616
-1133
-5187
-6085
81
10087
13360
4245
-8487
-11197
-1912
8673
10543
3996
-3216
-5156
-2586
414
1594
904
-1190
-3326
-3264
-480
2386
2109
-1553
-5383
-5580
-1329
4107
6223
3531
-1225
-3919
-2721
788
3629
4238
3006
924
-933
-1277
163
1488
565
-1943
-3017
-1151
1504
1730
-851
-3598
-4018
-2123
284
1735
2025
1464
178
-1349
-1952
-729
1860
4114
4276
2142
-339
-796
956
2625
2120
77
-1105
-675
-173
-471
-929
-1564
-2775
-3420
-2300
-432
408
-91
-1133
-1731
-1273
-50
1152
1899
1953
1186
263
246
1087
1656
1293
411
-354
-693
-597
-407
-697
-1653
-2586
-2464
-1243
-433
-1505
-3648
-4365
-2785
-1116
-1734
-3359
-1565
5790
13554
12624
1396
-9156
-7398
4513
13946
12802
4003
-4163
-6119
-2884
417
500
-1851
-4245
-4850
-3358
-1532
-1539
-3479
-5629
-6174
-3913
911
5624
6675
3250
-1423
-3058
-299
4446
7587
7295
4346
967
-834
-482
723
721
-1051
-2908
-2999
-1642
-926
-2253
-4759
-6184
-5183
-2460
237
1684
1700
759
-429
-924
187
2813
5404
6174
4762
2414
773
470
875
1186
1154
824
365
-96
-971
-2484
-3554
-3098
-1854
-1057
-591
-161
-486
-1614
-2169
-1379
59
1481
2555
2561
1370
142
-227
-23
338
713
791
418
-217
-1004
-1794
-2289
-2350
-1962
-1362
-1147
-1434
-1650
-1796
-2388
-3015
-2810
-2108
-2196
-3725
-5360
-3517
4418
14636
17775
9120
-4161
-9767
-3175
8713
15321
11806
2099
-5773
-7092
-3435
299
454
-2838
-6178
-6343
-3625
-1246
-1771
-4726
-7312
-6769
-2441
3519
7331
6414
1877
-2144
-2133
1829
6585
8788
7338
3667
336
-866
-84
867
246
-1721
-3087
-2720
-1731
-1928
-3453
-4909
-5309
-4707
-3130
-503
2036
2607
915
-1166
-1533
404
3591
6286
7367
6691
4665
2437
1579
2263
2848
2237
1108
24
-1340
-2737
-3441
-3815
-4607
-5205
-4365
-2341
-752
-773
-2065
-3097
-2596
-810
885
1796
2389
2891
2828
2049
859
-344
-696
212
1039
364
-1307
-2755
-3350
-3007
-3149
-5205
-7018
-5798
-3381
-3913
-8161
-10190
-907
18520
29695
15963
-11487
-22142
-4417
21553
31177
19433
-649
-12212
-8973
1220
6988
3934
-4626
-11393
-10582
-4201
-183
-2705
-8800
-13422
-12751
-5532
4597
10662
8099
-672
-7327
-5512
3266
12480
15769
11325
3856
-343
696
4148
5282
2088
-2442
-4041
-2415
-1150
-2956
-6829
-9904
-10159
-7554
-3353
656
2111
-154
-3829
-4973
-1797
4074
8649
9076
6873
5065
4123
4007
5120
5373
3330
2015
2948
3149
1588
-285
-3053
-6276
-6588
-3705
-1301
-1145
-2423
-4210
-4933
-3723
-1815
-474
342
1070
2252
2601
1671
159
-263
601
1429
3110
3744
2233
-1343
-5762
-6917
-3193
722
-892
-4356
-6402
-4663
-1944
-5584
-5081
-5831
-1915
-2353
-7772
-17100
-6954
20321
32767
31876
-8672
-32724
-20857
20678
32299
32767
6478
-18574
-22286
-5202
8884
10238
-2806
-14559
-15157
-7016
-711
-2195
-8457
-12735
-17017
-10618
4207
16111
15073
2578
-10273
-11129
870
15274
20507
14882
4715
-2215
-2344
2050
5359
4518
239
-3532
-3843
-2109
-2068
-5560
-10560
-12899
-9905
-2957
3238
4458
340
-5205
-7080
-3201
3894
9521
10874
8551
5146
3010
2909
3739
3783
3050
3399
5161
5359
1501
-4088
-6719
-5263
-2613
-962
-192
-578
-2946
-5993
-6734
-4336
-1310
527
1190
1532
861
-302
-505
345
1345
1096
890
1260
2015
776
-2865
-5031
-4358
-1575
-868
-1592
-3333
-5336
-2883
-4617
-3653
-6678
-5268
-3929
-409
-3891
-17069
-15372
2610
32236
31793
17756
-25686
-32768
-5366
31492
32767
24820
-4877
-25610
-17835
834
11445
7016
-9851
-17717
-11306
-1471
1501
-1740
-12591
-19238
-15845
-4110
9985
17723
11017
-4572
-14206
-8762
7013
20470
22169
12824
967
-3692
152
5981
6575
1352
-3687
-3847
-890
313
-2602
-8028
-12876
-14300
-10498
-2496
4813
5556
-1079
-8565
-9220
-2110
6984
12305
12612
9542
5013
1261
571
3156
6463
7819
6784
4419
1614
-1072
-2943
-3606
-3500
-3363
-3513
-3948
-4582
-5018
-5021
-4388
-3348
-2417
-2089
-1449
-251
1120
1584
1339
1370
1654
2168
1940
587
-273
-1094
-1633
-1319
-1586
-493
-2595
-1883
-2720
-4528
-5374
-5167
-9919
-8980
-4271
-1578
-4817
-13693
-18889
-1699
32009
32767
28555
-20623
-32768
-12926
28533
32463
32767
-338
-21946
-17846
-464
11905
13503
-6002
-15528
-16681
-7433
-599
118
-12802
-22049
-19351
-5493
12892
19950
8279
-9338
-16628
-5091
13290
23766
18756
5015
-4998
-3312
5648
12175
9474
1540
-3356
-2561
14
218
-2355
-7355
-13423
-15738
-10048
645
6894
2970
-6409
-11626
-8503
-705
6123
9558
9910
7794
4245
1753
2659
6249
9296
9680
8024
5644
2753
-494
-2854
-3275
-2365
-1774
-2546
-4581
-7143
-9176
-9360
-7245
-3992
-1581
-1075
-1713
-2114
-1649
-521
1196
3469
4876
4061
1945
477
394
537
-118
-1049
-1585
-711
-181
-1928
-4401
-6825
-7746
-6573
-5450
-5979
-4278
-2131
-4394
-11944
-17878
-14608
8382
32147
32658
12655
-18404
-23724
-2308
24255
32766
25927
3738
-12956
-13202
-2388
6489
3883
-7050
-12093
-8926
-1642
-451
-6431
-14780
-19285
-14667
-2591
10881
15151
6554
-5625
-10686
-4036
7739
15728
15650
10425
5278
2989
2702
2599
2589
2776
2780
2009
663
-1048
-3897
-8296
-12423
-12756
-7907
-1143
2015
-475
-5359
-8054
-7012
-3319
2013
7763
11053
9501
4996
2399
4010
7543
9834
10135
9042
6556
2832
-801
-2927
-3379
-2979
-2769
-3664
-5978
-8880
-10637
-9959
-7161
-3948
-2123
-2357
-3517
-3442
-1218
1490
2502
1843
1333
2217
3807
4239
2476
-11
-885
-7
1070
1213
-23
-2480
-4712
-4693
-3222
-3381
-5419
-6785
-5934
-3981
-4369
-9837
-17334
-15007
5661
30429
32767
9614
-17763
-20891
1193
24936
32767
23409
3627
-10254
-9465
262
7708
4520
-5233
-9606
-5815
-935
-1414
-7406
-14197
-17012
-12649
-2030
7524
8326
345
-8302
-9134
-1552
7807
12472
11677
8928
6617
4883
4085
4368
4436
3696
3438
3903
3253
633
-3491
-8526
-11834
-9902
-4119
-172
-1088
-4958
-8280
-8630
-5882
-1783
2402
5990
7433
5880
3450
3306
6123
9570
10874
9642
7778
6525
4906
1790
-1676
-2945
-1460
123
-1293
-5572
-9467
-10259
-8187
-5650
-4442
-4574
-5033
-4650
-3342
-2173
-1716
-1254
-185
1610
3243
4022
3900
2888
1077
-927
-334
2232
3713
2462
-594
-4051
-5967
-4207
-2044
-996
-3973
-8113
-8833
-7987
-6198
-8716
-15594
-18155
-480
25898
32767
21943
-11102
-29202
-8408
20655
32767
31310
11114
-9753
-12861
-3834
6240
8529
-628
-8888
-8359
-3812
-3816
-9156
-14871
-17945
-14345
-3543
6835
8748
915
-10292
-13577
-4520
9000
16728
16128
11156
5788
2813
3412
6022
8034
8157
6940
5174
2308
-2430
-7811
-10978
-10001
-5819
-1765
-1138
-4635
-9783
-12644
-10707
-4913
987
4005
4505
4534
4819
5013
5689
7619
9868
11143
11953
12699
11049
5037
-2052
-4279
-775
2993
2071
-3311
-9584
-13574
-13346
-9202
-4860
-4319
-6946
-8069
-5493
-1968
-1365
-3099
-3374
-540
3445
5438
5276
3665
2069
984
1280
2613
4332
4026
-469
-2965
-3298
-1651
-1991
-3006
-4918
-7120
-6643
-6277
-5581
-4063
-8305
-14961
-21349
-10712
17491
31904
31173
-2178
-23533
-15948
14549
31868
32767
16552
-5786
-14890
-7180
7817
12524
3329
-7275
-11184
-6055
-1461
-3591
-11737
-18322
-17714
-6847
5129
6960
-1629
-11214
-12583
-4379
7168
13830
12869
8516
4981
4244
6237
8552
8619
7144
6583
7256
6499
1976
-4959
-9848
-9370
-4643
-196
-125
-5113
-11698
-14553
-10974
-3850
872
737
-583
1331
5362
6983
5314
4203
6371
10128
12377
11826
8554
3440
-1007
-1802
1031
3683
2611
-1978
-7178
-10346
-10497
-8375
-5945
-4911
-5394
-6164
-6055
-5235
-4576
-3919
-2241
230
2102
2294
1029
47
550
1458
1769
3052
5006
4682
1625
-1496
-3386
-3858
-1501
1342
589
-4298
-8248
-8282
-5827
-3471
-5375
-11446
-18794
-15062
6427
31050
32767
4414
-22898
-21522
6900
31389
32767
19927
-3711
-15461
-6921
8830
17042
8809
-4993
-9622
-3887
77
-2528
-9233
-15628
-15443
-7621
3357
6056
-3198
-13491
-13420
-3489
6575
9702
6880
3711
2906
3542
4948
7259
8601
7408
5806
5895
6335
4232
-869
-5735
-6195
-1748
2940
2344
-4219
-11509
-13114
-7821
-822
1795
-700
-3646
-2853
852
3643
3965
3713
4743
6594
7873
7906
6471
3580
380
-917
758
3615
4386
1423
-3868
-8408
-9831
-7714
-3661
-576
-906
-4368
-7888
-8625
-6615
-3648
-963
969
1420
-292
-2935
-3591
-1205
1902
3398
3297
2531
1590
279
-1526
-2315
-892
756
838
263
-1260
-4235
-5654
-4762
-5974
-10478
-14028
-11556
1558
20751
26484
7785
-16495
-20163
-851
23137
32514
20903
172
-11024
-6526
4972
11856
8829
532
-3396
-457
2357
-789
-8071
-13319
-11572
-3464
4299
4409
-4081
-13594
-14301
-4986
5222
8092
4463
94
-951
1503
4435
5244
4653
4599
5807
7899
8688
5353
-836
-4884
-3870
1187
6540
6803
176
-7834
-10467
-6908
-1207
2033
984
-1611
-1960
-224
717
-250
-1169
763
5158
7820
6384
2858
-529
-2465
-1080
3066
6210
5926
2135
-3977
-8236
-6889
-2563
-147
-354
-1825
-3956
-5501
-5639
-5322
-4707
-2962
-608
548
-177
-2662
-5174
-5231
-2694
711
2739
2989
1343
-800
-1944
-1739
-1439
-1208
645
1089
96
-2919
-4299
-3326
-5295
-9581
-15055
-8252
12241
29107
21759
-7862
-25618
-14852
13623
31342
25894
6109
-10273
-7871
3125
10933
8084
599
-2375
59
5414
2815
-6433
-14277
-14049
-4879
5697
8978
437
-12083
-16687
-9654
1373
7304
5733
722
-1598
289
3207
3384
1572
1372
4263
8270
9759
6647
613
-3688
-2943
1730
5742
5439
1499
-2609
-4613
-4704
-3687
-1976
-95
1269
1895
1769
422
-2195
-4209
-2819
2099
6819
7261
3245
-1542
-3410
-1753
1376
3678
4035
2403
-481
-3216
-4413
-3823
-2399
-1098
-353
-591
-2176
-4505
-6044
-5697
-3680
-1112
634
372
-1982
-4718
-5628
-4273
-1866
232
1215
690
-676
-1464
-1533
-1803
-2393
-1891
-336
221
-1072
-2425
-3144
-5711
-10720
-13977
-6196
13735
28967
19917
-8098
-24060
-11724
14235
28171
20444
3254
-6396
-1710
6716
8005
2179
-2470
152
6171
7836
442
-9578
-13945
-9697
-671
5651
4635
-4016
-11781
-11752
-5176
604
1037
-343
-29
2497
3648
1412
-1438
-1204
2701
7290
9573
8068
3488
-1070
-1658
1463
5038
5496
2651
80
-715
81
-101
-2087
-3644
-2869
944
4394
4068
-194
-5007
-5857
-1922
3571
6079
3896
-602
-3524
-3378
-1530
133
1054
1798
2188
1380
-1066
-3797
-4994
-3911
-1471
584
844
-723
-2882
-5048
-5334
-3448
-1119
-388
-962
-817
-1809
-3372
-3918
-2807
-1388
-907
384
984
58
-2450
-3938
-3438
-2879
-2233
-1327
-19
-1153
-5234
-11978
-14663
-3749
15425
23771
9394
-9907
-12747
735
15101
16884
8828
1020
2121
8953
10358
3607
-3266
-1976
5506
10904
8104
-1457
-10012
-10542
-4029
1796
1611
-3151
-6931
-6439
-3939
-3740
-6215
-7186
-3644
2156
5010
2593
-2187
-4473
-2141
2963
7190
7969
5680
3064
2321
3010
3248
2459
1943
2641
3550
3098
1326
-265
-672
-284
225
942
2039
2736
1907
-289
-2210
-2375
-832
1169
2235
1594
-407
-2352
-2784
-1648
-296
158
-123
-443
-693
-1322
-2502
-3642
-3816
-2692
-1032
-205
-997
-2746
-3917
-3504
-1733
164
745
-291
-1570
-1648
-709
-260
-1297
-2755
-2342
302
2424
1504
-1658
-4424
-5292
-4256
-1932
4
-1157
-6458
-12104
-10547
1302
13686
11655
-3620
-12562
-3887
10464
14468
7350
-952
-1534
6275
13057
9763
681
-2562
3018
9996
10866
4878
-2526
-5108
-1792
2626
2731
-1627
-5238
-4345
-1472
-1168
-4019
-6863
-6317
-2313
704
-836
-3973
-3839
-969
1133
1482
1041
736
1408
2732
3060
1868
757
1330
3153
4072
2620
35
-1061
344
2676
3419
1586
-907
-977
1671
3915
3325
1127
84
677
1120
752
679
1022
529
-843
-1401
-586
8
-665
-1969
-2677
-2228
-1731
-1911
-1983
-2282
-3151
-3173
-2249
-1697
-1659
-1750
-1928
-1863
-1118
-291
-454
-1124
-613
1009
1106
-721
-837
818
588
-403
208
572
-398
-1594
-1970
-1281
-1241
-2491
-2866
-2474
-3894
-6107
-5081
-253
4380
4674
-68
-5178
-4648
937
5461
4930
1119
-865
1432
4863
5146
2235
62
1551
4557
5519
3909
1466
-325
-581
660
1621
1518
526
-101
-122
-571
-968
-1564
-1350
-369
-122
-494
-986
-258
1134
1607
727
-576
-494
871
2101
2309
1448
-113
-1220
-942
131
898
667
-531
-1718
-1608
-529
-292
-1247
-1704
-571
1088
1570
445
-1082
-1318
57
1911
2409
1408
554
321
622
1112
1463
1409
852
251
-20
209
-16
-76
130
-983
-1180
-461
-852
-996
-1271
-1700
-1412
-825
-311
-773
-1137
-521
-307
-757
-858
-90
609
273
-488
-560
-86
103
-399
-1178
-1462
-1400
-1528
-1672
-1346
-763
-769
-1491
-2057
-1781
-973
-450
-561
-1063
-1436
-1226
-343
575
690
116
-342
-113
284
503
695
862
1007
800
320
-391
-762
-144
870
1342
623
-301
-285
552
1292
1115
539
252
784
1962
2793
2894
2389
1835
1544
1628
2200
2575
2395
1818
1112
600
383
555
648
253
-290
-612
-661
-573
-479
-701
-1264
-1579
-1166
-304
327
245
-465
-1018
-751
47
542
378
60
161
473
428
69
-213
-515
-795
-645
-186
-17
-166
-479
-1176
-1760
-1543
-594
43
-135
-639
-962
-554
-88
-237
-722
-592
540
1346
1103
169
-391
-237
86
538
900
821
5
-1040
-1422
-1015
-399
-290
-647
-864
-665
-508
-820
-1346
-1472
-920
-104
338
223
0
78
242
77
-325
-433
-7
557
670
214
-364
-630
-644
-719
-872
-882
-678
-450
-451
-813
-1350
-1580
-1123
-208
447
384
-54
-130
448
1288
1877
2030
1844
1605
1631
1877
1942
1727
1601
1649
1443
923
667
865
945
544
34
-205
-208
-99
-10
-102
-273
-224
75
392
532
369
10
-96
278
723
860
821
729
434
53
-19
176
177
-80
-201
-142
-318
-809
-1165
-1108
-908
-932
-1141
-1193
-982
-889
-1188
-1485
-1273
-712
-298
-173
-234
-417
-596
-554
-213
277
629
602
210
-270
-524
-419
-127
-3
-154
-314
-243
-54
-66
-420
-818
-689
117
1030
1373
1053
492
110
64
329
792
1164
1069
492
-15
81
503
439
-301
-903
-579
237
306
-674
-1641
-1665
-931
-363
-517
-990
-1094
-644
-8
205
-169
-445
63
1016
1471
1045
143
-462
-204
623
1103
782
55
-328
-90
232
28
-551
-827
-433
171
213
-346
-812
-679
-68
521
716
585
454
556
740
648
461
692
1245
1576
1428
950
536
482
669
742
572
386
327
223
30
-75
-160
-361
-533
-484
-210
35
-32
-342
-649
-733
-443
-78
-105
-361
-347
-49
59
-257
-652
-675
-271
129
-37
-710
-1226
-1210
-875
-585
-604
-920
-1122
-888
-475
-276
-279
-277
-169
95
479
746
656
301
85
290
772
1102
983
538
178
174
371
435
278
-15
-367
-552
-387
-77
-62
-465
-812
-611
31
546
426
-95
-204
338
1023
1278
907
406
324
537
758
853
665
281
84
233
393
258
-128
-648
-1036
-952
-393
184
50
-876
-1634
-1473
-579
323
426
-330
-1047
-995
-371
164
287
179
81
106
242
224
-52
-254
-123
226
490
305
-273
-611
-327
222
423
181
-29
101
362
395
118
-130
23
426
621
488
385
549
692
484
58
-121
165
601
725
394
-78
-299
-394
-693
-1068
-1063
-459
269
305
-370
-961
-946
-467
66
434
628
490
29
-189
75
418
545
370
72
66
306
484
437
42
-467
-649
-423
-77
-91
-490
-708
-512
-206
-123
-300
-388
-182
155
444
526
367
208
206
278
398
604
805
787
460
40
-121
47
327
455
240
-227
-596
-574
-171
176
-42
-658
-940
-473
332
557
-128
-936
-931
-101
713
724
75
-514
-572
-134
330
421
207
-38
-158
-205
-347
-558
-657
-546
-253
71
127
-254
-732
-769
-313
222
335
-117
-566
-378
219
577
456
93
-80
207
678
768
361
-56
-15
504
997
830
-32
-837
-820
-58
630
665
225
-242
-433
-278
22
166
107
74
217
400
442
370
247
71
-37
115
476
721
607
308
105
-32
-208
-349
-289
-2
193
17
-336
-494
-410
-277
-92
238
431
197
-243
-424
-194
143
229
161
216
368
402
98
-295
-364
-45
316
265
-38
-301
-359
-268
-259
-304
-349
-307
-246
-247
-282
-443
-602
-505
-172
174
286
79
-240
-468
-455
-94
347
552
476
172
-197
-382
-260
0
130
80
-47
-120
-43
70
81
-54
-297
-387
-234
-68
-73
-238
-322
-68
271
298
68
-101
40
345
548
559
382
210
108
65
113
213
322
199
-82
-208
-66
370
496
59
-521
-723
-190
523
776
373
-292
-562
-250
335
568
272
-124
-108
261
533
405
-26
-315
-340
-94
224
305
95
-311
-457
-191
131
248
141
135
241
176
-52
-292
-202
180
418
423
259
60
22
117
157
54
-16
107
165
19
-126
-217
-217
-192
-306
-377
-259
-167
-260
-468
-515
-224
109
69
-249
-362
-175
-39
-79
-190
-216
12
346
436
161
-290
-499
-326
-80
2
-55
-105
11
155
37
-241
-360
-296
-218
-154
-83
-37
-8
-68
-242
-316
-139
211
524
545
248
-88
-202
-65
145
252
252
237
214
123
-51
-161
-34
261
428
261
-112
-318
-116
320
540
326
-44
-134
120
425
500
315
28
-158
-71
265
511
370
-102
-530
-521
-107
284
290
-60
-350
-354
-250
-100
103
215
246
239
127
19
21
129
289
370
307
206
132
63
101
150
178
202
91
-30
-64
-20
-59
-221
-341
-445
-446
-311
-153
-108
-237
-409
-468
-300
-5
165
74
-164
-320
-262
-3
245
250
54
-67
-20
2
-157
-357
-366
-156
85
124
-15
-155
-283
-352
-252
-87
30
27
-171
-293
-225
-131
-84
-30
142
244
197
117
26
12
-70
-171
0
276
394
275
-13
-217
-231
-90
84
209
294
241
210
182
78
27
59
279
474
525
401
216
222
261
222
83
112
307
381
176
-276
-468
-285
103
325
118
-219
-492
-469
-182
58
150
70
58
233
310
133
-191
-265
87
473
502
249
-4
-93
0
46
-60
-134
-33
172
213
-119
-584
-803
-648
-235
74
133
-87
-414
-462
-307
-112
-45
-110
-76
55
141
6
-228
-289
-55
349
424
103
-258
-396
-233
-30
70
26
-79
-63
-52
-115
-191
-135
89
251
191
-76
-321
-316
-95
125
164
52
17
112
185
172
10
-188
-232
-152
15
229
312
190
-109
-412
-392
-117
235
426
353
171
-120
-213
-16
219
388
459
473
395
239
66
-10
104
294
350
181
-10
-61
35
118
-27
-218
-166
10
42
-102
-266
-275
-132
56
190
191
106
72
139
196
111
-12
74
343
477
320
22
-230
-320
-168
137
297
152
-135
-353
-399
-291
-208
-189
-178
-195
-171
-122
-197
-368
-465
-349
-49
176
109
-43
-142
-156
-173
-182
-87
29
131
70
-40
-222
-248
-174
-12
75
39
-61
-153
-88
25
154
179
178
100
-14
-103
-65
99
198
116
-37
-42
172
378
296
-26
-306
-323
-47
232
311
188
-108
-366
-321
-37
232
319
243
125
52
83
142
134
179
297
346
298
133
-74
-79
108
217
159
5
-143
-124
37
126
12
-181
-240
-112
90
138
10
-198
-297
-176
-17
181
320
283
102
-145
-153
49
264
346
251
179
75
-114
-304
-344
-77
222
282
50
-257
-328
-222
-137
-180
-224
-98
82
149
-63
-441
-619
-436
-44
254
263
-57
-341
-375
-261
-47
-26
-154
-228
-125
64
97
-10
-239
-296
-155
35
213
199
73
-80
-110
45
274
423
299
9
-181
-117
123
324
274
36
-66
98
290
221
-54
-272
-183
142
294
172
-12
-162
-156
21
159
187
172
151
153
156
101
-2
-18
140
244
196
128
41
-27
-36
-21
-11
79
156
153
118
-14
-124
-184
-109
78
138
99
-43
-173
-194
-148
-23
94
179
213
148
45
-85
-194
-102
137
286
308
132
-151
-236
-130
24
63
18
-11
-28
22
-54
-236
-339
-253
11
174
105
-176
-441
-511
-358
-137
14
48
-78
-211
-297
-264
-179
-134
-128
-211
-176
-49
33
50
-116
-314
-263
31
247
150
-64
-132
33
214
226
82
25
159
179
154
92
74
233
356
369
192
45
73
184
243
133
24
-5
106
189
67
-64
-132
-130
-9
112
118
93
37
-83
-141
-83
35
148
194
150
70
5
-91
-149
-66
95
227
292
227
-74
-315
-300
-153
54
172
178
-12
-240
-296
-256
-129
-8
94
163
122
7
-98
-129
-103
-3
168
324
309
105
-130
-223
-141
23
152
146
56
-84
-115
-52
-30
-66
-195
-183
-21
120
69
-234
-438
-365
-70
199
217
24
-194
-247
-151
-76
-72
-46
-44
-62
-56
-11
-23
-182
-282
-258
-127
0
54
54
-78
-147
-140
-115
25
142
252
305
223
142
46
14
100
285
399
288
129
36
56
99
45
-32
-23
131
252
130
-89
-146
-46
110
185
82
-26
-7
51
72
64
44
110
245
260
111
-35
-78
14
228
285
146
10
-134
-180
-151
-76
63
71
-47
-181
-241
-239
-252
-106
102
157
57
-165
-263
-126
51
108
80
65
60
79
46
-125
-226
-119
14
58
10
-133
-184
-92
-69
-153
-196
-158
-92
-33
-38
-100
-111
-91
-111
-29
167
266
195
8
-157
-94
123
237
200
75
-65
-107
-44
-38
-131
-184
-146
-61
47
66
-70
-252
-344
-240
44
296
326
169
2
-107
-88
118
332
401
398
270
45
-44
-66
2
117
111
64
6
15
-64
-239
-247
-162
-3
146
99
-25
-53
-44
-30
108
166
121
189
208
199
176
74
43
97
213
265
216
97
-130
-270
-185
11
135
84
-95
-224
-281
-274
-102
124
169
23
-163
-174
30
175
69
-83
-64
74
162
91
-61
-160
-164
-121
-91
-96
-137
-201
-252
-254
-224
-212
-240
-277
-249
-135
-43
-65
-132
-112
-15
66
104
103
55
29
59
112
157
153
133
120
74
4
-52
-41
62
98
15
-28
-79
-59
39
49
24
5
81
175
212
205
94
48
115
258
360
291
179
33
-75
-75
-22
84
121
123
40
-160
-279
-252
-115
-35
-2
31
-6
-45
-91
-136
-30
137
181
165
90
81
156
135
44
-79
-17
182
217
140
-53
-230
-231
-166
-45
39
32
-39
-141
-178
-154
-59
7
-10
-13
58
114
80
39
68
115
75
62
113
187
180
4
-149
-187
-39
69
21
-81
-233
-249
-246
-241
-215
-253
-205
-141
-47
-7
-156
-249
-234
-106
101
158
69
17
37
55
118
135
69
-12
-20
85
91
43
-12
-65
-37
-31
-36
-66
-49
36
68
30
-91
-67
96
170
208
150
108
183
232
222
182
132
61
61
122
134
119
64
-24
-46
13
10
-74
-107
-75
-28
7
-13
-61
-15
99
91
-46
-105
11
170
227
131
-2
-35
-4
44
76
23
-44
-76
-163
-223
-140
-71
-104
-145
-179
-171
-99
-71
-119
-148
-83
61
139
78
-38
-81
50
208
208
142
84
53
67
54
-11
-27
6
50
29
-98
-158
-181
-201
-219
-188
-73
-43
-36
-118
-189
-161
-107
-28
-33
31
89
90
72
35
63
72
92
99
103
113
69
33
16
-3
-13
-7
-1
5
-42
-106
-68
-12
1
53
54
-50
-55
64
147
148
75
16
67
185
219
79
-77
-79
14
132
191
77
-79
-126
-75
17
35
-20
-7
28
21
29
-10
-94
-37
117
195
186
111
10
-20
24
64
95
117
111
31
-46
-73
-108
-141
-128
-82
-55
3
-38
-182
-290
-280
-107
26
86
12
-94
-72
-49
20
53
94
178
191
148
18
-27
3
24
88
46
-11
-35
-137
-191
-226
-232
-127
3
63
-11
-182
-294
-251
-110
2
16
-2
21
71
98
65
31
73
150
198
197
117
-13
-57
9
61
45
16
3
-1
-4
-31
-62
-49
-42
-39
38
100
36
-13
39
85
103
152
202
166
86
44
9
28
131
181
129
78
-27
-137
-75
26
43
14
-3
-51
-74
-43
-82
-53
-21
-17
50
56
26
-38
-51
-17
1
100
117
64
42
-55
-127
-121
-65
-7
-50
-40
-30
-126
-179
-233
-233
-112
-2
42
24
-59
-166
-132
35
129
142
118
77
67
101
98
-5
-31
29
129
171
19
-144
-203
-121
-19
4
35
-12
-89
-125
-135
-95
-29
-8
-17
25
49
45
35
-24
-54
24
114
155
169
99
-10
-40
-14
-24
0
56
53
28
-7
-51
-87
-49
5
38
63
-6
-26
-7
30
106
101
104
80
71
121
104
80
43
30
56
70
87
-7
-75
-21
36
66
44
10
-51
-60
-1
-12
-41
-51
-53
-1
68
68
26
-41
-75
-15
50
82
69
4
-48
-61
-70
-78
-72
-46
-5
-10
-117
-250
-267
-155
-42
20
33
-40
-151
-190
-165
-73
97
186
123
6
-75
-48
71
118
46
-24
-30
38
116
75
-65
-152
-111
51
192
134
-88
-281
-202
-19
68
125
15
-52
75
110
52
-62
-132
-24
145
241
158
29
-26
-1
127
163
69
17
39
55
35
-16
-97
-89
-9
6
-27
-40
-4
76
104
20
-41
12
80
114
119
75
15
1
6
26
89
97
-6
-110
-109
-46
45
115
56
-18
-24
-34
-67
-106
-112
-93
32
135
14
-81
-123
-97
70
115
83
19
-25
-27
-46
-18
-61
-70
-52
-40
37
23
-76
-189
-186
-70
49
119
45
-126
-232
-164
-3
119
119
16
-55
-49
-3
34
22
3
18
57
90
71
-32
-119
-134
-50
99
84
10
-20
-78
-60
-14
18
-9
-22
39
43
61
24
-93
-104
-4
140
197
144
44
9
40
4
32
48
29
123
137
91
64
6
-58
-100
-39
106
164
60
-47
-43
16
30
2
10
41
79
88
11
-68
-48
-6
9
39
37
-6
-74
-131
-71
47
85
52
-17
-83
-116
-111
-53
0
36
58
-9
-82
-63
-22
23
46
-6
-59
-48
-11
-9
-36
-48
-87
-74
33
63
-7
-93
-166
-124
-4
39
29
2
-44
-68
-61
-5
78
109
47
-19
10
72
53
5
10
44
68
49
0
8
44
3
-57
-35
1
10
1
-36
-24
-10
-37
-61
-27
59
69
80
39
-64
-33
-36
-34
90
139
98
-3
-51
-29
-18
33
65
78
106
83
23
-3
19
10
9
48
38
32
73
25
-61
-35
5
27
71
57
28
49
19
-62
-57
11
32
25
22
-22
-61
-28
13
39
50
-20
-130
-172
-124
-4
103
91
-18
-75
-56
-16
-4
-35
-53
8
89
40
-7
-37
-63
-26
14
17
-30
20
-10
-79
-45
-56
-13
-20
-23
2
3
28
-14
-8
33
18
-6
8
-13
-10
32
-23
-18
56
48
-2
-39
-46
-12
-1
-19
-25
-24
1
-59
-55
-4
-14
39
13
-33
-29
34
61
7
-3
-49
-44
23
114
104
6
12
0
22
28
-8
80
120
97
41
-22
2
5
52
89
55
31
-8
-16
3
21
8
28
60
18
-1
8
-30
-41
42
66
51
39
-8
-65
-106
-70
-43
23
91
53
-8
-124
-136
-39
20
53
2
-6
-21
-59
6
-8
-18
-1
-6
29
44
9
-96
-104
-31
-21
14
12
-48
-68
-63
-53
-29
1
-37
-65
-28
-32
-38
-15
-14
-30
-13
27
18
-15
10
33
10
36
61
82
76
-3
-41
-36
39
104
76
17
-43
-25
-7
-18
14
4
1
51
44
0
-37
-45
-24
4
42
44
3
5
65
85
28
-5
-3
37
77
46
-14
-21
35
39
30
60
45
25
13
17
11
-27
8
67
82
48
-38
-59
5
44
26
2
-10
-10
30
0
-89
-81
-76
-42
30
21
-18
-56
-51
-52
-23
30
23
32
11
-1
40
29
-14
-34
22
71
49
43
41
-14
-56
-22
-31
-43
-6
-49
-92
-98
-78
-50
-26
-22
-110
-111
-71
-57
38
67
-8
-54
-39
4
23
7
-37
-21
88
139
86
6
-66
-70
-6
58
77
43
-23
-56
11
64
60
49
-30
-50
2
35
94
61
-16
-36
22
138
123
29
-37
-26
56
108
93
13
-17
26
51
26
-17
-36
-29
19
33
-2
-19
-10
0
-3
10
28
7
7
-4
-23
-25
-38
-3
43
23
-16
-39
-18
-21
-57
-61
-74
-78
-56
-47
-25
-34
-45
-53
-40
4
1
3
-10
-6
12
25
77
63
47
40
39
66
51
35
-6
-35
1
35
57
30
-65
-90
-50
-9
3
-67
-79
-13
25
25
-37
-67
-39
15
82
59
-31
-71
-47
19
82
78
19
-29
-33
11
20
-5
-27
-48
25
90
49
-3
-69
-75
10
66
53
37
42
12
17
35
9
26
4
3
68
103
97
11
-35
1
16
32
45
6
-1
15
-27
-15
4
-15
-21
-14
6
8
11
-18
0
53
63
29
-16
-14
-4
6
-32
-58
-39
-16
64
37
-35
-33
-63
-44
-24
-12
31
9
-12
-20
-16
18
26
17
0
-5
-4
-3
-2
-23
3
40
10
-37
-44
-18
-17
-16
-14
-51
-37
10
19
34
-26
-90
-45
-16
25
33
-22
-12
-53
-25
78
74
61
7
-45
-25
6
10
-3
29
42
19
9
-32
-63
-51
-9
43
75
74
40
3
-10
-18
-3
58
84
59
57
30
-20
6
30
14
47
67
39
34
7
-21
-7
26
72
79
24
-63
-85
-73
-37
16
2
0
33
35
-8
-32
-38
-7
51
51
-11
-89
-60
-20
-2
40
4
-70
-100
-26
18
7
-36
-70
-16
19
30
-5
-29
-45
-33
-15
-46
-17
16
42
8
13
37
-27
-10
10
19
7
-21
-40
-60
-8
39
7
-48
-54
-51
-15
48
42
10
-2
-11
10
73
32
-19
-46
-60
53
123
134
82
9
-2
-11
34
67
60
42
25
19
2
-12
-51
-53
1
34
59
83
5
-112
-91
-10
42
72
43
-16
-43
-35
-32
-11
41
28
-11
16
17
-7
8
-26
-44
-1
-20
14
14
-44
-42
-57
8
75
53
13
-11
-2
-1
26
41
37
43
22
15
28
38
4
-17
11
3
17
10
-27
-30
-26
-2
-28
-6
34
14
7
-18
-3
-1
-26
17
63
52
-3
-37
-46
-59
-17
47
14
-30
-42
-85
-41
45
21
-25
-42
-62
-44
-4
-19
-83
-81
-7
25
29
41
-1
-41
-29
-24
15
73
88
38
-3
1
-34
-6
46
20
8
38
41
-13
-13
-4
-20
37
72
19
0
18
6
16
18
4
26
55
30
-23
-20
-43
-53
20
53
48
18
-33
-22
31
41
-24
-58
-9
21
55
64
-8
-60
-60
-1
37
12
-11
-44
-25
17
22
26
11
8
12
3
-31
-62
-23
50
89
63
6
-41
-54
-31
-45
-7
55
22
-21
-36
-25
-47
-55
-47
-55
9
56
34
-26
-60
-45
12
76
35
9
-6
-57
-43
-38
-33
11
41
26
-28
-15
19
-16
-18
8
24
18
11
-13
-56
-18
1
10
54
58
51
7
-24
-49
-67
-16
14
84
90
-3
-5
-24
-16
37
47
51
7
-1
-8
7
74
19
-23
33
41
-8
9
36
24
49
37
-15
-26
10
39
26
9
-23
-56
-25
14
33
71
26
-90
-108
-41
18
38
20
-21
-28
4
-35
-96
-22
58
41
31
1
-54
-45
-24
-6
39
53
17
-6
-32
-63
-17
62
52
1
21
23
-30
-59
-47
-24
18
48
19
25
-1
-50
-27
4
40
3
-3
17
-26
-12
-9
-38
-31
20
36
14
8
-19
-39
-30
-4
3
24
33
-33
-72
-16
22
17
35
14
-9
32
26
1
-7
-26
-5
44
89
52
-11
-26
-64
-8
88
67
17
-20
-34
1
29
20
17
17
11
-1
37
83
38
0
-36
-50
20
41
26
9
-15
-17
-13
24
24
17
2
-40
-56
-95
-55
-3
15
1
-18
11
-11
6
2
-28
4
34
53
28
1
-37
-68
-45
23
46
23
0
-47
-19
11
-11
22
39
-1
-25
-43
-79
-38
39
13
-22
7
-8
-46
-8
34
26
8
-8
-19
19
57
30
-19
-32
-2
27
43
50
16
-23
-46
-17
56
48
3
-19
-24
1
-3
19
14
-38
-30
-13
14
43
16
-19
5
37
-5
-43
-31
-8
19
16
-39
-36
14
10
8
5
-11
-1
3
10
55
59
7
-33
-25
35
16
16
29
-13
19
28
24
10
-13
-17
-45
9
56
28
2
-33
-64
-3
79
35
14
22
-34
-36
3
-15
-28
-10
10
47
58
16
-17
-18
-14
-3
20
38
19
8
20
16
4
23
30
24
29
-24
-40
-11
-2
2
-35
-52
-52
15
35
-19
-32
-77
-44
25
12
7
24
16
-15
-27
-17
12
30
29
-30
-25
34
22
26
-11
-41
-4
22
17
-13
32
10
-60
9
-8
-24
39
-13
-24
13
-12
-7
40
26
-23
-1
15
12
65
78
10
-5
-18
-51
9
50
13
4
9
-37
-49
11
39
7
14
17
-47
-10
7
0
43
-7
-1
44
22
-1
-10
-18
-18
44
64
37
36
8
-32
-28
14
1
-28
-33
-61
-21
36
28
6
-28
-19
-26
-12
34
-4
-1
-3
-27
40
46
6
-19
-27
-12
-24
-9
-5
1
47
13
-47
-20
19
15
11
-16
-60
-33
24
7
-29
-4
2
-14
-9
-28
-34
27
50
-17
-52
-6
28
29
19
-23
-42
23
48
-3
9
27
-9
14
45
-12
-19
13
-19
18
37
-39
-23
42
55
17
-3
7
12
52
22
-38
-37
-26
31
57
25
-7
-12
7
7
48
60
4
-51
-68
-38
-31
19
42
-15
-26
-15
21
50
38
6
-24
-18
-28
2
49
30
-1
-5
26
4
7
25
-14
-5
-25
-43
-20
-8
-9
10
23
-18
-26
-4
18
14
28
15
-44
-5
27
26
39
-11
-61
-4
51
51
48
-1
-4
45
39
-27
-50
0
8
25
38
9
-2
-23
-28
-5
13
14
-26
-11
29
15
10
-1
-16
-26
-35
0
20
15
3
-64
-68
26
64
20
-18
-28
3
-16
-51
-10
8
29
-11
-37
37
35
11
22
5
-33
15
36
-11
13
11
-1
21
55
23
-35
2
-4
-34
2
31
19
8
-36
-59
-4
28
18
5
16
5
-12
-11
-34
-18
2
7
4
-21
-29
-9
33
23
-11
-14
-9
9
-11
-38
-49
-36
53
69
8
-5
3
-8
-15
-1
16
52
16
-64
-14
32
4
-6
-16
-10
35
80
46
7
0
-60
-57
18
49
35
24
4
-6
20
10
-5
8
16
20
23
6
-43
-17
26
3
16
16
-19
-18
-19
-22
12
30
19
24
10
-3
5
-26
-26
-16
-28
1
4
24
25
-13
27
6
-12
19
34
25
-16
-27
-68
-20
31
7
27
-12
-46
-56
-22
-7
3
51
-2
-2
37
-10
-33
-39
-32
11
46
24
-22
-18
1
-4
7
-2
-11
29
51
16
-23
-46
-40
-7
16
36
30
-19
-34
-5
1
-3
-10
-8
20
11
-17
2
0
-3
29
29
11
14
0
-33
-23
15
51
59
18
-19
-29
-21
-30
-7
28
-13
-8
24
5
4
-19
-46
-14
37
45
6
2
28
8
-1
40
26
-3
25
9
13
46
32
-5
-21
24
31
11
10
-6
-10
28
6
-47
-17
-3
21
14
-23
-25
-39
13
42
34
5
-31
-14
-20
8
40
13
17
0
-34
13
10
4
12
-26
-5
-34
3
24
-57
-20
-6
-5
16
11
-7
-14
22
-23
-17
5
-53
-18
25
5
-22
2
27
-4
25
16
1
44
-12
-46
-5
31
31
32
41
-34
-49
5
-15
-22
34
41
-9
19
-10
-64
13
6
-7
37
63
21
-27
9
-2
7
41
-6
-53
19
34
-50
-24
-13
4
26
16
-13
-60
-16
-9
-18
4
0
4
-11
-31
-12
23
23
16
28
21
-28
-29
30
26
0
13
20
20
-8
-24
11
8
7
24
-30
-54
-4
-5
-23
-1
-8
-25
2
22
13
27
32
-22
-53
-9
12
8
17
18
7
-6
-19
-4
37
-2
-13
5
-6
27
17
12
19
24
41
3
-25
-29
1
19
6
3
1
14
-3
-51
-48
-3
11
43
56
9
-28
-31
9
30
32
45
6
-14
9
6
-4
-9
-5
5
12
9
-13
8
38
20
-12
-41
-26
-3
10
28
-9
-16
15
3
8
7
-7
-12
-25
11
38
-18
-39
-9
17
16
-16
-4
25
39
30
-2
-20
-46
-23
11
1
-3
-8
25
28
1
0
-32
-6
4
11
23
-3
9
-31
-18
10
32
57
16
29
-4
-9
20
-23
1
45
11
-18
-11
-23
-11
10
0
-6
-6
-10
-5
29
16
-17
-13
13
-20
-22
51
0
-11
41
-9
-9
9
1
30
23
-2
-17
-22
2
-17
-10
25
-33
-44
-6
-17
26
53
-6
-55
-40
4
11
14
11
-31
-8
4
0
36
-1
-3
11
-14
9
-4
-1
7
-23
-1
-16
-45
17
47
1
4
17
3
-5
19
-3
-44
19
18
0
44
22
-15
2
34
8
26
43
-40
-55
-13
-11
20
55
-14
-51
0
-16
3
38
-5
-15
1
20
-8
-14
20
-23
14
55
-4
3
27
26
-1
-34
-3
12
27
42
-10
-23
-18
-41
-10
29
4
4
23
-2
-18
2
-5
-20
16
-25
-9
9
11
-3
12
15
-17
7
26
66
30
-12
-44
-31
38
37
-1
-1
-14
-24
1
37
-3
-18
21
1
13
-9
-43
-4
-9
37
20
37
-14
-38
27
7
12
15
0
0
25
9
-17
9
-12
-17
1
16
-29
-13
20
-8
11
27
20
-7
5
-18
-15
22
-3
17
28
4
-1
27
4
11
-4
-18
-3
0
6
-11
-34
-19
-12
16
21
-5
5
5
-26
-28
12
30
30
11
-23
-19
6
3
-10
9
-25
-22
13
6
30
12
-2
-40
-19
19
-7
23
21
7
-16
2
10
-18
23
4
6
11
-38
-58
-36
28
50
10
-15
-9
11
19
-32
-25
33
6
9
26
-28
-19
26
-14
-37
7
27
14
14
3
-66
-4
50
-31
21
51
-7
-12
-2
-11
8
61
-10
-33
32
-26
-21
31
9
-6
13
26
-20
-8
-9
-49
19
26
-11
17
-14
-48
24
52
-41
-31
28
1
8
22
2
-27
-13
-7
-11
59
19
-22
21
-13
-36
-2
16
-6
30
52
-13
-7
22
-2
-5
-4
-14
26
35
-36
-50
-10
9
33
45
-6
-53
-20
18
11
8
9
-14
-15
16
8
-5
11
-12
-13
16
15
15
-3
-13
-15
-9
28
0
-22
15
-10
-8
15
10
13
12
43
1
-42
-8
-20
14
8
-14
29
-24
-2
48
4
13
23
17
-15
-11
0
1
12
-26
-10
-1
20
6
-19
34
-3
-15
21
17
3
-8
-1
-25
14
31
-19
-11
7
-2
30
35
-5
-5
6
-21
-45
21
2
0
14
3
-19
-16
14
-35
21
40
-25
-9
21
3
-12
-15
-14
8
2
34
8
5
8
-16
-3
-1
1
-1
-7
0
-28
6
19
-19
-8
-12
0
10
3
16
-4
-20
0
9
-3
21
0
-10
15
2
-10
-8
-2
-18
0
-9
-2
29
16
-14
-15
-24
-3
24
29
10
-9
3
0
0
11
-4
6
49
12
-9
5
4
-13
-9
38
11
1
3
-13
-3
24
16
25
25
-27
2
25
-17
-6
22
15
26
25
-9
-15
-23
-11
9
17
-8
-7
17
26
-6
-21
-19
-32
16
17
-9
2
-1
-10
-8
7
-4
19
32
17
-29
-20
-11
-9
-2
3
13
-10
7
-3
-25
13
-12
-8
23
4
5
1
3
2
-7
-2
-23
-13
19
10
-15
-3
4
16
28
-44
-50
-3
12
3
2
19
-7
7
-12
-41
-19
7
-2
9
14
-18
-29
20
21
-4
2
-15
-14
26
13
-3
8
21
12
-3
-1
-4
3
-9
1
2
-4
23
13
-3
-6
17
5
-14
13
9
11
1
0
1
-3
30
-9
-20
7
-17
12
27
9
8
-2
-4
-6
10
1
-11
-15
-11
12
11
10
-12
-5
7
-12
23
28
15
21
-15
-17
13
4
1
18
16
-2
7
3
-14
-10
4
4
-1
9
2
3
6
4
1
17
7
-16
16
-1
-13
4
-2
-9
1
38
9
-11
-8
-6
15
-1
-9
-4
3
15
25
-7
-14
15
0
-1
-1
-1
8
7
11
-23
-25
8
-6
9
21
-4
-4
-2
-8
4
17
6
8
13
-17
-5
33
19
-9
4
7
-6
0
-14
-26
8
17
1
19
18
-15
-3
9
-13
7
26
4
13
9
4
16
3
-6
-19
-3
20
-3
15
2
-36
-12
-13
-2
11
9
-14
-28
3
-10
-2
9
1
9
-5
-6
-20
-3
13
-14
9
8
-9
10
16
-11
-12
16
-10
0
34
-9
-23
-4
2
0
24
17
-21
3
2
-19
3
17
0
-1
4
-9
3
5
13
7
-13
-1
-8
4
20
13
11
-16
-2
4
-23
5
26
13
-8
1
3
-9
16
13
-5
13
15
2
22
17
-32
-12
8
-15
4
26
-2
1
17
-13
-12
22
4
-8
24
22
3
23
17
-10
9
7
-16
-2
22
12
-5
15
-7
-16
9
1
6
10
-4
-20
-16
-5
-3
-1
-2
-5
-5
-3
-7
-9
10
18
-1
-14
-2
10
10
10
0
1
0
-2
21
6
-4
19
-7
3
9
-6
12
-5
3
0
-12
0
-10
7
5
-12
-1
20
21
-4
-17
-14
8
18
-1
-7
4
7
8
15
9
-10
-19
2
10
-19
-20
3
1
2
11
-6
4
7
-10
5
-3
-7
14
11
-20
-11
12
-11
6
24
-9
1
17
4
-3
-2
-1
-15
6
19
-5
12
1
-30
4
-2
-16
19
8
2
13
0
-6
-5
3
-9
10
22
-2
4
2
0
-5
-8
14
3
-4
9
2
6
15
-1
-6
-1
-6
-5
-9
-5
2
4
3
-4
0
2
-10
-13
-7
-6
5
4
10
13
-6
-4
-1
-2
-3
1
-8
-14
22
24
10
7
0
-5
-1
16
7
-1
7
-4
3
6
-8
-9
1
2
-3
2
5
0
22
28
-6
-21
-15
-9
19
20
-12
-17
10
17
-9
6
-4
-14
18
10
17
7
-15
-3
-3
-1
3
-2
-7
-8
9
19
-12
-7
13
5
14
11
-1
-18
1
16
4
9
-6
2
17
-12
-27
-1
14
7
17
4
-10
18
-6
0
6
24
13
-11
17
10
2
14
4
-8
-10
-8
16
17
-8
5
-4
-1
-7
1
7
-4
-5
7
5
-3
7
21
16
7
0
-9
2
7
23
-3
-4
18
-7
-17
-2
1
-3
12
2
-13
6
2
-1
6
-10
0
10
-4
-6
0
10
16
1
-3
7
-1
-5
6
-3
0
7
-7
5
17
-4
-14
-3
-6
5
11
-6
-4
-3
1
4
-10
1
1
3
-2
-21
1
7
-2
-3
-3
12
0
-2
9
-2
-6
-5
1
-11
1
14
-5
-1
8
6
-4
-6
-15
1
21
6
15
3
-11
14
-3
-10
1
2
3
-4
4
-6
-15
4
16
7
-12
-7
1
4
9
1
-2
7
15
16
3
-10
-9
6
10
5
-1
-7
-8
0
3
-4
-1
1
-9
-4
18
16
-13
0
6
-10
2
2
7
10
9
-4
-7
-4
-9
10
3
-16
6
0
-15
-4
-8
-19
1
6
2
9
16
19
-10
-10
3
-23
4
22
-2
9
8
-1
1
5
-8
4
26
-12
-11
9
-10
-3
4
2
9
11
11
-5
-1
9
-13
-2
14
2
9
7
-7
-8
-2
-1
0
2
2
9
2
-7
-4
-7
2
17
10
-4
-2
-2
-3
9
10
-2
-1
2
2
2
13
11
-1
4
2
4
13
2
5
7
2
0
5
12
2
11
6
-9
9
10
-2
0
8
5
1
11
-5
0
26
4
-5
5
0
-10
11
20
-1
13
6
-11
2
5
4
-2
0
7
5
12
9
-7
-5
-17
-12
5
-8
-6
-2
-2
7
-3
-9
-4
17
16
3
1
-11
-5
1
-7
0
1
6
15
2
-2
7
-1
-2
0
1
-1
-4
-2
0
8
1
-10
3
8
-3
4
10
-6
0
7
-9
-4
14
7
6
5
-11
-9
-6
-2
7
8
-2
-9
8
-1
-5
7
8
6
9
2
-9
-2
1
4
9
-2
-14
-4
20
12
6
9
-13
-11
-1
-7
-2
7
1
-13
1
10
5
4
-3
-3
-5
7
12
-13
-6
-3
-1
10
5
7
7
-7
6
18
7
3
-5
-18
-9
7
8
2
0
-1
-5
1
4
8
21
17
-4
-5
12
10
8
12
-7
-10
5
10
2
7
17
0
3
4
-16
-3
-14
-16
7
6
8
-4
-4
0
-7
-1
6
2
-5
-2
7
-1
-2
8
3
0
1
4
2
1
4
1
0
-3
-8
-2
1
-5
-4
4
-4
-4
13
4
-4
-3
-2
-3
-8
8
13
6
13
6
-1
7
3
2
5
1
0
6
7
6
4
6
2
-9
0
12
-2
-5
7
5
14
13
-6
-1
9
-4
-8
8
12
12
15
-2
-11
-6
9
18
7
-5
-21
-14
1
13
12
-9
-4
-7
-5
11
1
0
4
1
3
2
5
10
15
15
4
-1
2
10
15
0
-2
-3
5
6
0
-4
-15
-1
-2
0
15
7
8
-3
-13
-8
-2
0
0
18
8
-12
6
8
0
8
5
-14
-10
1
-10
-4
5
2
8
8
-4
-4
2
0
-3
-2
8
4
-1
8
-2
2
5
4
10
-4
-6
1
-3
-2
9
4
-1
11
1
-5
4
3
5
0
1
1
4
11
1
8
5
-2
-1
-13
-3
2
1
11
2
-4
3
7
-1
-2
2
-7
-12
-1
2
1
10
-2
-17
-4
2
-4
7
7
-10
0
-2
-10
6
8
-4
-7
-2
2
8
8
-5
0
4
1
3
3
4
4
9
-10
-10
8
-3
3
7
-1
-3
1
3
-7
6
9
-6
0
1
-7
-1
5
1
2
-2
-7
0
2
-11
-11
3
10
13
3
-6
-8
7
8
-4
10
6
-3
0
2
2
0
9
1
11
24
4
-4
-2
-5
3
13
3
6
16
7
-5
-1
5
3
15
14
-8
-9
8
1
-8
2
2
6
12
4
-8
4
5
-15
4
3
-10
2
11
2
-4
8
-8
-2
12
1
5
3
-3
-5
15
16
-9
4
-2
-15
5
7
5
15
16
-4
-3
7
-6
-4
-1
0
3
3
7
-2
7
8
-10
1
-6
-13
6
3
3
10
8
-1
-7
-1
-1
3
7
-4
-1
-1
-12
3
17
3
1
4
-13
-10
-2
0
5
10
14
1
-1
3
-7
-1
5
0
1
6
1
-2
0
-1
-5
-2
4
0
0
3
5
6
1
-3
-6
-3
8
1
-2
8
2
2
3
-7
-4
9
-2
-1
8
-2
4
6
-4
-6
0
1
0
9
9
5
4
-5
0
1
-1
13
11
-2
3
-2
-9
-1
14
17
-2
2
-2
-19
7
10
-6
14
12
-5
-1
-3
-9
5
17
6
-6
1
1
-8
1
-1
-7
11
7
-12
-3
0
-5
3
0
-4
4
5
3
1
2
-3
0
6
-3
9
7
-11
-7
7
4
3
10
0
1
8
1
-8
1
-1
-6
8
1
4
3
-10
-2
2
9
8
10
7
-2
2
0
1
0
2
5
0
0
-3
5
9
0
11
8
-3
6
1
-6
6
11
8
15
12
-1
-5
-1
-1
0
12
3
-2
12
1
-11
-1
0
-11
0
3
0
4
3
-4
-5
4
6
12
3
-6
2
7
2
-10
-1
0
-3
13
10
2
2
3
-1
-10
-5
0
5
12
5
16
23
1
-4
4
4
1
0
6
9
10
11
2
-5
2
2
8
11
0
3
14
1
2
15
3
-4
-5
-12
-1
2
-4
-5
-2
15
6
-5
1
-9
-13
-1
-8
-18
4
2
-10
1
8
1
-2
3
-19
-19
10
1
-9
-3
-5
-9
-1
-1
-4
0
-6
-7
-4
1
4
-4
1
5
-2
1
2
2
5
7
5
-10
-12
-1
10
16
3
-3
1
-4
-4
9
18
7
-13
-11
-6
-5
24
22
-12
-2
1
-7
4
-7
-6
5
9
11
-10
3
15
-4
-6
2
13
0
-4
11
-1
0
9
-8
0
7
-10
8
28
0
-9
1
-6
8
6
-2
2
19
20
-11
-1
3
-8
-7
3
13
5
7
-5
2
21
7
-3
0
1
-3
-5
-5
-1
6
8
-1
-3
6
-9
-4
8
-17
8
20
-4
24
25
-10
-12
14
9
-19
8
5
-26
6
9
-32
4
32
6
-7
2
9
-2
14
5
2
16
-16
-13
8
1
-9
22
37
-5
6
-2
-48
-24
2
24
13
9
6
0
18
9
-7
19
12
-8
19
-12
0
15
4
-16
-3
4
-37
31
51
-11
18
16
-24
-15
-12
-27
-14
-11
-20
-4
30
13
-22
-3
-22
-25
43
7
-29
24
16
1
-2
-26
3
27
-1
-3
-8
-16
12
17
10
-14
6
-1
-22
8
16
-18
-1
2
-22
6
1
-8
7
3
-5
0
0
-3
-5
-2
-3
-6
-3
-1
-2
4
7
9
12
12
11
10
8
5
-1
-4
-6
-9
-9
-10
-9
-5
-2
2
6
8
10
9
9
11
8
4
4
-1
-1
0
1
2
3
4
4
4
-5
-15
1
14
1
-1
-1
-8
-19
-19
-20
-2
40
25
-36
-32
-9
-60
-13
54
41
49
65
-1
-133
-53
68
144
43
-283
-236
-50
744
1572
195
-1589
-1184
330
933
9
-797
-344
412
408
-185
-307
116
268
-98
-334
-86
219
238
-116
-239
73
181
60
-6
13
94
60
-45
-34
9
42
33
-29
-15
39
47
-62
-87
108
104
-73
-90
-75
31
106
-56
-64
37
7
38
-5
-94
-5
33
9
33
-23
19
57
-173
-103
244
39
-326
-19
424
182
-400
-348
327
444
-116
-470
-61
526
161
-493
-335
337
506
-8
-558
-241
516
262
-257
-409
62
509
-106
-340
-77
221
259
-224
-218
76
124
141
-41
-317
-152
231
375
-182
-656
-123
675
748
-286
-610
-3
347
196
-377
-80
228
4
-98
-163
195
324
92
-169
-345
27
407
188
-229
-242
86
225
-197
-293
235
128
56
-21
-468
226
496
-209
-274
-61
299
59
-372
47
328
160
-440
-317
482
307
-160
-560
100
767
-78
-958
55
1093
96
-839
-769
971
687
-486
-675
211
466
-145
-58
-150
438
-180
-690
454
461
-311
-281
-31
322
396
-286
-417
-620
996
613
-934
-359
327
649
-242
-625
376
326
-187
-511
-181
1204
-191
-650
-260
133
687
-12
-318
-635
618
523
-581
-325
123
263
92
29
-310
-422
485
326
64
-594
-657
723
989
-549
-383
-287
458
-130
-302
696
-89
-292
-329
359
726
-517
-514
283
364
-321
81
-43
-97
190
96
-113
-229
355
-49
-330
-588
945
601
-994
-458
624
702
-318
-766
81
669
71
-503
-197
288
-70
762
-398
-625
288
331
140
-307
-946
573
699
428
-539
-1189
431
594
776
-682
-394
113
608
-155
-1258
560
974
45
-868
-427
427
733
-85
-678
-159
223
682
-227
-284
-937
434
1734
-686
-1361
-347
1840
500
-1550
-651
819
1045
-656
-390
-382
604
563
180
-274
-1562
726
932
77
-64
-916
-526
837
1191
-392
-1251
41
229
1088
-46
-1709
-4
1774
362
-1194
-1282
1337
455
-683
122
869
-246
-1380
270
1409
-110
-1067
-345
777
397
252
-835
-426
-330
1767
525
-1302
-1305
473
1145
30
583
-1248
-683
385
1451
500
-1547
-1691
1007
3098
-791
-2311
-1452
2035
2831
-1180
-2214
-734
1761
578
-547
-423
144
697
-435
340
-265
-722
-104
376
1001
-546
-780
-561
1311
406
93
-2173
791
2434
-1175
-1789
216
830
1764
-1270
-1870
417
1255
739
-1394
-202
420
950
-1342
-152
804
46
-90
-1019
941
-529
-19
-166
341
1304
-1071
-1143
-326
2325
963
-1871
-1868
1375
1828
-456
-2764
-313
3883
848
-4930
-1504
4776
3863
-3221
-6244
1887
6839
235
-5538
-3473
3428
4549
-942
-3996
-1347
4327
1812
-3679
-1233
2076
312
-908
-26
784
1276
-934
-1664
-693
2855
1136
-2357
-1386
1934
27
-489
-2346
1454
4508
-1766
-2879
-2304
1528
4234
-1013
-1666
-1212
1131
1695
-2491
643
1914
-230
-1228
-2934
1100
4116
563
-4088
-1570
1895
2903
-1183
-1741
84
423
1608
-680
-2103
478
2688
-1025
-1295
-205
160
2605
-2488
-995
972
1439
-134
-336
-1714
410
3230
-944
-2533
583
1332
1222
-2819
-763
2286
199
-1209
-651
3613
-117
-4158
-301
2707
1883
-642
-2410
-1914
2438
1429
-780
-1737
736
1219
158
-992
-659
1675
330
-2442
-74
2113
936
-2855
-241
1908
595
-209
-2076
-206
3127
1274
-4067
-2411
4153
4209
-4284
-3747
2232
3673
-722
-4011
-315
4405
2164
-4859
-1400
640
1533
2936
-2925
-365
614
-655
-23
-123
1260
119
-175
-250
-1303
698
1775
-589
-705
-1423
1600
819
-405
96
-1010
761
-1425
-264
2923
306
-676
-2820
540
900
-274
2554
56
-3581
-530
1065
1548
949
-2228
2323
-3946
307
48
4398
-25
-4283
225
714
3255
-2936
-38
-1433
1799
899
-1112
2454
-3975
461
798
3566
-1130
-4209
-1570
2514
5726
-205
-8039
-778
4338
4546
-1322
-4901
-1969
3604
3777
-2285
-3245
-1578
3406
4595
-2221
-4197
214
2726
1284
-1999
-2102
2806
-296
-505
-94
-2112
2528
1068
721
-3947
-579
3584
1046
-438
-5467
1668
2984
1245
-3685
-42
274
4337
-924
-4669
-2198
5433
6993
-3460
-8306
-5726
11970
6257
-2615
-9451
-4289
9971
6302
-4036
-8284
-1802
7534
5025
-4495
-7421
2287
7850
464
-7589
-4068
5985
7837
-3398
-6615
-1205
2929
5743
-546
-7775
-1917
9219
914
-6448
1151
550
2127
-1715
-1485
3532
-499
-2272
-3283
4877
4720
-6040
-2902
2047
1881
3470
-4814
-1307
1653
2091
889
-2170
-3805
-934
5932
2975
-2973
-3099
-2435
2557
4311
1847
-6113
145
-2008
2369
3229
833
-1356
-8817
2555
8364
1593
-5243
-8164
2947
10245
232
-6021
-7691
5615
7129
-392
-4059
-5052
4197
4064
-3436
-1930
2805
1191
-4142
-2789
7657
4435
-8638
-3674
1483
10159
-395
-10605
-890
6910
4227
-3166
-7629
673
8970
225
-4738
-3681
953
4259
4094
-3118
-5914
447
4654
1508
-434
-2493
-3163
2000
1697
2133
-1537
-4090
2032
-1334
4927
1716
-6154
-2147
2824
6716
-3462
-3847
-2136
2688
5287
-1027
-4811
1245
538
-1394
2072
-316
-221
-83
4
18
-306
-1319
1980
606
286
-550
-1057
-318
-3603
1659
7952
-1508
-9981
1235
7102
1955
26
-8608
-3509
7385
6794
-1680
-8469
-2843
4746
8572
-2076
-9712
-1244
8190
1932
-4833
1667
-3123
2554
2534
-7166
3156
4907
-518
-2401
-5390
1803
6685
2285
-7039
-8501
8943
9259
-6953
-7359
3049
3548
4041
-6752
-626
774
5040
460
-6585
813
-1390
8920
-2230
-6079
-1107
1178
6419
-2417
-3452
632
980
5255
-5867
-1865
1129
1808
2698
-2948
543
-3646
-123
3398
5624
-2807
-9806
708
11859
-126
-4034
-8108
974
9349
1471
-5107
-3873
1740
2416
2801
-1164
-2693
-1121
-313
3645
441
697
-5225
329
-1736
5009
2763
-1973
-3980
-2932
5997
1674
202
-4534
-2742
5094
1446
-4106
2125
-1705
2227
-526
-876
2647
-3973
567
1631
4192
-2009
-6131
1823
2174
1277
882
-4174
503
659
669
2321
-34
-3237
-2936
2212
3528
4601
-5357
-7327
4587
1981
3797
-2619
-4058
2624
-2102
-218
4511
-1074
1624
-4448
-2276
2931
1449
3705
-3534
-3685
1174
912
7259
-4044
-6357
1762
285
5348
70
-2368
-4785
-745
7668
1332
-4149
-7663
3584
8527
-54
-7276
-2198
3113
4814
-1911
-3221
2249
-694
-1936
4764
-102
-1709
-6024
-837
13492
-1613
-7990
-4608
2652
8724
636
-5089
-2594
-396
3262
997
-1855
627
2802
-4035
-3641
1583
7739
1599
-7165
-3272
339
7958
-691
-6994
2348
5905
-3343
-5601
-1039
7682
6257
-4582
-9220
66
5627
5346
760
-8277
-4507
3242
8066
2251
-6688
-8384
3462
9295
2239
-7415
-6804
6368
4688
-577
-4764
-996
329
834
6825
-4572
-3763
991
3556
3272
-4617
-4125
1971
5740
1897
-6923
-1013
819
-726
5140
-479
-798
446
-3129
-1050
-138
6498
-1528
-5170
-3181
2706
7646
-749
-7877
-2601
8083
4572
-4382
-5712
567
3881
3071
-3463
-984
2891
-3707
-429
1516
4085
-2198
-3159
-1614
2877
2944
-492
-3935
1147
-1973
-1277
9821
-3720
-7492
37
2151
9054
2907
-11194
-8102
5378
9470
3739
-7488
-6029
-2502
6600
7362
-2519
-2789
-6576
-4514
13019
9759
-9581
-12140
-2945
12129
11677
-7488
-11975
-3702
10195
9664
-76
-13233
-6108
6864
8871
2475
-7836
-4506
-312
6731
4386
-3920
-5658
-3673
7275
5062
-1372
-5374
-5165
6653
3449
1429
-6699
-2814
1924
4753
5517
-5448
-5297
-1455
1754
6672
3532
-6739
-7879
1106
9015
6613
-3161
-11994
-5988
9614
11300
3977
-15462
-12195
7637
16122
4448
-11531
-12063
-91
13263
6352
-6193
-9510
-1894
7099
8540
-3554
-8025
-1912
4516
3999
-1382
657
-4334
914
3953
-2106
36
-1314
994
-1640
1959
2131
-3986
-907
1040
5410
1072
-3633
-6879
-326
8447
2860
-2282
-9944
-1693
8342
6794
-2686
-10053
-1196
6541
10031
-1093
-15150
-3922
10864
7459
-2038
-11329
805
5944
3798
-506
-9198
241
4730
4328
3
-4758
-4612
1360
4277
3571
-1702
-5266
-1861
4434
4166
-5973
-1815
3752
1269
-990
2048
-4257
-3702
4650
3979
2378
-4958
-6721
1693
7876
4495
-7195
-7859
1318
8469
7413
-7026
-10150
599
9330
4767
-5215
-4077
-2012
5344
1243
655
-4011
-906
457
3242
-244
-4458
-1582
1603
5100
4174
-5410
-7665
-84
6972
2974
-593
-352
-9525
-1745
11232
3926
-229
-12687
182
6596
5124
578
-7467
-3149
3672
167
5671
-1736
-8248
477
3788
3571
279
-4743
-1735
2406
2948
-632
-3496
-2849
3355
6009
-2166
-6721
-177
7029
3524
-4699
-3209
-14
2380
2557
-479
-911
-398
-1331
-2923
4941
2955
-3054
-452
-4671
-183
2850
4825
1557
-7227
-530
-117
2626
5634
-5909
-5315
3817
2860
992
-3111
-3015
4656
205
-1511
-1035
-192
4454
-2547
-2452
1717
133
1942
-414
-1758
1962
-61
-3328
-1632
2865
5345
-2452
-5715
-802
931
6262
3316
-5982
-4174
-525
2998
5252
416
-4965
-4431
4196
2382
1245
-1382
-1488
2004
-4503
2127
714
4806
-2715
-5593
841
4194
2806
-814
-6999
-353
7369
-2375
1827
-1901
-1079
882
-1863
3009
2020
-2807
0
-1647
-1032
2855
2386
-2208
-606
-2161
234
3145
-996
1621
-3876
-1170
3888
1529
1638
-6988
-1046
5484
2857
-1897
-6502
975
3457
2532
-4
-4636
-1124
763
1753
4022
-1354
-2816
649
-160
-1637
-2048
6028
5542
-6704
-6962
-972
7462
7800
-6110
-9617
1117
7874
4431
-4454
-6450
3770
1866
1356
-1769
-4076
4791
1061
-224
-3630
-457
3337
1852
-4501
46
-1434
3443
-176
-3197
936
324
-238
932
-639
-79
-267
1479
1327
-1677
-3447
223
4875
63
-2836
685
-1206
3104
2601
-3204
-528
-1978
1342
2684
-2696
179
-1169
610
3516
-4340
-289
3393
135
-274
-3036
-1794
2769
4653
-1295
-3305
-3960
2813
3371
1271
-1800
-1242
1253
-4427
2013
4561
3501
-3142
-8395
820
5769
5110
331
-7522
-7425
4509
8677
5172
-8468
-9755
-21
12237
4564
-5391
-7551
-3217
4343
7585
2551
-6871
-4544
257
3926
-1581
2114
3800
-3508
-4362
-1634
3318
7007
1978
-5079
-5263
-6792
5656
10673
1512
-6196
-7645
-2280
8519
4903
-3032
-5075
-1949
4398
1494
-1764
15
-3477
1541
4741
-2176
-1737
410
-945
2425
727
-1370
-1342
-2916
3483
5150
-191
-4135
-4046
-1965
7917
3222
-1714
-5380
-5556
4594
7593
3153
-7954
-7130
1419
9371
3054
-2831
-8771
42
7728
1154
-108
-6149
63
-491
4104
3812
-3551
-5254
-601
588
6754
2224
-3678
-5608
-1861
4861
7666
998
-8449
-6430
3184
5525
4661
-2563
-6608
-895
1670
4560
2869
-3509
-3695
-348
5978
2465
-4650
-3918
-1839
4667
4558
-3191
-4400
-1427
4199
2423
-3184
-935
-59
384
1768
-1081
1410
-347
-393
-105
-2107
2824
577
643
-1684
25
118
417
-4203
4102
1443
1083
-2884
-7856
5273
6005
4781
-9124
-6526
2927
7545
1962
-4523
-3723
1007
2115
-235
1495
-1843
1017
76
-267
-2105
2159
-1365
2368
-802
-2726
902
1134
-25
-284
1496
1116
-1428
-3482
-1101
6188
2821
-2087
-5395
-4573
7177
7239
-4166
-6916
-3946
7198
7034
-4823
-1404
-1580
-3096
3559
1633
1774
-477
-4232
-227
-63
2782
1268
-2241
478
-424
-1069
-2335
2395
3531
-1233
-1758
-3491
2734
4128
-998
-1657
-3029
363
2167
2521
1781
-3426
-4043
-671
5717
4435
-4460
-7214
-1086
7010
5799
-1365
-6372
-4802
3117
5325
3186
-4128
-7406
2739
4353
3933
-3279
-4792
-1763
4873
5134
-2306
-4957
-2305
3432
4781
-1285
-1050
-2296
-1663
1383
3691
3674
-4886
-4950
443
1009
5854
3849
-7437
-5213
2276
4456
3123
-4763
-2967
875
-293
3058
1336
1172
-3768
-7181
5614
4020
1094
489
-4172
-5682
4841
2414
2538
898
-5907
-1438
1852
4653
1129
-6439
-3854
5808
3587
1764
-6196
-6121
1699
3896
6467
-75
-3713
-6418
-2960
5662
6455
1006
-2841
-8206
-3338
6442
6945
2673
-4728
-7914
-1247
5955
5414
1319
-4810
-5647
1758
3312
4526
-1192
-3743
-2582
1809
1350
2089
-879
-2470
1227
-478
-680
2565
-1849
-588
623
-2473
4025
585
-4211
9
2029
4145
-4816
-1722
481
4035
2226
-3737
-1961
-1596
1928
4744
-1688
-2058
-1122
-483
7401
-3486
-2992
1560
565
89
2702
-2043
-3565
907
2883
2218
-2676
-2453
76
3460
-1257
-3692
182
2508
3894
-2752
-4694
-1260
6279
3199
-1452
-5179
-3071
4041
4716
1154
-6716
-4132
6485
3388
-23
-4190
-4959
3078
4335
3541
-2585
-7184
760
4687
3790
-1213
-4322
-898
-414
1408
3344
-622
-2096
-740
-846
1007
2879
-773
-2151
2747
-1541
-1901
1240
-1526
2792
-1199
-559
1269
-2843
2776
-1423
-50
3406
-3864
-2055
1888
3073
-40
-3298
-2569
2594
6121
-2637
-3410
306
1112
1920
-1289
1888
-4009
986
3361
-3503
3643
-2974
355
-1284
-1254
9075
-1362
-8706
-586
1242
6352
3206
-5275
-4546
-2451
6178
3538
237
-4029
-5287
5050
3686
-219
-4823
61
1931
1979
-1003
-1762
4616
-2219
-6197
2965
2123
4982
-555
-10553
1914
2143
3610
554
-3465
-1207
-831
2136
1463
1242
-208
-4654
205
1489
3022
72
-2339
-2482
-1582
5311
1336
805
-545
-8197
3023
5375
1862
-221
-6491
-1657
2945
7081
-2063
-4515
-2286
247
4346
2510
-1551
-3736
-4214
2568
3775
3466
-2611
-6831
747
3729
1263
-1238
1466
-2752
1218
292
1282
-1206
-2961
3637
565
-1802
1136
-2072
447
4077
-2253
-1815
-2239
3350
3618
716
-5422
-4596
2469
7921
1592
-2857
-9879
-894
10074
2633
-667
-6717
-1765
2751
729
2926
164
-1725
-2271
-345
-374
1471
2368
2281
-3544
-2033
712
487
1651
-448
952
1602
-3954
-2703
1415
3311
1498
-1684
-2926
664
3494
-978
-3271
-497
1597
5617
388
-6251
-2878
-382
7102
2443
-2025
-4993
-2146
2378
2288
2393
403
-3127
-3053
-357
4510
241
-844
961
-1187
-1128
-3577
1703
6013
1625
-1546
-8363
-1373
5788
2666
2285
-2905
-4175
-2774
2315
6091
3296
-2345
-9479
-1104
6263
5335
395
-8265
-4018
3022
5704
4098
-3159
-6013
-3119
2798
7208
2573
-5042
-5513
-1387
3484
5161
3109
-6815
-5512
1209
4120
9626
-4306
-6128
-4599
-57
7484
5575
-858
-8372
-3814
3740
4119
2847
-409
-3479
-1948
-3439
3997
3735
-35
-2446
-3915
511
2120
3033
-1994
-32
1371
125
-2360
-2129
498
4165
1812
-1272
-2763
-3071
4474
1132
-607
-519
-208
149
-582
-2779
756
5207
722
-4875
-5936
2717
7186
2773
-1933
-9852
-3157
7905
7396
1075
-7408
-7090
-856
7561
7528
-2855
-5747
-3902
1586
8047
-157
-5102
-1899
462
4818
358
-1366
-3590
306
2827
1558
298
-2458
-4393
1390
3235
3274
1243
-4034
-5477
26
5221
5183
-5544
-3161
-831
2914
3873
-904
-1863
-4773
903
5369
3022
-4080
-2384
413
17
2247
-190
973
-2809
535
-298
-870
3919
1599
-3382
-3925
-1829
3792
4909
-1258
-1964
-929
-1772
1040
1241
413
716
-461
-2665
-983
1832
2375
80
-2171
677
571
-324
-590
-1843
2849
3032
-2567
-2775
-425
1962
2754
-891
-1428
-736
-1323
2843
1245
-301
-2116
-1668
2006
392
2094
455
-1487
-5593
-1626
4252
6965
-1841
-5189
-1497
355
4082
439
163
-1444
-3665
-692
2884
1628
893
-896
-75
-1716
-1429
3896
708
-2448
697
-528
311
1324
-1167
-537
-371
-50
1905
219
-474
-1229
-1228
1899
84
-1609
-506
-356
2590
953
-3811
-688
1949
2906
1947
-6520
-4725
3177
4464
5226
-2296
-6921
-2428
1260
8585
4243
-5994
-6283
-2391
4847
6489
327
-2992
-4863
-2314
2852
4242
1782
-3389
-1762
-787
3390
241
-625
-4082
562
4557
472
-2328
-3189
-134
4171
1686
-2668
-1983
-2292
3575
1597
-100
-1203
-1157
894
225
-1683
2864
552
-2544
1351
585
-1781
502
205
1751
1308
-2606
-2852
276
3148
1018
602
-3868
-1892
596
3807
-356
-2471
193
186
1136
247
-2461
6
1667
2172
-1596
-2615
917
1792
1479
-2059
-1763
1087
2312
-391
-1345
812
-556
-319
-800
600
1304
1529
-3565
-788
189
3862
2866
-4497
-4916
2471
2842
1936
-1521
-3802
72
334
3197
1835
-1299
-3864
-1396
2492
6058
-1955
-4237
-1462
542
2554
1243
-310
-3436
-442
2343
350
1985
-1600
-1655
772
-92
1296
-374
-997
1099
-169
-223
-855
-202
1768
-156
-259
-628
419
-183
-2681
2187
2884
326
-1694
-1706
-457
-1796
3698
4405
-1642
-3393
-3608
-739
3824
4937
211
-4156
-4328
-1179
4425
5663
1407
-4646
-5965
-1105
3777
6586
1243
-6134
-4517
71
4108
4141
39
-3861
-3905
1279
1973
2471
3404
-3962
-6441
-1033
3720
6216
2857
-6208
-7615
1332
4718
5389
2293
-5643
-5490
-2420
4857
8892
1475
-4952
-9482
-2783
7669
7207
2296
-7272
-7308
165
3461
6586
1849
-4052
-6092
-3667
5521
7681
1708
-6011
-6576
-321
4751
5948
-846
-3057
-3795
-2369
6117
3379
-1503
-3956
-3817
3333
3809
961
-1027
-2765
-1431
355
4331
2904
-4095
-2962
614
2112
1866
-1219
-739
-1217
566
1294
28
127
-2497
511
1214
-1869
1485
2575
-2342
-888
-1872
721
2859
2683
-233
-3318
-4716
2349
4733
889
-1985
-3667
-494
2174
4318
-977
-4139
-983
1403
5077
253
-2892
-3777
-2496
4492
5053
-1182
-4033
-3157
1810
2954
821
303
-1388
-2693
239
1035
2855
1409
-4250
-2102
470
2534
1719
-1942
-1011
-308
1952
1483
-2368
-1657
630
862
533
1157
402
-2866
-2212
314
2482
4659
1696
-4751
-6088
-880
4746
6241
70
-3818
-5670
-1407
3399
6789
3678
-5398
-6830
-3549
5422
7669
1705
-4108
-7546
-1722
5287
4373
598
-2099
-3317
-359
-808
3329
4307
-1572
-4512
-3098
784
3533
3818
56
-3630
-3304
-663
3558
3053
-1598
-2278
277
-446
101
1968
1636
-1024
-3463
333
2748
583
-1668
-786
1246
1083
1835
-652
-2591
-1350
-153
1781
1751
786
-1681
-4284
-1090
4216
4047
-256
-4962
-3522
2033
3710
2070
-2534
-2042
411
159
1454
320
156
-1485
-1960
2082
1346
377
-894
-1485
1138
854
282
-1271
-7
835
-1103
7
-126
1561
451
-924
-928
-1578
2113
1231
-211
-1010
-515
1417
-1065
-685
105
1035
1349
-1852
-1564
430
1308
865
-443
54
-731
-812
1146
873
180
-712
-202
119
-506
1055
-90
-1044
-589
376
1703
-687
-253
-285
-1013
2678
590
-2266
-436
-1112
546
2304
-1159
-560
1143
-415
-813
-935
694
1105
-76
310
-1321
-2507
1709
3431
57
-2366
-2343
1600
4456
-445
-3942
-972
1332
2472
1023
-785
-2560
-1145
-1034
2719
4071
638
-2991
-5723
-1470
4687
5746
-393
-3350
-6185
-86
6790
2060
665
-5069
-3143
1084
2847
2240
-560
-1725
206
422
-1850
1045
577
2730
-91
-3232
-1933
284
2689
867
-308
-770
-1589
-1286
1686
2024
1639
-1540
-4406
-732
2766
4039
1369
-4727
-3334
-143
3402
3827
-2297
-1737
-1221
-266
2585
9
895
-1398
-1475
277
1737
207
-462
-58
-1076
592
1374
-673
-1268
-1175
2263
583
592
1381
-3234
-2527
795
2139
1898
991
-1449
-4300
-1233
2734
4478
1140
-3973
-3432
-1727
3508
5133
204
-2044
-4003
-1451
3352
3672
1037
-3266
-4741
1151
5095
-74
-2062
-1360
-1507
1497
1377
-137
442
-61
-1266
-1304
967
1461
-228
-458
512
1392
-39
-2221
-1784
1725
2181
106
186
-1552
-2435
-509
2649
3090
-700
-1635
-1122
-1999
5
2385
1870
1315
-2345
-3381
-296
864
3557
1790
-1329
-1933
-2616
74
2821
2575
-682
-3116
-2109
1604
2449
311
-52
-1816
-890
540
-617
1051
1060
-97
-254
-1023
-260
431
949
1036
-723
-1581
-108
1075
1337
414
-1841
-215
348
-405
1988
-218
-1076
-634
-1428
2583
1370
-1347
-1503
-1751
1806
796
-328
594
-334
392
-1145
-1223
924
2088
1326
-1591
-2996
-843
3485
2754
-905
-2337
-2766
-248
3309
3827
343
-4729
-4291
682
4180
4669
-490
-4601
-3946
-467
5018
3569
151
-3997
-4033
672
3156
4331
-1396
-2994
-3292
-127
3929
2925
-828
-2777
-2361
916
2696
179
-954
-1628
1043
1092
-498
-766
-733
553
1673
-653
-1236
-644
351
2530
522
-1538
-270
-1697
-575
2205
1256
953
-1252
-2689
571
1427
211
671
-12
-1109
-16
-762
216
1178
872
403
-2603
113
470
-610
874
-538
1227
40
-1049
166
-1363
254
2648
1337
-789
-2972
-2678
1063
3499
3040
-154
-4557
-2977
1743
3368
2505
-586
-2605
-5379
-322
5072
5580
439
-5189
-6624
-961
5487
7311
1121
-6457
-6004
-1772
5416
7769
-183
-4306
-5027
-3369
3400
5960
3524
-3020
-6006
-2076
1897
5166
2755
-1175
-4863
-2893
1158
5498
2321
-3270
-3384
-1771
2530
3788
852
-4299
-2541
2039
2926
1630
-2971
-1991
-816
766
2127
1525
285
-2790
-2144
423
2617
1434
-541
-2152
-1077
1082
1504
471
-2754
-129
1381
1747
222
-2429
-2241
248
3284
1445
-164
-2961
-909
-553
1876
3186
1341
-1815
-5191
-1272
3409
5849
10
-4560
-3714
-180
2446
3666
1798
-3061
-4641
-777
2917
3782
703
-2010
-3682
-937
1946
2956
1100
-1915
-936
-1668
-122
2694
2383
-603
-2676
-2320
-473
3502
3097
-667
-4166
-293
2028
772
-24
-409
-1917
313
761
1494
567
-1132
-1248
-1527
781
2002
1344
-769
-2130
-215
133
548
502
2469
19
-3627
-2516
1153
4454
420
-1720
-1698
-380
181
1535
-229
458
620
-1397
-38
199
322
793
553
-1789
-815
895
1569
-314
-1519
-455
1023
1815
-570
-2367
-538
69
2351
2056
-2488
-2381
-504
880
2688
1810
-1332
-2881
-773
287
514
2102
691
112
-697
-1613
-1339
-619
3145
2873
-1075
-2985
-1003
331
2550
92
201
-452
-2793
-600
2119
1987
1137
-2760
-2521
1169
1753
971
-1666
-1682
1219
967
249
-403
-694
702
-310
-1108
87
1482
1796
-810
-1703
-1987
1526
1069
903
727
-921
-2122
-519
2557
24
61
-425
-1240
271
522
748
499
-611
-1842
991
-75
481
643
-1067
428
-581
528
416
-137
-810
-1611
-248
3811
1638
-2016
-3287
-2077
2647
3592
655
-1765
-1981
-1710
375
3723
1687
-371
-2298
-3428
-662
2752
4136
813
-2978
-3793
-1490
2482
3487
1697
-809
-3575
-2930
991
2990
3331
-36
-3987
-2496
312
2462
3602
979
-3669
-3939
-394
3063
3603
266
-3106
-2620
1267
3538
529
-1631
-2744
-1523
2900
2673
955
-2602
-2127
-293
1279
1239
1437
-1189
-2139
-277
1489
931
-120
-751
-824
559
1115
-150
-1114
-190
915
72
393
-426
-1118
-23
558
1774
346
-1724
-1102
-614
798
732
-67
450
537
442
-1059
-1842
-1044
1367
3201
512
-1689
-2476
-1219
2163
2038
1436
83
-2732
-2370
-442
2667
3416
-192
-2660
-2765
98
2942
1244
-350
-893
-2072
-258
732
582
1695
225
-2391
-1525
1045
2016
209
-850
-1246
-682
1795
1254
432
-1972
-1001
-613
1410
2342
1417
-1159
-3207
-1850
1177
3724
1572
-1903
-3136
-965
1460
1833
1377
3
-1940
-2516
-546
2442
2408
-194
-1294
-1097
-1687
379
3242
1701
-821
-3136
-1928
1633
2247
1470
-1357
-2247
-440
1857
1361
-1496
-331
-247
-539
898
-222
-99
1120
-86
-312
-1149
-1766
1401
2247
745
-670
-2547
-1029
1724
1882
421
-1690
-1071
-207
1321
1218
457
-1410
-1469
589
353
523
-332
93
415
225
-56
-414
-79
-822
-731
-69
2225
1044
-428
-1021
-1746
-130
1533
1772
498
-2205
-2137
612
1934
1969
600
-3437
-2711
2076
1894
1507
-119
-2183
-1978
-280
2900
2062
-319
-4564
-1414
2883
2885
1060
-2464
-2316
-1195
1980
2867
87
-1323
-1283
35
-459
-125
1878
1751
-551
-3027
-1580
851
2521
1426
-470
-2366
-1469
20
1970
2648
62
-2624
-1654
175
1763
1484
168
-1501
-1827
1
850
1507
1542
-787
-1760
-1908
128
2795
1723
-1018
-2433
-1394
1002
1979
1085
-79
-1705
-1131
-792
1079
2169
1313
-1040
-2592
-1531
406
3268
2107
-996
-2810
-1774
355
2386
2101
-1475
-1526
-1143
621
1582
1188
-213
-2785
-1326
1940
1862
408
-1235
-1271
600
685
344
504
-245
-1360
-1636
846
2630
1552
-2039
-2211
-945
1667
2616
260
-2026
-1441
-191
736
1531
1361
112
-1793
-2704
563
2927
1743
-592
-2748
-1589
550
1525
1586
415
-1012
-1941
-1055
448
1286
808
380
-986
-1839
361
1493
1701
-24
-1677
-1715
-237
1035
1094
1328
-1213
-1347
-486
885
1565
1623
-1452
-2471
440
70
915
617
985
233
-2145
-271
600
1269
142
-1016
-229
-1199
-1170
2201
1915
-807
-1117
-1582
-784
785
2197
1464
-1036
-3160
-879
1688
2176
1454
-1206
-2226
-1084
-290
1842
3248
1115
-1790
-3303
-2204
1300
3081
2219
-196
-2141
-2915
-774
2840
2368
713
-886
-3567
-1495
1486
2440
2051
-961
-1928
-2543
22
1652
2304
975
-1966
-1603
-361
956
1142
395
263
-367
-1702
-969
216
2706
2675
-1028
-3447
-3004
172
3469
3059
410
-2249
-2990
-1633
1737
3735
1049
-1783
-2780
-1680
1250
2876
1977
-1200
-2385
-1601
-187
2372
1522
197
-465
-1983
-646
475
1233
1351
41
-1376
-1945
299
1352
1397
674
-941
-1452
-1370
98
1510
1957
685
-1508
-2755
-1258
1543
2481
1550
-774
-1861
-2157
-317
2802
2769
61
-3344
-2748
279
2370
3043
625
-2105
-3116
-1367
2085
3145
1437
-1846
-3560
-1092
2359
3164
646
-2008
-2041
-1026
813
2009
1345
-12
-1921
-2412
-568
2023
2655
1253
-1568
-2984
-1071
759
2961
1926
-1047
-2323
-2538
686
2656
2178
-287
-2280
-1259
-122
1169
525
-54
1032
582
-1865
-2451
479
2561
1842
-533
-2219
-1545
836
1412
940
877
-970
-2155
-1583
719
2791
1841
-707
-2685
-1758
568
1707
1725
720
-1463
-2577
-512
2212
1853
-213
-1703
-1372
53
1122
1276
424
-825
-818
-114
-1299
1100
1900
28
-1503
-750
142
449
917
-93
-853
418
-91
-84
-141
-489
1022
781
-556
-635
-606
297
614
-28
-418
793
-332
-1232
1035
96
285
-216
-738
16
269
436
851
-621
-887
-302
-25
642
264
884
-254
-513
-1259
-495
1503
902
1323
-13
-2913
-1977
323
2684
2520
194
-2033
-3504
-762
2446
2642
1669
-1586
-3467
-1221
1616
2601
1298
-1203
-2186
-1021
634
2050
1209
-1168
-1403
-912
119
1597
805
-465
-1042
-714
500
890
917
-220
-1466
-700
383
873
758
-159
-292
-611
-398
148
210
1003
233
-659
-1188
-384
333
1643
620
-392
-673
-1089
-330
501
1404
83
45
-388
-1258
-285
253
1287
539
-251
-867
-47
474
-43
-150
-45
224
-109
673
-775
-576
280
464
181
-13
-48
-959
-121
66
164
1289
214
-618
-96
-741
-1022
357
1364
1453
-695
-520
-1140
-981
697
1732
758
-472
-1400
-1528
-255
2528
2443
-683
-2512
-1995
333
1770
1909
488
-2022
-1379
-68
1139
1432
-43
-1909
-1549
1585
1406
444
37
-1515
-1361
-267
1280
2334
574
-2604
-1976
617
1763
1572
-343
-1514
-1581
69
1759
846
-120
-535
-572
-568
-124
1039
502
-194
-318
-488
297
167
170
435
-678
-473
333
-74
322
620
-656
-828
255
595
534
45
-561
-363
-122
181
469
304
-289
-321
202
-58
-399
-709
403
1412
298
-1173
-1064
-394
1583
1678
-23
-1648
-2024
434
1312
1538
529
-1443
-1747
-328
1448
1553
231
-939
-1026
-633
250
906
655
260
-652
-1136
157
1017
-77
-234
-392
360
523
-504
-542
209
-31
-173
347
660
192
-300
-1137
-643
825
1533
129
-1209
-702
-206
661
707
544
-447
-784
-993
503
986
950
392
-1417
-1387
-463
1379
1924
11
-1448
-1601
426
1642
252
-696
-846
329
733
443
-326
-1361
-40
1235
910
-76
-1428
-1328
407
1231
1090
-21
-887
-1183
6
518
1188
166
-1121
-229
248
579
-259
-538
-545
319
1231
703
-870
-1131
205
353
808
-310
-366
-562
-61
1003
147
-217
-877
257
255
58
189
-852
-181
577
485
400
-26
-895
-388
-474
777
814
16
261
-987
-586
-385
1227
1214
108
-834
-1585
-860
893
1877
1087
-519
-1546
-975
-94
850
1238
162
-401
-1016
-462
324
194
435
282
256
-132
-95
-496
-1001
383
1326
897
-446
-1340
-1011
137
992
1445
37
-842
-1996
-199
821
1643
1430
-1290
-1766
-1886
960
2275
1571
-266
-1923
-1729
-254
1557
1883
678
-1292
-2092
-578
1307
2048
801
-1267
-2309
-861
1522
2145
1122
-1162
-2386
-1089
550
2065
1771
-232
-1696
-1745
-25
882
964
1493
137
-1868
-1726
-296
1676
1716
-65
-661
-1211
-819
568
1039
664
-274
-596
-527
-364
215
923
923
-63
-1169
-1533
92
1709
1201
-16
-1179
-1263
-427
821
1490
333
-571
-1081
-493
519
644
856
-305
-1049
-821
118
1554
1284
-285
-1998
-1417
290
1327
1642
268
-1154
-1491
-352
1067
1118
499
-742
-1164
-32
413
259
305
198
-154
-547
-275
351
443
68
-705
-701
800
1265
128
-1198
-1329
265
1485
884
-366
-1208
-877
366
1490
730
-867
-861
-565
1021
457
-151
-504
-746
823
855
-14
-1129
-682
537
627
788
80
-1273
-921
463
972
352
-126
-846
-286
335
319
406
-98
-657
-446
422
646
472
-181
-795
-464
265
619
307
-14
-816
-620
481
962
680
-509
-1352
-1026
472
1576
1393
-272
-1852
-1557
62
2145
1572
-459
-1534
-1575
156
1480
1356
155
-1183
-1154
-400
489
1362
683
-646
-826
-853
66
1159
788
64
-665
-991
-599
358
1199
1166
98
-1392
-1550
2
1275
1145
299
-900
-1163
-321
536
1231
582
-624
-979
-768
13
699
1156
710
-691
-1079
-766
-15
1116
1106
94
-804
-998
-520
531
1247
663
-418
-858
-734
-385
441
1167
965
-212
-1263
-1164
-127
1080
973
246
34
-563
-1044
-796
737
1914
464
-985
-1312
-578
728
1132
878
-502
-1294
-683
164
954
787
135
-392
-800
-721
279
989
483
-146
-468
-444
-373
65
873
585
-343
-678
-583
4
630
643
117
-722
-635
10
625
721
-151
-388
-338
-440
61
620
608
25
-446
-561
-143
146
183
673
139
-254
-836
-371
520
626
280
-450
-279
23
-152
-141
-10
319
488
204
-323
-674
-532
345
715
636
-108
-916
-804
-45
1165
922
44
-827
-1022
-195
637
566
203
-202
-294
-245
-175
53
530
428
-159
-596
-606
-73
505
686
392
-282
-768
-544
23
676
856
131
-658
-877
-275
586
867
195
-228
-719
-401
228
648
454
-292
-508
-425
118
390
277
161
72
-536
-317
17
-1
524
338
-24
-268
-399
-264
11
511
435
288
-246
-857
-638
339
1023
977
-552
-1334
-455
725
947
36
-387
-885
-190
863
584
14
-742
-663
251
742
316
-63
-466
-365
125
368
151
-370
-279
368
387
82
-378
-387
66
68
198
248
-25
-104
-265
-111
285
133
-93
-78
-47
230
148
-291
-322
-185
322
632
5
-355
-283
-222
52
334
421
71
-339
-535
-113
541
434
-188
-258
130
-25
-126
-63
-99
-17
465
272
-66
-546
-429
48
376
352
295
128
-592
-662
-95
445
971
327
-605
-860
-491
352
739
568
-24
-338
-715
-758
489
995
581
-262
-810
-587
-187
615
853
275
-587
-797
-318
298
897
396
-332
-511
-485
1
404
366
178
25
-243
-472
-76
343
229
-39
-322
-39
308
27
-9
75
-28
-287
-400
310
702
106
-520
-579
106
586
355
-111
-549
-456
89
646
447
-360
-427
-18
143
148
79
56
-97
-235
125
168
-81
-117
-269
184
444
154
-147
-508
-219
142
368
319
-129
-299
-176
110
180
74
-86
-58
167
-46
-378
-51
524
282
-266
-285
-237
-157
332
638
229
-412
-750
-408
430
787
469
-117
-715
-671
29
598
649
189
-458
-608
-240
276
537
152
-122
-219
-312
-53
184
259
101
-25
-188
-135
185
-60
-178
109
268
117
-300
-447
-19
461
465
36
-513
-472
-2
455
481
-27
-447
-464
102
457
349
-48
-430
-170
55
85
89
81
7
-178
-111
51
185
178
-72
-277
-84
112
96
161
101
-32
-230
-295
76
381
216
-7
-282
-364
128
354
235
-320
-494
164
413
339
-224
-579
-257
248
666
340
-242
-601
-427
90
543
614
176
-414
-767
-276
402
695
411
-322
-670
-510
184
714
509
-100
-607
-453
-43
293
500
186
-129
-196
-352
-213
194
340
267
80
-277
-348
-72
162
227
116
9
-59
-190
-225
48
296
238
-58
-314
-117
117
150
54
-130
-97
107
170
57
-83
-220
-117
43
282
302
-77
-213
-422
-129
416
489
210
-418
-551
-226
240
437
380
-19
-525
-467
85
491
244
-61
-187
-282
-92
241
264
5
-216
-116
104
118
-4
-57
152
76
-181
-283
-89
203
299
108
-241
-282
-106
198
307
-87
-214
-26
0
19
157
158
-25
-196
-170
57
219
137
-62
-142
-137
-118
126
302
94
-164
-209
-91
42
153
93
-97
-69
5
-17
-4
48
55
17
8
39
-44
-230
-15
268
216
-13
-263
-199
48
258
194
-125
-349
-183
245
329
17
-266
-175
14
172
172
-139
-173
-7
174
163
-63
-157
-43
-5
-9
189
95
-96
-177
-63
92
166
78
-155
-172
53
89
75
42
-12
-57
-107
-149
11
185
184
96
-125
-311
-157
199
305
126
-131
-132
-163
-73
166
250
158
-85
-269
-257
16
351
196
-56
-207
-195
-39
101
196
244
-70
-311
-171
196
223
53
-103
-198
-51
13
153
107
54
-29
-196
-80
75
129
66
-85
-88
-56
68
248
216
-271
-454
-62
344
403
39
-315
-374
-16
332
281
-70
-286
-129
87
242
45
-186
-111
-12
93
157
152
-75
-352
-292
99
545
436
-152
-559
-528
74
671
514
-44
-436
-457
-99
232
299
247
-2
-267
-271
-65
263
302
4
-164
-118
25
50
-106
-88
143
221
115
-165
-284
-25
97
115
132
-44
-107
-82
-27
216
97
-33
-149
-167
34
187
196
-33
-318
-135
256
283
65
-227
-324
-107
198
411
160
-217
-461
-294
263
449
260
-79
-389
-348
-9
304
378
41
-217
-330
-138
177
274
157
-58
-258
-208
111
291
51
-245
-152
78
103
97
83
-54
-204
-138
51
164
100
4
-46
-174
-138
72
214
120
-113
-141
4
91
40
-26
-81
22
107
10
9
-24
-39
-43
-72
10
90
172
84
-151
-200
-58
65
66
41
83
50
-68
-30
-45
-79
-26
116
176
13
-61
-165
-74
30
83
185
142
-150
-286
-114
127
198
85
2
-136
-95
23
85
81
-3
-168
-147
47
247
289
-128
-371
-248
158
406
213
-203
-357
-95
174
238
19
-126
-78
28
18
-69
10
99
110
92
-180
-258
19
217
201
4
-111
-94
-79
18
107
137
57
-129
-226
14
163
153
-45
-156
-79
72
134
18
-126
-128
59
183
81
-38
-88
-90
-21
65
70
56
83
-44
-182
-78
129
179
11
-129
-128
46
89
62
-24
-77
-51
60
86
9
-33
-58
-83
25
109
71
-52
-77
16
-4
-52
23
67
47
-3
-35
-17
-137
-148
185
316
90
-265
-415
-79
324
424
161
-301
-453
-214
199
439
255
-45
-303
-356
-21
249
254
75
-218
-225
42
173
77
-89
-142
15
191
70
-170
-195
-36
206
292
88
-240
-330
-66
182
266
110
-114
-156
-83
0
46
116
79
-29
-57
-51
-44
2
41
9
66
66
2
-94
-217
-85
143
255
191
-66
-312
-248
24
215
288
138
-162
-375
-196
172
293
227
-22
-278
-297
-60
269
305
40
-185
-227
-88
123
176
53
-80
-118
-6
80
53
42
-19
-77
-34
44
35
-24
27
65
32
-101
-186
-2
186
184
-12
-213
-156
42
155
162
45
-165
-182
-22
92
139
97
-41
-96
-42
3
54
75
61
-18
-54
-78
-152
26
255
242
-15
-303
-310
-20
288
246
57
-128
-280
-160
109
287
174
-61
-149
-181
-61
107
131
136
33
-104
-137
-128
50
181
121
-1
-163
-106
68
70
-4
-56
-6
49
-3
18
72
-18
-124
-85
62
128
76
-11
-111
-85
-6
70
127
22
-61
-77
-99
-12
93
85
61
49
-53
-167
-138
43
218
185
-33
-202
-158
31
162
110
-25
-94
-91
-20
102
142
-3
-163
-111
77
167
88
-63
-156
-110
51
163
122
-36
-152
-126
9
157
134
-16
-132
-92
12
27
43
41
41
-35
-100
-17
30
75
90
-18
-173
-131
91
220
119
-98
-180
-132
61
164
70
11
-64
-118
-78
59
163
101
-92
-173
-46
91
159
50
-94
-139
-87
89
185
129
-46
-190
-155
-10
129
149
62
-36
-92
-120
-70
80
161
56
-104
-107
39
113
13
-108
-72
41
88
65
4
-73
-125
-30
93
138
96
-72
-184
-140
71
215
157
-15
-220
-192
11
170
157
10
-120
-82
33
26
-10
-42
28
99
53
-21
-123
-86
51
139
115
-17
-190
-159
65
183
197
19
-206
-208
-30
172
186
50
-129
-199
-53
155
158
-21
-100
-56
22
60
27
18
9
-55
-63
24
96
61
-47
-83
-24
29
37
12
-3
-9
-8
7
-6
-6
40
39
-3
-51
-90
-23
91
122
64
-84
-183
-65
107
139
69
-34
-123
-108
30
128
99
16
-60
-112
-82
-4
77
154
109
-75
-244
-163
88
225
201
-5
-219
-258
-69
222
309
122
-175
-295
-186
103
322
204
-56
-252
-246
-19
217
229
68
-106
-190
-110
15
117
129
73
-26
-160
-149
14
187
204
25
-197
-221
-9
193
203
28
-129
-163
-59
83
145
126
-35
-158
-111
-19
112
180
44
-166
-189
-10
147
147
29
-74
-140
-111
33
140
171
69
-122
-210
-125
88
217
166
-6
-181
-178
-6
141
120
12
-48
-51
-28
10
20
11
31
35
-24
-82
-59
53
123
69
-37
-83
-45
-15
19
87
122
-11
-196
-153
68
214
117
-29
-104
-159
-91
44
135
156
103
-57
-222
-223
-34
211
301
158
-176
-362
-205
80
315
299
14
-285
-335
-74
220
280
116
-108
-243
-157
87
224
100
-98
-116
-2
59
28
6
10
-14
-29
-19
-11
34
64
4
-39
-57
-30
77
87
-12
-107
-97
32
114
81
-35
-124
-60
45
69
26
0
2
-28
-32
-2
35
46
11
-24
-28
-24
-28
-13
33
70
38
-49
-85
-54
6
82
95
17
-67
-81
-41
37
99
65
-15
-95
-90
-4
74
100
35
-61
-118
-63
94
144
28
-90
-90
-21
54
86
39
-42
-60
3
42
30
-8
-51
-36
35
93
58
-87
-156
-28
133
159
48
-102
-145
-71
59
159
115
-43
-125
-75
29
98
69
-25
-69
-31
28
60
38
-23
-38
8
49
12
-50
-19
35
32
18
-6
-23
-27
15
66
62
2
-123
-129
45
181
145
-32
-174
-136
16
130
138
47
-82
-128
-98
-11
140
185
37
-154
-186
-30
130
152
51
-63
-116
-93
-17
90
151
101
-26
-178
-191
-9
189
186
15
-99
-117
-84
-24
64
142
126
9
-167
-216
-42
204
278
63
-227
-245
2
188
149
0
-116
-136
-54
92
181
92
-100
-185
-95
43
114
110
34
-76
-112
-46
31
60
45
14
-8
-40
-76
-45
52
116
75
-37
-105
-76
4
73
76
41
-14
-80
-89
-39
60
123
79
-43
-142
-83
67
126
55
-36
-72
-64
-9
65
84
24
-49
-74
-32
40
73
29
-45
-50
4
32
9
-37
-18
39
51
20
-56
-71
3
60
70
30
-14
-59
-90
-34
86
148
45
-115
-153
-49
105
142
28
-88
-100
-8
85
95
14
-90
-94
5
91
75
-7
-73
-71
-9
65
94
16
-111
-116
7
114
101
7
-68
-71
-21
40
42
-4
-5
22
12
-28
-31
26
54
8
-37
-12
35
34
-12
-27
19
21
-10
-15
1
23
22
-3
-50
-60
13
96
88
-13
-115
-116
3
130
160
45
-127
-188
-70
116
186
106
-67
-177
-108
54
156
73
-77
-95
4
71
35
-3
7
5
-14
-13
-3
-2
19
39
39
9
-60
-80
-39
57
126
75
-43
-138
-113
8
143
168
44
-113
-173
-78
61
142
104
-7
-85
-99
-40
43
124
118
-36
-167
-124
36
154
129
-10
-150
-155
-11
134
150
55
-82
-156
-96
32
127
122
26
-86
-141
-81
44
122
96
29
-63
-141
-106
33
167
143
-2
-138
-169
-50
105
170
67
-102
-143
-37
104
115
1
-89
-65
13
63
46
-33
-73
-20
65
91
11
-89
-102
-14
96
119
31
-95
-129
-36
93
141
39
-85
-94
-18
29
34
68
79
-17
-128
-114
24
166
171
-10
-211
-209
9
226
225
17
-185
-217
-88
116
245
155
-80
-244
-202
10
211
235
84
-144
-265
-139
93
214
159
5
-122
-178
-85
109
194
96
-91
-159
-45
88
119
31
-72
-79
-5
57
37
1
9
11
-46
-91
-21
115
143
13
-141
-167
-20
157
183
30
-147
-157
-51
74
136
96
-15
-125
-126
-26
110
147
43
-117
-173
-20
126
108
12
-53
-59
-36
-1
39
54
17
-34
-52
-31
39
101
66
-47
-108
-52
28
66
79
70
-6
-125
-138
-4
155
163
6
-146
-149
-11
102
100
36
-36
-88
-70
5
56
66
39
0
-40
-57
-21
14
40
55
34
-5
-56
-63
-22
41
90
58
-23
-101
-101
-1
110
127
25
-58
-89
-96
-26
95
169
104
-53
-176
-152
13
151
160
46
-76
-109
-79
-9
57
95
93
4
-106
-124
-9
107
97
-5
-59
-34
-3
22
19
11
3
-9
-10
-11
14
21
4
-21
-42
-7
59
81
22
-76
-108
-37
78
110
59
-13
-86
-88
-22
59
83
53
24
-30
-88
-99
2
148
168
17
-157
-173
-33
122
162
69
-69
-136
-77
36
99
76
12
-57
-94
-65
25
103
105
21
-90
-144
-95
61
197
179
-9
-237
-259
-31
262
332
78
-257
-355
-124
224
356
154
-142
-278
-196
17
192
228
110
-93
-220
-169
12
185
192
33
-126
-159
-80
42
127
113
5
-102
-111
-27
72
93
31
-36
-47
-20
-15
-3
40
71
22
-69
-104
-40
85
125
52
-68
-114
-16
53
38
15
7
11
-4
-43
-79
-27
86
125
48
-74
-124
-74
26
103
92
26
-65
-100
-42
32
88
80
3
-70
-82
-23
49
74
49
-2
-59
-79
-30
39
94
85
-9
-98
-93
-9
65
76
51
6
-62
-90
-22
67
100
41
-44
-88
-78
-1
101
125
25
-97
-152
-64
93
178
102
-65
-170
-91
83
148
48
-78
-91
4
75
54
-23
-63
-28
42
69
19
-58
-59
13
65
34
-38
-44
19
71
41
-38
-97
-48
76
117
51
-70
-137
-77
67
170
93
-72
-172
-107
65
162
101
-49
-121
-91
31
130
78
-50
-156
-111
62
169
116
-54
-159
-112
12
112
125
56
-60
-126
