0
2
1
0
0
0
1
1
3
2
0
1
0
-2
1
1
-2
2
0
1
7
7
7
10
5
1
1
-2
1
5
2
1
2
0
2
-1
-2
3
6
4
1
0
3
5
2
2
7
6
2
0
2
2
3
5
4
2
5
6
4
4
5
6
8
8
5
3
7
7
5
2
4
7
7
4
2
3
1
2
1
3
6
5
5
2
3
3
1
3
3
1
1
1
0
1
3
0
1
2
1
1
2
2
-1
2
4
0
-2
1
-1
-3
1
5
1
-2
1
1
-1
-2
0
0
3
3
1
-2
-4
-2
-1
-1
-2
-5
-3
-3
-1
-2
1
2
0
0
0
1
1
2
2
2
0
0
0
2
3
2
2
2
1
2
2
2
1
2
2
2
1
1
2
2
3
4
5
4
2
1
1
1
0
1
4
4
2
3
3
5
3
3
4
5
3
2
2
2
1
0
0
0
1
1
1
0
0
0
0
-1
-3
-1
-1
2
1
0
1
1
0
-3
-4
-5
-3
-1
-3
-2
-1
-2
-2
-2
-5
-3
-2
-3
-1
1
1
1
2
1
-3
-5
-2
0
-3
-3
-1
1
0
-3
-2
1
0
0
1
-2
-6
-2
2
2
0
1
1
-3
2
3
-2
-4
-3
0
1
2
3
-1
-1
0
1
1
1
1
1
2
2
4
3
1
2
2
2
0
0
-1
1
6
4
-1
3
6
1
-1
2
3
5
8
9
6
2
2
7
9
8
9
11
13
10
10
7
5
7
6
6
7
6
4
6
10
7
3
7
9
3
-1
2
3
3
4
5
7
8
11
14
12
9
7
8
10
9
7
10
12
10
4
3
9
14
13
5
4
10
11
10
14
13
5
12
31
31
7
-19
-10
81
217
261
161
36
-16
-38
-78
-115
-131
-108
-23
72
63
-54
-148
-169
-188
-230
-238
-183
-100
-13
48
51
11
-16
-14
-29
-81
-100
-44
32
73
103
130
115
66
27
-14
-64
-71
-18
35
55
78
113
111
61
6
-34
-67
-78
-44
-1
21
38
73
96
76
25
-29
-47
15
150
246
225
149
102
52
-35
-117
-168
-183
-124
-12
33
-17
-68
-77
-93
-122
-132
-132
-119
-76
-17
-7
-42
-54
-34
-36
-76
-96
-79
-64
-65
-45
-10
-3
-20
-40
-70
-110
-113
-94
-115
-116
43
313
470
422
288
184
121
79
24
-36
-25
101
259
301
193
50
-39
-98
-170
-241
-277
-253
-149
-15
43
16
-8
7
4
-41
-72
-42
35
117
190
243
257
235
200
138
36
-41
-37
0
29
63
95
104
96
62
-29
-148
-193
-78
144
281
231
121
69
25
-43
-99
-157
-186
-88
50
18
-148
-228
-198
-206
-275
-317
-301
-244
-159
-101
-129
-179
-145
-51
-10
-69
-168
-193
-118
-53
-107
-240
-272
-16
489
877
847
561
354
278
176
-11
-186
-194
43
373
502
317
3
-188
-240
-326
-480
-540
-425
-230
-42
90
112
46
-11
-59
-147
-219
-182
-49
109
260
387
434
359
197
40
-67
-144
-181
-125
11
126
156
135
110
54
-64
-211
-311
-310
-218
-110
-79
-77
69
430
755
706
364
134
80
-39
-176
-143
-26
95
309
429
166
-257
-450
-474
-551
-599
-474
-249
-60
53
77
-16
-179
-291
-318
-372
-430
-310
-29
155
156
165
230
158
-109
-384
-479
-412
-336
-426
-638
-497
480
1916
2632
1925
471
-464
-456
-196
-366
-729
-509
520
1619
1796
841
-447
-1092
-975
-817
-1072
-1279
-820
133
834
833
314
-228
-468
-477
-541
-661
-463
225
990
1317
1196
947
694
330
-149
-541
-671
-508
-81
419
605
380
144
74
-179
-719
-1125
-1110
-793
-371
-33
120
163
177
298
686
1140
1215
914
624
480
392
351
284
122
7
58
95
-86
-457
-815
-991
-981
-921
-862
-696
-383
-96
-33
-205
-446
-553
-475
-366
-360
-313
-50
310
522
508
276
-108
-356
-283
-228
-557
-954
-864
-415
-338
-1140
-2410
-2650
-406
3437
5529
3807
493
-722
478
1306
254
-1192
-970
1085
3213
3386
1335
-980
-1533
-711
-584
-1801
-2681
-1810
-99
696
298
-335
-618
-716
-911
-1252
-1424
-862
490
1733
2019
1646
1367
1242
850
115
-578
-755
-292
334
592
530
485
469
220
-407
-1242
-1824
-1805
-1285
-606
-107
72
70
66
172
723
1812
2543
2064
955
353
436
676
598
91
-329
-20
657
656
-296
-1383
-1759
-1432
-1154
-1368
-1512
-855
215
600
71
-492
-428
-58
-38
-435
-619
-94
679
872
453
-61
-473
-704
-618
-506
-719
-885
-641
-426
-648
-919
-743
-280
-366
-1842
-4142
-4568
-715
5714
9374
7228
2480
293
1141
1408
-593
-2533
-1721
1585
4592
4711
2007
-934
-2006
-1974
-2884
-4642
-4924
-2699
85
1240
937
504
289
-213
-1186
-2121
-2102
-599
1595
2881
2788
2379
2342
1975
650
-975
-1771
-1361
-364
253
238
202
529
788
286
-1115
-2496
-2607
-1605
-857
-744
-434
494
1911
3484
4140
3067
1364
669
769
456
-287
-439
415
1513
1699
570
-1043
-1967
-2085
-2309
-2960
-3127
-2121
-683
20
-30
55
547
657
-113
-1097
-1326
-614
460
1144
1078
594
281
204
-218
-1421
-2756
-2908
-1729
-630
-501
-648
-504
-569
-1156
-1811
-2216
-2662
-3658
-4999
-4697
-338
6757
11062
9316
5084
3695
5182
5495
2579
-1352
-2543
161
3648
3924
1108
-1222
-1549
-2132
-4634
-7156
-7025
-4500
-2012
-957
-678
-88
815
1018
-148
-1713
-1714
357
2633
3360
3227
3817
4725
4221
2071
-171
-1357
-1569
-1269
-898
-698
-259
594
694
-891
-2846
-3346
-2726
-2362
-2218
-1146
1120
3403
4273
3509
2314
1969
2433
2562
1679
631
745
1925
2622
1805
53
-1509
-2467
-3058
-3498
-3728
-3506
-2627
-1363
-490
-473
-789
-659
-206
-179
-616
-694
-5
855
1212
1067
733
322
-161
-646
-1084
-1421
-1497
-1204
-773
-644
-1012
-1675
-2351
-2900
-3309
-3424
-2903
-1734
-738
-1150
-3301
-5097
-2842
4056
10413
11039
7495
4999
5119
5535
4354
1782
-239
431
2941
3557
1084
-1295
-1626
-2186
-4634
-6814
-6495
-4386
-2145
-562
100
158
348
476
-273
-1344
-983
1067
2846
3035
2754
3181
3439
2506
924
-489
-1424
-1464
-757
-349
-429
-58
627
306
-1172
-2423
-2551
-2074
-1764
-1563
-917
475
2424
4073
4296
3227
2377
2275
1880
896
242
230
540
1130
1473
596
-1224
-2633
-3213
-3553
-3709
-3145
-1937
-842
-313
-168
-147
-61
220
279
-425
-1172
-626
872
1656
1244
421
-460
-1406
-1996
-1971
-1667
-1376
-1026
-631
-486
-734
-1163
-1651
-2229
-2568
-2321
-1893
-1775
-1658
-1265
-990
-1249
-2315
-3981
-4178
-317
6264
10481
9949
7453
5784
4534
2908
1360
172
-245
991
2929
3098
1416
17
-921
-2898
-5313
-5965
-4525
-2470
-681
721
1414
1353
966
115
-1491
-2649
-1702
716
2376
2616
2512
2551
2250
1450
412
-605
-1111
-661
282
783
709
534
206
-602
-1489
-1875
-1969
-2098
-1864
-1006
-108
247
48
-351
-42
1873
4438
5278
3826
2093
1522
1403
854
60
-655
-1169
-1278
-1235
-1619
-2139
-2078
-1805
-2161
-2817
-2774
-1778
-331
1014
1780
1714
1070
358
-262
-878
-1222
-950
-411
-259
-351
-117
234
-30
-996
-2050
-2578
-2300
-1470
-860
-888
-1035
-858
-879
-1543
-2139
-1951
-1568
-1779
-2160
-1925
-1244
-1004
-1874
-3132
-2159
2704
8455
10033
7099
4198
3973
4587
3884
2124
709
816
2356
3204
1729
-346
-890
-1292
-3472
-5675
-5233
-2720
-534
247
20
-403
-459
-448
-1085
-1960
-1557
452
2283
2514
2111
2507
3094
2404
625
-812
-1167
-613
420
1111
854
417
595
377
-1130
-2542
-2494
-1776
-1280
-614
452
1558
2455
2677
1798
635
469
1107
1356
1019
920
1267
1412
1061
470
-342
-1342
-1962
-1877
-1531
-1175
-579
13
50
-288
-546
-937
-1581
-1753
-1100
-378
-105
139
463
332
-334
-1116
-1786
-2051
-1517
-517
30
-142
-505
-726
-878
-1082
-1453
-2035
-2511
-2330
-1596
-1164
-1326
-1614
-1833
-2098
-2304
-2071
-1331
-834
-1267
-2162
-1810
1309
5782
8003
6901
4924
4024
3778
3388
2960
2682
2714
3196
3204
1830
223
-342
-833
-2268
-3564
-3479
-2382
-1296
-906
-1240
-1574
-1446
-1358
-1669
-1786
-1009
468
1664
1851
1439
1390
1786
1799
1049
230
205
938
1545
1350
606
14
-115
-140
-470
-972
-1210
-996
-593
-342
-131
76
-162
-704
-377
1609
4061
4777
3525
2042
1336
1103
720
-70
-688
-487
90
-10
-1033
-2098
-2564
-2767
-2919
-2629
-1742
-733
-150
-60
-138
-149
-215
-568
-1089
-1312
-931
-182
319
175
-397
-930
-1267
-1501
-1611
-1477
-1160
-892
-763
-682
-637
-831
-1357
-1970
-2155
-1778
-1325
-1207
-1386
-1573
-1547
-1217
-701
-411
-970
-2124
-2159
326
4322
6720
6554
5556
4779
4326
3707
2967
2416
2172
2794
3196
2266
889
-110
-824
-2147
-3611
-3861
-3092
-1992
-1279
-1216
-1319
-1273
-1247
-1564
-1810
-1263
-43
988
1317
1157
1015
1057
921
584
626
1272
1857
1982
1881
1600
923
108
-380
-821
-1165
-934
-327
-206
-410
-393
-478
-910
-1512
-1549
-1500
-537
2425
5620
6735
4679
2176
645
-306
-454
-421
-90
345
1177
1231
-506
-2273
-3048
-3317
-3877
-3863
-2616
-764
690
830
-42
-916
-1226
-1373
-1513
-1212
-387
417
625
212
-438
-804
-875
-1023
-1062
-594
-57
-99
-401
-537
-798
-1220
-1397
-1434
-1440
-1108
-726
-1003
-1771
-2142
-2054
-2113
-1948
-1131
-886
-2142
-3148
-1204
3230
6379
6327
5115
4688
4641
4096
3234
2748
2929
3584
3731
2525
1111
657
-44
-2084
-3981
-3763
-1972
-862
-1145
-1718
-1858
-1892
-2397
-3181
-3247
-1978
-38
1149
1153
990
1331
1647
1295
765
1183
2242
2607
2224
1836
1518
1051
439
-196
-657
-632
-142
14
-571
-1091
-1051
-1129
-1717
-2094
-1615
-697
110
1111
2630
3923
3874
2434
743
113
978
2292
2488
1477
507
14
-625
-1477
-1888
-1704
-1458
-1569
-1773
-1460
-692
-422
-1172
-2158
-2391
-1875
-1247
-834
-480
-85
63
-258
-663
-607
-152
162
26
-235
-117
263
256
-276
-760
-783
-518
-450
-839
-1331
-1512
-1730
-2286
-2553
-2207
-1986
-2188
-2156
-1660
-1356
-1970
-3501
-4271
-1707
3664
7215
6251
3929
3867
4723
3877
2312
2269
3779
5347
5493
3906
2068
1301
441
-1993
-4120
-3192
-585
237
-1098
-2282
-2165
-1960
-2746
-3532
-3007
-1447
72
846
904
831
1083
1288
774
100
650
2102
2643
2025
1547
1417
987
505
567
841
718
321
-287
-1172
-1656
-1442
-1331
-1648
-1781
-1337
-913
-1135
-1098
390
2735
4219
3941
2665
1727
1590
1887
1940
1611
1469
1388
636
-691
-1845
-2348
-2452
-2775
-3193
-2924
-1767
-614
-507
-1297
-1898
-1766
-1376
-1193
-869
48
987
938
66
-418
-188
-97
-352
-174
582
1112
882
65
-805
-1136
-824
-461
-620
-1154
-1509
-1606
-1915
-2490
-2759
-2679
-2836
-3093
-2741
-1946
-1671
-2563
-4365
-5183
-2280
3925
8404
7598
4412
3372
4221
4500
4318
4735
5332
5633
5522
4324
2329
1071
327
-1476
-3384
-3006
-1100
-589
-1846
-2920
-3229
-3683
-4300
-4250
-3351
-1958
-559
20
-455
-783
-42
856
981
1163
2258
3387
3500
3044
2745
2295
1392
659
667
1082
1245
787
-318
-1578
-2241
-2325
-2539
-2898
-2658
-1821
-1149
-805
-484
-261
63
1258
3074
3983
3586
3082
2869
2254
1503
1483
1865
1865
1461
612
-831
-2048
-2298
-2361
-2912
-2943
-1760
-666
-902
-1804
-2239
-2192
-2045
-1678
-915
32
706
829
617
489
389
-31
-551
-435
470
1335
1268
347
-582
-999
-1215
-1667
-2079
-1911
-1365
-1225
-1777
-2510
-2894
-3052
-3463
-3942
-3550
-2124
-1079
-1853
-4023
-5056
-2213
3954
8694
8274
4744
2572
2803
3729
4594
5579
6262
6105
5058
3296
1545
729
317
-1112
-2934
-2884
-1000
53
-897
-2342
-3144
-3782
-4449
-4349
-3050
-1149
310
479
-574
-1485
-1026
251
1128
1705
2571
3109
2624
1861
1745
1894
1719
1540
1712
1870
1614
799
-590
-1914
-2212
-1700
-1400
-1393
-1152
-939
-1274
-2014
-2516
-1932
-26
1914
2463
1977
1639
1719
1986
2369
2709
2876
2929
2724
2027
1072
379
74
-223
-767
-1138
-878
-521
-1019
-2262
-3180
-3216
-2782
-2348
-1863
-1241
-867
-1104
-1517
-1434
-896
-458
-331
-224
260
1078
1485
1116
556
318
-15
-497
-619
-446
-267
-308
-852
-2082
-3064
-3107
-2788
-2928
-3294
-3218
-3399
-3537
-3514
-3417
-4285
-5958
-4477
1167
8107
10169
6420
2083
642
2607
4736
6617
8070
8414
7555
4975
2182
463
571
949
404
-469
-327
-107
-1363
-3075
-4644
-5082
-5236
-4341
-2490
-1365
-733
-1133
-1593
-2371
-2456
-954
789
2300
2826
2791
2019
1165
1476
2234
2455
2318
2580
2535
1705
738
-57
-843
-1316
-1270
-1292
-1354
-1304
-1560
-2086
-2175
-1689
-1223
-1147
-1144
-218
2067
4206
4289
2710
1440
1422
2183
2993
3390
3256
2580
1412
-97
-1394
-1875
-1786
-1635
-1612
-1576
-1773
-2369
-2924
-2764
-2256
-2167
-1833
-1192
-310
26
-266
-232
-460
-293
34
392
1005
1178
1263
593
-591
-1291
-1131
-506
-315
-456
-884
-1968
-3495
-4106
-3540
-2617
-2105
-2258
-2927
-3424
-3152
-3094
-3939
-5565
-4964
-407
5993
9765
7539
3059
245
1045
3756
5957
7469
7508
7128
5359
2678
425
246
1655
1375
60
-842
187
717
-597
-2580
-4043
-3886
-3631
-2964
-2495
-1735
-1181
-1648
-2523
-3318
-1848
287
1437
978
249
757
841
692
936
2080
3162
3099
2373
1438
1071
1315
1433
825
253
439
787
436
-573
-1357
-1553
-1401
-1334
-1421
-1275
-636
325
1270
1853
1626
792
282
437
841
1539
2489
2644
1635
592
58
-452
-792
-465
170
429
16
-897
-1595
-1554
-1300
-1448
-1685
-1563
-1207
-966
-926
-920
-851
-941
-1234
-1256
-772
-93
248
-156
-1208
-1781
-1232
-672
-897
-1164
-777
-712
-1580
-2503
-2402
-1649
-1316
-1680
-2802
-3266
-2759
-2011
-2676
-5051
-5485
-1999
4485
8131
5940
1808
-111
1446
3433
5234
6531
6842
6737
5092
2352
439
1524
3706
3427
1319
4
228
148
-1065
-2403
-2763
-2330
-1939
-2091
-2658
-2723
-2152
-2114
-3229
-3913
-2506
8
1379
1066
254
-143
3
541
1126
1638
2363
2928
2429
1370
1244
1834
1832
1124
555
331
158
-70
-630
-1261
-1398
-1161
-1318
-1869
-2168
-1603
-177
940
1546
1440
1149
967
451
637
1125
1940
2390
1785
1111
395
110
-151
-405
-186
219
238
-516
-1596
-2090
-1702
-1380
-1265
-1543
-1412
-1122
-1301
-1457
-1819
-1389
-1109
-826
-318
19
522
-68
-778
-1503
-1757
-1460
-1349
-737
-268
-140
-1024
-2475
-3266
-2987
-2080
-1662
-1908
-2114
-1848
-2024
-2943
-4831
-5365
-2147
3959
8541
6997
2450
-626
165
2961
5102
6429
6396
6318
5147
2818
434
127
2193
3232
2599
889
347
248
-390
-1571
-2855
-2566
-2155
-1933
-2345
-2356
-1476
-1230
-1595
-2524
-2347
-954
310
540
-240
-679
-298
466
821
872
1264
1965
2282
1629
811
827
1532
1981
1450
695
397
543
282
-384
-815
-599
318
220
-468
-1732
-1869
-225
1285
2525
1438
191
-712
-700
838
1520
2197
1277
425
79
-450
-415
-815
-116
583
514
-285
-1286
-1189
-668
-334
-568
-788
-719
-537
-609
-979
-1280
-1484
-1534
-1565
-1349
-775
-365
-651
-1540
-2276
-2130
-1173
-411
-539
-1018
-1432
-1886
-2244
-2028
-1397
-1190
-1325
-1747
-2201
-2417
-2562
-3897
-5657
-4338
971
6981
7595
3543
-732
-1631
1316
3999
6006
6150
6392
6568
4121
1140
-587
1756
4241
4159
2550
337
-101
-276
-713
-1693
-2025
-960
-687
-1863
-3327
-3216
-1966
-1246
-1836
-2522
-1879
-481
123
-612
-1300
-980
100
1253
1741
1518
1534
2096
1976
956
642
1523
2250
2046
1249
368
-57
-22
-382
-1200
-1499
-768
-34
-396
-1530
-2168
-1008
1223
2576
1977
414
-735
-662
188
840
1743
1882
1617
629
-819
-930
-923
-58
434
182
79
-752
-896
-856
-613
-230
-442
-723
-1020
-999
-753
-510
-507
-681
-868
-850
-521
-267
-324
-882
-1538
-1736
-1471
-1020
-746
-1005
-1751
-2483
-2931
-2917
-2134
-1283
-1518
-2759
-3632
-3362
-2702
-2679
-3923
-4574
-1523
4600
8083
5653
612
-1783
771
4643
7170
7199
5983
5921
4713
2427
172
697
3986
4914
3064
374
-596
-172
-459
-1265
-1987
-1846
-1281
-1568
-3100
-4007
-2806
-1053
-1030
-2189
-2153
-924
-18
-97
-809
-1135
-111
1627
2281
1632
1085
1277
1523
1287
841
874
1600
2163
1688
609
17
148
295
-83
-624
-640
-198
-88
-579
-1016
-793
-192
102
7
53
440
657
293
-208
-75
775
1568
1555
789
-21
-308
-135
84
143
158
214
174
-45
-238
-191
-94
-344
-871
-1090
-616
71
101
-716
-1629
-1807
-1285
-822
-990
-1501
-1814
-1764
-1670
-1655
-1356
-766
-429
-1048
-2205
-2868
-2457
-1582
-1057
-1215
-1969
-2251
-2160
-2138
-3344
-5200
-4691
-599
5426
7670
4581
32
-1786
763
4287
6706
6988
6073
5752
4323
2048
561
1806
4570
4497
2283
-34
-673
-28
-202
-966
-2261
-2181
-1201
-1321
-2574
-3797
-3163
-1750
-1287
-2125
-2316
-1255
-177
-319
-1090
-835
6
1641
2272
1845
1504
1568
2147
1633
1404
1745
2256
2235
982
12
-390
-26
159
-327
-760
-709
-259
-333
-781
-817
-367
-213
-384
-149
501
902
553
-173
-584
-148
868
1458
1131
450
-7
-454
-922
-741
281
1136
914
-16
-695
-721
-371
-147
-336
-709
-750
-429
-356
-835
-1332
-1277
-871
-665
-788
-1027
-1223
-1346
-1393
-1393
-1296
-1114
-944
-1110
-1753
-2502
-2948
-2801
-2263
-1819
-1879
-2184
-2288
-2049
-2194
-3523
-4669
-3359
1612
6545
6621
2431
-1745
-1448
2219
5578
6665
5582
4993
4669
3175
1005
209
2593
4997
4578
2092
-95
-79
327
-80
-1197
-2037
-1321
-680
-1412
-2988
-3437
-2184
-1288
-1753
-2584
-2284
-943
-95
-701
-1594
-1051
708
1928
1594
715
665
1457
1977
1682
1415
1997
2854
2745
1571
534
503
865
517
-441
-877
-338
216
-207
-1182
-1484
-872
-422
-888
-1529
-1207
-98
586
304
-194
-80
519
976
1027
816
505
220
175
494
999
1334
1250
772
176
-158
-71
183
196
-129
-475
-582
-606
-873
-1333
-1546
-1275
-872
-927
-1500
-2003
-2013
-1760
-1616
-1543
-1322
-1008
-946
-1371
-1960
-2125
-1762
-1251
-1027
-1354
-1997
-2248
-2097
-2028
-2106
-2527
-3821
-4818
-2504
2910
6798
5405
630
-2489
-1035
3288
6391
6873
5474
4409
3840
2655
1402
1562
4454
6077
4408
1590
-208
-364
-521
-250
-522
-1008
-673
-877
-2220
-4096
-3962
-2101
-899
-1326
-2378
-2203
-1039
-259
-629
-1314
-1036
469
1891
1865
1038
887
1576
1901
1443
1060
1412
2033
1956
1057
178
-7
218
263
0
-227
-127
1
-389
-1185
-1645
-1350
-429
642
1138
664
-336
-1119
-1187
-289
1039
1548
878
0
-375
-443
-300
278
1095
1466
948
-74
-656
-288
547
1022
814
242
-200
-379
-534
-780
-869
-618
-331
-446
-991
-1610
-1997
-2078
-1897
-1614
-1456
-1545
-1697
-1715
-1766
-2060
-2443
-2404
-1831
-1181
-1039
-1518
-2331
-2842
-2512
-1690
-1090
-1745
-3280
-3650
-1180
3442
5997
4073
110
-1572
681
4092
6121
6101
4855
3926
3024
1820
1036
2205
4706
5267
3210
363
-782
-207
411
450
-137
-238
-301
-1208
-2729
-3523
-2281
-612
-411
-1731
-2714
-2146
-1124
-918
-1429
-1498
-681
415
852
393
-48
466
1453
1613
1058
1030
1781
2192
1509
403
67
711
1337
1074
191
-477
-568
-432
-395
-386
-260
-131
-303
-583
-491
19
330
84
-345
-287
305
570
356
-94
-170
208
405
607
651
764
799
452
201
135
520
950
818
181
-536
-734
-500
-288
-347
-530
-726
-1024
-1472
-1867
-1957
-1819
-1682
-1763
-1981
-2020
-1771
-1525
-1615
-1974
-2174
-1822
-1230
-1090
-1475
-1700
-1575
-1610
-1878
-1932
-1487
-1171
-1887
-3496
-3699
-503
4214
5943
3010
-770
-1500
1187
4267
5411
4958
4136
4290
3991
2672
1713
2887
5300
5196
2792
350
8
1033
1599
1270
-131
-636
-321
-707
-2248
-3411
-2317
-954
-1201
-2545
-3343
-2611
-1469
-986
-1400
-1961
-1319
124
770
128
-557
5
1242
1849
1587
1199
1189
1333
1092
503
242
708
1223
895
-57
-650
-396
37
205
9
-207
16
89
-109
-177
238
656
160
-314
-156
356
808
597
271
-261
-303
348
669
891
751
797
697
418
598
532
496
204
-145
-383
-386
93
33
-698
-1530
-1594
-1105
-958
-1299
-1836
-2052
-1825
-1395
-1412
-1899
-2084
-1746
-1578
-1855
-1926
-1613
-1423
-1687
-2099
-2084
-1405
-759
-1079
-2110
-2708
-2178
-1218
-1193
-2641
-3791
-2071
2275
5411
4162
410
-1698
-80
3137
5162
5657
5366
5279
4458
2640
1213
1911
4673
6132
4802
2028
404
616
1054
948
206
-111
4
-578
-2034
-3458
-3122
-1655
-1007
-1683
-2821
-2835
-2106
-1778
-2050
-2373
-1741
-658
-52
-225
-675
-475
307
771
535
491
1214
1939
1616
583
-11
375
1167
1451
1085
542
410
333
285
169
40
235
383
599
385
145
221
204
123
-221
-5
467
595
327
-226
-346
-113
702
1445
1254
599
-56
-162
-5
306
866
989
737
8
-903
-1283
-1113
-533
-280
-528
-1059
-1698
-1991
-1857
-1544
-1422
-1532
-1702
-1844
-1872
-1646
-1363
-1555
-2146
-2403
-1906
-1126
-885
-1399
-2182
-2489
-2158
-1769
-1704
-1729
-1452
-1160
-1602
-3043
-4041
-2404
1802
5242
4547
1152
-1093
-122
2735
5017
5949
5504
5078
4670
3532
2349
2584
4868
6485
5806
3484
1357
820
1091
1187
475
-141
-33
-238
-1602
-3354
-3785
-2818
-1839
-1916
-2826
-3611
-3582
-3055
-2922
-3039
-2409
-992
-127
-588
-1470
-1580
-643
704
1522
1518
1294
1445
1560
1192
904
1338
1856
1705
1192
743
744
860
826
572
244
546
833
786
538
196
112
8
115
402
590
535
186
-45
-70
-25
119
455
706
557
149
-47
169
360
218
14
52
125
-11
-238
-513
-841
-927
-652
-533
-904
-1379
-1619
-1790
-1900
-1699
-1387
-1404
-1667
-1875
-2080
-2302
-2250
-1854
-1465
-1428
-1782
-2223
-2315
-1977
-1528
-1262
-1267
-1519
-1843
-2048
-1963
-1636
-1569
-2204
-2755
-1347
2141
4996
4580
1728
-427
188
3026
5783
6907
6373
5634
4816
3324
2215
2810
5159
6431
5193
2514
395
229
750
939
236
-543
-812
-1470
-2783
-4267
-4360
-2998
-1847
-2222
-3681
-4433
-3920
-2982
-2540
-2507
-2263
-1429
-498
-375
-915
-947
82
1212
1504
1313
1501
2054
2268
1871
1353
1361
1785
1975
1544
949
872
1307
1471
986
375
63
314
565
597
635
621
671
149
-460
-366
338
1125
1026
357
-226
-221
487
1114
1075
518
152
160
185
100
190
461
441
-128
-924
-1282
-1067
-818
-966
-1324
-1525
-1632
-1938
-2358
-2385
-1871
-1362
-1476
-2097
-2549
-2389
-1827
-1418
-1452
-1675
-1694
-1484
-1309
-1367
-1555
-1603
-1465
-1349
-1219
-957
-773
-945
-1301
-1435
-1418
-1532
-1761
-1415
411
3472
5492
4505
1753
302
1783
4437
6144
6271
5268
4611
4312
3796
2914
2645
3772
4547
3691
1726
122
-301
-98
-98
-726
-1436
-1644
-1869
-2950
-4266
-4334
-3108
-2121
-2464
-3457
-3814
-3211
-2481
-2428
-2678
-2190
-879
22
-356
-1147
-856
591
1786
1773
1141
1027
1628
2110
1896
1559
1925
2707
2865
2106
1191
941
1361
1743
1436
722
401
521
472
79
1
462
844
457
-437
-944
-523
450
734
263
-285
-114
420
425
305
125
310
478
421
277
-133
-95
-134
-430
-957
-1344
-1144
-1017
-1082
-1590
-2138
-2200
-1916
-1721
-1991
-2332
-2400
-2225
-2124
-2070
-1786
-1263
-998
-1328
-1780
-1745
-1087
-408
-242
-573
-899
-985
-869
-679
-595
-504
-504
-446
-583
-738
-953
-1462
-1200
663
4008
5802
4377
1436
-247
1262
3999
5967
5878
4635
4109
3537
2536
1512
2051
3958
4743
3492
843
-1077
-1154
-349
114
-445
-1215
-1835
-2809
-4005
-4723
-4144
-2914
-2366
-2924
-3834
-3932
-3142
-2426
-2325
-2306
-1671
-440
268
167
-91
275
1384
1973
1852
1507
1675
2398
2673
2401
1901
1843
2211
2198
1641
1060
1017
1319
1388
883
141
-130
259
696
699
546
431
124
-437
-829
-606
158
854
863
205
-492
-635
-200
362
643
614
403
-25
-655
-1110
-989
-465
-187
-536
-1226
-1742
-1937
-2000
-2020
-1869
-1518
-1282
-1560
-2302
-2868
-2636
-1724
-931
-870
-1296
-1562
-1450
-1241
-1097
-796
-172
362
264
-358
-793
-513
192
644
489
-102
-678
-787
-455
-53
-90
-862
-1648
-1253
1062
3941
4622
2749
352
-279
1475
3898
5479
5230
4066
3395
2585
1899
1697
2745
4032
3630
1958
-246
-1119
-777
-135
-57
-1076
-1872
-2491
-2989
-3719
-4082
-3401
-2648
-2511
-3269
-3789
-3332
-2259
-1465
-1501
-1612
-1125
-160
489
518
485
923
1709
2170
2146
1996
2139
2410
2292
1970
1724
1957
2187
1850
1225
649
812
1059
976
528
60
272
491
520
74
-259
94
703
1163
907
323
-88
-85
19
-1
-136
-74
280
217
-270
-1083
-1389
-984
-608
-570
-1108
-1603
-1793
-1793
-1652
-1507
-1296
-1166
-1286
-1643
-1871
-1652
-1121
-814
-1046
-1465
-1516
-1023
-451
-265
-411
-616
-742
-684
-338
125
428
407
65
-449
-744
-604
-258
-6
-1
-173
-458
-653
-789
-1144
-1888
-2236
-805
2102
4315
3580
923
-975
-399
2131
4221
4905
4123
3455
3009
2023
1148
1142
2765
3807
3203
1358
-468
-769
-369
70
-424
-1083
-1291
-1704
-2524
-3579
-3625
-2699
-1797
-1936
-2909
-3300
-2593
-1503
-1163
-1530
-1696
-1026
39
581
440
335
851
1516
1700
1577
1667
1966
2075
1851
1517
1399
1619
1900
1762
1182
753
931
1388
1454
1004
509
410
675
827
498
75
277
914
958
55
-947
-1169
-688
-216
-227
-472
-459
-290
-524
-1235
-1773
-1558
-778
-236
-510
-1291
-1736
-1503
-1087
-1031
-1209
-1169
-932
-931
-1203
-1197
-607
29
-46
-792
-1338
-1013
-124
429
164
-528
-925
-748
-319
-20
21
-75
-195
-339
-487
-557
-379
-129
-92
-490
-1084
-1398
-1179
-734
-823
-1488
-2543
-2808
-1338
1513
3716
3110
919
-878
-527
1355
3161
4108
3732
3418
2966
2302
1484
1234
2471
3481
3405
1982
528
14
-117
106
-115
-615
-939
-1201
-1580
-2446
-2962
-2591
-2164
-2264
-2734
-2801
-2280
-1754
-1561
-1707
-1745
-1125
-137
297
4
-167
584
1605
2033
1880
1579
1793
2247
2362
1954
1619
1919
2167
1911
1369
1081
1203
1323
1040
360
-214
-176
383
820
745
119
-558
-998
-1211
-1005
-481
146
160
-592
-1370
-1674
-1240
-521
-40
-103
-639
-873
-726
-535
-483
-474
-260
-180
-307
-509
-692
-572
-308
-61
-38
-215
-329
-585
-799
-732
-353
99
25
-363
-665
-637
-433
-504
-631
-572
-316
-143
-304
-614
-870
-908
-866
-965
-1061
-975
-939
-1170
-1352
-1250
-1075
-1351
-2280
-2932
-1791
1280
3649
3084
493
-1372
-721
1612
3867
4535
3828
3152
2782
2303
1534
1728
3293
4413
3736
1608
-2
-133
440
832
400
-271
-672
-1024
-1707
-2770
-3040
-2268
-1489
-1671
-2568
-2970
-2573
-1787
-1391
-1614
-1712
-1097
-219
-54
-408
-208
841
1793
1848
1403
1339
1816
2159
1897
1369
1286
1770
2121
1780
1081
676
649
683
562
317
195
394
585
245
-454
-777
-494
-127
-166
-487
-630
-451
-326
-604
-1047
-1088
-601
-75
-8
-384
-757
-740
-401
-125
-34
48
122
31
-150
-265
-285
-168
27
72
-38
-57
-32
-236
-593
-738
-571
-379
-478
-798
-929
-694
-431
-508
-876
-1156
-1043
-645
-443
-705
-1143
-1351
-1294
-1108
-830
-579
-567
-835
-1185
-1442
-1353
-917
-840
-1819
-2906
-1974
1046
3454
3000
644
-997
-439
1680
3642
4258
3622
3138
2879
2169
1351
1618
3362
4406
3633
1572
-306
-603
201
1101
873
2
-589
-1301
-2256
-3104
-2889
-1763
-1072
-1462
-2611
-3277
-2797
-1798
-1207
-1374
-1462
-854
-176
-132
-415
-258
454
1122
1262
1056
931
1257
1575
1405
963
838
1395
1838
1642
940
513
775
1033
1046
709
385
271
198
396
540
550
357
-70
-333
-536
-396
39
292
145
-464
-846
-795
-416
-47
-9
49
123
-7
-386
-543
-202
235
449
293
-108
-426
-440
-314
-206
-11
212
143
-399
-1069
-1324
-974
-404
-172
-414
-855
-1206
-1370
-1323
-1080
-736
-522
-618
-974
-1276
-1206
-831
-419
-229
-369
-733
-943
-780
-481
-452
-669
-709
-638
-693
-1196
-2055
-2261
-938
1543
2920
1883
-114
-1047
-22
1980
3427
3495
2674
2400
2549
2279
1800
2111
3304
3693
2626
976
233
769
1374
1190
124
-694
-828
-956
-1501
-2160
-2141
-1773
-1714
-2175
-2754
-2736
-2054
-1421
-1529
-1985
-1864
-1056
-461
-443
-623
-388
310
854
1078
1043
1176
1511
1634
1543
1322
1418
1817
1953
1585
964
937
1311
1318
960
494
413
576
627
374
69
321
690
479
-247
-730
-681
-250
65
-99
-442
-615
-329
-249
-503
-622
-375
166
306
187
-23
-79
83
153
178
123
156
112
-203
-610
-790
-535
-228
-342
-907
-1443
-1584
-1387
-1099
-868
-750
-853
-1123
-1345
-1251
-764
-172
84
-164
-617
-804
-488
-6
92
-229
-478
-516
-523
-472
-464
-605
-743
-709
-879
-1441
-2090
-2312
-1562
175
1928
1787
39
-1350
-968
895
2550
3491
3202
2419
1908
1568
1644
2105
3410
4204
3413
1615
36
-27
873
1729
1549
439
-647
-1350
-1778
-2169
-2166
-1554
-926
-1225
-2365
-3137
-2760
-1741
-1148
-1220
-1455
-1335
-822
-326
-164
-117
217
696
889
808
861
1250
1688
1722
1330
1019
1155
1504
1636
1346
898
734
893
931
628
452
609
752
537
54
-368
-269
333
731
581
-116
-552
-440
-106
190
-54
-162
-29
47
-75
-508
-490
-113
192
119
-247
-381
-321
-348
-596
-842
-835
-586
-404
-491
-738
-934
-910
-764
-665
-689
-763
-736
-584
-421
-382
-446
-458
-317
-141
-101
-206
-290
-218
-33
86
11
-172
-324
-364
-358
-470
-770
-1097
-1195
-1093
-940
-875
-1030
-1449
-1921
-2260
-2414
-1868
-425
1258
1740
587
-888
-1257
126
2087
3356
3433
2651
1930
1408
1192
1345
2240
3483
3602
2262
479
-207
392
1262
1527
856
21
-501
-793
-991
-1259
-1184
-783
-566
-985
-1779
-1981
-1573
-1099
-908
-997
-999
-670
-258
-217
-435
-339
212
652
719
515
474
758
890
787
635
883
1316
1274
834
382
478
947
1189
1059
625
429
549
679
624
301
356
1024
1634
1316
82
-757
-628
90
681
544
71
-286
-406
-613
-944
-724
-143
163
-258
-1139
-1576
-1318
-705
-368
-434
-555
-634
-764
-998
-1064
-660
37
432
217
-255
-428
-170
142
232
175
156
177
103
-105
-313
-339
-149
61
-28
-481
-934
-977
-741
-719
-1061
-1474
-1562
-1279
-958
-929
-1065
-1124
-1127
-1197
-1307
-1283
-1218
-1096
-1207
-1612
-1442
-248
1328
1638
394
-783
-542
1076
2543
2844
2294
1810
1903
2020
1634
1260
1829
3000
3286
2105
624
219
852
1568
1628
995
221
-154
-218
-502
-947
-895
-258
24
-659
-1525
-1700
-1153
-722
-871
-1151
-1188
-717
-273
-413
-855
-937
-210
431
305
-67
-41
458
646
417
309
576
1191
1450
1117
588
481
986
1382
1340
974
626
612
989
1555
1796
1357
488
-202
-349
36
441
600
294
-528
-1358
-1829
-1544
-883
-423
-421
-960
-1517
-1763
-1516
-907
-328
36
49
-262
-703
-902
-575
152
766
857
487
8
-249
-247
-86
150
386
488
305
-145
-604
-761
-563
-260
-161
-349
-677
-946
-1101
-1203
-1221
-1056
-764
-607
-781
-1162
-1402
-1327
-1118
-945
-735
-496
-480
-760
-1094
-1255
-1175
-936
-801
-935
-921
-257
658
855
148
-503
-254
823
1966
2442
2169
1781
1681
1666
1714
1916
2426
2923
2856
2110
1114
953
1500
1833
1615
1032
635
434
259
-69
-433
-450
-301
-446
-984
-1485
-1544
-1256
-1113
-1324
-1533
-1390
-1000
-778
-907
-1125
-1038
-620
-225
-56
53
293
594
704
507
308
596
1278
1667
1405
877
677
888
1197
1241
955
628
665
1051
1197
833
142
-239
-236
-128
-18
-128
-227
-438
-687
-944
-1132
-870
-519
-276
-460
-870
-1021
-802
-295
-64
-116
-264
-387
-414
-346
-124
115
271
240
-45
-460
-638
-393
-24
88
-166
-538
-727
-640
-458
-369
-345
-347
-421
-552
-660
-719
-662
-463
-285
-331
-555
-718
-696
-603
-606
-703
-780
-808
-828
-829
-832
-929
-1058
-996
-768
-707
-937
-1178
-1190
-937
-340
513
1041
760
129
97
941
1988
2498
2401
2133
2037
2126
2269
2415
2609
2777
2625
1994
1265
1054
1436
1824
1650
924
133
-264
-298
-307
-442
-638
-841
-1063
-1326
-1532
-1492
-1260
-1115
-1189
-1370
-1388
-1073
-640
-450
-556
-697
-598
-266
24
117
146
294
507
573
460
358
425
614
721
671
550
424
344
349
416
491
451
327
414
789
1041
803
248
-129
-40
359
620
506
221
1
-167
-316
-395
-336
-206
-197
-366
-614
-852
-933
-745
-463
-360
-499
-763
-999
-1011
-748
-454
-336
-363
-472
-608
-672
-584
-376
-149
7
15
-142
-325
-417
-378
-182
44
102
-64
-372
-584
-512
-331
-301
-358
-354
-365
-508
-658
-676
-673
-715
-618
-379
-264
-386
-602
-670
-498
-260
-114
-66
-82
-144
-227
-103
511
1375
1766
1250
368
252
1145
2000
1980
1445
1217
1460
1636
1375
991
998
1393
1573
1108
411
168
447
839
904
527
42
-227
-299
-333
-404
-394
-223
-110
-308
-781
-1189
-1205
-886
-600
-581
-720
-781
-731
-723
-783
-731
-498
-293
-328
-494
-490
-270
-63
-28
-61
7
121
141
160
290
474
567
438
245
330
699
1063
1109
804
530
593
811
826
534
180
70
170
159
-81
-299
-250
-100
-194
-577
-929
-952
-689
-504
-648
-977
-1147
-965
-677
-641
-720
-613
-427
-403
-541
-603
-427
-201
-133
-129
-27
163
229
-8
-302
-246
118
418
403
173
50
129
313
441
266
-34
-4
232
333
264
126
123
293
378
259
86
5
121
227
67
-169
-224
-10
225
159
-210
-423
-241
41
257
187
97
176
164
49
-110
-46
246
503
419
86
15
163
240
100
-81
-9
258
444
286
-60
-197
22
286
280
148
23
-11
13
17
113
182
154
16
-117
-92
-52
-21
28
87
105
112
88
38
20
32
121
125
78
19
-57
-16
85
188
138
-38
-147
-96
103
291
289
87
-168
-257
24
443
652
440
-42
-369
-425
-163
93
81
-56
-267
-443
-536
-534
-473
-411
-399
-420
-409
-424
-442
-438
-424
-365
-294
-280
-291
-254
-186
-135
-78
-49
-53
58
209
197
93
27
72
272
440
439
400
441
491
404
211
117
179
302
402
414
343
241
130
57
40
65
112
176
187
58
-157
-327
-304
-168
-34
6
-150
-355
-456
-309
-27
160
145
-107
-265
-249
-164
46
170
179
81
-83
-127
-107
-1
124
157
59
-133
-207
-170
-88
0
32
13
-21
-24
-8
23
60
107
126
76
38
64
153
217
106
-90
-88
111
329
396
217
-35
-103
30
143
180
149
126
81
-46
-54
39
176
208
54
-88
-162
-111
25
117
105
-13
-185
-351
-411
-295
-35
94
-81
-289
-348
-345
-324
-297
-293
-271
-217
-178
-93
-27
-66
-143
-235
-212
-91
2
6
-75
-149
-178
-125
-25
60
118
127
92
16
-56
-32
140
376
554
516
333
203
186
327
475
549
561
533
447
291
188
158
248
330
282
148
-24
-116
-159
-162
-136
-120
-99
-93
-181
-359
-467
-392
-252
-209
-219
-284
-335
-307
-290
-234
-194
-214
-213
-159
-45
34
42
58
100
110
128
149
127
134
153
166
185
204
249
251
156
85
99
146
207
268
300
266
179
116
106
159
265
327
279
66
-146
-192
-137
22
142
62
-145
-311
-340
-315
-260
-164
-105
-159
-273
-375
-409
-347
-257
-196
-241
-360
-364
-275
-199
-157
-197
-261
-266
-232
-92
85
147
138
73
-47
-78
61
292
430
393
232
36
-82
-62
62
196
336
359
170
-64
-165
-50
107
222
238
135
42
-48
-95
-137
-66
105
196
197
126
19
-48
18
75
124
257
345
337
170
-22
-67
33
201
218
97
-36
-187
-292
-283
-220
-135
-40
-73
-231
-399
-473
-313
-82
49
16
-118
-140
-108
-73
-25
51
154
161
118
60
57
163
257
281
213
177
225
224
152
46
58
122
123
109
43
-15
22
108
97
33
62
102
151
148
12
-60
-63
-59
6
11
-9
-5
-80
-172
-253
-301
-232
-152
-169
-265
-377
-415
-334
-286
-336
-310
-245
-180
-116
-214
-295
-243
-135
16
98
53
-7
-3
37
138
225
284
319
247
164
144
188
235
265
245
129
34
41
159
249
235
193
71
-25
28
105
168
171
75
18
-16
-33
-4
62
120
75
-4
-87
-96
-13
55
30
-146
-232
-218
-202
-170
-138
-111
-138
-211
-333
-269
-57
39
4
-123
-187
-121
47
119
63
-10
-77
-54
-25
9
105
165
135
40
-39
-10
153
306
294
161
81
105
166
230
270
264
237
201
132
71
74
154
230
178
44
-52
-49
-2
14
-2
-24
-41
-77
-90
-159
-201
-113
-55
-43
-78
-168
-221
-200
-128
-102
-134
-124
-164
-282
-282
-214
-91
7
-95
-238
-292
-179
-27
-5
-11
-55
-82
-66
-66
-20
44
190
289
196
78
-7
59
223
272
278
256
176
106
64
35
39
98
183
147
3
-52
-34
18
81
91
92
57
-50
-95
-56
-29
-30
-53
-84
-123
-127
-58
-15
-63
-116
-135
-179
-251
-266
-161
-20
-8
-166
-298
-246
-95
18
80
113
123
90
-24
-125
-24
245
418
381
251
125
89
167
275
307
284
247
194
174
156
169
162
141
77
-54
-90
-70
28
63
2
-44
-94
-40
-36
-56
-50
-41
41
39
-15
-61
-78
-19
-7
-60
-147
-217
-208
-171
-172
-222
-267
-264
-205
-212
-319
-397
-383
-242
-113
-93
-131
-169
-116
-66
-53
4
92
120
68
54
141
261
292
223
162
136
184
274
316
260
100
15
39
91
173
193
127
31
-54
-85
-63
20
127
112
46
23
-3
-48
-114
-61
-1
-27
-52
-138
-145
-119
-167
-193
-216
-215
-170
-174
-216
-205
-155
-53
49
20
-36
-73
-70
53
157
147
101
99
98
43
11
50
189
252
115
-5
-18
39
127
159
138
180
218
159
90
61
120
274
397
366
202
111
185
257
265
250
195
199
210
95
-23
-16
70
86
1
-94
-159
-143
-128
-163
-220
-304
-302
-277
-248
-227
-282
-301
-326
-303
-221
-160
-131
-179
-271
-322
-271
-182
-113
-117
-162
-233
-302
-259
-188
-78
23
20
-22
-44
-6
64
118
155
220
293
306
290
264
276
354
427
434
383
339
306
272
260
257
237
177
102
-37
-147
-140
-118
-140
-217
-261
-300
-306
-264
-299
-347
-370
-332
-289
-254
-243
-280
-288
-305
-274
-197
-131
-87
-72
-78
-67
-35
-2
95
100
48
42
74
198
265
242
177
173
269
297
290
264
217
225
221
211
263
289
270
228
159
120
143
207
280
253
155
130
142
210
341
386
345
250
149
126
134
176
254
261
148
-40
-165
-164
-178
-219
-249
-352
-393
-425
-493
-479
-451
-413
-432
-461
-452
-415
-315
-256
-235
-255
-288
-268
-191
-67
36
81
57
-4
-52
-57
-9
43
86
119
123
98
30
-39
-42
45
165
229
204
167
159
145
182
193
250
380
358
257
107
31
137
272
281
129
-18
-102
-139
-163
-202
-190
-152
-168
-301
-454
-464
-362
-309
-342
-359
-320
-262
-249
-266
-257
-180
-81
-40
-63
-60
-9
47
130
153
151
149
130
133
83
127
251
287
291
217
154
166
169
201
211
230
295
279
228
170
114
154
186
188
201
225
252
181
72
55
151
272
304
246
195
190
183
147
84
83
148
192
132
-41
-157
-122
-12
-26
-165
-282
-336
-307
-321
-401
-389
-330
-290
-311
-429
-503
-411
-268
-213
-257
-299
-259
-168
-81
-5
40
46
15
-20
-27
37
183
292
255
111
50
105
220
293
225
109
39
67
97
149
188
94
27
-6
-29
-39
0
56
94
81
-75
-147
-134
-122
-71
-75
-81
-73
-147
-267
-281
-209
-114
-95
-196
-246
-217
-195
-177
-142
-117
-108
-142
-204
-187
-101
1
12
-63
-100
-60
70
141
119
114
61
57
132
161
198
224
211
220
199
174
212
274
301
305
257
180
207
302
371
324
212
177
175
199
216
200
182
139
116
90
60
65
67
55
5
8
27
-14
-24
-61
-93
-77
-66
-78
-120
-198
-317
-286
-178
-131
-136
-211
-249
-245
-245
-245
-224
-164
-97
-76
-142
-206
-176
-95
-49
-34
4
58
73
33
21
66
144
191
155
95
90
110
131
152
97
48
56
67
32
-26
-14
7
5
-101
-210
-168
-79
-34
-122
-231
-278
-231
-164
-144
-98
-98
-90
-119
-190
-175
-60
50
26
-48
-73
-30
24
15
-3
48
108
69
-18
-91
-110
-4
156
196
104
-13
-89
-90
-53
13
70
99
109
50
-60
-113
-1
163
228
233
165
73
43
76
203
314
315
276
183
69
25
46
154
248
192
107
17
-77
-83
-51
35
134
130
32
-79
-109
-72
23
99
58
-6
-9
3
10
0
-16
48
106
84
0
-98
-107
-33
76
109
34
-55
-128
-123
-92
-108
-74
-31
-48
-84
-115
-92
-57
-56
-28
-23
8
49
16
29
52
40
45
36
-7
-38
-35
-19
-6
-42
-121
-145
-113
-124
-174
-205
-207
-176
-159
-192
-228
-224
-185
-128
-110
-164
-221
-245
-215
-119
-16
23
-11
-69
-75
-6
34
63
65
55
123
136
117
119
134
159
171
152
90
117
197
237
236
154
104
68
40
64
84
134
129
59
-4
-44
5
59
105
100
5
-82
-112
-31
58
76
46
20
29
22
4
3
38
86
112
111
43
-14
4
64
107
76
74
81
62
59
51
75
100
117
118
68
57
79
137
188
168
126
68
43
5
-19
10
30
73
75
32
-56
-110
-49
11
30
-1
-44
-80
-97
-68
-39
-25
-25
-57
-142
-219
-230
-177
-98
-78
-147
-214
-225
-230
-234
-220
-161
-127
-156
-181
-209
-194
-139
-127
-132
-189
-212
-187
-176
-131
-115
-102
-105
-145
-141
-135
-88
-52
-35
-15
-12
10
24
56
92
116
129
132
163
213
251
263
257
237
243
256
290
324
309
263
190
187
215
228
242
190
116
58
26
-13
-78
-68
-60
-88
-116
-146
-150
-185
-210
-230
-218
-142
-96
-70
-90
-120
-135
-100
-38
-8
39
34
40
76
50
52
110
159
185
180
152
155
175
162
177
211
224
229
192
166
157
140
172
183
180
163
117
120
129
123
105
41
5
-7
-4
18
3
0
-21
-56
-104
-191
-227
-208
-124
-76
-134
-238
-322
-311
-255
-195
-182
-184
-243
-356
-381
-398
-320
-229
-269
-282
-344
-349
-217
-141
-101
-96
-121
-115
-89
-65
-71
-63
-48
-35
-25
8
98
135
92
14
-39
-16
43
157
205
190
178
113
89
100
186
272
271
275
231
187
201
267
330
314
257
193
134
100
120
153
179
197
115
-10
-59
-70
-67
-64
-89
-89
-100
-178
-226
-220
-195
-147
-137
-169
-175
-135
-75
-21
5
0
-12
1
36
71
92
96
93
114
138
151
172
213
231
210
189
210
259
286
256
196
170
192
207
187
157
129
110
93
64
26
3
26
21
-52
-76
-47
-53
-55
-66
-91
-53
-13
-54
-128
-176
-161
-122
-132
-165
-160
-170
-181
-182
-215
-220
-244
-277
-280
-298
-293
-271
-243
-203
-174
-182
-229
-208
-174
-153
-109
-119
-98
-60
-60
-56
-38
12
47
49
31
53
90
111
96
56
75
99
134
123
90
79
90
176
206
180
155
156
168
144
157
181
197
194
120
68
70
71
69
54
60
83
19
-49
-77
-123
-95
-42
-48
-66
-128
-151
-146
-140
-102
-59
-41
-92
-114
-126
-133
-74
-47
-18
4
4
12
23
48
58
73
101
148
199
190
165
181
183
233
271
239
207
167
191
209
203
173
123
157
154
115
56
16
20
24
34
4
-19
-64
-73
-55
-68
-74
-93
-66
-63
-79
-103
-157
-135
-85
-50
-77
-135
-113
-88
-53
-83
-157
-154
-172
-175
-197
-235
-175
-129
-169
-196
-191
-230
-246
-193
-125
-74
-82
-122
-141
-122
-86
-49
-6
10
-4
-16
-13
-5
17
46
57
50
43
49
57
66
77
71
74
71
93
129
86
35
56
135
202
178
135
91
55
71
60
74
128
162
126
20
-49
-51
-22
5
26
6
-46
-97
-122
-68
-24
10
14
-4
-20
-67
-50
-23
-3
3
10
38
13
-8
-1
48
102
132
143
132
113
99
104
125
165
179
195
207
170
96
61
117
136
132
99
43
-25
-89
-46
-31
-40
-16
-23
-42
-73
-88
-92
-44
9
10
38
33
4
13
30
49
50
74
65
23
-17
-54
-21
-21
-30
-25
-88
-124
-162
-201
-193
-199
-202
-219
-226
-223
-251
-251
-211
-189
-192
-186
-178
-154
-114
-107
-102
-92
-89
-48
-1
9
27
66
86
65
24
28
72
145
163
87
38
25
73
139
148
173
158
113
85
67
99
111
81
75
69
44
-11
-25
19
31
-9
-41
-53
-73
-68
-29
11
15
-40
-69
-36
8
43
39
-9
-29
5
68
100
89
88
65
24
27
62
123
163
152
134
84
36
59
81
113
132
77
54
54
15
7
26
43
46
-12
-65
-78
-98
-83
-58
-58
-52
-64
-117
-145
-111
-43
18
9
-45
-52
-11
26
75
122
134
153
179
160
116
80
89
156
194
164
101
52
37
31
4
-30
-70
-104
-135
-174
-203
-223
-233
-228
-244
-257
-247
-251
-267
-258
-248
-239
-210
-183
-172
-171
-160
-122
-73
-35
-11
-16
-3
32
13
-3
26
62
99
120
93
72
91
121
131
70
62
80
116
163
120
108
96
113
132
96
98
77
38
25
35
35
87
111
75
74
37
27
-4
-16
27
74
109
58
26
8
21
66
91
94
74
42
19
53
55
76
74
31
-16
-83
-53
-9
19
14
-25
-56
-69
-51
-76
-75
-65
-67
-64
-108
-132
-128
-71
-24
-33
-50
-91
-54
21
40
28
-39
-59
-9
67
68
24
56
87
124
105
71
68
95
149
136
99
68
100
113
79
67
47
59
31
-44
-100
-112
-88
-95
-126
-138
-141
-163
-205
-244
-239
-203
-186
-180
-170
-159
-142
-131
-127
-95
-53
-38
-19
15
18
8
18
26
21
41
63
47
42
74
84
49
8
-10
8
23
24
28
30
26
17
14
42
61
35
39
82
104
111
111
106
125
136
105
81
64
79
120
97
51
61
101
102
102
76
58
109
102
83
49
24
75
90
63
41
9
-19
-10
-6
-14
-19
-44
-25
-18
-83
-123
-120
-99
-85
-105
-114
-108
-110
-97
-86
-102
-93
-55
-27
-59
-86
-37
-32
-44
-27
-23
6
29
36
16
3
34
61
82
54
49
98
93
76
66
96
137
117
82
18
4
83
140
118
31
-39
-57
-52
-50
-21
0
-24
-30
-23
-48
-93
-93
-41
-18
-28
-25
-54
-108
-113
-92
-49
-35
-56
-72
-124
-155
-137
-80
-50
-83
-91
-97
-86
-57
-71
-103
-96
-34
9
-10
-56
-75
-20
17
4
21
45
96
98
35
17
6
62
145
129
103
81
80
89
72
105
150
132
108
89
70
97
115
98
64
37
39
40
76
113
105
75
40
19
-30
-34
0
-24
16
35
-4
-26
-57
-35
-3
22
-2
-48
-9
-10
-49
-34
-7
-24
-40
-38
-30
-16
-27
-23
-29
-63
-58
-48
-20
-20
-74
-66
-57
-38
28
20
-11
-48
-79
-59
-33
-4
7
15
-3
-52
-55
-26
25
97
149
101
21
-1
26
82
102
129
128
91
80
62
75
89
90
76
22
-30
-58
-84
-116
-86
-54
-97
-125
-148
-169
-171
-160
-147
-191
-200
-198
-201
-158
-101
-83
-123
-114
-77
-64
-53
-15
20
52
59
1
30
94
141
150
86
76
116
170
164
132
107
65
74
94
110
91
68
77
62
43
42
51
49
40
23
-1
4
15
33
63
81
84
47
14
3
-12
44
92
60
11
-59
-81
-37
20
63
56
37
-4
-49
-33
7
56
65
12
-32
-38
0
37
42
24
15
-6
-22
-12
-35
-10
-7
-31
-25
-60
-55
-46
-51
-79
-102
-48
-2
12
-17
-69
-104
-82
12
55
51
31
1
14
24
40
48
41
52
75
105
87
58
65
71
67
56
30
5
7
-9
-7
-11
-25
-27
-82
-110
-129
-153
-108
-122
-140
-124
-173
-208
-208
-193
-166
-115
-81
-83
-73
-92
-81
-45
-35
14
64
65
70
73
71
124
170
183
163
141
128
97
114
146
178
187
119
65
55
59
54
43
47
37
59
63
25
-5
-54
-31
-16
-47
-25
-19
-52
-80
-101
-120
-61
-5
-12
-64
-142
-138
-91
-26
-6
-36
-41
-26
-2
-17
-31
-5
30
44
34
48
77
90
56
15
32
65
119
112
14
-35
-38
19
67
53
33
1
-11
-4
-5
-30
-34
-10
5
10
-19
-65
-74
-29
27
25
-10
-26
-23
-25
-25
-2
21
22
29
19
-34
-57
-25
20
46
43
34
26
-2
-13
5
-1
-29
-36
-8
-6
-69
-131
-151
-131
-74
-27
-42
-77
-115
-127
-83
-55
-48
-51
-30
-1
26
63
24
9
42
89
148
99
77
76
60
151
162
129
124
59
53
78
123
168
126
79
64
60
65
54
34
21
-1
3
11
-23
-29
-19
-45
-37
-22
-58
-73
-74
-116
-123
-107
-100
-58
-45
-82
-89
-89
-78
-17
3
-44
-61
-26
10
34
59
81
88
75
49
36
54
95
123
108
75
55
46
49
74
91
80
55
41
19
-13
-6
18
12
-12
-22
-19
-40
-57
-39
-31
-61
-61
-47
-80
-64
-45
-82
-90
-72
-52
-49
-59
-100
-122
-95
-68
-32
-27
-32
-30
-48
-19
12
23
12
-11
9
4
5
21
26
41
26
30
34
19
7
-28
-21
29
37
31
46
23
-13
4
30
58
69
37
40
47
41
81
88
63
53
34
49
72
43
36
35
14
31
37
21
14
9
26
55
47
14
-14
-19
7
17
-17
-42
-57
-58
-31
2
15
-7
-48
-90
-86
-54
-47
-32
-37
-52
-43
-44
-31
-41
-66
-52
-23
26
59
33
11
25
28
31
34
36
75
95
82
81
52
33
64
64
60
61
30
19
18
-11
-24
-10
16
-8
-48
-53
-58
-41
-25
-38
-43
-68
-92
-84
-102
-119
-79
-50
-69
-89
-105
-127
-118
-77
-43
-8
-24
-65
-56
-31
-15
3
15
12
18
41
56
65
58
36
22
50
81
76
73
56
69
117
112
98
73
43
54
82
98
79
69
50
20
15
40
71
59
60
36
-21
-28
-15
-8
-6
-4
-2
12
-10
-59
-47
-30
-47
-42
-48
-63
-48
-54
-63
-82
-72
-26
-35
-52
-61
-57
-11
24
39
19
-8
-15
5
33
70
110
108
75
51
44
58
85
69
41
51
58
65
66
61
41
36
52
40
17
-1
15
23
-7
14
27
6
-10
-22
-15
-21
-20
-18
-42
-57
-53
-38
-63
-100
-90
-76
-65
-76
-107
-124
-108
-76
-75
-61
-62
-89
-75
-73
-75
-87
-78
-46
-36
-21
-27
-17
14
17
4
1
-3
-7
30
77
100
59
19
46
66
86
103
75
66
72
65
71
65
46
44
46
69
75
37
28
29
25
19
-8
-12
3
30
33
-14
-35
-19
-3
5
30
26
1
-5
-32
-41
-30
-24
-2
4
-17
-39
-55
-53
-27
-15
-16
-10
-12
-23
-32
-41
-19
29
60
56
39
21
31
67
83
78
65
51
51
66
72
68
75
60
47
35
22
39
56
58
19
-12
-23
-18
1
-26
-46
-17
-14
-25
-15
-28
-61
-73
-76
-76
-55
-22
-39
-56
-65
-88
-64
-47
-61
-69
-68
-68
-55
-63
-70
-57
-72
-76
-67
-52
-16
-1
-10
-19
-8
7
32
64
45
23
20
3
19
51
65
97
106
60
30
3
-8
27
56
59
30
-20
-32
-13
-11
-8
-1
-4
-24
-33
-32
-25
-7
-3
-15
-12
11
8
-11
-7
-10
9
32
40
39
16
18
37
39
19
9
30
51
43
32
41
45
38
37
39
34
40
59
48
38
30
25
32
42
53
45
36
52
45
30
31
43
53
53
49
23
-2
12
37
16
-20
-24
-14
4
-12
-51
-68
-81
-85
-72
-54
-56
-70
-83
-94
-104
-107
-100
-92
-79
-69
-75
-68
-58
-73
-84
-69
-45
-28
-10
-11
-16
-10
-9
2
20
42
29
24
39
31
49
61
38
15
24
57
68
46
36
67
89
77
61
61
55
52
58
50
63
76
72
38
-7
-4
13
-3
-27
-32
-45
-53
-41
-46
-64
-76
-72
-89
-113
-108
-100
-81
-75
-86
-76
-62
-41
-27
-19
-23
-26
7
17
25
44
62
81
70
74
89
85
85
107
119
107
88
69
85
112
110
104
94
68
62
73
68
60
58
51
47
45
46
47
35
17
9
2
-2
0
7
2
-32
-52
-47
-53
-50
-40
-51
-68
-74
-79
-87
-90
-77
-83
-105
-94
-82
-94
-114
-124
-105
-81
-76
-69
-79
-102
-102
-80
-54
-33
-24
-33
-50
-45
-24
-7
14
22
23
32
33
45
61
64
74
82
78
84
86
94
115
115
103
86
65
65
71
73
76
62
42
31
23
8
-5
-6
-17
-36
-44
-55
-58
-41
-36
-49
-65
-97
-110
-102
-86
-66
-70
-84
-85
-102
-111
-78
-55
-53
-33
-17
-22
-10
11
28
39
44
56
78
96
105
108
106
111
120
131
132
126
125
109
110
122
109
104
92
80
70
65
86
87
73
62
32
12
14
10
13
2
-13
-23
-50
-62
-65
-59
-55
-78
-94
-112
-117
-110
-105
-94
-94
-103
-103
-103
-112
-109
-107
-99
-87
-80
-73
-69
-58
-54
-46
-37
-34
-22
-10
15
25
9
2
8
23
39
48
55
53
45
51
62
70
82
88
78
70
70
75
73
63
56
61
52
37
35
36
25
8
-7
-13
-4
6
-8
-37
-56
-61
-48
-34
-46
-61
-68
-79
-75
-62
-63
-62
-65
-68
-57
-43
-38
-38
-40
-34
-25
-23
-10
8
-2
5
17
13
37
44
48
59
55
65
80
86
86
90
103
110
101
98
107
96
96
111
107
96
89
87
80
70
82
83
54
37
36
35
26
3
-1
13
17
3
-31
-60
-64
-73
-82
-82
-89
-100
-102
-105
-115
-124
-125
-120
-111
-99
-103
-116
-120
-107
-76
-53
-52
-64
-69
-53
-28
-14
-2
4
12
13
1
6
35
45
43
58
68
74
69
69
67
66
74
63
66
77
67
57
40
43
54
55
32
8
4
-8
-17
-20
-28
-31
-33
-50
-56
-53
-62
-65
-67
-64
-64
-73
-76
-78
-71
-54
-55
-51
-39
-38
-25
-11
-7
6
9
21
48
47
37
42
44
44
54
64
64
53
53
69
80
82
75
67
65
68
69
69
65
53
45
56
61
57
62
53
34
24
15
18
32
29
27
21
5
0
-1
-7
-12
-18
-19
-17
-27
-41
-48
-52
-53
-58
-67
-69
-65
-57
-57
-64
-66
-63
-63
-60
-54
-51
-44
-43
-52
-42
-27
-15
-11
-19
-28
-14
1
1
2
12
17
14
11
19
24
21
16
23
30
30
30
34
32
30
31
28
27
28
18
8
12
12
3
-6
-13
-20
-29
-29
-31
-34
-23
-25
-50
-69
-74
-58
-36
-36
-42
-45
-55
-55
-47
-35
-16
-9
-11
-16
-17
-10
0
13
27
26
24
27
29
35
48
54
58
64
71
73
77
76
72
77
88
87
77
70
63
66
77
76
64
49
36
31
32
24
22
28
18
0
-8
-10
-18
-24
-25
-27
-32
-34
-36
-39
-39
-36
-33
-36
-46
-54
-59
-51
-38
-32
-28
-31
-36
-24
-21
-21
-11
-12
-7
5
10
11
12
23
34
30
28
31
32
30
35
49
50
36
34
39
35
36
36
33
36
31
30
34
20
3
-3
-8
-14
-9
-7
-17
-36
-45
-43
-42
-56
-67
-71
-77
-82
-75
-62
-61
-67
-68
-60
-58
-61
-57
-49
-41
-36
-30
-28
-26
-18
-11
-11
-7
2
7
7
12
19
26
30
37
47
55
57
59
66
68
63
66
73
72
69
69
60
45
45
47
42
43
46
34
15
8
8
3
-3
-6
-10
-22
-37
-33
-21
-20
-35
-48
-46
-41
-33
-26
-26
-30
-34
-29
-14
-3
-1
0
7
12
13
20
24
23
25
32
34
30
23
19
25
35
36
32
36
39
40
41
42
34
29
32
36
34
31
31
27
16
5
5
6
0
-8
-15
-24
-29
-30
-40
-56
-59
-58
-63
-66
-60
-66
-78
-77
-75
-75
-65
-61
-72
-77
-74
-69
-66
-58
-47
-41
-35
-25
-16
-5
-3
2
17
22
24
32
30
36
48
49
56
63
60
58
61
58
63
70
71
65
60
59
55
48
41
43
47
45
44
40
29
16
15
13
10
14
10
-6
-20
-33
-29
-21
-26
-37
-50
-56
-54
-55
-61
-57
-52
-58
-66
-64
-50
-34
-25
-20
-21
-26
-24
-13
-1
3
7
13
18
20
24
32
39
41
49
59
60
65
70
68
61
50
43
48
58
61
53
38
28
30
36
40
38
31
28
25
16
7
2
2
7
14
6
-8
-10
-11
-6
-4
-17
-18
-35
-44
-41
-48
-40
-46
-56
-49
-67
-77
-88
-99
-92
-75
-56
-53
-53
-44
-44
-50
-47
-36
-35
-20
-3
2
7
8
14
24
29
39
53
66
87
92
85
81
73
74
94
95
76
68
70
66
66
67
77
80
61
49
43
21
2
3
0
-16
-18
-25
-43
-54
-58
-62
-65
-53
-56
-52
-49
-66
-56
-64
-72
-58
-63
-63
-55
-55
-33
-9
-13
-20
-18
-10
-5
-4
4
6
13
29
28
22
23
39
55
42
46
65
72
90
83
61
71
72
56
36
9
22
36
31
50
49
30
26
14
26
44
11
-27
-39
-37
-31
-49
-79
-87
-71
-53
-46
-51
-44
-33
-23
-13
-13
-36
-63
-65
-37
-23
-43
-50
-43
-39
-24
-12
-4
-4
-9
0
22
15
-13
-6
-25
-24
12
-8
-12
-11
-1
47
34
25
51
51
58
57
40
45
37
2
-3
2
-13
-6
1
6
21
-14
-15
-4
-24
-27
-33
-39
-91
-124
-96
-83
-89
-96
-96
-87
-50
-44
-55
-63
-76
-64
-63
-74
-94
-87
-102
-118
-77
-60
-14
33
22
14
37
66
82
53
15
23
27
21
-13
-33
-39
-10
92
117
142
142
134
294
376
334
373
439
574
689
406
89
115
667
1737
2179
1692
1015
665
1218
1756
68
-2421
-2474
-229
1941
1312
-1508
-3525
-2627
239
1223
-172
-1851
-1935
-801
-241
-155
-1158
-2087
-1690
-1213
-335
282
359
164
-508
-713
-228
917
1079
423
-136
-509
756
1376
810
345
-207
244
699
716
614
159
183
68
-296
-217
-103
97
256
-98
-603
-457
-90
-61
34
83
-13
-263
-417
-250
-40
205
-24
-608
-268
391
275
222
489
614
558
243
32
193
466
504
55
-268
74
342
77
-213
-218
-90
-70
-186
-285
-239
-45
104
14
-286
-563
-532
-213
6
-86
-230
-140
141
409
508
301
-105
-288
-54
272
350
325
260
138
27
-62
-53
-78
-112
-65
39
142
78
-1
-2
-95
-266
-340
-244
-20
206
179
16
-31
-36
18
74
80
60
10
59
104
183
314
234
-3
-192
-214
-75
82
89
-8
-46
-67
-76
-62
-30
-57
-184
-204
-160
-52
124
119
-2
-101
-50
113
148
50
-33
37
140
156
90
32
71
102
49
-41
-56
32
126
124
6
-107
-121
-61
-2
-10
-110
-185
-111
19
28
-67
-141
-197
-195
-75
15
8
-4
-12
14
79
91
58
-2
-57
-28
28
67
112
106
53
35
28
4
2
10
-27
-73
-4
69
33
-36
-74
-59
-39
-26
-37
-68
-55
-26
15
53
73
72
50
34
37
49
63
88
103
102
89
32
8
4
-32
-19
-4
-25
-33
23
50
-8
-36
-78
-86
-18
13
10
-8
-35
-45
-30
-16
-12
2
14
38
36
15
37
5
-17
18
30
11
-35
-48
-34
-3
-14
-61
-48
-19
-8
-24
-66
-73
-46
-9
26
20
20
43
44
54
40
20
40
50
27
11
15
17
11
8
1
-19
-21
23
28
5
-26
-80
-76
-23
-3
-17
-31
-53
-73
-33
18
32
42
8
-20
25
64
71
29
-33
-53
-21
50
82
51
-15
-43
-5
39
41
-22
-38
-7
20
35
25
-5
-48
-39
3
40
72
74
46
16
17
56
88
37
6
51
94
119
49
-31
12
95
113
60
-18
-56
-21
31
14
-53
-79
-49
-12
-3
-33
-58
-66
-90
-114
-100
-81
-76
-71
-90
-90
-49
2
42
31
-1
-20
-8
26
29
44
62
43
28
-5
3
69
82
38
12
15
38
59
40
2
-8
-1
-6
-12
11
27
6
-22
-23
-23
10
38
-4
-37
-25
7
20
-5
-37
-49
-5
46
31
-18
-54
-44
-8
-9
-21
-30
-25
35
51
10
-24
-53
-44
5
41
31
-21
-79
-89
-28
30
23
-27
-57
-46
-14
21
19
-29
-57
-32
-2
10
18
31
44
40
25
21
34
62
73
33
1
17
41
46
22
-19
-29
10
35
16
-16
-13
27
47
23
-3
-8
5
19
5
-13
1
20
36
42
23
3
-5
-7
5
14
24
25
-11
-46
-48
-32
-14
-18
-27
-28
-27
-25
-13
-12
-22
-24
-9
9
12
2
-6
-14
-14
7
35
42
20
-1
4
23
28
26
15
18
35
26
19
29
19
8
14
35
51
33
11
0
-15
-9
-3
-20
-25
-19
-13
-4
-36
-73
-63
-38
-17
-4
-8
-29
-47
-44
-30
-30
-36
-25
-3
0
-26
-44
-31
0
24
19
2
-21
-18
5
7
18
15
-4
-7
16
45
44
19
-18
-20
30
63
53
7
-20
5
31
57
54
25
2
-15
9
39
35
17
10
5
4
13
11
15
20
5
-11
-2
31
25
0
-22
-50
-31
-2
-2
-6
-25
-28
-28
-16
-8
-39
-54
-46
-33
-10
9
11
8
-2
-21
-19
4
27
18
-8
-3
24
54
32
-15
-20
12
59
58
3
-27
5
40
24
-17
-37
-4
38
40
19
5
21
27
13
0
-6
12
20
8
-12
-22
7
38
40
12
-13
-13
11
23
7
-13
-34
-26
-14
-13
-5
-19
-25
-14
0
25
23
-19
-38
-23
-4
-4
-7
2
6
12
3
-23
-14
20
54
58
22
-13
-9
20
38
21
-10
-1
21
27
32
7
-38
-34
-6
13
25
-9
-50
-54
-22
10
1
-21
-43
-40
-1
15
7
-5
-5
-6
-16
-22
-15
22
35
4
-12
-9
28
53
23
-11
-36
-36
-22
3
23
9
-13
-19
-8
6
24
23
-10
-15
9
20
24
-2
-22
-7
14
33
49
39
23
11
-9
-1
33
43
26
-2
-27
-15
15
31
8
-33
-30
4
21
23
7
-30
-46
-21
-6
7
17
9
-4
-28
-21
-3
4
13
-3
-16
-16
-5
9
1
-25
-34
-7
7
-1
-8
-7
-10
-6
-6
-15
-19
-6
9
-2
-21
-13
-5
-1
8
-4
-13
10
35
46
10
-20
9
28
23
10
-7
2
32
44
20
-5
-11
9
37
41
17
-6
5
12
-12
-29
-19
-5
4
11
2
-11
-11
4
-2
-15
-24
-11
24
33
9
-29
-22
13
32
37
8
-13
-6
2
12
15
3
-18
-19
-9
-3
2
-5
-23
-26
-3
11
-2
-19
-29
-14
4
-6
-3
9
9
6
0
6
3
16
39
24
2
-9
-8
19
31
15
-11
-15
13
30
13
3
-2
-6
-6
-9
-10
1
2
-17
-38
-34
-5
18
7
-16
-17
4
16
13
13
18
14
2
1
16
29
30
17
2
-1
13
28
26
8
-8
-8
3
13
6
-9
-8
7
28
28
-7
-25
-25
3
26
8
-8
-14
4
19
-5
-20
-25
-5
28
25
0
-21
-17
-9
-9
6
3
-9
-8
-13
-16
-4
5
-11
-23
-29
-19
15
19
-4
-32
-28
7
26
20
-27
-38
5
35
31
-6
-29
0
32
36
24
0
-4
14
24
31
23
5
10
24
26
16
4
7
10
12
9
-8
3
21
1
-22
-21
-2
15
14
-4
-19
-22
-21
-18
-9
0
-2
-9
-21
-21
-1
2
-13
-24
-26
0
32
32
11
-16
-31
-9
23
27
1
-13
0
2
-3
0
-5
-3
11
8
5
14
14
5
-6
-13
-6
8
6
-7
-3
6
3
0
-5
-8
4
12
-1
-11
-9
0
6
3
0
-7
-5
19
40
29
9
11
25
27
18
12
4
2
0
-1
3
10
12
3
-9
-13
-12
-7
-8
-12
-9
-5
-11
-8
-8
-5
0
-10
-5
15
10
9
17
6
-5
0
18
33
27
15
5
5
13
5
-2
6
3
-2
4
1
-4
-2
-6
-10
0
14
16
-3
-21
-19
-8
-3
-1
-6
-13
-6
8
10
0
-12
-14
-8
-6
-7
1
5
1
-7
-6
-1
1
-7
-9
0
7
13
-1
-26
-36
-8
26
19
-4
-37
-40
-4
20
23
3
-13
-12
1
13
11
3
-2
3
4
6
22
25
12
0
3
13
19
20
12
5
2
1
3
3
-13
-19
-10
-4
7
25
15
-8
-22
-22
-11
-2
-8
-17
-11
7
12
4
-8
-9
9
21
11
-7
-17
-2
17
11
-5
-21
-17
5
18
10
-10
-26
-12
7
15
17
0
-17
-8
2
14
29
23
6
2
4
13
25
26
17
11
14
18
22
16
3
1
6
7
10
3
-18
-18
-5
4
9
1
-17
-17
-11
-3
7
3
-10
-9
-5
-6
-7
-12
-18
-12
5
14
5
-3
2
12
21
19
5
-1
8
11
7
8
0
3
16
13
3
6
5
-2
-11
-10
9
20
5
-13
-24
-30
-18
5
15
4
-11
-15
-11
-2
6
1
-6
-7
3
17
18
0
-6
4
12
13
12
10
4
-6
0
5
4
5
5
6
5
2
-3
-6
-15
-20
-15
-5
1
-2
-4
-7
-3
8
10
-3
-13
-3
20
29
18
-2
-10
1
20
30
23
6
-2
5
13
16
10
-3
-8
-2
-3
-2
5
-1
-11
-21
-32
-23
-4
-10
-26
-28
-16
-6
2
-3
-20
-21
2
6
-7
-7
-2
5
13
8
4
9
12
13
9
5
8
15
17
13
6
4
5
5
8
10
0
-12
-18
-10
7
16
8
-6
-14
-8
9
12
2
-5
-6
1
10
7
4
10
13
11
11
18
25
20
9
5
9
16
13
2
1
2
3
4
2
-1
-1
-2
-1
-2
-6
-9
-15
-13
-6
0
4
1
2
-1
-6
-3
2
-1
3
4
1
1
-4
-6
0
7
11
10
8
6
3
-1
2
4
9
17
10
7
11
5
6
