0
-3
2
8
3
-1
2
4
2
1
1
2
3
2
1
0
0
2
2
0
-2
-1
3
2
-1
-2
1
2
0
-3
-3
0
1
1
0
0
1
1
0
-1
-1
-2
-3
-1
1
3
2
2
-1
-1
-3
-1
3
7
5
-1
-7
-6
1
6
3
-1
-4
-1
1
1
2
3
6
4
1
1
3
2
0
1
5
8
5
2
2
3
2
2
1
3
1
-2
-2
-1
-1
0
0
0
0
-1
-2
-2
-2
-1
-1
2
3
4
1
0
2
2
1
0
0
1
-1
2
6
7
5
3
0
1
5
8
4
-1
-6
-4
1
4
3
4
5
3
0
0
3
6
5
4
5
5
2
1
1
1
-1
1
2
6
6
3
3
3
4
6
7
6
4
5
7
6
2
1
4
7
6
1
0
3
7
7
3
1
3
6
9
6
3
1
4
6
4
2
0
-1
-1
2
5
5
2
-1
1
2
3
3
4
5
5
5
5
4
3
1
2
4
5
3
4
1
2
5
6
6
5
3
1
1
1
1
2
3
4
3
-1
-2
-3
2
4
5
1
0
3
4
4
5
3
2
0
1
0
-1
-1
-4
-3
1
3
4
2
0
-2
0
2
4
3
-1
-6
-3
2
6
2
-3
-5
-1
1
-3
-5
-5
-1
1
0
0
1
1
0
-4
0
3
5
4
0
-1
-3
-4
-4
-6
-2
-1
-1
-3
-5
-2
-3
-3
-4
-3
-3
-2
-2
-2
-3
-2
-3
-1
-3
-5
-4
-4
1
8
17
23
23
20
11
0
-7
-9
3
31
36
25
21
10
15
23
27
38
35
52
39
57
202
352
402
306
133
-20
-166
-270
-366
-456
-411
-231
3
180
274
285
207
114
49
-29
-146
-268
-361
-375
-312
-238
-148
-7
146
275
356
361
312
188
52
-83
-233
-294
-269
-210
-60
110
239
346
327
198
138
223
142
41
-110
-152
-143
-68
1
25
99
58
102
94
19
-46
-114
-203
-231
-138
-82
-118
-86
-5
109
124
57
-10
-105
-160
-152
-128
-116
-46
11
13
81
129
146
129
70
27
-22
-81
-115
-51
83
152
136
115
124
156
159
68
-61
-194
-274
-220
-178
-142
-93
-84
-4
79
76
-9
-45
-56
-98
-75
-55
-80
-126
-104
-67
3
85
60
97
131
105
68
-20
-71
-91
-104
-106
-108
-65
21
86
132
130
88
32
-39
-64
-112
-159
-138
-82
-5
53
104
110
104
107
57
-16
-38
-35
-51
-11
-19
-28
28
56
94
100
62
21
1
2
14
14
26
66
43
39
49
38
22
-32
-45
-32
-16
4
7
40
61
52
33
-2
-31
-38
-23
-34
-47
-35
-43
13
46
-10
-28
-51
-67
-70
-92
-72
-63
-64
-51
-25
-6
-13
-16
-32
-39
-40
-30
-33
-84
-96
-66
-29
3
13
25
30
37
30
15
6
-25
-11
19
41
84
87
99
133
136
130
117
96
65
32
43
66
78
97
107
126
123
111
113
102
104
74
35
26
21
31
18
-1
10
42
70
68
43
30
23
-17
-49
-58
-75
-54
-29
-36
-28
8
38
33
0
-24
-46
-94
-137
-169
-199
-187
-166
-158
-125
-110
-84
-41
-42
-79
-149
-175
-177
-199
-195
-188
-191
-197
-176
-129
-86
-48
-35
-45
-71
-101
-133
-172
-202
-216
-210
-193
-168
-143
-124
-89
-20
39
35
-15
-33
34
169
287
311
269
281
400
543
591
528
458
476
527
506
430
397
434
465
427
351
314
336
351
292
194
125
84
37
-23
-64
-73
-91
-125
-154
-162
-130
-87
-67
-41
-36
-55
-49
-42
-45
-41
-44
-50
-47
-40
-13
28
71
119
154
154
123
82
40
-22
-109
-199
-263
-298
-327
-358
-356
-306
-258
-251
-268
-273
-273
-297
-345
-385
-417
-456
-491
-503
-479
-437
-378
-308
-262
-241
-220
-205
-218
-295
-405
-440
-388
-315
-333
-466
-473
-202
197
479
457
309
400
727
979
895
595
497
649
718
562
366
448
758
855
681
523
579
736
690
454
223
123
60
-101
-296
-420
-406
-346
-359
-458
-537
-465
-319
-273
-340
-395
-385
-363
-370
-369
-339
-287
-203
-102
15
118
219
420
649
735
709
645
610
651
608
490
395
282
179
68
8
15
50
40
-73
-182
-243
-255
-297
-417
-527
-598
-657
-760
-863
-843
-740
-653
-593
-566
-508
-412
-389
-364
-320
-340
-357
-410
-454
-384
-327
-303
-299
-341
-313
-187
-86
-93
-279
-423
-184
272
603
514
244
458
1024
1390
1287
983
1035
1297
1271
957
687
784
1060
999
671
520
672
904
868
592
419
413
340
64
-263
-404
-412
-496
-701
-895
-937
-850
-758
-720
-700
-637
-561
-512
-474
-418
-356
-293
-238
-173
-65
45
210
397
606
816
943
1061
1126
1171
1171
1061
909
692
489
312
144
-3
-153
-279
-379
-461
-534
-589
-638
-691
-760
-856
-975
-1111
-1243
-1360
-1479
-1578
-1614
-1560
-1462
-1359
-1256
-1094
-879
-723
-616
-528
-468
-465
-533
-555
-613
-759
-848
-820
-633
-551
-696
-860
-778
-146
626
1050
1006
870
1358
2093
2415
2156
1802
1994
2223
1996
1491
1270
1685
2016
1803
1423
1349
1690
1848
1582
1236
1042
962
610
24
-423
-652
-792
-1076
-1422
-1642
-1656
-1442
-1219
-1117
-1103
-1018
-832
-718
-732
-738
-591
-380
-325
-420
-375
18
551
883
966
1067
1352
1674
1806
1746
1657
1563
1337
953
593
414
322
134
-161
-397
-480
-498
-576
-730
-867
-985
-1162
-1424
-1684
-1857
-1962
-2089
-2255
-2375
-2348
-2159
-1905
-1690
-1530
-1388
-1218
-1057
-936
-881
-837
-798
-812
-836
-944
-1040
-997
-821
-625
-593
-761
-997
-739
120
1009
1457
1228
1223
2037
2868
3161
2821
2649
3075
3145
2657
2105
2029
2496
2606
2091
1649
1664
1932
2006
1715
1479
1450
1281
796
164
-278
-484
-771
-1259
-1750
-2126
-2181
-1982
-1860
-1755
-1613
-1381
-1106
-957
-929
-706
-333
-221
-296
-538
-447
25
334
602
744
1013
1492
1727
1846
2020
2136
2088
1728
1174
809
605
343
-52
-510
-821
-957
-1028
-1102
-1162
-1172
-1190
-1319
-1516
-1656
-1718
-1804
-2061
-2428
-2681
-2723
-2684
-2645
-2597
-2448
-2060
-1674
-1405
-1184
-921
-625
-595
-631
-657
-812
-965
-1217
-1358
-1285
-1234
-1404
-1761
-1502
-503
748
1725
1794
1868
2730
3783
4428
4172
3738
4006
4112
3533
2774
2408
2841
3194
2740
2236
2122
2495
2971
2826
2476
2284
1943
1474
799
36
-436
-862
-1492
-2186
-2742
-2964
-2887
-2736
-2610
-2369
-1884
-1432
-1248
-1100
-776
-390
-210
-388
-656
-591
-215
107
262
460
832
1322
1767
2031
2212
2490
2708
2535
2016
1485
1115
774
282
-315
-783
-1043
-1272
-1559
-1750
-1690
-1539
-1585
-1840
-2066
-2083
-2055
-2249
-2662
-3035
-3221
-3243
-3233
-3238
-3094
-2873
-2575
-2257
-1934
-1470
-1093
-820
-729
-783
-715
-718
-873
-1203
-1463
-1360
-1270
-1448
-1995
-2195
-1153
325
1436
1788
1757
2829
4420
5245
5186
4667
4896
5379
4826
3708
3032
3287
3742
3270
2390
2206
2636
3207
3269
2834
2734
2702
2354
1700
700
5
-282
-880
-1832
-2759
-3268
-3171
-2995
-3063
-3024
-2657
-2066
-1618
-1479
-1143
-479
-15
16
-362
-634
-287
39
47
130
270
648
1118
1337
1780
2344
2630
2679
2320
1996
1949
1620
1084
396
-399
-844
-1238
-1731
-1971
-2086
-2072
-1996
-2070
-2098
-1949
-1779
-1740
-1987
-2368
-2711
-3051
-3286
-3521
-3576
-3422
-3226
-2947
-2670
-2086
-1423
-995
-825
-805
-645
-440
-384
-747
-1169
-1364
-1406
-1451
-1680
-1979
-2186
-1594
-385
874
1663
1695
2367
3806
4897
5361
5167
5155
5604
5228
4341
3722
3440
3696
3385
2523
2102
2206
2720
2869
2628
2548
2619
2557
2023
1241
708
331
-422
-1432
-2384
-3099
-3269
-3278
-3442
-3407
-3222
-2884
-2340
-1978
-1467
-720
-250
30
-57
-290
-78
108
86
31
-47
242
574
766
1206
1577
1925
2246
2135
2055
2068
1926
1729
1143
427
-107
-765
-1245
-1549
-1904
-2022
-2206
-2514
-2521
-2334
-1986
-1610
-1596
-1814
-2018
-2181
-2361
-2682
-3002
-3131
-3145
-3157
-3105
-2792
-2208
-1596
-1276
-1176
-939
-601
-280
-161
-324
-532
-781
-909
-1060
-1457
-1895
-2468
-2046
-871
83
949
1065
1965
3680
4696
5290
5217
5507
6041
5494
4572
3911
3707
3881
3336
2177
1755
1861
2177
2381
2011
2096
2534
2502
2225
1687
1306
1065
301
-677
-1524
-2218
-2714
-3118
-3570
-3719
-3474
-3039
-2459
-2056
-1548
-764
-149
320
494
461
698
862
735
519
209
158
330
320
357
546
797
1048
1079
1074
1364
1701
1692
1337
879
472
28
-499
-1104
-1713
-2130
-2372
-2645
-2860
-2896
-2830
-2530
-2257
-2154
-1950
-1790
-1706
-1733
-1963
-2191
-2231
-2337
-2493
-2533
-2637
-2407
-2127
-2018
-1527
-1233
-814
-376
-500
-331
-423
-560
-504
-838
-1329
-1875
-1439
-621
33
511
386
1355
2927
3868
4527
4672
5200
5938
5509
4797
4289
3954
4131
3347
2037
1711
1583
1797
1761
1206
1595
1872
1840
1805
1290
1270
1204
578
-135
-1040
-1840
-2226
-2578
-3107
-3424
-3548
-3340
-2944
-2746
-2149
-1252
-650
-99
257
501
1039
1247
1216
1279
1044
912
871
643
607
661
803
934
781
901
1235
1394
1530
1415
1232
1105
679
218
-272
-817
-1157
-1679
-2300
-2747
-3168
-3200
-2931
-2832
-2714
-2591
-2374
-1906
-1633
-1628
-1637
-1707
-1885
-2027
-2088
-2045
-2078
-2222
-2155
-2014
-1846
-1587
-1311
-1067
-730
-652
-603
-259
-399
-565
-1205
-1470
-572
-136
446
300
323
1934
2835
3506
3850
4004
5277
5568
4955
4650
4335
4757
4561
3171
2344
2002
2048
2042
1453
1175
1421
1532
1354
1128
929
1047
977
299
-389
-1142
-1516
-1580
-2269
-2958
-3231
-3351
-3217
-3164
-2951
-2226
-1524
-885
-421
-126
533
1140
1352
1401
1272
1268
1356
1133
889
771
638
638
578
434
659
1002
1132
1210
1081
879
876
743
470
84
-470
-880
-1433
-2194
-2669
-2989
-3089
-3052
-3197
-3095
-2784
-2506
-2103
-1937
-1885
-1771
-1876
-1926
-1984
-2023
-1922
-2076
-2292
-2226
-2133
-1910
-1572
-1276
-809
-724
-678
-541
-480
-404
-835
-1381
-1586
-768
-46
395
500
419
1986
3013
3654
4040
4120
5195
5199
4815
4442
4114
4437
4172
3296
2533
2191
2060
1928
1484
1219
1423
1470
1304
982
772
947
931
315
-406
-1007
-1481
-1744
-2201
-2776
-3106
-3314
-3241
-3090
-2840
-2212
-1499
-883
-411
32
395
1006
1327
1320
1491
1264
1323
1249
989
1058
936
996
894
762
919
1134
1372
1379
1232
1116
1039
736
336
-51
-513
-953
-1536
-2137
-2470
-2766
-3056
-3111
-3160
-3079
-2834
-2728
-2462
-2151
-2006
-1769
-1606
-1739
-1835
-1821
-1812
-1819
-1878
-1807
-1746
-1658
-1521
-1275
-1080
-998
-807
-915
-792
-776
-858
-1114
-1863
-1208
-328
214
753
376
1271
2681
3238
3858
3949
4640
5403
4872
4465
4172
4153
4453
3676
2573
2182
1948
2084
1915
1327
1580
1662
1497
1320
857
950
1044
504
-194
-799
-1396
-1630
-1964
-2551
-2789
-3126
-3142
-2908
-2938
-2395
-1575
-1249
-870
-461
-33
826
1134
1117
1375
1371
1549
1440
1074
1262
1145
1105
1204
782
832
1167
1245
1314
1227
1124
1107
949
615
219
-180
-552
-1061
-1656
-2106
-2508
-2831
-3044
-3272
-3280
-3081
-3001
-2703
-2397
-2315
-2033
-1959
-1977
-1773
-1904
-1959
-1758
-2016
-1990
-1711
-1869
-1733
-1655
-1587
-1224
-1166
-1049
-949
-781
-522
-643
-994
-1390
-859
-42
415
763
363
1214
2584
3042
3539
3505
4336
5055
4554
4396
4057
4096
4441
3622
2719
2464
2100
2080
1839
1273
1512
1554
1278
998
632
895
954
508
49
-647
-1076
-1260
-1574
-2029
-2573
-2886
-2744
-2538
-2676
-2257
-1556
-1186
-578
-364
44
999
1184
1365
1536
1337
1658
1523
1148
1410
1236
1125
1198
724
870
1181
1190
1374
1025
831
872
667
555
224
-217
-526
-957
-1577
-1929
-2281
-2608
-2727
-3180
-3331
-3167
-3135
-2884
-2768
-2685
-2237
-1938
-1804
-1631
-1612
-1440
-1263
-1326
-1509
-1611
-1478
-1576
-1796
-1728
-1563
-1390
-1260
-1308
-989
-697
-705
-674
-1335
-974
81
294
961
642
811
2350
2693
3341
3515
3564
4815
4481
4125
4149
3628
4299
3986
2872
2730
2234
2163
2220
1513
1469
1470
1147
1130
716
497
751
541
-55
-553
-1003
-1293
-1417
-1950
-2414
-2532
-2671
-2571
-2626
-2614
-1956
-1447
-1188
-773
-426
139
933
1067
1088
1382
1332
1676
1572
1249
1569
1441
1548
1364
915
1222
1371
1364
1368
1143
1071
1020
482
261
74
-501
-611
-1177
-1905
-2053
-2437
-2606
-2759
-3205
-3190
-3100
-3024
-2786
-2758
-2542
-2075
-2047
-1981
-1774
-1848
-1543
-1440
-1621
-1534
-1505
-1372
-1284
-1421
-1381
-1215
-1311
-1127
-1106
-1097
-774
-959
-1148
-1639
-1263
-225
236
874
622
1138
2539
3014
3743
3810
4065
4936
4444
4150
3990
3612
3923
3413
2507
2235
1904
1989
1918
1224
1464
1544
1334
1373
762
854
1036
678
203
-599
-1111
-1347
-1599
-2111
-2492
-2711
-2649
-2480
-2697
-2481
-1917
-1380
-794
-379
-85
479
1029
1353
1610
1486
1591
1752
1518
1533
1438
1399
1605
1363
1107
1125
1306
1563
1450
1167
1099
1026
744
424
36
-303
-634
-1288
-1854
-2245
-2566
-2722
-3065
-3330
-3306
-3269
-3019
-2723
-2564
-2310
-2169
-2020
-1724
-1660
-1666
-1656
-1691
-1619
-1650
-1620
-1483
-1537
-1567
-1376
-1211
-1153
-970
-974
-908
-609
-681
-727
-1188
-1528
-626
-180
310
640
323
1548
2576
2967
3486
3466
4119
4638
4161
4003
3907
3616
3918
3230
2317
2234
1657
1833
1668
1123
1446
1201
1104
1123
798
951
985
533
10
-534
-942
-1064
-1380
-1969
-2377
-2657
-2615
-2486
-2604
-2318
-1893
-1515
-855
-367
15
588
1115
1482
1640
1688
1836
1865
1719
1623
1571
1566
1497
1249
1105
1111
1087
1184
1102
755
711
760
685
483
9
-258
-578
-1341
-1746
-2037
-2552
-2847
-3317
-3593
-3488
-3534
-3337
-3100
-2982
-2552
-2175
-1957
-1561
-1449
-1404
-1123
-1250
-1355
-1410
-1510
-1282
-1345
-1355
-1276
-1332
-1025
-963
-895
-633
-527
-459
-635
-907
-1076
-508
143
529
799
523
1301
2275
2586
3193
3285
3687
4204
3865
3840
3801
3641
3756
3103
2343
2217
1957
1892
1700
1137
1260
1282
991
1046
737
657
828
420
-19
-434
-785
-832
-1171
-1794
-2091
-2218
-2209
-2134
-2362
-2142
-1467
-1069
-586
-344
-174
561
1069
1328
1531
1519
1775
1932
1806
1862
1855
1876
1810
1330
1183
1344
1310
1379
1071
593
477
280
206
-1
-458
-743
-1057
-1493
-1843
-2069
-2317
-2475
-2888
-3117
-3024
-3109
-3008
-3021
-2918
-2607
-2375
-2134
-1905
-1637
-1446
-1236
-1194
-1211
-1263
-1194
-1007
-1039
-1030
-1161
-1163
-1066
-1018
-946
-1002
-953
-788
-657
-731
-1023
-1200
-557
131
500
692
510
1384
2274
2661
3123
3125
3638
3928
3617
3549
3373
3354
3478
2954
2340
2157
1907
1909
1753
1280
1329
1317
1113
1048
790
812
914
447
42
-338
-789
-892
-1208
-1646
-1841
-2075
-2058
-2034
-1971
-1528
-1270
-983
-623
-346
252
889
1169
1332
1588
1777
1960
1967
1858
1813
1636
1484
1310
1112
1058
978
707
634
607
329
321
196
-30
-149
-532
-834
-1161
-1567
-1803
-2160
-2508
-2756
-3122
-3236
-3268
-3308
-3060
-2874
-2574
-2265
-2021
-1649
-1470
-1236
-1033
-1073
-1117
-1156
-1129
-1145
-1221
-1226
-1300
-1304
-1168
-1141
-1129
-1020
-940
-682
-595
-683
-681
-1126
-875
-173
131
730
478
575
1676
2020
2633
3023
2941
3688
3731
3449
3785
3469
3488
3495
2640
2473
2163
1731
1888
1377
1254
1409
986
1077
960
726
956
786
370
90
-275
-560
-627
-1038
-1444
-1601
-2001
-2060
-2055
-2082
-1438
-1047
-886
-381
-223
244
1040
1282
1586
1749
1689
2082
2150
1942
1920
1645
1618
1510
926
821
777
655
663
292
135
119
-91
-150
-391
-747
-859
-1183
-1632
-1745
-2055
-2445
-2643
-2981
-3145
-3218
-3314
-3154
-2917
-2662
-2304
-1948
-1612
-1347
-1185
-1079
-1081
-1066
-971
-941
-1004
-1132
-1211
-1201
-1175
-1112
-1012
-970
-939
-862
-705
-587
-569
-637
-1086
-1156
-531
-156
260
335
233
1142
1743
2118
2687
2722
3334
3689
3373
3497
3371
3334
3465
2831
2337
2199
1817
1876
1733
1317
1417
1216
1059
1090
847
880
957
658
366
41
-316
-373
-673
-1165
-1389
-1654
-1708
-1578
-1541
-1280
-972
-763
-362
65
388
838
1105
1237
1516
1432
1514
1618
1304
1281
1068
835
808
522
404
465
387
313
271
103
106
82
-112
-183
-452
-770
-1039
-1451
-1782
-2079
-2413
-2630
-2813
-2972
-2987
-2903
-2677
-2371
-2144
-1915
-1651
-1400
-1139
-996
-919
-830
-897
-1031
-1149
-1332
-1376
-1367
-1479
-1410
-1364
-1302
-1029
-906
-901
-731
-560
-640
-634
-955
-1289
-701
-317
10
205
-86
722
1501
1866
2592
2624
3122
3761
3547
3744
3650
3456
3826
3348
2697
2561
2064
2018
1953
1392
1440
1274
1058
1138
843
857
1011
802
604
183
-242
-176
-335
-809
-1252
-1614
-1563
-1597
-1766
-1602
-1341
-991
-751
-571
-161
396
1024
1310
1423
1591
1710
1892
1847
1704
1534
1313
1169
821
516
479
370
253
91
-244
-265
-145
-237
-376
-669
-827
-879
-1193
-1432
-1659
-2004
-2221
-2605
-3011
-3110
-3145
-3021
-2956
-2954
-2619
-2217
-1835
-1499
-1265
-962
-586
-493
-518
-520
-719
-704
-853
-1142
-1221
-1428
-1415
-1328
-1464
-1451
-1292
-1167
-924
-944
-1112
-1218
-1088
-381
-113
126
242
261
1282
1768
2030
2513
2544
3127
3449
3241
3481
3421
3397
3526
2912
2643
2644
2298
2328
1972
1669
1908
1546
1453
1377
957
1140
1049
747
465
-95
-367
-486
-800
-1073
-1350
-1686
-1685
-1736
-1860
-1577
-1310
-1055
-731
-600
-301
279
686
992
1271
1397
1636
1774
1687
1705
1643
1574
1430
1059
891
878
812
634
304
-3
-29
-103
-302
-390
-674
-771
-939
-1306
-1430
-1770
-1956
-2026
-2362
-2583
-2797
-2886
-2720
-2645
-2712
-2581
-2340
-2101
-1718
-1619
-1414
-935
-807
-663
-626
-595
-446
-573
-769
-1028
-1249
-1347
-1345
-1383
-1496
-1427
-1414
-1434
-1190
-1137
-1238
-1327
-1490
-852
-308
-86
382
206
864
1880
2029
2496
2660
2971
3757
3654
3433
3539
3406
3593
3435
2812
2777
2540
2331
2407
1973
1922
1854
1583
1707
1346
1111
1085
828
645
258
-328
-577
-628
-1087
-1347
-1717
-1867
-1674
-1823
-1624
-1504
-1177
-721
-485
-211
10
507
822
1064
1142
1125
1403
1448
1414
1433
1287
1154
1040
759
664
684
608
531
194
31
143
-17
-207
-390
-661
-875
-1256
-1545
-1615
-1815
-1909
-2062
-2377
-2427
-2445
-2417
-2274
-2295
-2214
-2065
-1963
-1668
-1499
-1443
-1253
-1212
-1161
-1038
-1079
-1050
-1005
-1123
-1169
-1183
-1259
-1252
-1343
-1400
-1335
-1387
-1408
-1416
-1338
-1261
-1333
-1496
-1593
-1061
-558
-218
287
255
987
1910
2099
2731
2795
3253
3986
3672
3765
3666
3474
3802
3406
2897
2844
2394
2278
2295
1793
1900
1875
1577
1630
1289
1168
1236
900
688
302
-230
-309
-587
-1088
-1310
-1681
-1824
-1822
-2139
-1838
-1405
-1303
-757
-584
-484
213
622
1110
1401
1223
1418
1495
1413
1501
1353
1215
1195
786
595
649
414
516
391
127
140
6
72
-8
-372
-557
-616
-927
-1178
-1459
-1811
-1824
-2149
-2455
-2582
-2703
-2535
-2468
-2474
-2363
-2142
-1928
-1634
-1445
-1308
-1103
-1079
-1038
-1070
-1126
-1107
-1090
-1177
-1189
-1257
-1362
-1228
-1410
-1391
-1211
-1229
-1070
-1064
-1154
-1082
-892
-942
-1041
-1170
-937
-279
-21
381
558
837
1739
2170
2641
3110
3417
3977
3966
3804
3840
3660
3797
3725
3119
2801
2524
2211
2157
1872
1646
1621
1410
1303
1125
971
945
858
666
246
-103
-348
-482
-681
-1125
-1453
-1618
-1712
-1682
-1547
-1404
-1223
-945
-637
-377
-58
355
605
795
1004
1085
1228
1277
1117
1105
1018
839
824
634
457
426
266
231
140
-43
-18
-170
-336
-354
-595
-760
-903
-1151
-1226
-1431
-1661
-1780
-2131
-2373
-2467
-2636
-2577
-2544
-2603
-2424
-2226
-2021
-1748
-1588
-1438
-1268
-1199
-1157
-1125
-1108
-1102
-1172
-1248
-1311
-1339
-1332
-1295
-1264
-1216
-1105
-1097
-1025
-1001
-911
-648
-676
-780
-870
-674
-94
372
652
696
1063
1806
2225
2625
2999
3301
3769
3860
3743
3690
3520
3664
3643
3083
2748
2414
2225
2208
1758
1613
1466
1254
1290
968
855
906
719
557
355
-49
-204
-279
-676
-940
-1303
-1445
-1474
-1658
-1545
-1490
-1292
-985
-778
-484
-116
318
653
844
943
1046
1176
1273
1223
1069
973
880
742
566
401
293
230
147
5
-132
-196
-219
-300
-437
-580
-703
-835
-1028
-1288
-1527
-1681
-1849
-2148
-2484
-2662
-2656
-2597
-2581
-2580
-2460
-2201
-1909
-1654
-1418
-1210
-1100
-1056
-1013
-977
-983
-993
-991
-1036
-1116
-1184
-1184
-1159
-1042
-941
-905
-875
-840
-627
-482
-379
-329
-439
-639
-656
-286
44
441
519
603
1306
1839
2375
2755
3017
3568
3772
3755
3751
3638
3744
3760
3325
2881
2449
2212
2190
1854
1578
1461
1295
1313
1205
967
994
1019
897
667
285
-1
-180
-439
-773
-1119
-1378
-1565
-1733
-1788
-1711
-1563
-1354
-1109
-836
-523
-143
261
583
791
914
983
1044
1099
1090
991
826
617
419
277
156
33
-52
-105
-169
-223
-250
-300
-386
-486
-611
-750
-873
-993
-1162
-1411
-1722
-2021
-2260
-2450
-2590
-2656
-2703
-2770
-2752
-2558
-2244
-1917
-1643
-1441
-1242
-994
-804
-745
-748
-728
-712
-735
-810
-934
-1024
-1031
-1013
-1081
-1089
-984
-808
-718
-667
-474
-376
-294
-340
-506
-495
-121
348
496
662
763
1263
1938
2172
2597
2886
3237
3651
3600
3624
3659
3619
3694
3456
3067
2846
2494
2295
2128
1798
1680
1434
1169
1110
886
755
789
606
384
61
-313
-419
-573
-763
-1087
-1438
-1544
-1667
-1595
-1521
-1475
-1234
-1134
-882
-554
-274
121
283
467
637
683
831
845
816
714
550
490
419
282
149
106
84
-12
-220
-342
-306
-262
-349
-519
-675
-792
-891
-1152
-1347
-1592
-1812
-1951
-2279
-2423
-2558
-2541
-2405
-2429
-2305
-2194
-1978
-1653
-1445
-1238
-971
-828
-775
-690
-754
-670
-539
-692
-746
-798
-869
-791
-843
-882
-781
-748
-675
-535
-495
-394
-204
-173
-182
-369
-496
-18
370
640
755
653
1353
1999
2316
2739
2909
3473
3834
3640
3693
3669
3735
3918
3463
2888
2595
2272
2213
2010
1518
1382
1183
999
935
681
741
706
485
370
-22
-395
-459
-627
-1023
-1268
-1603
-1723
-1735
-1980
-1821
-1706
-1532
-1247
-1177
-855
-408
-29
292
450
500
715
816
798
838
688
700
691
477
386
205
109
160
-45
-183
-187
-305
-289
-350
-531
-577
-769
-1027
-1157
-1330
-1530
-1749
-1973
-2095
-2194
-2277
-2293
-2252
-2179
-2132
-2053
-1853
-1585
-1317
-1077
-916
-785
-685
-588
-526
-484
-515
-679
-745
-814
-822
-807
-841
-848
-838
-701
-700
-582
-473
-513
-328
-247
-265
-262
-420
-435
-17
178
476
697
686
1451
1858
2255
2838
2908
3510
3749
3557
3782
3705
3667
3756
3240
2853
2565
2179
2213
1808
1446
1406
1056
1048
959
623
666
595
353
284
-104
-357
-342
-665
-913
-1259
-1595
-1673
-1777
-1816
-1774
-1691
-1567
-1282
-1045
-775
-374
-74
218
440
539
640
782
810
849
695
433
461
279
199
205
-16
35
-89
-221
-125
-240
-195
-240
-446
-519
-692
-826
-974
-1236
-1500
-1690
-1867
-2028
-2170
-2325
-2237
-2153
-2161
-1959
-1751
-1561
-1342
-1261
-1134
-923
-814
-663
-592
-552
-488
-494
-463
-486
-536
-587
-585
-632
-622
-614
-627
-430
-437
-371
-314
-369
-137
-175
-247
-332
-353
131
386
597
826
1004
1621
2098
2445
2760
3024
3408
3523
3495
3466
3398
3364
3262
2920
2498
2285
2047
1915
1732
1342
1252
1068
938
872
591
519
436
408
145
-273
-493
-684
-807
-1123
-1486
-1730
-1757
-1806
-1814
-1778
-1760
-1456
-1281
-1012
-795
-557
-105
111
356
480
570
709
723
707
620
528
420
317
235
207
187
123
22
-93
-130
-145
-195
-282
-405
-564
-726
-835
-922
-1073
-1284
-1489
-1678
-1857
-1993
-2074
-2119
-2128
-2080
-1972
-1811
-1578
-1331
-1091
-856
-702
-587
-497
-413
-367
-361
-399
-451
-569
-668
-656
-720
-659
-669
-657
-511
-483
-237
-224
-254
-83
-74
85
30
-281
-423
-268
127
392
498
520
890
1533
1851
2242
2598
2887
3361
3368
3309
3421
3287
3336
3206
2702
2413
2091
1819
1671
1324
1141
995
789
750
487
365
441
278
197
-61
-339
-362
-527
-771
-1134
-1463
-1537
-1618
-1776
-1810
-1850
-1894
-1604
-1364
-1227
-871
-577
-236
93
184
435
673
751
885
810
706
758
548
397
317
66
108
-1
-208
-220
-276
-201
-275
-360
-460
-545
-538
-662
-751
-935
-1092
-1213
-1397
-1549
-1713
-1831
-1871
-1888
-1865
-1751
-1666
-1453
-1248
-1044
-716
-570
-372
-294
-263
-65
-90
-82
-157
-344
-369
-501
-493
-532
-676
-630
-609
-496
-421
-397
-287
-219
-147
-68
-153
-260
-308
-269
101
234
368
543
646
1300
1661
1961
2360
2518
3025
3121
3123
3363
3193
3289
3216
2716
2539
2215
1905
1821
1382
1044
978
769
713
554
258
308
162
15
-53
-465
-531
-631
-990
-1101
-1407
-1620
-1664
-1876
-1874
-1770
-1705
-1507
-1361
-1261
-901
-581
-334
72
204
369
599
579
720
630
551
605
439
403
225
109
107
44
-46
-219
-217
-246
-265
-336
-465
-453
-518
-600
-709
-925
-1060
-1128
-1265
-1352
-1459
-1578
-1512
-1521
-1581
-1523
-1409
-1186
-1013
-933
-756
-582
-422
-294
-319
-257
-132
-123
-148
-279
-418
-443
-532
-610
-557
-557
-572
-506
-464
-400
-312
-246
-185
-172
-193
-196
-378
-512
-265
-70
211
358
347
898
1307
1666
2189
2366
2813
3119
3096
3223
3090
3044
3059
2719
2349
2059
1774
1544
1333
1040
849
665
510
470
306
259
250
97
-28
-229
-477
-576
-764
-1065
-1225
-1455
-1620
-1703
-1892
-1835
-1713
-1608
-1365
-1251
-1035
-669
-318
9
173
308
484
588
629
751
762
723
716
533
467
394
277
250
109
-16
-64
-74
-36
1
-69
-138
-220
-356
-406
-556
-735
-842
-1023
-1190
-1334
-1466
-1488
-1561
-1653
-1606
-1538
-1388
-1170
-1031
-870
-660
-485
-353
-259
-249
-144
-59
-149
-234
-367
-442
-524
-667
-667
-720
-726
-638
-599
-454
-354
-325
-252
-270
-240
-245
-385
-494
-512
-248
-17
171
365
483
960
1368
1661
2049
2342
2717
2939
2982
3048
3044
3011
2957
2619
2249
2031
1762
1604
1310
1005
868
613
480
295
137
243
142
21
-73
-345
-438
-546
-750
-922
-1227
-1414
-1487
-1595
-1678
-1760
-1702
-1534
-1357
-1189
-1011
-699
-293
29
234
427
606
777
944
975
920
890
823
718
570
395
319
253
118
-1
-116
-130
-65
-101
-159
-207
-258
-279
-384
-524
-632
-775
-929
-1153
-1410
-1507
-1544
-1582
-1572
-1593
-1569
-1433
-1266
-1089
-921
-735
-504
-338
-257
-193
-148
-150
-234
-382
-515
-558
-573
-631
-730
-795
-784
-750
-665
-587
-537
-471
-366
-320
-296
-294
-395
-418
-434
-243
32
164
367
494
870
1333
1618
1997
2289
2604
2813
2837
2937
2966
2975
2953
2633
2201
1944
1713
1492
1269
933
776
574
398
358
140
196
183
23
-43
-321
-458
-538
-718
-933
-1135
-1275
-1435
-1545
-1617
-1608
-1522
-1373
-1195
-1020
-747
-425
-118
169
401
624
845
944
1001
1033
957
929
887
736
599
434
283
231
144
30
-25
-33
-27
-70
-129
-194
-313
-407
-485
-595
-684
-790
-941
-1131
-1346
-1461
-1496
-1575
-1657
-1675
-1605
-1471
-1304
-1088
-859
-647
-436
-302
-222
-109
-57
-108
-146
-194
-343
-457
-506
-600
-717
-771
-738
-678
-587
-524
-524
-482
-360
-314
-277
-200
-254
-224
-399
-489
-160
-8
200
216
261
864
1226
1454
1765
1997
2419
2621
2608
2746
2725
2753
2715
2304
2079
1886
1638
1559
1205
914
742
530
610
462
227
207
148
111
-14
-218
-399
-466
-590
-817
-1001
-1210
-1314
-1356
-1387
-1383
-1378
-1255
-1069
-941
-742
-426
-126
156
376
522
699
856
926
978
1030
1029
951
775
573
444
367
279
96
-167
-326
-313
-278
-331
-426
-483
-521
-562
-600
-659
-713
-774
-904
-1061
-1239
-1421
-1529
-1556
-1569
-1569
-1559
-1496
-1293
-1087
-940
-783
-559
-383
-225
-118
-130
-80
-95
-128
-250
-333
-393
-613
-650
-782
-793
-741
-823
-736
-770
-676
-564
-547
-404
-375
-313
-257
-370
-482
-380
-144
55
248
272
482
951
1249
1642
1913
2157
2531
2593
2709
2754
2699
2821
2635
2399
2181
1835
1692
1439
1115
967
750
577
472
238
166
204
99
23
-195
-402
-419
-486
-601
-781
-985
-1077
-1092
-1180
-1249
-1250
-1188
-994
-899
-830
-610
-344
-25
176
242
444
697
885
967
919
894
872
784
711
525
358
353
216
44
-143
-292
-257
-288
-358
-455
-495
-517
-589
-613
-685
-727
-801
-931
-1079
-1251
-1298
-1326
-1426
-1495
-1520
-1503
-1367
-1244
-1167
-1010
-820
-636
-436
-305
-258
-157
-88
-79
-74
-206
-296
-376
-522
-576
-709
-722
-706
-766
-644
-649
-563
-444
-519
-429
-395
-344
-248
-312
-347
-272
-26
207
309
381
609
1075
1400
1669
1918
2099
2442
2598
2626
2668
2586
2620
2555
2252
2014
1788
1571
1389
1088
889
791
641
528
316
160
191
127
-14
-206
-401
-418
-426
-547
-724
-921
-980
-997
-1097
-1136
-1136
-1051
-872
-829
-789
-550
-246
35
228
299
439
699
882
928
881
822
802
736
593
423
263
193
91
-114
-256
-364
-425
-391
-465
-548
-545
-592
-591
-612
-732
-809
-906
-1039
-1112
-1213
-1306
-1375
-1520
-1605
-1623
-1530
-1356
-1211
-1078
-913
-715
-581
-333
-251
-170
-25
-170
-158
-252
-329
-329
-490
-485
-558
-622
-623
-661
-667
-633
-529
-431
-334
-347
-316
-156
-84
-44
-110
-207
-181
-43
170
296
389
497
846
1156
1360
1683
1817
2149
2334
2321
2451
2442
2539
2483
2243
2018
1776
1603
1455
1257
982
801
625
493
398
175
122
83
27
-10
-268
-332
-284
-389
-517
-687
-845
-893
-873
-1006
-1001
-877
-844
-716
-711
-574
-302
-187
23
137
256
488
580
694
735
671
663
622
510
388
259
82
-62
-229
-366
-424
-478
-510
-655
-730
-688
-698
-628
-683
-800
-783
-835
-907
-1028
-1156
-1193
-1246
-1306
-1407
-1450
-1354
-1241
-1139
-1041
-923
-716
-530
-398
-279
-183
-41
-6
-76
-114
-144
-160
-191
-251
-351
-435
-447
-456
-489
-514
-484
-456
-370
-247
-213
-145
-78
0
42
21
46
-6
112
292
380
604
638
861
1237
1359
1717
1874
2023
2310
2225
2341
2375
2308
2356
2119
1909
1709
1461
1294
1123
926
739
516
343
263
112
51
21
-72
-148
-317
-387
-405
-524
-601
-731
-827
-869
-914
-941
-991
-982
-937
-837
-727
-595
-456
-275
-33
116
252
337
499
644
664
647
531
535
470
270
159
15
-107
-173
-309
-457
-546
-592
-570
-611
-653
-575
-559
-635
-739
-804
-809
-876
-995
-1050
-1132
-1195
-1175
-1233
-1252
-1184
-1071
-943
-830
-697
-596
-436
-329
-260
-91
-43
15
16
-113
-93
-149
-205
-223
-353
-400
-467
-477
-411
-417
-361
-319
-341
-269
-203
-164
-88
-107
-48
-9
-60
-44
-54
105
312
400
556
731
971
1194
1394
1674
1896
2103
2225
2187
2197
2193
2176
2169
1958
1697
1549
1360
1162
948
685
553
451
275
138
46
40
9
-109
-150
-224
-317
-327
-386
-515
-640
-771
-882
-944
-1002
-1018
-983
-936
-850
-758
-573
-348
-197
-8
109
196
391
489
508
510
449
401
319
158
71
-26
-149
-187
-373
-486
-493
-561
-527
-587
-633
-623
-673
-656
-671
-667
-622
-692
-786
-879
-990
-995
-989
-1021
-1046
-1086
-1012
-900
-817
-683
-582
-485
-345
-245
-177
-129
-75
13
20
26
-25
-147
-119
-101
-151
-212
-209
-205
-243
-227
-227
-187
-211
-145
-76
-97
-23
-57
-6
-8
-44
34
-65
-6
189
319
476
567
777
1049
1205
1433
1602
1713
1863
1884
1898
1925
1862
1880
1770
1516
1375
1155
1033
982
811
679
547
402
263
187
152
116
69
-19
-129
-263
-361
-454
-508
-553
-721
-800
-846
-956
-976
-965
-909
-843
-768
-668
-575
-400
-227
-55
61
133
226
273
322
309
303
324
248
141
25
-93
-167
-226
-315
-371
-388
-461
-483
-467
-489
-493
-518
-497
-511
-620
-633
-662
-762
-821
-881
-886
-869
-920
-943
-923
-850
-710
-613
-564
-497
-373
-201
-109
-46
25
33
60
33
-29
-69
-127
-137
-130
-117
-165
-264
-280
-227
-178
-156
-178
-195
-162
-122
-36
-33
-52
6
-12
36
67
69
178
297
431
590
735
892
1084
1214
1382
1526
1647
1818
1803
1723
1683
1694
1733
1638
1454
1252
1083
956
875
738
575
428
257
152
103
46
-27
-115
-253
-333
-394
-501
-558
-660
-760
-860
-907
-888
-944
-963
-949
-904
-801
-705
-611
-495
-354
-234
-97
30
111
200
262
355
381
328
337
256
178
118
-35
-141
-227
-289
-312
-349
-425
-495
-483
-455
-450
-505
-544
-530
-586
-574
-573
-664
-735
-821
-784
-729
-794
-823
-816
-779
-684
-611
-556
-441
-319
-216
-136
-72
-18
6
36
89
114
77
78
49
-24
-70
-137
-125
-126
-158
-171
-213
-173
-115
-114
-74
-38
-1
98
85
79
149
156
252
318
373
521
639
780
884
1001
1198
1336
1454
1553
1632
1748
1808
1774
1726
1690
1610
1503
1406
1263
1068
893
788
678
517
326
177
65
-57
-178
-322
-447
-578
-694
-783
-953
-1039
-1054
-1118
-1100
-1095
-1101
-1099
-1127
-1017
-853
-791
-736
-623
-517
-370
-208
-79
72
101
141
251
245
246
223
188
224
175
81
3
-48
-68
-149
-264
-318
-318
-331
-376
-475
-482
-430
-477
-505
-517
-550
-583
-602
-658
-661
-662
-717
-684
-730
-702
-608
-650
-583
-504
-451
-356
-285
-168
-47
0
90
171
167
167
113
93
121
57
-12
-61
-85
-37
-27
-49
18
42
104
186
186
285
326
373
494
561
622
655
751
809
836
936
971
1043
1101
1109
1194
1229
1215
1203
1166
1106
1052
1046
999
938
851
734
656
585
518
394
216
116
36
-116
-217
-326
-460
-529
-643
-752
-750
-748
-812
-855
-869
-847
-778
-735
-687
-688
-631
-464
-415
-355
-226
-205
-159
-84
-45
0
-5
-2
31
16
39
38
-8
51
45
-26
-34
-76
-118
-171
-174
-146
-189
-246
-307
-355
-454
-496
-476
-566
-594
-618
-661
-635
-651
-621
-583
-527
-421
-417
-381
-310
-234
-191
-225
-186
-173
-124
-24
-113
-100
-19
-85
-30
-22
-76
14
49
65
86
102
149
145
158
164
151
185
211
203
183
184
247
281
279
340
383
491
576
550
614
676
744
860
899
927
940
940
976
952
918
899
787
682
650
623
609
530
431
367
289
270
179
86
77
-38
-87
-135
-244
-237
-271
-348
-389
-462
-476
-432
-463
-496
-463
-465
-418
-401
-437
-363
-366
-293
-151
-168
-148
-122
-86
-20
31
47
-2
1
13
20
-20
-84
-73
-148
-204
-254
-304
-263
-310
-305
-335
-401
-384
-422
-405
-361
-333
-339
-364
-364
-358
-307
-286
-321
-342
-336
-326
-263
-264
-283
-239
-269
-253
-234
-191
-75
-38
-30
4
45
87
117
90
87
114
98
81
32
-6
-45
-123
-128
-86
-104
-84
-30
16
95
124
186
230
254
307
285
373
461
492
548
503
544
606
597
639
584
561
560
544
597
572
553
581
576
563
531
495
435
391
390
404
333
183
123
47
-7
14
-64
-125
-193
-255
-209
-241
-328
-364
-406
-353
-254
-256
-201
-273
-321
-195
-182
-123
-143
-174
-116
-158
-112
-77
-76
-31
-61
-116
-107
-80
-64
-76
-137
-136
-120
-193
-243
-258
-274
-274
-363
-384
-293
-343
-321
-349
-433
-355
-358
-320
-288
-317
-288
-308
-279
-244
-244
-190
-205
-283
-201
-118
-75
1
-21
4
52
42
46
58
79
102
82
15
5
32
80
59
4
37
42
95
118
97
162
142
99
134
140
125
135
166
212
204
193
198
216
241
213
227
224
216
297
315
318
340
335
342
350
337
333
365
401
411
410
393
328
269
264
256
229
200
157
98
69
81
92
72
19
-29
-28
-11
-46
-81
-94
-94
-59
-48
-101
-161
-158
-137
-74
-28
-95
-132
-151
-133
-90
-95
-98
-106
-68
-100
-155
-97
-143
-156
-120
-174
-188
-244
-272
-226
-190
-188
-251
-284
-268
-260
-276
-274
-309
-274
-243
-309
-247
-246
-248
-165
-141
-119
-105
-109
-105
-103
-88
-20
-62
-115
-73
-71
15
32
-8
58
100
128
129
85
108
176
200
174
129
86
59
93
95
29
36
52
30
38
21
39
75
67
111
109
108
137
132
152
158
183
179
129
131
159
123
90
115
92
134
179
187
236
206
171
201
232
282
312
213
227
236
173
190
87
70
47
16
101
55
52
48
-10
-13
-31
-37
-38
-47
-10
1
-67
-83
-93
-80
-29
-91
-119
-113
-153
-120
-86
-81
-110
-212
-232
-193
-144
-124
-170
-131
-135
-145
-81
-114
-126
-129
-133
-92
-98
-116
-135
-197
-227
-186
-188
-158
-175
-240
-222
-217
-142
-110
-159
-142
-148
-101
-11
9
13
41
33
22
49
31
67
112
75
112
92
57
96
93
138
138
124
171
155
154
103
52
84
48
51
52
-1
16
24
49
105
95
72
43
60
114
67
46
53
-9
-14
2
19
12
-38
-59
-63
-34
-17
8
49
65
74
91
120
177
219
211
228
195
109
34
46
144
98
6
-10
43
77
18
39
65
50
64
36
30
117
158
81
66
78
57
60
-46
-119
-97
-148
-188
-210
-210
-219
-241
-152
-100
-111
-125
-141
-62
17
62
89
28
36
63
28
-44
-141
-156
-192
-188
-154
-244
-207
-165
-150
-41
-66
-33
37
17
110
131
91
92
11
-25
-5
-56
-84
-104
-156
-104
-41
16
46
-47
-20
54
105
179
150
124
130
178
194
131
124
113
112
98
3
-43
-57
-60
-51
-83
-100
-79
-87
-81
-26
-30
2
57
45
100
135
141
121
36
49
12
-65
-44
-94
-116
-82
-90
-77
-78
-71
5
70
114
170
181
183
188
166
134
115
90
33
-51
-113
-108
-140
-157
-94
-89
-78
-72
-50
27
49
97
111
49
90
109
57
41
6
-29
-13
26
35
10
-13
-37
-18
-36
-51
-8
-25
-15
-25
-41
17
31
17
-22
-34
7
28
34
19
-49
-127
-112
-87
-149
-201
-185
-182
-144
-70
-50
13
79
65
91
131
110
94
72
69
38
-46
34
89
-21
-73
-107
-80
-10
-29
-47
-21
58
90
85
106
89
100
69
20
42
6
-72
-112
-74
-9
17
-24
-77
-109
-136
-82
-53
-50
-32
12
79
34
65
142
133
157
115
89
126
126
114
40
14
3
-19
-18
-65
-96
-73
-1
16
-30
-6
35
43
32
5
-38
-34
14
33
-16
-82
-104
-76
-27
-58
-115
-93
-74
-72
-22
-7
4
48
13
15
60
73
91
65
82
73
45
89
74
25
4
20
59
6
-55
-59
-76
-79
-84
-89
-69
-101
-89
-14
3
18
-8
-31
35
57
103
111
51
58
59
36
-12
-67
-93
-72
-77
-104
-93
-64
36
73
45
60
72
151
215
200
157
48
-23
-27
-37
-17
-77
-206
-223
-197
-152
-102
-122
-79
-17
-4
16
-26
26
129
128
125
100
73
114
119
30
-24
-28
-49
-40
-65
-104
-93
-83
-79
-99
-99
-29
0
11
50
69
103
152
131
92
57
22
24
-11
-28
-73
-99
-69
-92
-108
-162
-146
-78
-22
31
50
140
171
216
264
235
285
251
162
116
19
-19
-12
-75
-137
-167
-150
-122
-124
-60
-22
-40
-22
2
72
108
84
105
83
102
129
123
74
-17
-54
-144
-141
-166
-214
-117
-146
-158
-106
-69
39
136
135
101
116
136
165
150
123
81
-1
-27
-97
-133
-144
-247
-225
-175
-170
-83
-69
-87
-40
-2
37
64
38
61
102
60
47
41
9
-12
-33
-48
-23
-40
-86
-68
-102
-68
-8
-54
10
53
64
111
73
50
41
41
69
21
-10
14
-19
-19
49
15
-15
-9
-86
-80
-21
21
35
-21
-14
-1
30
103
83
34
40
60
75
88
41
9
81
106
84
62
-1
-36
-51
-26
21
20
22
-5
16
76
88
118
76
61
75
6
3
-9
-72
-94
-89
-77
-49
-47
-68
-55
-15
-5
-45
-40
-53
-53
19
33
82
107
96
74
40
51
23
16
26
-3
-38
-49
-76
-109
-64
-19
-14
-26
-48
-51
-6
46
48
-9
-64
-71
-70
-21
-10
-30
-22
-69
-80
-68
-55
-60
-49
4
-15
7
28
30
78
93
93
93
80
78
80
57
25
-40
-47
-21
-67
-89
-72
-62
-41
28
40
10
-8
2
91
61
2
-20
-36
3
-23
-64
-49
-18
-24
5
37
5
-25
-25
54
70
61
37
-21
16
53
74
83
80
83
72
63
65
96
91
41
15
5
-34
-54
-54
-72
-71
-59
-34
5
22
28
17
-3
0
-24
-27
37
-17
-39
52
45
3
-38
-49
-56
-77
-79
-85
-90
-114
-62
-19
-75
-63
7
30
29
48
42
19
31
33
53
52
17
19
-7
-17
-21
-71
-75
-89
-65
-16
-40
-45
-57
-21
78
116
112
80
77
120
140
123
58
3
5
16
11
19
22
-17
-51
-38
-22
-52
-94
-81
-27
27
38
18
8
46
83
54
20
17
56
46
-21
-31
-47
-79
-116
-119
-62
-60
-28
-5
11
73
50
46
14
6
49
49
116
74
20
23
14
49
12
5
-8
-46
-38
-44
-1
76
78
35
23
0
34
73
64
37
16
38
1
8
-4
-69
-49
-70
-99
-98
-141
-123
-67
-43
16
17
20
61
38
38
19
57
62
-3
7
-39
-3
21
-35
-25
-21
-9
-33
-68
-71
-46
-13
-35
-37
-56
-20
74
52
40
15
-28
14
25
6
-32
-45
-41
-48
-25
-33
-36
-12
5
14
9
17
19
72
91
80
101
50
72
99
66
75
58
17
-16
-9
-32
-88
-110
-59
-24
-63
-43
-52
-43
5
7
37
31
34
48
40
66
26
23
73
37
-2
-48
-56
-4
0
-1
-26
-50
-15
32
40
23
46
50
43
38
57
102
86
75
5
-21
21
-19
-19
-63
-127
-95
-65
-66
-71
-83
-85
-42
-15
-12
0
31
80
76
31
28
54
68
46
-30
-77
-54
-39
-36
-47
-65
-32
-3
5
15
-8
-26
22
60
50
79
42
-8
23
-5
-3
8
-4
19
4
-3
-15
-53
-76
-86
-52
-18
-31
-21
-34
3
110
77
37
33
11
86
123
70
31
29
18
6
30
25
-36
-84
-53
-9
-9
-15
-21
-1
55
78
56
28
19
39
43
27
45
54
23
12
5
26
67
24
-46
-50
-86
-113
-30
-8
-2
6
-30
41
72
41
49
15
10
-25
-57
-19
-13
-8
-43
-69
-58
-50
6
36
8
-24
-2
6
13
11
-43
-47
-63
-24
15
-35
-15
13
41
44
-45
-43
5
-34
-27
-33
-32
19
-30
-26
22
15
14
-1
-7
-11
-19
-5
27
-9
-58
-55
-89
-84
-28
-9
20
48
33
50
72
58
56
54
43
12
61
80
30
52
15
21
72
40
50
45
17
-1
-13
28
42
29
12
26
-2
-27
25
-37
22
37
-55
-95
-118
-6
-30
-2
21
-24
-86
-36
-30
-54
-14
-23
-47
-42
10
-3
31
41
29
26
53
6
-21
0
-19
-28
-39
-57
-30
-14
-34
-38
-33
-37
-22
-2
63
65
43
41
27
46
41
61
36
12
25
-8
-31
-71
-38
0
-7
6
15
-13
-2
43
9
32
2
-37
1
14
52
5
-31
9
-6
-56
-22
0
-22
-2
-33
-8
-1
-21
47
41
18
48
43
62
55
18
-3
28
22
-15
12
-16
94
64
-36
-73
-44
-99
-88
53
43
31
-56
-23
44
12
42
19
31
28
34
21
92
105
57
96
76
-14
21
-4
-28
-25
-32
-23
-23
-25
-29
-25
-26
-17
11
2
0
-41
-51
-39
-21
-1
-62
-73
-70
-20
43
20
22
-42
-55
-43
-41
16
-4
-4
-14
-13
30
36
27
32
10
1
-14
-42
11
9
-4
-71
-35
9
36
-29
-39
-26
-66
-20
-40
14
2
10
57
40
44
45
104
76
61
-11
29
48
4
27
16
-19
9
-21
-51
-5
-4
8
13
-42
-14
15
22
46
41
65
78
55
107
121
59
56
53
18
19
7
-2
35
33
-11
-38
-49
-24
21
14
-16
-39
-49
-23
-46
-62
-70
-111
-60
-34
-37
-16
-34
-36
-39
-25
-31
-48
-23
-64
-57
-15
-36
-6
-23
-28
28
25
27
16
-6
35
48
16
6
-17
7
73
64
18
-28
-52
-22
0
-10
-13
-14
-4
17
20
21
20
-4
-4
18
32
52
22
-6
23
19
-7
26
27
7
9
-24
-38
-40
-5
4
-34
-33
-43
20
47
15
31
31
32
44
54
62
15
25
-17
44
137
81
110
17
103
40
57
39
-23
-43
-47
-24
-45
-30
-70
19
-42
-69
-65
-29
34
-63
8
-25
19
25
53
-35
-52
19
32
5
-7
35
67
52
11
-14
-3
37
81
12
-7
31
73
86
29
-1
-18
9
41
-33
-61
-39
-55
-40
-52
-53
-23
-77
-64
1
-41
-47
-55
-58
33
5
-48
-31
-45
-22
-18
-64
-61
-13
8
19
3
-25
-31
-31
-9
-20
-20
13
-1
11
2
-18
1
-6
18
42
28
25
-19
-25
6
18
59
23
15
59
18
19
1
3
90
56
4
-12
-19
61
38
-21
16
22
44
46
-7
2
23
34
27
-15
5
53
17
-2
2
-14
39
38
12
16
-24
3
27
6
-12
-55
-46
-52
-61
-34
-15
16
-9
-48
-49
-39
14
20
8
27
32
10
-19
-8
14
4
3
17
3
3
-29
-24
43
22
-3
-12
-32
-8
33
29
8
1
-42
-21
15
-5
4
-36
-44
30
31
-8
-55
-72
-33
16
30
-4
3
11
-5
18
25
25
4
-19
28
29
-5
10
-7
-6
20
40
64
-3
-23
5
-11
45
35
-3
8
-28
13
12
13
13
-36
1
0
32
12
-6
46
4
-4
-11
-17
-21
-17
15
38
28
-14
-13
-8
36
20
-7
8
-4
37
1
-10
14
-24
38
30
-13
2
-49
-17
7
10
37
-46
-44
10
-24
-29
-5
16
-2
-6
-17
-38
-7
14
41
30
-15
-26
-38
-9
3
-6
-19
-8
24
25
32
35
42
32
-16
-9
-9
2
23
-7
14
22
-6
17
22
35
6
-36
0
25
37
0
-48
-37
-18
-6
-26
-33
-29
-41
4
64
37
-22
-17
-11
-18
7
0
-13
25
60
38
9
-5
-2
63
62
10
-1
-22
9
14
-13
12
1
-2
5
-6
2
4
-14
-47
-54
-1
-14
-35
1
-24
-8
9
-19
-6
-26
-14
9
-5
-1
-14
-3
37
41
26
12
-21
-37
14
3
-31
8
31
12
-15
31
60
33
39
-23
-26
29
18
30
-6
-1
12
-24
27
-4
-28
-17
-31
70
55
8
30
-32
-6
20
-22
3
-6
-1
-5
-32
22
32
7
-1
-29
-34
-33
-8
-6
-13
22
-5
-52
-2
42
17
7
3
5
15
-11
-52
-44
-16
0
39
8
-15
-34
-42
64
22
-24
6
-13
54
25
-17
26
-11
21
40
4
25
3
-1
23
3
18
27
-2
17
-3
-31
2
9
16
4
8
38
20
14
-8
-3
16
-3
-28
-35
16
45
-19
-22
40
3
-22
-40
-63
-10
11
28
-13
-48
16
4
9
49
5
-2
-15
-47
-11
31
36
-1
-36
-22
14
11
-17
12
22
6
9
-36
-42
-27
-35
7
4
-3
5
-13
-9
-39
14
49
-36
-19
13
-4
5
13
-21
-14
13
22
47
25
2
-19
24
71
8
2
1
10
36
-1
-6
-6
-1
12
-19
-4
-3
-45
-16
39
44
20
-2
-24
15
53
19
13
-15
-11
35
14
35
21
-22
14
-3
12
27
-21
7
-7
-23
2
-29
-32
3
15
-13
-24
-19
-23
-17
1
24
-15
-47
-45
-15
62
54
16
-4
-20
18
-18
-30
26
5
27
8
-43
13
-7
-18
26
-3
-6
-51
-53
11
-23
25
29
-33
8
-13
31
51
8
52
-28
-57
18
-3
29
27
-24
3
-3
1
-3
2
51
4
-5
-2
-12
23
-23
-10
28
-24
-4
21
2
4
-21
-18
21
13
1
-13
-20
0
-6
-24
-26
6
7
