-18
-10
4
4
-6
-28
-12
-8
-27
-22
-10
0
3
16
31
9
-12
-44
-14
-38
7
-10
2
6
-16
22
-24
70
-55
10
-67
34
64
75
61
-2
-42
-24
-17
74
24
22
-35
11
34
90
58
79
2
0
-7
-1
82
21
79
-8
-26
-53
-102
7
-9
104
70
80
36
-25
40
-4
69
-11
1
-49
-99
-29
-45
39
-13
8
-26
-64
-65
-85
-57
-72
-37
-58
-74
-129
-103
-75
-33
-15
-47
-67
-117
-145
-147
-136
-80
-107
-120
-116
-56
-44
5
-76
-68
-184
-98
-139
-68
-185
-138
-214
-116
-92
12
4
2
-140
-170
-244
-143
-131
-112
-74
-115
-147
-124
-152
-112
-179
-115
-134
-127
-99
-169
-94
-99
-39
-139
-98
-222
-151
-170
-86
-45
-74
-92
-156
-133
-147
-76
-84
-78
-114
-100
-97
-70
-40
-89
-62
-121
-109
-89
-11
0
-5
-8
-131
-90
-219
-12
-20
11
16
-80
-52
-168
-129
-100
-40
-6
-38
3
-70
-39
-55
-80
1
-62
68
-102
-21
-46
-52
5
-40
-44
57
-71
85
-153
0
-151
-126
-74
-68
71
20
51
-10
-65
-11
-79
-39
-1
-49
1
28
35
48
53
-87
38
-58
57
25
12
49
31
63
100
64
161
79
93
67
38
50
21
35
2
74
4
-20
23
-68
105
-14
132
69
117
113
71
78
88
16
186
33
189
-8
26
-33
-7
12
9
71
50
127
50
69
100
46
199
37
162
57
87
54
34
51
16
54
-14
51
71
144
135
89
60
41
25
53
97
53
39
82
46
142
46
141
31
129
2
107
-80
30
-93
2
4
59
46
90
37
86
62
89
131
105
107
-41
10
-42
31
122
118
207
130
46
-23
27
28
61
78
-47
62
-31
51
102
48
91
47
43
-78
59
-7
91
33
81
-40
20
-57
92
36
171
17
40
-103
41
45
148
84
133
48
-6
-65
-54
-43
39
26
15
51
-66
61
-59
81
-57
136
-33
82
-71
82
-8
6
-31
-58
-37
13
-2
103
2
83
-40
-12
2
-62
8
-155
-50
-86
73
45
116
13
15
-146
-113
-44
-15
39
10
2
-5
-101
62
-109
124
-209
-8
-233
-90
-63
-7
15
-26
-17
29
-41
10
-67
-102
-159
-32
-91
123
-131
44
-58
14
-40
30
-43
-23
-44
-85
-27
9
-56
65
-146
22
-182
-9
-87
-41
24
-85
-38
-81
50
33
46
-123
-52
-141
19
-11
115
-67
-16
-237
-6
-186
49
-185
49
-213
-53
-83
15
27
83
22
35
8
-66
-66
-69
-14
-54
38
-63
-18
-66
-26
-97
-19
-21
24
-17
41
-101
-27
-151
2
-14
-21
-13
-59
-93
-86
-157
-4
-68
69
-21
88
-19
-39
-99
-83
-74
-24
-90
-13
-34
46
46
4
6
-99
-104
-94
-134
-78
-84
26
11
58
66
-138
-104
-179
-6
60
100
84
-47
-44
-34
-86
38
-227
-92
-141
-31
61
160
79
-32
-117
-122
-25
-78
57
-29
37
-46
-15
-126
47
-61
155
-7
28
-113
-33
-90
37
19
-28
3
-24
-68
-8
-25
-20
16
-74
1
-101
20
-12
165
61
61
-22
-251
-147
-108
8
-2
-50
-191
-167
-107
63
129
111
75
-103
-40
-32
-29
-16
-47
-84
-76
-96
-89
-80
-6
-94
78
-124
120
-63
-19
-1
-129
-78
-228
-60
-32
33
109
-91
-43
-261
-116
2
11
163
-127
61
-241
23
-77
126
48
43
-4
-13
-10
-119
-70
-70
78
47
8
-34
5
24
-81
45
-107
69
-127
78
-81
127
34
44
20
35
12
79
-23
64
8
4
77
70
129
30
-73
-91
-138
12
11
145
180
131
250
124
125
57
5
-114
-121
11
98
158
135
86
22
76
-110
198
12
257
-4
37
-40
122
13
118
65
-21
30
-116
-36
-13
39
28
45
-61
233
47
367
-57
191
-95
79
49
33
182
11
77
95
24
190
-29
138
-46
205
-56
134
-21
47
-87
19
-96
13
20
41
250
74
172
-164
-5
-136
90
4
157
-26
109
-67
114
28
59
5
-113
-44
-42
-92
166
28
185
-9
-3
-96
-154
38
-75
282
129
249
38
23
-134
-74
-8
115
71
97
16
48
-60
40
0
-21
10
-92
38
88
108
219
-8
57
-67
43
2
-45
56
-39
76
36
102
117
47
-128
36
-131
129
-71
158
-83
115
-28
94
74
199
56
105
-97
177
-162
152
-207
-64
-78
32
182
257
210
67
-41
-23
41
78
90
117
-73
-146
-118
17
141
298
238
136
-32
-105
-123
-70
22
-12
-8
33
-34
74
62
22
76
-25
80
-66
105
-145
129
-88
-21
-134
-212
-50
-100
109
52
2
221
-96
82
-201
52
-121
19
-147
68
34
18
-2
-52
-69
3
25
115
-44
-168
-127
-193
184
-44
284
-127
104
-220
-69
-226
-223
-118
-50
4
138
-28
102
-67
92
-43
45
-27
-203
10
-239
94
-75
101
38
146
-48
56
-198
21
-114
108
-77
-5
-105
-48
117
57
10
-25
-274
-98
-140
53
-5
-29
169
16
144
0
-48
-235
-99
-174
144
140
224
25
-113
3
-221
184
-98
113
-111
-203
-165
-169
136
-123
210
-84
81
-189
-37
-229
-21
-22
192
186
132
-33
-243
-124
-100
103
55
130
11
15
-208
-129
-176
-96
-15
-116
129
7
54
0
-173
-28
-232
-17
-59
76
64
16
-69
-134
-68
-66
193
54
249
-228
-2
-390
-19
-101
196
154
-34
29
-172
95
-19
123
168
-23
143
-218
16
-160
-235
-14
-347
239
-195
304
-2
167
55
-15
42
-36
-53
-81
-241
-21
-199
165
-11
204
100
29
51
-97
77
-53
94
0
119
-54
32
-188
-75
-92
70
211
222
248
-105
-95
-130
70
12
162
-1
93
-52
173
-89
139
-77
-32
49
8
-36
-27
-183
-104
-45
72
176
159
162
-109
59
-164
194
-62
175
-160
-26
-151
-32
100
-85
-52
-89
-247
80
11
176
119
-41
-68
-16
-167
230
28
329
67
64
-92
-173
-172
-170
-91
33
105
167
-28
-92
-137
-136
58
55
176
148
-46
17
-48
-56
7
-207
-132
-27
76
301
-46
147
-351
-34
-55
93
182
-34
-122
-136
-214
50
65
94
58
-113
13
-40
207
42
257
-22
120
-184
44
-51
-210
65
-197
124
-21
-71
34
-182
-27
-250
-7
-12
129
113
11
193
116
30
-116
-124
-245
-11
-91
242
24
78
-133
-6
88
93
152
-213
20
-208
83
78
67
20
-94
-142
-76
70
78
35
-3
-155
-133
24
16
164
98
-183
-73
-148
123
147
29
-55
-351
-155
-132
134
186
-9
-65
-223
-29
56
252
168
42
-125
-258
-87
-91
212
90
-15
38
-45
178
58
-30
-18
-218
1
41
159
155
-38
44
-57
-45
-99
30
25
168
-89
170
-123
66
-45
29
144
-8
84
33
88
153
69
58
-27
36
34
121
-47
-17
-76
-33
23
-26
-14
90
95
3
327
55
214
-156
-63
-137
-10
54
28
298
45
-52
92
-229
199
-3
180
81
-37
57
-56
202
-108
119
-111
130
55
167
118
103
160
-131
39
-10
209
84
16
-42
-169
-1
9
222
172
183
-14
-65
-62
89
86
107
-1
-100
-139
-82
29
108
62
168
-77
31
-126
42
-68
-29
-51
-13
-24
53
238
152
107
-26
-307
13
-139
369
8
371
-239
171
-22
47
221
8
95
-310
-198
-320
-274
-65
-147
126
45
104
-77
144
-84
281
47
136
114
-51
-26
-107
48
-28
132
-178
177
-286
-93
-280
-144
-88
-97
-112
-217
-152
-106
310
319
320
246
-146
-126
-241
-42
80
174
1
285
11
-66
-178
-49
-124
-43
-213
-81
36
94
136
208
152
89
-47
-25
105
-6
359
-67
222
-152
17
-245
45
-267
21
-138
-121
-141
-88
-120
107
16
117
192
43
247
-13
150
-110
-259
52
-208
350
-187
174
-134
-52
-107
-195
-169
-291
-343
-140
21
361
271
236
-71
-82
-150
299
151
464
73
186
-221
81
-415
-40
-356
-102
-47
8
-95
-370
-218
-316
63
167
98
294
-8
16
169
2
237
-120
8
-390
-82
-68
301
242
204
-137
-170
-209
-73
108
-76
-66
-246
-143
130
-49
401
-17
285
-229
-51
-230
-50
-94
163
250
301
232
0
-29
-241
-202
-187
-56
0
-119
-221
-205
-48
66
115
180
33
41
-92
196
-18
356
-7
-74
-43
-109
124
191
94
-75
-347
-206
-261
-224
-160
-311
82
-158
375
173
541
257
198
46
-41
-29
-119
-7
19
4
-107
-130
-218
-256
-260
-75
-150
-116
-75
-83
185
270
6
110
-33
280
228
395
39
19
-297
-206
-55
53
162
-159
2
-375
-120
-115
-1
-45
110
-298
48
-239
149
-5
251
221
31
138
-25
106
9
29
342
-36
292
-305
36
-508
-112
-342
18
-73
91
85
145
14
18
193
-12
206
46
119
56
-129
-125
-227
-145
-301
51
-309
87
-249
-132
-125
-91
167
149
171
176
-94
-169
-365
245
-203
441
13
316
61
-138
46
-233
63
-328
-151
-216
82
-107
100
-88
232
53
157
98
-105
139
-421
220
-356
413
37
272
165
-112
43
-235
-25
-153
34
-118
-34
-278
-223
-36
-245
321
-124
212
-52
-43
-4
165
383
249
213
-185
-230
-163
165
202
191
88
-325
24
-325
204
-65
5
303
-325
364
-187
454
-1
35
117
-58
74
-77
152
8
24
115
5
147
-189
-240
-416
112
1
486
211
149
-79
-169
-125
124
106
425
48
229
-55
28
57
-116
134
-237
172
-113
116
-72
41
-73
101
77
212
-74
76
-224
-14
265
52
430
38
160
91
-19
-104
-220
-164
-110
61
20
60
-90
-13
-127
109
52
-83
51
-394
-29
-9
258
284
165
263
19
28
-47
135
4
181
-183
-161
-385
-103
-11
-271
80
-141
122
-40
-47
-65
109
-4
103
363
75
225
-95
-100
-35
154
176
-51
8
-486
-22
-406
182
-138
-181
-86
-360
98
-76
411
74
496
-111
247
-112
103
182
183
264
127
44
-157
-162
-247
-282
-376
-51
-395
291
36
379
245
40
110
-174
-59
32
197
138
-5
-27
-28
277
-173
197
-264
-215
-454
-357
-154
72
54
77
-59
119
167
277
226
266
21
276
-232
416
-257
110
-325
-261
81
-65
460
-514
-83
-570
-139
53
125
417
62
181
-526
82
-483
204
-68
38
59
176
-17
301
-48
-38
-76
-182
-179
74
-422
-95
-235
-25
261
-73
386
7
157
81
153
247
357
41
228
-253
11
-338
-121
-41
-72
308
-79
145
-55
-287
-133
-461
134
232
686
413
168
-161
-199
-82
113
190
-63
172
-359
202
-145
334
-352
121
-653
70
-366
242
-290
120
-182
54
289
248
422
139
92
-59
93
-2
75
-121
44
-279
65
-226
169
-313
17
-266
-133
-181
-132
205
233
344
254
151
55
11
122
86
129
-222
26
-308
-4
-213
-37
-271
-407
22
-433
601
-24
693
-131
238
-223
-73
-52
16
404
219
306
-135
-145
-203
-209
-11
-1
52
46
-128
-106
-184
-91
-232
22
-23
105
238
-125
249
65
178
98
78
76
40
101
-243
-5
-262
-243
-458
-149
-442
-94
-181
29
-118
31
111
215
174
145
337
316
340
183
-73
-69
-152
-40
-84
-96
-248
-137
-462
79
-257
218
-26
194
-19
134
-28
-112
336
-207
539
-238
259
-95
102
75
118
106
5
-192
-148
-225
-249
-404
-267
-126
261
24
265
-12
-20
-214
141
-250
176
-6
364
324
352
263
-18
-176
-481
-616
-404
-395
272
-105
274
58
-168
333
-544
134
-421
-211
-92
-238
137
256
331
511
158
356
-131
108
-428
-159
-357
108
77
222
235
-291
-251
-711
-201
-177
74
399
246
268
-20
-176
-16
-119
147
87
326
422
302
67
-91
-89
-96
32
214
0
-47
-264
-455
150
-260
366
16
-41
28
-360
192
-231
289
21
121
113
214
201
236
51
-162
-226
-258
-114
-8
116
-275
-66
-589
20
36
489
212
87
-52
-469
2
0
310
300
177
45
-114
84
-240
262
-160
202
-290
-3
-645
-91
-316
134
278
297
258
67
-23
-58
-249
376
108
540
115
193
-202
-299
-20
-425
226
-372
55
-201
37
198
112
363
8
-135
-314
-286
45
9
385
94
127
-215
-68
-104
-66
99
36
141
55
-8
390
126
297
-161
-107
-183
-250
-283
-159
-129
-39
50
-10
405
66
583
329
696
333
113
-125
-359
-85
-209
293
-96
-41
-325
-247
-171
-94
74
171
217
304
122
52
-183
-83
-299
170
58
508
-192
149
-139
-18
325
97
308
-70
13
-193
67
114
80
133
-422
-98
-553
12
-129
218
248
-102
162
36
155
129
247
70
186
-237
-113
-323
-241
138
8
638
-110
240
-300
-398
-217
-440
33
-136
42
333
-140
448
-108
80
-77
-282
15
-205
375
-149
483
-255
30
112
57
328
-181
-134
-300
-252
-189
-25
21
-109
-573
-311
-195
397
333
427
247
-81
65
-353
-143
-48
-156
363
197
407
219
-185
-65
-206
-18
-173
-340
-402
-385
-58
58
149
294
237
238
-117
-133
-218
-183
147
-27
256
-449
-177
-673
12
-153
379
-29
3
-198
-66
-17
171
-83
238
9
18
-284
-192
-193
-33
468
241
474
-8
-36
-379
1
-82
491
326
572
260
-6
-510
-492
-623
-192
-191
195
369
84
362
178
73
176
-411
84
-600
144
-744
469
-342
654
100
347
333
-143
275
-2
-38
136
-498
4
-455
203
46
-42
92
-366
14
-133
-95
108
-67
337
-199
53
86
-227
168
-372
327
46
214
44
33
139
-32
361
-101
254
46
-266
-115
-234
-32
-57
33
-31
180
70
225
-33
53
-177
-321
-358
-152
-156
496
217
414
209
-360
-268
-565
-76
-281
238
50
348
-34
291
41
215
-104
30
-322
-53
-594
-153
-608
150
90
467
424
523
-32
12
-497
-455
-173
-325
-5
103
-288
213
-173
407
265
172
-12
-192
-75
51
199
362
330
14
-102
-324
-140
94
220
146
-112
-199
-273
-105
161
270
103
-142
21
-301
-85
3
56
148
334
225
361
0
129
-423
422
-125
516
145
-72
-268
-57
-104
541
111
210
-126
-445
87
-433
180
-169
-323
-24
-347
197
138
397
448
50
111
-757
-157
-861
-91
-173
396
183
691
354
137
-104
-243
-259
-71
-27
221
75
320
-477
-250
-538
-213
-368
78
69
216
366
238
133
-18
-571
-456
-618
-186
-118
34
427
335
396
210
402
102
330
-120
-55
-240
101
-260
218
-6
-426
-7
-357
107
25
543
-198
525
19
399
211
405
412
-84
208
-598
-40
20
236
399
86
105
-350
-440
-773
-424
-454
-247
-34
297
379
46
-69
-173
-98
328
-34
296
-133
-398
-188
-43
-298
434
-296
85
103
159
646
26
-67
-359
-587
65
-264
283
57
157
380
268
253
197
-401
-313
-644
-232
-164
401
81
227
355
155
744
83
208
-462
-627
-822
-439
92
114
196
338
244
390
327
262
217
-13
160
-141
-170
-315
-431
68
-85
528
675
537
469
587
143
239
174
-114
-376
501
-401
235
-276
-379
9
-328
227
-11
385
67
-381
-165
-705
-481
-381
-201
254
172
477
-16
100
564
321
798
184
-56
-144
-956
-245
-248
511
489
114
-8
-591
-337
34
494
371
-65
-311
-158
10
509
36
-164
-664
-1061
-296
-47
804
740
462
-362
-37
-597
141
-109
215
-141
148
-286
-32
-458
18
-407
7
340
188
173
-46
120
-229
536
58
252
90
-294
-5
-244
288
-69
326
134
-20
103
306
286
682
683
563
479
351
123
362
407
319
220
-156
-261
-226
-524
-511
-359
-287
109
447
390
246
-137
29
-199
156
23
23
-22
-284
-188
-255
-48
-63
-322
-225
-565
28
221
731
927
847
670
207
-78
-179
-6
535
110
193
-51
-220
547
-162
84
-184
-884
-243
-591
684
263
509
-98
-393
-450
-85
-166
293
-247
1
-656
-408
-124
113
240
-71
53
-222
-125
32
122
543
578
867
253
648
96
-343
506
-75
438
-50
5
-655
-485
-173
352
1157
667
1139
-4
39
4
65
895
-132
179
-1155
-931
-609
-68
919
655
346
-39
365
665
1892
530
1181
63
582
263
202
137
-1027
-715
-597
-524
711
-500
-193
-402
-69
171
239
239
-538
-536
-754
-336
215
-245
-5
-40
541
494
463
178
-920
-590
-1625
94
-248
425
-386
-366
-962
-753
-173
161
409
-141
-241
-273
368
161
784
588
-392
283
-810
626
494
1303
406
338
-576
-148
-570
-561
-136
-1115
79
-1122
-209
-193
88
844
1043
738
769
133
341
365
460
508
43
316
-885
-79
-978
134
-456
291
233
1060
1016
972
1317
16
189
-440
-429
-3
131
-169
-251
-431
-234
78
851
652
1016
731
279
252
-436
-467
-999
-708
-621
-695
-245
-541
189
147
471
521
907
-105
239
-93
-687
-475
-926
-940
-581
-557
60
101
537
-30
-139
-470
-1082
-1422
-1957
-1457
-1567
-509
300
279
580
25
70
-348
-909
-906
-1160
-1579
-1718
-2092
-769
-391
539
2
167
-405
-419
-247
-578
-9
-918
-810
-1099
-1621
-1074
-1947
-1325
-1298
-973
-131
-130
184
-141
-477
-264
-1278
-1690
-2084
-2660
-2032
-2115
-837
-1021
-505
-114
153
115
418
-809
-808
-1948
-2472
-2676
-1967
-1430
-374
102
-45
-177
-628
-1092
-705
-307
-177
-182
195
706
1408
1060
265
-851
-1408
-1089
-437
403
1398
1513
1004
677
-420
-303
-1105
108
674
1023
1069
204
-230
-819
-1510
-1447
-2129
-1875
-2307
-2914
-2599
-2844
-1855
-1168
-706
35
-868
-1619
-2338
-2934
-2085
-2116
-1827
-1508
-2053
-743
-805
730
544
867
934
881
1172
214
35
-1167
-1469
-1538
-733
896
1890
2578
3030
2740
3411
2308
3249
2655
3083
3038
2186
2729
2155
3003
3273
3459
5032
4597
5654
5306
5786
5363
4955
5079
4994
5237
5390
4942
6039
5580
7060
6189
7058
6383
5274
5006
3826
3787
3105
2947
2816
2999
3092
3984
4040
5053
5185
4956
4953
3507
3280
1649
870
-428
-1202
-1204
-1602
-374
-103
360
-148
27
568
1074
1800
1760
1252
361
-884
-1447
-2110
-1862
-2256
-2916
-3495
-4720
-4559
-4684
-4592
-4256
-4442
-3530
-3261
-1616
-1699
-1540
-2495
-4111
-5134
-5840
-5947
-5074
-4326
-3213
-3296
-3613
-3539
-3447
-2812
-1758
-1295
-1641
-2372
-3388
-4300
-4860
-5595
-6151
-6730
-7393
-7652
-7547
-7263
-6765
-6196
-5556
-4656
-4054
-3868
-3993
-4025
-3453
-2791
-1738
-1471
-1863
-2307
-3693
-4809
-5760
-6166
-6418
-6835
-6159
-5894
-5317
-4166
-4070
-3171
-3802
-4280
-4400
-4596
-3366
-3066
-1812
-2154
-1835
-2212
-2200
-1890
-1974
-1925
-2226
-2338
-2160
-2286
-2116
-3251
-3259
-2940
-1759
-416
260
900
312
535
1014
1237
1689
1269
1407
1021
980
1428
1462
2264
2155
2465
2692
2130
1984
1715
2228
2226
2598
2831
2637
2957
2504
2744
2873
2814
2956
2650
2691
2476
2164
2012
1744
1874
2074
2172
2404
1980
1643
1650
1622
1945
1780
1670
1692
1737
2097
2333
2535
2559
2414
2104
2403
2527
2567
3090
3003
3148
2764
2532
2940
2792
3204
3524
4049
4919
4873
4757
4574
4210
4124
4172
4547
4676
4297
3997
3882
3869
3886
3852
3829
3868
3825
3968
4252
4730
4969
4783
4386
3704
3229
2550
2400
2485
2999
3534
3387
3958
3616
3441
3134
2410
2417
2202
2531
2445
2413
2273
2315
2240
1896
2240
1848
1870
1454
1266
1459
991
1093
850
737
661
624
704
622
372
-17
-234
-784
-986
-1208
-1366
-1269
-1493
-1432
-1543
-1392
-746
-419
149
491
344
292
113
-57
-137
16
-230
119
326
414
655
171
266
149
767
975
1261
1201
1221
1472
1592
1883
2062
1879
1704
1031
749
351
545
463
365
505
443
436
619
766
395
137
-559
-302
-442
-548
-598
-767
-659
-206
186
993
1053
658
-9
-689
-834
-818
-660
-488
-520
-479
-179
172
89
118
-133
-407
-698
-1143
-1334
-1655
-1824
-1551
-1294
-909
-730
-792
-767
-716
-799
-1170
-1208
-1851
-1857
-2363
-2590
-2729
-2625
-2713
-2751
-2313
-2190
-1722
-1872
-1609
-1739
-1921
-2189
-2666
-2897
-3310
-3338
-3280
-3446
-3020
-3094
-2540
-2788
-2695
-3083
-3191
-2975
-3187
-2858
-2952
-2976
-3125
-2959
-2869
-2454
-1884
-1226
-501
251
685
1163
1679
1915
2151
2212
2260
2258
2235
2357
2411
2534
2303
2123
1684
1425
1033
1055
1058
1009
987
892
968
844
736
768
504
564
331
302
-2
-597
-972
-1560
-1641
-1774
-1625
-1291
-1027
-412
-7
666
1141
1388
1403
979
715
155
-442
-859
-1448
-1798
-2053
-2245
-2112
-1842
-1458
-1061
-584
-369
-235
-141
-408
-771
-1116
-1437
-1686
-1958
-2104
-1958
-1988
-1730
-1846
-1813
-1969
-2029
-1927
-1700
-1525
-1308
-1135
-1096
-1001
-1096
-1520
-1954
-2537
-3019
-3227
-3313
-3209
-2882
-2634
-2481
-2270
-2184
-2342
-2753
-3258
-3699
-4076
-4084
-4015
-3791
-3312
-2739
-1797
-1104
-198
425
917
1431
1916
2628
3074
3628
3803
4108
4014
4229
4053
4043
3650
3314
2774
2300
1878
1495
1193
1013
806
675
531
503
465
731
1024
1313
1718
1834
1989
1966
1755
1433
779
196
-467
-910
-1057
-990
-820
-476
-211
18
486
748
1326
1773
2133
2430
2424
2547
2427
2341
2006
1664
1287
944
828
532
594
437
279
138
-211
-269
-283
-150
-28
54
41
26
42
-149
-317
-522
-779
-1003
-1186
-1304
-1418
-1690
-2031
-2297
-2489
-2320
-1971
-1847
-1912
-2154
-2419
-2399
-2142
-1735
-1324
-1238
-1306
-1447
-1604
-1672
-1794
-1909
-1980
-2150
-2551
-2884
-3369
-4028
-4496
-5028
-5281
-5409
-5356
-4891
-4402
-3655
-2667
-1562
-157
1142
2414
3471
4392
5209
5793
6261
6330
6380
5947
5678
5123
4503
3753
2908
2129
1540
1108
890
791
806
833
1147
1395
1650
1845
1817
1581
1102
680
208
-166
-384
-608
-756
-919
-931
-781
-543
-76
366
875
1322
1789
2282
2697
3218
3566
3961
3999
4065
3783
3497
3030
2643
2188
1723
1219
717
222
-226
-517
-614
-644
-514
-425
-266
-151
-18
214
229
218
64
-129
-249
-435
-599
-858
-1054
-1279
-1291
-1334
-1525
-1568
-1657
-1565
-1442
-1406
-1548
-1848
-2182
-2528
-2623
-2845
-3132
-3361
-3731
-3918
-4010
-4031
-4090
-4279
-4521
-4759
-4969
-5099
-5346
-5602
-5817
-6050
-6050
-6011
-5647
-5303
-4364
-3492
-2207
-905
370
1794
2979
4302
5212
6031
6493
6698
6650
6374
5820
5105
4150
3076
2006
1054
280
-262
-599
-876
-1064
-1084
-930
-626
-287
-3
73
119
147
245
419
465
446
250
30
-154
-303
-289
-268
-69
304
820
1539
2249
2885
3447
3914
4309
4654
4845
4837
4633
4256
3810
3330
2779
2090
1247
339
-489
-1157
-1642
-1982
-2192
-2202
-2030
-1672
-1138
-552
31
610
1062
1425
1740
1792
1700
1426
965
435
-227
-868
-1621
-2313
-2825
-3206
-3304
-3209
-2901
-2540
-2110
-1568
-1118
-795
-641
-676
-901
-1345
-1946
-2568
-3243
-3893
-4465
-5016
-5449
-5775
-6022
-6251
-6410
-6456
-6208
-5672
-4995
-4144
-3356
-2402
-1249
-30
1381
2696
3920
5017
5895
6632
7120
7358
7325
7074
6697
6207
5582
4844
4076
3307
2662
2145
1709
1428
1187
1023
941
869
833
747
629
468
251
-64
-467
-920
-1355
-1726
-2018
-2104
-2058
-1826
-1433
-982
-373
336
1107
1949
2806
3556
4194
4655
4893
4983
4873
4670
4369
3935
3472
2850
2208
1613
1002
561
175
-142
-353
-533
-586
-581
-538
-483
-504
-491
-444
-380
-202
-9
122
209
146
83
52
-55
-163
-295
-471
-722
-1056
-1375
-1724
-1973
-2103
-2130
-2070
-2098
-2121
-2223
-2392
-2542
-2645
-2698
-2799
-2869
-3047
-3243
-3470
-3714
-3942
-4271
-4652
-5172
-5661
-6202
-6660
-7017
-7180
-6978
-6597
-5861
-4985
-3780
-2320
-824
855
2432
4063
5491
6703
7646
8285
8638
8620
8414
7923
7314
6416
5458
4410
3510
2670
2061
1521
1131
847
585
534
454
520
443
378
217
-2
-331
-705
-1126
-1519
-1869
-2189
-2334
-2487
-2319
-2079
-1584
-950
-159
623
1479
2406
3208
4045
4672
5148
5366
5463
5328
5069
4659
4128
3466
2744
2082
1451
919
494
83
-255
-553
-855
-1070
-1139
-1103
-975
-851
-773
-700
-624
-546
-483
-445
-443
-500
-577
-645
-709
-777
-872
-971
-1080
-1193
-1305
-1388
-1465
-1572
-1732
-1912
-2038
-2127
-2155
-2197
-2265
-2374
-2579
-2796
-3080
-3361
-3665
-3985
-4278
-4668
-5028
-5394
-5735
-6030
-6394
-6711
-7029
-7168
-6985
-6563
-5800
-4832
-3577
-2134
-616
1051
2683
4343
5790
7081
8061
8722
9098
9109
8989
8503
7912
6973
6004
4922
3924
3036
2221
1554
950
531
189
26
-57
-49
-135
-243
-442
-673
-1008
-1397
-1788
-2175
-2539
-2851
-3059
-3085
-2907
-2512
-1970
-1335
-619
176
1029
1934
2777
3555
4152
4561
4879
5038
5026
4912
4641
4235
3672
3075
2477
1818
1249
648
168
-354
-749
-1139
-1338
-1561
-1620
-1656
-1674
-1594
-1491
-1307
-1089
-851
-623
-456
-289
-184
-135
-131
-154
-247
-408
-639
-945
-1280
-1611
-1897
-2112
-2262
-2382
-2460
-2471
-2459
-2460
-2467
-2507
-2628
-2820
-3048
-3337
-3675
-4101
-4632
-5168
-5717
-6259
-6781
-7271
-7706
-8073
-8304
-8253
-7803
-7098
-6033
-4763
-3246
-1546
183
2074
3833
5597
7005
8209
9037
9555
9678
9518
9095
8378
7524
6459
5408
4327
3435
2602
1916
1297
828
504
288
169
101
49
-49
-246
-525
-877
-1269
-1696
-2117
-2537
-2921
-3230
-3413
-3420
-3208
-2796
-2222
-1506
-667
260
1262
2283
3206
3973
4598
5044
5295
5399
5384
5213
4833
4298
3700
3078
2475
1901
1350
867
423
-11
-353
-608
-825
-980
-1103
-1231
-1306
-1340
-1380
-1383
-1344
-1301
-1248
-1181
-1090
-979
-854
-702
-559
-508
-538
-611
-709
-813
-903
-984
-1078
-1200
-1328
-1457
-1587
-1713
-1839
-1992
-2175
-2394
-2661
-2972
-3288
-3643
-4077
-4553
-5051
-5570
-6105
-6565
-7019
-7424
-7787
-8044
-8015
-7702
-7082
-6105
-4895
-3459
-1848
-111
1697
3525
5347
6876
8244
9139
9834
10116
10150
9822
9253
8456
7386
6236
5094
4049
3140
2313
1595
998
567
209
-16
-138
-202
-244
-369
-551
-822
-1124
-1445
-1847
-2218
-2623
-2960
-3227
-3338
-3235
-2986
-2518
-1938
-1194
-390
553
1565
2489
3356
4055
4710
5105
5342
5454
5343
5119
4667
4168
3611
3015
2377
1799
1264
666
178
-299
-667
-941
-1164
-1320
-1470
-1529
-1534
-1472
-1402
-1339
-1267
-1212
-1157
-1124
-1068
-999
-928
-862
-868
-892
-927
-967
-1010
-1056
-1035
-1066
-1102
-1101
-1112
-1124
-1196
-1286
-1432
-1662
-1907
-2210
-2531
-2868
-3284
-3757
-4244
-4758
-5314
-5796
-6271
-6700
-7036
-7345
-7565
-7708
-7548
-7083
-6395
-5459
-4321
-2931
-1395
306
2021
3751
5425
6851
8095
9012
9680
10005
10059
9852
9327
8594
7637
6607
5528
4553
3612
2756
1935
1286
754
333
56
-133
-287
-469
-614
-837
-1034
-1314
-1603
-1939
-2278
-2635
-2910
-3070
-3147
-3027
-2771
-2336
-1833
-1120
-325
560
1477
2386
3231
3942
4585
5040
5390
5536
5536
5347
5014
4578
4032
3503
2891
2288
1633
980
336
-211
-691
-1076
-1382
-1660
-1867
-2005
-2070
-2042
-1964
-1849
-1726
-1583
-1422
-1246
-1053
-887
-769
-691
-674
-712
-754
-831
-894
-908
-958
-975
-1020
-1104
-1163
-1260
-1322
-1430
-1564
-1708
-1891
-2061
-2340
-2677
-3086
-3549
-4083
-4629
-5178
-5700
-6164
-6673
-7106
-7522
-7787
-7903
-7688
-7222
-6454
-5447
-4233
-2768
-1211
511
2240
3994
5640
7036
8203
9035
9615
9868
9884
9538
8950
8170
7202
6139
5091
4130
3185
2372
1617
1006
501
162
-50
-194
-309
-427
-584
-762
-955
-1216
-1497
-1822
-2178
-2519
-2835
-3031
-3078
-2916
-2653
-2245
-1676
-1028
-246
636
1584
2497
3382
4193
4839
5348
5682
5864
5843
5641
5248
4729
4142
3449
2757
2020
1257
541
-137
-735
-1284
-1722
-2022
-2275
-2421
-2463
-2413
-2260
-2078
-1894
-1690
-1452
-1222
-1018
-827
-672
-602
-629
-702
-831
-969
-1086
-1185
-1236
-1264
-1315
-1335
-1308
-1267
-1218
-1186
-1192
-1268
-1432
-1657
-1986
-2385
-2857
-3380
-3977
-4627
-5255
-5833
-6332
-6796
-7183
-7579
-7799
-7880
-7656
-7187
-6426
-5375
-4175
-2760
-1259
407
2095
3826
5467
6857
8012
8840
9472
9765
9826
9605
9108
8379
7411
6440
5422
4448
3527
2663
1859
1210
655
275
-6
-240
-411
-585
-807
-1032
-1266
-1521
-1785
-2084
-2440
-2778
-3058
-3233
-3265
-3151
-2922
-2531
-2002
-1366
-589
311
1285
2237
3170
3997
4705
5285
5690
6001
6059
5916
5604
5103
4465
3725
3013
2176
1374
615
-131
-779
-1357
-1802
-2177
-2443
-2632
-2651
-2609
-2467
-2291
-2045
-1816
-1564
-1359
-1171
-1001
-829
-705
-652
-655
-700
-810
-935
-1036
-1106
-1181
-1240
-1268
-1267
-1237
-1187
-1187
-1234
-1341
-1528
-1754
-2059
-2435
-2856
-3341
-3909
-4483
-5053
-5599
-6103
-6587
-6932
-7247
-7462
-7534
-7418
-6977
-6376
-5446
-4342
-3066
-1610
-99
1531
3112
4696
6099
7325
8311
8984
9391
9494
9381
8932
8365
7559
6615
5694
4681
3786
2905
2148
1502
969
545
200
2
-149
-239
-415
-609
-817
-1078
-1324
-1642
-1968
-2330
-2660
-2903
-3042
-3021
-2864
-2577
-2176
-1650
-988
-187
701
1610
2500
3302
3974
4538
4995
5314
5461
5442
5240
4863
4356
3781
3156
2491
1840
1144
454
-166
-683
-1082
-1484
-1797
-2002
-2120
-2153
-2161
-2073
-1937
-1775
-1589
-1427
-1270
-1114
-951
-798
-685
-628
-648
-722
-816
-886
-945
-986
-1036
-1089
-1110
-1121
-1093
-1092
-1113
-1171
-1304
-1439
-1665
-1923
-2216
-2596
-2998
-3484
-3992
-4532
-5056
-5520
-6004
-6353
-6732
-7059
-7187
-7235
-6925
-6402
-5698
-4750
-3655
-2355
-932
630
2225
3863
5323
6678
7871
8661
9366
9593
9660
9395
8866
8184
7294
6417
5336
4396
3451
2628
1637
1130
414
121
-27
-421
-291
-597
-637
-5
-39
-32
-12
-62
-794
-1051
-1216
-1281
-1743
-2014
-2185
-2670
-2601
-2802
-2767
-2455
-2322
-1862
-1205
-631
243
1092
1901
2807
3634
4314
5023
5386
5718
5790
5633
5443
4930
4406
3741
2972
2230
1406
644
-89
-752
-1323
-1782
-2136
-2340
-2423
-2394
-2254
-2068
-1836
-1604
-1385
-1180
-997
-829
-681
-564
-489
-469
-512
-617
-760
-920
-1068
-1190
-1276
-1329
-1349
-1352
-1351
-1360
-1393
-1442
-1506
-1599
-1734
-1924
-2172
-2460
-2798
-3180
-3623
-4130
-4642
-5148
-5600
-5969
-6317
-6622
-6818
-6925
-6855
-6513
-5984
-5192
-4216
-3108
-1812
-432
1031
2479
3942
5289
6446
7395
8046
8524
8729
8707
8447
7963
7316
6487
5629
4726
3864
3072
2345
1687
1128
649
272
31
-207
-365
-553
-741
-940
-1211
-1406
-1690
-1985
-2282
-2571
-2708
-2810
-2799
-2644
-2362
-1959
-1474
-830
-121
636
1501
2316
3056
3737
4309
4777
5116
5274
5260
5116
4822
4397
3883
3301
2692
2046
1354
677
50
-525
-1010
-1398
-1701
-1933
-2094
-2166
-2159
-2107
-2017
-1880
-1705
-1527
-1368
-1210
-1047
-908
-822
-787
-789
-811
-848
-897
-947
-994
-1032
-1047
-1045
-1038
-1029
-1020
-1020
-1052
-1128
-1243
-1400
-1597
-1855
-2200
-2626
-3118
-3609
-4072
-4501
-4927
-5314
-5630
-5898
-6086
-6245
-6264
-6190
-5899
-5428
-4839
-3983
-3053
-1918
-779
541
1881
3177
4436
5527
6490
7171
7729
8020
8122
8004
7651
7182
6489
5742
4924
4152
3388
2654
1984
1390
874
434
127
-196
-409
-610
-806
-1022
-1256
-1421
-1596
-1837
-2004
-2190
-2350
-2401
-2342
-2212
-1968
-1620
-1220
-746
-190
451
1145
1832
2492
3104
3640
4085
4425
4644
4715
4642
4456
4175
3779
3301
2794
2238
1624
1010
427
-130
-632
-1041
-1386
-1668
-1844
-1920
-1951
-1934
-1841
-1703
-1567
-1427
-1274
-1132
-1009
-867
-723
-644
-631
-631
-653
-741
-857
-947
-1033
-1133
-1217
-1267
-1301
-1327
-1335
-1336
-1356
-1397
-1475
-1597
-1756
-1962
-2236
-2562
-2920
-3290
-3672
-4062
-4428
-4761
-5034
-5227
-5356
-5461
-5515
-5472
-5308
-4999
-4542
-3869
-3064
-2149
-1104
26
1256
2460
3632
4736
5663
6455
7043
7466
7692
7668
7496
7112
6582
5921
5181
4465
3701
3008
2317
1683
1128
621
252
-85
-331
-573
-794
-953
-1145
-1302
-1471
-1620
-1780
-1952
-2072
-2151
-2164
-2109
-1961
-1721
-1395
-988
-498
79
699
1329
1959
2584
3152
3640
4059
4395
4573
4573
4465
4263
3936
3494
2984
2414
1783
1129
484
-119
-657
-1115
-1498
-1801
-1994
-2096
-2131
-2084
-1969
-1819
-1652
-1463
-1273
-1099
-946
-806
-691
-636
-597
-613
-620
-671
-791
-868
-969
-1056
-1163
-1245
-1262
-1313
-1324
-1342
-1367
-1394
-1452
-1505
-1616
-1771
-1967
-2248
-2562
-2880
-3231
-3582
-3916
-4253
-4529
-4738
-4903
-5006
-5110
-5134
-5070
-4873
-4518
-4066
-3406
-2619
-1726
-746
295
1438
2573
3686
4704
5572
6245
6768
7124
7249
7169
6915
6546
5951
5283
4623
3922
3269
2614
2018
1475
972
582
280
43
-146
-306
-457
-593
-747
-909
-1059
-1238
-1418
-1579
-1740
-1849
-1879
-1842
-1706
-1502
-1235
-844
-377
138
719
1317
1936
2540
3065
3528
3909
4179
4341
4345
4208
3985
3654
3208
2704
2169
1564
913
311
-234
-746
-1193
-1553
-1828
-2010
-2107
-2141
-2105
-1992
-1832
-1653
-1445
-1228
-1018
-809
-641
-510
-402
-354
-340
-347
-405
-487
-579
-702
-802
-890
-983
-1050
-1142
-1214
-1292
-1368
-1420
-1522
-1604
-1748
-1927
-2130
-2403
-2672
-2985
-3289
-3575
-3857
-4100
-4317
-4486
-4627
-4750
-4846
-4880
-4833
-4689
-4417
-4002
-3432
-2737
-1931
-1025
-31
1021
2105
3179
4197
5096
5831
6427
6849
7065
7104
6955
6633
6158
5526
4849
4146
3386
2688
2039
1394
862
457
139
-102
-285
-423
-551
-659
-719
-796
-868
-935
-1061
-1184
-1310
-1448
-1494
-1491
-1485
-1371
-1153
-883
-537
-111
370
892
1454
2035
2581
3088
3543
3905
4147
4261
4224
4061
3772
3378
2892
2336
1716
1058
411
-225
-777
-1293
-1699
-2005
-2235
-2332
-2415
-2348
-2216
-2004
-1757
-1529
-1240
-989
-722
-567
-425
-361
-341
-340
-450
-499
-681
-821
-962
-1126
-1196
-1311
-1305
-1299
-1280
-1257
-1239
-1195
-1189
-1164
-1230
-1360
-1532
-1769
-2057
-2379
-2692
-3056
-3441
-3788
-4093
-4372
-4598
-4745
-4868
-4920
-4880
-4740
-4438
-4025
-3464
-2751
-1954
-1044
-60
975
2032
3075
4055
4929
5625
6173
6607
6818
6870
6764
6474
6058
5502
4879
4234
3583
2974
2383
1806
1297
834
487
226
-4
-147
-301
-453
-579
-702
-847
-1006
-1150
-1348
-1524
-1670
-1725
-1717
-1725
-1619
-1439
-1176
-828
-398
108
644
1235
1814
2361
2857
3314
3698
3956
4107
4118
3993
3786
3465
3012
2496
1940
1328
691
67
-492
-985
-1421
-1775
-2036
-2217
-2300
-2282
-2173
-2001
-1807
-1569
-1324
-1074
-848
-668
-500
-401
-344
-354
-426
-510
-633
-757
-907
-1055
-1166
-1232
-1250
-1248
-1227
-1184
-1134
-1104
-1093
-1095
-1131
-1236
-1414
-1637
-1901
-2209
-2551
-2899
-3243
-3581
-3903
-4176
-4380
-4530
-4627
-4681
-4643
-4543
-4345
-4011
-3559
-2940
-2239
-1446
-597
334
1322
2253
3182
4028
4764
5331
5768
6059
6143
6112
5904
5591
5118
4622
4093
3516
2956
2384
1900
1427
1099
772
555
374
223
93
-34
-186
-340
-448
-601
-755
-988
-1180
-1369
-1516
-1629
-1669
-1644
-1548
-1375
-1117
-761
-353
96
598
1119
1648
2146
2580
2978
3351
3585
3677
3682
3582
3352
3036
2652
2194
1682
1133
596
41
-459
-864
-1241
-1509
-1712
-1831
-1846
-1812
-1737
-1619
-1451
-1290
-1096
-930
-794
-647
-583
-538
-548
-614
-687
-800
-902
-1013
-1115
-1181
-1231
-1221
-1189
-1128
-1050
-985
-911
-866
-851
-866
-948
-1093
-1298
-1564
-1867
-2178
-2510
-2828
-3126
-3422
-3659
-3806
-3937
-4030
-4044
-4028
-3985
-3887
-3711
-3474
-3142
-2693
-2173
-1586
-951
-223
591
1392
2193
2973
3719
4362
4847
5259
5530
5644
5656
5510
5259
4907
4452
3965
3437
2910
2434
1965
1528
1170
853
573
359
188
15
-177
-341
-470
-626
-812
-981
-1136
-1302
-1454
-1549
-1583
-1575
-1531
-1379
-1172
-891
-516
-121
342
817
1299
1785
2230
2632
2972
3248
3393
3466
3412
3226
3007
2682
2297
1890
1425
960
492
55
-296
-639
-931
-1129
-1277
-1348
-1404
-1390
-1311
-1233
-1104
-996
-873
-748
-640
-512
-457
-423
-396
-424
-469
-546
-656
-775
-887
-1007
-1132
-1201
-1249
-1288
-1296
-1320
-1334
-1312
-1294
-1285
-1297
-1346
-1435
-1555
-1724
-1932
-2172
-2409
-2630
-2852
-3059
-3277
-3443
-3560
-3658
-3704
-3758
-3749
-3662
-3503
-3243
-2902
-2430
-1858
-1225
-514
288
1099
1924
2774
3518
4158
4720
5174
5475
5621
5654
5534
5301
4936
4486
4022
3446
2913
2445
1922
1461
1063
744
474
227
58
-110
-275
-432
-585
-719
-871
-996
-1123
-1268
-1396
-1489
-1530
-1535
-1482
-1375
-1193
-930
-591
-192
248
726
1174
1631
2067
2439
2794
3072
3276
3385
3389
3288
3104
2840
2513
2131
1701
1251
739
255
-187
-596
-908
-1185
-1409
-1559
-1636
-1636
-1553
-1432
-1288
-1132
-997
-825
-672
-538
-424
-384
-356
-352
-396
-469
-559
-668
-790
-924
-1083
-1203
-1271
-1316
-1343
-1350
-1331
-1288
-1241
-1203
-1176
-1163
-1197
-1289
-1442
-1636
-1865
-2116
-2384
-2666
-2935
-3199
-3432
-3628
-3774
-3876
-3943
-3935
-3879
-3724
-3468
-3100
-2573
-1979
-1301
-512
318
1149
2028
2865
3598
4251
4759
5178
5391
5471
5488
5357
5059
4658
4221
3725
3254
2739
2274
1804
1401
1028
756
519
343
173
37
-102
-248
-379
-554
-724
-894
-1085
-1283
-1455
-1593
-1673
-1663
-1632
-1508
-1337
-1051
-737
-325
98
590
1048
1541
1977
2362
2724
2970
3149
3264
3247
3180
3004
2750
2447
2072
1665
1232
790
378
-16
-367
-692
-960
-1137
-1254
-1334
-1352
-1301
-1212
-1111
-996
-861
-734
-613
-506
-423
-361
-349
-363
-366
-437
-508
-591
-701
-828
-957
-1090
-1206
-1311
-1410
-1427
-1478
-1454
-1475
-1465
-1431
-1399
-1443
-1450
-1498
-1591
-1713
-1891
-2089
-2286
-2485
-2718
-2924
-3105
-3288
-3443
-3570
-3662
-3710
-3633
-3529
-3291
-2979
-2505
-1960
-1287
-588
221
1020
1827
2606
3321
3956
4444
4871
5107
5254
5230
5154
4897
4532
4130
3698
3279
2754
2325
1872
1468
1112
793
588
335
175
-11
-160
-317
-470
-609
-792
-968
-1128
-1250
-1432
-1520
-1577
-1579
-1513
-1385
-1145
-900
-529
-148
275
710
1190
1618
2024
2379
2666
2885
3016
3057
3045
2939
2767
2515
2216
1871
1478
1094
721
376
9
-290
-539
-735
-929
-948
-1033
-1043
-1015
-997
-927
-860
-786
-723
-662
-631
-596
-585
-590
-588
-633
-646
-703
-751
-818
-888
-929
-1005
-1027
-1078
-1122
-1121
-1151
-1173
-1202
-1266
-1348
-1415
-1487
-1582
-1698
-1852
-2044
-2250
-2466
-2699
-2884
-3041
-3210
-3329
-3438
-3524
-3512
-3524
-3515
-3414
-3213
-2953
-2582
-2122
-1604
-1021
-432
299
989
1746
2414
3055
3634
4092
4481
4718
4863
4893
4842
4680
4386
3983
3658
3217
2726
2369
1979
1587
1245
919
698
448
282
109
-90
-295
-414
-598
-759
-964
-1095
-1220
-1342
-1380
-1403
-1357
-1250
-1113
-923
-693
-357
28
426
845
1251
1631
2001
2301
2553
2762
2857
2883
2836
2711
2544
2315
2033
1741
1412
1064
727
406
166
-82
-299
-483
-637
-674
-738
-767
-760
-753
-707
-698
-679
-646
-591
-557
-551
-523
-550
-581
-587
-638
-719
-777
-835
-977
-1059
-1134
-1266
-1317
-1370
-1394
-1424
-1434
-1386
-1375
-1358
-1348
-1347
-1374
-1424
-1537
-1677
-1835
-2055
-2253
-2520
-2747
-2962
-3154
-3295
-3451
-3541
-3629
-3670
-3603
-3419
-3188
-2852
-2381
-1835
-1203
-553
221
990
1762
2528
3174
3771
4234
4659
4915
4997
5013
4878
4643
4291
3901
3490
3027
2553
2134
1774
1407
1100
856
640
444
287
157
-9
-188
-347
-545
-774
-976
-1155
-1321
-1475
-1586
-1604
-1588
-1548
-1401
-1186
-920
-542
-92
355
792
1272
1714
2101
2442
2718
2882
2960
2979
2860
2677
2408
2130
1773
1428
1053
723
386
117
-145
-333
-471
-568
-603
-630
-580
-569
-509
-442
-416
-347
-341
-325
-341
-353
-398
-437
-516
-556
-634
-662
-700
-758
-829
-898
-1004
-1083
-1149
-1237
-1288
-1321
-1369
-1387
-1420
-1470
-1499
-1530
-1563
-1593
-1672
-1761
-1870
-2016
-2139
-2297
-2467
-2633
-2818
-3009
-3142
-3282
-3437
-3528
-3590
-3531
-3390
-3122
-2785
-2293
-1757
-1103
-376
458
1287
2094
2896
3629
4206
4646
4994
5160
5224
5109
4887
4565
4103
3705
3202
2756
2263
1872
1526
1211
961
795
661
467
354
184
27
-163
-354
-551
-821
-1031
-1270
-1460
-1635
-1715
-1744
-1696
-1545
-1303
-967
-643
-163
316
785
1266
1757
2181
2530
2759
2947
3012
2945
2833
2648
2416
2121
1799
1488
1135
808
528
280
55
-95
-216
-299
-336
-367
-366
-353
-301
-271
-244
-214
-218
-204
-244
-270
-322
-391
-442
-522
-577
-633
-709
-767
-818
-895
-981
-1082
-1200
-1272
-1345
-1419
-1467
-1501
-1533
-1548
-1599
-1658
-1683
-1761
-1823
-1898
-1995
-2111
-2261
-2393
-2529
-2692
-2854
-2987
-3125
-3276
-3367
-3455
-3520
-3480
-3387
-3197
-2980
-2547
-2060
-1461
-809
-35
782
1593
2436
3170
3851
4358
4819
5091
5237
5258
5091
4844
4468
4019
3563
3073
2600
2155
1745
1368
1057
835
644
465
303
155
-2
-208
-405
-581
-814
-1055
-1249
-1442
-1605
-1720
-1765
-1716
-1600
-1389
-1062
-655
-231
282
791
1259
1760
2140
2493
2771
2923
3005
2972
2869
2673
2423
2121
1801
1439
1074
729
421
216
-27
-209
-354
-469
-493
-518
-497
-446
-384
-357
-322
-302
-292
-275
-280
-271
-315
-341
-413
-494
-519
-601
-636
-689
-770
-832
-919
-1010
-1108
-1206
-1301
-1379
-1440
-1514
-1599
-1680
-1775
-1858
-1938
-2025
-2152
-2249
-2391
-2565
-2695
-2850
-3051
-3204
-3331
-3484
-3544
-3687
-3693
-3809
-3779
-3714
-3484
-3209
-2755
-2217
-1564
-784
37
981
1866
2777
3553
4265
4851
5214
5515
5521
5468
5177
4868
4354
3845
3307
2832
2322
1874
1505
1170
925
694
556
439
300
175
1
-212
-453
-722
-962
-1247
-1510
-1730
-1917
-2017
-2003
-1864
-1621
-1266
-827
-310
230
806
1360
1880
2353
2721
3006
3139
3202
3092
2937
2682
2403
2052
1689
1332
1004
714
441
270
82
-47
-152
-150
-211
-224
-223
-267
-254
-293
-311
-297
-301
-282
-276
-279
-265
-199
-161
-141
-137
-111
-115
-142
-197
-314
-432
-580
-742
-967
-1136
-1326
-1477
-1649
-1770
-1905
-2008
-2084
-2139
-2198
-2265
-2362
-2466
-2577
-2717
-2848
-3015
-3185
-3353
-3527
-3633
-3776
-3872
-3964
-4056
-4034
-3920
-3690
-3332
-2829
-2148
-1376
-517
464
1522
2537
3477
4310
4956
5468
5689
5868
5766
5511
5171
4688
4131
3486
2965
2475
1989
1599
1359
1141
969
834
737
602
423
237
-6
-334
-686
-1038
-1398
-1768
-2075
-2244
-2318
-2270
-2085
-1738
-1295
-756
-140
481
1125
1718
2306
2714
3044
3227
3308
3230
3060
2845
2565
2250
1894
1619
1300
1022
789
654
481
337
271
109
27
-141
-250
-378
-481
-590
-639
-683
-713
-649
-618
-462
-358
-211
-63
79
204
276
260
238
167
25
-129
-398
-620
-903
-1168
-1395
-1602
-1743
-1885
-1974
-2078
-2090
-2159
-2157
-2227
-2318
-2435
-2622
-2801
-3021
-3246
-3465
-3707
-3917
-4089
-4238
-4366
-4435
-4501
-4485
-4352
-4106
-3692
-3224
-2500
-1694
-779
175
1229
2275
3249
4082
4792
5362
5690
5884
5873
5666
5315
4833
4311
3665
3097
2628
2193
1779
1473
1294
1116
944
827
722
504
265
-19
-364
-784
-1124
-1547
-1889
-2228
-2393
-2465
-2437
-2209
-1881
-1385
-835
-171
488
1183
1731
2253
2694
2912
3067
3075
2984
2724
2462
2177
1827
1504
1272
1105
954
856
785
782
703
647
550
431
269
84
-112
-323
-533
-659
-727
-787
-745
-631
-442
-229
-48
217
445
615
711
754
752
597
393
151
-185
-533
-895
-1223
-1548
-1836
-2034
-2171
-2236
-2320
-2283
-2309
-2307
-2321
-2316
-2399
-2531
-2662
-2856
-3084
-3340
-3525
-3781
-3957
-4102
-4185
-4272
-4323
-4313
-4251
-4110
-3815
-3338
-2803
-2062
-1231
-303
628
1638
2619
3499
4227
4854
5314
5509
5523
5394
5079
4720
4254
3752
3249
2768
2403
2062
1764
1553
1398
1257
1086
927
739
458
98
-284
-722
-1177
-1567
-1921
-2210
-2370
-2398
-2273
-1997
-1606
-1092
-511
91
729
1319
1823
2252
2535
2691
2756
2711
2583
2401
2177
1951
1748
1577
1460
1401
1358
1313
1293
1239
1107
959
748
442
144
-129
-426
-695
-876
-962
-966
-898
-753
-534
-262
23
288
515
682
768
784
733
604
400
147
-125
-393
-643
-881
-1108
-1319
-1494
-1618
-1697
-1755
-1813
-1909
-2025
-2147
-2296
-2440
-2629
-2858
-3103
-3347
-3534
-3721
-3843
-3941
-4049
-4061
-4104
-4119
-4103
-4130
-4066
-3929
-3640
-3211
-2684
-1942
-1114
-213
804
1839
2872
3804
4570
5199
5601
5736
5719
5539
5156
4655
4109
3540
2966
2482
2135
1858
1613
1436
1336
1249
1123
959
751
443
22
-451
-949
-1454
-1895
-2221
-2443
-2533
-2450
-2206
-1837
-1342
-736
-110
530
1164
1717
2165
2488
2678
2770
2717
2566
2418
2200
1975
1798
1680
1596
1510
1515
1506
1467
1362
1215
1034
750
514
131
-209
-413
-785
-851
-985
-1060
-799
-778
-378
-134
63
491
577
802
806
788
697
522
340
51
-110
-474
-619
-880
-1094
-1165
-1415
-1421
-1555
-1639
-1684
-1834
-1940
-2097
-2260
-2444
-2602
-2811
-2996
-3172
-3373
-3496
-3610
-3691
-3744
-3803
-3833
-3857
-3889
-3959
-4040
-4075
-3922
-3600
-3222
-2598
-1840
-927
125
1184
2359
3398
4279
4947
5435
5698
5776
5641
5281
4841
4196
3718
3123
2701
2348
2150
2023
1901
1833
1806
1726
1491
1246
803
328
-294
-860
-1441
-1946
-2342
-2609
-2743
-2629
-2274
-1847
-1232
-598
72
774
1324
1830
2181
2407
2459
2424
2313
2117
1954
1764
1660
1575
1563
1627
1677
1769
1763
1770
1748
1543
1308
1013
657
272
-136
-464
-741
-930
-967
-904
-741
-483
-158
168
441
662
820
862
798
689
521
297
63
-144
-332
-505
-621
-650
-681
-769
-863
-1003
-1235
-1474
-1696
-1928
-2174
-2425
-2642
-2818
-2951
-3022
-3036
-3026
-2997
-2973
-2965
-2978
-3043
-3131
-3273
-3425
-3583
-3765
-3955
-4182
-4267
-4168
-3884
-3428
-2845
-2056
-1071
21
1089
2165
3140
3914
4502
4863
5061
4995
4753
4450
4045
3608
3219
2922
2647
2460
2419
2419
2360
2269
2171
1963
1632
1208
683
98
-518
-1121
-1621
-1977
-2212
-2302
-2239
-2041
-1682
-1213
-717
-219
265
705
1076
1369
1542
1665
1744
1766
1769
1713
1708
1732
1773
1846
1913
2003
2047
2021
1900
1740
1487
1155
796
358
-7
-362
-702
-932
-1009
-937
-814
-613
-368
-130
78
285
463
560
574
520
433
278
111
-19
-136
-259
-306
-293
-317
-345
-436
-569
-803
-1109
-1403
-1708
-1961
-2238
-2485
-2677
-2819
-2883
-2942
-2918
-2885
-2854
-2867
-2888
-2955
-3075
-3179
-3368
-3573
-3784
-3882
-4019
-4055
-4144
-3998
-3779
-3269
-2660
-1955
-1025
-96
985
1938
2962
3733
4339
4662
4853
4874
4726
4452
4039
3632
3204
2933
2673
2527
2355
2317
2231
2150
1973
1764
1450
975
455
-45
-568
-1040
-1510
-1828
-2000
-2027
-1890
-1642
-1280
-841
-447
-25
384
731
994
1203
1324
1397
1517
1614
1713
1732
1869
1886
2020
1966
1977
1935
1846
1728
1513
1292
1053
784
487
211
-24
-216
-326
-424
-433
-388
-301
-194
-74
66
228
374
474
521
532
524
464
426
346
242
170
52
-1
-68
-190
-353
-556
-771
-1057
-1363
-1689
-1970
-2185
-2335
-2458
-2527
-2546
-2565
-2478
-2438
-2431
-2449
-2554
-2671
-2841
-3035
-3228
-3386
-3582
-3725
-3756
-3747
-3752
-3784
-3644
-3470
-3152
-2598
-2077
-1391
-522
304
1042
1953
2948
3462
4010
4607
4607
4693
4682
4196
4010
3737
3135
2939
2826
2432
2302
2285
2059
1915
1692
1449
1178
597
214
-191
-839
-1190
-1520
-1853
-1895
-1857
-1711
-1385
-1033
-706
-265
175
482
872
1132
1259
1511
1558
1571
1702
1754
1833
1907
1937
1920
1994
2027
1938
1986
1811
1538
1332
905
619
350
-26
-269
-506
-633
-672
-591
-437
-273
-29
172
386
562
649
665
576
439
270
136
35
-54
-131
-170
-158
-138
-135
-178
-290
-479
-761
-1104
-1465
-1801
-2100
-2365
-2575
-2698
-2745
-2747
-2677
-2617
-2550
-2483
-2519
-2597
-2719
-2888
-3082
-3252
-3469
-3648
-3732
-3830
-3820
-3870
-3798
-3564
-3172
-2551
-1933
-1116
-292
571
1480
2247
3014
3543
3906
4107
4152
4145
3973
3774
3537
3276
3107
2974
2854
2716
2588
2451
2225
1992
1715
1345
905
368
-138
-582
-951
-1249
-1466
-1517
-1483
-1331
-1087
-838
-576
-331
-63
144
333
607
805
932
1105
1311
1512
1693
1817
1929
2084
2143
2095
2040
1938
1809
1634
1433
1231
983
792
603
393
245
105
18
-58
-118
-130
-158
-111
-57
-32
72
177
265
370
441
486
526
494
425
342
246
129
-13
-175
-358
-534
-736
-923
-1146
-1386
-1630
-1884
-2027
-2159
-2229
-2314
-2400
-2415
-2446
-2419
-2465
-2507
-2575
-2714
-2845
-3020
-3138
-3251
-3343
-3444
-3487
-3490
-3498
-3505
-3510
-3363
-3038
-2490
-1918
-1191
-457
395
1323
2161
2920
3492
3845
3980
3973
3846
3656
3383
3139
2811
2624
2527
2458
2446
2383
2347
2223
2020
1743
1310
843
270
-262
-695
-1113
-1409
-1585
-1628
-1525
-1331
-1033
-750
-462
-168
20
232
418
561
708
768
834
934
1118
1356
1571
1772
1883
1972
2029
1972
1828
1642
1407
1148
938
738
543
397
297
247
225
214
214
187
123
73
53
51
64
98
152
197
252
335
430
506
517
483
428
304
144
-18
-206
-395
-604
-841
-1028
-1173
-1343
-1543
-1735
-1876
-1953
-2000
-2039
-2092
-2164
-2230
-2275
-2315
-2376
-2473
-2587
-2680
-2755
-2832
-2898
-2943
-3005
-3045
-3051
-3062
-3068
-3059
-3004
-2829
-2470
-1990
-1423
-785
-160
504
1170
1782
2302
2675
2939
3060
3073
3006
2850
2721
2618
2555
2573
2580
2559
2515
2434
2335
2173
1922
1555
1145
740
299
-71
-429
-730
-897
-1001
-1003
-959
-871
-745
-597
-423
-286
-170
-95
-35
48
151
280
420
580
756
937
1104
1238
1332
1371
1348
1255
1111
931
724
522
347
205
105
37
-21
-67
-133
-228
-315
-391
-456
-489
-517
-553
-565
-588
-610
-623
-664
-692
-634
-521
-366
-215
-175
-166
-196
-284
-412
-622
-824
-958
-946
-823
-649
-471
-324
-156
7
245
461
580
635
605
569
508
445
334
188
91
4
-25
-5
46
100
176
327
437
503
574
549
489
421
274
115
-45
-147
-192
-218
-165
-67
43
143
249
345
377
384
324
245
187
83
15
-24
-55
-40
28
150
237
308
368
391
414
390
333
289
229
160
146
163
152
170
225
281
336
396
455
462
444
414
338
254
183
110
30
3
-9
-5
45
84
169
203
212
248
234
198
154
137
85
33
14
-1
15
17
58
124
157
182
211
231
221
191
142
89
29
-45
-116
-153
-167
-197
-218
-206
-182
-182
-170
-168
-177
-186
-238
-301
-371
-429
-490
-534
-525
-533
-507
-460
-425
-381
-350
-321
-290
-280
-280
-274
-284
-273
-280
-279
-257
-228
-172
-145
-91
-41
-5
48
67
64
53
49
13
-28
-50
-70
-96
-102
-80
-100
-80
-72
-84
-61
-84
-106
-99
-98
-130
-150
-147
-172
-165
-149
-165
-137
-79
-66
-36
12
39
69
74
72
74
64
55
75
70
50
54
43
70
93
97
110
109
140
129
121
154
136
137
154
153
141
115
112
98
77
76
79
94
99
118
136
133
158
151
143
139
126
115
68
66
50
6
23
38
25
6
4
-12
-35
-33
-36
-46
-63
-75
-98
-131
-154
-169
-177
-182
-190
-200
-202
-204
-198
-179
-163
-160
-169
-188
-201
-187
-168
-173
-179
-157
-129
-119
-104
-70
-46
-33
-8
16
13
4
-7
-32
-47
-41
-52
-74
-70
-62
-84
-105
-106
-104
-94
-82
-95
-107
-91
-80
-89
-80
-54
-43
-45
-36
-23
-27
-43
-45
-25
-10
-8
4
24
26
27
54
84
87
77
62
47
34
30
26
24
24
19
9
2
3
16
42
65
85
104
100
83
61
26
-12
-36
-46
-55
-56
-30
-19
-9
51
72
75
109
108
112
106
92
90
89
49
19
9
-25
20
35
60
93
58
279
740
1335
1985
2288
2202
1949
1444
722
-45
-1062
-2103
-2652
-2818
-2499
-1815
-1221
-586
109
736
1256
1489
1304
898
511
106
-241
-609
-1056
-1305
-1280
-1052
-662
-230
169
644
1118
1398
1489
1292
822
319
-160
-625
-1009
-1277
-1397
-1206
-783
-294
255
610
805
892
709
346
-136
-617
-920
-997
-962
-844
-581
-308
73
627
1176
1741
2213
2353
2204
1881
1285
560
-94
-820
-1356
-1571
-1594
-1334
-991
-715
-422
-181
-53
37
83
17
-18
14
41
47
-47
-149
-249
-247
-119
19
242
436
670
872
873
723
400
-8
-368
-552
-679
-683
-603
-577
-364
-170
-58
64
26
-75
-186
-420
-668
-795
-853
-760
-533
-333
-156
36
223
375
418
333
235
132
-4
-76
-112
-162
-160
-107
-37
104
247
331
443
530
499
418
287
73
-90
-185
-268
-279
-229
-170
-154
-170
-208
-181
-129
-160
-194
-318
-438
-494
-477
-226
214
779
1263
1458
1368
1102
831
607
389
153
-45
-185
-306
-472
-703
-895
-957
-859
-671
-554
-556
-572
-544
-423
-267
-223
-221
-192
-140
9
168
259
355
412
444
484
433
350
314
297
322
330
224
77
-107
-326
-472
-536
-536
-412
-277
-241
-244
-368
-516
-604
-688
-709
-697
-577
-362
-182
-23
-9
-74
-57
25
176
290
394
422
340
329
349
376
380
266
67
-89
-225
-331
-364
-507
-644
-687
-672
-513
-446
-449
-404
-413
-321
-203
-163
-91
-6
43
95
138
74
5
-36
3
151
321
509
589
596
481
263
87
-60
-157
-275
-356
-374
-359
-273
-166
-76
-1
115
274
373
354
236
23
-193
-289
-300
-215
-40
141
326
468
510
517
462
320
200
135
78
21
-54
-108
-95
-28
73
153
165
138
83
28
16
-21
-90
-137
-202
-267
-221
-120
-32
69
104
88
79
23
-50
-76
-102
-89
-71
-120
-43
54
116
239
266
267
207
74
-18
-52
-8
54
90
51
-23
-99
-121
-80
14
165
273
394
501
560
631
617
536
416
233
38
-106
-173
-162
-83
33
159
322
445
486
507
449
360
251
97
-56
-223
-314
-307
-222
-87
-12
23
38
51
81
111
99
-10
-146
-226
-220
-102
46
195
329
390
416
397
334
231
62
-69
-167
-244
-178
-40
65
148
179
104
-41
-153
-213
-238
-252
-247
-222
-218
-172
-81
11
60
48
45
17
-14
-44
-98
-134
-149
-111
-21
102
214
280
284
216
102
-42
-144
-224
-294
-316
-319
-289
-278
-259
-212
-202
-131
-52
5
58
36
6
-54
-129
-165
-131
-74
6
185
328
432
537
557
518
428
312
232
161
79
51
49
56
119
214
315
409
473
473
380
276
178
74
-20
-78
-74
-61
9
115
269
467
621
759
754
645
528
350
214
90
-20
-48
-26
29
98
176
233
248
245
167
69
7
-88
-152
-180
-196
-181
-126
-15
87
189
273
310
327
266
164
56
-82
-207
-279
-330
-354
-311
-235
-144
-96
-106
-110
-174
-327
-478
-605
-680
-707
-734
-716
-662
-591
-486
-433
-431
-442
-509
-580
-615
-641
-615
-546
-469
-388
-327
-232
-152
-106
-70
-73
-79
-129
-182
-193
-206
-178
-127
-84
-19
62
109
169
205
212
251
245
228
206
182
196
223
265
315
397
481
584
693
754
782
757
689
627
558
494
461
477
508
565
618
631
647
627
603
564
500
435
346
292
241
189
173
174
200
268
320
333
329
253
188
133
69
49
2
-38
-56
-69
-56
-41
-40
-45
-45
-40
-57
-117
-214
-334
-424
-482
-532
-549
-550
-534
-485
-406
-334
-252
-203
-249
-322
-432
-521
-569
-617
-657
-730
-785
-800
-804
-771
-697
-605
-516
-439
-405
-418
-468
-535
-592
-649
-682
-671
-637
-581
-525
-471
-377
-305
-293
-250
-192
-185
-172
-173
-206
-227
-195
-130
-57
62
176
303
430
526
606
603
577
563
509
446
403
374
368
422
479
523
588
648
718
770
789
770
717
677
607
544
508
435
407
420
428
451
503
556
562
568
549
502
457
385
358
311
280
286
264
258
249
292
303
269
245
191
121
25
-78
-181
-251
-299
-307
-296
-297
-274
-251
-222
-246
-301
-369
-451
-488
-526
-544
-527
-492
-447
-423
-425
-432
-435
-474
-537
-595
-655
-710
-762
-811
-837
-836
-813
-767
-706
-649
-608
-592
-586
-603
-650
-698
-743
-757
-753
-725
-662
-585
-470
-390
-303
-209
-171
-127
-85
-62
-42
-7
40
99
155
195
245
310
382
446
484
486
501
501
474
466
429
414
419
400
458
529
591
643
631
640
633
623
611
577
547
486
475
476
488
528
554
612
677
704
683
661
631
545
440
353
284
237
233
232
230
259
282
284
288
288
266
213
137
74
2
-59
-69
-86
-102
-70
-48
-32
5
6
-32
-76
-158
-262
-340
-413
-485
-512
-500
-480
-430
-366
-317
-266
-251
-283
-325
-392
-507
-619
-694
-739
-752
-749
-728
-674
-597
-526
-474
-441
-431
-449
-479
-524
-587
-638
-663
-669
-639
-577
-505
-421
-335
-266
-208
-188
-221
-247
-251
-254
-230
-192
-167
-123
-63
-6
70
149
204
261
315
355
390
393
347
294
249
210
198
229
287
350
397
431
473
510
534
555
568
565
554
559
594
601
574
565
552
531
516
489
484
505
505
501
502
490
490
485
466
479
470
442
418
383
320
237
190
107
43
9
-31
-14
17
42
57
68
39
7
-26
-69
-95
-122
-143
-192
-217
-268
-314
-306
-347
-362
-365
-368
-390
-406
-419
-459
-463
-491
-503
-460
-426
-379
-332
-330
-374
-434
-493
-532
-570
-565
-555
-572
-581
-597
-580
-556
-504
-441
-396
-343
-320
-294
-257
-230
-225
-236
-258
-298
-350
-380
-375
-354
-300
-227
-119
-2
83
189
244
240
199
142
97
21
-26
-61
-115
-95
-48
49
201
328
462
549
574
586
551
474
396
336
284
265
284
303
335
418
510
559
586
605
591
552
515
458
375
298
252
242
251
273
309
340
365
364
318
275
258
225
170
130
98
55
24
16
17
34
62
68
53
28
2
-14
-37
-92
-160
-237
-293
-314
-325
-325
-316
-296
-256
-218
-198
-202
-249
-311
-361
-418
-456
-454
-429
-394
-340
-275
-214
-141
-77
-51
-54
-109
-195
-258
-336
-408
-425
-434
-417
-322
-208
-109
-38
-21
-43
-99
-170
-230
-303
-373
-408
-415
-401
-363
-288
-183
-89
-34
5
42
67
83
104
100
57
28
22
-5
-22
7
56
120
214
300
351
383
400
415
397
354
290
198
159
126
96
135
182
263
340
382
427
418
386
343
297
239
165
138
82
48
69
97
212
302
355
418
429
408
343
277
204
119
72
25
15
1
2
45
91
156
195
212
215
190
138
61
-5
-58
-109
-162
-183
-167
-122
-53
8
33
16
7
-1
-46
-100
-114
-132
-165
-178
-211
-246
-234
-223
-207
-152
-105
-83
-51
-37
-66
-103
-158
-241
-320
-360
-374
-379
-353
-308
-251
-208
-150
-90
-81
-79
-100
-129
-151
-177
-178
-192
-181
-153
-145
-121
-120
-89
-68
-80
-56
-78
-82
-63
-52
-35
-9
27
39
62
95
147
178
165
152
129
127
131
152
179
203
227
223
227
222
214
207
199
195
170
156
139
131
113
70
55
57
81
101
113
138
140
157
141
106
97
56
31
-1
-41
-37
-23
7
50
70
68
114
163
143
128
132
114
81
24
-22
-56
-112
-134
-131
-138
-130
-82
-27
5
48
83
109
103
38
-35
-116
-178
-218
-260
-271
-251
-230
-199
-165
-132
-77
-37
-20
-7
-17
-61
-117
-153
-208
-241
-240
-269
-280
-235
-182
-145
-112
-92
-103
-125
-123
-95
-96
-103
-99
-103
-91
-87
-105
-95
-70
-50
-23
-12
16
45
57
69
65
63
68
91
120
127
118
106
113
119
135
166
220
257
265
250
219
214
206
236
244
223
230
234
249
233
239
236
210
214
178
133
114
92
50
42
66
77
125
191
212
209
213
184
149
141
124
88
69
66
28
-3
-8
-1
18
35
70
109
114
116
98
66
39
16
-2
-37
-62
-77
-80
-75
-94
-100
-98
-107
-81
-56
-47
-43
-62
-84
-117
-139
-131
-148
-142
-106
-90
-80
-54
-37
-52
-17
19
21
53
58
45
24
-7
-25
-43
-46
-30
-20
-7
19
40
66
69
68
69
50
49
52
60
48
16
1
5
30
50
57
65
78
76
83
79
47
46
44
47
41
21
11
10
9
-18
-15
5
20
29
22
25
12
-8
-25
-52
-60
-47
-8
16
13
23
27
21
17
25
7
-14
26
26
-15
-12
-6
-22
2
17
6
40
41
33
50
45
20
11
-12
-54
-25
5
22
88
124
108
99
72
24
13
1
22
42
1
-11
-35
-57
-38
-37
-29
-2
6
10
6
-7
-7
-28
-38
-22
-5
17
36
48
24
-7
-8
-13
-9
26
59
61
59
85
104
91
89
92
59
9
-40
-56
-68
-71
-71
-86
-76
-64
-66
-53
-40
-48
-56
-65
-83
-78
-76
-60
-59
-48
-50
-63
-96
-97
-94
-89
-79
-33
0
9
16
-14
-23
-17
-32
-40
-24
-12
-4
-33
-46
-46
-20
-11
7
19
37
45
42
57
20
-23
-44
-41
-46
-57
-44
-32
-59
-71
-43
-45
-43
-7
-12
8
-7
-12
-10
-27
-49
-56
-56
-76
-60
-6
1
28
42
31
17
6
21
39
17
-12
-18
-37
-43
-40
-38
-26
-1
-2
9
7
-17
-32
-32
-28
-19
-19
-25
-40
-77
-88
-64
-45
-27
-2
16
18
31
19
-1
15
56
65
71
66
71
70
58
56
30
4
5
21
23
-8
-6
2
25
47
53
57
82
81
79
60
38
4
-37
-25
-47
-77
-78
-81
-67
-63
-24
-5
-4
25
35
39
42
31
29
15
-23
-52
-75
-79
-66
-77
-71
-29
-4
14
38
37
52
67
21
-22
-39
-70
-79
-62
-47
-44
-18
26
47
73
87
87
71
46
25
3
25
15
5
16
-10
-12
-9
-9
16
44
57
63
44
-10
-51
-90
-97
-90
-67
-40
-24
10
21
30
67
95
105
91
88
69
-4
-46
-51
-82
-103
-93
-71
-1
68
98
147
158
115
64
7
-23
-56
-77
-77
-110
-122
-112
