-1
2
8
7
0
-1
-1
0
2
5
1
-4
-1
3
3
4
4
0
0
1
-1
-1
2
4
5
1
2
0
-4
1
0
-1
2
1
2
4
-2
-3
-2
-5
0
1
-1
1
0
-4
1
1
0
2
-1
-3
0
0
0
3
0
1
0
-1
0
1
1
4
4
8
10
8
6
5
4
8
9
6
6
6
8
13
11
9
8
9
9
15
15
14
13
12
12
15
14
13
12
12
15
18
18
15
12
10
14
14
14
14
12
14
18
15
9
7
3
6
12
9
4
2
0
0
2
-1
-5
-3
0
2
1
0
-8
-12
-8
-11
-8
-6
-16
-16
-17
-20
-11
-7
-8
-7
-15
-20
-22
-27
-20
-17
-18
-15
-18
-22
-20
-19
-19
-19
-18
-15
-13
-11
-13
-19
-19
-12
-9
-13
-14
-12
-9
-7
-5
-4
-3
0
0
-1
0
3
4
6
7
6
6
8
11
11
11
5
1
3
12
17
17
19
15
12
18
20
17
13
13
16
21
23
21
14
13
15
17
15
12
15
17
15
13
14
13
9
7
8
7
7
9
7
1
-1
0
-2
-6
-12
-15
-12
-8
-10
-18
-22
-16
-11
-17
-22
-21
-17
-18
-25
-27
-23
-22
-24
-23
-22
-23
-22
-23
-26
-23
-16
-23
-29
-21
-13
-18
-20
-13
-11
-11
-8
-8
-9
-3
-1
-2
0
4
2
1
6
9
16
27
28
27
26
25
36
43
41
45
47
56
59
49
50
64
64
63
65
66
64
61
67
70
66
67
66
64
66
66
65
65
57
55
57
54
51
49
46
46
41
31
27
28
25
18
16
8
1
-4
-10
-17
-17
-16
-26
-36
-41
-46
-45
-46
-56
-68
-78
-83
-83
-82
-84
-91
-97
-99
-104
-111
-108
-106
-106
-111
-121
-122
-114
-114
-122
-122
-115
-119
-119
-112
-113
-112
-102
-97
-90
-80
-73
-67
-60
-48
-34
-26
-9
11
20
33
55
62
67
86
108
126
141
147
158
175
186
191
193
199
208
212
210
205
205
203
196
185
178
175
168
150
129
111
104
100
86
63
44
31
19
1
-15
-28
-39
-47
-58
-76
-89
-98
-103
-111
-114
-120
-126
-135
-137
-134
-135
-137
-138
-137
-140
-146
-147
-143
-139
-141
-145
-145
-143
-138
-132
-138
-145
-140
-134
-142
-150
-146
-143
-143
-145
-146
-149
-150
-148
-151
-154
-147
-139
-136
-133
-123
-108
-89
-72
-55
-28
6
44
78
106
129
160
201
237
261
281
307
326
337
353
368
377
376
374
372
368
363
351
334
319
301
276
249
228
208
187
157
124
96
74
51
29
11
-8
-22
-32
-41
-53
-66
-78
-87
-90
-85
-76
-64
-51
-41
-38
-40
-39
-34
-22
-9
0
5
8
10
9
4
-2
-10
-17
-24
-30
-38
-52
-74
-100
-127
-150
-173
-195
-212
-230
-246
-266
-285
-300
-309
-316
-324
-336
-343
-350
-356
-359
-357
-352
-358
-372
-383
-381
-369
-352
-336
-326
-323
-322
-315
-292
-259
-215
-167
-116
-67
-20
30
83
140
191
242
297
357
412
458
491
516
546
575
601
622
633
636
627
610
592
576
557
533
499
461
426
396
363
326
284
240
198
157
118
80
47
16
-13
-44
-74
-108
-142
-170
-187
-196
-205
-228
-250
-264
-262
-258
-247
-231
-208
-176
-140
-91
-53
-20
-2
2
34
70
108
131
150
174
166
155
136
112
100
98
95
74
37
-3
-39
-69
-97
-128
-159
-191
-224
-253
-282
-319
-355
-375
-377
-385
-403
-417
-435
-447
-444
-438
-430
-419
-409
-411
-426
-428
-437
-454
-448
-445
-439
-430
-422
-408
-415
-418
-419
-421
-385
-320
-226
-139
-60
-13
16
46
106
203
296
402
472
545
590
622
631
635
653
687
744
794
822
808
766
702
658
652
651
661
650
628
563
515
465
425
392
374
350
319
281
231
170
117
76
44
13
-24
-76
-136
-191
-227
-245
-240
-241
-242
-255
-280
-293
-298
-257
-200
-128
-49
-3
21
12
14
28
53
108
163
202
202
178
133
79
30
9
8
8
5
-22
-68
-154
-237
-273
-279
-270
-279
-307
-349
-395
-426
-451
-472
-478
-470
-461
-463
-477
-493
-499
-489
-469
-458
-456
-465
-493
-504
-501
-500
-516
-536
-525
-529
-534
-551
-566
-561
-563
-557
-566
-547
-495
-381
-252
-141
-100
-91
-81
-33
77
207
339
452
557
636
680
698
706
729
787
911
1030
1109
1090
1035
957
915
922
957
1002
1021
1020
981
905
818
741
690
661
653
650
619
544
456
387
331
272
211
147
70
-7
-69
-115
-168
-226
-259
-265
-262
-267
-294
-335
-355
-333
-280
-227
-205
-211
-230
-237
-217
-188
-164
-146
-133
-130
-140
-164
-198
-229
-246
-253
-263
-271
-290
-318
-334
-337
-339
-350
-366
-387
-404
-421
-444
-465
-479
-499
-529
-550
-566
-579
-579
-565
-573
-605
-626
-619
-592
-564
-537
-518
-517
-524
-538
-556
-574
-567
-541
-521
-514
-505
-505
-524
-548
-555
-538
-472
-341
-183
-71
-32
-38
-42
1
112
271
434
574
681
748
772
774
783
825
922
1054
1163
1199
1159
1085
1030
1023
1051
1089
1121
1125
1088
1024
953
882
824
796
793
795
778
728
646
549
453
387
363
356
313
226
121
28
-34
-65
-75
-84
-108
-151
-216
-274
-294
-281
-244
-209
-212
-252
-303
-330
-300
-250
-206
-176
-201
-251
-276
-312
-350
-340
-322
-305
-273
-276
-329
-400
-478
-508
-485
-455
-428
-445
-527
-590
-614
-632
-642
-636
-641
-666
-697
-700
-689
-699
-725
-731
-703
-675
-661
-642
-625
-611
-592
-560
-525
-501
-483
-475
-488
-488
-458
-413
-366
-350
-358
-385
-435
-431
-335
-188
-3
133
139
86
58
95
225
402
582
751
873
919
911
901
912
951
1048
1195
1306
1326
1261
1151
1057
1013
1028
1085
1131
1124
1082
1000
892
809
759
736
767
783
712
617
536
452
423
438
422
376
315
225
118
37
10
-11
-72
-134
-171
-202
-226
-247
-266
-270
-273
-288
-299
-315
-353
-385
-372
-333
-295
-258
-248
-304
-394
-468
-512
-524
-495
-460
-459
-486
-520
-567
-631
-667
-663
-646
-617
-589
-598
-650
-702
-709
-690
-654
-622
-637
-669
-671
-658
-632
-632
-648
-599
-541
-524
-480
-464
-477
-452
-421
-382
-341
-336
-345
-340
-336
-319
-285
-242
-213
-223
-257
-302
-346
-328
-220
-68
58
104
70
15
11
76
186
357
574
729
803
823
758
691
747
859
992
1158
1235
1196
1119
989
883
891
937
990
1069
1083
997
888
781
680
633
663
738
781
769
710
598
473
409
381
393
427
362
207
96
25
-4
4
-27
-58
-96
-174
-260
-321
-273
-188
-160
-158
-210
-266
-320
-369
-361
-340
-289
-244
-265
-305
-373
-466
-526
-519
-460
-386
-367
-443
-545
-625
-667
-628
-546
-493
-486
-507
-538
-562
-571
-565
-551
-517
-441
-403
-451
-512
-529
-509
-440
-375
-360
-358
-369
-410
-413
-355
-315
-307
-273
-221
-183
-183
-246
-311
-306
-262
-192
-140
-172
-255
-336
-397
-386
-303
-171
-4
74
-10
-125
-166
-133
-5
194
388
541
619
604
527
446
445
563
758
956
1080
1072
947
796
724
751
833
934
1015
1031
946
813
719
668
638
655
726
814
810
685
527
442
399
396
445
404
316
228
141
73
28
31
3
-35
-67
-126
-160
-163
-187
-205
-200
-212
-217
-209
-211
-230
-252
-278
-291
-220
-182
-230
-326
-427
-414
-346
-306
-270
-324
-442
-491
-519
-522
-461
-383
-348
-376
-403
-440
-470
-463
-471
-445
-412
-420
-392
-345
-361
-408
-445
-491
-493
-435
-393
-393
-399
-374
-331
-321
-345
-348
-320
-288
-291
-343
-391
-390
-350
-332
-347
-375
-384
-379
-379
-411
-447
-396
-278
-150
-105
-167
-264
-285
-173
-40
133
310
399
457
471
436
427
519
656
807
965
1056
1014
854
727
694
777
883
949
1011
977
861
709
587
577
647
724
767
773
743
663
534
416
379
425
485
485
434
358
266
163
85
74
86
65
10
-36
-47
-69
-157
-217
-230
-221
-162
-140
-158
-184
-231
-235
-178
-189
-226
-222
-273
-279
-301
-333
-296
-301
-315
-327
-318
-355
-415
-423
-405
-405
-454
-444
-462
-481
-446
-462
-475
-435
-401
-408
-414
-472
-521
-468
-426
-417
-402
-400
-427
-387
-356
-375
-384
-390
-302
-249
-284
-277
-284
-314
-298
-306
-347
-348
-325
-297
-338
-394
-432
-477
-446
-354
-221
-143
-172
-250
-318
-286
-188
-41
162
342
396
385
394
385
425
511
645
817
939
992
908
795
720
671
818
960
1001
1037
936
791
714
637
593
697
846
882
839
738
631
524
401
381
480
542
533
490
371
219
144
94
49
85
114
74
30
-51
-133
-107
-92
-122
-62
0
-44
-112
-169
-217
-224
-213
-192
-140
-126
-204
-281
-297
-293
-287
-291
-314
-343
-374
-389
-441
-528
-514
-431
-411
-437
-479
-511
-523
-554
-514
-444
-468
-458
-421
-491
-530
-478
-438
-432
-419
-397
-401
-387
-383
-427
-409
-380
-403
-343
-328
-396
-345
-386
-490
-441
-382
-354
-356
-368
-428
-527
-522
-518
-472
-347
-259
-194
-243
-319
-319
-292
-151
42
221
369
395
307
240
269
402
630
806
863
882
872
781
703
709
749
873
1022
1086
988
824
741
660
641
730
819
871
853
763
632
543
526
519
555
586
591
594
538
394
171
72
145
225
311
292
134
8
-70
-113
-88
-9
35
5
-2
8
-50
-162
-235
-230
-210
-114
-43
-157
-246
-298
-392
-389
-391
-387
-321
-296
-324
-430
-534
-588
-585
-500
-442
-466
-491
-485
-556
-628
-597
-549
-506
-476
-472
-447
-452
-507
-493
-513
-553
-481
-403
-344
-361
-447
-473
-482
-439
-333
-296
-344
-398
-425
-437
-442
-455
-403
-370
-445
-476
-510
-514
-491
-441
-243
-135
-204
-313
-343
-265
-126
59
200
301
369
377
360
391
502
635
766
873
943
979
954
885
836
827
856
962
1102
1137
1027
876
766
697
681
751
858
946
954
837
639
507
488
512
549
599
631
518
380
259
134
132
158
195
181
142
97
-18
-65
-76
-99
-90
-25
4
8
-11
-111
-169
-194
-138
-90
-137
-152
-212
-254
-279
-370
-384
-375
-363
-364
-432
-463
-497
-544
-579
-619
-595
-528
-504
-558
-615
-626
-629
-647
-635
-586
-545
-504
-491
-533
-590
-592
-552
-512
-468
-419
-398
-432
-463
-444
-416
-399
-386
-365
-348
-342
-328
-343
-410
-405
-335
-313
-342
-407
-440
-410
-352
-255
-146
-159
-250
-290
-314
-205
17
182
276
291
296
322
371
454
546
658
775
850
894
914
870
831
851
865
882
965
1046
1021
919
832
781
744
746
776
794
825
837
761
659
582
520
506
520
503
466
425
357
261
171
139
138
101
72
72
42
-5
-50
-98
-115
-124
-117
-71
-101
-150
-148
-154
-156
-214
-256
-249
-290
-301
-308
-347
-370
-403
-428
-480
-501
-486
-470
-472
-543
-570
-570
-561
-555
-586
-580
-571
-569
-573
-592
-580
-536
-514
-520
-522
-538
-506
-431
-420
-418
-426
-422
-364
-340
-342
-370
-386
-307
-242
-261
-295
-285
-267
-271
-249
-234
-256
-256
-257
-272
-307
-374
-329
-204
-123
-108
-153
-185
-216
-173
0
123
201
295
312
308
397
507
570
658
736
782
823
860
898
869
852
866
857
856
879
945
980
939
846
761
719
715
733
730
712
669
650
614
535
473
413
411
399
361
354
282
257
283
174
35
-39
-60
-27
41
58
-62
-179
-190
-182
-193
-207
-222
-226
-226
-201
-237
-315
-315
-379
-427
-413
-424
-366
-326
-376
-473
-515
-492
-487
-523
-544
-475
-466
-503
-485
-526
-565
-551
-538
-471
-401
-424
-435
-409
-405
-376
-373
-409
-413
-386
-311
-268
-287
-303
-306
-297
-278
-239
-248
-214
-154
-198
-207
-182
-188
-190
-192
-189
-187
-191
-199
-204
-204
-199
-197
-184
-163
-149
-126
-93
-55
-12
37
89
146
206
266
330
394
459
523
585
646
701
750
792
825
846
857
856
844
824
795
764
729
695
664
635
613
591
572
551
523
494
467
436
395
346
299
248
202
161
114
72
40
17
-2
-44
-96
-129
-138
-149
-217
-260
-196
-143
-206
-386
-503
-428
-335
-258
-234
-318
-316
-272
-215
-20
-182
-524
-469
-310
-107
-126
-384
-310
75
790
2032
1316
-2335
-4332
-2264
1185
1725
-540
-2433
-1981
395
1119
-223
-2206
-1159
3791
5509
438
-6201
-6110
-397
3701
2601
-1552
-2825
-772
1022
300
-1539
-1618
-111
1336
1483
138
-1635
-2205
-1733
-1280
-791
-438
-855
-1512
-1055
20
92
-1016
-2035
-1811
-538
624
1106
1178
791
-8
-712
-728
511
2786
3985
2230
-335
-530
1214
2477
2677
2321
1909
1935
1872
1914
1938
1869
1514
1037
1726
2067
1474
276
-920
-727
173
1000
963
426
-147
-767
-558
509
1173
669
-551
-1299
199
2637
3183
708
-1925
-1097
1518
3466
3118
1688
1067
818
1038
1379
2095
2518
1726
335
-441
53
1140
1338
-26
-1452
-1677
-529
-294
-1659
-2988
-3297
-2416
-2591
-3485
-4435
-4657
-4072
-4259
-4339
-4385
-3966
-4032
-4915
-5074
-4729
-3963
-3847
-4525
-5343
-5326
-3960
-2860
-3085
-4070
-4329
-3402
-2621
-4154
-7191
-6353
1813
11548
11652
-162
-11406
-8343
6556
17261
14393
4986
278
1936
5029
7558
10544
12627
10860
5959
2570
3930
8054
9973
7458
3626
2777
4559
4660
1339
-1794
-863
2550
3291
-527
-5180
-6277
-3983
-1698
-1496
-2572
-3754
-4697
-5557
-6027
-4836
-2204
-615
-2119
-4878
-5361
-2537
622
990
-870
-2132
513
4231
5049
2574
-341
1416
5541
8030
6395
2222
796
2248
5015
6307
5059
2712
250
-782
62
1778
2118
-110
-3428
-5098
-4306
-3151
-3552
-5225
-6263
-6165
-6271
-7105
-7974
-7773
-6847
-6049
-6301
-7398
-7661
-7524
-7011
-6075
-5014
-4695
-5241
-5218
-5343
-5067
-6156
-7168
-1233
8482
12756
4750
-8842
-10440
3020
18017
19099
7981
-395
750
7383
10672
11054
11914
12175
10414
5506
3517
6125
10082
11615
7168
3164
3350
4497
3501
-166
-1090
2035
4045
1072
-5333
-8208
-4973
-400
144
-3751
-7153
-6658
-4218
-3909
-5589
-5763
-3769
-2005
-3178
-5703
-5546
-2152
765
732
-91
-84
1479
2253
1376
1623
3071
5910
6899
4905
2551
1449
3394
5621
6052
5014
3300
1969
722
220
962
1855
1070
-1455
-3773
-4415
-3957
-4291
-5391
-5819
-5505
-5891
-7649
-9101
-8748
-6918
-5945
-6962
-8496
-8891
-7470
-6542
-6410
-6522
-6332
-5136
-4965
-6227
-9185
-8255
667
9668
9238
-2372
-12088
-6970
8078
17540
13322
3267
-781
3241
8507
10618
10847
11316
11524
9377
6149
5576
8282
11061
10789
7558
5130
5354
5119
2612
463
1619
4703
4671
-378
-5877
-6446
-2501
530
-800
-4514
-6700
-5953
-4502
-4356
-4627
-4105
-3263
-3920
-5929
-5968
-3529
-1355
-829
-1940
-2265
19
1688
711
-480
369
3512
6177
5161
1883
254
1903
4875
6092
5035
3173
1717
1304
1814
2296
2018
900
-724
-2095
-2797
-2938
-3343
-4006
-4244
-4332
-4992
-6350
-7652
-8049
-6933
-6094
-6138
-7067
-8702
-9171
-8445
-6634
-5855
-6839
-9947
-9779
-1969
5172
5252
-4582
-12747
-7155
6403
15084
9355
-994
-3712
2431
9847
11046
9354
8427
9085
8342
6186
6848
9953
12615
10756
6307
4916
6544
8177
6366
3302
3452
5291
5249
1240
-3081
-2954
273
2166
-329
-4457
-6234
-5041
-3596
-4220
-4969
-4829
-3650
-4180
-6565
-7065
-5031
-914
113
-1998
-4134
-4338
-1740
-467
237
681
1602
2359
993
102
654
3208
5187
4726
3026
1607
1544
2013
2763
3581
3826
2128
-900
-2769
-1781
613
1032
-1737
-5030
-5407
-3899
-2797
-4036
-6093
-7159
-6608
-5054
-5530
-7449
-8817
-8463
-6260
-5757
-7697
-10981
-11095
-3140
3801
4685
-5328
-13807
-9003
4293
13393
8796
-840
-4934
585
7761
10123
9461
8589
7983
7157
5358
6110
9094
12000
11392
7118
4945
5901
7718
6742
4279
4688
6217
6540
2474
-1566
-1243
2188
4242
1016
-2751
-4297
-3265
-1966
-2903
-3246
-2847
-3227
-5811
-7985
-7261
-3773
548
-1129
-4247
-7566
-6067
-1928
1547
2086
-326
-1835
-2055
-660
1076
2613
4114
3882
1976
-176
417
3221
5447
4998
2787
978
423
554
693
1159
1551
738
-1324
-3448
-4293
-3356
-2039
-2167
-4021
-5904
-5885
-5232
-5597
-6270
-6179
-5422
-5930
-7270
-7756
-7482
-6652
-8268
-7520
-1264
3146
1978
-6902
-12903
-6559
5857
13055
7316
-2483
-5798
-60
7934
10506
9066
7006
6743
5287
4154
6265
9892
12865
10496
5562
3269
4713
8074
7878
5850
4819
4925
4884
1761
-812
-280
2800
4185
942
-3569
-5593
-3357
-806
-612
-2436
-3867
-4231
-5022
-6072
-5828
-3721
-2574
-1784
-3115
-4641
-4197
-4240
-2136
578
2340
1748
-1367
-3704
-2518
2074
5153
5487
2316
-1415
-1364
857
4461
5633
3739
1560
-768
-855
37
1550
2826
1209
-1408
-4116
-4406
-2877
-1857
-2057
-3736
-4998
-5733
-5757
-5785
-5413
-4741
-4655
-5684
-7314
-7481
-6681
-5959
-7578
-6857
-366
4283
1411
-7976
-12761
-4506
8748
13171
4871
-5108
-5414
2759
9366
9407
7265
6461
6943
5852
4159
5746
9137
11769
10053
5628
3784
4858
7183
7403
6019
5555
5471
4174
984
-831
1103
4585
4693
269
-3745
-4356
-1793
-138
-1039
-1951
-2987
-3646
-5116
-5958
-3909
-1589
-1132
-3824
-6141
-4541
-973
585
-1599
-3862
-2474
1301
2898
771
-1892
-1526
1485
3688
3400
1745
703
820
1413
2080
2773
3014
1982
-174
-1661
-904
1230
1777
-566
-3547
-4278
-3031
-2411
-3165
-4033
-4003
-4430
-5947
-7240
-6408
-3879
-3383
-4966
-6874
-6687
-5330
-5630
-7884
-8416
-1846
4768
4169
-4482
-12786
-8473
4495
13288
8503
-2407
-6562
-703
7577
9392
8099
6330
6015
5595
3246
4324
7995
11515
11401
5750
1654
3285
7144
8306
6099
4519
4865
4719
2191
-658
-52
3652
5274
1734
-2883
-4520
-2692
171
135
-1762
-2463
-2804
-4382
-6466
-6026
-2105
778
-1256
-6711
-9386
-4667
2106
3342
-896
-5669
-5388
-247
3457
2830
229
-866
380
1499
1722
1795
2130
2928
2366
764
923
2146
2580
1967
339
-634
-151
-133
-854
-1510
-1720
-2215
-3530
-4746
-4626
-3463
-3594
-4808
-6250
-6300
-5125
-5011
-5239
-5830
-5400
-4564
-5088
-6885
-8853
-5394
1991
5220
401
-8721
-10746
-1471
9289
10370
2459
-4529
-3422
4022
8767
8236
6044
4829
5602
4870
4215
6238
9081
10449
7573
3698
3415
6206
8163
7163
4998
4116
4779
3957
1516
525
2017
4077
3419
-265
-3170
-2667
-455
605
-501
-2185
-2970
-3557
-4466
-4771
-3518
-1493
-1353
-4043
-6752
-6751
-3837
135
1845
95
-2928
-4820
-3835
15
3712
4296
1668
-1663
-2678
-662
2711
4926
4274
1579
-750
-1157
328
2551
3833
2927
69
-2779
-3347
-1427
768
479
-2389
-5295
-6034
-4630
-3058
-2964
-4336
-5697
-6330
-6163
-5754
-5436
-4957
-4513
-4102
-4754
-5982
-7665
-6853
-779
4342
3581
-3592
-9897
-6286
3856
10471
7151
-858
-4020
-161
5709
7974
6929
5606
5621
5175
3962
4552
6284
8984
9425
5888
3472
3800
5992
6742
5395
4602
4602
4681
2643
115
217
2885
4582
2210
-1752
-3238
-1449
329
-4
-1527
-2426
-2905
-3739
-4398
-3832
-2211
-1604
-2312
-4560
-5824
-5058
-2753
142
432
-453
-2532
-3565
-2504
-218
3259
3661
1492
-1820
-2570
538
3531
4693
2837
665
-338
-93
1423
2957
3658
2200
-860
-3363
-3018
-245
1819
512
-3352
-6114
-5613
-3294
-1550
-2521
-4721
-6048
-5736
-4642
-3843
-3445
-3710
-4003
-5259
-5150
-4145
-3879
-4612
-1079
1982
1970
-3209
-8872
-6299
3147
9810
6349
-2144
-5507
-1206
5326
7846
6305
4185
4419
4456
3127
3504
6417
9572
9453
5030
1341
2843
6779
8207
6052
3416
3081
3632
2796
1270
1504
3619
4462
2144
-1450
-2945
-1177
1253
1470
-514
-2615
-3496
-3468
-3228
-2575
-1507
-950
-1940
-4548
-5649
-4450
-2435
-79
451
-838
-2732
-4107
-3455
-623
3047
3981
971
-2901
-3609
-170
4025
5497
3210
-202
-1585
-657
1508
3176
3900
2775
-129
-2819
-3587
-1046
1911
2293
-588
-4764
-6271
-4992
-2200
-793
-2075
-4341
-6528
-6656
-5316
-3744
-2912
-3857
-4956
-6131
-6750
-6826
-6093
-2032
2135
1990
-3529
-9635
-7703
1641
9215
7594
-672
-5781
-2541
4758
8451
7314
4587
3678
4396
3857
4222
6276
8725
9304
6046
2949
2870
5492
7517
6777
5140
4146
3994
2893
1224
1256
3342
4894
2943
-1145
-3243
-1349
1682
2081
-335
-2853
-3110
-2552
-2910
-3179
-2261
-846
-1386
-4147
-6535
-5638
-2620
-152
933
-670
-2829
-4121
-3730
-686
2969
4472
1315
-2951
-3852
-680
3993
5585
3339
-374
-1827
-482
1770
3633
3529
1767
-580
-2628
-2556
-76
2109
1610
-1660
-5329
-5977
-3442
-763
-733
-3323
-5498
-5843
-4920
-4081
-3990
-3891
-3959
-4252
-5587
-7316
-7527
-3787
1892
2523
-2199
-8530
-8964
-940
6981
8017
1337
-4993
-3608
2529
6982
7254
5273
3467
3064
3240
3986
5926
7800
7984
6051
3569
2900
4430
6258
6640
5601
4597
3676
2097
1058
1554
3417
5036
3480
-681
-3299
-2182
922
2394
1027
-1396
-3202
-3573
-3106
-2513
-1269
-442
-1697
-4359
-6132
-4674
-1172
284
-1309
-3547
-3912
-2158
-479
-134
-497
-425
241
-122
-1091
-260
1822
3014
2171
-8
-857
515
2397
3006
2112
1085
423
-211
-376
-145
392
954
-147
-2156
-3436
-3508
-2002
-635
-1240
-3484
-5243
-5147
-3372
-2570
-3732
-4636
-4939
-4237
-4186
-5197
-5904
-5110
-1005
1897
-310
-5612
-8139
-3304
4493
7341
2374
-4028
-4342
1074
6558
6863
4079
2427
2814
3941
3832
4504
6319
7421
6350
3464
2399
3715
6162
6889
5217
3764
3045
2632
1849
2041
3652
4614
3279
73
-2105
-1371
1179
2589
1419
-1127
-2885
-2926
-2119
-1372
-865
-664
-1454
-3419
-5047
-4438
-1831
169
-497
-2900
-4225
-3060
-829
293
-217
-1015
-862
-195
65
-126
153
1131
1844
1334
307
132
906
1948
1990
1585
1162
611
304
-185
68
464
313
-334
-1673
-2367
-2364
-1919
-1539
-1851
-2585
-3703
-4301
-3799
-2896
-2550
-3316
-4342
-4487
-3992
-3906
-4681
-5453
-3374
971
1708
-2546
-7508
-6689
787
7134
5761
-2115
-6339
-2056
4741
7036
4353
1821
1538
2932
3490
3449
4618
5929
6390
4432
1940
2014
4496
6701
5762
3326
2530
3010
2806
1709
1394
3306
4808
2392
-1862
-3228
-120
3782
3508
-564
-3575
-2907
-761
-299
-1359
-1689
-1085
-1428
-3336
-4639
-3191
-315
586
-1567
-4113
-3946
-1321
719
270
-1400
-1896
-781
364
372
-160
-83
619
1008
692
370
740
1515
1761
1217
521
282
509
719
679
389
-202
-1100
-1646
-1313
-477
-388
-1783
-3063
-3014
-1994
-1535
-2812
-3869
-3414
-2404
-2467
-4032
-4476
-3635
-2960
-3556
-4817
-2648
769
1056
-2661
-6788
-4778
1938
6416
3470
-3033
-5294
-1088
5073
6267
3324
574
1117
3299
3733
3504
3974
5376
5335
3126
1524
2642
5348
6249
4490
2347
2170
3137
3235
2208
1880
2905
3368
1642
-983
-1164
1260
3415
2091
-1241
-2731
-1631
131
-271
-1375
-1745
-1081
-1002
-3029
-3818
-2650
-353
619
-1527
-3971
-4087
-1682
466
602
-728
-1823
-1606
-1014
-316
466
1314
1415
208
-776
-611
1147
2567
2221
1022
-298
-33
619
1016
1294
767
-128
-1273
-1384
-703
320
186
-1722
-2951
-2923
-1557
-751
-1949
-3337
-3511
-2467
-2041
-2962
-3859
-3440
-2228
-2667
-4858
-5654
-1799
2539
1213
-3841
-7451
-4482
2629
6072
2320
-3874
-4627
-95
4699
4366
1248
982
3025
3807
1763
1214
3400
6034
6104
2815
583
1898
5057
5835
3958
2587
2757
3021
1975
1017
2020
4212
4151
902
-2128
-1461
1908
3718
1826
-1345
-2180
-949
92
-642
-1463
-756
-202
-1088
-3497
-4238
-1952
533
503
-2457
-4538
-3414
-744
545
-507
-1683
-1397
-440
-305
-732
-351
1017
1724
801
-465
-384
1056
2050
1744
932
575
570
507
520
1027
1485
789
-541
-1585
-922
427
533
-588
-2589
-2797
-1335
-378
-1136
-3152
-3744
-2669
-1796
-2358
-3031
-3458
-3300
-2794
-3396
-4361
-3720
-375
1325
-961
-5241
-6333
-1136
4031
4000
-544
-4136
-3239
1510
5124
3412
1051
930
2148
2680
2360
2813
4074
5433
4356
1867
1273
3132
5343
5352
3372
1906
2401
2899
2320
2036
2639
3229
2416
286
-916
323
2349
2558
433
-1769
-1785
-450
26
-645
-1038
-781
-1092
-2381
-3275
-2530
-751
101
-1180
-3353
-3857
-1957
154
288
-1007
-1821
-1462
-615
-73
92
404
974
1018
189
-328
522
1951
2338
1394
425
476
1160
1427
1247
1179
1281
781
-452
-1166
-528
821
946
-709
-2873
-3268
-1776
-428
-623
-2324
-3323
-3595
-2845
-2323
-2594
-2393
-2764
-2860
-3688
-4053
-4295
-3572
163
1090
-1247
-4979
-6532
-2690
2776
4958
861
-4337
-4741
-43
4855
4298
1533
436
1647
3056
2096
2226
3941
5413
5183
2252
411
1742
4945
6267
4276
2133
1347
1535
2045
2582
2984
3110
2216
153
-1298
-509
1845
2965
1348
-1402
-2430
-1252
-79
-188
-703
-899
-1210
-1955
-2687
-2494
-1084
134
-570
-2626
-3643
-2526
-591
292
-328
-1316
-1473
-840
-158
329
786
1073
822
187
0
846
2112
2513
1683
645
538
1242
1785
1727
1390
1052
540
-194
-604
-313
273
375
-365
-1526
-2264
-2247
-1498
-970
-1346
-2168
-3172
-3564
-3149
-2420
-2044
-2478
-3475
-3755
-3368
-3381
-3486
-4181
-2325
656
-7
-3310
-6348
-4124
1326
4778
2293
-3471
-4721
-1173
4140
4989
1992
23
504
2832
2999
2419
3150
4506
4708
2707
944
1560
4229
5757
4389
1912
1064
1896
2499
2358
2282
2813
2688
884
-1147
-953
1524
3361
2204
-844
-2583
-1675
127
584
-318
-1061
-1112
-1331
-2122
-2465
-1528
-230
-237
-1647
-2757
-2280
-889
-110
-403
-942
-985
-631
-238
194
765
1138
929
391
274
896
1682
1893
1490
1135
1107
1259
1236
1151
1238
1198
869
183
-170
-38
174
-168
-752
-1105
-1117
-831
-1584
-2169
-2471
-1920
-1272
-2183
-2815
-3700
-2887
-1884
-2698
-3611
-3995
-2762
-2602
-3468
-4758
-4241
-286
1434
-970
-5506
-6274
-1091
3628
3732
-1308
-4835
-2370
2392
4816
2245
-101
428
2743
3887
1862
1546
3183
5133
4539
1819
952
2183
4876
5147
2913
1442
1764
2544
2117
1785
2400
3057
2041
-233
-1182
536
2827
2588
161
-1798
-1554
-81
631
42
-800
-1043
-1141
-1671
-2099
-1433
-121
115
-1366
-2822
-2284
-351
628
-234
-1405
-1301
-306
280
235
348
905
1187
686
64
316
1480
2387
1988
807
267
886
1757
1839
1291
861
691
467
-15
-57
658
709
-474
-1817
-2287
-1287
-203
-972
-2632
-3281
-2419
-1620
-1980
-3502
-3832
-2490
-1630
-2846
-4854
-4655
-2648
-1483
-3202
-5229
-5299
-301
1757
-307
-5210
-6915
-1765
3560
4808
-844
-5322
-3630
2462
5548
2344
-412
572
2945
3760
1695
1373
3270
5678
4756
1314
334
2062
5202
5846
3142
745
1043
2591
2728
2241
2232
2659
1882
-225
-1040
848
3171
2849
232
-1856
-1489
221
977
96
-1014
-1013
-611
-1172
-2369
-2271
-356
1099
-167
-2962
-3773
-1377
1451
1522
-792
-2381
-1493
422
1156
622
331
822
1047
358
-206
623
2210
2601
1226
-210
-8
1416
2272
1660
515
96
245
142
-30
220
462
-74
-1351
-2305
-1854
-420
-213
-1903
-3459
-3184
-1873
-1367
-2222
-3445
-3374
-2383
-1963
-3039
-4033
-3365
-2292
-2018
-3315
-4698
-4874
-1764
1735
310
-3479
-6104
-3483
1742
4455
2190
-3399
-4137
-134
4379
4510
926
-307
1549
3816
2777
1355
2518
4461
5131
3126
660
854
3736
5754
4431
1554
662
1810
2712
2724
2093
1986
2110
1098
-155
85
1533
2514
1540
-737
-1573
-463
785
503
-602
-977
-584
-698
-1681
-1712
-920
484
352
-1905
-2903
-2008
672
1457
-420
-1844
-1849
117
1177
585
-108
-60
799
973
385
144
996
2009
1884
647
-167
538
1761
2086
1152
147
47
467
538
277
210
182
-392
-1517
-1921
-979
-15
-726
-2616
-3563
-2685
-1474
-1399
-2160
-3234
-3243
-2881
-2742
-2449
-2616
-3242
-3284
-2778
-2549
-3245
-3979
-4154
-2190
896
103
-2958
-6290
-4070
1088
5032
2589
-3450
-5494
-698
5198
5360
1185
-1303
367
4111
4328
2133
1317
3180
5573
4206
980
77
2937
6275
5317
1880
26
1172
3028
3357
2443
2080
2185
1044
-342
-279
1459
3150
2496
-220
-2220
-1500
813
1912
654
-1165
-1580
-889
-696
-1211
-1032
61
385
-1099
-2851
-2528
-247
1335
426
-1635
-2236
-834
695
832
204
168
628
438
-296
-65
1539
2711
1751
-383
-1066
532
2298
2154
683
-292
-254
85
221
310
558
534
-507
-2052
-2282
-700
668
-133
-2344
-3684
-3043
-1567
-999
-1938
-3129
-3113
-2619
-2747
-3186
-2842
-2188
-2129
-3025
-3970
-3470
-2339
-2241
-3750
-2776
428
1028
-2076
-5873
-4072
1596
5613
2885
-4117
-5639
-417
6081
5830
603
-2166
415
4785
4446
1810
1057
3392
5271
3612
864
362
3579
6117
4552
1044
-72
1969
3600
3056
1771
1732
2301
1684
-24
-455
1675
3764
2626
-853
-2501
-641
1929
2042
27
-1390
-1008
-268
-600
-1207
-671
539
522
-1237
-2739
-1908
541
1755
332
-1916
-2323
-627
1053
1092
81
-480
-212
151
188
336
878
1223
734
-177
-398
476
1485
1391
356
-290
-6
381
230
-76
50
240
-367
-1655
-2147
-982
319
-295
-2276
-3346
-2592
-1198
-796
-1694
-2866
-3056
-2373
-1969
-2611
-2609
-2076
-2086
-2892
-3753
-3176
-1616
-1179
-2839
-5203
-3951
963
2157
-1175
-6644
-5260
856
5554
3193
-3158
-5516
-1055
4905
5486
993
-1985
224
3932
4102
1811
934
2943
4788
3904
1363
663
3027
5448
4762
2090
923
2088
3265
3024
2283
2383
2682
1884
459
169
1868
3461
2561
-153
-1400
11
1990
1920
-90
-901
-491
217
-366
-1436
-307
745
572
-1622
-3334
-1756
722
1903
-309
-3201
-3046
-626
1221
568
-939
-1297
-417
218
-85
-420
257
1280
960
-437
-1163
-170
1392
1633
407
-695
-520
324
694
409
69
-171
-652
-1151
-1067
-326
190
-557
-2076
-2826
-2050
-762
-494
-1420
-2438
-2601
-2204
-2124
-2560
-2091
-1278
-2078
-3230
-3964
-3174
-1833
-973
-1921
-3954
-5039
-2985
1446
1645
-1852
-6374
-4381
728
3985
2539
-2359
-4750
-1683
3656
5011
1186
-984
349
3900
4182
1846
1043
2712
5460
4816
2058
824
2433
5172
5409
3301
1585
2170
3247
3154
2662
2774
2838
2137
1190
774
1666
3011
2783
764
-753
-137
1352
1604
406
-575
-438
-218
-953
-1691
-974
509
500
-1691
-3761
-3048
-68
1692
10
-3126
-3898
-1444
1156
1000
-1049
-2015
-967
251
188
-307
100
998
1012
21
-633
-28
1152
1588
978
194
10
247
299
153
273
578
312
-664
-1367
-883
137
166
-1050
-2160
-1914
-998
-801
-1622
-2503
-2504
-1943
-1757
-2276
-2694
-2776
-2439
-2479
-2803
-2667
-2693
-2743
-2878
-2431
-2447
-2809
-3441
-3514
-796
663
-307
-3534
-5224
-1817
2799
4852
646
-4294
-3760
1610
6294
4492
279
-1102
1687
4701
4292
2456
2227
4148
5078
3461
1552
2397
5158
6131
4003
1301
1150
3015
4226
3535
2236
1917
2191
1678
513
514
2145
3164
1539
-1314
-2108
-101
1957
1476
-765
-2097
-1617
-858
-994
-1238
-725
-434
-1658
-3472
-3447
-1034
1095
154
-2875
-4193
-2160
640
1103
-573
-1823
-1253
-21
198
-334
-111
923
1175
1
-1056
-306
1638
2456
1148
-572
-656
606
1402
911
1
-209
66
-233
-1013
-999
-16
312
-964
-2447
-2493
-1106
-146
-1055
-2700
-3074
-2190
-1547
-1891
-2850
-2773
-1919
-1959
-3179
-3686
-2386
-1349
-1616
-3296
-3650
-2260
-1119
-1755
-3892
-2251
1029
1921
-1200
-5268
-3470
2221
6371
3293
-3177
-4521
417
6785
6416
1350
-1281
1147
5193
4933
2800
2228
3847
5552
3586
1359
1901
4552
6220
3967
1134
767
2798
4200
3011
1543
1692
2562
1955
337
-155
1424
3129
2084
-970
-2424
-639
1758
1491
-1077
-2558
-1612
-463
-880
-1832
-1572
-553
-651
-2207
-3230
-2014
194
565
-1398
-3123
-2486
-436
655
1
-1135
-1290
-432
258
89
-189
270
908
618
-334
-515
550
1540
1122
-103
-483
242
728
314
-66
272
489
-279
-1278
-1175
-78
452
-614
-2207
-2415
-1148
-310
-1118
-2531
-2893
-2009
-1220
-1576
-2614
-2722
-1884
-1624
-2344
-3064
-2484
-1384
-1279
-2289
-2848
-2264
-1144
-662
-1583
-2484
-2957
-767
2130
1594
-1489
-4109
-1738
2423
4622
2833
-1489
-2221
774
5004
4995
1870
487
1735
4197
3796
2499
2631
3873
4709
3462
1755
1527
3268
4822
4021
1862
1094
1864
2541
2547
2074
1916
1745
892
-20
154
1486
2215
1008
-988
-1831
-840
797
821
-832
-1930
-1569
-942
-1237
-1892
-1428
-370
-802
-2623
-3581
-2422
-142
721
-1206
-3586
-3252
-757
791
-6
-1609
-1803
-474
402
-165
-688
-8
903
835
-177
-850
37
1543
1693
450
-543
-288
565
923
671
245
-75
-213
-357
-486
-248
165
-50
-1101
-1916
-1552
-558
-292
-1207
-2290
-2307
-1507
-1101
-1519
-2041
-2006
-1783
-1880
-2180
-2140
-1712
-999
-1299
-2016
-2287
-1847
-956
-628
-1199
-2247
-2624
-552
2159
1618
-932
-3947
-1551
2360
5056
2838
-1732
-2699
651
5086
5398
1778
73
1370
4189
4342
2428
2132
3488
4927
3900
1530
1047
2979
5247
4562
1664
-24
1016
2760
3045
1989
1085
922
650
55
-69
862
1713
843
-1274
-2370
-1263
534
730
-963
-2486
-2257
-1301
-1419
-2175
-1870
-769
-756
-2334
-3745
-3029
-539
895
-677
-3343
-3640
-1211
983
681
-1138
-1937
-893
400
463
-85
56
741
833
131
-221
560
1597
1572
589
-88
253
938
1076
707
405
453
326
-313
-630
-65
698
541
-889
-2135
-1564
-146
240
-803
-2078
-2126
-1343
-1091
-1492
-1687
-1571
-1343
-1514
-2131
-2260
-1594
-665
-1014
-2051
-2454
-1826
-850
-790
-813
-1181
-1471
-1939
-2106
285
2529
2010
-1322
-3796
-1428
3248
5925
3074
-2402
-3253
1305
6020
5109
996
-429
1697
4378
3625
1630
1794
3692
4587
2530
255
558
3482
5186
3032
68
-298
1576
2690
1800
559
638
1086
465
-755
-929
553
1770
726
-1885
-2968
-1253
810
456
-1574
-2735
-2106
-1062
-1468
-2243
-2118
-1078
-764
-2332
-3279
-2452
-392
516
-1024
-2594
-2536
-701
750
365
-727
-1061
-258
464
352
74
567
1240
1078
272
-166
615
1752
1687
623
-36
270
1063
1294
710
305
365
382
174
15
152
277
-114
-815
-1110
-730
-230
-384
-1064
-1629
-1557
-1080
-949
-1232
-1521
-1455
-1263
-1415
-1819
-1600
-1041
-855
-1179
-1924
-1642
-914
-535
-564
-1339
-1080
-698
-824
-1155
-2164
-158
2742
2243
-1010
-4390
-2254
2867
5782
3363
-2850
-4025
321
5441
5476
784
-1661
208
3818
3915
1459
823
2540
3880
2518
360
96
2513
4687
3425
103
-1048
915
2659
2251
890
383
543
187
-581
-416
973
1731
338
-1972
-2476
-604
1242
778
-1351
-2590
-1804
-517
-642
-1789
-1960
-792
-320
-1801
-3367
-2441
256
1305
-701
-3155
-2915
-380
1378
679
-1112
-1671
-549
603
621
113
131
755
957
272
-140
590
1618
1712
836
187
531
1165
1231
947
893
985
704
129
39
695
1226
711
-462
-914
-166
637
360
-748
-1404
-925
-210
-386
-1185
-1571
-1113
-440
-719
-1686
-1911
-1083
-361
-805
-1835
-2144
-1316
-572
-768
-1558
-1868
-1228
-664
-561
-1283
-2129
-2330
-927
1388
1247
-1143
-3588
-2600
1281
3728
2548
-1728
-3592
-815
3629
4872
1534
-1395
-652
2482
3765
2351
1009
1269
2625
2934
1590
553
1684
3599
3507
1291
-234
634
2209
2476
1426
552
520
515
166
8
444
1146
969
-562
-1867
-1240
581
1096
-475
-2082
-1986
-850
-363
-1000
-1539
-1229
-905
-1308
-2095
-2159
-866
394
-306
-2174
-2567
-891
813
837
-488
-1561
-1151
224
948
573
128
294
641
636
498
761
1287
1356
863
539
781
1193
1305
1081
807
755
822
669
388
432
747
720
90
-557
-484
123
302
-332
-1102
-1205
-799
-641
-938
-1378
-1403
-1121
-1178
-1590
-1756
-1507
-1175
-1120
-1619
-1833
-1533
-1218
-1299
-1528
-1561
-1573
-1186
-1443
-1527
-1327
-1494
-1807
-2565
-885
1251
959
-1344
-3883
-2358
1709
3947
1921
-2292
-3387
-140
3905
4141
990
-824
750
2797
2825
1724
1492
2672
3247
1998
450
763
2876
4152
2740
313
-154
1559
2916
2272
913
643
1107
946
169
-9
855
1655
1052
-711
-1676
-626
1006
1030
-518
-1745
-1578
-806
-573
-855
-937
-856
-1292
-2105
-2179
-1039
186
-59
-1716
-2802
-1694
492
1111
-441
-1895
-1264
547
1249
349
-569
-138
1132
1549
666
-19
552
1537
1677
899
333
811
1569
1488
799
429
663
968
746
311
363
623
376
-269
-587
-216
266
-33
-914
-1254
-745
-403
-856
-1480
-1498
-1026
-878
-1483
-2179
-1946
-1132
-870
-1616
-2407
-2188
-1301
-811
-1459
-2161
-1913
-1067
-986
-1641
-2030
-1602
-459
-606
-1614
-2812
-1829
1074
1840
47
-3370
-3024
695
3581
3059
-1106
-2811
-864
3168
4376
1634
-193
287
2657
3291
2201
1676
2313
3343
2814
1545
1317
2544
3633
3209
1628
735
1379
2172
2157
1563
1248
1162
610
-112
-11
999
1710
985
-773
-1665
-697
816
909
-514
-1676
-1485
-889
-1049
-1541
-1390
-717
-658
-1767
-2714
-1932
-200
404
-785
-2487
-2676
-901
759
471
-1016
-1766
-1045
182
672
281
-151
66
492
417
259
632
1166
1245
752
193
324
969
1188
903
722
635
357
98
257
717
813
197
-602
-783
-188
460
305
-561
-1235
-1144
-611
-374
-712
-1158
-1310
-1265
-1272
-1386
-1408
-1260
-1187
-1392
-1773
-1919
-1370
-694
-765
-1434
-1948
-1682
-923
-484
-889
-1406
-1358
-935
-702
-938
-1353
-1390
128
1290
402
-1477
-2201
-66
2423
3191
1026
-1835
-1549
1465
4328
3448
855
-221
924
2885
3158
2606
2109
2163
2335
1951
1620
1911
3014
3394
2041
554
659
1768
2413
1973
945
516
573
531
424
351
739
895
87
-1111
-1451
-262
646
118
-1177
-1945
-1436
-790
-818
-1292
-1412
-1138
-1391
-2114
-2197
-1119
-48
-410
-2067
-2974
-1719
255
800
-478
-2005
-1818
-153
902
554
-330
-629
-39
472
318
195
572
991
808
175
-18
532
1136
1107
590
264
319
377
319
413
678
675
132
-501
-506
187
756
380
-590
-1015
-524
41
-84
-601
-837
-733
-652
-858
-1158
-1117
-687
-450
-908
-1575
-1535
-900
-516
-710
-1255
-1352
-894
-546
-650
-968
-1169
-941
-493
-485
-831
-1183
-1142
-98
940
460
-914
-1981
-655
1576
2841
1353
-1126
-1495
672
3144
3118
1168
-80
715
2320
2682
2047
1627
1984
2329
2001
1398
1376
2188
2615
1933
917
690
1327
1588
1281
843
743
697
179
-131
42
596
682
-145
-1183
-1305
-429
-2
-375
-1206
-1574
-1219
-920
-1108
-1489
-1307
-1022
-1209
-1825
-2091
-1422
-520
-264
-1236
-2184
-1651
-377
280
-351
-1209
-1091
-284
312
126
-138
1
328
343
60
268
730
992
663
78
152
684
1069
883
458
399
664
713
478
431
636
868
640
-34
-300
208
760
478
-323
-616
-258
130
26
-498
-721
-435
-375
-660
-842
-835
-619
-525
-745
-1164
-1311
-919
-660
-751
-1088
-1294
-1096
-746
-491
-728
-1123
-1149
-836
-607
-701
-859
-829
-576
-159
210
60
-444
-788
-191
1053
1443
780
-139
-124
868
1854
1879
1057
658
1041
1872
2070
1619
1422
1646
1964
1728
1259
1041
1460
1959
1622
924
459
597
1054
1128
642
116
-48
-12
74
44
-50
-170
-390
-655
-846
-729
-430
-439
-777
-1070
-1135
-957
-841
-940
-926
-816
-879
-1048
-1056
-768
-445
-449
-710
-862
-670
-305
-122
-184
-291
-207
36
177
182
155
264
451
422
263
310
484
636
642
374
316
440
501
528
428
434
388
248
97
107
396
520
259
-212
-381
-106
269
196
-279
-586
-535
-199
-157
-395
-593
-643
-521
-592
-720
-718
-630
-579
-754
-948
-943
-701
-525
-625
-805
-942
-903
-760
-630
-609
-696
-815
-992
-763
-335
-218
-233
-347
-393
-349
-161
242
501
481
343
221
271
717
1303
1420
1003
711
955
1354
1526
1486
1396
1369
1343
1158
975
1105
1435
1519
1096
501
362
758
1119
930
346
29
142
284
291
160
-22
4
52
-234
-514
-334
-7
-42
-384
-728
-778
-446
-236
-465
-674
-607
-466
-397
-506
-599
-367
-75
-174
-529
-582
-185
169
119
-130
-181
60
275
207
0
0
273
398
194
19
115
406
532
214
-123
-43
221
376
257
-30
-96
55
94
-58
-218
-201
-96
-103
-241
-426
-473
-321
-277
-489
-635
-549
-434
-425
-536
-741
-778
-613
-592
-708
-731
-716
-733
-783
-873
-830
-684
-592
-626
-769
-810
-660
-513
-590
-674
-666
-514
-245
-269
-344
-243
-30
136
55
62
204
496
747
551
352
444
900
1275
1063
776
791
1154
1377
1345
1238
1118
1244
1204
1106
1108
1175
1292
1064
699
551
724
889
754
445
200
272
424
356
114
-48
26
142
23
-231
-282
-174
-112
-247
-500
-462
-285
-274
-392
-588
-599
-488
-385
-289
-393
-392
-315
-312
-300
-375
-205
-95
-130
-191
-315
-183
-27
138
80
-127
-195
-81
121
1
-19
48
33
-44
-173
-124
-40
84
25
-238
-345
-193
-21
-8
-136
-394
-442
-287
-205
-300
-425
-380
-331
-356
-482
-570
-431
-254
-262
-527
-732
-571
-362
-292
-323
-461
-579
-577
-478
-434
-417
-377
-493
-620
-472
-249
-165
-304
-484
-432
-288
-113
-185
-280
-214
-167
100
235
210
145
225
455
434
462
510
594
719
883
1042
946
893
861
918
1120
1165
1085
929
862
953
1100
1142
927
710
660
735
748
641
593
485
411
391
278
210
279
349
216
3
-108
-35
92
59
-109
-294
-379
-345
-223
-219
-391
-478
-430
-247
-204
-390
-451
-451
-402
-303
-275
-324
-390
-303
-232
-195
-162
-224
-281
-256
-148
-139
-173
-157
-153
-112
-104
-120
-215
-229
-87
-111
-134
-141
-234
-180
-118
-122
-162
-214
-214
-212
-229
-277
-275
-221
-245
-274
-244
-271
-300
-305
-304
-243
-266
-278
-260
-305
-262
-257
-215
-182
-309
-298
-347
-339
-173
-185
-266
-334
-265
-210
-216
-236
-221
-71
-136
-235
-198
-61
145
64
-104
-68
165
448
450
177
17
259
648
817
693
368
351
784
1091
953
575
520
838
1066
975
656
606
806
878
801
615
546
592
621
544
399
357
377
377
241
93
94
120
67
-58
-91
22
35
-130
-254
-317
-262
-152
-219
-372
-492
-436
-357
-450
-440
-390
-417
-416
-459
-447
-334
-254
-318
-461
-488
-296
-82
-156
-298
-336
-229
-125
-147
-177
-253
-131
-1
-64
-151
-162
-8
23
-82
-141
-92
37
42
-117
-238
-181
-34
46
-72
-181
-142
-59
-62
-206
-256
-195
-85
-78
-287
-293
-158
-64
-92
-345
-340
-190
-11
70
-185
-278
-221
-108
-83
-148
-125
-200
-260
-261
-210
-122
-33
-121
-278
-234
-131
-54
25
56
-25
6
-53
-50
126
148
316
270
117
164
235
441
522
534
455
367
464
519
622
672
638
573
435
551
684
632
575
472
394
386
445
401
285
290
304
243
149
64
112
254
202
40
-109
-119
24
35
-25
-180
-238
-130
-160
-214
-231
-209
-168
-217
-259
-297
-305
-224
-200
-274
-301
-263
-235
-158
-108
-126
-118
-178
-213
-97
28
22
-82
-131
-174
-80
133
70
-65
-108
-95
-43
-10
32
9
5
-42
-77
-96
-122
-46
-20
-21
-111
-161
-105
-69
-68
-148
-203
-220
-132
-80
-132
-213
-280
-167
-92
-111
-114
-188
-306
-312
-188
-136
-203
-284
-328
-258
-88
-79
-288
-332
-148
-100
-147
-190
-262
-130
-29
-110
-148
-95
75
118
100
86
-27
82
256
293
253
250
344
298
327
381
386
496
436
410
385
396
492
459
448
365
402
430
392
377
266
380
403
276
195
95
204
323
294
164
14
33
92
108
61
16
-1
19
55
-73
-109
-44
-71
-98
-98
-106
-162
-88
-19
-113
-130
-74
-90
-143
-134
-132
-73
-29
-24
-52
-81
-59
-54
-16
-50
-40
-89
-78
-96
-66
-61
-99
-126
-153
-91
-52
-36
-133
-182
-166
-122
-93
-153
-215
-219
-189
-173
-240
-210
-152
-159
-168
-239
-291
-284
-201
-155
-243
-257
-219
-202
-206
-210
-199
-168
-97
-52
-152
-240
-239
-114
-5
-92
-133
-255
-200
-53
54
17
-116
-206
-168
18
133
6
-140
-196
-40
113
153
84
-82
-85
77
203
221
147
84
129
286
336
265
231
249
289
256
250
272
333
319
366
292
258
279
337
367
300
307
329
282
215
195
259
305
312
257
165
127
212
277
220
127
80
97
170
234
168
33
-2
60
74
42
24
-27
-84
-108
-64
-37
-72
-132
-180
-149
-114
-44
-60
-159
-149
-143
-131
-127
-171
-192
-212
-186
-156
-145
-137
-172
-197
-177
-185
-238
-221
-193
-209
-203
-254
-287
-269
-218
-140
-180
-207
-240
-258
-136
-110
-137
-182
-292
-255
-175
-131
-112
-193
-214
-162
-122
-87
-84
-79
-92
-96
-60
-67
-59
-17
-31
-68
-102
-21
99
22
-45
-25
-23
68
106
72
51
27
57
58
83
120
61
60
105
131
198
227
151
126
215
235
206
165
167
261
277
254
209
214
304
309
275
207
167
237
327
353
248
198
225
265
335
296
187
211
232
182
136
128
171
217
298
128
29
21
109
211
180
21
-68
-17
12
82
4
-84
-106
-91
-82
-88
-141
-164
-104
-76
-106
-150
-178
-124
-79
-118
-164
-145
-146
-211
-211
-138
-159
-225
-250
-297
-266
-194
-259
-250
-232
-286
-290
-338
-329
-286
-242
-198
-241
-322
-331
-243
-180
-161
-210
-220
-148
-75
-80
-173
-159
-131
-87
3
-35
-119
-140
-63
13
-2
-41
-9
67
76
77
87
95
132
136
149
160
173
182
155
198
232
261
284
232
193
164
222
281
200
124
129
218
266
200
110
96
208
243
173
129
72
126
238
235
142
-14
-23
133
123
64
62
4
7
44
125
145
41
26
27
34
79
61
51
54
28
28
11
-42
-10
35
1
-13
-11
-26
-16
-33
-64
-59
-86
-117
-94
-66
-17
7
-54
-114
-143
-128
-33
3
-83
-134
-109
-90
-61
-52
-131
-183
-105
-26
-55
-119
-178
-213
-170
-133
-182
-192
-132
-125
-175
-219
-185
-60
-24
-142
-239
-213
-129
-45
-40
-124
-178
-132
-37
-3
-45
-115
-132
-85
2
68
51
14
-31
64
157
82
46
35
130
171
139
180
149
197
244
218
175
129
206
212
208
210
128
203
244
193
149
116
171
167
117
61
50
109
106
57
8
20
28
-20
-6
38
52
-18
-141
-149
35
96
-88
-165
-210
-108
39
-7
-126
-250
-70
66
-15
-225
-238
103
205
173
-99
-299
-224
-195
81
208
90
19
0
52
-26
-81
44
77
33
-41
-99
-41
-82
-22
165
135
-9
-158
-86
92
96
89
4
-21
94
103
40
-93
-78
72
57
-3
-65
-44
54
76
20
-75
-126
-124
-109
-58
5
8
-48
-126
-144
-59
-7
-51
-144
-193
-93
23
-1
-91
-160
-137
0
50
-71
-148
-66
36
45
-3
-27
-11
37
99
130
110
85
104
156
182
119
59
104
153
155
220
248
129
82
109
140
215
205
112
10
31
149
135
78
22
-47
-45
-20
2
-59
-113
-106
-158
-127
-56
-115
-154
-102
-86
-121
-163
-217
-217
-115
-21
-38
-154
-250
-216
-65
36
-49
-220
-243
-87
74
113
12
-119
-110
22
113
99
32
-21
0
83
157
126
35
22
104
169
162
105
56
96
134
86
37
50
107
190
186
36
-6
13
41
85
37
22
-21
7
79
78
57
-5
-38
-15
58
-39
-84
-51
-93
-23
-70
-139
-112
-40
47
-13
-119
-153
-101
-50
-15
-11
-51
-112
-147
-86
-14
52
29
-91
-91
-32
0
39
-20
-69
27
64
-4
-24
16
86
120
80
7
-27
93
146
34
-30
-39
16
90
118
73
-5
8
26
49
87
7
-46
8
6
9
-23
-99
-88
-103
-72
-33
-68
-54
-91
-125
-56
23
-46
-99
-74
-45
-1
-42
-66
-100
-69
-47
39
-21
-72
-50
-25
-2
32
76
30
49
69
88
82
94
72
66
81
47
46
90
67
35
66
88
103
133
87
41
92
154
136
50
-19
-13
56
115
70
6
-7
8
49
83
39
-7
-26
-53
28
43
-12
12
24
-17
-30
19
-51
-35
3
-90
-79
-84
-59
-24
-53
-84
-97
-61
-49
-50
-106
-106
-44
-61
-78
-101
-108
-56
-60
-86
-29
-44
-87
-24
8
19
38
-22
-80
-61
8
82
53
-32
6
55
17
17
73
91
65
6
-12
54
93
84
12
-11
65
52
47
29
-22
23
73
112
100
20
-31
-46
2
26
-18
-7
16
35
2
-77
-61
-32
-6
-21
-52
-30
-40
-8
-34
-48
-27
-53
-51
-44
72
73
-44
-30
-3
69
94
18
0
53
90
57
-7
-82
14
188
155
104
-23
-23
54
25
61
8
15
14
50
66
63
48
50
9
17
40
7
-15
-72
21
60
-9
-88
-105
-40
-3
-12
-85
-49
-89
-26
-14
-81
-67
-18
-41
-124
-108
-74
-23
45
-85
-168
-92
2
37
-4
-36
-55
-69
-30
-34
-51
-27
-25
3
-37
-8
18
49
-18
-4
26
67
86
29
55
-14
4
42
118
118
20
-26
29
91
57
24
62
107
137
73
3
-17
46
139
107
65
30
18
57
82
76
-3
-37
29
51
26
7
-22
-25
17
-12
-20
33
3
66
-2
-34
-47
-31
-32
-26
-74
-77
-4
20
-8
-109
-162
-45
53
0
-59
-74
-69
32
13
-51
-18
22
42
-54
-84
15
57
45
-31
-45
20
79
83
1
11
32
53
65
-24
-60
-13
54
36
-32
-58
-11
24
3
-21
-72
8
63
22
-11
-87
-43
65
46
-63
-48
9
2
-40
-60
-6
-17
-1
-22
-104
-59
12
21
-21
-18
7
-15
-69
-82
11
80
60
-17
-62
-3
54
43
29
44
16
-41
-34
16
4
5
50
48
6
-34
-2
57
72
87
47
-53
-6
74
61
81
39
29
79
24
16
44
66
53
-13
42
51
7
23
-6
7
1
-32
-13
15
7
-25
-40
-63
-23
2
-54
-20
-42
-82
-16
-60
-44
-31
-43
-64
18
-38
-31
-5
-55
-14
-26
-1
-19
10
3
-5
-6
2
-9
-21
33
20
-10
22
8
3
17
-1
6
82
53
-3
4
11
44
51
-8
-7
79
69
-47
-161
1
65
32
-17
10
-14
-81
-32
8
50
40
66
-29
-35
23
40
14
-9
81
30
-35
5
-8
-25
7
-34
-100
27
69
20
-31
-50
-73
32
81
59
-56
-50
14
-53
27
40
14
1
3
-45
12
22
-6
50
42
8
-27
-39
-20
-42
71
102
43
46
-28
4
67
76
-20
-49
-49
10
58
52
-6
0
34
40
1
-24
1
49
41
-48
-123
-87
22
85
25
-65
-66
-51
0
-4
-68
-37
-32
-68
-47
-39
-45
-40
-16
-3
-54
-29
-7
-26
-33
35
-20
26
32
38
32
-21
100
21
-49
-48
2
77
131
51
-9
68
36
20
46
-2
41
52
52
34
-3
80
92
-10
-89
-15
4
22
111
-3
-47
1
107
97
4
29
2
26
15
35
27
-34
-14
-24
-48
-53
-30
10
91
19
-112
-32
-24
-36
-26
-66
-44
-95
-19
-12
4
-14
-89
-96
1
-21
30
38
-77
-46
-66
-48
72
36
-54
-113
-44
42
49
7
-47
63
125
24
-52
-83
17
69
37
27
-29
18
127
93
-74
-124
5
34
5
-8
0
40
47
10
-183
-178
34
92
109
33
-80
-76
24
1
-42
80
61
9
67
22
-91
6
126
80
22
-40
-32
-5
32
60
24
25
-1
-15
23
65
54
-45
-24
35
-2
0
26
68
72
75
47
-22
46
70
4
23
82
102
49
-18
-54
-25
63
117
74
-33
-25
12
-1
15
-15
6
-11
-62
14
-1
-108
-83
21
-9
-74
-33
-59
-18
48
-53
-62
-26
-71
-39
-61
-91
-13
7
-70
-118
-43
-4
-15
6
-29
-83
-121
-92
-23
-11
17
3
-65
-28
4
-53
-11
80
82
63
27
-15
7
61
59
8
3
42
85
106
49
-15
21
60
47
17
-6
31
65
14
2
40
36
40
18
-34
27
81
34
18
-22
-49
18
5
-35
-13
-71
-46
63
42
20
67
36
-35
-15
-16
8
24
4
23
-14
-9
-19
-10
10
-7
39
8
-6
20
23
-6
36
103
-12
-34
33
7
-8
-10
10
31
10
-8
1
-7
14
9
-39
-35
-12
-34
-71
-42
13
3
-39
-46
-44
-24
16
26
12
-54
-44
-46
-139
-117
-85
-31
18
10
-3
-33
-24
-32
-61
-67
-41
-25
-18
-15
-28
-13
-37
-24
31
44
25
16
1
35
89
-5
11
50
19
47
8
20
55
83
77
35
8
9
67
65
64
56
5
15
37
37
69
55
-37
-24
28
71
91
56
19
-8
-16
-15
89
75
6
64
41
15
-21
-42
-17
15
15
-52
-41
-19
-38
-47
-31
-1
-16
-15
-31
-91
-92
-28
-1
-55
-53
-15
11
31
-39
-47
-22
-53
-65
-47
-1
1
16
18
-13
15
36
-9
-7
30
9
-1
1
-31
-40
32
62
5
34
54
2
-14
-13
-23
-49
32
49
-33
67
63
-21
-25
-8
20
-13
39
-24
-58
24
21
62
15
-10
-63
-74
30
28
-10
-68
-19
-4
-56
39
21
-12
60
13
-27
-17
-40
2
49
8
12
24
-7
9
-27
5
81
68
47
-20
-28
35
43
7
0
49
63
14
-21
30
65
20
-3
32
11
13
95
44
-61
-63
9
69
64
-19
-73
-41
-26
44
41
-18
19
-23
-12
50
-60
-128
-40
16
10
6
-22
-14
-6
-74
-77
9
59
25
-49
-72
-24
17
-21
-7
13
-15
-5
-24
-22
-33
-16
38
-14
-53
-12
28
-8
-35
-43
-29
17
88
109
-49
-97
-6
40
