0
3
6
5
2
4
4
1
-3
-4
2
5
4
3
2
2
3
1
2
5
7
5
2
-2
-1
2
5
3
2
2
4
5
0
2
3
3
0
-2
0
2
3
1
1
1
2
3
3
0
-1
2
3
2
-1
-1
1
1
-1
-1
3
5
3
-1
-2
0
1
4
6
5
3
-1
-2
-1
0
-1
0
0
2
4
3
2
3
1
1
1
1
0
0
1
1
0
-1
1
0
0
-2
0
3
3
4
4
3
2
-1
0
4
6
5
2
2
3
6
5
2
1
2
2
1
3
2
0
-2
-1
2
2
0
-2
0
2
3
2
-1
0
-1
1
1
0
-1
4
5
3
-1
-2
-1
1
2
3
4
4
3
4
6
5
3
3
5
7
2
-3
-2
0
1
2
5
8
6
0
-5
-5
0
3
0
-3
0
4
3
1
-1
-1
4
5
4
2
1
-1
-2
-3
0
3
4
1
-6
-9
-7
1
7
6
2
-4
-1
4
6
2
-5
-7
-4
2
4
0
-4
-4
1
4
6
6
6
2
-2
-2
0
4
1
-4
-2
6
8
3
-2
0
7
9
4
-1
1
6
8
4
2
1
3
5
4
2
0
2
7
7
4
-1
-3
-1
5
9
7
2
-3
-2
3
8
7
5
3
3
3
2
3
5
5
3
3
4
8
8
5
2
1
2
2
1
1
3
4
5
4
2
-1
-1
0
5
8
6
3
0
-1
0
2
5
6
4
3
5
7
4
1
0
5
7
6
2
1
3
4
4
3
2
2
5
8
8
1
-5
-5
1
6
3
-5
-7
0
6
9
6
3
0
-3
1
6
8
5
2
2
4
6
6
2
-4
-5
-2
4
8
5
2
-1
-3
-4
-3
1
1
-1
-1
-2
1
3
4
2
2
1
-1
-2
-3
-2
-1
0
-3
-5
-3
0
1
-3
-9
-10
-4
3
4
-1
-5
-4
-1
1
0
-1
-1
0
0
1
2
4
2
0
-2
-5
-5
2
9
10
3
-5
-5
2
3
1
-2
-1
2
2
0
-1
-4
-4
1
4
4
2
3
4
3
1
1
5
6
0
-5
-5
0
4
5
4
0
-1
2
5
3
1
0
0
1
1
2
4
3
-1
-3
-1
4
7
9
8
3
1
3
4
3
3
6
8
6
0
-2
5
9
8
5
5
7
9
9
8
8
10
8
4
1
2
9
12
6
-1
-2
3
5
3
5
10
11
5
1
4
8
9
5
0
0
3
6
5
3
3
3
6
10
10
4
-2
-4
2
10
11
7
3
4
3
1
-2
-2
1
6
7
6
3
0
0
4
4
3
1
2
4
2
-4
-8
-8
-8
-6
-1
6
5
-1
-6
-2
5
9
4
-6
-15
-14
-2
10
10
-2
-13
-11
-2
5
1
-3
-5
-2
-1
-4
-5
0
10
12
2
-15
-18
-5
12
17
4
-13
-19
-9
4
9
3
-4
-6
-3
-2
-1
3
7
9
2
-9
-11
1
18
21
8
-10
-17
-4
14
20
13
0
-6
1
8
10
7
5
6
5
2
-2
-3
-2
0
-1
0
1
4
4
-2
-14
-16
-3
12
11
-8
-21
-24
-19
-10
4
12
5
-7
-14
-16
-16
-9
2
15
16
-1
-20
-12
7
12
6
-13
-36
-14
67
127
82
-67
-168
-5
357
448
-36
-649
-641
37
644
583
17
-495
-617
-360
74
423
479
206
-255
-609
-528
12
551
588
160
-267
-359
-162
112
300
352
276
103
-98
-187
-60
215
413
372
146
-69
-67
279
763
833
239
-456
-498
70
553
518
89
-423
-724
-616
-235
48
48
-176
-541
-851
-765
-312
26
-50
-379
-620
-570
-339
-111
40
10
-199
-355
-264
-27
75
-77
-229
47
748
1115
500
-460
-500
510
1367
1194
472
123
212
184
16
214
754
903
276
-578
-824
-312
265
268
-143
-416
-435
-493
-659
-658
-328
30
-22
-422
-649
-435
-72
75
-2
-28
164
357
252
7
50
408
668
611
405
337
480
589
509
382
294
387
894
1476
1263
25
-1120
-926
330
1312
1207
157
-1114
-1796
-1509
-533
371
540
-157
-1336
-2209
-1989
-736
436
457
-475
-1325
-1570
-1333
-652
236
484
-302
-1204
-1114
-230
43
-1318
-3028
-1735
3620
8014
4909
-4113
-8971
-3473
6252
9900
5786
289
-2410
-3430
-3306
36
5928
8853
4702
-3486
-8293
-5612
1378
5828
4461
150
-2897
-4020
-4418
-3494
-239
3163
2841
-1379
-5003
-4379
-977
1306
1055
-46
-222
357
377
-459
-784
450
2121
2393
1400
832
1151
1090
122
-317
1013
2960
3173
1122
-1206
-1730
-591
586
985
1235
1813
1640
-534
-3333
-3481
-296
2876
2981
560
-2053
-3369
-3020
-1329
815
2204
1717
-799
-3568
-4030
-1681
1171
2081
884
-923
-2156
-2487
-1831
-368
957
894
-691
-2205
-1864
-157
364
-1541
-4099
-4597
-1424
4781
9361
6020
-4462
-11521
-6617
5502
12955
10735
3117
-4095
-7577
-5358
2093
9852
11732
6220
-2197
-7470
-6722
-1333
4642
6938
4163
-1093
-5246
-6710
-5202
-1138
2855
3241
-95
-3611
-4639
-3625
-1980
-266
1175
1652
797
-883
-2231
-2100
-275
2025
3193
2845
1921
1133
246
-619
-228
1890
4009
4125
2262
-256
-2047
-1610
1632
5415
5918
1906
-3357
-5259
-2524
1956
4470
3398
-447
-4572
-6164
-4252
-423
2610
2688
-431
-4354
-5801
-3692
-82
1977
1245
-903
-2440
-2737
-2164
-1014
187
676
279
-645
-1674
-2224
-1893
-1135
-734
-1071
-2070
-2491
-31
5036
7419
2511
-5627
-7406
27
8869
10788
5899
-302
-3873
-3690
10
5400
9048
7845
1588
-5510
-7300
-2015
4981
6966
3102
-2040
-4702
-4904
-3733
-1244
1588
2120
-708
-4428
-5760
-3644
15
1812
376
-1842
-2051
-880
-301
-346
349
1552
1827
1091
614
1376
2173
1732
685
821
2307
3797
3583
1206
-766
-826
2128
5383
5380
2411
-2275
-3880
-1761
1953
4692
3277
-508
-4660
-6325
-4224
-399
2448
1742
-1873
-5440
-6183
-3825
-415
1471
670
-1652
-3695
-3994
-2503
-430
975
756
-689
-2111
-2348
-1661
-821
-670
-1477
-1779
-2058
-2293
-2909
-2217
2658
7532
7359
-47
-7279
-5208
3336
10258
9993
5951
2745
14
-2659
-2746
3108
11025
11869
3084
-6763
-8667
-2839
3869
5887
3444
-392
-3910
-6912
-7564
-3642
2336
4146
-508
-6631
-7990
-4184
-142
641
-418
-697
-434
-1135
-1990
-985
1571
3190
2841
1703
1454
2399
2833
1781
767
1860
4163
4786
2831
600
-397
54
2655
5271
5666
2396
-2555
-4178
-2293
2091
5093
2952
-1692
-6249
-6953
-3651
-208
2134
1014
-2421
-5578
-6877
-4149
-82
2206
1305
-1997
-4425
-4299
-2389
-140
1100
841
-322
-2031
-2483
-2080
-1082
110
-478
-1266
-1974
-1958
-2032
-3343
-4177
-4331
-604
6113
8842
3710
-5849
-8735
-2091
7273
12692
10575
4304
-2683
-6044
-2545
4905
11684
11901
4937
-3935
-8028
-4035
3548
7886
6099
785
-4188
-6698
-6081
-2471
1884
2967
-307
-4833
-6789
-5343
-2196
153
336
-861
-1698
-1686
-1581
-1049
116
1292
1678
1489
1361
1827
2165
1392
1156
1900
3848
4964
3596
1333
-451
1885
5809
6713
3824
-674
-1907
-297
2176
3498
2464
-187
-3336
-4883
-3649
-1037
627
236
-2873
-5707
-6059
-3613
-577
-242
-1059
-2983
-4113
-3665
-2476
-307
509
-42
-1744
-2904
-1866
50
1020
218
-1131
-1241
-354
-443
-1043
-1710
-911
319
-824
-3985
-6767
-2710
5950
9963
4437
-5551
-8387
-2736
5213
9593
8829
4593
-1189
-4910
-3258
3145
9677
11205
5154
-3035
-6501
-2666
3981
6431
5163
1461
-2243
-4669
-4970
-1557
1852
2483
-229
-3823
-4987
-3659
-1261
-324
-1055
-1435
-929
-889
-1507
-1322
-306
648
786
805
1294
1690
1739
545
38
1159
2804
4104
3125
1326
-99
887
4234
6073
5287
1136
-2123
-1399
1007
4098
4317
1434
-1912
-5096
-4958
-1973
888
2012
-490
-4348
-6514
-5791
-2268
675
1023
-795
-3837
-4948
-3806
-1574
1064
1342
78
-1806
-2958
-1906
-448
915
752
-676
-1300
-1090
-1174
-1755
-2161
-1856
-1884
-3203
-4247
-5224
-2486
3994
7645
4375
-5013
-8651
-2809
5491
10534
8675
4082
-879
-4108
-1735
4137
10003
11370
5968
-1373
-5004
-1988
4271
6927
5616
2063
-1681
-3941
-4556
-1942
1289
2045
147
-3824
-5735
-4618
-2372
-705
-1580
-2363
-2209
-2093
-2089
-2260
-681
1031
817
-65
14
1243
2115
1462
713
1139
2566
4375
3470
1549
358
379
3986
6742
6551
2771
-2441
-2425
397
4137
6202
3129
-1162
-5195
-5591
-1935
1256
2947
550
-4117
-6898
-6267
-2549
669
971
-1049
-3794
-5142
-3929
-1635
843
1309
-490
-2217
-3306
-1958
-26
977
1192
-679
-1908
-2003
-1411
12
-48
-713
-1825
-3025
-3045
-3765
-5064
-5326
-1829
5212
8270
2183
-7279
-9318
-1768
7591
11678
9698
3936
-2292
-4829
-1493
6046
12639
12961
5993
-3039
-6464
-1831
5543
8853
6643
1849
-2739
-5464
-4896
-1234
2478
2780
-818
-5235
-6769
-4683
-1660
-483
-1263
-2401
-2900
-2929
-2617
-1778
-498
202
-60
-90
715
1624
1451
463
23
1335
3564
4767
3806
1333
-136
99
3432
7770
8411
4211
-2376
-4084
-275
4874
7378
4560
-613
-5326
-6436
-3427
1004
3850
2166
-3219
-7881
-8122
-4075
718
1959
-228
-3810
-5816
-4553
-2140
555
1164
-469
-2083
-3034
-1552
464
1036
527
-1325
-2180
-1713
-655
565
-128
-1305
-2241
-2857
-2187
-1839
-2626
-5279
-7711
-3967
4664
10185
5558
-6167
-10421
-3838
6179
12368
10717
5625
-1306
-5501
-2559
4767
13080
14665
7496
-2818
-8080
-3634
4786
9301
7781
2752
-2792
-6491
-6716
-2112
3201
4139
226
-5946
-8149
-5766
-1950
409
-434
-1500
-2208
-3289
-3599
-3023
-854
1230
777
-15
205
1107
1730
899
915
2202
3477
4341
2725
993
219
613
5024
8526
8491
3474
-2896
-2556
817
5814
7892
3867
-1050
-6201
-6728
-2376
1604
3727
862
-4545
-7735
-7654
-3220
920
829
-1186
-3944
-5213
-3892
-2027
164
521
-536
-1065
-2396
-1547
-490
1
389
-819
193
265
-262
-814
-1858
-1370
-1603
-1581
-1397
-1249
-2524
-5021
-8155
-7336
853
8944
9565
-1621
-11824
-9745
509
10950
12930
8861
1870
-4814
-5958
-259
9895
16457
12926
1356
-7907
-7063
1518
8923
9627
5322
-618
-5363
-6783
-3885
1335
4216
2015
-3275
-7093
-6669
-3055
65
-167
-2381
-3494
-2936
-2565
-2717
-1698
-160
239
-467
-224
1106
2059
1195
-401
376
2330
4804
4747
2219
-28
-260
4331
7860
8087
4069
-1227
-1429
841
4964
6931
4467
-147
-5157
-5961
-2280
1291
2532
336
-4565
-7126
-6987
-3343
589
124
-1200
-4282
-5981
-4416
-2477
371
292
-982
-1313
-2102
-993
-388
104
1079
66
-479
-1009
-837
185
-580
-1240
-2011
-2108
-1220
-1382
-1983
-3883
-6075
-7438
-5900
1214
8347
7412
-2517
-11045
-8484
1883
10855
12919
8509
837
-5166
-4993
1686
10321
14704
11032
1113
-6884
-5801
2486
9524
9721
4576
-1562
-5750
-6368
-2859
2380
4574
1556
-3897
-7154
-6284
-2940
-177
-171
-1931
-3066
-2948
-3037
-3260
-2287
-323
1027
489
104
294
656
849
495
1522
2985
4200
3725
1666
725
838
3860
7726
8696
5979
-93
-2680
238
4276
7115
5352
509
-3622
-5467
-3529
-266
2023
1757
-2433
-6880
-8152
-5791
-1013
1532
593
-2457
-5991
-6147
-3850
-441
2069
1130
-1111
-3103
-3076
-1118
914
1984
1272
-438
-1344
-1324
-1153
-592
-393
-212
-990
-2064
-2344
-2956
-2732
-3277
-4753
-6524
-5646
1278
7668
5711
-4074
-10541
-5896
4275
10847
10621
5947
165
-3799
-3501
2576
10171
13698
9147
-665
-6010
-3348
4361
8855
7342
3363
-1268
-4123
-4715
-2196
1886
3443
980
-3775
-6668
-5521
-2087
-273
-1119
-2318
-2351
-2509
-3638
-3728
-1842
271
824
85
-384
479
1071
528
515
1898
3999
4796
3665
1422
420
1467
3199
6041
8095
7470
3014
-2825
-2964
1801
6978
8170
2751
-3354
-6446
-6052
-2217
1235
3048
1197
-4341
-8305
-8352
-3470
1726
2025
-665
-4654
-6233
-4378
-1896
934
2049
796
-1343
-3329
-2709
-229
1590
2095
503
-913
-1139
-1420
-692
-409
-422
-144
-1304
-2566
-3525
-3212
-1903
-2512
-4389
-6657
-5173
1487
6294
3935
-4265
-8451
-3940
3915
9186
8636
4687
-155
-3255
-1577
4072
9934
11365
6809
-665
-4656
-1546
4982
8247
6328
2336
-1306
-3578
-3405
-601
2579
2958
-102
-3971
-5491
-3930
-1250
-142
-1322
-2743
-2890
-2673
-2973
-2601
-712
691
193
-898
-892
225
1419
1394
844
1451
2572
3605
3000
1770
1774
2275
4157
5049
4335
3606
2263
1804
1669
1661
2878
2943
1148
-1217
-3115
-2181
-462
-240
-659
-2378
-3297
-3625
-3819
-2614
-1616
-932
-1488
-2971
-3436
-2710
-1241
-125
-185
-738
-1250
-1714
-1259
-838
-18
587
-198
-700
-1539
-1241
-392
-870
-1126
-1569
-1507
-1456
-3012
-3857
-3281
-2548
-2616
-5380
-6876
-2751
3761
6594
966
-6274
-6172
-6
6498
8021
6020
3293
431
-811
830
4971
9230
9709
5000
-1023
-2870
1446
5844
6088
4207
1361
-851
-2850
-3142
-374
1822
1961
-1108
-4885
-5267
-3750
-1365
-545
-1849
-2622
-2844
-2556
-2543
-1945
-56
675
-422
-1352
-712
1051
2161
1842
1560
1489
2409
3238
2454
2263
2744
4311
5159
3574
2030
869
1626
3571
3889
3135
810
-1286
-1507
-863
815
1091
-418
-2276
-4018
-3506
-2170
-1154
-646
-1856
-2761
-3311
-3190
-1696
-1000
-489
-816
-1787
-1525
-1383
-655
-140
-549
-526
-743
-539
-323
-669
-990
-1301
-1245
-1209
-1471
-1725
-2208
-3261
-3889
-3343
-2516
-2558
-4198
-6469
-6100
-807
5402
5293
-1377
-6640
-4622
2060
7257
8130
5777
2349
-273
-495
2306
6893
10107
8827
3398
-1483
-1315
2965
6342
5944
3352
883
-1093
-2499
-2274
-265
1568
1069
-1745
-4592
-4984
-2892
-1004
-1351
-2701
-2921
-2372
-2472
-2668
-1731
-420
-234
-870
-843
345
1669
1828
989
726
1873
3306
3638
3026
2510
2413
2379
2547
3600
5202
5466
3180
6
-952
1192
3918
4132
1499
-1660
-3229
-3015
-1836
-402
446
-360
-2838
-5089
-4917
-2443
-177
-159
-1802
-3079
-3048
-2338
-1659
-833
119
211
-1077
-2420
-2150
-594
531
341
-535
-1290
-1480
-1364
-1300
-1171
-1256
-1737
-2518
-2951
-2905
-2668
-2803
-3683
-5389
-6252
-2556
3554
6310
1352
-6395
-7015
-990
6383
9202
7319
3526
-751
-1851
754
5643
9796
10246
5436
-905
-3133
173
5650
6984
5033
1699
-1452
-2957
-3122
-425
2109
2127
-335
-4121
-5492
-3996
-1394
-168
-1179
-2184
-2861
-3333
-2908
-1974
-518
211
-563
-980
-299
945
1640
1082
897
1509
2723
4017
3298
1892
1293
1450
2685
4488
5760
4564
1260
-1278
-471
2744
5303
4737
849
-2637
-3796
-2383
409
1823
1505
-747
-3930
-5484
-4522
-1466
1213
700
-1808
-4135
-4601
-2746
-819
557
702
-559
-2007
-2956
-1960
90
1074
423
-1108
-2053
-1966
-1506
-1185
-1190
-1416
-1629
-2575
-3483
-3537
-3197
-2597
-2814
-3740
-5421
-6450
-2960
3350
6196
1627
-5601
-6339
-500
5926
8624
7068
3627
145
-1013
1147
5378
9498
10139
5751
-275
-2482
739
5409
6721
4832
1595
-1347
-2825
-2768
-484
1828
1849
-530
-4107
-5449
-3746
-1115
-41
-1725
-3411
-3146
-2643
-2364
-1861
-824
163
-321
-777
-310
663
1653
1365
1072
1656
2603
3486
3100
2393
2011
1898
2687
3606
4728
4891
2740
175
-714
1328
4280
4264
1379
-1906
-3316
-2210
-829
55
298
-956
-2825
-4725
-4751
-2420
-253
205
-1542
-3460
-3747
-2722
-1147
32
297
-378
-1724
-2643
-2079
-644
715
484
-1076
-2193
-2460
-1506
-845
-1062
-1323
-2014
-2781
-3877
-4301
-3064
-2145
-2863
-5505
-7107
-3213
3879
6811
1267
-6625
-7125
-584
6572
9376
7339
3084
-1139
-1912
1273
6092
10591
10767
5202
-1662
-3655
882
6242
7390
5268
1749
-1475
-3393
-3211
4
2894
2616
-616
-4648
-5869
-3886
-817
327
-1115
-2655
-3059
-3075
-2824
-1705
-167
571
-103
-590
-343
621
1814
1795
1435
1498
2680
3560
2679
1650
1534
2699
3805
3984
3799
3218
2059
716
609
2119
3527
2787
134
-2166
-2401
-996
152
17
-996
-2084
-2927
-3460
-3237
-1991
-608
-586
-2136
-3579
-3308
-1712
-563
-657
-1150
-1136
-972
-1353
-1856
-1597
-622
-104
-561
-1539
-2248
-2073
-1684
-1427
-1348
-1703
-2551
-3654
-4175
-4005
-3564
-4351
-5485
-2590
2964
5497
1067
-6480
-6737
153
6807
8741
5795
2252
-423
-913
1788
5965
9787
9524
4374
-1414
-2815
1558
6503
7010
4050
543
-1460
-1854
-1422
332
1845
1168
-1078
-3902
-4672
-2645
-739
-623
-2069
-2621
-1999
-2107
-2217
-1782
-800
72
-95
-672
-588
441
1341
1285
1012
1644
2808
3115
2116
1076
1553
3068
3873
3301
2353
2086
2245
2045
1597
1683
2252
2208
920
-708
-1314
-786
-242
-470
-1103
-1521
-1795
-2304
-2761
-2441
-1443
-935
-1558
-2467
-2460
-1662
-1143
-1241
-1299
-1013
-977
-1463
-1813
-1405
-770
-462
-609
-1244
-1821
-2011
-1979
-1946
-1787
-1631
-1899
-3105
-4350
-4318
-3575
-2999
-4512
-5524
-1818
3594
5097
-608
-6782
-5133
1490
7522
8406
5199
1941
-916
-902
2128
6492
10303
9163
3416
-2310
-2738
2438
6879
6710
3644
705
-1369
-2570
-2041
329
2464
2008
-1130
-4581
-5154
-2769
-590
-635
-1813
-2356
-2194
-2309
-2799
-2414
-762
505
277
-268
11
631
909
785
857
2046
3672
3505
1539
641
2006
3575
3623
2853
2656
3058
2835
1550
642
1389
2746
2711
1042
-656
-1167
-915
-867
-980
-685
-342
-1013
-2639
-3691
-3012
-1326
-423
-974
-1988
-2363
-2157
-1960
-1706
-1010
-201
-270
-1450
-2614
-2246
-692
268
-208
-1415
-1929
-1645
-1638
-2172
-2201
-1727
-1762
-2936
-4118
-3604
-2865
-3000
-4893
-6311
-2254
3870
5429
-50
-6589
-5507
639
6426
8465
5933
2562
-624
-1456
1351
5970
10407
9767
3562
-2736
-3278
2238
7352
7289
3853
529
-1562
-2274
-1712
1057
3153
2245
-1061
-5025
-5083
-2326
261
153
-1924
-2386
-2514
-2691
-2645
-1768
-35
690
-39
-1237
-1134
338
1615
1615
1124
1340
2097
2455
1961
1716
2385
3092
2873
2237
2424
3300
3430
2202
901
921
1870
2176
1233
-38
-726
-989
-1287
-1346
-782
-246
-853
-2469
-3515
-2879
-1325
-535
-1062
-2056
-2548
-2325
-1777
-1244
-809
-636
-1146
-2006
-2349
-1625
-432
-65
-848
-1959
-2043
-1408
-1406
-2177
-2308
-1867
-2045
-2769
-3662
-3028
-2307
-3100
-5130
-5825
-710
5376
5537
-1288
-7639
-5285
2191
8127
8620
5074
1001
-1653
-1033
2669
7243
9973
8245
2207
-2726
-2349
3044
7398
6407
3413
242
-1604
-2237
-1936
867
2823
2192
-985
-4989
-4963
-2278
12
311
-1378
-2170
-2406
-2623
-2437
-1696
-63
907
324
-673
-588
526
1397
1286
1184
2123
3230
3152
1845
975
1736
3253
3947
3466
2754
2335
1735
816
610
1733
2936
2409
234
-1630
-1834
-964
-249
-128
-561
-1597
-2961
-3660
-2885
-1257
-420
-1203
-2787
-3554
-2825
-1429
-557
-641
-1167
-1694
-1964
-1794
-1197
-406
-14
-596
-1731
-2169
-1787
-1053
-955
-1297
-1591
-2493
-3232
-3439
-2818
-2246
-2602
-4635
-5990
-2036
3592
5472
551
-6067
-5622
229
6432
8332
5695
1725
-1429
-1443
1584
5709
9220
8775
3252
-1941
-2587
1967
6644
6330
3766
773
-1159
-1826
-1648
756
2547
2305
-327
-4254
-4588
-2076
290
457
-1645
-2647
-2502
-2177
-2029
-1854
-616
524
261
-817
-1068
66
1449
1684
1151
1234
2020
2575
2235
1749
2040
2729
2890
2441
2226
2538
2575
1745
860
1028
1945
2101
786
-894
-1467
-875
-266
-347
-786
-1191
-1768
-2581
-2893
-2108
-949
-776
-1798
-2780
-2712
-1898
-1185
-883
-885
-1086
-1504
-1783
-1513
-775
-165
-364
-1160
-1811
-1647
-1140
-1160
-1818
-2234
-2028
-2139
-2583
-3191
-2945
-2473
-3152
-4639
-5082
-1116
4116
4692
-986
-6535
-4570
1935
6946
6873
3806
991
-427
421
2614
5729
8083
7325
3000
-1053
-968
2689
5746
5017
2900
1126
42
-796
-1136
32
1106
1285
-33
-2244
-3175
-2292
-1098
-1020
-1283
-1114
-1110
-1888
-2733
-2451
-836
873
1066
-13
-780
-402
507
1136
1542
2131
2660
2385
1442
1059
1945
3220
3614
3071
2481
2200
1812
1304
1369
2158
2587
1644
-130
-1238
-1054
-400
-265
-668
-1087
-1469
-2159
-2962
-3043
-2043
-934
-1021
-2213
-3102
-2704
-1622
-1073
-1246
-1355
-1271
-1349
-1604
-1464
-733
-332
-716
-1418
-1631
-1212
-867
-1345
-1917
-2066
-2171
-2225
-3027
-3204
-2630
-2701
-3444
-5516
-4722
558
4885
3723
-3041
-6841
-3182
2899
7298
7086
3999
772
-1602
-709
2861
7495
10080
7194
863
-3195
-1118
4339
7342
6045
2974
174
-1874
-2442
-901
1950
3545
2040
-1737
-4677
-4232
-1397
485
-83
-1440
-1930
-2068
-2668
-2743
-1200
791
1153
-236
-1474
-1090
416
1472
1435
1254
1845
2542
2252
1369
1266
2354
3536
3584
2612
1787
1712
1805
1535
1342
1652
1814
937
-577
-1357
-882
-120
-107
-717
-1273
-1699
-2327
-2888
-2670
-1633
-833
-1235
-2459
-3165
-2626
-1548
-987
-1143
-1312
-1235
-1098
-1127
-1267
-944
-441
-464
-1109
-1451
-1299
-1229
-1668
-1996
-1626
-1745
-1909
-2724
-3393
-2921
-2735
-2900
-4398
-3519
1108
4217
1964
-4238
-6123
-1287
4781
7079
5033
1928
-63
-178
1444
4242
6969
7782
5210
544
-1866
462
4983
6739
4536
1488
-165
-899
-1030
77
1805
2367
824
-1954
-3769
-2950
-648
322
-656
-1776
-1953
-1807
-1902
-1831
-1009
154
436
-450
-1150
-515
798
1401
1127
1070
1858
2665
2426
1477
1194
2112
3277
3532
2822
1984
1611
1610
1761
2070
2355
2008
708
-821
-1321
-488
554
528
-604
-1839
-2411
-2373
-2048
-1563
-1131
-1246
-2100
-2997
-2941
-1876
-887
-899
-1604
-1962
-1733
-1385
-1081
-814
-717
-991
-1499
-1642
-1154
-662
-835
-1792
-2513
-2033
-1333
-1246
-2199
-3668
-3688
-2627
-1721
-2309
-4331
-3611
327
3655
2553
-2566
-4496
-1252
3294
5837
4778
2602
995
321
1315
3336
5771
7237
5300
1284
-901
602
4255
5664
4152
1990
99
-684
-714
166
1545
1783
757
-1560
-3315
-2594
-817
199
-650
-1804
-1758
-1831
-2137
-2014
-1038
352
369
-560
-888
-490
641
1259
949
1021
1521
2397
2436
1569
1503
1993
2494
2589
2547
2668
2322
1597
1080
1185
1781
2105
1377
-36
-957
-846
-278
-151
-538
-1089
-1647
-2160
-2454
-2234
-1627
-1343
-1848
-2585
-2677
-2127
-1511
-1179
-1215
-1440
-1517
-1465
-1502
-1284
-753
-503
-979
-1590
-1552
-1185
-948
-1244
-1728
-1797
-1458
-1817
-2857
-3308
-2658
-1167
-1342
-3080
-5212
-5032
-137
4432
4446
-765
-5430
-4214
496
5580
7350
5501
1909
-1332
-1530
1606
6316
9159
7605
2458
-1867
-1520
2571
6011
6048
3880
1206
-1089
-2039
-902
1505
3031
2145
-724
-3354
-3658
-1783
37
181
-827
-1763
-2266
-2500
-2288
-1406
-251
352
33
-593
-625
-31
493
675
991
1735
2392
2274
1530
1071
1438
2236
2805
2990
2894
2409
1511
793
1032
2059
2633
1795
72
-1126
-1084
-367
56
-178
-799
-1525
-2219
-2604
-2358
-1645
-1151
-1425
-2229
-2781
-2619
-2083
-1694
-1531
-1461
-1479
-1520
-1534
-1488
-1229
-861
-884
-1297
-1402
-1055
-869
-1238
-1712
-1753
-1474
-1365
-1827
-2397
-2427
-2044
-2032
-2984
-4459
-3995
-126
3747
3324
-1639
-5417
-3434
1837
6151
6394
3631
666
-1425
-650
2753
6478
8379
6239
1477
-1894
-1128
3382
6777
6016
3235
355
-1431
-1383
190
2705
3525
1691
-1243
-4074
-3953
-1139
1112
1085
-899
-2483
-3059
-2747
-1487
-193
517
254
-907
-1684
-1146
142
1365
1509
1325
1339
1245
1439
1212
1454
2179
2395
2573
2311
2171
2231
1592
1088
1151
1643
2363
1766
341
-694
-1189
-509
23
33
-286
-1402
-2325
-2807
-2382
-1246
-692
-1116
-2174
-2881
-2668
-1912
-1276
-1063
-1249
-1623
-1939
-2046
-1719
-1098
-608
-681
-1353
-1857
-1676
-1108
-918
-1382
-1863
-2045
-1983
-1957
-2138
-2452
-2477
-2435
-2729
-3520
-4457
-2571
1599
4072
1723
-3580
-4541
-639
4360
6800
5092
2284
-38
-500
1550
4669
7397
7637
4303
48
-1489
1281
5825
6846
4252
936
-1005
-938
-33
1555
2700
2130
-83
-2815
-3737
-1930
468
793
-1006
-2706
-2682
-2086
-1585
-1178
-869
-229
-344
-886
-937
-286
899
1072
691
580
856
1963
2468
1953
1424
1265
1879
2521
3017
3226
2212
1001
230
740
2259
2718
1770
-314
-1585
-1239
-258
562
275
-735
-2011
-2919
-3015
-2061
-1001
-752
-1393
-2667
-3013
-2688
-1868
-1203
-1234
-1253
-1620
-1866
-1921
-1587
-804
-509
-1038
-1705
-1745
-1308
-1022
-1250
-1475
-1721
-1634
-1631
-2233
-2565
-2651
-2173
-1956
-2588
-3728
-4237
-1499
2847
4183
539
-4282
-4422
-21
4818
6806
5248
2153
-474
-882
1575
5199
7918
7424
3362
-686
-1243
1953
5638
6304
4255
1493
-668
-1325
-364
1641
2998
2129
-340
-2845
-3459
-1627
360
599
-903
-2337
-2549
-2399
-1837
-983
-338
-96
-738
-1224
-827
-31
737
649
363
746
1346
1866
1653
1078
1091
1610
2294
2398
2232
2265
1929
1367
1115
1423
1897
1796
901
-126
-477
-220
99
-78
-577
-919
-1306
-1777
-2043
-1876
-1289
-1052
-1740
-2655
-2934
-2455
-1664
-1275
-1436
-1682
-1807
-1845
-1883
-1631
-1010
-628
-1002
-1705
-1933
-1651
-1025
-924
-1326
-1711
-2001
-1836
-1937
-2029
-1958
-1960
-1957
-2258
-2780
-3141
-1487
1719
3258
1049
-2804
-3275
171
4127
5609
4334
2185
549
329
1871
4303
6071
6030
3798
773
-292
1662
4514
5269
3557
1338
150
62
515
1099
1465
1144
-81
-1594
-2220
-1472
-347
-181
-1028
-1812
-1822
-1420
-1250
-1295
-1088
-615
-379
-558
-657
-239
374
577
406
525
1242
1958
1930
1288
870
1193
1913
2390
2385
2063
1579
1072
870
1253
1877
1873
844
-486
-1002
-474
232
245
-430
-1208
-1720
-1978
-1967
-1606
-1136
-1136
-1845
-2681
-2815
-2165
-1459
-1363
-1756
-2063
-2010
-1814
-1689
-1522
-1238
-1093
-1353
-1701
-1649
-1177
-917
-1343
-1901
-2023
-1767
-1614
-1674
-1842
-1884
-1895
-2314
-3168
-3467
-928
2869
3872
472
-4023
-3827
413
4794
6179
4447
1931
-193
-437
1457
4590
6922
6661
3349
-432
-1024
1681
5189
5794
3836
1360
-355
-635
-326
1078
2353
2096
509
-1872
-2967
-1963
-336
307
-419
-1354
-1551
-1820
-2123
-1640
-655
394
512
-467
-1150
-870
154
1016
1027
1002
1277
1337
1215
1018
1209
1956
2321
2025
1659
1561
1628
1391
857
712
1150
1501
1057
14
-729
-782
-520
-404
-533
-798
-1243
-1852
-2232
-2032
-1458
-1116
-1399
-2084
-2538
-2365
-1809
-1410
-1389
-1553
-1648
-1674
-1832
-1944
-1548
-818
-539
-960
-1512
-1729
-1638
-1325
-988
-1013
-1339
-1806
-2280
-2402
-2065
-1467
-1517
-2512
-2712
-684
2046
2576
-142
-2848
-1647
1742
4351
4678
3005
1424
371
976
2950
4741
6052
5026
2066
153
723
3334
5097
4143
2284
673
-34
251
644
1431
1535
633
-772
-2159
-2086
-947
212
104
-1159
-1847
-1766
-1601
-1464
-1157
-394
323
-80
-721
-935
-392
718
924
860
817
935
1253
880
969
1575
2158
2479
1602
917
1074
1570
2098
1701
948
390
168
238
92
25
112
-154
-897
-1547
-1611
-1191
-940
-1292
-1868
-2146
-2031
-1941
-2064
-2097
-1889
-1692
-1829
-2111
-2024
-1569
-1233
-1402
-1765
-1692
-1144
-736
-930
-1508
-1833
-1588
-1359
-1380
-1596
-1796
-1729
-1643
-1811
-2452
-2998
-3175
-1684
1388
2989
1506
-2216
-3677
-1056
2906
5464
4792
2252
-178
-768
1099
3872
6054
6294
4119
828
-904
603
4002
5891
4815
2242
-54
-996
-516
860
2231
2479
1016
-1346
-2897
-2465
-731
455
339
-761
-1675
-2043
-2038
-1422
-625
167
163
-636
-1205
-1077
-137
664
952
1061
1181
1278
1058
808
1027
1723
2298
2301
1848
1361
1097
1048
1259
1645
1851
1445
442
-512
-728
-171
435
296
-637
-1657
-2110
-1955
-1554
-1222
-1109
-1362
-1985
-2586
-2627
-2147
-1701
-1593
-1682
-1822
-1924
-1875
-1721
-1486
-1171
-886
-887
-1053
-1209
-1483
-1466
-1083
-810
-961
-1432
-1945
-2328
-2029
-1392
-1183
-1942
-3319
-2643
511
2977
1992
-1878
-3704
-1220
2628
4903
4348
2203
322
-374
706
3087
5571
6471
4337
743
-921
629
4008
5769
4520
2141
74
-756
-370
835
2245
2476
1257
-1070
-2929
-2434
-417
1011
442
-1147
-1962
-2115
-1937
-1448
-663
145
246
-505
-1267
-1077
-100
777
987
702
667
1109
1250
816
700
1322
2126
2297
1716
1210
1044
947
1148
1618
1918
1661
656
-387
-661
-231
338
264
-463
-1156
-1643
-1824
-1657
-1375
-1066
-1136
-1829
-2582
-2802
-2167
-1260
-1109
-1589
-2076
-2164
-1770
-1364
-1253
-1176
-1114
-1222
-1401
-1485
-1333
-1201
-1139
-1268
-1532
-1658
-1686
-1702
-1881
-1662
-1558
-1971
-2784
-3031
-757
2066
2589
-77
-3035
-2346
854
3854
4500
3094
1354
56
254
2015
4255
5675
5092
2556
185
136
2408
4599
4467
2807
1305
454
205
410
1109
1883
1705
289
-1494
-2266
-1458
-152
140
-635
-1506
-1800
-1750
-1680
-1213
-521
66
-10
-600
-676
-273
424
696
563
682
1045
1552
1408
822
703
1265
1930
1901
1584
1517
1409
1099
956
1152
1473
1287
344
-552
-731
-307
65
-92
-621
-1156
-1569
-1787
-1700
-1349
-1037
-1155
-1668
-2278
-2401
-1947
-1476
-1325
-1579
-1785
-1762
-1549
-1478
-1470
-1266
-1186
-990
-1149
-1409
-1399
-1444
-1312
-1356
-1431
-1464
-1663
-1957
-1927
-1662
-1519
-1829
-2755
-2274
168
2373
1668
-1425
-2718
-694
2472
4049
3682
2435
1252
687
1043
2500
4311
5509
4539
1985
251
820
3193
4388
3684
2403
1206
339
-160
205
1399
2055
1331
-383
-2080
-2034
-727
206
95
-981
-1442
-1442
-1728
-1697
-1077
-17
399
-367
-995
-794
-267
414
611
813
1224
1252
1191
589
469
1143
1838
2260
1734
1290
1178
925
741
862
1483
1792
1086
-269
-1121
-742
240
544
-80
-942
-1546
-1707
-1733
-1596
-1153
-976
-1404
-2142
-2547
-2106
-1357
-1113
-1351
-1708
-1726
-1449
-1379
-1427
-1367
-1208
-975
-957
-1248
-1353
-1211
-1211
-1397
-1688
-1746
-1573
-1583
-1716
-1638
-1592
-1678
-2099
-2708
-1566
897
2504
1557
-1609
-2665
-618
2264
4069
3654
2519
1255
180
794
2576
4489
5451
3965
1480
28
655
3040
4218
3642
2231
771
15
-380
181
1390
1920
1020
-787
-1952
-1815
-734
137
1
-807
-1438
-1609
-1548
-1304
-779
-128
43
-344
-730
-663
-273
192
667
1144
1389
1094
529
68
538
1723
2456
2214
1184
717
855
1071
1280
1282
1307
951
236
-392
-598
-189
138
-140
-841
-1340
-1325
-1255
-1449
-1604
-1435
-1175
-1253
-1903
-2381
-2082
-1645
-1319
-1426
-1641
-1499
-1391
-1251
-1418
-1477
-1182
-941
-817
-1023
-1265
-1313
-1151
-1197
-1269
-1218
-1290
-1495
-1814
-1855
-1883
-1881
-2083
-1936
-405
1355
1695
-236
-2329
-1743
950
3403
3946
2661
1033
175
520
2150
3821
4830
4439
2295
390
257
2168
4171
4093
2744
1263
253
-18
328
1385
2258
1712
119
-1526
-2038
-1118
162
793
40
-1140
-1716
-1792
-1405
-889
-98
402
-147
-928
-1120
-623
124
481
531
697
863
920
727
428
666
1364
1949
2041
1637
1115
799
706
868
1209
1521
1341
334
-600
-791
-237
388
207
-289
-898
-1463
-1670
-1687
-1204
-810
-993
-1450
-2164
-2362
-1986
-1466
-1110
-1373
-1699
-1730
-1554
-1459
-1572
-1414
-1057
-1081
-1328
-1389
-1290
-1113
-1379
-1648
-1501
-1312
-1245
-1622
-1817
-1647
-1488
-1773
-2084
-813
1345
2127
379
-1941
-1561
1180
3406
3595
2481
1390
872
1064
2027
3328
4252
4206
2750
977
673
1995
3690
3688
2267
1183
602
482
450
796
1464
1347
290
-1076
-1625
-1018
-45
243
-327
-1091
-1486
-1354
-1243
-1104
-583
-88
-20
-346
-678
-581
-100
408
770
943
1018
997
767
535
672
1287
2032
2277
1720
769
193
437
1179
1666
1531
862
-25
-651
-791
-422
275
542
-91
-1162
-1946
-1928
-1294
-799
-801
-1172
-1646
-1999
-2099
-1780
-1215
-906
-1074
-1564
-1854
-1539
-1090
-946
-978
-1054
-1093
-1132
-1271
-1400
-1357
-1301
-1196
-1190
-1471
-1787
-1994
-1874
-1576
-1474
-1866
-1835
-356
1344
1491
-501
-2083
-1047
1356
3305
3534
2503
1249
452
782
1955
3412
4408
4039
2386
631
310
1917
3734
3900
2707
1188
265
123
287
981
1636
1461
475
-982
-1644
-1223
-340
219
-265
-920
-1289
-1466
-1343
-1150
-580
-63
-92
-423
-945
-1009
-405
467
1098
1033
657
457
489
642
902
1322
1633
1573
1306
1102
876
749
837
1066
1298
1022
496
-160
-763
-653
-324
59
117
-536
-1309
-1900
-1855
-1299
-772
-609
-1131
-1863
-2277
-2197
-1619
-1027
-804
-1065
-1627
-1995
-1864
-1287
-632
-448
-848
-1341
-1569
-1450
-1258
-1047
-832
-1053
-1606
-2102
-2059
-1405
-814
-1039
-2141
-2465
-686
1783
2252
-24
-2231
-1342
1587
3582
3367
1955
1096
819
997
1984
3277
4257
3888
2021
318
323
2092
3818
3592
1921
599
298
481
518
864
1409
1148
53
-1275
-1641
-761
170
308
-423
-1189
-1313
-1183
-1154
-1024
-489
187
109
-587
-932
-545
278
653
594
609
665
699
567
465
650
1097
1576
1639
1262
838
591
506
662
1071
1398
1172
285
-707
-1040
-492
314
536
-37
-912
-1485
-1562
-1331
-1020
-785
-790
-1183
-1776
-2079
-1779
-1128
-732
-877
-1346
-1691
-1729
-1490
-1099
-733
-655
-1081
-1638
-1924
-1638
-1014
-560
-678
-1459
-2078
-2058
-1399
-909
-1165
-1745
-2286
-1588
311
1681
1152
-952
-2020
-598
1793
3091
2806
1854
914
284
684
2171
3721
4277
3328
1563
321
549
2257
3724
3459
1966
533
79
207
536
1203
1746
1473
73
-1442
-1775
-820
298
475
-273
-1149
-1501
-1462
-1100
-688
-173
270
-159
-865
-1049
-464
502
883
685
401
281
537
793
774
857
1002
1354
1600
1175
691
441
649
1146
1244
1076
572
-191
-598
-531
-39
409
166
-470
-1154
-1583
-1350
-841
-539
-696
-1249
-1572
-1587
-1503
-1332
-1112
-873
-1007
-1447
-1724
-1637
-1209
-895
-840
-907
-1110
-1287
-1301
-1175
-1113
-1098
-1060
-1134
-1299
-1499
-1504
-1423
-1416
-1442
-1476
-781
621
1450
520
-1424
-1814
96
2477
3246
2196
804
194
542
1487
2641
3507
3422
2233
779
338
1322
2842
3462
2705
1401
488
366
621
985
1359
1374
893
-108
-899
-903
-369
159
84
-343
-704
-888
-974
-1062
-891
-388
108
147
-327
-803
-764
-194
436
747
714
589
459
248
229
583
1344
1814
1379
483
-127
263
1113
1534
1307
673
203
-64
-181
-53
347
579
265
-516
-1218
-1214
-882
-577
-581
-943
-1260
-1551
-1627
-1441
-1224
-973
-908
-1164
-1427
-1614
-1495
-1130
-1003
-983
-993
-890
-854
-1159
-1430
-1440
-1089
-604
-446
-907
-1513
-1726
-1493
-1010
-808
-903
-1193
-1061
-63
869
743
-404
-996
15
1628
2266
1660
969
902
1078
1167
1511
2241
2771
2485
1504
720
917
1900
2644
2433
1526
681
394
623
985
1141
1081
861
336
-388
-797
-467
255
478
-35
-728
-1019
-786
-463
-366
-273
-208
-287
-326
-426
-347
-8
261
456
435
355
365
391
519
520
546
716
843
917
671
326
258
418
664
639
415
167
-47
-132
-251
-309
-209
-224
-394
-636
-953
-1076
-982
-829
-664
-770
-1133
-1427
-1385
-1052
-873
-962
-1042
-1119
-1134
-1165
-1319
-1152
-875
-747
-691
-1008
-1337
-1408
-1247
-806
-609
-803
-1170
-1397
-1272
-1118
-1035
-894
-407
406
774
298
-588
-833
116
1514
2236
1894
1076
534
523
944
1662
2395
2637
2081
1085
504
827
1685
2284
2188
1582
898
440
345
627
1056
1257
973
373
-151
-331
-176
91
264
219
-32
-380
-625
-655
-456
-157
37
122
-7
-206
-430
-516
-102
486
869
616
-38
-344
-39
683
1014
729
290
44
24
86
210
358
486
441
133
-314
-535
-350
-30
52
-166
-502
-751
-703
-586
-510
-586
-780
-796
-762
-633
-711
-978
-925
-639
-366
-458
-816
-1028
-1025
-929
-751
-658
-751
-751
-800
-924
-913
-950
-872
-594
-602
-803
-793
-683
-687
-810
-831
-672
-467
-197
96
339
376
46
-222
-53
441
1087
1394
1112
707
482
597
1113
1568
1623
1397
1105
932
924
1020
1205
1408
1403
1065
645
496
659
891
879
608
367
265
234
211
104
-26
-46
37
149
136
-91
-322
-307
-47
240
290
37
-263
-316
-137
61
168
145
-11
-146
-132
-48
37
141
174
95
-27
-175
-254
-162
-11
43
-19
-161
-272
-295
-295
-300
-339
-436
-441
-322
-330
-513
-610
-462
-225
-157
-308
-517
-617
-548
-408
-350
-463
-625
-591
-442
-427
-556
-774
-874
-589
-160
-87
-492
-938
-946
-570
-191
-145
-413
-507
-321
-183
-109
-152
-274
-120
151
231
184
82
89
287
532
549
359
349
398
530
777
721
625
580
500
599
738
786
722
567
442
488
595
681
740
615
457
405
440
538
500
413
346
221
224
288
300
335
292
206
90
10
64
121
182
151
8
-54
-119
-44
67
-1
-37
-150
-182
-128
-121
-86
-222
-222
-91
-81
-75
-201
-306
-244
-161
-45
-30
-171
-210
-226
-281
-228
-195
-178
-140
-170
-277
-385
-366
-262
-189
-190
-291
-391
-451
-525
-469
-391
-392
-350
-388
-471
-506
-481
-416
-430
-438
-426
-382
-338
-356
-342
-380
-342
-212
-187
-148
-170
-167
-62
-35
45
83
72
180
200
180
165
187
384
504
447
359
240
221
354
500
587
551
429
367
385
459
500
546
565
434
358
311
264
354
419
431
377
230
124
112
209
291
295
233
149
154
131
129
189
138
93
64
-32
-42
6
13
33
-19
-62
-23
-63
-114
-125
-128
-55
-20
-92
-160
-202
-176
-86
-23
-23
-69
-109
-128
-186
-217
-192
-189
-161
-163
-167
-206
-246
-183
-203
-209
-208
-246
-221
-240
-283
-299
-321
-329
-281
-299
-367
-351
-343
-363
-358
-328
-317
-310
-341
-385
-388
-337
-228
-206
-181
-172
-206
-145
-102
-33
81
142
137
86
92
165
236
302
370
345
240
206
244
332
407
423
431
402
321
277
380
487
498
459
324
260
243
252
308
317
345
305
200
134
127
187
232
220
170
130
108
54
8
52
148
153
47
-85
-129
-59
-1
45
48
19
-16
-77
-73
-89
-50
62
65
-34
-161
-135
-25
-2
-39
-71
-104
-131
-113
-116
-122
-100
-128
-150
-126
-158
-208
-156
-124
-210
-281
-272
-229
-217
-247
-281
-294
-277
-270
-253
-283
-316
-315
-319
-266
-280
-305
-280
-283
-282
-301
-254
-171
-108
-72
-114
-175
-173
-98
7
72
65
14
-19
16
68
88
131
195
240
243
198
190
204
236
337
374
336
323
287
281
361
421
444
394
282
277
270
288
357
337
281
187
154
160
178
205
178
194
198
148
48
-33
-6
79
155
157
73
-49
-89
-67
-23
-27
-48
-43
-84
-95
-96
-78
-73
-45
31
-11
-49
-73
-74
-27
-56
-67
-47
-84
-107
-114
-135
-92
-86
-109
-118
-161
-172
-179
-164
-118
-128
-205
-221
-240
-302
-276
-246
-167
-182
-293
-308
-322
-289
-233
-221
-226
-210
-210
-255
-283
-246
-156
-145
-73
-18
-80
-104
-139
-90
34
126
151
86
53
37
6
84
211
240
221
167
84
105
218
314
333
293
251
205
211
276
320
342
365
340
264
266
254
224
266
273
248
194
165
139
123
170
192
224
153
-6
-31
7
49
104
143
103
1
-76
-99
-43
2
41
33
-54
-75
-112
-89
-26
-26
-8
-28
-102
-150
-121
-90
-37
0
-50
-122
-169
-126
-114
-101
-68
-109
-121
-150
-173
-189
-217
-179
-173
-160
-183
-220
-225
-284
-254
-234
-218
-211
-252
-227
-229
-200
-215
-247
-251
-223
-136
-111
-108
-153
-168
-111
-44
-23
-14
-41
-93
4
48
84
119
100
76
10
54
128
198
183
145
152
152
228
221
213
248
215
204
214
229
277
305
312
323
268
267
236
150
182
219
238
233
191
110
73
116
107
119
112
76
76
50
68
83
47
39
39
5
-25
-38
-42
7
30
3
-7
-79
-102
-59
-90
-58
-46
-72
-20
-40
-59
-72
-94
-47
-25
-45
-88
-152
-184
-139
-133
-145
-113
-152
-156
-146
-185
-194
-222
-237
-244
-203
-151
-198
-229
-280
-317
-225
-149
-94
-82
-154
-230
-255
-197
-111
-72
-70
-100
-126
-107
-62
2
31
-15
-48
-61
-18
94
138
98
97
97
94
134
139
185
239
229
175
145
168
170
217
210
220
293
251
191
156
185
251
252
230
186
181
206
169
128
194
256
217
218
167
51
78
101
89
71
8
15
15
36
77
23
15
-14
-91
-77
-62
-69
-57
-59
-88
-104
-83
-97
-87
-85
-120
-76
-70
-85
-63
-68
-43
-50
-71
-76
-151
-174
-133
-127
-81
-98
-142
-101
-130
-146
-124
-127
-119
-175
-222
-239
-242
-207
-175
-142
-141
-184
-204
-164
-148
-173
-193
-190
-171
-158
-139
-99
-53
-47
-84
-89
-36
14
25
17
11
41
92
118
119
132
154
162
171
165
129
110
146
182
209
236
219
202
181
183
194
174
161
139
219
282
225
172
106
132
198
163
175
175
102
130
139
103
122
119
101
26
-22
3
41
103
56
-3
12
9
6
-34
-88
-79
-35
6
14
-18
-61
-85
-62
-31
-69
-58
-29
-100
-86
-57
-76
-58
-121
-128
-92
-110
-76
-82
-105
-76
-81
-140
-193
-153
-92
-104
-110
-143
-191
-147
-145
-155
-131
-179
-177
-145
-163
-129
-118
-151
-168
-186
-139
-97
-118
-105
-106
-61
24
-11
-24
31
20
0
2
40
86
94
82
18
31
134
132
121
174
157
148
143
132
157
134
157
155
101
154
194
182
142
106
127
158
157
141
128
110
119
154
158
146
131
111
96
77
71
115
157
118
24
-26
16
75
67
15
-7
21
39
24
6
-9
-20
-37
-65
-76
-47
-25
-55
-107
-112
-71
-70
-75
-106
-131
-92
-71
-49
-64
-91
-92
-125
-134
-153
-116
-42
-95
-128
-136
-134
-82
-116
-145
-142
-154
-168
-192
-147
-91
-110
-119
-128
-141
-96
-79
-102
-112
-115
-35
31
-6
-40
-66
-57
29
75
59
36
28
37
22
36
103
145
119
29
-1
54
77
114
120
73
103
107
83
130
109
139
234
188
153
147
119
168
161
129
176
171
175
172
105
120
112
125
163
85
69
63
63
118
83
21
-23
-7
32
14
22
1
-34
-6
0
-18
-69
-64
-11
-32
-2
12
-25
-59
-93
-59
-81
-116
-88
-68
-47
-73
-69
-26
-43
-76
-70
-79
-107
-96
-116
-118
-81
-99
-89
-155
-216
-159
-157
-115
-78
-94
-105
-161
-166
-134
-150
-153
-124
-140
-116
-70
-84
-52
-37
-47
-29
-74
-79
1
50
65
52
-25
-57
28
64
56
36
29
83
76
96
112
93
129
110
95
86
86
130
133
113
104
131
152
166
176
119
135
154
164
227
171
128
120
92
136
142
92
84
103
116
94
58
63
70
80
105
63
19
52
47
-1
-33
-45
-45
-52
-63
-30
-13
-72
-64
-86
-105
-46
-71
-64
-73
-102
-93
-117
-114
-70
-73
-95
-73
-123
-108
-60
-60
-41
-112
-105
-115
-147
-81
-93
-75
-66
-118
-117
-140
-114
-26
-68
-93
-118
-158
-103
-140
-121
-61
-50
-9
-64
-85
-59
-29
21
5
-30
-21
21
59
38
-20
6
43
56
51
28
51
26
50
105
97
151
151
70
67
71
61
95
148
156
114
113
122
114
176
196
149
130
93
100
157
167
164
126
101
119
84
70
72
48
74
56
19
48
13
7
34
-19
17
41
6
14
-10
-27
-23
-25
-9
17
-11
-33
-46
-106
-103
-50
-27
-32
-37
-55
-42
-34
-83
-80
-87
-68
-52
-56
-62
-141
-141
-87
-76
-33
-14
-43
-81
-118
-135
-105
-87
-77
-60
-58
-58
-74
-106
-107
-95
-90
-62
-97
-115
-29
-38
-81
-110
-113
-44
-43
-60
-64
-76
-63
-35
50
71
46
36
-38
-14
53
106
153
88
87
71
63
106
62
145
173
141
136
71
72
94
182
161
89
84
32
60
137
186
190
139
42
34
84
106
156
124
79
43
34
78
59
57
51
49
102
67
-10
-77
-132
-51
92
142
59
-102
-170
-102
31
45
-12
-49
-118
-84
-51
-49
-54
-85
-63
-110
-110
-72
-85
-94
-128
-84
-56
-101
-103
-104
-77
-65
-95
-88
-87
-76
-48
-50
-59
-66
-79
-85
-67
-72
-55
-3
-22
-24
-38
-92
-78
-49
-47
-61
-26
8
21
13
-79
-74
-44
-20
72
36
-10
-6
-45
7
27
44
133
75
83
135
117
191
125
15
24
57
189
187
75
84
66
110
186
129
139
138
101
140
131
155
145
69
84
103
102
65
13
5
-2
23
44
30
41
44
13
3
-32
-59
6
7
-13
-5
-60
-8
-13
-46
9
-46
-28
-20
-108
-66
-53
-62
-76
-111
-71
-67
-50
-52
-115
-124
-113
-77
-53
-32
-19
-87
-105
-82
-83
-24
-4
-45
-34
-44
-55
-34
-50
-41
-73
-88
-15
-15
-6
-13
-24
-20
-97
-107
-107
-68
7
-7
-8
-22
-27
-7
-28
-31
-32
-41
28
65
37
15
-27
-7
41
53
74
60
81
115
40
1
40
86
153
146
95
60
10
53
112
94
132
100
26
59
89
134
144
91
95
111
90
64
41
23
72
87
74
87
21
-30
-59
-44
60
94
57
-34
-46
27
7
19
-2
-57
8
-32
-74
-32
-46
-26
-67
-91
-45
-82
-60
-82
-118
-15
-2
-33
-78
-157
-126
-105
-91
-32
-69
-90
-77
-103
-93
-62
-59
-46
-28
-78
-115
-131
-110
-10
35
29
-41
-104
-93
-90
-29
15
6
-12
-44
-48
-33
1
45
76
51
-14
-40
-6
58
51
11
20
49
94
93
70
18
38
93
71
122
77
15
63
78
141
134
91
79
56
124
100
47
60
23
60
80
81
120
83
52
53
80
114
113
85
-12
-39
-5
-29
11
48
20
34
9
-73
-55
32
23
-9
-28
-76
-46
-3
13
-15
-46
-10
-21
-28
-31
-63
-81
-86
-49
-63
-89
-79
-69
-63
-65
-51
-49
-68
-80
-67
-51
-60
-77
-72
-34
-25
-46
-38
-33
-18
-18
-33
-57
-84
-44
-39
-19
18
-17
-42
-43
-4
-6
-16
16
-41
-33
20
-18
-17
-18
-17
22
-1
12
27
33
62
26
12
13
24
49
33
60
88
91
100
94
77
68
46
5
36
77
57
66
48
59
92
96
127
77
43
70
40
68
94
91
81
6
-16
6
64
87
10
4
40
13
-18
1
11
-23
-25
-15
-24
-14
11
7
-41
-70
-57
-29
-14
-23
-38
-55
-86
-93
-62
-27
-19
-69
-95
-48
-35
-53
-52
-73
-106
-109
-73
-19
-36
-79
-52
-17
-29
-44
-36
-28
-53
-78
-55
-1
37
13
-57
-77
-27
7
-36
-80
-51
5
33
29
9
12
12
-17
-25
-9
18
46
24
-6
3
9
-3
-3
24
64
57
34
34
51
82
77
59
54
43
66
108
85
77
115
117
112
42
5
34
48
84
73
92
92
1
9
45
62
74
17
3
24
62
81
27
25
18
-20
-16
-23
-20
-19
5
23
-18
-39
-62
-15
38
15
-13
-75
-54
-13
-28
-11
-65
-69
-29
-42
-4
-20
-40
-46
-103
-73
-56
-99
-92
-93
-60
-7
-46
-53
-60
-83
-71
-75
-22
-10
-8
-15
-33
11
-11
-26
-48
-62
-41
-19
33
-10
-32
-11
0
41
-10
-21
-14
-51
-23
-23
-4
40
48
39
15
1
-46
-47
-22
16
62
72
49
42
77
31
-1
11
71
109
70
107
77
62
92
8
10
33
32
101
96
87
91
59
60
32
3
32
76
79
22
9
48
41
46
25
-10
22
49
96
90
43
10
-63
-27
8
-29
-7
-13
-26
-8
-23
-17
0
-54
-79
-59
-53
-34
-55
-92
-74
-73
-92
-77
-64
-84
-78
-50
-37
-23
-11
-14
-103
-131
-42
-37
-8
15
-26
-28
-56
-61
-79
-110
-57
-31
-15
16
0
2
-9
-33
-23
-5
30
48
49
-26
-60
-16
-58
-10
71
72
54
-7
-19
-3
5
5
20
64
61
48
61
57
28
43
72
79
89
80
59
63
67
53
51
40
81
83
1
32
79
58
28
38
63
58
33
5
35
80
102
77
16
-8
-1
24
68
106
21
-64
-65
-41
49
54
-35
-86
-93
-38
17
9
-31
-68
-63
-12
29
34
-28
-97
-86
-63
-39
-11
-23
-11
-40
-86
-60
-60
-30
-21
-76
-86
-73
-54
-32
-43
-54
-54
-73
-42
2
-10
-29
-60
-40
-2
-36
-12
-1
-23
26
17
-10
-15
-52
-36
-23
-12
18
-7
-8
12
-2
18
33
-3
-24
-13
22
46
29
6
15
72
90
56
42
43
64
52
24
5
-19
38
90
71
52
31
35
74
55
23
34
11
25
62
83
72
45
46
38
98
104
38
17
1
24
39
38
21
-3
4
18
17
6
-12
-21
-2
-2
27
14
-16
3
-34
-15
-6
-3
5
-76
-84
-61
-61
-62
-96
-68
-9
-12
-31
-76
-92
-50
-41
-33
-41
-55
-43
-39
-36
-52
-53
-24
-18
-44
-66
-34
34
52
-10
-31
-26
-19
4
-11
5
-11
-73
-58
-41
-2
35
-13
-24
-3
5
19
-8
-25
-41
-31
36
54
45
26
24
19
68
121
33
0
23
48
78
42
29
31
53
67
27
27
58
53
37
28
12
1
42
89
57
56
57
14
35
35
23
36
37
42
53
73
66
17
-12
12
13
11
26
-6
-17
15
16
1
-3
-8
-35
-57
-39
-33
-37
-31
-47
-35
-24
-58
-34
-29
-80
-59
-47
-86
-77
-63
-63
-37
-40
-69
-62
-34
-7
12
8
-38
-71
-49
11
49
19
-45
-64
-29
-10
1
16
12
-9
-28
-31
-6
3
-34
-7
-10
-21
47
38
3
-12
15
50
68
82
26
24
51
17
-28
-43
6
61
82
59
7
-1
57
70
12
-9
-3
-7
15
39
63
78
49
21
49
61
42
29
-7
21
39
39
75
54
66
56
32
18
-1
15
34
71
54
12
-13
-26
-23
-26
-30
-40
2
-3
-24
8
-16
-14
-34
-65
-43
-69
-45
-6
-40
-54
-77
-71
-13
-20
-46
-9
-14
-73
-75
-75
-62
-22
-38
-24
3
-3
-12
-46
-47
10
40
9
4
-2
-13
-13
-35
-3
-11
-17
28
2
9
18
7
17
-1
29
34
6
-4
-38
-8
32
27
16
-3
31
41
3
15
37
58
37
-31
-31
-10
34
96
36
-1
12
-46
-27
32
32
37
5
1
51
50
51
40
23
52
44
18
-12
-62
-16
53
69
85
41
9
12
-4
2
6
39
80
6
-61
-39
-55
7
27
-67
0
29
13
27
-35
-3
21
-19
-26
-47
-53
-46
-45
-20
5
-7
-25
-28
-31
-46
-49
-38
-20
-29
-54
-32
-33
-3
64
36
-35
-71
-65
-22
21
15
1
-2
-14
-7
5
6
-5
31
47
5
-15
-46
-36
4
9
-23
-34
-22
19
71
17
-16
12
19
11
-16
0
37
51
21
-12
-3
12
39
39
30
32
20
24
-3
-2
34
22
57
58
19
30
-4
3
48
35
46
68
42
-2
-23
-8
-19
-5
59
51
23
38
27
-14
-31
-44
-52
17
79
51
-12
-27
-5
-22
-23
20
40
48
29
-45
-36
3
-23
-35
-62
-32
10
2
-9
-20
8
-13
-23
-14
-40
-19
-10
-32
-30
-24
-30
-16
4
-14
-1
-1
-19
-16
-12
25
12
-9
-53
-87
-21
-38
-39
-9
9
44
7
1
-2
-36
-24
16
19
42
30
-36
-23
-4
33
12
-17
12
-31
-4
20
-1
32
16
30
20
-17
2
-21
7
64
66
34
-23
-10
6
-1
31
39
10
0
21
37
48
51
25
-16
-15
22
30
14
11
-11
-11
45
63
29
3
-27
-21
26
26
12
23
22
14
33
27
-19
-17
1
-2
9
1
8
-23
-65
-8
-22
-40
4
-12
-29
-19
5
-8
-44
-44
-16
-14
-26
3
15
20
12
-35
-26
-22
-32
1
-22
-33
5
1
11
-17
-60
-46
-48
-26
-2
19
47
8
-20
-36
-66
-24
20
51
52
-31
-52
-13
0
21
-12
-14
32
4
-11
0
1
29
33
9
18
14
5
36
49
16
-13
8
41
32
16
3
11
52
40
23
37
13
-13
-21
-15
38
73
50
51
44
13
-10
-10
-9
-3
62
48
8
17
1
19
-4
-33
9
51
58
-10
-29
-11
3
19
-25
-25
6
15
33
-9
-21
2
-9
-13
1
-14
-53
-41
-11
4
24
25
3
-56
-59
-11
-20
-18
-6
-18
6
50
5
-45
-26
-52
-15
-2
-35
23
14
-20
-33
-43
-14
-6
17
44
20
-5
-32
-62
-11
42
26
-7
-47
-43
-16
-20
1
40
27
-4
-2
7
-4
-10
-2
-4
-4
18
33
28
20
1
-4
32
61
29
-10
-6
9
16
2
15
9
6
36
16
23
46
48
42
16
41
19
-27
-4
7
26
18
10
8
-45
4
55
28
29
-42
-70
-20
-30
13
30
8
45
8
4
5
-43
-37
-38
12
32
22
42
-15
-7
-11
-30
19
-28
1
13
-62
-27
-50
-46
-18
-49
-3
21
25
24
-25
-12
-8
-42
-16
-31
-15
16
-56
-18
29
10
40
-5
-61
-20
1
-8
16
-3
-16
-12
-45
-3
22
8
33
-1
3
-3
-15
59
80
55
7
5
26
11
18
2
-3
25
44
34
18
17
-31
-42
17
65
65
16
-27
11
58
32
9
-3
-12
6
7
31
45
5
10
37
24
16
30
-12
-28
21
38
31
-33
-33
-18
-22
37
12
-11
-11
-54
-40
7
2
0
11
-20
-29
-11
-9
1
-10
-5
30
9
-28
-31
-44
-25
2
8
9
-24
-24
-17
-53
-20
17
4
24
-21
-70
-20
8
0
-4
-29
2
37
15
1
-20
15
20
-29
-36
-11
67
56
5
-32
-59
-18
17
41
20
9
-9
-5
45
39
30
-2
-14
1
17
32
-7
-13
10
29
37
22
15
-14
-7
30
15
32
33
1
-5
-9
25
5
-27
21
6
-20
16
35
5
-20
-3
-21
-23
32
-2
-48
-7
1
6
33
-15
-41
-10
15
57
42
6
10
-9
21
54
5
-13
-3
7
42
17
-62
-47
3
27
22
-19
-3
20
1
-5
-34
-54
-26
-25
-18
14
4
12
15
-18
-4
-13
-8
13
-65
-54
9
0
5
8
-17
-29
-6
-29
-3
35
8
14
-12
-9
14
3
-18
-17
4
-1
-6
-22
-1
1
2
15
-24
-6
22
14
14
-8
-13
17
29
17
22
12
22
53
24
7
13
-10
8
11
-6
28
34
19
0
-11
2
18
45
8
-11
-19
-49
10
25
27
41
-22
-27
7
8
20
-3
-7
7
-25
-13
10
1
1
-2
-22
-30
24
32
-3
8
13
-3
-10
17
-2
-23
4
-8
-4
11
21
5
-42
-28
-2
-5
19
52
21
-29
-10
6
0
9
-2
-45
-51
20
28
9
22
1
-9
-17
-29
-11
5
-16
-24
-6
18
26
-41
-46
-13
-5
34
23
5
27
40
12
-8
-25
-55
-14
17
19
35
-3
20
19
-20
40
-8
-39
23
14
58
42
-21
3
-17
27
59
-3
11
-16
-11
53
37
55
21
-38
-8
-14
-11
-5
-7
2
-18
5
31
5
-2
-1
-10
-4
40
56
-13
-46
-49
-3
16
0
14
30
29
-8
3
-19
-35
14
10
0
11
-15
-1
12
16
-4
-37
7
28
24
28
-39
-75
-51
-22
44
34
12
-3
-64
-51
3
24
6
-10
-56
-57
-21
11
17
15
2
-23
-10
-25
-30
-16
-20
24
40
10
2
-2
-7
6
-28
-18
17
26
13
13
25
13
-7
-10
-9
-1
13
13
9
43
60
40
9
-29
-41
-23
-1
23
25
5
9
14
-10
-10
-4
-14
10
39
41
26
-9
-18
7
20
17
-7
-5
27
-8
-19
30
24
5
-19
-28
20
39
29
34
3
-20
-30
-2
54
-11
-6
21
-54
24
45
-8
27
-13
-23
0
-31
-2
33
18
-4
-47
-41
-14
-4
-2
-13
21
-2
-14
13
-15
-4
10
5
-7
-27
-2
17
2
-4
22
43
21
-40
-64
-44
-33
15
61
33
14
10
-34
-2
38
-3
6
21
-2
23
20
0
14
-3
-9
5
5
22
10
12
40
30
29
28
-2
2
23
7
6
0
-19
44
42
11
65
19
-15
14
12
40
-1
-33
-3
14
73
48
-5
-7
-9
43
71
75
2
-50
9
-14
-9
-28
-62
18
37
45
10
-49
-29
-49
-41
13
-18
-13
26
-14
-32
-40
-43
0
40
54
26
-32
-18
25
-1
23
-23
-112
-58
-56
-26
22
0
40
5
-42
-28
-17
11
14
32
3
-49
-50
-81
-34
24
2
-16
-9
-1
-9
-46
-92
-59
21
58
21
-42
-44
-26
-8
-10
-7
-8
-23
0
17
37
33
-14
-9
0
24
12
-39
-13
-16
6
1
-46
4
-2
-5
31
-18
-47
-43
-34
-22
-28
-24
-24
-5
9
-4
-2
0
0
6
11
6
-2
-8
-8
-6
-3
3
3
1
-12
-40
-48
-12
40
68
76
33
15
-7
6
22
-2
-27
-104
-142
-329
-354
-281
125
563
433
90
-258
-29
294
644
35
-601
-914
-364
1055
692
622
-628
-331
-311
-920
1129
778
5202
7918
3159
-4053
-12082
-9531
1179
10823
13242
5704
-6524
-12792
-5668
5263
8218
2308
-2780
-424
4141
4142
-1784
-8564
-8370
13
7454
6747
-35
-5472
-4371
475
1723
-2914
-6309
-3418
1000
1743
-571
-2119
-710
1060
977
-121
-1427
-1459
503
2278
2555
1855
869
413
312
392
663
1365
2153
1442
-376
-463
1569
1606
-84
-1450
-2807
-1772
-387
-168
616
189
-808
-1924
-2704
-1832
-698
847
1329
122
-656
-547
848
1639
833
54
-39
480
991
1490
2016
1866
623
-657
-801
-36
729
764
231
-434
-829
-769
-462
-206
-276
-770
-1398
-1529
-856
231
864
511
-450
-1166
-1120
-428
454
1036
1045
582
69
-35
350
788
831
494
44
-264
-162
346
761
661
182
-351
-689
-585
-68
396
405
16
-400
-512
-330
-143
-103
-118
-180
-339
-397
-82
452
700
399
-151
-436
-254
191
552
606
386
146
113
234
302
232
104
-41
-221
-335
-219
91
325
272
-47
-400
-579
-509
-266
6
127
-2
-174
-250
-231
-109
109
250
172
72
-7
15
204
363
359
92
-137
-11
232
239
18
-167
-130
70
159
68
-80
-185
-268
-344
-343
-200
-26
86
159
0
-173
-194
-188
-73
53
188
218
176
118
-5
82
196
175
67
-68
30
191
231
173
50
-59
-170
-208
-279
-336
-162
79
211
113
-171
-409
-348
-105
-77
-165
-235
-125
208
317
145
-203
-451
-206
198
434
335
7
-36
62
130
157
120
136
76
72
106
98
148
139
43
-170
-266
-65
259
336
-92
-459
-432
-145
167
100
-109
-235
-129
59
53
-36
-295
-233
119
355
400
83
-150
-203
5
237
232
187
167
173
74
-46
-165
9
218
218
-36
-218
-135
50
126
-55
-211
-240
11
232
114
-191
-407
-238
52
187
93
-31
-69
13
1
-43
-105
-26
83
82
96
89
89
2
-37
26
42
69
87
147
77
-43
-88
-38
82
112
159
120
-4
-122
-190
-5
151
139
17
-110
-36
8
-16
-126
-268
-218
-58
176
187
9
-214
-222
-61
-46
-2
-50
1
39
103
61
-4
-51
-140
-97
19
187
245
190
73
-71
-149
-29
71
73
32
27
23
-26
-123
-129
9
135
162
58
-107
-150
-84
-57
-55
-3
1
10
3
-28
14
-14
-34
-7
22
53
14
-6
2
38
-1
-101
-85
-53
-10
91
103
39
-42
-52
65
50
-7
-75
-186
-88
41
132
122
18
-72
-155
-23
100
112
47
-112
-113
-57
26
118
43
-41
-65
-62
12
91
93
73
31
-90
-105
-44
10
73
114
145
-3
-128
-115
5
90
79
93
85
78
-21
-93
-153
-24
109
136
36
-79
-68
43
76
-9
-151
-97
74
170
100
-83
-191
-77
108
106
-60
-176
-97
93
206
154
-42
-187
-87
83
96
12
-121
-104
70
148
95
-51
-100
-69
-51
7
28
52
117
118
1
-138
-209
-173
-8
107
109
79
73
82
-33
-93
-76
-107
-18
63
125
113
57
11
-76
-152
-204
-100
49
171
120
33
-42
-16
-40
-75
-105
-30
87
122
26
-99
-92
57
216
176
-2
-133
-111
5
85
164
113
22
-98
-148
-157
-14
94
147
63
-90
-106
-33
3
25
-15
-48
-18
66
113
103
-41
-116
-1
54
58
-38
-54
38
50
33
-39
-38
-56
-26
50
79
65
-33
-62
-102
-86
-58
-22
45
39
10
-103
-147
-107
-39
72
149
65
-78
-127
-152
-54
31
112
156
100
76
-38
-51
-5
-3
55
121
179
149
52
-58
-68
-5
28
62
57
17
-5
15
4
-69
-133
-143
-82
20
70
-18
-159
-182
-63
65
83
6
-82
-86
-16
20
-5
-2
36
76
120
77
-46
-49
30
-25
-44
178
303
120
-29
-42
-107
-56
121
102
-66
-94
0
17
-12
-21
-3
6
-17
-13
25
41
-149
-105
56
-81
-11
94
80
5
-7
38
-15
-18
-54
-20
91
92
-72
-46
-152
-44
84
101
468
-835
-233
585
-403
389
310
34
-210
-112
-270
181
205
-37
-104
-351
-130
13
483
253
148
30
-302
-242
-197
91
252
-21
180
-26
-41
-30
68
82
-10
3
-64
-1
-154
-58
104
117
47
-86
79
-6
30
182
66
-103
-116
19
-20
-50
85
160
144
27
-121
-133
-86
-53
22
109
42
-109
-92
-108
-78
96
121
51
-56
-104
-28
-6
-30
-10
28
34
33
13
27
64
36
24
22
-4
1
31
10
-48
-65
-3
46
0
-48
-72
-15
32
23
-14
-70
-31
-4
57
45
-12
-19
-24
59
22
-26
-27
-11
40
77
96
6
-31
-66
-61
13
22
32
6
8
7
11
13
-45
-71
-48
1
78
85
-39
-126
-97
-19
55
57
0
-50
-64
-29
78
67
-5
-16
-46
20
50
17
19
-11
-2
33
30
-1
-22
-13
51
72
-7
-43
-62
-37
52
29
-21
-45
-44
15
50
44
-28
-43
74
109
56
-12
-56
-53
10
103
79
24
-5
-27
28
46
28
6
-40
-35
-1
20
24
1
-40
-31
2
-14
-24
-10
16
23
-3
-24
-49
-39
18
45
23
24
16
-32
-17
-14
-28
4
-2
35
35
-39
-65
-47
17
38
6
-6
-38
-30
56
24
-4
20
-9
32
29
3
-54
-74
15
59
82
31
-36
-73
-33
54
79
56
-31
-17
9
-3
8
-13
-15
-7
24
32
3
-15
-43
-45
-30
-29
12
50
25
29
24
-3
-1
-38
-23
5
-18
25
42
37
19
-15
30
15
1
32
20
-10
-19
7
10
27
16
-27
-33
-12
11
18
15
7
-4
-37
-26
-48
-62
-9
13
53
15
-12
1
-14
-28
-59
-10
48
93
42
-71
-89
-45
57
59
-3
-2
6
32
42
-16
-27
-24
-31
37
0
-60
-14
5
15
15
18
-2
-20
-11
13
19
-15
-13
-16
-17
18
24
8
23
20
-11
25
27
-1
-6
-4
21
18
5
1
-1
9
16
-8
-18
7
13
20
19
-23
-62
-35
-11
-3
20
-3
5
-2
-21
-19
9
51
31
22
-19
-40
-5
26
28
20
32
-30
-26
8
22
52
9
-8
-8
-10
8
16
17
-5
-13
-15
-20
-21
-11
9
19
28
15
-10
-36
-36
11
21
10
-33
-33
9
-6
29
10
-37
-3
27
73
19
-47
1
29
46
33
-13
-5
-2
3
42
26
-19
-18
8
7
-14
1
19
-5
-20
-30
-21
15
8
-5
-8
-26
-26
-24
0
33
-13
-16
18
-7
27
26
5
47
21
7
-7
-27
14
40
40
14
-20
-42
-34
22
41
-3
-15
-10
3
18
-22
-32
-4
5
28
38
6
-29
-23
28
48
14
4
8
26
30
-9
-29
-40
2
57
9
-41
-31
-4
30
49
9
-33
-43
-32
15
1
-6
26
-19
7
21
-23
19
23
15
22
15
14
-5
0
21
21
-22
22
24
-5
11
-49
-21
24
62
8
-38
-58
-25
20
83
7
-19
-41
-66
29
-19
36
18
-11
-34
-14
-19
-10
6
-1
45
-8
-1
-31
-29
-18
-8
5
23
-2
0
3
-25
-10
18
-16
14
28
48
32
-24
-34
-16
8
8
24
-8
-34
34
34
-29
-38
-51
-42
27
33
24
-8
-26
17
-7
-13
-14
-4
33
13
9
-3
-21
11
32
-4
9
45
26
29
0
-41
-19
-7
15
41
16
-13
-37
-51
-23
30
14
2
3
-1
27
5
0
-21
-28
28
40
36
-2
-18
17
35
35
12
-4
-2
-6
-15
-15
-13
-6
3
0
-21
-41
-29
-18
-15
3
-25
-35
10
12
4
17
2
-12
15
21
33
14
-15
7
20
12
38
5
-16
18
-32
71
2
-21
-28
127
139
21
-34
-14
3
-113
59
-50
-44
-111
24
5
4
9
8
64
43
61
38
64
55
76
31
59
55
68
39
27
-2
-16
-19
1
8
6
-18
-35
-51
-52
-54
-50
-73
-81
-59
-34
14
2
-38
-68
-70
-10
-23
-4
16
14
34
22
40
20
-1
8
1
1
19
58
62
2
-49
-27
5
4
-29
-29
15
-6
-26
-15
-10
-11
-7
9
26
39
32
5
6
15
21
39
35
13
4
-13
-18
4
14
12
7
-18
-23
-8
-4
24
28
-4
-12
-26
-6
39
27
-14
-24
-11
5
27
29
4
-26
-16
2
-5
-18
-24
-27
-31
-12
0
-12
-12
-1
-4
-11
11
-3
-27
-1
-2
11
33
5
1
2
-3
20
22
31
24
-4
1
-23
-2
48
13
8
13
-17
3
14
6
35
13
-17
-10
-10
18
4
-4
11
-5
33
33
-4
-12
-10
31
51
11
-37
-36
-12
9
21
-7
-19
3
-15
-17
-15
-35
0
4
3
27
-6
-18
-15
-24
1
28
51
49
4
-32
-34
-10
29
21
17
10
-11
24
16
3
-15
-2
38
25
2
12
0
4
16
-5
14
11
21
27
-7
-4
5
-12
-1
12
-5
-17
-14
-27
-4
-2
-15
6
-7
8
13
-21
-2
11
-2
9
8
7
17
-14
-19
6
-15
-12
4
5
9
1
-14
-15
-11
0
6
20
28
0
-3
-18
5
14
29
26
-10
9
-5
8
26
7
8
-15
-7
21
6
10
4
-36
-25
-12
10
21
5
-4
4
-8
-12
-5
2
6
4
6
-1
-16
-1
12
13
-5
-24
3
-1
11
0
-20
-10
0
24
3
-24
-26
-23
30
16
-2
-10
-37
-1
14
19
16
-12
2
12
16
25
13
1
3
16
14
1
10
21
14
8
0
-21
-20
1
4
0
7
0
-12
0
2
-8
2
9
3
-6
3
14
10
0
-4
1
-1
-4
9
3
-8
2
-18
31
31
-27
-12
-33
0
4
9
9
-37
-3
-2
-16
10
11
-5
-2
-24
-24
3
24
15
-3
-15
-10
-10
3
19
31
