4
3
0
-5
5
8
5
6
-1
-2
3
-3
2
3
3
7
4
10
14
6
-4
0
-2
3
10
1
7
7
4
1
-2
-2
6
10
8
7
5
4
5
5
12
13
5
2
-6
1
8
-5
0
9
2
11
5
-10
7
5
4
14
-12
-24
7
27
10
8
-14
3
-3
-19
35
22
-31
34
-17
-43
20
-2
28
28
16
-42
12
-15
58
-33
24
2
-35
4
-6
-11
37
24
-44
2
-17
6
66
-39
6
2
-51
13
36
-5
13
-11
-27
36
-5
11
-11
-61
41
46
-20
-27
-28
-12
45
23
-32
-23
-21
23
29
-18
5
-19
-40
22
19
4
31
-6
-17
6
-16
-11
15
-2
-20
12
19
-31
-15
22
13
21
2
-26
-7
0
2
33
12
-29
9
1
-16
37
-20
-28
14
-27
15
34
18
-8
-29
-1
-42
-8
56
8
17
19
-72
-18
36
-41
23
29
5
47
-53
-39
26
-25
27
19
-15
52
-19
-39
23
-11
50
45
-44
-7
-16
-4
38
-34
-19
29
25
-1
24
-9
-43
30
0
7
5
19
19
-7
-10
30
-1
2
-40
11
57
-1
5
2
-30
33
24
11
-15
9
-54
27
38
-4
43
-15
-19
-25
30
16
6
-27
-6
33
6
26
34
-42
-21
25
-2
-7
0
-10
35
17
-6
19
-27
20
-24
-10
22
44
25
-28
-32
5
-7
-1
12
5
14
19
-28
23
34
-22
5
-9
-4
19
0
-22
13
20
-21
31
1
-50
-2
19
-7
29
6
-76
19
33
-5
1
18
13
-28
20
-31
-34
30
34
-3
-20
-11
-13
53
43
-46
-9
-8
10
28
-32
-7
-11
34
-37
44
-52
-23
17
8
60
-19
20
-39
-41
-6
44
5
-14
51
-46
13
-56
8
11
-14
29
12
22
-52
-7
-17
67
-9
-16
-15
7
23
-18
4
-32
32
40
-61
9
12
-28
-25
1
49
37
6
17
-38
-22
46
-24
-21
16
-16
33
6
-41
21
18
10
22
-23
-39
-11
51
53
-8
14
-18
-85
38
38
-24
27
-36
-15
27
-6
37
23
-25
-44
-23
29
23
3
17
-33
-24
34
20
-13
8
-1
6
13
-9
-26
11
21
-29
44
-46
41
2
5
-6
-19
-6
56
-5
-55
4
40
-3
24
21
-28
-17
21
21
12
-14
6
31
-1
10
28
2
30
-9
-29
-22
4
-1
35
41
-22
-2
-29
36
-14
42
-55
-18
28
9
6
14
22
4
32
-71
34
9
-18
23
35
-23
-30
14
-6
38
57
-49
-12
53
-14
-33
-2
4
39
-8
-10
43
-40
-21
48
-30
23
54
-12
32
-10
-31
26
22
4
-48
12
14
-46
10
36
41
12
-28
-58
-10
47
31
-6
-45
1
-9
14
40
0
17
-27
13
-10
-91
44
30
-4
25
-42
30
39
-4
-15
22
-2
-68
-12
4
66
54
-49
-90
-28
-20
76
70
4
-64
-27
-9
-16
-36
-9
43
32
63
-25
-8
-23
6
41
-44
-17
-26
17
75
-5
-56
0
-44
6
83
34
-36
-89
5
-1
41
2
-14
27
-67
43
82
-89
-34
-10
-27
80
82
-48
-77
33
-77
78
57
-54
1
-21
78
-4
18
-92
-42
77
-30
65
86
-41
-48
22
22
2
33
-53
-31
19
-2
71
-25
-39
-16
33
40
26
-27
-41
-16
-40
62
47
-46
-34
59
15
-23
116
70
-55
-34
-47
25
12
-11
-17
-19
21
28
67
8
-43
0
20
-15
-27
-2
-3
13
-22
17
41
-12
29
35
6
2
-27
-31
20
19
-14
33
10
-9
36
-29
-30
0
-12
6
31
13
-26
49
-7
-63
34
14
8
-6
-36
-5
-7
21
71
-2
-31
2
-27
29
13
-36
46
5
18
31
-53
17
-14
-58
29
15
10
-2
-35
28
1
-18
31
-9
-39
22
16
-42
67
-7
6
-5
-57
29
32
-36
23
8
-45
13
-69
24
17
-59
120
51
-132
-16
1
6
44
-22
-15
26
6
16
-49
-32
51
-10
41
-22
-44
4
-3
-12
32
-14
-36
-11
70
30
-46
-12
-12
-9
-19
-15
38
27
-10
16
38
-62
-8
54
8
0
8
19
-45
15
1
22
44
-65
-18
-27
30
79
27
-98
-40
-4
65
102
-47
-44
-24
17
35
4
-16
3
32
-12
8
15
-3
-11
-5
-17
54
-14
-15
48
9
-8
29
20
-59
-35
52
15
-38
14
3
-43
54
47
-5
-11
-25
-49
-20
54
25
45
-20
-10
81
-55
-4
15
-82
83
64
-89
-32
-35
31
115
-37
-52
-28
-82
65
61
-18
37
-22
25
46
-65
-20
42
12
-14
-10
-17
48
44
-42
-7
1
-15
54
31
-90
-45
19
39
42
-44
-2
-10
-19
92
-39
-51
96
35
-9
-28
-64
-51
19
33
32
52
-17
-31
11
5
24
-13
-23
5
-12
36
-11
34
-110
38
40
-19
72
-2
-3
-28
-46
-71
83
47
-22
10
-25
-23
75
30
-54
-12
3
-33
-22
40
59
-16
3
44
-96
-50
157
35
48
-133
-98
12
50
36
51
-14
-21
62
9
-90
-19
30
-2
65
62
-30
-9
-20
-6
19
27
-16
-19
-10
-7
86
21
-38
-18
-50
-5
48
-25
-6
66
-36
27
-18
-42
68
-84
36
101
-84
-19
44
-9
40
36
-59
-4
20
19
-38
-51
55
8
10
37
2
-5
-79
-41
56
17
9
9
-65
-9
38
-27
76
54
-81
-33
-62
53
110
-51
-62
-40
60
89
0
-122
3
22
0
88
-48
9
-20
43
32
3
-43
-22
-23
-3
32
26
-25
1
38
-20
-98
59
-10
-21
52
-22
2
29
-18
-66
35
-40
-7
105
-50
42
0
-78
74
11
-35
18
-31
-39
21
37
76
-13
-112
37
14
-56
85
15
-92
22
5
22
81
-15
-35
-33
-39
31
53
-86
4
16
16
45
34
-11
-61
0
62
-24
-27
49
64
37
-47
0
-63
-12
26
-2
35
42
7
-45
16
16
45
5
-37
-6
15
-15
-2
36
-15
-20
18
35
12
-15
18
-22
-31
43
-2
8
36
-9
13
-7
1
12
-43
-40
101
48
18
-20
-43
-35
-21
53
-8
78
19
-51
-7
-43
41
4
-8
33
-8
-12
-27
-10
76
35
31
-48
-79
15
10
57
82
-76
-30
-4
-4
103
-20
-59
20
-11
-42
50
41
-10
-17
47
-41
4
-10
-9
48
-34
12
-12
-57
44
76
52
-99
-81
96
38
-44
-28
-48
12
77
-46
71
-11
-44
40
-44
-3
72
30
-7
-53
-54
12
36
8
-15
-40
18
51
-1
33
-48
-55
-11
52
20
-26
2
8
-10
18
85
-72
-28
40
-40
135
37
-107
-45
-3
12
25
-60
-61
104
51
30
20
-78
-62
27
78
-25
-59
-42
28
74
40
-63
2
32
-70
64
-7
-67
10
6
3
-2
-1
87
15
-96
-5
11
4
46
-38
-47
45
43
-14
-40
-41
-55
89
134
-60
-87
-16
27
-25
61
23
-38
-5
-40
-15
73
4
-58
33
15
11
-26
-16
10
-13
-46
35
51
-23
-7
25
-23
-30
102
92
-118
-95
20
51
101
-36
-68
14
11
-14
96
0
-61
-2
-33
60
52
11
-30
-10
-64
32
114
-39
-13
27
-49
-10
7
19
48
-64
-7
120
4
-15
39
-33
-39
6
-17
-3
32
11
17
25
-40
60
-29
-38
59
24
-4
2
26
-10
24
-15
-21
27
-37
9
77
2
-45
84
-39
-59
57
3
-41
-29
24
-36
10
49
50
-50
-51
61
25
-2
-46
-27
93
10
-3
1
-34
8
-14
31
-10
8
61
24
-86
-40
9
53
41
-103
-14
23
29
36
-56
-27
9
52
-31
6
-9
-58
-9
-1
69
4
-30
-22
0
-49
21
25
7
-5
-21
15
-3
-26
54
-41
-26
-10
61
-45
19
1
-6
10
-11
36
-24
13
-24
-27
26
50
-30
3
-6
-22
57
25
7
-2
-68
9
-29
90
-24
3
19
10
12
-5
-92
69
72
-66
61
-15
-45
0
8
-76
50
-7
-4
119
28
-54
-42
21
-53
76
60
-42
-44
50
-11
-3
41
16
10
-78
-8
8
-2
46
-41
20
2
-21
33
2
4
27
-3
-22
7
-13
11
29
9
-6
-44
-2
63
25
10
-33
-10
33
-41
-1
65
-31
-27
88
-16
-34
-88
54
21
10
-24
3
35
64
11
-43
-28
-58
90
49
-15
11
-60
35
12
8
-53
-3
22
-62
114
30
-65
-10
-72
-8
53
72
-22
-42
49
-31
4
-26
-81
10
78
59
-34
-12
-37
17
-6
-34
42
-19
71
11
-79
-18
42
19
-40
11
-5
56
-14
-51
71
42
-20
-54
11
-10
-1
86
-45
-81
53
53
6
3
-64
-54
33
9
6
37
-42
-11
34
33
12
17
-46
-77
23
-21
55
39
72
-82
-14
77
-6
-12
-33
3
53
4
-71
49
1
18
-7
0
-18
-29
50
22
-5
-8
-10
-13
36
41
-35
-8
6
51
-30
-35
32
40
-6
-22
-50
53
40
-23
-1
6
14
-13
22
-93
61
107
-75
-3
25
6
-2
7
11
-4
37
-17
-72
34
68
-17
12
-29
-61
32
-2
0
31
-48
-8
59
-37
-86
41
83
65
24
-96
-31
-11
9
35
-19
31
-13
13
-24
-2
16
-60
50
14
-18
-59
-30
59
50
-9
-67
68
-9
-65
32
8
-17
-5
45
-34
-54
26
8
33
13
1
-11
-57
30
29
-48
-25
53
-23
64
10
-99
-23
35
26
-14
-13
88
10
-59
-8
7
10
-22
20
6
-56
2
-7
26
43
-25
43
-8
-82
43
34
33
-13
-82
-31
86
15
15
14
-18
7
-37
8
28
83
15
-65
-32
-38
75
30
-5
-28
-10
12
51
76
-92
-92
-9
153
109
-46
-42
-26
-106
40
144
-34
-68
-14
61
47
49
-11
-52
-31
-5
22
81
-7
-47
20
3
-25
36
-3
-45
62
19
-4
21
-24
51
1
-59
-25
48
111
-36
-4
70
-67
-116
-29
59
35
71
-33
-1
-60
20
-7
-22
68
27
-20
-29
-25
-3
68
60
6
-75
-57
76
60
20
-64
-37
-34
-9
42
30
18
-51
36
33
-25
-53
-16
75
-8
16
-15
-37
-1
-16
23
12
-14
42
37
-82
-36
33
29
-8
-71
-22
23
55
46
18
-84
-28
44
8
53
-41
-60
-65
39
141
-8
-48
8
-5
-36
-18
19
68
-61
-9
27
-25
42
28
24
-27
-101
3
7
66
2
12
-50
-45
48
-14
87
-11
-66
14
-38
33
4
-59
69
-11
-27
11
-33
47
48
-33
16
-4
-35
29
-5
12
39
-52
-4
27
-19
-25
17
79
-56
-45
30
-20
-24
14
30
-42
65
-3
-4
6
24
-5
-71
39
-32
39
78
-15
-12
-56
9
79
-13
-41
-23
-14
1
67
47
-26
-116
7
33
-38
85
11
-50
-9
-8
36
5
-19
66
10
16
-60
-45
-38
82
111
-42
-50
-77
58
51
-11
2
-12
14
59
-10
-16
23
-44
-12
24
24
-55
9
82
-28
-4
-15
-21
42
-13
-60
89
-29
-47
93
6
-42
-3
-30
-9
27
65
65
-53
-4
26
-78
61
35
-52
11
-19
51
18
-33
11
-35
38
-2
-30
62
-24
-6
25
-14
-28
-27
34
2
6
19
-35
39
3
-84
32
73
14
1
-23
-6
-25
-40
81
24
-34
42
-33
12
-46
-26
80
42
-21
-87
42
-26
4
20
-3
10
14
25
-28
-17
-28
-18
51
20
18
43
-68
-58
4
84
52
11
-89
-13
-4
-11
69
-3
-42
-36
-15
114
16
-58
-62
-35
130
79
-77
-71
-58
7
94
25
19
-49
-102
55
31
53
-16
-76
14
72
68
-120
-74
18
85
88
-19
-63
-47
-39
77
36
12
-52
-3
39
-81
-19
53
67
-12
21
-4
-28
1
-22
-8
38
73
-18
-35
-10
-17
31
78
-27
-64
-66
43
86
-9
45
-30
-80
6
-24
-4
59
14
13
22
-68
44
-32
-34
46
42
-4
-118
-29
72
51
22
69
-7
-122
-9
33
17
43
-10
-66
47
17
-28
31
-7
11
-38
-2
68
38
-47
-78
20
53
40
-67
58
-20
-3
-24
-50
-7
29
64
3
-44
-47
34
55
-31
-8
19
9
-39
8
-30
8
69
54
-39
-36
63
-75
52
57
38
-137
-86
25
40
136
-66
-5
-3
-46
43
12
-66
-26
60
59
50
-42
-23
-46
23
90
12
-96
-9
-57
-8
71
13
53
-77
-45
79
6
31
-43
-2
88
-6
-21
5
-58
9
145
3
-63
-4
-86
27
132
-25
-52
-43
-29
92
92
-64
-58
2
-22
26
3
21
-45
22
9
54
-58
-82
74
147
-15
-110
11
-76
77
29
32
88
-97
-46
66
-50
10
97
-26
-48
41
-5
52
33
-114
10
37
-14
85
-26
-51
50
3
-80
-40
94
-47
-5
122
-18
-75
-68
37
32
79
-20
-82
-41
-19
94
28
-68
46
20
-45
60
33
-59
-69
28
35
51
18
-29
-9
-30
4
-23
-21
21
-4
12
15
20
-4
13
-66
-70
30
56
133
31
-91
-98
7
69
44
-42
-17
-58
50
140
-30
-70
-101
-29
81
46
-3
3
-59
-72
-8
68
63
-6
6
18
-71
-37
50
21
82
31
-122
29
23
9
61
-119
-55
65
14
19
47
-66
-51
-17
69
54
-32
-57
-19
58
51
1
-7
20
-113
49
95
51
-27
-191
-8
194
89
-109
23
-105
-35
88
40
18
-60
-44
76
26
65
-17
-31
-10
-73
28
110
27
-28
-79
-38
55
49
28
38
-11
-44
50
1
-112
34
49
3
74
-26
-50
-5
-39
23
48
43
29
-94
-109
12
106
93
-41
-69
29
5
61
26
-135
39
49
7
23
16
-1
-7
27
-59
60
-2
47
5
-81
-19
-9
44
79
-132
11
103
16
-11
-46
-55
-59
49
83
12
9
-33
-41
-16
45
-76
-12
137
14
27
-20
-122
-26
122
52
-29
-35
-54
13
-15
111
15
-168
26
57
66
28
-139
-47
61
7
30
-77
-47
201
-16
-115
84
30
1
-12
-121
-9
70
-7
108
-22
-103
99
-17
-7
41
-119
-53
63
45
11
49
-70
-28
98
9
-37
26
-11
-30
-35
-48
51
-155
90
-57
139
159
-49
7
-109
-40
-6
128
2
-19
11
10
10
34
-2
45
-50
-90
14
54
-21
-2
41
27
24
-5
-46
-63
-12
38
54
24
-107
22
81
-36
72
-28
-86
63
41
1
-94
-59
26
9
18
19
47
-47
-112
24
76
-4
-33
-63
0
39
39
64
-92
-3
80
-41
-56
-21
52
35
77
-34
-74
19
-49
-12
40
64
-8
0
-33
-49
80
-19
7
-5
-13
11
6
71
-26
-41
24
5
2
46
-43
12
-32
-11
-44
126
48
-91
75
-32
-119
34
56
60
-37
-26
108
-3
-43
-1
-40
66
37
-6
-38
-82
-66
136
-55
23
53
30
-37
-67
54
17
-4
-60
2
59
35
-54
79
74
-62
-62
75
5
19
65
-42
-69
-9
-69
-12
84
-43
-2
46
-43
46
-28
-71
103
-13
-60
150
79
-105
-72
34
-5
91
-32
-70
-41
137
31
-112
-75
32
158
27
26
-197
-73
88
121
8
37
-87
-30
54
-33
5
-3
-19
-64
22
-6
40
88
16
0
-14
-122
-44
9
11
123
18
-112
-89
162
-15
-45
44
19
-20
-82
9
17
59
28
-13
-90
22
-20
25
97
-72
22
61
-65
11
47
-8
-86
-69
67
99
18
-38
19
-38
9
48
-66
-23
-32
27
-1
38
35
-24
-38
79
-31
38
-95
-92
144
29
-96
-23
-3
-13
90
-30
-11
-99
73
197
-85
-144
125
150
29
-21
-92
-184
31
184
16
-7
-49
18
-23
28
-41
-35
47
21
111
-89
-80
-93
-44
126
95
-54
-86
177
-41
-20
14
-42
187
-59
-59
-11
-40
29
41
-58
8
167
-68
-80
26
65
58
15
-175
-65
100
-23
-51
82
53
-64
-1
6
65
71
-93
-54
2
40
1
94
-36
-119
134
23
-35
-113
-20
104
-39
1
32
-1
-62
77
-37
-60
156
-58
8
4
-165
57
135
39
-14
-36
-116
-100
67
93
74
-66
-116
12
103
195
-70
-202
55
116
-33
-80
89
74
-156
-86
167
14
-52
51
-97
40
84
-120
3
67
-102
-24
159
25
-10
-38
-222
43
203
26
-36
-71
-71
-24
159
18
-82
74
4
-18
-82
79
31
-122
155
35
-84
-4
-54
59
46
-132
-29
68
76
37
-197
-102
166
228
8
-145
87
77
-118
-54
39
135
60
-161
-6
40
-92
115
6
-91
88
-160
63
95
61
15
-20
-11
-63
60
-4
-52
76
14
-115
49
23
-105
76
85
27
-97
-15
12
63
-34
-73
32
105
-68
-41
163
-1
-112
114
-95
-137
95
140
-16
-72
-13
37
60
-52
17
66
130
-67
-160
-21
51
-86
-75
140
74
6
14
-59
66
-64
15
-74
-2
86
8
-13
-37
-54
49
87
-76
47
69
-121
-120
184
156
-95
-66
-52
46
134
-133
-32
34
-25
109
-9
-163
-55
103
58
0
-35
-17
103
13
-41
44
7
-123
-107
77
49
-35
62
41
-23
-27
-67
-23
33
85
-14
-106
20
3
14
-28
-28
43
15
82
5
-89
-108
112
122
-127
-64
2
147
2
-83
52
-26
24
90
29
-29
17
-85
-19
56
-6
20
-139
66
135
-38
81
5
-52
-87
-32
47
-143
-19
149
83
16
-64
-38
-31
60
164
86
-216
-127
160
-47
-100
-15
165
154
53
-8
-220
-73
-44
59
134
-2
10
7
19
-100
19
56
-44
147
120
-134
-196
88
153
-92
-46
16
-132
-53
160
179
-67
-187
55
35
12
59
-53
-45
-39
131
114
-137
-159
77
158
-54
-19
-93
-32
26
90
190
-215
-154
76
-7
-42
-40
30
199
42
-66
-102
122
-61
-13
165
-76
-157
-109
0
44
250
54
-95
-100
-76
92
35
-124
-93
-3
218
57
-109
-2
35
-40
-73
144
-7
-65
-121
74
262
-112
-126
-14
-13
73
208
20
-169
-85
70
117
-57
-86
-18
120
-53
-54
79
50
-12
-32
45
-30
-50
22
-38
185
36
-153
63
-57
36
59
-91
53
-16
21
46
-95
26
80
-123
-65
-2
50
142
-109
-158
2
202
89
-17
-146
-47
64
6
21
93
21
-140
49
133
33
-150
-8
12
58
132
-106
-140
-20
98
156
18
-166
-84
-40
54
31
150
-12
-78
-126
-73
118
56
179
59
-204
-75
65
-3
83
67
122
-55
-199
-133
89
60
69
70
-102
90
-1
-30
5
-109
110
134
-171
127
-68
-174
147
98
-7
-17
-25
-134
-38
95
70
-41
-22
-144
26
115
11
81
-38
-50
-54
104
7
-199
-5
102
-18
102
-9
-223
34
172
50
109
-103
-116
93
-89
-57
47
-11
85
133
-32
-117
-78
-10
225
107
-119
9
5
-16
-36
-113
-19
55
112
71
-114
-22
71
-63
35
150
-84
-87
-103
156
337
-235
-217
50
72
43
41
-211
-31
284
75
-99
-82
-31
79
-13
32
14
-42
-113
-53
143
18
-38
79
-59
-132
-2
13
-63
-1
138
101
-50
-77
-76
31
132
-52
-85
-13
-17
103
-13
-118
24
96
-6
-38
63
-9
49
53
-46
1
-83
-36
114
32
-88
-38
23
101
134
-72
-125
-14
-41
-1
111
-20
-185
-74
211
215
-126
-155
19
0
-96
-37
151
85
23
-34
-96
100
-43
-10
182
-69
88
55
-257
-74
136
-56
-123
225
56
-86
-19
-118
-22
-63
91
222
41
-81
-106
-51
-18
160
190
-57
-135
-56
89
4
-149
49
124
-45
-76
-14
-18
60
20
-48
71
3
35
5
-152
-71
113
92
-57
42
-17
17
152
26
-136
-175
43
86
35
13
50
55
-102
-91
36
190
135
-90
-293
-119
142
117
105
-62
-118
-160
32
290
68
-81
-135
-124
14
215
66
-232
-139
49
19
-20
238
23
-188
17
54
101
-124
-86
109
-51
-19
-48
-81
90
93
-7
-158
-166
130
144
-2
-55
-71
23
-1
122
136
-96
-102
1
44
-77
-52
113
82
-19
-31
-15
4
47
-66
-84
42
118
44
-220
-45
224
8
-141
-121
4
93
65
65
-81
-113
61
83
-98
-91
141
117
-11
-78
-106
17
169
14
-136
52
62
11
9
-60
-5
18
22
12
-31
-31
5
71
-6
3
46
-3
46
-9
13
30
-46
-19
8
42
2
68
4
-159
-16
52
19
78
96
-29
-115
-37
3
16
50
59
13
-5
73
-52
-6
114
-47
-88
-87
50
39
-17
7
83
102
109
-9
-226
-12
150
87
-51
-75
16
-1
72
73
-39
-6
-20
-47
-96
90
187
-71
7
77
3
16
49
-28
79
19
-79
61
-71
5
75
-11
-88
-25
104
61
-48
40
-7
62
-16
-114
-132
-63
46
106
92
-68
-58
-158
-99
97
60
-27
-59
-16
-27
-115
2
-60
-121
-8
41
-6
-141
-49
12
6
-16
-73
-106
39
106
6
-73
-59
52
-15
-74
-130
-35
55
35
40
19
-67
-72
32
0
73
9
-103
-20
66
28
70
32
16
61
18
59
-1
5
2
45
79
120
32
-18
-33
11
51
68
21
-39
80
67
65
43
8
69
109
-3
-2
19
-16
47
43
64
54
23
-25
7
-12
48
81
-15
13
-41
-44
-21
-15
-17
-53
-108
-76
-61
-87
8
-40
-30
-26
-29
-32
10
-39
-43
-35
-141
-96
-140
-116
-91
-79
-37
-63
-101
-80
-102
-72
-52
-74
-141
-179
-165
-139
-143
-119
-59
10
63
93
147
268
375
416
435
414
391
360
265
201
191
186
129
64
8
23
92
50
49
86
121
112
43
56
22
-13
-4
11
65
171
219
193
198
180
213
166
65
13
-53
-75
-130
-144
-109
-120
-111
-47
-37
-63
-28
-69
-68
-50
-147
-214
-307
-313
-199
-228
-302
-291
-206
-183
-207
-174
-215
-268
-228
-206
-303
-367
-377
-376
-317
-343
-339
-334
-380
-338
-334
-400
-440
-432
-471
-520
-502
-447
-352
-273
-132
171
569
925
1156
1315
1422
1411
1278
1080
838
561
288
43
-145
-235
-214
-136
-36
71
134
150
128
74
-7
-116
-194
-249
-295
-257
-175
-105
33
168
246
365
415
405
383
352
390
362
298
306
324
350
400
445
464
481
420
277
144
31
-88
-237
-387
-473
-468
-419
-348
-269
-181
-103
-94
-104
-145
-221
-294
-388
-442
-482
-511
-489
-473
-403
-346
-312
-276
-271
-246
-282
-355
-444
-555
-612
-637
-633
-650
-642
-558
-519
-571
-583
-580
-709
-868
-982
-1056
-1001
-873
-603
-67
696
1506
2102
2541
2894
3019
2803
2338
1793
1146
446
-171
-651
-917
-878
-613
-371
-200
-8
161
133
-65
-224
-401
-673
-869
-928
-882
-656
-286
113
490
823
1127
1321
1335
1291
1194
994
693
391
221
147
186
317
497
656
693
629
453
208
-38
-279
-548
-839
-1019
-1017
-907
-729
-452
-146
46
97
40
-107
-289
-412
-494
-606
-734
-806
-819
-780
-668
-506
-413
-449
-524
-573
-653
-772
-862
-973
-1159
-1287
-1267
-1189
-1081
-921
-857
-963
-1096
-1214
-1429
-1705
-1899
-1986
-1952
-1668
-971
257
1882
3429
4533
5287
5835
5932
5388
4439
3355
2079
619
-723
-1689
-2184
-2128
-1637
-1098
-713
-347
-46
-81
-401
-698
-983
-1446
-1922
-2088
-1883
-1355
-519
460
1351
2115
2746
3100
3095
2817
2336
1632
793
79
-350
-445
-82
663
1292
1511
1587
1618
1311
726
170
-504
-1432
-2196
-2497
-2482
-2100
-1199
-188
428
772
1049
1031
622
120
-402
-1113
-1840
-2265
-2383
-2242
-1797
-1211
-761
-477
-320
-398
-682
-990
-1270
-1580
-1855
-2027
-2105
-1971
-1541
-1122
-1006
-1059
-1134
-1352
-1707
-2039
-2348
-2734
-3225
-3733
-3941
-3388
-1747
953
4051
6572
8282
9572
10269
9889
8755
7338
5347
2635
-140
-2378
-3876
-4315
-3659
-2646
-1913
-1315
-718
-450
-583
-812
-1181
-1931
-2828
-3400
-3443
-2841
-1549
90
1601
2866
3947
4726
5038
4916
4395
3402
2026
629
-447
-1023
-954
-274
593
1184
1465
1611
1618
1412
1014
350
-691
-1866
-2686
-2928
-2663
-1929
-871
111
701
942
995
904
679
289
-351
-1214
-2082
-2702
-2901
-2590
-1938
-1291
-856
-585
-501
-667
-923
-1199
-1547
-2007
-2390
-2621
-2601
-2239
-1598
-1006
-864
-944
-1149
-1255
-1576
-2207
-2618
-2957
-3195
-3793
-4349
-4400
-3582
-1125
2214
5549
7985
9862
11445
11839
11012
9484
7860
5487
2036
-1387
-3817
-4865
-4654
-3638
-2728
-2273
-1765
-1185
-1037
-1299
-1446
-1743
-2579
-3551
-4020
-3490
-2197
-284
1535
2852
4051
4949
5668
5855
5586
4591
2771
1068
-445
-1324
-1619
-1377
-780
-143
793
1485
1815
1785
1378
617
-377
-1265
-2015
-2489
-2497
-1980
-1263
-481
317
899
1094
979
617
-3
-710
-1485
-2068
-2559
-2815
-2727
-2554
-2009
-1498
-970
-476
-282
-229
-529
-1011
-1543
-1920
-2165
-2152
-2009
-1825
-1603
-1480
-1015
-818
-991
-1402
-1969
-2398
-2937
-3421
-3730
-3829
-4196
-4733
-5205
-4256
-665
4291
8653
10412
11095
12331
13078
12405
10144
7773
5083
1364
-2429
-5098
-5755
-4584
-2935
-2427
-2668
-2164
-1173
-1024
-1487
-1641
-1973
-2967
-4003
-4159
-2990
-849
1237
2608
3642
4767
5715
6100
5937
5417
4479
2821
598
-1240
-1893
-1666
-1415
-1448
-1249
-447
661
1582
2034
2151
1836
986
-146
-919
-1113
-933
-822
-991
-787
-507
-47
154
-104
-151
-666
-1093
-1626
-2072
-1971
-2110
-2108
-2193
-2069
-1539
-1091
-766
-720
-770
-971
-1492
-2200
-2511
-2151
-1659
-1564
-1840
-1825
-1306
-748
-442
-483
-766
-1258
-1847
-2533
-3162
-3670
-3977
-3665
-3837
-4908
-6419
-6482
-3013
2534
7947
10799
11807
13266
14113
13213
10720
8254
5826
2077
-2122
-5172
-6081
-5185
-3403
-2205
-2226
-2103
-1613
-1176
-1536
-2124
-2150
-2906
-3853
-4425
-3731
-1280
1386
3562
4593
5147
5810
6146
5986
5079
3765
2227
345
-1562
-2495
-2187
-1457
-1093
-1056
-521
611
1407
1415
1348
1327
523
-674
-1049
-708
-381
-90
1
-303
-348
127
276
-208
-749
-1215
-1804
-2307
-2440
-2116
-1440
-879
-806
-959
-900
-673
-568
-721
-1081
-1507
-1912
-2182
-2127
-1713
-1210
-892
-732
-638
-659
-867
-1100
-1265
-1444
-1900
-2591
-2975
-2819
-2357
-2301
-2830
-3482
-3714
-4099
-5373
-6474
-5162
-156
5689
9691
11217
12115
13790
13969
12429
9681
7186
4195
-150
-3852
-6134
-5805
-4116
-2230
-1730
-2319
-2118
-2001
-2098
-2873
-2974
-3051
-4133
-4707
-4093
-1764
890
3317
5178
5931
6176
6197
5981
5298
4286
2593
156
-1964
-2713
-2341
-1700
-956
-359
-188
-376
-686
-684
157
1438
1720
651
-224
201
1190
1794
1937
1600
741
-295
-1311
-2244
-2555
-2157
-2088
-2698
-2794
-1824
-705
35
733
1146
634
-522
-1450
-1826
-1821
-1687
-1739
-2018
-2130
-1881
-1541
-1227
-900
-679
-774
-1135
-1582
-1681
-1290
-982
-1094
-1560
-2029
-2271
-2142
-2204
-2799
-3441
-3853
-4365
-5730
-6866
-7083
-4770
820
7095
11382
12374
13303
14597
14302
12138
9059
6468
2729
-1298
-4518
-5776
-4906
-3282
-1712
-2043
-2868
-3544
-3818
-3862
-4126
-3575
-3326
-3535
-3514
-2175
536
3229
5246
6038
5751
5122
4814
4491
3793
2892
1657
-70
-1630
-1871
-1039
-353
-326
-685
-1149
-1485
-1562
-1634
-1590
-809
537
1327
1291
1416
2220
3075
3253
2616
1372
-147
-1557
-2600
-3199
-3176
-2414
-1366
-686
-270
360
957
973
488
-222
-1118
-1926
-2303
-2392
-2367
-2058
-1510
-1034
-708
-416
-209
-209
-453
-934
-1497
-1834
-1745
-1436
-1174
-1103
-1141
-1222
-1502
-1930
-2373
-2623
-3054
-3734
-4146
-4133
-4730
-6380
-7365
-6039
-1194
5130
10081
12563
13709
15170
14598
12224
9479
7067
4124
-318
-3940
-6053
-5790
-4455
-3251
-2940
-3609
-3635
-3972
-4212
-4493
-4029
-3106
-3120
-2790
-1485
923
3270
5004
5851
5918
5288
4482
4139
3704
3463
2213
387
-1078
-1990
-1854
-1789
-1782
-2022
-2343
-2180
-1984
-1866
-1423
-316
790
1427
2068
3185
4301
4652
4025
2611
1134
13
-946
-1806
-2199
-2011
-1653
-1354
-945
-309
202
79
-659
-1434
-1878
-2122
-2231
-2010
-1451
-942
-751
-639
-256
236
279
-329
-1159
-1639
-1748
-1702
-1607
-1325
-792
-501
-661
-1001
-962
-694
-653
-1110
-1768
-2271
-3015
-3782
-4721
-5004
-5323
-6639
-7989
-7928
-3425
4178
11288
14572
14538
14527
13792
11688
8317
5743
3371
-216
-3812
-6194
-5595
-3569
-1444
-1029
-2663
-4244
-5628
-6344
-6373
-5193
-3389
-2397
-1810
-696
1711
4602
6814
7492
6631
5149
3265
2162
2027
2244
2284
996
-497
-1589
-1834
-1182
-1003
-1213
-1966
-2754
-2957
-2437
-1021
593
1950
2836
3298
3663
4032
3881
3217
2567
1484
-309
-1776
-2049
-1662
-1065
-329
-121
-630
-1084
-1367
-1983
-2521
-2390
-1986
-1792
-1499
-677
427
1104
904
163
-550
-1159
-1754
-2075
-1844
-1305
-787
-319
148
365
342
253
-54
-542
-1073
-1685
-2565
-3420
-4018
-4400
-4628
-4475
-3951
-3813
-3856
-4664
-6417
-8245
-8058
-2763
5401
11916
14589
15126
15722
14645
11656
8300
5484
2626
-1224
-5057
-7067
-6160
-3477
-1582
-1927
-3605
-5300
-6745
-7643
-7251
-5367
-3169
-1778
-817
963
3926
6817
8104
7571
6121
4385
2582
1231
1005
1688
2048
1192
-306
-1170
-1079
-910
-1424
-2398
-3193
-3569
-3540
-2818
-1068
1363
3496
4677
5123
5292
5142
4339
2908
1300
-127
-1307
-2139
-2323
-1760
-898
-410
-550
-1062
-1642
-2201
-2683
-2851
-2496
-1694
-696
312
1188
1725
1695
1076
42
-1117
-2122
-2739
-2785
-2189
-1025
307
1254
1539
1381
858
-137
-1526
-2803
-3294
-3297
-3621
-4343
-4598
-4023
-2967
-2137
-1986
-2212
-2434
-2286
-3236
-5444
-7294
-7151
-2812
4252
10861
14399
15275
15482
13797
10171
6375
3687
1522
-1247
-3953
-5670
-5697
-4082
-2351
-2251
-3434
-4727
-6177
-7505
-7297
-4938
-1793
745
2525
4023
5547
6708
6811
5817
4300
2598
960
33
403
1796
3035
2995
1637
-133
-1566
-2551
-3170
-3403
-3288
-2954
-2288
-913
1261
3517
4798
4709
3824
2915
2194
1536
1098
1189
1574
1495
680
-211
-495
-458
-897
-1895
-2775
-3136
-3150
-2847
-1929
-467
811
1260
1051
812
651
179
-596
-1210
-1494
-1614
-1608
-1390
-812
152
895
601
-440
-1213
-1415
-1644
-2084
-2299
-2355
-2487
-2650
-2582
-2470
-2499
-2527
-2216
-1935
-2431
-3116
-3484
-2903
-2545
-3690
-5530
-6883
-4644
1653
9086
13874
14550
13833
12369
9499
5809
2707
874
-751
-2675
-4374
-4842
-3759
-2100
-1520
-2617
-4588
-6567
-7768
-7281
-4582
-732
2320
3737
4208
4675
5132
4924
3878
2642
1777
1279
1100
1468
2516
3707
3972
2676
355
-1870
-3287
-3836
-3787
-3363
-2547
-1360
-52
1361
2912
3951
3713
2444
1059
318
715
2008
3088
3241
2794
1944
444
-1296
-2398
-2810
-3104
-3310
-3023
-2247
-1237
-6
1214
1711
1178
217
-548
-1001
-1042
-646
-277
-342
-560
-621
-702
-922
-1152
-1330
-1488
-1590
-1589
-1361
-869
-448
-426
-756
-1234
-1852
-2454
-2772
-2514
-1766
-1367
-1573
-1806
-1864
-2403
-3316
-3822
-3826
-4130
-5193
-6104
-6065
-2912
3367
9567
12945
12718
11503
9443
6181
3178
1326
903
526
-219
-961
-995
-674
-781
-1968
-3870
-5279
-6736
-7152
-6007
-3179
594
2963
3840
3514
2974
2576
1894
1307
1026
1263
1930
2980
4264
5367
5497
4265
2089
-380
-2506
-3956
-4392
-3696
-2307
-921
5
531
914
1236
1369
1264
1056
935
1032
1422
2104
2845
3219
2889
1846
385
-1051
-2003
-2174
-1633
-782
-86
162
-73
-598
-1100
-1359
-1392
-1306
-1111
-773
-380
-60
140
140
-276
-1186
-2195
-2683
-2412
-1642
-721
135
658
570
-103
-883
-1382
-1522
-1567
-1722
-1889
-2052
-2095
-2108
-2152
-2366
-2513
-2476
-2400
-2471
-2868
-2838
-2568
-2085
-2502
-4232
-5720
-5772
-2271
3498
9006
11584
11052
10027
8087
5739
3556
2522
2149
1201
877
845
602
-408
-1835
-3114
-4514
-5705
-6546
-6726
-5674
-2916
391
2391
2919
2976
2777
2113
1877
2448
3067
3573
4362
5045
5022
4324
2819
509
-1653
-2780
-3105
-3024
-2375
-1126
162
664
55
-1050
-1721
-1688
-1183
-290
1020
2566
3947
4743
4765
4128
3053
1722
352
-758
-1337
-1357
-1058
-720
-476
-454
-853
-1660
-2440
-2669
-2248
-1494
-700
40
583
679
263
-379
-952
-1392
-1700
-1742
-1409
-863
-426
-383
-712
-1150
-1539
-1919
-2299
-2440
-2039
-1093
-267
-126
-560
-1199
-1894
-2600
-2964
-2954
-2511
-1827
-1465
-1809
-2079
-1723
-1778
-2554
-4184
-5835
-6772
-5022
922
7843
12230
11829
9200
6943
4961
3491
2089
2067
2648
3164
3283
2284
1054
-905
-3418
-5770
-6692
-5969
-4877
-3439
-1452
712
2164
2504
1745
470
-422
-524
148
1269
2578
3727
4524
4841
4494
3404
1746
73
-946
-1083
-753
-443
-257
-190
-438
-1141
-1961
-2296
-1932
-1154
-226
850
1997
2864
3152
2901
2348
1740
1321
1261
1455
1557
1327
839
317
-169
-700
-1320
-1934
-2339
-2363
-2009
-1504
-1119
-973
-1014
-1133
-1247
-1298
-1234
-1054
-784
-473
-200
-154
-436
-890
-1271
-1460
-1436
-1238
-983
-777
-663
-624
-649
-945
-1702
-2496
-2675
-2375
-2186
-2041
-1586
-1104
-1141
-1573
-1892
-1678
-1086
-826
-1084
-1497
-1841
-2753
-4476
-5490
-3296
2135
7373
9083
7267
5439
4619
3967
3154
2524
3311
4008
4185
3994
3202
1917
-559
-3104
-4335
-3813
-2828
-2392
-2513
-2309
-1631
-1566
-1460
-1567
-1345
-794
-217
1356
3066
4318
4439
3769
3377
3183
2818
1865
808
442
777
992
772
377
-188
-945
-1675
-1933
-1760
-1509
-1273
-822
-7
811
1172
1270
1697
2330
2459
2020
1741
1907
2038
1822
1410
919
314
-434
-1266
-1938
-2241
-2321
-2379
-2327
-2112
-1903
-1768
-1565
-1243
-1019
-1172
-1574
-1727
-1528
-1361
-1310
-1057
-564
-138
16
-163
-566
-858
-935
-1000
-1076
-1094
-1114
-1144
-1003
-638
-373
-496
-965
-1535
-1841
-1829
-1506
-695
-111
-510
-1315
-1900
-2075
-1983
-2468
-3761
-4938
-4702
-1943
2837
7003
7879
5688
3591
3459
4294
5055
5415
5225
4778
4262
3619
2674
949
-1350
-2923
-3009
-2126
-1194
-972
-1612
-2324
-2461
-2339
-2245
-1959
-1568
-1148
-265
951
1895
2481
2548
2106
1904
2080
2175
2087
1887
1755
1700
1644
1654
1400
717
-82
-797
-1124
-1166
-1339
-1456
-1473
-1327
-555
430
894
1049
1340
1699
1771
1589
1603
1797
1742
1337
811
338
-136
-708
-1384
-2058
-2449
-2428
-2251
-2082
-1824
-1584
-1665
-1973
-2066
-1848
-1612
-1470
-1271
-944
-606
-369
-281
-362
-573
-764
-679
-253
203
363
231
-3
-352
-746
-861
-731
-650
-716
-1034
-1499
-1736
-1521
-1071
-1007
-1299
-1305
-1214
-1412
-1672
-1789
-1554
-1327
-1945
-3117
-3771
-2869
330
4529
6649
5488
3247
2505
3312
4400
5250
5747
5557
4712
3826
3215
2361
770
-1043
-1949
-1484
-526
-440
-1576
-3095
-4054
-4146
-3511
-2452
-1498
-1091
-1062
-725
243
1348
1932
2021
2148
2588
3071
3233
2994
2513
1948
1464
1224
1181
965
308
-512
-964
-930
-757
-717
-769
-846
-975
-1051
-885
-531
-257
-96
234
808
1239
1141
678
347
368
483
405
173
-33
-216
-498
-840
-1090
-1274
-1561
-1910
-2041
-1795
-1402
-1202
-1274
-1470
-1607
-1549
-1292
-986
-850
-977
-1142
-985
-482
-110
-237
-542
-525
-143
325
535
486
461
378
171
206
414
369
209
85
-224
-608
-846
-1065
-1442
-1928
-2238
-2232
-2094
-1919
-1754
-1803
-2235
-2922
-2882
-930
2423
4927
4795
2862
1831
2769
4257
5150
5493
5142
4003
2940
2771
2973
2424
960
-362
-540
38
99
-863
-2214
-3080
-3037
-2399
-1787
-1490
-1688
-2340
-2583
-1740
-338
724
1055
996
1296
1993
2278
1862
1381
1276
1360
1531
1866
1994
1391
271
-488
-409
16
105
-184
-553
-838
-974
-1073
-1335
-1544
-1436
-1233
-1028
-398
599
1092
751
301
320
759
1229
1190
619
-108
-765
-1004
-761
-553
-704
-1208
-1707
-1754
-1540
-1538
-1868
-2124
-1980
-1596
-1073
-445
-232
-477
-507
-177
384
722
731
761
895
1100
950
529
99
-150
-135
-207
-264
-320
-691
-1232
-1206
-702
-405
-384
-504
-633
-813
-903
-997
-1080
-994
-1061
-991
-1041
-1728
-2303
-2078
-843
1048
2900
3476
2022
515
817
2488
4125
4733
4303
3213
2130
1829
2283
2391
1874
1409
1298
1471
1181
177
-1232
-2250
-1928
-1039
-647
-986
-1931
-2830
-3199
-2788
-1821
-971
-456
-77
357
548
273
-127
-277
-41
501
1224
1803
1785
1134
439
281
600
933
939
618
118
-362
-570
-474
-315
-202
-20
119
-60
-475
-812
-856
-435
358
850
484
-409
-1100
-1255
-902
-317
17
-136
-436
-467
-331
-364
-570
-655
-478
-175
37
-20
-342
-595
-466
-74
243
328
136
-299
-657
-630
-343
-36
291
592
597
223
-270
-653
-787
-553
-34
402
487
271
-94
-465
-631
-493
-279
-215
-216
-287
-624
-1000
-966
-588
-267
-210
-584
-1458
-2200
-2061
-1012
550
2042
2311
893
-637
-453
1284
2750
3155
2865
2141
1616
1699
2288
2560
2170
1820
1750
1814
1538
585
-708
-1503
-1242
-531
-339
-853
-1591
-2171
-2437
-2274
-1862
-1567
-1497
-1407
-1192
-953
-707
-586
-667
-557
152
967
1159
844
499
427
559
1013
1592
1589
1020
281
26
304
663
948
964
846
605
265
65
53
146
237
405
585
471
-117
-875
-1282
-1098
-535
-84
-62
-449
-957
-1251
-1178
-847
-505
-305
-219
-144
-63
-55
-105
-38
258
629
779
572
209
42
175
396
474
322
6
-266
-352
-369
-468
-578
-536
-258
147
308
-47
-613
-886
-799
-435
128
463
158
-497
-818
-630
-347
-316
-637
-1237
-1834
-2076
-1702
-1055
-960
-1309
-1279
-569
645
1389
566
-714
-389
1311
2767
3211
2749
1917
1284
1183
1683
2097
1759
1259
1240
1343
1167
735
228
-99
-139
-80
-184
-549
-1095
-1607
-1698
-1318
-1018
-1214
-1659
-1913
-1809
-1423
-940
-598
-475
-361
-120
40
-44
-79
234
715
1094
1332
1371
1276
1354
1534
1378
1046
1098
1404
1479
1327
1074
692
374
251
57
-251
-301
-93
-133
-566
-971
-1050
-919
-694
-378
-200
-443
-858
-916
-597
-235
36
169
85
-35
47
182
187
217
426
673
739
492
-22
-493
-579
-300
0
69
-88
-341
-551
-602
-462
-239
-96
-120
-334
-697
-1002
-993
-674
-332
-201
-285
-505
-800
-1039
-1035
-760
-485
-515
-759
-806
-571
-494
-791
-1047
-942
-733
-725
-918
-1160
-1021
-4
1369
1621
416
-622
-206
961
1689
1849
1782
1658
1751
2089
2080
1499
1043
1162
1347
1154
825
520
86
-288
-135
342
328
-474
-1417
-1735
-1342
-745
-473
-571
-669
-582
-513
-587
-665
-633
-479
-203
68
209
310
425
430
403
597
906
986
780
562
566
790
1043
1153
1120
1050
977
860
657
401
274
401
600
661
497
78
-390
-659
-671
-432
-147
-194
-535
-762
-731
-653
-673
-721
-683
-523
-390
-432
-532
-530
-387
-107
169
322
346
209
14
-65
-67
-53
43
190
201
-13
-348
-660
-764
-578
-380
-445
-747
-1118
-1304
-1179
-909
-690
-641
-777
-900
-820
-593
-407
-394
-469
-373
-105
-70
-410
-693
-584
-147
395
640
281
-473
-1145
-1303
-671
445
1164
831
-225
-763
6
1344
2018
1753
1163
967
1303
1684
1694
1432
1305
1521
1777
1677
1200
566
58
43
578
1087
920
133
-627
-887
-735
-599
-789
-1064
-1023
-685
-410
-390
-573
-703
-577
-382
-192
-140
-184
-206
-124
281
611
679
508
277
479
846
847
405
152
504
907
901
528
164
65
173
188
-46
-24
289
428
118
-329
-290
-55
87
10
-210
-361
-542
-627
-709
-707
-491
-356
-594
-768
-638
-615
-645
-778
-756
-435
-202
-242
-491
-501
-352
-272
-170
-195
-350
-427
-341
-225
-73
-7
-155
-128
-76
-210
-457
-776
-732
-315
198
334
-59
-453
-578
-321
10
40
-111
-192
-128
3
116
-24
-328
-542
-617
-473
-241
-309
-638
-773
-478
193
760
597
-107
-535
-208
742
1675
1882
1478
1118
1115
1432
1745
1650
1341
1254
1392
1527
1390
805
223
171
476
671
411
-249
-806
-832
-532
-269
-170
-373
-647
-757
-754
-728
-890
-1117
-1096
-731
-253
-154
-419
-788
-946
-689
-274
60
125
23
-113
-16
493
841
627
168
275
912
1343
1212
704
352
310
550
670
433
41
-175
-49
43
-38
-339
-666
-780
-671
-453
-438
-619
-763
-664
-374
-116
-108
-311
-443
-412
-223
-121
-165
-187
-143
12
94
19
-87
-205
-229
-178
-130
-98
-170
-261
-238
-81
134
211
102
-103
-252
-276
-193
-71
9
84
105
83
29
-119
-228
-256
-156
67
157
53
-186
-359
-268
-126
-106
-249
-508
-635
-611
-595
-512
-255
124
417
361
155
-37
-105
213
654
1043
1254
1248
1178
996
953
1082
1140
1129
1150
1130
902
557
295
263
320
242
27
-293
-619
-802
-857
-860
-757
-585
-474
-518
-668
-772
-750
-575
-348
-186
-136
-191
-318
-409
-378
-245
-164
-249
-182
-25
16
-151
-409
-139
439
856
846
448
141
125
438
727
799
740
630
623
575
481
553
678
637
472
255
56
-135
-369
-469
-413
-275
-172
-331
-573
-602
-507
-423
-407
-414
-365
-393
-507
-529
-412
-145
138
208
112
39
54
107
144
192
251
265
203
83
-26
-130
-232
-267
-239
-170
-61
-19
-125
-345
-435
-221
2
-13
-182
-397
-488
-368
-234
-197
-247
-295
-254
-271
-322
-463
-666
-630
-514
-405
-299
-292
-227
-160
-62
151
192
68
13
99
370
640
752
718
504
367
535
806
952
835
597
449
460
575
498
328
222
246
346
207
80
53
-32
-46
-14
30
-37
-223
-400
-554
-528
-349
-233
-313
-527
-636
-607
-511
-399
-317
-189
-18
44
-67
-117
158
590
791
709
571
519
565
627
667
793
959
973
780
446
216
375
669
644
310
-79
-223
-55
84
6
-220
-473
-570
-540
-562
-581
-564
-555
-542
-546
-483
-416
-414
-389
-267
-9
112
-12
-245
-384
-252
-30
118
96
-29
-28
34
75
-27
-194
-193
-132
-81
-132
-211
-236
-280
-259
-186
-89
-65
-229
-495
-642
-487
-152
32
-134
-460
-675
-601
-418
-347
-402
-526
-582
-610
-550
-436
-315
-171
-108
-73
-102
-68
113
197
220
357
540
720
833
822
830
807
808
926
995
943
770
648
624
678
810
720
488
359
329
430
477
368
171
7
-40
-115
-180
-216
-285
-284
-234
-232
-246
-279
-393
-476
-463
-366
-223
-181
-242
-149
136
300
122
-255
-171
437
897
885
450
69
37
335
655
620
427
335
246
54
-21
50
142
131
-8
-58
-77
-169
-410
-602
-477
-174
26
-138
-478
-667
-600
-337
-132
-29
-42
-211
-435
-562
-485
-244
2
-19
-230
-351
-346
-172
-55
-42
13
33
-28
-254
-481
-524
-399
-194
-89
-71
-81
-175
-306
-326
-215
-43
33
-102
-232
-196
-119
-121
-236
-334
-288
-186
-245
-428
-462
-400
-232
-51
-128
-228
-272
-372
-343
-152
79
222
282
338
402
549
673
725
760
729
849
1004
938
830
734
713
772
833
788
638
543
455
458
532
518
400
225
89
23
-76
-223
-316
-334
-229
-149
-201
-325
-478
-461
-383
-352
-317
-376
-373
-310
-303
-211
-76
63
225
221
121
67
60
188
340
388
360
218
48
-58
-82
-36
-43
-104
-174
-199
-130
-70
-31
-15
-53
-84
-175
-284
-202
-114
-111
-164
-275
-227
-221
-264
-229
-282
-240
-206
-251
-219
-142
-9
63
35
-71
-169
-154
-133
-39
78
90
75
-47
-183
-205
-182
-181
-232
-213
-85
4
33
-9
-163
-202
-203
-259
-259
-282
-207
-45
36
-24
-165
-249
-223
-51
49
3
-76
-189
-250
-225
-134
-22
51
79
69
92
151
252
358
416
423
352
397
502
519
512
434
469
639
729
722
578
453
405
413
486
493
503
423
235
110
58
91
114
38
-159
-316
-349
-377
-341
-250
-254
-314
-367
-455
-436
-333
-227
-139
-175
-176
-138
-62
52
22
15
113
143
131
98
73
119
137
136
147
155
165
81
9
5
25
61
3
-114
-205
-158
4
71
8
-108
-185
-156
-82
-54
-80
-117
-164
-197
-185
-103
-3
75
85
-74
-150
-70
22
129
90
4
-71
-135
-121
-55
36
61
7
-115
-183
-169
-119
-109
-153
-115
-66
-31
-135
-292
-278
-149
0
-26
-165
-285
-322
-211
-92
16
86
-16
-202
-314
-303
-102
128
69
-248
-561
-586
-339
-93
67
49
-26
11
21
86
215
344
482
469
400
413
498
604
600
573
565
559
559
483
381
282
203
180
185
204
209
179
107
3
-82
-77
-24
-47
-151
-250
-312
-321
-270
-203
-162
-152
-156
-198
-253
-221
-142
-74
-27
-54
-79
-9
51
108
176
163
226
298
367
477
390
240
121
84
182
306
334
239
60
-110
-132
-113
-15
13
-64
-141
-327
-341
-316
-242
-104
-178
-243
-317
-332
-221
-174
-137
-166
-220
-167
-145
-87
-3
-8
38
36
50
165
124
-17
-187
-284
-145
-6
124
206
74
-103
-304
-430
-339
-128
40
12
-195
-458
-586
-488
-230
3
8
-188
-436
-524
-400
-204
-35
-66
-284
-548
-641
-466
-285
-142
-71
-43
6
58
167
265
322
384
502
624
763
806
687
577
461
481
598
687
672
544
395
203
120
127
188
220
170
79
-121
-212
-184
-94
68
126
61
-25
-115
-204
-242
-179
-20
36
23
-30
-156
-132
-54
16
106
157
217
187
112
107
158
258
318
339
294
223
264
212
85
33
-9
56
126
119
61
-83
-186
-210
-147
-46
-21
-69
-220
-334
-357
-315
-191
-125
-109
-167
-286
-367
-430
-361
-253
-180
-124
-157
-191
-181
-109
-45
-22
50
55
-17
-71
-69
2
73
57
-49
-113
-158
-183
-153
-192
-203
-224
-315
-327
-338
-333
-302
-322
-292
-224
-183
-141
-161
-149
-115
-179
-178
-162
-127
-42
-14
-48
-162
-237
-181
-4
188
324
342
267
223
173
267
473
702
880
843
698
519
413
439
542
671
700
580
368
191
118
182
294
336
309
176
-35
-161
-161
-85
26
49
-21
-90
-180
-273
-290
-223
-103
-3
39
7
-68
-74
-10
34
50
82
97
86
73
58
23
0
51
50
35
42
45
60
1
-30
-59
-99
-82
-94
-122
-225
-307
-245
-122
-66
-146
-236
-257
-221
-164
-108
-50
-93
-161
-218
-242
-159
-71
16
7
-74
-116
-164
-126
-64
4
92
114
106
-17
-193
-279
-289
-188
-93
-67
-75
-100
-85
-105
-116
-92
-110
-87
-90
-195
-204
-171
-147
-109
-118
-37
-40
-113
-148
-222
-159
-127
-124
-73
-102
-37
9
-40
-43
-57
-60
18
174
281
288
281
254
249
265
310
403
478
549
557
412
238
158
182
333
483
488
425
329
212
173
180
165
168
169
110
13
-55
-52
-23
-20
10
18
-36
-86
-169
-218
-163
-118
-73
-38
-106
-146
-124
-101
-4
34
25
20
-33
-20
-10
13
31
-30
-13
-3
-6
54
62
68
30
-57
-123
-157
-161
-190
-163
-124
-121
-115
-162
-204
-179
-167
-146
-88
-95
-89
-118
-186
-165
-133
-82
-48
-22
-25
-71
-51
-25
4
32
76
104
55
48
63
27
-26
-65
-55
-29
-12
-63
-91
-115
-178
-140
-139
-120
-68
-110
-128
-118
-129
-141
-100
-94
-66
-31
-18
-4
-51
-75
-126
-108
-61
-33
-41
-129
-111
-108
-73
8
109
194
169
219
311
381
396
349
322
320
383
464
472
428
375
304
304
269
201
190
133
148
126
17
12
-37
-77
-19
35
64
6
-69
-98
-95
-50
12
54
-10
-90
-127
-148
-111
-53
-37
-43
-49
-55
-36
-48
-13
-5
-51
10
-2
-45
-52
-54
16
57
33
-9
-6
15
60
72
-14
-46
-38
-72
-55
19
14
-42
-45
-44
-77
-113
-137
-127
-36
62
61
34
19
-15
19
73
60
76
66
12
2
-30
-46
-34
-56
-39
-42
-116
-133
-132
-128
-77
-96
-95
-94
-103
-79
-109
-86
-79
-111
-106
-91
-68
-85
-110
-136
-146
-127
-136
-160
-163
-121
-97
-93
-78
-80
-53
-22
-40
-82
-92
-80
-92
-92
-97
-17
68
72
109
117
156
173
143
154
190
276
292
280
286
279
315
360
346
305
280
221
151
138
140
135
139
143
115
51
-10
-48
-84
-129
-146
-132
-112
-93
-72
-48
-22
-7
-19
-61
-89
-65
10
88
112
83
56
53
31
-12
-16
20
24
25
39
31
28
24
15
18
8
-30
-59
-85
-77
-35
-42
-51
-86
-120
-124
-113
-112
-157
-108
-67
-67
-10
25
84
99
78
82
49
51
21
37
138
157
125
63
35
45
35
3
-76
-74
-41
-57
-85
-128
-109
-93
-145
-173
-164
-168
-153
-98
-117
-190
-229
-212
-123
-120
-174
-207
-272
-247
-189
-140
-94
-150
-161
-132
-98
-25
-21
-15
-17
-25
0
-6
6
28
9
44
112
120
118
103
71
81
105
129
155
184
212
185
165
210
229
205
198
204
224
266
258
196
120
96
170
232
239
189
128
63
51
108
93
94
68
45
76
58
80
80
64
48
-4
14
63
70
87
99
67
64
67
32
40
66
41
2
26
49
21
-18
-20
20
30
-45
-127
-160
-145
-80
-78
-114
-138
-214
-219
-180
-194
-174
-164
-196
-219
-227
-212
-190
-156
-103
-97
-118
-138
-133
-64
-20
-17
-58
-113
-91
-32
19
15
-51
-121
-120
-128
-133
-89
-88
-62
-42
-69
-113
-173
-192
-121
-47
-86
-127
-129
-121
-68
-21
-40
-68
-44
-22
27
28
-39
-54
-45
15
70
64
61
90
170
197
138
136
194
231
254
228
158
182
279
333
353
313
280
258
233
247
252
290
323
278
228
205
162
94
81
111
133
159
168
116
56
33
17
21
38
-1
-74
-98
-75
-68
-61
-33
-32
-51
-68
-97
-104
-87
-77
-67
-76
-88
-89
-129
-159
-140
-126
-124
-143
-129
-88
-117
-185
-237
-242
-145
-90
-167
-229
-237
-205
-167
-146
-89
-68
-106
-127
-133
-163
-153
-125
-131
-73
-38
-8
25
-20
-31
-52
-27
70
48
2
-35
-94
-70
-26
49
93
37
17
15
26
1
-37
18
44
77
93
45
28
12
29
50
16
-5
-42
-58
-10
18
91
128
59
72
47
42
90
110
189
181
122
131
144
150
127
125
167
160
165
192
116
111
128
122
168
139
167
194
159
148
137
130
114
100
91
84
27
10
2
-46
-37
-61
-55
-54
-90
-57
-75
-62
-30
-65
-26
-54
-112
-91
-108
-43
19
-17
-14
-63
-93
-81
-137
-83
-36
-103
-111
-116
-107
-154
-219
-138
-114
-86
-16
-76
-105
-106
-134
-171
-290
-272
-117
-70
-69
-107
-187
-232
-184
-99
-134
-180
-164
-92
24
11
-20
22
16
45
92
92
129
125
146
208
147
112
122
85
80
82
70
73
76
17
21
95
82
62
108
116
74
63
52
21
40
77
78
82
76
69
93
39
5
33
41
119
162
145
117
85
94
52
38
105
109
114
117
69
78
77
59
89
66
41
43
11
29
37
16
13
-6
-15
-46
-35
-25
-75
-62
-34
-18
-38
-114
-154
-144
-72
7
-10
-53
-69
-128
-84
-24
-56
-63
-78
-74
-77
-59
-43
-93
-117
-119
-97
-80
-75
-70
-97
-132
-128
-75
-64
-74
-71
-79
-37
-44
-52
-29
-102
-96
-40
-31
31
8
-11
36
12
16
13
-19
-17
-17
-36
-61
-80
-33
65
47
17
6
-34
-7
15
53
65
78
108
93
90
72
80
125
128
128
143
144
128
142
135
156
198
112
35
-21
1
127
181
187
127
65
-22
-54
-22
-9
57
-33
-46
47
1
55
64
65
88
-38
-55
-4
39
49
14
17
-50
-101
-94
-43
4
17
-24
-100
-128
-117
-28
-58
-78
-63
-138
-100
-44
17
30
9
-25
-79
-44
-3
20
-22
-69
-58
-74
-126
-105
-24
-7
15
15
-86
-111
-53
34
37
7
16
-70
4
-24
14
79
-14
-102
-75
-39
-21
-30
-32
43
2
1
-50
-85
-30
-20
4
58
44
106
111
22
112
97
2
15
-31
-23
-35
-17
93
142
108
49
19
-13
-30
0
49
12
45
104
31
78
99
35
27
-11
9
44
77
109
67
86
71
-23
-34
10
38
69
82
-5
-22
14
35
49
-1
-50
-50
11
-13
-9
9
-30
18
-26
-16
33
9
27
-43
-85
-49
-81
-87
-116
-145
-173
-172
-102
-11
34
3
23
-40
-96
-113
-102
-129
-49
1
-17
-70
-60
14
70
26
-14
42
126
137
67
-19
-5
67
81
35
14
12
-20
-43
10
75
71
51
34
3
-28
-58
-81
-48
-22
21
39
18
67
116
68
51
75
76
90
86
90
12
-2
-77
-31
13
31
96
70
-19
-15
-7
4
74
121
44
40
-19
-41
21
-38
24
19
-8
-4
69
64
75
64
0
-41
-100
-85
-80
-63
-24
65
45
-34
-56
-29
53
91
64
39
-52
-87
-72
-33
0
-59
-74
-70
-59
3
50
85
3
-72
-45
-49
-53
-59
-48
-53
-29
0
-54
-23
-19
-25
21
-59
-87
-79
-71
-6
-31
-19
16
5
-21
-118
-58
99
138
109
-28
-69
4
97
183
95
-23
-89
-126
-90
2
95
59
-42
-48
15
90
100
23
38
88
68
52
-35
-43
-16
-32
72
62
26
78
62
106
63
1
23
-18
-7
9
4
3
7
-22
-26
18
-19
5
37
9
60
-2
-55
7
47
92
55
-2
-76
-58
17
128
75
16
-44
22
13
-51
-65
-26
88
49
-3
-57
-63
14
-16
-70
-91
-19
-48
-17
11
-67
-4
-40
-96
-79
-142
-144
-49
-56
-4
82
54
81
-2
-19
18
-79
-48
10
-30
-66
-3
50
83
93
74
134
49
-97
-159
-105
13
21
-5
-46
-20
111
112
42
60
-17
-6
-22
43
58
21
3
-77
-51
-20
13
101
54
128
27
-26
-2
26
65
34
-44
-62
2
25
45
-7
-18
17
89
122
101
78
59
5
7
-23
-18
52
-21
-63
-27
-4
135
110
-41
-60
-74
22
52
-62
-67
-67
-31
-9
24
50
89
73
-4
-8
-87
-74
-42
11
-13
-75
-73
-14
-16
-12
-32
-27
-18
0
-24
-46
-34
-35
-27
25
28
-4
-6
0
-3
34
19
-77
-37
-20
10
48
-69
8
95
102
56
-26
-9
-97
-66
-2
11
56
-11
18
55
28
18
-23
-16
9
34
73
43
-51
-54
22
62
125
114
9
-54
-70
24
88
78
65
11
36
60
-29
-86
-99
-116
-33
65
47
85
69
-48
-74
-76
-2
15
-49
-34
-1
86
61
19
2
-88
-46
50
66
-44
-99
-71
-117
9
104
-7
-10
20
14
47
63
54
20
-15
9
42
-34
-94
-39
16
50
69
54
-1
-53
-46
-10
45
78
29
-52
-74
-16
23
-1
6
10
-72
-103
-67
-45
7
4
9
56
49
49
1
-19
-23
-63
-32
-12
-27
-9
-1
17
57
15
4
-14
33
133
-3
-104
-146
-105
41
97
63
-79
-81
-64
-33
110
50
-40
-27
-42
16
81
49
68
3
-69
3
23
97
128
79
63
-17
0
34
-33
-63
-42
91
189
112
-14
-50
-72
-82
40
23
-51
-48
-66
-20
-8
73
131
38
-7
-51
23
122
72
-7
-113
-106
-5
19
-44
-70
-48
-98
8
68
-43
7
-21
-39
7
-23
48
-27
-67
59
14
-86
-87
34
85
89
122
33
-34
-59
-49
5
-18
-83
-72
-11
34
29
63
91
29
6
-93
-87
17
-50
2
30
-12
39
-17
-7
38
-41
-17
95
112
29
-73
-142
-137
-76
14
59
84
83
11
5
66
57
87
65
-33
-12
-38
44
23
-32
-19
23
68
115
-47
-74
40
54
118
41
-9
-29
-113
-45
4
-40
-40
10
-16
55
86
114
47
-11
-40
-48
-76
-97
-84
-3
58
113
84
15
17
43
31
-27
-75
-47
14
31
-66
-96
-37
-12
95
80
-47
-53
-55
-53
-12
-2
-27
-69
-45
-23
-56
-50
-48
40
27
51
7
31
45
22
47
-8
-85
-14
61
48
9
-26
-20
-58
-70
40
33
-5
-1
-37
-37
24
38
48
12
-71
3
33
60
97
-6
-39
-33
-27
47
133
48
-1
-14
-68
-41
-84
-16
4
17
85
50
37
-24
33
7
-57
-13
-34
25
47
28
21
-7
20
81
37
-15
1
-1
43
-10
-57
-7
4
117
105
-33
-5
-28
-14
62
13
35
99
25
-36
32
59
38
0
-14
-49
-91
-49
-114
-38
62
34
48
-1
8
33
45
8
-14
-41
-77
-3
-28
-16
45
43
21
-19
26
49
6
-51
-89
-112
-122
-45
-24
-24
48
46
21
-32
-65
-15
-4
-7
-4
5
27
24
-39
-36
-15
-46
49
98
63
-9
-110
-60
-4
-16
25
19
-1
15
-21
23
66
7
-15
-50
-15
66
27
-44
2
67
71
62
28
50
59
49
13
-40
-2
-5
22
82
33
35
-22
6
86
36
60
-22
5
-69
-108
-23
56
123
44
-31
-56
-39
12
-76
-29
0
-4
-72
-59
35
1
34
29
63
-29
-123
-49
-89
-91
31
-9
-65
101
-28
43
58
-107
-8
-48
-55
49
-41
-89
26
28
71
10
-30
64
9
89
61
-68
-88
-50
5
2
79
132
8
-110
-32
-16
55
52
20
-45
-53
-46
-48
38
41
72
16
-22
21
59
8
-40
-62
-22
-8
-3
-17
28
112
123
47
16
41
-4
-47
-10
-4
-2
8
31
45
24
10
-28
-45
-48
-42
52
36
-3
34
-49
-30
46
48
77
-30
-15
110
45
56
37
1
95
58
35
26
-67
-14
-31
-69
7
-66
-80
0
-21
-32
-42
-47
-94
-149
-41
32
1
-35
-26
56
89
87
27
-96
-116
-39
35
74
18
-79
-45
-12
22
75
-19
-8
-2
-88
-18
-27
-55
14
1
39
83
28
33
41
-100
-62
31
-10
78
-50
-106
38
-6
61
96
51
0
-65
-39
14
28
0
-26
-68
-31
53
96
101
20
-23
15
82
58
3
-39
-104
16
124
55
40
5
14
52
0
-3
-49
-69
4
7
7
-35
-22
36
11
41
44
5
30
63
48
80
-1
-157
-92
-30
52
76
-33
-65
-13
53
23
60
-11
-42
73
6
-29
-17
-29
-44
-81
-38
-41
-34
64
54
43
36
-14
36
35
-104
-56
-147
-82
32
59
19
-89
-2
-40
19
65
64
-90
-121
-72
-101
30
-14
-43
5
69
2
-23
9
51
64
41
23
-12
-6
-50
-36
-11
13
73
109
16
-47
10
28
-11
-7
-49
-19
-7
-19
10
7
8
-5
13
51
74
36
99
20
12
23
-19
-14
-36
-62
4
15
6
14
47
28
58
123
38
-8
-19
-34
41
27
56
103
63
62
85
51
-16
-29
-99
-45
37
-8
28
-28
-62
-61
-79
13
39
11
-31
-101
-86
-9
-3
76
33
-13
64
-60
-103
-66
-35
-66
-44
6
54
31
74
47
32
10
-54
-57
2
3
0
-38
-110
2
42
38
40
-79
-36
-51
-35
-37
-46
65
24
61
33
-9
-27
-79
-25
-34
5
23
7
32
-20
4
110
33
102
55
-38
-51
-48
-65
22
23
-1
67
14
19
42
71
81
-10
-6
-77
-79
8
17
77
48
81
-37
-44
-9
-16
7
-91
53
103
80
87
20
-20
-41
-40
20
-2
-51
-36
46
62
60
54
61
11
-58
-5
-56
-56
-22
-58
39
73
37
12
-27
-37
-24
-43
-82
-52
-5
23
77
83
-14
-32
15
-60
-84
-24
-48
-3
30
-11
-22
-109
9
187
75
58
-33
-179
-44
-43
-84
-42
-74
33
83
42
33
24
53
10
-25
-31
-47
-52
-90
-72
4
90
108
63
-21
1
80
83
63
-48
-5
98
-41
-53
14
-87
97
90
28
66
85
-60
-1
7
-114
43
3
-20
-72
-35
30
36
79
-15
66
96
-30
-3
-4
-13
-70
-45
-71
-49
41
123
-24
-123
-36
38
-7
-4
-7
-19
32
13
61
-27
-55
-18
-49
-55
34
40
39
80
5
46
50
-77
-52
-137
-135
31
11
3
30
11
-47
14
27
27
41
84
7
-97
-47
12
73
126
-8
-45
-34
19
-25
-5
-69
-69
70
49
80
100
46
-27
-43
-69
3
55
0
19
-34
-37
128
68
7
-27
-37
1
-12
-11
-90
-41
66
60
119
43
-119
-74
-14
-55
-31
-19
-6
71
39
-20
54
34
-7
7
-29
28
68
-2
2
51
46
38
-20
-28
-51
32
40
49
59
59
6
-38
16
-34
3
-92
-155
-67
58
117
94
-5
-51
-28
-96
-29
58
6
2
-22
-40
-25
-20
-7
55
42
8
-6
-29
52
31
-10
50
-9
-61
-28
7
16
-4
-49
-39
10
24
-1
3
-25
-57
-23
-60
-5
-6
45
137
124
-3
-71
-64
40
38
45
41
-103
-107
-13
64
43
-18
51
70
69
-5
-133
-129
-93
-59
8
49
0
-61
10
69
51
47
-16
-8
80
51
11
-22
-46
-39
-26
-5
-35
11
111
81
20
31
66
67
41
-28
-140
-179
-99
3
50
69
41
9
89
138
-7
-5
-11
-59
24
-64
-68
-49
-47
34
87
11
37
41
20
-22
-69
-62
-55
-25
32
-22
12
72
0
-40
-4
19
37
34
-27
-19
-40
-139
-45
38
87
133
2
-22
-76
-78
63
91
70
-58
-35
22
7
78
45
-64
-150
-93
-31
15
48
13
74
85
97
64
-65
-65
-7
-40
-46
-34
38
108
11
47
76
105
72
-2
-63
-24
-32
-43
-20
-1
-61
-17
93
84
96
26
-51
31
-29
-53
57
-2
-26
-3
0
54
44
40
-17
-95
-32
5
-38
127
18
9
57
-52
16
-9
-87
-73
26
71
36
0
-18
-30
42
34
-60
-35
72
82
45
-12
-41
-65
-134
-93
-21
39
116
41
-42
-73
-97
1
18
-58
3
52
9
0
17
71
25
-60
-7
-68
-44
73
-43
21
151
143
151
22
-25
-73
-167
-57
-30
9
97
48
64
47
-1
-28
-35
-26
-149
-73
-3
26
115
43
9
-52
-50
-78
13
38
32
82
34
22
-10
-30
-21
48
35
-29
-10
67
32
-56
53
13
22
-17
-113
24
82
39
8
-62
-95
17
8
4
11
-33
-134
-32
-9
17
22
48
47
78
2
-13
6
-23
11
18
41
-30
-53
-12
26
26
18
-28
-19
-45
-56
-40
-19
-11
-15
-18
-57
-15
54
64
127
89
-25
-61
-78
-29
108
58
-25
-17
3
33
-27
-2
43
9
34
-7
9
32
-43
-72
-85
25
29
40
35
79
52
-25
-32
-28
-29
-14
-22
28
48
-17
-54
73
9
14
-3
31
70
48
63
-28
-55
-34
-14
-16
98
12
41
-57
-109
59
30
-12
-9
-33
-54
33
-60
-128
-8
62
162
75
35
7
-44
-54
-89
-50
-43
18
45
42
6
-55
-71
-27
-23
11
-68
11
47
-54
81
90
-54
-67
-22
-32
10
-39
-10
3
25
63
47
-92
-11
121
71
73
-27
-8
-4
-10
3
-1
-8
-12
-44
-84
-25
96
38
58
34
-59
29
27
-4
83
-31
-72
19
-43
17
4
-36
82
91
71
-13
-84
-72
17
58
72
-41
-23
-12
-25
31
33
-42
-107
4
65
80
65
89
5
-72
-31
7
47
-18
-53
-16
-45
22
76
-11
-29
20
3
3
-20
-121
-88
34
20
7
30
34
143
32
-76
-6
-87
-25
54
-34
-88
-1
14
163
109
-9
-13
-132
-25
16
-32
9
-30
-31
52
16
49
19
-13
41
8
-52
-63
-101
-79
45
48
-47
-69
15
157
142
84
-11
-139
-103
-19
31
10
10
22
-36
35
35
-5
65
-15
0
34
-71
5
-16
-64
36
15
13
18
39
34
-72
-47
-24
28
99
6
20
18
-72
9
4
-58
-7
-21
25
68
14
-4
-63
-32
58
46
68
12
-53
-30
-63
-62
-9
12
-7
57
88
17
28
12
1
-2
3
4
-33
-62
-114
37
172
88
47
2
-23
26
58
21
-43
-42
-80
-25
75
26
14
-18
-66
-69
-32
73
80
6
-34
-45
-57
-12
24
10
29
3
-20
-30
-7
-4
-58
-30
53
53
1
-20
0
108
38
19
-51
-70
-40
14
66
-6
-42
-69
-4
-7
18
110
71
46
43
-58
-29
-34
-71
-29
-19
40
42
-35
-36
-13
44
80
82
66
-7
-37
-42
-101
-92
-54
-55
22
77
28
30
59
31
35
69
63
38
-70
-167
-96
-8
26
29
-7
23
59
50
-1
4
28
-35
8
-23
-18
67
-80
-83
-20
-56
64
64
39
51
46
96
42
6
-25
-6
-99
-51
26
-5
-23
-20
42
42
22
45
-16
-8
-48
-40
-64
-16
78
-20
-26
-11
-33
-42
26
55
-16
19
37
55
72
53
3
-70
-88
-55
-6
41
23
29
71
33
-5
-50
-102
-12
11
-58
2
-6
24
32
41
3
0
-79
-24
18
-24
2
24
7
29
86
19
11
24
-105
21
36
-75
3
-25
-43
-64
25
47
51
50
56
-79
-39
22
19
-60
-59
-67
-4
61
-48
150
79
14
46
-32
-78
13
-36
-38
11
23
50
-5
8
52
43
41
-48
-11
98
60
5
4
-9
-2
-24
-47
-29
18
26
53
59
32
-47
-50
18
-75
-23
-35
-17
-7
87
-30
-17
20
-29
-18
-52
53
15
-6
-89
-51
1
95
74
-42
-12
-28
5
39
-11
40
-22
9
38
-33
20
-4
37
51
-35
-16
44
5
-84
-7
-34
6
65
-7
13
-109
-104
27
36
21
-6
54
35
8
57
1
14
46
34
-7
-98
-24
12
-30
35
-81
40
119
14
61
-29
-39
2
44
-76
42
5
-75
-23
32
43
1
-36
90
81
73
64
-6
-88
-106
-29
48
13
-31
-17
-52
-75
29
119
92
7
-86
-89
-6
0
-35
79
-14
-52
5
-68
84
3
66
19
-48
12
51
5
-34
-90
-1
40
-77
49
-8
72
140
26
-47
-58
-59
10
44
-22
-70
-41
10
56
50
79
101
-18
-114
-125
-18
16
-25
-26
-5
30
-4
97
-3
18
-28
-5
-40
-15
62
14
21
11
51
-47
34
76
-2
-20
-20
-69
16
1
-11
10
-33
8
-62
-62
68
32
50
33
-46
-73
-59
14
11
-2
26
29
17
-6
-36
0
76
74
58
19
-45
-66
-64
-34
63
-63
40
89
10
49
11
3
34
36
-45
5
-19
-91
-74
-43
-8
-2
-26
37
90
85
61
-46
-95
-83
-28
41
-35
-32
7
-5
54
69
68
0
-80
-1
60
63
43
26
19
-25
-24
-36
-38
10
53
53
20
-49
-68
55
66
22
85
-88
-138
5
-54
0
29
25
7
-51
-68
30
14
71
81
45
-5
-39
-17
3
-26
-10
27
-99
15
103
50
0
-5
22
43
-29
85
-24
-63
-49
-104
-22
47
8
-1
2
-24
123
76
-67
-29
22
17
13
-3
-32
-26
-25
-22
37
-36
55
22
-30
46
22
-22
50
29
-15
-4
9
14
3
-33
-16
-18
-58
-10
53
42
13
-48
-61
23
65
25
-16
-27
-16
1
16
0
17
13
-26
-6
41
8
-20
44
4
-72
-6
-30
-61
12
27
87
3
30
-16
-33
3
-16
-46
-62
-13
25
16
62
6
-65
36
50
3
-39
-115
-16
17
-58
-20
28
-23
6
60
10
29
34
17
7
-54
-20
-31
-109
-16
51
38
-21
66
19
15
34
13
14
-75
18
-5
-19
59
31
22
27
-15
81
61
-28
45
27
-71
-65
-56
18
67
0
16
46
9
17
31
-66
-87
-5
-10
22
20
-61
44
73
7
-10
4
68
4
23
-58
-33
15
-6
21
18
-8
-29
-15
25
8
-25
15
-64
-10
30
-10
40
38
-52
-32
8
-60
-43
37
-30
7
20
-32
-5
-45
40
20
32
50
-1
-31
-19
-7
61
24
-26
31
31
22
52
-43
1
31
11
44
-35
-22
14
22
10
-43
-2
6
-35
-8
31
19
64
24
-40
15
11
8
-10
-17
-4
-53
-15
-7
-5
56
47
42
-31
-53
51
49
-13
-2
28
-3
6
-26
-41
19
-46
8
47
-56
33
73
-42
-59
-34
-2
30
7
-41
25
-21
-43
21
-65
-26
13
67
61
13
9
11
-52
2
22
31
-9
-26
17
17
-5
-20
-31
-31
8
37
-20
-47
24
66
12
35
-11
-41
-20
-34
12
-3
4
-27
22
49
-22
45
12
18
46
-8
-26
-36
-47
-52
7
8
-18
-29
6
58
27
70
23
-1
116
17
-74
-56
-33
-23
-21
74
4
-35
25
20
0
-33
35
19
11
-15
-27
-7
-67
-53
-48
16
16
32
46
33
24
27
-33
-2
-26
-35
-1
-27
30
-33
11
19
42
52
1
-11
17
0
-33
37
-12
56
27
-63
-47
-16
-1
25
9
20
21
-34
43
27
-35
-17
35
-43
-55
0
-25
29
14
-68
30
50
16
73
4
-99
-27
12
5
0
-21
-36
-20
47
51
31
81
39
-33
22
-98
-36
20
-1
-2
-11
-37
4
-12
6
63
-27
21
9
-4
74
21
43
-18
-59
-48
1
8
18
2
53
36
2
38
20
8
-5
54
-20
-26
35
-8
-24
-50
19
29
58
32
-18
-36
20
29
-9
0
34
48
24
-11
29
7
-34
41
-5
-49
50
29
-23
-69
-23
70
-32
-54
6
-12
3
-16
20
23
-40
-35
-37
-15
-53
-4
42
-22
49
58
-1
-12
-1
4
40
6
-34
4
-75
-7
24
-55
23
37
12
15
26
-8
-26
16
-5
-12
-1
-5
-12
-17
-14
5
33
21
20
50
20
-1
-4
-26
-12
4
-19
2
11
-26
70
8
-22
48
-19
31
7
3
-25
-3
12
-6
3
13
-5
21
33
-49
-2
-13
-29
7
-20
-33
2
11
-11
45
-19
-13
-15
-4
67
5
-21
-31
-6
-55
39
27
-18
-12
-26
18
5
-21
37
45
-6
-14
-15
-51
-16
-9
-12
30
20
23
-12
30
-2
36
12
-16
8
12
-8
-22
-27
-8
11
7
15
-14
5
36
-21
-1
-3
-29
5
28
2
-2
39
1
14
52
-14
-8
-23
-41
13
-6
3
14
-35
-31
6
43
14
1
34
6
-42
-46
-2
-17
13
54
-27
25
52
10
20
23
23
-11
21
-9
-43
-3
-32
-3
19
-6
-1
12
12
37
24
-38
-1
5
-15
26
1
-11
-6
-25
3
10
20
14
22
44
-13
4
33
-29
-32
-25
-39
-6
-9
1
12
-8
40
37
-8
15
15
7
4
-19
-16
-6
-19
-28
2
40
-10
-2
68
16
18
11
-37
6
1
-3
-16
-44
9
46
9
-5
7
21
46
31
14
-31
-25
-8
-26
-3
-41
-17
14
-13
11
24
21
12
28
11
-6
-8
-6
-10
-32
-8
-2
4
6
12
16
12
67
29
-29
-7
-12
-15
21
-10
-21
7
-16
15
9
0
0
-18
27
3
-11
15
-9
-40
-16
-40
-20
