-3
3
7
3
-4
-6
-3
1
1
-3
-5
1
10
9
0
-8
-2
15
15
-1
-9
-12
-4
7
5
5
4
-4
0
5
9
10
6
5
4
-2
1
3
4
6
0
0
4
1
1
-1
0
7
4
3
5
6
8
1
-1
5
8
8
6
2
3
1
2
7
6
6
5
3
6
3
1
8
6
1
3
0
1
3
-1
1
4
5
9
12
5
2
4
6
5
3
-4
-1
11
7
4
6
0
3
3
-1
2
8
8
6
1
1
1
1
4
6
2
0
-4
-1
6
5
1
1
3
3
-2
-4
-3
0
7
0
-5
-2
-2
2
5
-3
-6
-4
0
8
8
-4
-9
-3
-1
-2
-3
-1
-1
-1
1
-1
-3
-1
-3
-2
3
3
0
-2
-5
-2
-4
-3
3
-2
-4
1
-2
-5
6
8
-4
-13
-9
-4
-5
-8
-4
0
-2
-8
-7
-2
0
-3
-3
0
-1
-4
-4
0
1
-4
-4
2
0
-1
4
9
1
-6
1
3
-1
2
1
-1
8
4
-2
4
2
0
3
2
2
4
1
4
3
3
8
11
6
0
-1
10
10
1
1
10
6
0
6
11
6
1
-2
7
20
2
-6
10
15
4
1
9
2
3
32
12
-1
47
-6
-25
39
-10
-59
35
49
-21
-48
89
139
-107
-1
341
70
-283
-34
-9
-118
67
-22
-60
-5
-30
-31
91
-72
-80
362
118
-53
62
-189
-47
-84
-63
109
-138
1
-39
33
-55
4
-47
42
6
17
14
1
21
-28
-48
-33
-1
71
69
17
-74
-56
64
8
13
56
-73
-21
67
34
-59
-19
-80
40
142
42
-80
-268
-749
889
1048
-380
-159
-309
-164
239
274
-67
-152
-293
83
103
6
-84
-170
-68
92
13
72
-130
-35
-29
-169
52
45
81
33
-199
3
11
82
9
-117
14
81
16
-69
66
78
-41
-143
37
59
46
-112
39
-20
128
-34
-240
-583
-8
955
-69
76
50
-243
24
194
-93
3
-22
-127
33
179
-41
-210
45
42
106
56
-21
-109
70
-83
82
-33
35
73
-46
-22
104
-45
15
-15
-9
75
-17
76
88
-99
65
64
14
36
-52
-10
22
-13
-62
294
452
44
4
-178
-150
-7
8
79
-246
-101
-52
-200
86
-54
-153
50
-24
-6
132
-135
-75
-25
-68
152
87
33
5
-36
-19
158
41
65
-3
156
160
316
369
99
-63
-134
-161
-116
-107
67
-225
-132
-109
48
-37
-4
-36
-120
-118
-4
115
-125
-13
-168
-29
-15
128
164
72
3
119
-77
93
43
97
2
141
468
217
165
177
-186
-57
-247
-236
-54
-226
-119
-105
-84
-107
-95
-307
109
-198
-4
244
391
183
147
-271
-266
-8
-207
72
-50
26
-8
-125
-210
-117
-240
256
-2
47
159
188
-213
194
-184
-83
144
9
186
-173
-31
-1
-86
-104
162
-247
120
142
-20
-93
-84
-252
99
-470
492
-29
-242
287
-184
-96
-112
6
-218
307
-195
104
150
-181
246
-39
-58
46
-343
147
-141
270
54
-180
110
-240
182
335
150
7
-45
162
-102
-22
19
-44
89
-81
-116
-42
343
-207
-121
19
-167
-54
216
-42
-164
178
-385
73
113
50
209
-253
156
188
-142
-135
622
-368
-26
321
-65
679
302
-25
181
-191
177
227
-562
330
-7
-324
45
87
-263
178
-133
-274
303
12
136
-45
-261
420
-106
-386
543
-131
462
379
12
149
340
17
-117
205
-182
229
-161
-258
385
-360
-256
-58
-239
81
54
-168
-74
-120
-58
-44
-152
192
-138
-183
253
-297
155
-43
52
-24
145
-37
77
457
-228
-284
96
122
49
48
286
-381
37
-19
14
-164
152
-125
-308
-166
60
131
-195
176
-166
-150
24
-60
102
-357
132
-34
-240
353
-88
-371
120
166
-372
159
187
-528
320
178
-21
-163
124
66
-109
-218
418
-352
-218
675
-514
24
183
-279
248
74
191
-110
6
-10
-178
145
87
128
-90
54
111
-290
149
55
-153
175
104
72
-74
-55
-47
-222
131
-27
17
211
-83
123
-137
-105
320
-460
-88
637
-626
357
278
-356
191
-242
-244
549
-109
-161
386
-17
167
-31
-381
302
190
-420
365
55
-304
407
44
-191
90
17
36
-33
125
257
-302
-136
-43
107
-50
367
107
-493
507
298
-374
127
61
-100
-122
177
45
-143
145
-15
88
-1
12
126
-369
-24
476
-416
70
74
138
-195
-141
310
-88
86
184
-99
-193
99
145
-375
-57
207
-322
253
28
-152
-87
50
-51
-103
92
-87
-11
0
-78
195
126
-451
7
77
-176
137
235
-38
-246
-91
138
-36
-245
-84
131
-273
-75
427
-204
-261
15
51
-172
124
172
-134
-119
13
65
-287
-23
471
-188
-94
-12
63
-198
-102
27
-78
89
-1
13
25
54
-224
-172
93
-134
159
243
-258
-25
461
-272
-272
96
99
117
-57
225
-85
-167
-12
-184
68
29
-9
266
-28
46
57
-231
-267
64
84
164
161
276
-238
-251
-3
-132
234
5
23
26
-203
46
201
84
-302
-155
120
320
257
269
18
-296
28
-237
52
144
12
233
-92
-156
-62
70
-84
-154
191
252
69
154
-105
-64
91
-229
-24
215
-106
256
204
-109
-120
-28
-10
-220
246
123
-173
85
-30
-197
-112
96
-175
62
362
91
86
-90
-205
-55
90
54
26
120
135
156
-85
-30
111
-195
-228
219
365
118
30
-158
-295
-15
142
-116
332
83
-54
-125
-15
157
-301
-28
-150
-148
316
338
-24
-351
-60
154
-173
-151
119
367
83
-77
-204
-162
207
74
-216
-154
152
140
59
-92
36
12
-292
65
-33
96
276
70
-15
-354
42
356
31
-72
-68
63
121
74
219
136
-198
-312
-187
278
376
139
174
47
-19
-61
-11
176
26
-23
25
0
133
19
-198
-148
-106
136
350
141
-151
-169
163
57
-236
64
223
134
-115
-263
69
76
30
31
-192
-51
142
115
-129
-160
125
126
-30
-116
64
74
-185
-77
139
11
-247
-291
-171
-57
-45
68
246
51
-184
9
132
-164
-243
21
127
7
7
112
66
-120
-309
-148
122
309
376
36
-143
5
107
-37
-118
212
101
-70
167
-16
-127
-34
34
118
-197
-201
236
200
-167
-274
43
146
-174
-286
70
375
58
-189
-158
-165
-111
26
77
-81
91
48
-25
173
-165
-279
55
242
26
-128
66
170
-231
-507
-60
-60
187
388
-439
-365
102
35
24
-97
-113
-104
-145
-212
-83
356
136
-236
-72
-11
-91
-152
94
306
160
-50
-252
0
175
-40
47
-144
-355
73
296
163
30
-56
72
199
-53
-163
159
228
149
34
-115
125
282
193
-7
-60
333
258
-166
-124
154
375
220
-36
-101
49
325
207
-7
-89
-98
177
250
110
115
13
-68
24
21
-71
-3
235
251
-194
-168
325
148
-34
-86
-236
9
224
51
-307
-120
101
-132
-281
-81
419
185
-272
-145
34
31
-281
-133
207
-70
-203
-221
-91
204
-22
-308
-101
-29
-175
242
276
-86
-183
-284
-109
24
-18
-159
114
46
-361
-102
35
67
-230
-357
-56
203
124
-67
57
-304
-52
256
-178
-88
96
76
-1
-185
-260
175
69
-382
-76
-119
161
490
-247
-324
-108
-71
538
368
-305
-254
86
364
157
-348
-148
364
234
-64
-105
-29
280
424
14
-233
105
403
353
129
-9
114
136
20
88
199
309
167
-139
118
329
-31
51
249
83
122
-60
-7
185
6
233
11
-336
87
213
166
11
-266
37
231
31
-88
-299
-171
244
262
6
-303
-275
107
239
16
-299
-166
20
-157
86
220
-176
-441
-196
335
343
-13
-331
-303
225
281
-252
-398
36
439
162
-487
-459
85
314
194
-231
-511
-147
328
416
-41
-587
-400
317
513
-39
-417
-337
60
182
-111
-204
-47
313
4
-487
-163
116
132
8
-216
-251
76
261
-61
-249
-87
148
145
-141
-233
3
170
88
-131
-274
-20
341
225
-56
-161
-107
130
323
138
-104
-6
35
208
216
-71
-8
-1
165
290
69
-24
-32
117
238
121
-134
-100
204
259
86
-134
-135
-12
79
206
67
-223
-90
146
1
-45
32
-135
-86
154
34
-243
-128
181
165
-74
-302
-141
110
44
59
14
-110
-229
-29
259
-104
-241
-10
14
169
-48
-420
-46
258
158
-55
-341
-166
151
227
102
-172
-168
-96
-19
46
-89
20
94
-1
-175
-301
70
159
-38
-14
-10
11
-65
-239
-169
168
215
11
-160
-325
-94
190
193
-99
-356
-12
116
168
74
-226
79
-51
-66
134
-138
4
103
198
67
-283
-51
-44
-11
325
21
-238
51
175
127
-60
-198
-15
145
159
162
18
-125
38
64
138
244
-109
-75
226
211
174
-54
-53
192
198
160
-10
-141
-29
270
274
-74
-178
-182
75
345
149
-152
-177
-126
74
437
23
-454
-331
127
521
43
-585
-499
134
510
222
-425
-583
-43
402
387
-297
-574
-72
230
241
-48
-342
-298
77
322
22
-260
-144
50
55
128
-1
-329
11
175
-34
-25
-217
-71
231
115
-213
-369
-58
264
222
-116
-209
-136
-66
273
239
-216
-342
-96
277
328
-137
-379
-106
100
263
131
-289
-169
6
107
167
-106
-183
-109
122
256
70
-206
-266
162
333
139
-114
-296
5
305
104
-159
-54
40
101
226
-57
-83
155
74
117
92
-61
-68
180
265
29
92
-8
-107
109
135
234
88
-110
52
121
129
-16
14
175
110
55
-46
-88
-26
234
354
-5
-211
-169
-14
232
204
13
-45
-99
-38
110
-42
-76
78
86
125
-164
-302
78
230
133
-43
-212
-301
34
355
62
-132
-231
-142
225
62
-228
-122
7
16
68
-114
-248
170
79
-145
23
-168
-117
113
189
49
-245
-180
77
153
-74
-187
-14
154
195
28
-315
-305
119
323
204
-195
-306
15
232
207
-117
-409
-204
386
415
-99
-347
-166
155
202
95
-176
-193
43
168
264
-148
-234
149
68
91
-3
-293
-8
288
148
-84
-157
-40
79
71
23
25
41
50
-51
-83
55
109
83
23
-87
-61
125
138
77
46
-70
-45
99
187
63
-67
45
26
13
75
-41
-23
90
115
80
-20
-112
-124
87
173
-32
-79
11
16
-69
-120
20
85
-52
-41
-48
-85
32
-37
-91
41
21
-30
-33
-85
-87
-153
-24
214
-33
-199
-135
-54
116
8
-39
-122
-201
153
120
-136
-137
-88
130
55
-155
-185
-202
216
324
-190
-329
-205
90
312
12
-252
-110
88
112
-29
-247
-3
287
22
-164
-119
5
76
58
-20
-199
-73
131
23
-32
-31
-99
-8
89
-18
-89
-7
-91
-81
201
4
-242
-104
125
263
-64
-239
-133
21
275
190
-137
-324
-33
341
234
-71
-230
-19
252
214
12
-170
-16
312
219
-63
-119
37
204
175
117
-26
-174
44
254
169
57
-135
-74
330
228
-107
-197
-102
379
382
-192
-312
-94
305
428
-113
-441
-208
289
514
35
-491
-387
24
385
467
-131
-764
-367
691
665
-239
-561
-428
255
533
88
-197
-556
-156
474
250
-99
-375
-186
441
152
-400
-167
-50
427
394
-311
-346
-180
216
304
45
-331
-242
-136
295
250
-159
-197
-24
83
-147
-43
-134
129
83
-95
58
-395
-111
222
190
152
-254
-474
-15
142
291
7
-392
-190
47
110
103
-40
-243
-208
10
68
42
-219
-198
196
183
-52
-144
-112
167
353
154
-23
-39
62
246
230
173
174
104
132
222
132
69
200
227
93
96
163
32
37
135
0
-35
129
63
-130
8
-36
-179
-32
19
157
-52
-494
-263
275
337
-302
-575
-75
122
179
152
-499
-656
152
589
54
-600
-372
218
237
-53
-331
-171
143
36
122
-85
-461
-75
238
250
30
-421
-296
140
218
123
-96
-414
-86
413
80
-199
-350
-338
255
483
72
-611
-554
242
541
-15
-608
-445
-17
416
407
-241
-731
-299
292
105
-67
-315
-349
-7
-1
-158
-406
-345
103
272
-171
-568
-365
228
783
555
-179
-535
-220
565
953
528
95
119
248
301
310
449
675
614
274
40
173
522
640
397
160
147
220
361
520
426
71
-310
-335
146
484
259
-75
-312
-312
82
52
-487
-202
576
337
-276
-521
-729
-105
850
683
-101
-917
-737
382
529
385
-131
-942
-513
195
591
191
-619
-687
-159
171
-105
-259
-66
378
-142
-681
-256
-219
140
125
120
371
-624
-929
-526
40
983
430
-828
-1370
-727
802
1079
-270
-1461
-1158
-222
472
496
-594
-997
-263
85
-313
-939
-687
149
209
-552
-1425
-1271
-80
681
127
-1234
-1607
-511
982
1603
697
-611
-1139
-209
1210
1567
1408
1048
450
123
284
834
1437
1553
1069
626
494
635
952
1025
763
416
157
204
548
735
509
-18
-470
-321
301
588
234
-181
-198
-103
-364
-711
-436
388
742
102
-545
-518
-400
38
743
480
-341
-509
17
562
233
-407
-552
-232
830
858
-771
-973
-96
-301
-325
6
-442
-884
-316
572
-159
-1376
-1093
-320
393
523
-626
-1389
-247
745
373
-928
-2152
-774
1060
1025
102
-1534
-1792
-83
723
-720
-1423
237
612
-352
-1098
-1796
-879
211
-175
-953
-987
-323
-326
-894
-1283
-1097
-684
-623
-1090
-1852
-1327
657
2036
1231
-953
-2025
-532
2081
3049
1942
757
806
1268
1109
797
1346
2541
2964
2018
760
460
1152
1861
1867
1342
905
796
766
589
278
-40
-152
13
177
65
-193
-270
-14
91
-604
-1545
-1287
286
1470
1050
-474
-1613
-1142
358
991
563
476
710
322
-499
-542
-1
504
1127
990
160
-576
-802
-342
135
-52
-517
-448
-153
302
-650
-2485
-1589
-186
47
486
-632
-1937
-1522
-1410
-618
295
-556
-842
-990
-1236
-766
-968
-798
-19
-271
-872
-868
-1280
-1342
-329
-16
-543
-1316
-1447
-613
-511
-1113
-1357
-1975
-1916
-525
-332
-1709
-3145
-3078
-2205
-1198
1042
2770
2177
-889
-3300
-1939
1769
4843
4675
2352
577
402
1491
2843
3870
3946
3193
2519
2516
2711
2553
2210
1944
1855
1805
1790
1823
1664
890
-409
-1208
-725
511
1364
1117
-164
-1415
-1649
-1293
-996
-362
521
511
-478
-1314
-1467
-911
339
1339
947
-265
-759
-108
788
1259
1042
192
-407
-285
98
531
880
393
-779
-1340
-853
-435
-323
286
-161
-1803
-2914
-3058
-1137
1295
1516
-911
-4263
-4415
-2104
-144
1213
317
-2058
-3413
-2944
-1759
-1
1982
669
-2327
-4105
-4044
-950
1778
1639
-719
-4055
-4703
-2138
347
757
-881
-3380
-4449
-2575
-436
-1128
-3762
-4782
-1548
3458
4821
957
-3454
-3173
1058
4382
4347
3110
3218
3826
2822
1091
1594
4608
6781
5634
2970
2109
3302
3938
2818
1807
2598
4067
3987
2038
-65
-794
-154
849
1247
732
-312
-1184
-1499
-1296
-799
-172
46
-569
-1519
-1880
-1129
68
552
-97
-814
-583
421
1197
923
228
-63
878
1430
362
-347
110
1270
1268
172
-770
-1066
59
784
103
-1160
-1652
-949
-848
-1465
-1836
-1760
-1101
-1024
-2150
-2418
-1593
-1227
-1645
-2555
-2336
-893
-387
-1381
-3012
-3020
-398
1044
-933
-3339
-3503
-1765
-132
611
511
-1753
-4610
-3865
-695
523
-526
-2051
-3245
-3776
-3974
-3346
-393
3616
4513
325
-4954
-4778
1330
6674
6150
1956
-81
1872
4129
3909
2947
3615
5129
5282
4114
3424
3815
4093
3221
2117
2553
4147
4548
2822
457
-790
-282
1278
2106
1245
-212
-1211
-1938
-2163
-1190
357
780
-585
-2493
-3056
-1664
223
693
-198
-882
-597
-6
18
-223
108
923
1582
1379
392
-74
219
486
543
212
185
1113
1263
-251
-1648
-1618
-619
24
-206
-672
-1263
-2254
-3188
-2820
-745
638
-932
-3632
-4399
-2935
-736
535
-708
-3702
-4857
-2847
-287
336
-1566
-3855
-3250
-931
-410
-1109
-1413
-2068
-2832
-2428
-1438
-1269
-1853
-2052
-1938
-3190
-5384
-4737
317
5589
5361
-1006
-6626
-4306
3520
8314
6406
1434
-496
2190
4872
4457
3250
3691
4976
5191
4374
4063
4374
4239
3037
1808
2773
5483
6314
3180
-1280
-2717
252
4108
4317
648
-2637
-2231
-464
236
-235
-845
-906
-1347
-1298
-1024
-990
-1008
-1441
-1246
-364
766
1042
-154
-1473
-1618
-157
1869
2698
1522
-268
-869
-73
952
1137
824
528
127
-185
-64
36
-373
-967
-1089
-788
-999
-1622
-1703
-1740
-2119
-1985
-1805
-2139
-2095
-2176
-2941
-3157
-2694
-2067
-1381
-1727
-3027
-3643
-3003
-1300
151
-438
-2111
-2941
-2917
-2243
-1196
-830
-1213
-1762
-2498
-3257
-3991
-4591
-3306
1247
5963
4902
-2482
-7925
-4087
4986
9026
5112
33
-261
2683
4545
4226
3470
3658
4594
5382
5369
4495
3301
2547
2555
3219
4427
5529
4799
1555
-1694
-1638
1487
3995
3119
45
-1962
-1765
-1170
-1408
-1327
-136
598
-687
-2966
-3764
-2245
-152
435
-472
-1239
-920
-236
-324
-923
-522
1239
2435
1550
-200
-833
-118
903
1396
1383
1278
1009
248
-649
-735
96
896
940
-96
-1668
-2337
-2130
-1769
-889
-305
-1285
-2744
-3282
-2848
-2010
-1861
-2671
-3148
-2598
-2004
-2057
-2509
-3115
-3155
-2127
-980
-629
-1318
-2861
-3376
-2135
-889
-472
-846
-1887
-3137
-3851
-3840
-2742
-394
2619
3796
797
-3572
-4778
112
5973
6325
2877
-112
1265
3857
4399
3629
2583
3703
5291
5648
4805
3532
3074
3002
3356
4203
4929
4405
2450
150
-694
719
2722
3160
1459
-861
-2113
-1794
-648
-76
-593
-1244
-1152
-965
-1679
-2815
-2807
-1252
380
651
-248
-1180
-1543
-1288
-350
1033
1931
1614
493
-399
-384
479
1473
1734
1217
638
391
241
3
-125
153
735
898
16
-1426
-2223
-1834
-845
-261
-588
-1539
-2438
-2843
-2811
-2731
-2738
-2430
-1661
-1345
-2325
-3701
-3779
-2417
-1204
-1279
-2189
-2581
-1907
-1120
-1321
-2403
-2934
-2080
-740
-574
-1943
-3998
-5148
-3351
1376
5541
3695
-2988
-6596
-2792
4500
7049
3898
330
58
2622
4188
4068
3353
3038
3913
4639
4780
4135
3371
3324
2937
2778
3483
4736
4737
1850
-978
-995
1539
3509
2272
-109
-1714
-1788
-1027
-758
-704
-1132
-1001
-524
-1338
-2520
-2589
-1083
169
-50
-677
-914
-698
-704
-774
-228
1156
2207
1413
-24
-829
-73
1413
1836
1838
1094
374
139
-158
298
800
815
666
341
-379
-971
-1467
-1664
-865
-218
-346
-1240
-2634
-3671
-3306
-2193
-1220
-1066
-2474
-3361
-3112
-2278
-1988
-2625
-2202
-1519
-1245
-1444
-2228
-2307
-1939
-1832
-1613
-1465
-1692
-1657
-1657
-2682
-4296
-3945
231
5034
4882
-1119
-6748
-4812
3595
9220
6061
-961
-2941
1492
6016
5804
2625
1242
3312
5809
5411
2956
1803
2961
4080
3674
3076
3437
3619
2114
35
-308
1356
2693
1906
-376
-1968
-1585
-456
193
-550
-1495
-1282
-851
-932
-2216
-2734
-1491
-152
205
-783
-1428
-1271
-990
-580
189
1362
1784
934
-220
-513
201
1357
1972
1440
647
503
609
321
221
761
1215
899
-4
-818
-994
-668
-592
-839
-814
-521
-936
-2292
-3278
-2861
-1539
-940
-1864
-3290
-3406
-2235
-1504
-2197
-3304
-3129
-2095
-919
-854
-2263
-3323
-3093
-1240
187
-220
-1502
-2550
-2200
-2261
-3314
-3240
-817
3177
4214
360
-4644
-4990
963
6411
6036
1670
-1249
299
3278
4393
3109
1782
2804
4852
5430
3533
1476
1635
3271
4447
4032
3276
2691
1669
78
-493
951
2224
2713
1281
-1103
-2123
-1990
-128
901
-47
-1245
-1738
-1360
-1655
-1752
-1079
-560
81
204
-341
-1095
-1629
-813
575
1511
1586
563
-51
-252
22
813
1271
1735
1473
845
199
-313
220
999
1385
787
-307
-748
-679
-534
-626
-658
-493
-505
-984
-1636
-2198
-2543
-2267
-1457
-847
-1144
-2163
-3176
-3335
-2298
-1253
-1172
-1476
-1861
-2540
-2960
-2291
-903
-481
-1279
-1932
-2319
-2484
-1940
-1440
-1597
-2655
-3950
-2443
2258
4945
1447
-4724
-5834
404
7004
6784
1250
-2365
-149
4107
5780
3676
957
1832
4808
5989
3626
1085
1726
3681
4825
4005
2457
1591
1025
1100
1206
1509
1926
1357
47
-1510
-1360
209
448
-866
-1927
-752
622
-574
-2915
-3434
-898
1621
1328
-815
-2716
-2439
-473
1195
1326
265
-99
405
336
-269
-31
1091
1855
1584
544
-70
207
735
948
913
997
879
158
-641
-828
-272
427
63
-1147
-1807
-1451
-775
-829
-1877
-2859
-2404
-1199
-817
-1789
-3184
-3243
-2292
-1498
-1377
-1827
-2257
-2735
-2631
-1556
-757
-1049
-2028
-2521
-1848
-1565
-1816
-1402
-1360
-2220
-3640
-3424
179
4071
3514
-2093
-5888
-2261
5023
7571
2849
-2021
-1092
3363
5796
3915
915
1025
3935
6026
4501
1415
1029
2849
4313
3677
2109
2050
2249
1669
644
237
1015
1433
991
-174
-1253
-991
-424
-816
-1636
-1576
-655
-414
-1336
-2241
-1774
-429
101
-556
-1297
-1022
-127
245
-21
11
761
1395
1072
189
-55
773
1855
2137
1450
544
313
802
1226
1176
886
605
314
49
-145
-166
-95
-327
-987
-1485
-1107
-704
-1120
-1971
-2499
-2151
-1756
-1811
-2057
-2146
-2040
-2308
-2310
-1899
-1861
-2025
-2077
-1836
-1805
-1768
-1316
-1466
-2029
-2120
-1635
-1463
-1872
-1827
-1942
-3213
-3823
-918
3637
4126
-1221
-6262
-4012
3177
7281
4448
-994
-2212
1424
5433
5558
2186
322
2419
5539
5636
2705
723
1702
3529
4087
3396
2321
1713
919
397
954
1707
2081
730
-1155
-1884
-924
1064
743
-1548
-3178
-2183
216
482
-1186
-2815
-2209
138
1183
150
-1617
-1746
-172
1151
1428
669
72
321
980
1262
843
746
1087
1206
1007
937
1134
927
483
433
715
804
423
-116
-459
-330
-71
-260
-1167
-1930
-1552
-816
-560
-1495
-2428
-2313
-2053
-1663
-1891
-2224
-2233
-2103
-1772
-2167
-2296
-1758
-1399
-1602
-2121
-2086
-1453
-898
-1293
-2391
-2843
-1934
-786
-950
-2760
-4778
-4018
562
5161
3916
-2994
-7423
-3141
5233
8078
3048
-2511
-1547
3268
5655
3518
575
1416
4518
6319
4384
671
252
2792
4785
4370
2729
2262
1978
610
-127
665
2538
3078
669
-1805
-2306
-526
1326
409
-1648
-2216
-652
521
-751
-2558
-2456
-370
1430
966
-1074
-2187
-1329
363
1355
1300
898
546
333
177
313
983
1741
1851
1304
564
300
630
814
1022
1062
1046
883
-188
-862
-683
189
861
-321
-1710
-2047
-1392
-537
-1121
-1908
-2158
-2096
-1892
-2275
-2324
-1985
-1787
-1893
-2350
-2501
-1964
-1366
-1458
-2132
-2481
-1801
-1289
-976
-1532
-2909
-2829
-1701
-492
-1026
-2922
-4143
-3358
-22
3227
3603
-1050
-6060
-4080
2845
7100
3933
-1515
-1887
1937
5076
4271
1870
1515
2976
4774
4530
2553
1813
2353
3112
3577
3434
2937
1896
549
325
1368
2148
1817
510
-658
-890
-259
410
-455
-1530
-1090
-21
82
-1654
-2710
-1814
-372
815
283
-1014
-1398
-901
189
422
427
960
933
361
-415
-222
1112
1972
1638
700
374
846
1216
930
452
435
909
1131
412
-665
-966
-224
512
151
-1053
-1850
-1458
-605
-695
-1813
-2516
-1941
-1129
-1395
-2459
-3074
-2664
-1718
-1079
-1415
-2380
-2963
-2455
-1507
-1284
-1609
-1884
-1960
-2135
-2110
-1758
-1402
-1608
-2162
-2722
-3692
-2437
1590
4834
2200
-5108
-6635
26
7374
6840
56
-3006
-262
4784
6206
2737
-105
891
5410
7269
3446
-188
194
3825
5627
3537
2046
1502
1342
1290
814
1685
2021
1284
23
-1585
-1065
405
750
-526
-2025
-1423
54
-67
-1807
-2774
-1493
676
1255
-184
-1743
-1702
-125
1121
988
334
237
632
733
438
476
1268
2074
1867
734
-37
399
1348
1605
1038
560
658
727
128
-618
-472
369
500
-630
-1785
-1733
-898
-633
-1353
-1988
-1671
-1225
-1937
-3129
-3189
-1921
-942
-1384
-2519
-3122
-2479
-1465
-1159
-1866
-2396
-1974
-1108
-988
-2288
-2832
-2174
-550
-270
-2136
-4086
-5101
-1919
2975
5244
1033
-6338
-6152
1129
7969
6025
-1164
-3086
627
5477
5589
1555
-287
1853
5600
6434
2506
-368
911
3888
5479
3372
1469
1319
1246
1371
992
1350
1912
1189
-249
-1572
-1113
516
928
-990
-2722
-1646
147
426
-1615
-2899
-1669
-46
1149
-100
-1556
-1244
-187
1044
676
298
620
974
960
217
113
1020
1977
1852
889
210
572
1253
1273
760
401
707
830
255
-494
-593
16
353
-466
-1464
-1681
-1310
-736
-1336
-1860
-1771
-1860
-1665
-2428
-2471
-1541
-1528
-1426
-2371
-2731
-1649
-1490
-1482
-2235
-2408
-1694
-1531
-1540
-2112
-2312
-1762
-791
-1189
-2367
-3762
-4373
-1032
3399
5009
-253
-6919
-5179
2077
8218
5601
-1918
-3199
893
6063
5996
1131
-783
1538
6094
6533
2026
-674
577
3909
5355
3643
1243
493
891
1387
1670
1624
1745
431
-1084
-980
-562
382
166
-1162
-1323
-899
161
-394
-2495
-2303
-615
1000
805
-1012
-1755
-1187
483
1240
571
484
590
742
648
438
1050
1736
1771
995
516
829
1362
1553
955
912
968
1007
759
-433
-580
-272
479
583
-859
-1681
-1693
-809
-479
-1293
-1847
-1981
-1918
-2034
-2068
-1921
-1816
-1933
-2215
-2241
-1988
-1621
-1755
-2373
-2584
-2163
-1176
-535
-998
-2673
-3479
-2252
-539
97
-1717
-3357
-4323
-3078
1291
4458
3236
-3816
-7204
-1982
5677
8138
1557
-3774
-1894
3491
6757
4060
2
-241
3308
6564
5142
706
-477
2265
4882
4601
1989
749
991
1115
1384
1348
1167
917
-68
-793
-740
-274
255
-582
-1814
-1131
240
-51
-1929
-2856
-1396
582
1222
196
-1395
-1506
-390
540
1080
999
688
777
755
448
211
518
1654
2436
1691
383
125
939
1464
1162
953
1079
743
-115
-506
24
577
284
-646
-1316
-1429
-1295
-1128
-1077
-1244
-1785
-2036
-1854
-1783
-2040
-2031
-1840
-1773
-1632
-2216
-2440
-2341
-1503
-1061
-1878
-1908
-1751
-1588
-1884
-2406
-1585
-771
-864
-2047
-3099
-3382
-2640
945
3126
2907
-3589
-6042
-1390
4996
7233
1179
-3103
-1124
3089
6724
3702
-416
-120
3230
6800
4480
-109
-271
2667
5213
4018
1170
664
1460
1741
1440
531
907
1451
364
-318
-1014
-839
285
-339
-1072
-1615
-1255
35
-927
-1939
-1569
-690
415
110
-678
-860
-721
184
757
389
531
864
888
440
-210
956
2562
2195
919
126
745
1896
1839
1265
725
593
1098
621
-378
-439
75
823
513
-1043
-1960
-1926
-1021
-177
-847
-1765
-2158
-2238
-1876
-1940
-2308
-1948
-1484
-1626
-2221
-2721
-2380
-1986
-1382
-1375
-2163
-2046
-1719
-1641
-2061
-2073
-1587
-767
-1122
-2229
-2886
-4018
-1516
1827
3973
1845
-5274
-5552
200
6532
6218
-975
-3029
115
4972
5939
1434
-787
869
5076
6601
2601
-702
86
3468
5087
3244
830
763
1552
1184
889
724
1497
1377
50
-918
-1506
-309
460
-324
-1226
-1195
-445
-639
-1755
-2239
-879
971
1214
-613
-2359
-1788
484
1933
1316
-255
-797
533
1441
1321
721
490
1689
1951
1424
827
323
1237
1580
1495
1414
580
418
30
-109
429
402
320
-495
-1423
-1563
-1303
-821
-845
-1425
-2032
-2312
-2218
-2096
-1992
-1635
-1553
-1921
-2439
-2713
-2045
-1161
-1209
-1998
-2503
-2089
-1218
-879
-1888
-2495
-1835
-1259
-359
-1361
-2631
-3407
-3870
166
3492
3799
-900
-6866
-3778
2924
7545
4554
-2597
-2884
1178
5401
4885
430
-367
2140
5123
5279
1225
-962
1233
4144
4805
2568
606
617
936
1389
1614
1287
1194
390
-635
-877
-790
490
744
-887
-1550
-1034
162
-358
-2175
-1901
-215
1529
1325
-1037
-2649
-1689
1043
2541
1430
-484
-825
433
1522
1269
528
797
1735
2010
1101
34
67
1064
1894
1884
1259
406
-351
-542
82
852
793
-103
-1006
-1447
-1516
-1303
-838
-663
-1169
-1802
-1934
-1905
-2325
-2506
-1658
-473
-778
-2429
-3278
-2372
-912
-817
-1677
-2200
-1734
-1493
-1631
-1614
-1711
-1612
-2131
-1542
-1017
-1518
-2842
-3789
-650
2986
4047
-981
-6670
-3682
3165
7739
3712
-3203
-2852
1788
6163
4375
-742
-961
2416
5944
4983
293
-1304
1111
4546
4774
1813
319
680
1105
1548
1349
1217
1198
203
-231
-615
-380
418
-122
-655
-885
-439
63
-844
-1961
-1643
131
1322
485
-1424
-2168
-880
1229
2010
732
-540
-96
1163
1379
616
478
1366
2080
1684
645
175
841
1828
2010
1350
642
339
270
252
308
458
453
-13
-801
-1349
-1272
-851
-637
-948
-1388
-1619
-1700
-1897
-2185
-1967
-1359
-1042
-1668
-2616
-2837
-1888
-859
-937
-1706
-2622
-2220
-1502
-1149
-1333
-1984
-1474
-1509
-1399
-1252
-1836
-2473
-3472
-1464
2345
3561
-260
-5942
-4631
1876
6611
4654
-1953
-3167
470
4512
4864
732
-549
1586
4751
5280
1278
-1274
524
4111
5392
2830
149
190
1180
1946
1902
1218
1222
765
-104
-512
-557
270
582
-385
-900
-591
-32
-351
-1748
-1682
-83
1030
905
-670
-1756
-987
223
1071
979
294
252
211
185
767
1198
1536
1622
1028
647
626
688
1088
1471
1450
966
216
-170
-15
347
577
447
-9
-648
-1159
-1187
-931
-878
-1057
-1190
-1221
-1500
-2115
-2445
-1940
-963
-655
-1448
-2563
-2753
-1883
-1051
-1149
-1894
-2162
-1786
-1297
-1359
-1729
-2130
-2088
-1407
-1017
-769
-1467
-2810
-3642
-2437
1098
3325
1772
-3676
-6007
-824
5224
5926
138
-3759
-719
3365
4717
1714
-1032
887
3986
5254
2295
-1248
-355
3155
5346
3716
793
-11
1113
1793
1706
1609
1291
1126
500
-26
-70
-22
445
154
-687
-394
38
-513
-1389
-1652
-275
1001
454
-797
-1745
-1093
686
1374
861
175
-266
283
892
813
971
1006
1417
1287
759
717
576
1277
1413
1313
1169
425
240
23
381
816
633
140
-591
-859
-838
-841
-934
-939
-1013
-1229
-1513
-1812
-1866
-1809
-1654
-1313
-1124
-1713
-2577
-2519
-1558
-966
-1272
-1760
-2133
-2118
-1485
-1096
-1578
-2129
-2188
-1430
-627
-1217
-2240
-3220
-3133
-726
2004
2953
-735
-5606
-3844
1834
5713
3669
-2052
-2820
508
4111
4231
511
-431
1738
4194
4346
1046
-756
1360
3825
4335
2566
403
526
1359
2158
2370
1168
808
826
368
304
-46
106
650
-120
-506
-460
-589
-535
-1248
-597
780
708
-312
-1724
-1277
449
1257
829
-231
-389
537
1325
1058
231
61
999
1851
1409
348
9
778
1578
1509
888
363
181
278
536
669
425
-50
-332
-387
-545
-800
-846
-699
-703
-966
-1291
-1587
-1828
-1758
-1276
-959
-1437
-2316
-2523
-1784
-1150
-1235
-1688
-2035
-1894
-1576
-1605
-1839
-1826
-1500
-1212
-1547
-1829
-1653
-1709
-1733
-2565
-2976
-627
2152
2492
-1657
-5870
-3052
2775
5777
2914
-2595
-2556
1039
4207
3958
303
-357
1958
4167
3955
746
-462
1996
4146
3912
1772
294
1228
1864
1729
1802
1281
1370
992
-20
57
-49
412
540
-165
-353
-688
-713
-550
-323
-278
-111
-369
-605
-325
-386
387
423
276
322
213
764
582
231
158
731
1405
1553
566
-215
541
1169
1665
938
407
586
520
758
89
-115
404
590
134
-903
-1249
-799
-263
-349
-909
-1314
-1267
-1260
-1442
-1447
-1353
-1240
-1454
-1643
-1731
-1886
-1659
-1374
-1496
-1604
-1730
-1830
-1526
-1800
-1850
-1473
-1412
-1243
-1413
-1610
-1994
-2382
-2677
-1220
1324
2111
1
-4439
-4056
559
4317
3814
-1080
-2513
-375
2755
3589
1057
-24
1377
3694
3759
1404
-333
1021
3618
4154
2710
825
808
1611
1782
1871
1641
1472
1279
437
-84
172
517
810
329
-459
-319
-7
-161
-570
-726
-50
676
260
-869
-1287
-348
864
975
207
-269
95
633
501
54
216
1013
1481
946
4
-217
538
1424
1553
947
322
160
285
292
162
176
319
147
-516
-1106
-1018
-531
-405
-763
-1085
-1122
-1204
-1482
-1663
-1426
-1007
-1045
-1585
-2176
-2198
-1596
-886
-968
-1927
-2542
-2141
-1261
-854
-1065
-2151
-2527
-1647
-957
-1059
-2207
-2952
-3165
-1231
1584
2162
-458
-4971
-3865
1258
4824
3500
-1977
-2736
385
3392
3668
508
-151
1614
3626
3989
1213
-252
1175
3572
4394
2367
541
682
1616
2061
2038
1703
1253
549
-58
438
679
569
554
-79
-454
-276
-89
-288
-1000
-738
453
457
-436
-1231
-1131
306
1053
449
-159
-305
350
968
496
-1
279
992
1465
964
146
181
1010
1704
1441
569
158
477
904
775
232
4
204
222
-275
-914
-1026
-624
-405
-726
-1173
-1276
-1263
-1455
-1711
-1556
-1151
-1140
-1650
-2124
-1937
-1493
-1355
-1575
-1755
-1901
-1782
-1585
-1814
-1469
-1172
-1404
-1944
-2148
-1317
-1119
-1370
-2416
-3118
-788
1853
2257
-1316
-5349
-3004
2410
5186
2453
-2642
-2578
1057
3645
2996
180
-104
2078
3692
3157
603
-379
1920
3987
3747
1905
497
945
1574
1928
2118
1573
1245
747
-114
-33
484
949
921
-114
-598
-337
-215
-192
-557
-332
517
297
-597
-1264
-973
524
1112
324
-264
-258
415
854
360
255
868
1253
1028
355
136
743
1368
1399
898
439
420
559
555
416
341
442
426
-12
-640
-949
-695
-268
-284
-831
-1417
-1535
-1321
-1198
-1355
-1414
-1347
-1440
-1636
-1868
-1831
-1540
-1245
-1351
-1638
-1920
-1952
-1680
-1419
-1010
-1615
-2133
-2051
-1742
-960
-1540
-2434
-3192
-2220
978
2234
321
-3797
-4611
-23
3982
3790
-357
-2744
-434
2470
3661
1587
-540
1120
3224
3748
1959
-391
898
3507
4164
2967
797
552
1773
2154
2244
1571
1131
1257
523
333
401
334
973
650
-61
-106
-549
-237
-157
-411
402
236
-167
-737
-1109
95
711
587
-6
-438
165
663
626
370
444
917
1195
807
319
383
895
1374
1252
786
468
466
591
535
333
232
290
226
-179
-696
-856
-557
-256
-435
-1041
-1550
-1539
-1253
-1089
-1279
-1489
-1479
-1447
-1587
-1916
-1932
-1656
-1236
-1298
-1786
-2275
-2192
-1364
-1075
-1196
-1908
-2044
-1877
-1662
-1278
-1896
-2154
-2971
-1619
1080
1562
-310
-4532
-3650
1131
3994
3183
-1549
-2437
603
2901
3174
328
-456
2180
3773
3343
860
-328
1945
3809
3723
2239
685
1246
2141
1905
1851
1481
1280
1294
400
384
617
592
948
194
-145
-44
-240
-86
-545
-509
230
674
303
-1056
-1588
-370
1191
1358
201
-760
-368
690
999
554
285
707
1098
814
313
312
820
1186
1020
574
301
301
410
424
323
269
253
27
-488
-898
-833
-381
-74
-430
-1252
-1763
-1559
-1191
-1110
-1358
-1578
-1552
-1383
-1360
-1746
-1920
-1642
-1125
-1180
-1658
-2050
-2011
-1468
-1317
-1170
-1741
-2123
-2140
-1624
-759
-1447
-2138
-3181
-1650
1389
1980
-238
-4623
-3659
1043
4075
3008
-1853
-2776
150
3273
3704
633
-673
1174
3734
4085
1449
-473
897
3626
4190
2375
310
402
2063
2343
1921
1105
802
1372
786
506
435
424
1035
537
102
-165
-515
-108
-7
232
378
-12
-316
-510
-232
288
511
394
195
45
106
400
707
798
557
507
838
969
586
331
823
1379
993
113
16
625
709
35
-282
180
419
-198
-910
-886
-386
-171
-432
-875
-1261
-1398
-1224
-988
-1095
-1385
-1417
-1312
-1487
-1707
-1555
-1299
-1336
-1640
-1631
-1524
-1643
-1960
-1954
-1072
-986
-1828
-2057
-1730
-1670
-1752
-1741
-2458
-2132
-197
1437
1018
-3092
-4702
-676
3234
4035
-62
-3190
-754
2168
3617
1632
-749
913
2930
3620
2031
-370
712
3233
4061
2786
558
415
1986
2285
1912
1433
865
1356
892
201
469
447
1104
816
-376
-517
-255
-14
163
23
-273
-79
-177
-534
-474
-138
472
634
210
-270
-197
450
825
599
316
511
919
899
410
203
643
1155
1085
550
215
314
501
416
136
-3
100
131
-220
-764
-929
-522
-83
-259
-985
-1550
-1458
-989
-772
-986
-1352
-1533
-1433
-1317
-1432
-1587
-1443
-1223
-1294
-1620
-1862
-1787
-1423
-1137
-1400
-1816
-1831
-1447
-1393
-1665
-1812
-2044
-2092
-1500
93
948
-391
-2647
-2942
-136
2667
2779
-180
-1971
-437
1491
3080
1877
-117
962
2353
3131
1995
132
1041
2707
3646
2734
819
494
1324
2280
2158
1298
877
1181
1116
440
324
505
963
881
-24
-372
-197
70
306
89
-185
2
142
35
-175
-112
485
895
551
-118
-251
283
723
657
410
379
626
790
553
232
367
870
1062
616
54
2
349
484
155
-188
-86
142
-135
-771
-976
-450
115
-104
-1053
-1776
-1506
-743
-536
-1073
-1539
-1581
-1367
-1232
-1466
-1695
-1552
-1077
-999
-1480
-2102
-2102
-1558
-1106
-966
-1629
-1889
-1992
-1766
-1104
-1316
-1737
-2544
-1753
373
1106
-243
-3315
-3102
268
2690
2625
-817
-2304
-275
2030
3150
1171
-328
797
2614
3280
1461
6
1013
3075
3615
2344
767
488
1658
2230
2075
1328
696
997
954
658
613
543
814
715
53
-31
-111
-187
129
303
559
151
-705
-518
110
739
963
172
-224
32
326
797
640
304
565
745
855
562
-3
406
1061
1123
853
153
-221
181
498
432
151
-102
-131
-213
-501
-751
-674
-268
-152
-655
-1309
-1536
-1212
-807
-747
-984
-1223
-1450
-1597
-1555
-1362
-1107
-1114
-1424
-1758
-1695
-1446
-1219
-1338
-1635
-1461
-1455
-1385
-1649
-1930
-1503
-1337
-1332
-2078
-1898
-128
663
224
-2074
-2846
26
2086
2099
-169
-1764
32
1846
2591
1468
-135
894
2615
2973
1690
217
1116
2989
3165
2075
726
689
1918
2192
1719
1032
698
1261
1200
580
385
424
899
877
35
-249
-112
334
751
205
-242
-174
-97
291
338
34
188
350
370
359
176
235
518
648
644
552
487
441
403
488
578
532
419
325
286
228
123
92
47
-79
-238
-350
-440
-671
-779
-575
-311
-499
-1053
-1468
-1270
-796
-786
-983
-1387
-1386
-1194
-1288
-1307
-1627
-1430
-1206
-1301
-1303
-1699
-1708
-1601
-1381
-1112
-1400
-1483
-1635
-1709
-1335
-1182
-1259
-1777
-1895
-730
547
443
-1632
-2705
-767
1758
2633
468
-1755
-860
1282
2920
2160
50
82
1693
2894
2399
764
613
1900
2774
2629
1270
484
1281
1919
2032
1559
691
651
906
799
676
421
480
708
365
-7
-112
57
224
101
318
502
255
-243
-656
48
976
1065
544
-342
-301
410
878
924
316
171
659
858
627
116
45
784
1238
797
5
-426
52
542
368
56
-278
-434
-500
-687
-564
-357
-431
-594
-986
-1175
-993
-864
-729
-975
-1275
-1254
-1276
-1300
-1430
-1376
-1108
-1044
-1234
-1595
-1699
-1404
-1155
-1174
-1405
-1626
-1522
-1402
-1394
-1390
-1466
-1265
-1285
-1810
-1697
-649
433
403
-1370
-2483
-747
1701
2301
241
-1577
-535
1390
2436
1523
70
527
1964
2784
1886
343
614
2313
3219
2286
682
381
1536
2270
1802
940
552
1165
1480
852
358
277
871
1184
492
-39
-167
265
784
514
146
-36
32
360
435
325
338
281
254
434
383
464
391
233
514
524
467
203
-46
295
612
651
404
-2
-172
120
265
112
-55
-282
-317
-289
-356
-574
-768
-598
-440
-612
-887
-1124
-1089
-882
-934
-906
-845
-1131
-1487
-1525
-1214
-990
-1008
-1272
-1547
-1634
-1405
-1139
-1281
-1353
-1523
-1563
-1365
-1466
-1325
-1342
-1557
-1351
-1145
-1275
-1857
-1559
75
965
2
-1816
-1986
2
1930
1901
21
-1094
11
1764
2182
1188
272
824
2325
2603
1424
523
1013
2292
2686
1741
837
868
1470
1793
1372
1025
957
1133
1237
615
325
616
883
793
346
230
370
483
314
89
375
698
634
96
-215
138
608
885
433
-21
178
356
517
383
146
274
415
376
158
12
68
273
386
232
40
-124
-50
-53
-236
-230
-231
-195
-505
-881
-700
-412
-379
-826
-1204
-1061
-728
-664
-1040
-1334
-1224
-1026
-1080
-1222
-1341
-1436
-1361
-1245
-1354
-1484
-1399
-1332
-1383
-1432
-1275
-1212
-1525
-1638
-1443
-1078
-817
-1145
-1599
-1806
-1073
260
695
-76
-1746
-1733
498
2106
1714
-353
-1098
546
2148
2221
797
-123
1045
2552
2490
1202
234
1169
2511
2520
1752
753
752
1431
1729
1715
1160
703
893
1000
934
823
616
771
694
350
255
220
396
399
425
466
214
97
-98
108
508
413
379
110
-26
271
358
482
416
152
124
170
147
239
218
151
245
38
38
-15
-219
-59
-104
-49
-143
-469
-420
-459
-577
-560
-574
-529
-708
-1112
-1036
-747
-747
-901
-1159
-1219
-1077
-1042
-1177
-1427
-1312
-1074
-1190
-1351
-1444
-1383
-1251
-1255
-1330
-1347
-1443
-1425
-1239
-1294
-1168
-1100
-1117
-1178
-1676
-1065
258
574
-176
-1686
-1614
389
1747
1395
-279
-846
569
1917
1881
709
62
1197
2594
2328
1111
189
918
2588
2708
1632
561
690
1811
2123
1471
705
715
1364
1490
963
443
438
946
1012
615
383
337
553
425
198
382
581
592
154
-142
174
558
538
159
-54
149
470
435
76
-97
176
457
299
-36
-152
32
245
152
-129
-187
-22
12
-148
-339
-467
-441
-325
-408
-667
-705
-517
-512
-765
-972
-936
-772
-763
-945
-1051
-967
-951
-1098
-1311
-1340
-1169
-1026
-1129
-1466
-1509
-1228
-1026
-1173
-1370
-1592
-1600
-1269
-1101
-924
-1266
-1264
-976
-1207
-1304
-1408
-305
665
270
-582
-1649
-693
1154
1662
1040
-448
-436
1015
1767
1500
606
615
1653
2160
1567
819
765
1730
2568
1920
1205
799
1005
1741
1628
1342
1018
975
1332
1077
481
347
946
1347
916
117
-159
478
888
694
-22
-386
336
797
705
-69
-580
34
675
860
197
-437
-246
290
599
286
-134
-145
154
250
15
-234
-189
65
123
-48
-272
-349
-303
-312
-388
-448
-485
-544
-606
-663
-708
-729
-795
-928
-986
-871
-784
-912
-1040
-1056
-1083
-1158
-1117
-1052
-1115
-1212
-1227
-1080
-1142
-1252
-1222
-1229
-1185
-1221
-1103
-952
-940
-1025
-1196
-1067
-948
-773
-661
-1203
-1069
94
646
116
-1153
-1365
356
1611
1505
310
-729
327
1664
1854
1267
311
792
1964
2078
1326
514
1053
2119
2143
1457
849
978
1561
1671
1256
1093
1215
1237
1026
617
660
963
1007
820
431
364
433
431
411
292
476
528
390
159
-80
111
354
490
330
-28
-152
-6
259
287
63
-92
30
162
20
-228
-240
17
155
6
-231
-377
-440
-414
-284
-208
-387
-674
-671
-448
-383
-588
-885
-917
-692
-630
-748
-890
-1052
-1035
-867
-808
-920
-1163
-1317
-1231
-1038
-949
-1063
-1215
-1204
-1163
-1167
-1190
-1255
-1149
-876
-772
-922
-1107
-1160
-936
-542
-503
-762
-1029
-945
-101
584
405
-500
-1213
-202
1298
1637
827
-291
51
1143
1722
1470
568
651
1504
1969
1609
842
843
1472
2057
1886
1137
957
1283
1610
1479
965
892
1164
1378
1097
523
474
678
985
868
394
339
395
497
312
130
257
486
589
113
-209
-163
197
430
130
-130
-213
85
206
-120
-316
-211
136
289
-27
-458
-479
-204
-8
-119
-415
-552
-522
-486
-536
-572
-520
-524
-668
-813
-794
-670
-652
-794
-904
-874
-817
-858
-965
-1037
-1034
-995
-974
-1026
-1088
-1094
-1015
-918
-988
-1151
-1129
-922
-823
-921
-1031
-925
-722
-628
-670
-981
-1020
-587
-220
-187
-641
-828
-479
-29
575
524
-31
-360
-80
971
1285
838
304
360
1187
1515
1344
783
801
1470
1812
1638
1074
961
1293
1850
1713
1168
1042
1068
1450
1459
1159
945
873
1100
1106
816
554
436
738
1080
654
244
-23
72
677
547
185
20
31
210
69
-67
-54
-18
103
149
-167
-313
-149
-37
104
-71
-256
-186
-244
-210
-192
-278
-182
-255
-426
-398
-500
-564
-493
-549
-517
-509
-696
-852
-904
-795
-605
-599
-809
-1082
-1118
-865
-690
-796
-960
-1008
-943
-866
-960
-1179
-1197
-816
-555
-771
-1163
-1200
-831
-613
-596
-817
-930
-742
-474
-394
-661
-584
-496
-383
-182
-339
-293
-154
-108
82
479
631
341
-60
6
795
1233
1132
679
296
821
1391
1444
1074
761
1217
1623
1532
1178
878
1215
1639
1622
1266
906
948
1179
1244
1074
852
743
738
723
709
732
696
577
415
322
316
287
208
166
208
215
75
-127
-163
9
153
41
-240
-375
-230
-21
-41
-278
-461
-398
-217
-174
-329
-499
-500
-383
-340
-438
-596
-694
-665
-611
-614
-650
-667
-644
-690
-803
-854
-821
-699
-667
-856
-940
-909
-917
-778
-702
-833
-924
-1012
-977
-751
-741
-850
-775
-708
-742
-817
-801
-566
-333
-435
-720
-754
-520
-225
-112
-230
-442
-500
-164
134
119
8
-78
96
305
428
431
339
618
761
744
845
839
1002
1062
1091
1214
1190
1147
1204
1374
1384
1308
1366
1463
1411
1316
1328
1310
1324
1272
1124
1081
1032
916
871
910
860
610
388
414
531
576
385
13
-109
-29
-38
-132
-286
-354
-318
-338
-378
-503
-678
-656
-547
-516
-558
-716
-803
-695
-622
-661
-697
-705
-646
-555
-555
-660
-763
-640
-411
-444
-570
-462
-392
-473
-549
-618
-432
-205
-263
-560
-843
-692
-444
-325
-357
-724
-845
-584
-443
-627
-842
-702
-465
-316
-652
-1045
-796
-446
-209
-496
-880
-723
-433
-85
-109
-430
-609
-498
-57
286
246
-72
-233
60
576
768
529
294
429
855
1086
969
784
837
1083
1190
1146
1135
1188
1276
1288
1231
1217
1130
1120
1265
1221
1105
1033
874
877
945
859
866
796
482
320
417
523
453
197
-5
15
137
108
-128
-314
-314
-225
-178
-295
-503
-578
-477
-382
-442
-628
-732
-620
-456
-460
-575
-686
-772
-684
-437
-402
-630
-717
-583
-446
-398
-454
-571
-519
-293
-313
-545
-557
-376
-309
-342
-471
-534
-354
-274
-399
-666
-636
-271
-204
-289
-612
-873
-503
-141
-87
-588
-930
-459
-192
-143
-425
-675
-482
-278
-66
-329
-499
-337
-111
63
-95
-170
-204
88
419
308
244
290
434
540
446
538
815
798
692
688
842
1074
930
877
1027
894
931
1074
940
947
1073
1053
819
594
809
919
704
777
830
640
449
243
382
694
539
215
98
157
274
239
81
-20
6
12
-123
-127
-22
-135
-302
-331
-299
-246
-254
-387
-590
-601
-358
-340
-560
-552
-481
-565
-588
-531
-465
-454
-578
-592
-520
-644
-599
-323
-449
-740
-679
-505
-431
-456
-440
-373
-468
-641
-662
-418
-121
-306
-642
-524
-409
-308
-261
-444
-377
-278
-398
-402
-206
-263
-178
-51
-227
-219
-294
113
374
-85
-362
-229
269
422
336
-14
-168
317
597
617
323
140
200
313
686
869
619
226
107
495
964
860
478
313
394
785
1034
775
421
341
599
915
887
463
200
432
750
707
318
362
624
438
255
205
387
383
68
184
309
253
61
-211
37
221
24
-211
-415
-194
25
-55
-175
-468
-529
-145
128
-165
-626
-666
-412
-9
-152
-743
-650
-442
-336
-255
-642
-724
-567
-376
-289
-797
-762
-275
-307
-381
-446
-559
-607
-427
-19
-79
-614
-827
-417
96
347
-213
-1010
-597
198
449
-160
-1016
-751
151
621
135
-555
-542
-26
426
243
-341
-438
72
335
294
232
13
-152
221
663
433
58
-45
247
545
772
662
86
-4
277
961
1082
317
-262
-71
813
1033
753
129
-182
417
1035
1014
175
-206
19
613
1035
625
31
-202
364
690
341
-3
-119
351
761
203
-534
-140
820
733
-445
-803
18
521
347
-247
-591
-103
252
-114
-364
-293
-223
-269
-379
-281
-240
-251
-400
-565
-274
-267
-491
-632
-716
-263
59
-307
-879
-788
25
149
-451
-836
-657
-63
29
-189
-461
-754
-237
109
-344
-600
-468
-16
93
-415
-574
-222
113
-49
-271
-194
-195
-10
-37
-166
-128
-146
215
316
48
-38
-8
111
325
409
355
80
-328
320
974
701
263
-259
21
611
741
677
162
-162
335
782
644
137
-126
454
694
408
265
174
363
417
368
268
230
249
211
378
229
32
127
314
389
244
244
137
-334
-190
523
364
-153
-355
-67
365
71
-108
-211
-365
-79
157
-31
-354
-209
143
81
-494
-612
-44
214
-15
-392
-573
-409
-80
-57
-154
-435
-704
-371
-117
-165
-486
-621
-389
-334
-149
-154
-538
-752
-496
-20
64
-253
-583
-508
-206
-26
-21
-332
-357
-280
-239
177
81
-303
-395
-201
212
218
-43
-192
-37
206
204
55
-63
235
408
146
168
141
48
326
443
410
215
146
407
258
139
243
469
487
117
218
482
462
353
442
336
328
484
276
276
142
453
792
312
-9
-31
437
615
170
-77
68
402
382
35
-176
-67
112
221
86
-203
-341
-178
213
260
-6
-346
-530
-160
290
151
-170
-582
-742
55
384
-1
-545
-772
-163
-48
-140
-381
-866
-246
507
117
-401
-621
-502
-152
157
-189
-755
-849
-60
371
-447
-213
-942
-101
420
-44
-335
-958
-119
117
36
184
-293
-524
-114
-96
-152
-227
-175
-80
52
-135
126
-15
-202
168
40
400
282
-332
45
291
590
197
-293
-12
95
446
356
82
110
175
354
265
233
323
311
179
165
297
467
560
259
-110
23
585
802
414
-45
-117
272
745
651
-9
-369
-21
524
720
296
-464
-617
150
810
377
-483
-666
12
545
487
-54
-538
-167
369
389
-128
-482
-267
-65
239
217
-370
-379
-668
-85
83
-100
-157
-799
-482
-23
201
-131
-692
-634
-79
121
-152
-403
-505
-391
-57
-106
-234
-474
-318
-21
-178
-339
-576
-241
151
-3
-205
-353
-230
10
143
-110
-282
-104
52
27
-124
-173
-60
132
83
-57
-47
169
299
112
-41
-30
216
244
154
316
144
87
253
224
381
339
134
141
219
421
385
180
118
155
367
520
410
165
102
318
492
431
114
-56
150
502
518
101
-12
157
282
215
-34
-88
84
315
226
-154
-374
-55
300
237
27
-387
-399
-64
148
183
-171
-360
-235
-120
-25
-56
-259
-431
-381
-91
49
-165
-344
-378
-187
-22
-225
-404
-481
-337
-47
-101
-291
-438
-405
-145
8
-27
-279
-412
-257
-44
14
-134
-233
-304
-300
-133
49
-3
-180
-238
-223
-38
64
63
-8
-174
-25
201
135
33
-16
-23
162
250
242
114
-88
61
230
352
278
28
89
218
357
307
115
196
304
385
366
264
209
114
212
333
284
251
227
202
116
108
244
348
281
122
91
134
140
158
193
171
127
39
2
101
169
197
39
-169
-90
87
121
-69
-241
-93
12
-119
-147
-187
-124
98
-16
-324
-504
-353
60
135
-160
-427
-450
-264
-116
-62
-133
-288
-296
-144
-132
-260
-299
-282
-110
-48
-197
-290
-316
-140
-27
-79
-217
-363
-199
54
40
-146
-212
-158
-25
50
-46
-123
-168
-104
0
15
23
-40
-41
-7
2
70
52
66
78
53
45
79
149
101
146
173
175
207
182
250
196
156
215
236
293
285
186
223
331
281
214
128
109
211
269
297
149
26
156
287
270
142
57
133
257
245
111
3
28
174
189
1
-133
-90
93
201
89
-90
-187
-68
69
25
-29
-119
-168
-113
-95
-98
-137
-208
-195
-102
-136
-219
-232
-203
-121
-144
-219
-281
-252
-125
-105
-152
-171
-202
-268
-236
-176
-160
-191
-247
-185
-132
-132
-165
-163
-106
-111
-120
-146
-152
-89
-65
-120
-127
-54
-37
-49
-54
-35
47
30
-30
-35
-25
33
42
12
11
73
189
212
140
53
28
125
220
181
114
67
144
274
181
121
126
111
222
247
164
77
46
175
227
211
250
124
91
231
192
136
89
91
191
148
107
127
141
223
236
124
20
29
160
191
135
117
34
50
59
68
98
-23
-16
-50
-56
20
-75
-30
-4
-161
-205
-209
-196
-84
-66
-96
-119
-192
-210
-243
-190
-71
-71
-138
-307
-384
-231
-77
-35
-111
-227
-289
-279
-181
-140
-150
-98
-184
-298
-299
-255
-163
-124
-127
-169
-190
-168
-166
-120
-59
-29
-68
-124
-137
-51
59
70
29
-36
3
85
134
149
83
74
100
152
211
194
204
200
206
212
164
217
271
270
242
143
155
236
248
233
166
98
176
260
201
182
178
136
150
123
126
209
177
159
118
52
139
162
155
99
-37
5
49
44
25
-32
-1
21
3
-36
-49
-59
-105
-72
-98
-117
-47
-78
-128
-199
-223
-145
-134
-130
-174
-210
-130
-129
-156
-147
-179
-134
-171
-201
-141
-170
-97
-134
-215
-164
-198
-126
-93
-185
-183
-149
-101
-47
-121
-230
-219
-138
-45
-55
-72
-92
-114
13
68
0
-43
-22
42
92
48
-18
-4
16
94
127
96
92
45
74
143
153
121
44
41
93
144
145
120
144
163
209
146
79
203
289
285
164
69
129
216
272
208
168
186
152
133
106
138
158
108
111
110
126
73
-24
11
82
149
101
-46
-88
-57
21
8
-99
-124
-49
36
-3
-113
-150
-54
21
-16
-100
-157
-95
-64
-77
-114
-158
-137
-141
-127
-99
-61
-28
-66
-110
-140
-164
-145
-115
-112
-80
-101
-95
-126
-237
-179
-99
-68
-55
-96
-159
-189
-129
-101
-97
-95
-84
-55
-61
-45
-25
-28
5
28
-22
-54
-47
-25
58
96
38
-6
10
48
86
87
41
22
92
152
92
40
59
108
159
159
101
78
153
169
141
101
64
95
105
152
153
124
130
111
133
134
138
121
75
60
101
130
127
152
117
95
65
20
12
27
102
41
-1
59
11
2
3
21
97
43
-18
-46
-77
-66
-36
-5
3
-3
-32
-63
-105
-153
-121
-89
-63
-53
-118
-159
-133
-99
-138
-155
-126
-121
-92
-128
-143
-121
-138
-139
-169
-164
-143
-146
-147
-181
-151
-91
-100
-119
-82
-43
-72
-79
-75
-50
-20
-8
28
-46
-75
1
16
31
9
-44
-60
-15
46
90
89
66
46
5
19
78
98
60
55
102
167
218
181
144
94
80
164
135
129
159
97
150
196
143
102
83
134
156
96
24
55
148
252
209
58
37
-14
-14
63
93
131
90
-7
-35
29
62
73
40
-40
-56
-4
71
66
28
16
5
-3
44
33
-48
-17
-51
-94
-73
-92
-53
-12
-13
-48
-128
-184
-143
-88
-100
-147
-220
-198
-105
-103
-136
-158
-160
-138
-168
-177
-128
-119
-120
-145
-208
-180
-118
-76
-37
-97
-115
-67
-40
-11
-9
-3
-36
-53
-43
-10
67
40
9
13
17
83
76
13
-20
7
86
96
90
59
30
148
184
113
73
26
91
183
197
168
124
156
202
204
174
137
123
123
116
100
111
90
47
64
100
129
139
92
62
81
66
35
25
16
19
53
71
32
-2
-3
-20
-20
-24
-59
-63
-49
-56
-63
-55
-103
-114
-48
-29
-22
-91
-147
-96
-81
-58
-72
-105
-29
-13
-69
-128
-156
-119
-88
-52
-74
-130
-114
-57
-36
-81
-124
-126
-110
-95
-97
-115
-90
-54
-78
-108
-89
-30
17
12
-90
-140
-66
-22
38
16
-52
-43
-42
-11
12
14
52
38
29
62
22
54
115
80
78
82
73
70
77
104
109
146
122
61
62
56
79
116
112
106
119
127
119
132
111
87
111
129
129
90
127
135
68
71
42
64
118
80
42
32
68
108
111
70
14
20
22
-12
-24
10
29
31
33
-68
-105
-96
-97
-21
-17
-43
-75
-116
-91
-70
-78
-88
-115
-138
-112
-126
-158
-155
-137
-110
-87
-109
-150
-148
-134
-68
-76
-119
-97
-103
-75
-109
-135
-139
-122
-66
-64
-64
-117
-97
-61
-50
-49
-109
-57
12
47
50
4
13
21
24
53
43
21
60
67
55
94
102
91
113
110
92
72
69
104
128
96
91
98
84
123
116
80
81
64
65
107
205
212
137
64
-13
34
92
133
149
69
64
46
27
83
79
90
76
25
15
33
49
11
-28
-42
-29
-6
12
21
3
-4
-27
-47
-56
-83
-92
-80
-84
-79
-49
-39
-62
-111
-91
-66
-45
-14
-66
-86
-106
-127
-72
-71
-79
-48
-13
-43
-131
-128
-112
-69
-6
-103
-155
-112
-57
17
-38
-69
-56
-102
-43
-20
-47
-42
-73
-19
9
-41
-44
-46
-1
37
30
26
6
-23
-26
24
45
27
31
32
31
12
8
44
71
69
61
50
64
87
60
52
95
113
109
108
110
110
76
50
89
121
152
126
100
121
89
87
80
75
129
85
59
58
33
91
98
62
57
47
31
-4
-23
-5
41
37
-18
-27
-3
-10
-32
-41
-63
-63
-53
-38
-30
-46
-77
-135
-89
-38
-70
-67
-103
-73
-20
-75
-85
-122
-103
-63
-113
-107
-91
-38
-26
-61
-43
-79
-84
-80
-81
-39
-79
-75
-18
-15
-33
-56
-61
-57
-40
-28
-19
-31
-39
-28
-38
18
16
-33
14
19
19
-1
-42
8
39
54
60
49
63
38
24
37
42
70
112
115
55
0
3
85
140
114
100
86
75
90
66
51
80
72
71
87
78
87
84
81
98
72
47
46
43
59
61
33
21
30
45
31
-13
-36
-22
27
58
23
-9
-10
-14
-12
-15
-42
-30
1
-3
-52
-97
-88
-26
5
-62
-115
-111
-33
7
-48
-67
-96
-80
-70
-93
-124
-133
-46
-49
-75
-55
-90
-86
-60
-85
-99
-70
-49
-31
-15
-10
-35
-75
-67
-33
-1
2
-26
-20
-3
-40
-47
8
24
28
41
6
-20
32
48
21
34
35
59
96
104
47
18
61
25
46
90
87
96
34
-2
20
82
107
66
83
43
-18
6
34
87
103
89
77
14
43
87
46
58
62
55
50
25
29
12
24
64
79
77
14
-8
1
19
79
48
14
2
-26
9
0
-19
-23
-53
-40
-47
-63
-17
-45
-60
-24
-57
-63
-106
-134
-78
-51
-25
-67
-103
-64
-36
-40
-53
-74
-89
-75
-55
-47
-57
-26
-32
-78
-81
-75
-28
-35
-67
-40
-48
-11
4
-28
-1
-27
-37
-30
-36
33
42
-45
-55
28
18
-17
-34
-39
40
88
77
-4
-26
16
21
35
30
48
51
46
56
26
36
60
51
63
93
108
87
33
34
73
67
83
85
56
73
58
51
71
54
66
59
32
46
59
45
37
31
19
32
41
55
60
-5
-12
24
60
92
5
-50
-37
-29
8
4
-32
-47
-27
-41
-61
-36
-38
-57
-74
-75
-62
-51
-60
-78
-43
2
-39
-91
-62
-31
-10
-4
-25
-30
-49
-62
-50
-13
-28
-40
-4
-16
-20
-44
-72
-52
-15
0
-63
-78
-34
-27
-5
-4
-26
-46
-37
-29
-39
3
-17
-31
24
6
-11
-5
-10
-1
29
40
26
14
14
21
31
38
38
43
45
48
33
27
62
70
63
53
54
45
27
55
64
59
54
52
67
84
109
71
24
-6
-32
37
100
93
34
-17
1
-3
25
49
19
-5
-16
-1
5
-20
-53
-24
0
-25
-30
-52
-10
59
28
-8
-48
-74
-19
3
-13
-29
-45
-26
-49
-51
-12
-5
-4
-55
-90
-44
4
5
-19
-50
-77
-31
-1
-40
-49
-47
-38
3
4
-12
21
24
-17
-29
-46
-48
-1
19
10
9
-4
-36
-17
10
-1
-6
-24
4
25
44
14
-40
-8
-9
19
25
23
39
12
50
18
-16
18
22
45
40
5
18
47
52
34
-21
-23
47
69
58
32
8
18
20
39
44
36
42
33
45
31
16
39
33
22
26
38
54
34
-21
-1
37
28
27
-11
-2
34
18
23
-3
-21
7
0
28
32
-19
-17
-20
10
32
-30
-68
-73
-28
0
-37
-44
-36
-26
-50
-68
-26
-16
-43
-58
-43
-13
-25
-37
-34
-42
-25
-37
-39
-4
-37
-43
-6
2
-14
-62
-41
-15
-39
-3
1
-48
-8
-19
-51
-13
-4
13
-13
-38
2
19
8
-34
-6
55
62
45
41
21
4
43
59
59
44
26
21
30
58
43
34
37
17
25
46
47
30
7
-10
8
15
25
50
6
10
36
1
29
-8
-62
-7
49
37
0
2
1
38
37
19
2
-28
38
35
14
9
16
13
-36
-23
5
48
18
-12
-30
-48
10
-28
-54
-25
-29
-17
0
-7
-36
-42
-31
-24
-16
-29
-33
-40
-32
-30
-40
-11
-29
-43
5
-15
-14
0
9
36
-22
-20
-6
-16
4
-15
-2
2
30
19
-9
6
-11
9
8
-3
-2
-5
26
18
-5
-1
-13
-2
35
4
7
-1
-8
43
-3
5
48
19
48
14
-14
23
-7
45
53
-24
41
14
-2
56
20
47
7
11
51
-5
26
18
-5
12
9
29
20
4
28
25
23
55
16
-2
0
-38
-1
13
-2
25
2
-17
-7
-6
28
9
-21
-6
-18
14
-9
-59
2
8
3
16
-17
-6
-10
-27
-9
-9
0
-16
-21
-5
-35
-29
-16
-24
-9
-15
-19
-34
-43
-22
-9
-2
6
-6
-41
-37
-17
-26
-18
-11
-6
-12
