3
3
3
5
5
2
0
2
6
5
4
2
3
3
2
2
2
7
5
2
5
4
1
4
1
0
5
4
7
8
0
-2
2
-1
1
6
5
2
1
2
3
1
2
3
5
6
6
8
6
3
1
4
3
2
5
4
4
1
1
6
4
2
6
6
4
7
5
8
4
6
8
4
6
0
3
4
2
5
0
2
2
2
2
-1
-2
-4
-2
-2
-2
-3
-5
-4
-5
-4
-6
-6
-9
-8
-5
-8
-13
-11
-6
-5
-9
-10
-10
-11
-10
-8
-12
-12
-10
-13
-19
-20
-16
-11
-11
-14
-19
-18
-17
-13
-13
-16
-18
-17
-14
-11
-12
-14
-16
-11
-9
-10
-11
-6
-5
-8
-9
-5
-5
-2
0
0
3
3
3
6
10
8
6
13
14
10
15
19
16
20
20
20
24
23
21
24
24
27
33
31
30
28
26
26
26
28
29
27
26
23
22
24
27
27
26
25
19
14
18
17
15
17
11
5
8
5
3
3
-2
-2
-4
-10
-12
-16
-21
-22
-22
-26
-30
-35
-40
-45
-44
-44
-46
-43
-47
-50
-45
-49
-48
-43
-45
-45
-39
-40
-36
-29
-26
-17
-10
-8
-6
-2
3
12
21
26
34
42
47
51
53
61
72
82
86
89
92
93
95
98
101
103
103
102
99
97
96
91
93
91
84
79
71
69
65
62
55
44
42
39
29
19
13
11
1
-9
-18
-21
-28
-40
-50
-58
-61
-72
-85
-89
-96
-102
-110
-116
-114
-120
-121
-122
-129
-133
-140
-139
-133
-137
-139
-146
-143
-140
-141
-141
-146
-141
-133
-130
-125
-123
-125
-119
-121
-110
-98
-75
-27
3
29
33
24
37
49
75
100
123
152
161
167
170
169
176
182
201
216
202
180
166
168
171
163
169
160
132
110
95
86
69
58
65
67
51
26
3
-6
-13
-10
2
-2
-22
-41
-50
-49
-54
-50
-43
-47
-55
-57
-51
-43
-26
4
29
24
4
-10
-7
-2
7
27
46
47
33
24
17
3
-2
11
26
15
-10
-24
-29
-34
-28
-18
-25
-46
-62
-68
-76
-86
-85
-75
-75
-91
-110
-125
-131
-135
-133
-126
-131
-147
-164
-172
-175
-176
-174
-169
-164
-155
-131
-88
-40
-5
5
3
4
15
35
68
114
158
185
187
179
174
167
177
209
240
230
201
189
190
181
177
184
181
159
134
121
107
84
73
85
94
77
48
32
26
21
16
18
18
8
-4
-7
-11
-22
-25
-9
5
-3
-21
-25
-15
1
19
37
42
36
33
42
49
48
47
52
49
36
24
13
5
-6
-3
-8
-30
-54
-80
-90
-98
-103
-116
-144
-158
-168
-176
-188
-201
-200
-200
-212
-236
-258
-271
-276
-279
-289
-294
-302
-300
-297
-297
-293
-303
-308
-304
-289
-280
-249
-157
-84
-17
6
-9
10
11
56
126
190
289
320
324
327
308
324
346
387
430
415
384
346
329
330
319
338
348
308
252
216
182
151
137
147
170
150
104
56
27
20
11
34
38
6
-24
-47
-46
-64
-75
-44
-26
-30
-47
-43
-20
-9
5
34
52
46
35
42
59
72
89
113
115
85
47
21
8
2
7
10
-8
-44
-82
-109
-119
-124
-138
-169
-198
-221
-236
-247
-254
-258
-268
-286
-315
-344
-369
-385
-391
-390
-389
-395
-404
-404
-393
-386
-393
-418
-435
-430
-430
-395
-319
-197
-67
9
24
-19
-15
19
88
205
310
422
461
441
431
420
439
486
549
610
607
533
479
476
485
494
502
501
442
357
300
274
257
256
263
251
194
118
70
33
23
21
30
39
3
-24
-58
-84
-111
-131
-106
-98
-106
-131
-146
-145
-119
-68
-10
42
57
57
31
34
49
57
107
133
162
159
110
93
63
46
44
37
47
4
-67
-120
-168
-169
-178
-181
-182
-241
-290
-330
-338
-327
-350
-363
-396
-448
-507
-549
-556
-548
-544
-531
-525
-560
-599
-648
-642
-625
-600
-582
-641
-664
-661
-530
-375
-243
-114
-97
-45
-55
-51
60
194
401
524
581
622
577
561
607
684
805
847
824
804
724
697
708
721
775
760
705
628
505
459
441
425
469
445
386
301
160
116
95
103
135
85
43
-45
-137
-172
-224
-191
-163
-178
-181
-242
-278
-290
-267
-190
-151
-84
-3
48
85
61
65
134
161
202
219
216
251
233
245
234
163
140
109
111
96
25
-19
-58
-96
-136
-184
-223
-263
-314
-332
-344
-384
-429
-477
-521
-571
-634
-690
-722
-743
-758
-793
-834
-849
-879
-896
-930
-950
-943
-926
-904
-953
-996
-1039
-958
-726
-508
-264
-161
-158
-136
-165
-101
57
305
615
779
836
782
687
714
818
1030
1223
1219
1156
1068
997
1001
1011
1065
1124
1103
1045
923
794
717
666
716
749
673
564
393
284
228
186
212
200
137
32
-91
-178
-257
-283
-239
-187
-199
-273
-360
-393
-336
-286
-247
-198
-146
-66
-8
39
77
129
167
215
287
292
315
290
282
324
295
293
252
228
237
167
85
6
-52
-52
-78
-154
-235
-336
-402
-404
-427
-471
-546
-642
-715
-789
-859
-898
-916
-925
-952
-992
-1045
-1105
-1170
-1184
-1147
-1098
-1068
-1087
-1119
-1159
-1196
-1269
-1318
-1275
-1048
-677
-419
-296
-382
-419
-383
-326
-65
157
553
857
878
906
769
765
877
1063
1428
1515
1392
1243
1140
1240
1320
1396
1512
1459
1323
1205
1109
1069
1015
1044
1159
1068
873
656
497
498
476
528
552
447
327
118
16
-59
-141
-83
-84
-84
-154
-300
-346
-345
-300
-266
-203
-162
-157
-155
-85
24
71
180
199
241
273
221
254
254
298
306
241
216
135
66
53
23
-37
-115
-200
-245
-316
-407
-451
-518
-586
-644
-717
-811
-958
-1055
-1026
-1008
-1067
-1157
-1230
-1263
-1297
-1338
-1353
-1332
-1275
-1262
-1317
-1385
-1411
-1366
-1281
-1249
-1273
-1314
-1429
-1492
-1354
-1027
-673
-414
-342
-422
-444
-399
-186
44
375
795
934
952
823
789
881
1059
1447
1700
1804
1697
1491
1408
1446
1493
1594
1738
1706
1650
1509
1392
1358
1304
1406
1448
1355
1219
1035
944
949
931
904
862
780
685
493
312
212
145
194
247
214
94
-111
-220
-218
-200
-167
-192
-162
-93
-111
-113
-138
-84
-26
-32
49
37
23
22
22
88
50
7
-25
-86
-139
-230
-312
-337
-350
-344
-383
-480
-527
-649
-733
-745
-855
-927
-965
-1014
-1055
-1079
-1055
-1057
-1121
-1162
-1185
-1204
-1179
-1159
-1167
-1195
-1217
-1239
-1316
-1363
-1381
-1346
-1239
-1169
-1115
-1185
-1260
-1246
-1230
-1063
-921
-668
-454
-431
-352
-371
-235
-173
-31
381
622
790
765
718
776
884
1054
1299
1532
1573
1483
1340
1418
1474
1490
1630
1673
1743
1701
1582
1506
1425
1426
1507
1597
1570
1402
1218
1155
1151
1119
1120
1135
1067
886
673
520
405
340
333
346
281
138
-13
-136
-156
-199
-188
-152
-171
-184
-322
-368
-361
-319
-236
-273
-285
-330
-345
-351
-391
-374
-372
-390
-399
-466
-530
-529
-593
-574
-527
-538
-543
-639
-661
-671
-695
-715
-755
-713
-791
-886
-903
-923
-861
-868
-855
-914
-1015
-986
-976
-909
-974
-1014
-983
-989
-941
-991
-942
-974
-1030
-999
-1008
-912
-824
-765
-794
-858
-912
-844
-631
-469
-287
-261
-273
-190
-185
-57
65
216
488
626
759
821
807
889
956
1119
1370
1516
1549
1504
1450
1486
1518
1511
1514
1537
1603
1588
1525
1464
1366
1332
1341
1342
1329
1275
1147
1044
1035
1016
967
861
732
643
535
457
382
284
188
138
172
100
-68
-192
-254
-245
-240
-187
-155
-209
-234
-271
-296
-315
-304
-246
-253
-233
-224
-272
-311
-348
-341
-353
-377
-401
-447
-465
-468
-465
-466
-503
-579
-646
-671
-663
-662
-685
-714
-740
-754
-802
-880
-931
-996
-1026
-977
-960
-968
-992
-1049
-1069
-1040
-1037
-1000
-938
-927
-924
-941
-908
-873
-830
-765
-744
-692
-666
-606
-586
-577
-517
-510
-433
-334
-155
-35
-52
-19
23
110
238
384
511
645
793
905
971
962
967
1026
1128
1265
1440
1476
1367
1290
1265
1318
1348
1382
1387
1345
1318
1213
1148
1095
1000
977
985
961
922
850
736
671
676
667
629
589
482
331
268
237
189
162
110
70
26
-76
-158
-218
-265
-230
-186
-157
-141
-211
-275
-283
-281
-273
-268
-251
-270
-317
-317
-376
-443
-405
-397
-417
-439
-507
-519
-557
-636
-634
-679
-729
-692
-716
-743
-742
-786
-784
-768
-789
-806
-847
-863
-811
-768
-769
-815
-850
-851
-851
-829
-778
-737
-714
-693
-651
-626
-628
-574
-508
-483
-426
-374
-381
-329
-223
-188
-192
-195
-205
-171
-110
-32
76
128
102
98
132
173
251
352
456
581
740
867
868
825
806
873
1026
1157
1256
1254
1171
1073
1023
1067
1111
1100
1052
990
959
974
900
785
755
701
703
764
767
735
645
553
509
504
555
558
462
358
256
229
250
182
100
31
-56
-78
-82
-108
-147
-198
-216
-230
-234
-224
-255
-272
-281
-310
-302
-264
-290
-349
-343
-338
-355
-374
-438
-483
-507
-527
-521
-571
-607
-595
-616
-651
-690
-673
-681
-730
-717
-737
-726
-634
-599
-615
-646
-684
-663
-615
-578
-540
-554
-567
-536
-478
-417
-404
-384
-361
-314
-268
-270
-269
-267
-236
-182
-134
-123
-147
-132
-99
-92
-87
-83
-124
-144
-59
65
116
74
0
-32
63
200
256
301
374
439
550
642
606
583
618
676
795
944
1039
987
844
700
667
768
834
874
868
769
709
681
668
674
625
604
622
635
648
587
486
400
350
341
391
451
380
245
59
-40
9
15
10
-11
-64
-156
-212
-183
-176
-192
-218
-223
-223
-232
-232
-252
-276
-275
-258
-259
-265
-285
-329
-413
-472
-442
-396
-371
-413
-468
-493
-529
-534
-527
-480
-421
-433
-461
-489
-503
-501
-467
-434
-422
-374
-376
-379
-349
-375
-372
-351
-342
-325
-313
-318
-294
-272
-286
-283
-283
-245
-206
-205
-165
-164
-176
-168
-180
-129
-87
-69
-67
-126
-191
-262
-281
-187
-26
17
-77
-155
-225
-174
1
120
208
257
243
304
387
418
441
444
515
622
728
841
835
704
562
518
615
793
900
867
731
572
505
514
579
626
589
540
501
511
520
466
408
340
299
298
322
339
260
122
7
-56
-53
4
90
62
-54
-92
-141
-151
-107
-112
-109
-122
-130
-87
-55
-57
-104
-152
-141
-113
-88
-56
-68
-114
-216
-273
-223
-189
-142
-136
-244
-307
-315
-299
-260
-232
-236
-282
-345
-405
-398
-331
-319
-341
-366
-369
-334
-330
-353
-365
-380
-377
-337
-314
-306
-308
-370
-402
-339
-283
-255
-210
-204
-245
-261
-273
-317
-321
-262
-230
-281
-340
-385
-423
-441
-412
-304
-234
-285
-366
-408
-393
-282
-152
-73
-33
-24
60
158
269
362
310
319
405
535
689
739
692
558
462
476
563
684
782
776
633
541
528
547
630
684
670
586
549
593
620
646
552
410
353
375
472
504
447
317
181
132
145
223
255
176
49
-27
-13
65
150
82
-18
-41
-72
-12
48
70
32
-70
-107
-90
-36
-11
-43
-146
-228
-244
-199
-117
-122
-172
-302
-396
-373
-345
-285
-283
-371
-467
-496
-416
-335
-342
-371
-405
-445
-419
-379
-356
-348
-394
-446
-488
-450
-338
-330
-408
-481
-509
-469
-411
-365
-389
-467
-499
-484
-452
-406
-365
-385
-471
-541
-535
-505
-493
-447
-365
-328
-375
-441
-462
-408
-285
-146
-74
-56
-22
41
166
287
362
370
366
411
468
603
718
733
663
580
595
644
738
809
818
768
685
670
684
685
675
678
688
665
666
690
672
594
522
503
516
524
504
451
371
290
226
183
193
196
181
144
94
84
72
83
69
48
79
82
72
72
89
91
19
-33
-29
-20
-19
-20
-44
-105
-139
-156
-223
-214
-180
-241
-296
-355
-339
-265
-315
-367
-399
-461
-455
-431
-416
-414
-449
-438
-484
-552
-504
-512
-530
-509
-560
-600
-610
-580
-524
-512
-530
-575
-542
-513
-520
-506
-553
-544
-535
-552
-539
-541
-487
-467
-508
-546
-591
-582
-487
-338
-264
-318
-411
-413
-313
-171
-8
65
49
80
183
315
419
478
500
560
610
609
718
838
867
839
750
747
780
833
930
933
894
837
796
815
811
852
853
779
746
695
652
680
679
635
588
509
454
484
490
462
400
291
238
250
259
202
139
52
11
79
87
89
52
6
21
9
25
-3
-47
-46
-69
-125
-171
-171
-180
-229
-276
-299
-323
-357
-383
-406
-421
-440
-460
-476
-493
-517
-540
-558
-574
-593
-609
-620
-627
-634
-635
-634
-629
-624
-619
-613
-609
-603
-600
-598
-591
-585
-588
-597
-589
-567
-562
-567
-557
-538
-536
-536
-506
-473
-479
-477
-419
-368
-403
-410
-328
-295
-387
-360
-65
118
-88
-335
-115
193
109
-160
-64
307
211
-132
-14
719
1168
1056
542
319
905
1526
1945
1237
393
298
1164
2639
1908
-424
-2035
1362
7928
8047
981
-6565
-6309
1484
6896
5301
-1535
-6058
-3827
1375
4847
2603
-2018
-3555
-228
5542
6325
339
-6781
-7230
-91
6254
5572
191
-3480
-3193
-939
576
486
272
1219
2046
572
-1711
-2060
-798
730
1457
321
-727
510
1632
615
-1199
-2104
-1126
759
1607
1683
783
-2095
-4023
-1959
2448
4341
80
-5568
-4636
777
3347
730
-4618
-5778
-1547
720
-726
-2507
-3048
-1865
-21
-989
-2928
-2996
-2205
-1202
-722
-987
-3391
-3229
-1265
-496
-137
-3238
-5631
-6099
-1381
4892
5781
2043
-6277
-8384
-2921
5203
9737
5777
205
-2817
-1388
1170
4024
8027
9532
6431
186
-2347
1588
7311
8942
5725
1603
501
2083
3387
3729
2431
495
71
512
1022
1448
687
-1154
-2818
-3374
-1820
813
1791
-137
-3653
-5703
-4251
-352
2662
2127
-1323
-4125
-3681
-730
2126
2935
1937
375
-735
-630
1077
3097
3896
3160
1469
791
795
1193
2013
1907
1753
1002
52
-58
-722
-746
-772
-1471
-1755
-2512
-2395
-2426
-3460
-4150
-4397
-3406
-2954
-4018
-5272
-5467
-5155
-4932
-5486
-6007
-5234
-4708
-3878
-4734
-5284
-4504
-3354
-1965
-3522
-5170
-7784
-5038
4653
10504
8250
-4956
-13426
-5522
8978
18404
13129
2199
-2311
-971
4282
8566
12092
14164
9552
2863
-1207
1089
8673
12031
9951
4129
-370
1338
4432
4808
1315
-1840
-734
1578
1600
-815
-3539
-4410
-3964
-3937
-2941
-1727
-1277
-3507
-7258
-7796
-5494
-867
1026
-1454
-5014
-6653
-4233
-33
2664
1367
389
161
1678
3711
1922
1816
2923
5263
7049
5512
4228
3285
3513
4147
5010
5996
4887
2499
543
-255
730
1621
1440
538
-2217
-3756
-4030
-3360
-2699
-4332
-4915
-5719
-6303
-7080
-8175
-6927
-6174
-6004
-7118
-8354
-7377
-6141
-5481
-5178
-6425
-5739
-5342
-4519
-2676
-3254
-5236
-8187
-8195
1303
12191
11705
2099
-14824
-10151
3865
19936
20916
6588
-1812
-3869
3156
8916
13051
14542
13659
6946
1630
-927
4798
12626
14160
8892
5
-2009
2363
5353
4235
-607
-647
2331
2323
-1308
-6537
-6882
-3353
-1057
-885
-3472
-5187
-5600
-6291
-6561
-5683
-2453
516
-992
-6155
-9141
-5577
1261
4895
3312
193
-1553
-773
1256
2544
4468
6044
7223
5560
1324
175
2158
6926
8781
6054
3065
940
1338
1350
1031
1855
2699
1969
-1606
-5539
-6492
-3777
-1002
-996
-4078
-7563
-8850
-8216
-6859
-5858
-5515
-6137
-7012
-8923
-9353
-7792
-6323
-3442
-4542
-5429
-6037
-5715
-5534
-6893
-7780
-2958
8637
9045
4105
-11344
-11430
2010
15641
18823
7467
-1776
-3255
3867
9553
12730
12585
12432
9646
5484
941
3537
10222
14372
11230
3268
-462
2390
5119
4174
920
387
3452
4029
-951
-6414
-7434
-3196
1037
306
-3116
-5578
-6671
-6466
-5986
-5091
-2687
-562
-1293
-4712
-8410
-7730
-1138
4969
4456
-937
-4968
-3552
1105
4382
5552
5862
5197
3225
1002
698
3239
7058
9156
7328
2935
-61
676
3582
5211
4340
2596
955
-821
-2643
-3160
-1661
-411
-1082
-3806
-6507
-6871
-5948
-5777
-6066
-6242
-6352
-5930
-7498
-8904
-8698
-6926
-4332
-4363
-5386
-7151
-6666
-6809
-7651
-7771
-3977
6286
7881
2104
-9334
-13356
357
12888
18047
8517
-2692
-2545
1287
8730
11411
12059
12856
8711
4301
209
3288
12094
15340
12220
3731
-893
2065
4986
5544
3321
1669
2914
2928
-451
-4266
-5500
-2674
647
-165
-3103
-5799
-6532
-5221
-4769
-4998
-3484
-1366
-2321
-6150
-8562
-7656
-4394
20
2744
2597
318
-3642
-5814
-3208
2870
8647
8800
3114
-2403
-3557
807
7396
10312
8404
3885
-586
-1678
1033
5149
8157
6940
1710
-3868
-5462
-1818
2866
3772
35
-4681
-7211
-6021
-4160
-3183
-3096
-4654
-6097
-8220
-8223
-7372
-5238
-3233
-5099
-6018
-8190
-6845
-4361
-5936
-6718
-9105
-3774
5218
6209
1196
-10107
-11512
126
11588
15848
6939
-2096
-3709
703
7395
10017
12196
11743
8330
2926
-531
4021
11251
14773
11212
3561
-471
1813
5542
6888
5473
3329
2924
1463
-1452
-3302
-2781
-54
1554
-519
-3758
-5336
-5100
-3884
-3645
-3667
-3034
-2378
-3709
-6874
-8128
-6116
-1875
588
793
-1357
-3143
-2117
-2588
-1270
1179
3550
5644
3326
-165
-2343
-333
5091
8312
7389
3937
933
-161
1298
3383
5121
6110
4015
-559
-3989
-3233
1232
4738
3022
-2840
-7890
-7794
-4322
-2206
-2255
-3900
-5885
-6857
-7963
-7906
-5433
-2915
-2637
-5472
-8161
-7976
-6123
-4756
-6014
-7772
-3158
4442
5483
-752
-10348
-10473
1080
11496
13105
4309
-3450
-3365
1736
7428
9933
10974
9527
6191
1780
-93
4758
11481
14210
10265
2879
-477
2326
6055
7039
5225
3124
2765
1403
-1175
-2441
-1255
1813
3317
317
-4010
-5889
-5047
-2793
-2367
-3059
-3239
-3113
-4393
-7174
-7574
-5009
-1414
-1022
-2487
-2909
-2984
-1363
-1968
-3222
-1036
2185
4971
3294
-1364
-2611
114
4803
7324
5653
2805
1084
625
1681
4138
6181
6789
4053
-1193
-3890
-2038
2350
5438
3786
-1937
-6150
-6677
-3408
295
92
-1699
-4883
-7565
-7800
-6111
-3539
-2252
-2986
-6358
-8462
-7393
-4269
-2070
-4361
-7828
-8697
-2655
5370
4630
-2533
-10146
-9043
2490
11232
10962
2988
-4005
-2634
2196
7050
9684
9758
8379
4577
1209
1104
5710
11118
12156
8424
1879
-246
3035
6848
7916
5169
2548
1322
669
149
-104
760
1937
1059
-2260
-4216
-3604
-2327
-1796
-2555
-3530
-2998
-2845
-4774
-6083
-5284
-3132
-2065
-2996
-4741
-4102
-798
228
-1088
-3489
-3745
77
3548
3600
150
-2251
-512
2793
4512
4258
2717
1058
902
1712
3105
4770
5403
3132
-399
-2151
-663
3708
5256
2338
-2456
-5656
-4126
-1255
443
12
-2516
-4561
-6151
-6107
-4486
-2561
-1661
-3629
-5823
-7166
-6051
-3236
-2779
-4522
-7161
-7850
-3354
3578
3960
-1709
-8317
-9055
529
8609
9182
3168
-3892
-3696
1780
7275
8837
7627
5735
4012
2481
2588
5964
9117
9842
6940
2225
646
3189
6617
7529
4716
1618
1629
2234
2042
878
294
962
1165
86
-1992
-2543
-2571
-1774
-1417
-2628
-2924
-3391
-3774
-4210
-4200
-3480
-2161
-2601
-4385
-4850
-4258
-163
1160
-888
-2748
-3970
-804
2218
2728
910
-816
34
1930
3256
2534
2212
1870
2016
3129
2857
2469
2300
1505
1019
1155
1386
1976
1190
-521
-1594
-2256
-1372
-499
-1098
-2067
-2786
-3540
-3359
-3559
-3916
-2747
-2692
-3343
-5283
-5978
-4497
-2758
-2354
-5146
-6793
-6999
-1142
4583
2510
-2758
-9763
-6822
3176
8791
7545
279
-4327
-2181
3450
6201
6589
6338
5429
4178
1697
2032
5692
8886
8883
5138
1191
1520
4686
6248
5498
3231
1972
2582
2215
622
-429
8
1870
2266
-75
-2574
-3677
-2307
-90
-694
-2414
-2765
-2881
-3349
-4455
-5066
-3061
-883
-1912
-4529
-5565
-3663
-58
1384
-1025
-3975
-3979
-1158
1809
2195
296
-1270
-679
1289
2421
2263
2037
2263
2042
1356
1121
2075
3304
3146
1573
-336
-306
915
1731
1444
-163
-1310
-1912
-1644
-1448
-1602
-1635
-2650
-3023
-3755
-4512
-3264
-2581
-2256
-3068
-4857
-4645
-3786
-3479
-4350
-5619
-4615
569
3362
-189
-5347
-9251
-3858
5510
8425
5225
-2260
-5133
-1054
4631
6998
6413
5114
3136
2158
1207
2664
6343
8650
8378
4085
222
1411
4447
6114
5671
3345
2886
3311
1373
-391
-483
1596
4153
2977
-756
-3355
-3571
-1247
838
225
-1381
-2500
-2994
-3622
-4238
-3503
-1485
-272
-1802
-4932
-7036
-4770
10
2470
1092
-2996
-4977
-3952
-983
2422
3150
1740
-635
-1759
-812
1072
3429
4606
3421
572
-1312
-345
2330
4184
3724
1743
-197
-716
-139
609
1309
933
-120
-1962
-3165
-2486
-1351
-290
-1013
-2508
-3937
-4122
-2969
-2368
-2397
-3676
-4819
-4005
-2868
-3333
-4819
-5605
-3598
1167
2326
-1159
-5378
-7847
-1634
4648
7200
3249
-2577
-3722
-289
4084
6178
5788
4756
3480
1628
1379
3119
6784
7976
7181
3377
1262
2381
4358
5475
4831
3159
2604
2404
1055
-127
454
2296
3448
1848
-998
-2666
-2113
-648
6
-346
-1105
-2073
-3270
-4344
-4303
-2648
-712
-613
-2804
-5278
-5515
-3222
-443
636
-446
-2458
-3723
-3181
-951
1575
2581
1417
-600
-1375
-43
2227
3499
3013
1624
790
1018
1728
2372
2693
2622
2035
902
-90
-50
804
1538
1174
-168
-1556
-2416
-1946
-747
-429
-1199
-2377
-3927
-3971
-3368
-3138
-2366
-2543
-3357
-3839
-4176
-3750
-3189
-4010
-4618
-2702
2234
1428
-2092
-7026
-6751
1179
6707
6483
-175
-4898
-3344
2650
6781
6642
3942
2416
1745
2060
2661
4301
6632
7090
5475
1000
-39
2576
6260
6660
4190
1423
1333
1482
2392
1280
1707
2355
2361
233
-2449
-2873
-591
1670
1220
-1240
-2911
-3145
-2402
-2719
-2504
-1690
-1299
-1812
-4120
-5115
-4126
-1949
326
236
-793
-2129
-2703
-2135
-1016
1006
2840
2948
719
-1966
-2295
483
3923
5113
3540
857
-628
-153
1598
3235
3701
2757
852
-1040
-1742
-542
1666
2814
1240
-2104
-4362
-3650
-1108
449
-311
-2426
-3812
-4134
-3559
-2734
-1909
-1833
-3620
-5121
-5284
-3800
-2853
-3842
-4721
-3063
823
673
-2364
-6497
-5403
1772
5806
5068
-663
-4162
-2339
2712
5889
6408
4588
2934
2286
2160
2173
4281
6433
7190
5155
1324
60
2452
5147
6157
4499
2091
1507
1404
959
1235
1750
2786
2717
43
-2656
-2925
-682
1684
1564
-684
-2366
-3057
-2794
-2605
-2697
-1366
-1244
-2034
-3955
-4791
-2986
-1640
-408
-1937
-1864
-482
-1599
-1057
-2058
-1954
1775
3688
2634
-770
-2731
-247
3576
5162
3671
259
-1299
634
2304
2998
3900
2954
1128
-1263
-2651
452
2991
3243
1220
-3154
-4352
-3203
-456
1484
-289
-2831
-4287
-3777
-3246
-2871
-2332
-1935
-2137
-4037
-5318
-4012
-2390
-2945
-4391
-5416
-2004
2089
910
-3158
-7804
-4917
3034
6701
4535
-2219
-5776
-1723
4856
6954
4811
2149
1487
2670
2559
2610
4548
6159
6404
3378
189
941
4434
6717
5373
2026
202
1891
2831
2723
1160
1213
1550
2178
237
-1497
-2088
535
1916
484
-2246
-2995
-2498
-1334
-1451
-2178
-1826
-1336
-2085
-3518
-4362
-2744
-524
-227
-1627
-2996
-2598
-773
-230
-780
-683
356
1502
1164
-480
-916
747
2995
3602
1971
124
53
1495
2874
2914
1882
1308
1066
396
52
358
1194
1683
472
-1718
-2574
-1497
-305
90
-1248
-2609
-3172
-2596
-2335
-2880
-2757
-2430
-2015
-3725
-4247
-4403
-2969
-2398
-2936
-4400
-4645
-2259
757
-11
-2743
-5116
-3473
1813
4410
3041
-1452
-2881
-761
3300
4801
4024
2341
1818
1988
2353
3296
4717
5590
4714
2528
1345
2320
4408
5103
3822
2009
1479
2030
2373
1817
1153
1394
2090
1792
250
-1089
-935
313
1161
498
-1120
-2159
-2140
-1820
-1544
-1174
-1136
-1795
-2634
-3008
-2738
-1931
-1135
-1066
-1579
-1741
-1190
-639
-769
-1058
-493
813
1460
688
-425
-368
994
2331
2560
1743
916
794
1202
1665
1812
1867
1669
1176
336
-168
7
617
1144
360
-627
-1530
-1547
-1365
-1494
-1348
-1768
-1406
-2402
-3321
-3385
-3088
-1766
-1998
-2745
-4178
-4126
-3433
-2684
-2287
-4048
-4404
-3416
95
1193
-1762
-4217
-4981
-917
3480
4131
1009
-2937
-2750
1104
4662
4825
2909
1331
1572
2375
2679
3344
4264
4683
4224
2753
1363
2486
4186
4655
3408
1597
1761
2257
2486
1761
1073
1542
1553
1093
-192
-748
148
1022
810
-744
-2048
-1888
-938
-547
-1009
-1809
-1773
-1586
-2023
-2466
-2581
-1348
-387
-993
-2135
-2766
-1251
696
918
-86
-1529
-1159
821
1970
1747
542
-195
525
1805
2202
1799
1453
1236
1263
1236
1174
1499
1714
1221
233
-355
-103
370
285
-452
-1170
-1341
-1248
-1438
-1701
-1833
-1832
-2008
-2783
-3130
-2982
-2447
-1995
-2815
-3594
-3961
-3607
-2550
-2528
-3421
-4502
-3895
-692
1270
-579
-4054
-5624
-2159
3204
4709
1701
-2948
-3450
740
4608
4754
2416
1244
1593
2842
3004
2660
3583
4357
4361
2823
1206
1714
3719
4964
3755
1661
1083
1833
2044
1509
1227
1675
2123
1310
-472
-1449
-472
1165
1440
-54
-1731
-2075
-1270
-643
-981
-1320
-1203
-1171
-1754
-2494
-2517
-1217
-15
-764
-1839
-2023
-442
827
336
-281
-1111
89
1714
1747
1152
-21
179
1234
1898
1858
1629
1581
1250
1012
918
1440
2135
1924
741
-362
-422
319
834
221
-980
-1446
-893
-728
-1468
-2406
-2783
-1758
-1318
-2042
-3318
-3754
-3113
-2258
-2197
-3419
-3587
-3591
-2805
-2975
-3289
-4497
-3742
-1595
982
136
-3303
-4921
-3952
1429
4246
3192
-933
-3406
-1293
2762
4752
3658
2004
1545
2132
2440
2566
3429
4278
4651
3687
1830
1297
2817
4015
3701
2717
2036
2034
1851
1145
938
1709
2519
1927
128
-1006
-528
772
1432
523
-1013
-1421
-770
-636
-1291
-1448
-892
-693
-1299
-2189
-2379
-1426
-252
-245
-1482
-2087
-956
162
-43
-726
-775
280
1258
676
-416
-354
937
2287
2097
685
81
953
2075
2056
1059
513
911
1341
1009
241
204
764
830
-118
-1396
-1385
-417
281
-275
-1830
-2817
-2272
-1482
-1355
-1595
-2745
-2826
-2997
-3104
-2532
-2612
-2137
-3059
-3544
-3453
-2788
-2308
-3180
-2921
-2354
408
484
-2320
-4125
-3968
1062
4376
2943
-1610
-4230
-1333
3419
5664
2915
34
76
2336
4076
3054
2037
2741
3928
3682
1913
556
1697
3833
4245
2834
934
508
1481
2063
1774
1454
1587
1528
478
-810
-744
712
1837
1136
-759
-1839
-1313
-254
106
-262
-593
-651
-983
-1659
-1908
-1086
271
552
-630
-1845
-1940
-720
716
875
308
79
57
185
252
334
1132
2039
1850
660
-440
-228
1254
2436
2146
812
-177
-83
539
895
822
607
351
-252
-1087
-1428
-866
-53
-94
-1220
-2433
-2624
-1873
-1227
-1464
-2207
-2792
-2783
-2413
-2294
-2288
-2359
-2648
-3095
-3022
-2385
-1760
-2088
-3334
-3765
-2350
821
1427
-1615
-4444
-3969
856
4298
3130
-1153
-3837
-851
3341
4443
2070
-95
881
2696
2863
1685
1587
3033
4047
2979
902
343
2108
4165
3843
1724
395
970
2109
2198
1400
1019
1432
1469
520
-456
-135
1187
1930
985
-758
-1327
-429
477
252
-366
-675
-605
-864
-1353
-1249
-817
230
299
-915
-2094
-1897
-338
826
1997
807
-1243
-1447
-1164
888
2822
2549
530
-1632
-1362
1053
2758
2324
978
-398
-376
750
1028
748
786
668
331
-302
-1195
-700
139
311
-406
-1608
-1832
-1608
-1064
-1274
-1722
-2051
-2259
-1934
-2472
-2717
-2598
-2016
-1705
-2726
-3312
-3009
-2170
-1722
-2240
-3575
-4027
-2710
-118
1329
-928
-3747
-4438
-1748
2591
3545
557
-2629
-2445
616
3266
2896
1041
752
1784
2453
1706
943
1968
3745
4033
2290
396
605
2725
4202
3464
1736
1131
1723
2040
1736
1627
2022
2200
1569
545
104
730
1777
2009
1071
-39
-349
-91
99
245
458
282
-481
-1232
-1351
-762
58
226
-603
-1450
-1283
-521
-229
-502
-596
-174
158
-215
-823
-711
92
753
716
73
-429
37
1029
1207
475
62
467
949
811
204
-61
422
955
645
-162
-466
-90
248
-139
-844
-964
-445
-409
-1209
-1953
-2022
-1419
-942
-1201
-2252
-2810
-2504
-1920
-1777
-2275
-2332
-2486
-2321
-2529
-2627
-2379
-2641
-2406
-2397
-686
-94
-1796
-3144
-3521
-488
2196
2084
-753
-3261
-1726
1417
3597
2410
160
-112
1176
2352
2168
1931
2397
3205
3076
1825
964
1881
3789
4283
2908
1343
1238
2183
2731
2410
1979
2113
2299
1708
610
364
1419
2457
2065
476
-696
-392
622
963
325
-487
-741
-644
-640
-761
-821
-557
-498
-1172
-1660
-1413
-787
-175
-489
-1303
-1110
-436
-292
-472
-599
-220
379
288
-340
-566
155
1173
1226
392
-166
88
807
1253
1020
460
188
346
514
413
191
82
73
-101
-535
-846
-702
-500
-750
-1338
-1636
-1531
-1413
-1694
-2058
-2088
-2184
-2284
-2426
-2467
-2588
-2654
-2660
-2513
-2579
-2757
-3194
-3030
-2372
-801
8
-2290
-3278
-3563
-831
1818
1970
-780
-2752
-1853
1118
3116
2223
209
583
2075
2950
2104
1706
2846
3980
4011
2394
1146
1993
4029
5044
3698
1874
1438
2313
3081
3030
2502
2165
2060
1619
994
840
1339
1904
1677
669
-270
-226
248
304
37
-167
-293
-861
-1163
-1402
-1261
-670
-697
-1098
-1953
-1754
-1121
-910
-932
-1417
-998
-670
-615
-920
-1090
-209
421
512
-172
-557
46
886
1313
957
492
389
713
1063
1139
982
844
810
584
244
102
389
564
52
-779
-1101
-695
-332
-622
-1213
-1597
-1743
-1728
-1940
-2082
-1892
-2026
-2421
-2937
-3202
-2776
-2162
-2273
-2766
-3334
-3461
-2849
-2891
-2875
-2835
-1698
-59
-1141
-3043
-4113
-1954
2095
3059
556
-2964
-2860
1016
4297
3812
962
-88
1569
3652
3519
2238
2324
3711
4569
3528
1725
1612
3553
5060
4322
2320
1400
2137
2955
2878
2362
2093
2010
1596
805
350
848
1861
2011
623
-931
-1059
-96
529
16
-947
-1326
-1332
-1395
-1391
-1353
-1177
-986
-1350
-1930
-1952
-1410
-782
-698
-1225
-1500
-999
-393
-444
-794
-627
41
551
476
64
28
544
1021
1005
763
724
879
954
854
809
935
1065
751
217
14
299
701
447
-307
-948
-924
-593
-465
-900
-1450
-1661
-1906
-1837
-2252
-2229
-2122
-2327
-2344
-3307
-3188
-2708
-2169
-1984
-3103
-3306
-2988
-2231
-1944
-2947
-2750
-2268
-52
585
-2100
-2970
-2816
1231
3014
2163
-844
-2625
-104
3251
4450
2252
653
1122
2944
3757
3020
2166
3437
4319
3885
2373
1558
2683
4392
4474
2885
1404
1624
2592
2675
2091
1855
1962
1846
1081
280
400
1237
1609
930
-310
-982
-610
34
-33
-618
-872
-923
-1350
-1640
-1504
-1284
-827
-734
-1522
-2013
-1703
-1101
-602
-766
-1111
-937
-813
-864
-684
-270
260
428
16
-377
-197
520
1085
876
251
69
589
1071
819
358
537
1080
1009
215
-261
127
693
566
-193
-854
-917
-547
-289
-604
-1348
-1760
-1509
-1217
-1572
-2147
-2259
-1802
-1960
-2457
-2868
-2615
-2062
-2109
-2488
-2919
-2813
-2472
-2030
-1880
-1884
-2960
-2467
-1674
1067
442
-1675
-2761
-2356
1902
3323
2325
-1050
-2381
523
3868
4601
2162
471
1498
2862
3666
2526
2533
3647
3990
3521
1879
1576
2893
4514
4576
2590
1233
1458
2461
2762
2288
1717
1524
1345
859
442
457
1053
1390
655
-724
-1229
-431
221
-204
-914
-1085
-1096
-1405
-1736
-1571
-988
-716
-1245
-2107
-2353
-1735
-944
-741
-1165
-1605
-1538
-1071
-672
-571
-588
-476
-283
-263
-384
-250
291
747
584
46
-109
361
872
838
456
278
455
580
424
233
316
511
405
-18
-415
-431
-269
-226
-436
-839
-1163
-1339
-1332
-1294
-1514
-1772
-2039
-2005
-2034
-1865
-2067
-2241
-2313
-2297
-1816
-2031
-2019
-2414
-1950
-1431
-963
-2193
-2210
-1728
867
1284
-791
-2482
-2449
1564
3138
2816
-440
-1755
71
3451
4200
2448
454
1723
3045
3868
2685
2202
3054
4157
3936
2088
1433
2400
4391
4087
2577
843
1504
2362
2525
1688
1386
1524
1421
630
-169
-59
872
1279
389
-1081
-1491
-787
-95
-482
-1311
-1591
-1302
-1274
-1756
-2116
-1710
-915
-848
-1839
-2660
-2184
-962
-402
-874
-1562
-1609
-1010
-477
-511
-738
-509
51
177
-334
-669
-111
876
1162
479
-171
105
896
1215
902
578
636
860
812
412
171
466
791
436
-335
-684
-388
-5
-95
-678
-1207
-1279
-1126
-1137
-1333
-1507
-1588
-1708
-2016
-2145
-1956
-1686
-1742
-2163
-2221
-1945
-1699
-1751
-1946
-1912
-1376
-1065
-1426
-1828
-1606
476
1468
175
-1583
-2375
421
3240
3179
761
-1590
-283
2822
4403
2756
798
1499
3194
3759
2690
1810
2456
3867
4041
2480
1047
1493
3309
4063
2789
1006
671
1658
2272
1742
870
618
813
655
-103
-654
-234
608
521
-761
-1860
-1621
-667
-345
-896
-1524
-1722
-1712
-1761
-1760
-1506
-1172
-1273
-1935
-2416
-1956
-968
-604
-1184
-1802
-1549
-664
-152
-469
-939
-709
69
466
76
-422
-177
659
1092
640
0
60
685
1013
724
413
606
952
784
209
4
489
1006
772
-65
-577
-291
265
268
-369
-981
-1048
-715
-582
-858
-1301
-1447
-1317
-1213
-1329
-1590
-1527
-1300
-1217
-1546
-1672
-1524
-1262
-1162
-1450
-1226
-1098
-735
-1102
-1694
-1201
327
2024
372
-1650
-2181
-195
3277
3271
1218
-1390
-994
2058
3988
3451
889
571
2070
3097
2556
1508
1956
2998
3283
2106
808
897
2330
3330
2501
850
171
908
1575
1262
678
551
700
413
-220
-526
-174
506
448
-552
-1634
-1479
-667
-312
-701
-1432
-1402
-1506
-1415
-1591
-1490
-990
-1043
-1038
-2102
-1673
-1052
-933
-322
-1020
-924
-970
-666
-427
-515
239
149
-109
-592
-322
527
933
1034
302
-145
306
991
1090
768
451
581
925
656
280
412
958
1135
538
-150
-229
289
802
577
-260
-709
-435
-138
-208
-474
-665
-675
-769
-1024
-1260
-1086
-810
-807
-1104
-1442
-1445
-1256
-907
-1074
-1118
-1165
-1323
-1020
-1033
-892
-1107
-1091
-1117
-527
1058
579
-880
-2167
-1205
1762
3017
1908
-992
-2020
199
2992
3479
1254
-98
612
2133
2674
1523
1059
1858
2720
2453
865
225
1368
2844
2680
908
-164
343
1371
1644
1054
422
304
408
166
-247
-271
282
669
88
-1027
-1531
-860
-55
-99
-834
-1323
-1185
-1161
-1170
-1281
-1132
-864
-864
-1247
-1861
-1284
-702
-367
-352
-1004
-1133
-984
-160
255
-6
-251
-464
-89
233
409
310
378
617
357
253
453
713
971
969
579
395
572
781
928
849
700
512
286
281
460
579
481
166
-116
-218
-207
-99
-38
-250
-641
-929
-994
-847
-635
-633
-1001
-1214
-1184
-1243
-1194
-1084
-989
-1087
-1309
-1525
-1370
-997
-742
-938
-1526
-1567
-1531
-91
1111
-175
-1775
-2542
-466
1937
1930
339
-1741
-1283
975
2512
1862
273
204
1260
2007
1473
863
1395
2402
2458
1269
163
473
1966
2792
2030
579
97
842
1369
1128
789
689
773
606
-32
-280
277
906
825
-161
-1109
-982
-238
148
-181
-654
-827
-977
-1069
-1071
-900
-528
-443
-917
-1470
-1528
-570
360
-388
-1269
-1377
-547
528
156
-480
-813
-368
505
403
-35
-121
347
639
476
166
198
761
992
811
506
395
668
1009
1016
667
443
645
863
605
321
373
498
531
238
-263
-313
14
140
-57
-502
-762
-590
-492
-694
-939
-1033
-938
-854
-1047
-1380
-1406
-1212
-1027
-1088
-1456
-1581
-1466
-1189
-1060
-1065
-1160
-1309
-1863
-1588
-945
413
465
-1362
-2039
-2220
426
1924
1609
-709
-1888
-795
1682
2583
1182
-114
472
1550
2156
1042
763
1608
2421
2226
787
165
1113
2560
2788
1513
172
157
1381
1916
1450
755
541
681
623
371
313
575
783
521
-169
-557
-279
163
206
-211
-629
-792
-894
-856
-547
-286
-356
-905
-1458
-1310
-812
-353
-117
-600
-1179
-1048
-564
-160
-149
-337
-201
-102
-236
-278
-153
355
882
603
-71
-155
415
965
957
551
298
437
664
659
604
709
753
594
379
228
314
596
631
282
-79
-146
-18
0
-167
-292
-454
-563
-603
-878
-984
-844
-787
-992
-1272
-1537
-1373
-1025
-1208
-1409
-1667
-1511
-1415
-1420
-1524
-1662
-1235
-1330
-1143
-1727
-1940
-1347
-825
723
-70
-1726
-2447
-1383
1413
1999
818
-1288
-1816
238
2178
2384
687
54
1004
1681
1708
1144
1371
2323
2537
1859
775
691
1910
3014
2760
1329
431
941
1803
1725
1266
1189
1166
965
569
234
460
1052
1129
421
-494
-723
-92
407
178
-332
-641
-679
-734
-870
-702
-434
-501
-822
-1282
-1341
-811
-481
-511
-744
-1070
-907
-661
-827
-582
60
152
-383
-804
-480
235
615
513
59
-275
26
597
754
468
279
474
633
394
143
373
836
857
325
-141
-62
344
553
314
-123
-259
-60
-44
-358
-587
-446
-304
-536
-847
-1063
-1024
-793
-808
-1079
-1323
-1431
-1241
-962
-1226
-1392
-1373
-1234
-1138
-1355
-1338
-1232
-846
-893
-964
-1367
-1602
-900
-393
850
246
-1329
-1891
-1150
1404
2106
1084
-906
-1493
401
2204
2654
983
141
870
1866
2182
1390
1222
1995
2584
2115
1103
666
1516
2752
2759
1509
414
730
1548
1704
1411
952
722
762
586
294
342
642
690
400
-342
-692
-268
107
144
-454
-788
-786
-863
-855
-857
-724
-740
-791
-1238
-1426
-1031
-592
-199
-704
-1315
-1353
-849
-240
-153
-228
-633
-1062
-772
82
422
81
-293
-473
-170
281
431
336
233
268
260
153
184
408
573
534
292
68
82
213
296
346
308
21
-268
-230
-53
25
48
-61
-376
-647
-682
-541
-372
-291
-518
-985
-1145
-842
-506
-524
-849
-1113
-1055
-997
-921
-737
-757
-761
-896
-1044
-918
-871
-479
-424
-1066
-1219
-994
291
943
-338
-1364
-1321
578
1766
1103
-47
-1002
104
1655
2124
985
170
1149
1821
1863
981
715
1832
2502
1995
833
441
1389
2626
2508
1235
257
593
1724
1874
1011
525
714
924
735
185
-56
414
824
471
-393
-866
-393
140
44
-653
-1150
-922
-780
-888
-1073
-966
-928
-1095
-1453
-1440
-637
-699
-1010
-1589
-1712
-691
-262
-461
-1378
-1384
-410
37
-331
-788
-399
-126
243
110
-392
-73
532
785
289
-138
64
691
1056
716
161
99
645
911
782
564
313
441
732
574
178
99
367
513
233
-120
-83
106
149
-105
-429
-340
-295
-452
-596
-548
-502
-589
-654
-1045
-1020
-734
-705
-733
-956
-1074
-1001
-826
-883
-919
-954
-959
-804
-1002
-1135
-823
-687
452
-46
-1212
-1243
-557
1337
1163
712
-830
-568
689
2004
1717
508
280
1217
1855
1852
856
1179
1942
2331
1642
757
778
1667
2342
1792
828
407
992
1336
1188
705
580
536
390
83
-154
127
456
175
-283
-903
-825
-296
-145
-599
-1096
-1148
-1019
-1111
-1231
-1121
-1073
-948
-1226
-1581
-1433
-678
-781
-981
-1343
-1089
-536
-248
-550
-1034
-497
113
329
-186
-411
-15
566
722
386
-16
355
909
995
605
429
645
1006
1105
820
519
667
1022
1095
796
431
409
786
923
512
141
233
395
298
89
-33
-52
-140
-372
-501
-362
-294
-584
-892
-940
-820
-689
-693
-996
-1214
-1106
-967
-890
-1040
-1060
-1014
-1000
-1040
-1171
-1069
-746
-733
-751
-1096
-1158
-863
-371
687
-326
-949
-1307
-189
1195
1133
469
-575
-265
779
1712
1410
741
812
1245
1356
1213
982
1608
2091
1771
1059
622
876
1783
1963
1238
436
274
936
1066
656
365
415
452
209
-54
-355
-40
169
-33
-447
-887
-639
-321
-417
-826
-1069
-950
-807
-920
-1073
-1043
-979
-791
-887
-1087
-963
-721
-654
-525
-561
-823
-361
-138
-202
7
75
68
-86
231
653
720
621
483
496
573
951
1066
894
849
710
756
937
848
752
901
841
546
417
553
664
557
470
265
-12
91
242
63
-103
-243
-468
-438
-384
-614
-742
-689
-740
-857
-995
-1102
-993
-854
-899
-1147
-1263
-1161
-991
-953
-996
-1085
-1207
-1051
-769
-622
-822
-996
-841
-628
-464
-452
-906
-656
-488
351
426
-532
-906
-649
846
1332
849
-138
-514
480
1672
1921
955
374
890
1458
1629
1264
1090
1421
1538
1289
877
730
1146
1601
1472
720
156
426
994
894
403
210
247
275
253
46
-104
49
63
-137
-447
-543
-350
-205
-362
-718
-607
-556
-748
-717
-657
-489
-539
-656
-724
-810
-454
-201
-211
-200
-387
-316
-44
85
287
269
178
2
-48
365
519
509
426
400
342
239
556
572
507
484
289
284
307
368
395
458
322
-5
-45
101
179
74
-130
-367
-426
-223
-107
-279
-506
-496
-452
-584
-700
-674
-657
-640
-677
-833
-886
-827
-781
-764
-795
-854
-806
-722
-718
-700
-716
-657
-581
-562
-586
-535
-463
-449
-418
-520
-259
-251
-355
-254
-336
177
399
214
-83
-120
498
774
821
555
390
589
1027
1271
769
703
1034
1276
1265
845
822
1102
1340
1266
805
628
784
1113
1159
692
355
386
636
604
346
289
302
257
89
-67
-82
-15
69
-29
-323
-456
-275
-147
-216
-450
-600
-375
-403
-600
-592
-427
-172
-310
-512
-646
-560
-167
-12
-123
-435
-477
-184
0
6
-114
-146
-82
-12
40
56
66
108
58
-35
-27
-30
72
206
111
-20
-57
-65
-14
-3
-33
-68
-171
-201
-187
-224
-193
-188
-279
-348
-334
-328
-355
-440
-439
-331
-411
-537
-604
-579
-442
-382
-486
-617
-529
-389
-373
-484
-549
-459
-320
-299
-412
-338
-209
-130
-210
-333
-286
-190
120
229
20
-108
82
421
467
343
216
322
595
776
668
412
568
949
1133
889
515
595
993
1243
1063
735
594
672
965
1062
813
498
399
612
716
542
331
266
329
309
225
81
-29
12
62
5
-187
-261
-174
-114
-166
-344
-412
-422
-374
-291
-362
-436
-552
-510
-356
-379
-375
-418
-404
-298
-269
-201
-277
-341
-171
-38
-55
-145
-143
-76
-1
-5
-66
-82
-46
20
4
-19
-62
-14
41
-36
-100
-95
78
57
-151
-223
-157
-43
-10
-105
-296
-256
-84
-21
-136
-357
-352
-223
-125
-160
-314
-374
-318
-291
-267
-251
-303
-308
-345
-376
-362
-180
-54
-308
-461
-382
-136
-31
-179
-304
-259
37
161
16
-169
-110
51
135
175
39
157
368
401
319
175
274
557
762
675
472
408
523
709
728
658
604
581
610
651
622
585
585
547
512
447
421
420
339
331
288
191
145
41
0
17
84
85
-139
-260
-209
-110
-85
-220
-315
-333
-318
-228
-297
-438
-340
-251
-245
-307
-458
-396
-228
-180
-283
-438
-338
-122
-86
-153
-219
-252
-165
-37
-59
-101
-86
-37
28
-42
-97
-44
90
147
-25
-172
-124
5
91
102
-41
-160
-110
-24
66
28
-67
-121
-107
-83
-163
-171
-93
-74
-135
-165
-192
-237
-203
-172
-201
-264
-332
-311
-194
-175
-226
-230
-274
-295
-244
-183
-175
-188
-198
-131
-64
-95
-116
-219
-172
-42
101
145
-12
21
58
223
290
243
255
169
287
339
463
498
365
342
332
479
557
596
549
494
517
469
511
538
530
494
406
317
349
439
350
201
144
192
227
154
-2
-71
-12
63
22
-177
-273
-178
-30
-91
-247
-335
-335
-171
-195
-293
-332
-290
-138
-145
-234
-354
-307
-121
-77
-156
-255
-194
-78
-36
-79
-146
-112
7
43
-65
-86
25
65
39
11
19
79
96
-33
-113
20
156
155
-21
-154
-64
75
110
-49
-170
-144
-24
40
-88
-184
-202
-119
-96
-207
-250
-212
-116
-131
-291
-422
-375
-204
-140
-265
-411
-362
-224
-170
-221
-338
-341
-199
-101
-126
-223
-278
-179
22
44
-127
-203
-50
129
107
36
16
57
222
272
250
248
217
323
416
447
373
332
470
509
535
481
489
534
457
412
325
414
491
455
370
237
253
257
249
209
170
176
122
39
-19
8
74
81
-13
-95
-107
-55
-2
-50
-106
-147
-143
-141
-176
-162
-154
-124
-153
-225
-188
-170
-89
-67
-198
-193
-115
-43
-65
-150
-126
-78
-11
-17
-91
-57
14
52
-15
-132
-103
15
60
-11
-100
-121
-64
20
-15
-82
-51
-34
-50
-73
-118
-33
102
-2
-189
-220
-109
18
-71
-241
-275
-250
-179
-180
-249
-277
-273
-168
-195
-363
-393
-332
-198
-163
-255
-276
-321
-252
-123
-125
-142
-215
-211
-205
-120
33
-65
-124
-140
-86
58
106
116
79
82
126
215
282
311
320
350
394
336
370
449
499
508
480
442
381
422
431
437
456
423
418
361
315
281
268
331
291
135
31
77
226
220
124
88
12
19
32
-20
-49
-74
-58
-80
-92
-126
-138
-101
-161
-199
-235
-190
-122
-167
-172
-192
-173
-107
-110
-134
-202
-197
-99
-74
-70
-98
-132
-94
-60
-7
-10
-86
-138
-109
-12
-12
-29
-26
-96
-87
-5
60
63
-58
-134
-58
0
4
-87
-136
-33
-6
-35
-151
-215
-148
-112
-56
-148
-280
-267
-172
-119
-214
-317
-395
-291
-163
-237
-330
-333
-248
-165
-204
-293
-280
-214
-115
-165
-212
-290
-182
20
104
-9
-194
-130
137
279
208
41
85
268
414
415
314
286
332
416
477
420
429
547
574
474
435
467
541
614
497
418
311
382
482
478
413
310
192
231
308
300
245
144
78
57
75
130
48
-72
-134
-163
-81
-52
-207
-292
-258
-185
-161
-273
-339
-308
-249
-231
-290
-320
-291
-221
-204
-252
-273
-286
-257
-175
-145
-178
-207
-235
-204
-88
-44
-109
-166
-172
-106
0
7
-63
-116
-87
35
76
-25
-89
-22
48
16
-63
-77
-45
2
72
-27
-142
-118
-79
-56
-96
-131
-206
-214
-161
-168
-191
-258
-221
-160
-146
-203
-267
-268
-265
-161
-109
-161
-245
-215
-124
-105
-189
-220
-16
74
150
70
-96
-40
64
236
189
149
176
146
262
360
436
478
437
330
352
496
550
530
445
418
471
518
545
498
405
381
431
460
428
353
272
260
324
341
223
130
136
118
110
84
9
-73
-72
-20
-110
-189
-226
-240
-209
-215
-258
-366
-376
-313
-330
-334
-350
-398
-368
-315
-358
-386
-338
-303
-333
-352
-289
-222
-199
-174
-142
-167
-229
-220
-108
-35
-71
-91
-70
-43
-67
-79
10
103
103
-46
-112
1
88
97
-2
-72
-13
27
62
90
31
-38
-105
-58
72
53
45
6
-104
-106
-141
-169
-21
122
-21
-208
-172
-67
-8
6
-73
-251
-197
20
89
78
-45
-177
-153
10
141
41
-17
33
95
174
110
37
73
228
327
229
154
170
277
367
414
369
220
287
431
452
391
274
294
397
459
419
257
231
333
383
348
212
139
220
283
226
90
3
39
100
95
6
-112
-133
-113
-137
-150
-175
-214
-204
-214
-284
-351
-371
-321
-269
-304
-371
-405
-407
-348
-269
-271
-297
-328
-384
-391
-312
-231
-216
-262
-349
-266
-104
-79
-121
-231
-209
-78
-4
4
-50
-55
-29
6
42
94
153
135
60
6
66
171
192
110
-14
-29
165
288
102
-96
-62
107
209
173
-39
-163
6
120
118
-15
-168
-69
92
120
22
-97
-142
-33
105
83
-53
-146
-49
65
25
-58
-63
-3
70
76
63
95
15
-68
17
205
234
150
118
73
181
320
322
164
34
203
388
407
229
79
126
271
407
332
164
75
165
327
332
210
69
32
105
158
135
66
-25
-4
80
-13
-153
-161
-112
-58
-93
-270
-348
-241
-148
-148
-254
-388
-389
-303
-205
-162
-267
-363
-361
-378
-294
-185
-250
-326
-271
-191
-185
-223
-275
-242
-176
-104
-31
-124
-212
-187
-52
116
94
20
0
6
-2
43
210
266
207
100
-29
74
266
299
173
27
78
224
294
249
120
-14
-67
100
285
293
149
-73
-48
170
246
104
-67
-50
23
125
154
-35
-150
-115
61
207
9
-219
-178
47
189
70
-141
-194
-10
161
111
-88
-185
-47
88
58
-29
-25
54
122
114
8
-69
30
191
172
-7
-75
82
311
300
51
-88
22
173
187
107
-22
-11
125
130
108
35
-32
6
74
105
31
-62
-90
-36
13
18
-44
-125
-116
-94
-60
-105
-174
-151
-139
-100
-124
-217
-219
-195
-163
-171
-177
-140
-161
-156
-125
-162
-234
-185
-105
-83
-94
-139
-88
-35
-36
-113
-164
-40
82
134
75
-44
-71
83
209
132
-5
-51
74
205
299
247
39
0
126
241
165
31
53
143
293
286
50
-33
65
168
129
15
66
107
110
139
5
-81
19
102
101
48
-33
-116
-63
67
63
-21
-119
-125
-55
-28
-16
-55
-49
-55
-125
-110
-48
19
-16
-81
-28
-71
-118
-43
28
48
-19
-54
-19
35
65
-20
-8
101
42
-45
-23
8
70
104
51
-55
-54
109
117
26
1
-30
20
72
50
-24
-60
20
31
-42
-29
2
-48
-69
-49
-41
-58
-122
-115
8
39
-67
-159
-167
-93
0
-10
-73
-135
-149
-23
26
-20
-54
-91
-90
-67
5
-9
-5
123
95
-60
-157
-62
154
247
89
-123
-105
95
238
160
-26
-72
70
160
147
85
-4
100
182
82
0
-16
108
199
86
-32
-46
78
192
109
-28
-103
-30
158
168
-6
-105
-91
-69
64
161
23
-64
-124
-147
-26
32
-4
-110
-112
-5
3
-11
-74
-132
-85
-64
-37
-19
-29
-47
-122
-85
20
46
60
-23
-125
-112
-42
23
22
-29
-57
4
65
11
-48
-43
-11
18
76
86
11
20
30
11
22
-30
-11
45
54
82
55
35
6
-50
-18
29
71
66
4
3
21
15
-8
-12
27
76
66
-29
-39
51
70
6
-32
2
-2
6
39
2
45
51
-63
-69
4
85
58
-40
-41
-17
48
56
-44
-39
83
117
-21
-121
-58
93
128
20
-99
-107
98
158
-1
-83
-70
11
60
29
-47
-40
103
92
-64
-138
-34
67
35
34
-88
-131
-3
-1
-28
-10
16
-69
-113
-39
46
80
-98
-212
-69
81
60
-38
-41
5
-6
-59
-48
-14
5
65
42
-72
-75
51
98
20
-54
-98
-8
99
63
-7
-65
-2
44
42
57
-56
-135
-14
148
102
-28
-60
-50
22
123
74
-72
-30
70
83
60
16
-48
-9
112
27
-23
19
22
69
87
61
-61
-58
34
46
40
-34
-53
7
75
33
-39
26
-5
6
119
8
-132
-75
50
86
57
-1
-91
-57
59
62
-28
-130
-121
-80
127
214
-27
-202
-134
-4
128
210
-89
-235
-71
31
37
-133
-153
459
241
156
-225
-341
-231
-190
422
110
-123
-297
-70
179
-16
29
-62
-99
2
19
75
12
103
-90
100
-96
-48
238
175
-83
-62
-13
62
19
78
25
-43
-19
-6
113
39
-79
10
-59
-16
15
36
100
-103
-53
122
27
-46
-124
43
159
29
-6
-99
-52
94
12
-68
20
27
-4
97
24
-55
59
55
-13
-16
-23
14
39
26
45
-2
-41
37
86
24
-88
-68
93
125
-4
-66
-52
-74
-57
56
79
-49
-116
-50
42
91
52
-53
-99
1
101
38
-42
-18
-46
-109
-46
42
73
39
-84
-169
-31
162
96
-92
-172
-88
39
98
81
-33
-111
-120
-12
58
-30
-27
-2
14
17
-57
-46
-2
5
38
8
-53
-24
16
48
73
-4
-46
45
124
107
-10
-70
-19
112
151
-1
-52
-12
85
119
2
-20
66
94
16
-46
-73
19
122
126
61
-64
-68
-12
79
64
-56
-59
29
115
22
-64
-112
-88
66
75
-14
-103
-122
-32
68
50
-79
-120
-42
51
53
-41
-90
-26
64
58
-11
-58
-42
7
15
18
-41
-74
11
74
45
-89
-98
19
37
-18
-84
-69
-37
-18
29
45
-5
-82
-95
-25
59
68
15
-37
-46
3
59
52
6
18
36
34
-9
-4
54
41
40
22
24
36
20
43
23
6
13
23
41
3
-43
-31
38
68
22
-16
-15
-7
-13
-22
-48
-32
25
33
29
-5
-30
-64
-72
5
25
34
-3
-49
9
52
55
-8
-53
-40
-6
42
33
23
51
40
-7
1
31
-5
-18
7
7
-5
11
43
28
24
20
1
5
12
28
13
53
48
-11
19
-6
-23
11
6
-9
-18
22
24
-26
-30
-12
3
10
2
-46
-35
-13
-36
-4
-32
-45
-7
-7
-24
-82
-59
-14
-36
-48
-53
-48
-47
-18
13
-21
-47
-29
-22
3
40
-3
-34
14
33
62
66
24
26
14
-14
3
7
25
98
73
29
15
-13
49
79
68
9
-28
18
48
70
4
-6
38
24
51
40
16
15
3
-6
-20
10
43
5
-18
-16
-37
-15
15
14
16
-6
-51
-21
31
-10
-21
-30
4
65
2
-33
-49
-60
-15
10
9
-6
-17
-14
-4
-20
-60
-57
-16
6
-22
-17
2
-32
-18
7
-2
0
-28
-10
25
18
11
-18
-15
17
18
21
15
-2
1
14
26
13
-43
-43
21
36
31
-29
-63
13
34
3
-25
-44
-5
6
3
-7
-54
-32
6
-7
-5
8
-4
-52
-52
10
36
15
-19
2
20
-10
19
23
-10
17
15
14
20
14
48
52
29
18
11
28
38
29
12
-2
22
53
44
31
53
35
25
49
19
26
45
7
6
31
19
2
5
-15
-4
3
-6
7
0
8
-2
-46
-56
-33
7
4
-15
-13
-22
-6
12
12
-33
-68
-26
23
27
-19
-27
-32
-13
12
-18
13
6
-26
-16
-19
25
9
-32
-8
-29
-31
13
19
18
0
-12
15
-27
-67
-1
22
8
9
-36
-45
-19
9
20
-18
-12
4
4
34
17
-18
-15
0
20
6
-3
37
34
-24
-33
-13
16
46
12
-6
7
-14
-25
-5
2
14
23
14
12
-2
4
5
-2
-1
3
14
4
-6
-9
58
78
-16
-15
25
4
12
30
-1
-2
17
14
43
27
1
24
37
53
28
0
12
21
35
35
33
3
-37
-6
7
0
12
11
-15
-40
-8
-9
-29
-17
-25
-3
-26
-32
-10
-38
-18
-27
-21
-13
-45
-26
-8
-5
-18
-38
-42
-35
0
-2
-3
-1
0
-2
-42
-13
15
14
27
14
2
-14
4
16
18
24
10
10
-2
16
10
-19
-3
0
7
7
-2
7
5
-1
-7
-7
10
9
-2
16
7
-23
-13
1
27
36
17
16
15
16
-6
5
51
45
30
13
4
24
64
45
-4
-9
12
45
9
9
20
-3
19
-7
-14
-3
-14
-7
-32
-40
-6
16
3
-34
-45
-9
32
7
-24
-48
-58
-16
-3
-10
-17
-33
-6
18
21
10
-15
-29
-8
1
-3
-10
-26
9
32
-8
-24
-5
-14
4
45
26
5
-35
-17
17
-1
29
22
5
18
21
33
-8
-22
19
28
16
18
22
-19
-8
21
-2
7
-5
-1
28
14
2
3
9
-4
-3
-8
-12
-5
-7
-1
-5
7
3
3
-20
-15
-13
-13
15
-3
16
-3
18
-26
10
-7
1
15
12
39
20
21
-17
28
