1
0
0
0
0
0
0
1
-1
0
1
-1
0
0
0
0
0
0
0
-1
0
0
0
-1
0
-26
-4
-5
-1
16
19
3
-8
2
-6
-23
-20
-8
1
-5
-1
0
4
-31
-12
13
-9
10
6
6
15
27
4
54
2
36
12
41
45
-4
3
-22
-1
41
-16
-18
82
-60
174
-126
66
5
-12
101
-104
87
-17
43
-55
0
12
46
22
-75
73
-5
55
-53
20
20
9
-6
34
-11
9
42
-8
50
-80
32
34
94
-55
-3
37
74
-31
-40
69
49
10
-60
50
17
61
-47
28
12
42
9
-32
16
-66
87
-18
-11
81
-92
109
-80
21
37
-33
111
-123
61
11
-62
40
-71
69
-42
-11
19
60
-76
3
34
53
25
-66
45
1
8
-96
33
38
36
-62
-72
99
-56
49
-123
29
122
-59
-71
-19
66
3
-39
-73
111
-74
33
-97
14
44
5
83
-110
58
-5
30
24
-66
58
45
-28
43
-88
157
-135
138
-126
123
-10
-1
10
-14
60
-112
28
31
-11
4
-62
83
-4
33
4
12
54
-51
73
-42
11
-32
7
40
-60
93
-59
29
-26
-26
63
-99
69
-111
78
-75
52
14
-15
-1
-24
-72
19
-48
51
-29
-48
4
4
35
-13
-19
89
-39
55
-94
78
-32
19
32
-54
43
-4
-32
13
-80
28
1
15
-48
28
44
-26
-33
-26
102
-80
19
-25
21
51
-131
69
-17
78
-88
40
-4
36
14
-66
51
-23
51
-5
-31
37
60
-15
-26
-22
68
55
-17
-28
16
15
32
-18
16
-15
83
6
-36
58
-64
123
-51
-56
18
-16
55
-109
-10
-41
94
-56
-25
45
68
29
-93
-25
103
-23
33
-52
-18
95
-3
26
-19
44
4
-27
4
-29
101
-52
41
-94
145
-66
84
-51
-2
57
-67
45
-55
70
37
13
34
-53
118
15
-48
-4
-31
104
-16
5
-67
75
-26
23
99
-99
180
-94
8
83
-93
109
-87
84
-17
-60
106
-13
63
-143
98
20
49
-93
-4
32
19
-72
-70
50
39
55
-108
141
-5
-20
-2
-71
81
25
-22
48
-123
166
-61
64
-74
26
66
26
54
-31
39
12
-67
-36
59
56
-19
-83
38
-77
91
-56
8
82
-93
42
9
-76
28
-33
74
10
10
43
11
-16
-25
86
-122
65
-81
87
58
-128
124
2
51
-47
78
-21
35
37
-103
165
-69
74
12
-5
39
29
-27
83
-22
-21
-79
109
-11
58
-159
151
-81
84
-107
117
41
40
-18
-103
110
-29
72
-40
37
75
-8
-131
-7
143
-64
-40
-55
85
42
-16
-21
-34
51
-60
61
-54
44
61
-26
-91
-63
108
32
-60
-27
2
127
-84
-21
-46
73
23
-63
-44
8
2
81
-36
-67
50
60
-19
-69
-85
145
-1
4
-161
59
88
-17
-22
-76
97
76
-87
-59
-76
70
11
-71
13
-24
62
-51
-110
-41
-46
120
-86
-68
6
96
-51
17
-155
82
47
-104
-43
-5
-17
204
-139
17
14
98
-32
-65
-17
66
9
-127
60
-17
54
-13
-113
-24
114
40
28
-153
49
-16
11
-88
50
-53
87
55
-30
-102
40
16
-47
-114
35
90
18
-78
-40
132
-26
22
-104
49
56
8
-1
-2
-10
-67
8
-51
98
-143
112
-12
52
-29
33
110
54
-36
-2
23
-18
84
-156
186
-165
189
-91
92
18
-33
47
-28
-12
1
-49
73
-97
-9
69
-12
-68
2
-53
93
-50
-45
27
-63
80
-1
41
-12
-56
82
-12
-64
19
-114
-15
-25
13
76
-20
-30
-82
93
-85
6
6
-59
60
-88
26
34
-84
-12
-2
-25
87
93
-50
46
-1
-5
13
-61
114
-1
-6
-94
40
55
37
30
-111
3
22
-10
-16
90
98
-33
-81
4
2
70
-62
-41
63
29
109
-148
35
-50
-13
-4
-16
139
53
-135
-47
128
-1
-31
11
-99
137
-22
-61
-7
-24
57
-63
31
46
61
18
-85
30
35
37
-60
12
-77
158
-95
26
5
-77
69
-30
77
-37
-68
2
63
35
-74
103
12
-33
6
-39
166
-80
-62
58
-22
72
-67
76
31
7
-23
35
98
-14
66
-256
86
82
-19
166
-158
132
-18
-76
55
-56
152
40
-114
4
110
45
14
-114
74
238
-84
-88
-48
62
82
-104
35
46
50
-1
-124
80
95
17
-122
-64
123
47
-20
-137
37
8
-63
13
-109
86
-41
24
37
4
-16
-60
4
-94
62
36
45
-44
101
-69
184
-171
68
2
-36
145
-111
-23
35
-121
113
-6
46
-23
13
-60
-47
145
-59
36
5
-80
271
-137
60
136
-169
85
-206
153
-122
32
-111
-61
73
-54
7
-31
-87
2
-52
114
-121
41
-54
37
19
-45
79
-96
77
-122
34
31
-8
64
-88
199
50
60
-77
-141
103
-74
77
-133
-9
161
-136
91
-271
218
-2
-91
-69
78
140
-11
-189
-34
84
109
-118
-67
-8
141
-64
-45
-2
59
154
-176
159
-82
114
-84
-119
112
89
-68
-54
-108
175
-72
-71
91
64
34
-80
-67
28
25
64
-82
24
-28
24
47
-72
-13
-72
49
81
-102
15
127
-44
143
-304
249
-7
-50
-44
-59
130
-44
-40
-107
1
65
-24
39
-66
38
15
-96
119
-4
17
170
-185
191
-113
111
-79
127
-105
78
56
90
-77
27
-76
175
-73
-118
52
-39
175
-167
-46
92
-157
147
-167
-36
77
10
59
-72
-7
-73
112
66
-178
66
-97
236
-67
2
-46
123
-38
44
-141
123
41
-64
106
-269
153
-18
15
-149
-95
224
-18
-12
-45
116
-2
-90
-192
120
75
137
-248
125
-107
192
-181
87
-7
-138
-12
-26
104
18
19
-19
-80
-34
-4
138
43
-49
-63
39
18
-13
4
-21
167
-91
59
-4
102
-15
-137
-1
11
42
41
-34
49
111
-132
-25
105
130
-76
-81
-2
210
-142
-42
-57
119
164
-59
-136
9
45
17
-35
-142
162
-12
23
-280
218
149
-82
-23
-149
218
-67
-70
-54
77
-11
75
-109
28
72
-70
-78
-33
44
83
-61
-103
177
-72
-41
108
-145
188
-144
-2
107
-132
91
-72
180
7
-17
-32
-213
164
-34
-47
-47
-58
155
65
-33
-77
-42
209
11
-272
131
86
38
-78
-102
324
-20
-60
-166
86
156
-109
99
-58
102
27
-23
22
47
-96
268
-79
31
-77
167
-99
-68
65
105
112
-230
21
16
233
-246
1
207
-47
-108
-10
80
94
-47
28
-44
143
71
58
-19
111
189
-30
9
-11
90
-36
-206
59
91
25
-216
-125
162
-52
-9
-76
-156
26
-259
-119
160
169
46
19
79
294
49
-59
249
152
200
-261
218
74
113
-8
-279
42
57
-273
-162
-51
196
-164
-270
-118
-44
-112
-202
-93
-60
25
-198
-295
245
-50
104
59
-27
264
-179
54
49
229
-18
-116
59
205
-119
-145
-52
275
-149
-155
-189
-168
-99
-414
116
37
102
178
-198
299
-111
71
106
142
342
219
137
-71
100
-122
177
52
-37
49
17
-83
200
-287
-28
-201
-55
39
140
-279
102
-32
-232
101
-151
266
-69
-95
15
56
192
-336
163
6
258
1
-4
381
-234
80
-88
100
192
-83
-26
134
137
-208
-163
163
-153
-54
-320
64
128
-72
-71
2
265
136
139
-20
202
76
56
-175
36
126
88
-250
-130
121
224
-170
-202
-51
205
40
-320
61
180
-99
118
-219
-71
195
-173
239
-94
92
50
31
-135
250
190
26
-94
31
141
-2
-57
-45
215
-171
121
-218
188
15
-291
131
-242
216
-19
-40
106
-42
96
12
-147
187
0
58
-44
-64
68
31
10
-96
184
45
148
-207
-15
-134
165
-63
-100
139
18
99
-323
-25
172
-36
259
-309
-35
266
-153
-120
-56
141
281
-142
-282
-27
170
46
-139
12
20
182
-314
57
-62
165
66
-217
-22
-114
182
81
-208
78
-55
139
49
-1
-86
142
-226
230
-57
29
54
-17
-51
172
-174
73
-150
135
3
-270
193
-200
376
-395
14
55
129
-40
-68
-50
254
9
12
-89
-171
186
-83
-85
-79
113
282
-379
-239
118
184
116
-352
330
250
13
-204
30
157
232
25
-164
110
-59
43
-166
-16
188
-71
-66
-23
-91
-155
222
-164
-12
135
-59
-17
41
139
-30
22
-63
365
-47
-129
-127
-157
86
-188
0
42
-21
-85
-101
89
136
72
-69
11
-11
140
24
-55
-444
369
-71
174
-297
-67
240
109
-157
-217
165
52
83
-249
204
296
-219
-31
-242
142
-27
22
-214
94
-2
-65
-5
-131
157
123
-231
34
-164
25
-47
-241
-30
7
-74
-73
187
59
285
-192
17
48
45
136
-39
109
24
-8
-8
-139
100
-236
199
-105
50
87
-155
-63
-262
79
-44
-115
-78
7
123
-149
-146
-54
227
-215
-164
-143
189
209
-394
194
-148
358
-176
-34
-68
45
37
-18
-21
127
199
-119
-72
-168
171
-213
-98
-322
232
-18
111
-87
-78
108
-173
51
-106
127
-55
57
-50
-3
211
71
-114
70
-99
385
-206
-14
-333
294
-45
-113
-103
118
195
-156
-148
187
6
159
-190
-57
260
13
-25
-70
-109
90
122
-194
-27
-62
-129
104
-72
84
140
129
-86
95
-122
224
5
-84
28
-6
65
139
-189
44
47
-59
102
-307
298
-104
60
-134
-45
263
-290
348
-256
-4
221
143
64
-59
79
129
-53
-60
50
38
-318
40
-162
98
-39
-128
-269
105
9
468
-96
206
-229
58
-2
57
44
-1
-88
35
49
143
32
-93
-194
-10
10
-16
366
-299
143
-287
97
22
32
200
-435
110
-378
555
-91
105
-117
-126
374
-219
-1
-220
384
-244
127
-8
37
279
-553
-10
221
-95
216
-178
-106
214
90
-116
-158
21
-23
2
-215
253
189
1
-130
-58
93
229
47
-304
125
-224
2
91
-300
198
-171
-29
-45
1
104
14
79
-253
391
80
282
-227
-123
148
-145
-20
-88
179
-167
66
-173
261
139
-391
230
-202
107
-69
-175
231
-185
84
-272
295
-61
-172
85
83
-31
269
-408
203
-103
-36
382
-189
463
-181
181
42
-89
85
-36
-105
109
-255
55
187
75
61
-348
264
45
11
-109
-184
301
-92
-112
86
200
71
-184
-144
184
133
-194
-17
-241
414
-224
99
59
-309
50
-194
-60
12
373
-32
344
-255
334
-10
-235
-94
-12
117
174
-73
194
-115
-170
-235
122
-39
268
-125
-136
152
171
186
-275
-71
2
262
-397
185
30
18
22
-400
331
18
-255
226
-241
251
59
-20
178
-191
190
141
-118
178
54
254
-310
163
-96
137
-89
-521
298
-269
186
-156
365
-95
187
-313
381
-46
-143
63
-110
324
-60
65
-173
-98
92
-306
430
-231
359
-343
128
-239
113
193
-244
66
17
226
-248
232
239
-20
-299
122
3
294
-534
493
-178
227
159
-126
284
33
-82
-121
-353
222
291
-476
34
-124
190
61
-68
259
224
-234
-127
202
-26
280
-337
156
-290
-13
191
-262
311
-266
328
140
-117
19
23
219
-347
25
214
168
-104
-216
285
-129
-52
-268
430
-180
289
-58
194
-247
-271
127
58
-104
-193
-82
310
-172
-153
31
-21
-17
-471
389
91
135
-265
-53
130
172
-304
133
221
-181
-175
13
105
219
-471
-222
151
276
-596
67
-98
357
-114
-141
416
-154
84
-227
17
304
4
-213
53
-152
-145
154
-95
26
-40
1
28
12
61
-157
269
-511
346
-147
26
153
-432
204
-276
322
208
-80
-357
226
-89
-269
293
28
-32
164
-438
771
-120
-196
-271
39
199
-79
-290
173
174
-385
-219
324
24
169
-378
111
98
-111
197
127
-130
-84
-248
260
-41
-180
-124
182
-8
-132
145
-306
225
-271
-196
329
-414
381
-181
0
76
-402
291
-166
148
47
40
89
-244
278
61
-61
-239
-242
440
-178
-108
315
55
2
-398
-16
354
-70
-206
189
93
296
-448
236
-369
280
-309
-230
88
-405
217
-238
306
72
207
-288
73
145
-202
235
-65
77
10
-357
345
-223
11
-44
191
-111
-129
99
15
316
-368
60
303
-147
109
70
-272
556
-585
286
-149
-261
291
-3
-101
77
90
-197
125
-275
561
-96
10
-337
269
-313
297
-284
189
269
-581
566
-338
174
105
-150
269
-143
103
24
-278
329
-604
492
-212
164
-367
-28
34
249
-143
425
-396
555
-837
528
-87
234
-340
71
-173
356
-365
170
24
6
125
-344
611
-438
387
-796
548
339
-159
-57
-75
80
-382
135
21
170
-215
-306
869
-274
160
-169
222
20
-370
573
29
181
-966
638
223
-47
140
-39
21
242
-537
250
174
-612
-96
-57
62
246
-40
-35
362
-669
263
78
192
-250
-34
242
400
-372
2
447
-47
-696
726
-84
468
-569
-613
499
-322
-69
-44
350
-244
-310
-172
337
401
-284
-135
424
148
-229
-114
245
277
-538
87
459
-33
-92
-307
228
-219
-5
289
-14
436
-184
63
390
-713
640
-328
-14
-204
-65
615
-278
302
-526
402
-222
286
-398
273
-74
319
-379
-189
212
-32
120
-650
879
-261
144
-445
-73
282
-45
-64
312
-106
73
-437
-26
200
27
-232
19
30
60
220
-305
196
271
-492
207
-66
326
50
-461
177
66
173
-678
25
-16
-120
369
-605
654
-147
-563
12
-24
174
-37
302
-297
-54
-670
144
584
-773
-170
61
541
-389
-367
577
-71
-493
-474
551
96
-685
-146
307
110
-601
4
532
-165
-654
-90
730
-72
-317
86
41
10
-689
291
513
-479
-101
435
616
-225
-328
201
109
-340
152
506
-119
-264
-355
180
-71
-334
241
-127
-86
64
587
297
-330
38
-89
392
-278
52
277
-98
-242
-20
50
158
-248
225
70
209
-283
444
-68
5
294
204
538
-393
-367
439
-13
-110
5
45
174
-427
89
122
288
-274
-207
259
84
-235
-48
-1
138
-406
172
116
340
-247
494
235
-19
-105
-253
163
-112
-133
94
244
63
-12
-173
39
284
-103
29
-89
186
122
-200
-120
-52
-160
24
-265
84
323
-70
6
-71
78
103
-298
206
-125
169
-1
261
35
30
97
297
-23
192
172
166
-43
50
6
5
27
141
-29
-223
178
76
38
-69
-37
243
-397
-119
-148
-167
-130
-235
88
392
-294
165
-274
-153
49
-97
33
-62
116
63
-51
-177
229
-21
-81
-2
-78
96
160
-50
163
-304
281
67
-38
55
76
80
-240
-80
176
-40
-88
-180
29
-198
44
-57
194
-112
-18
-136
-279
196
-10
-317
-108
26
264
-284
103
111
-167
-16
-198
574
-418
10
-194
82
-217
-32
396
-116
216
-135
345
46
-150
-36
5
-104
-175
16
190
40
-204
-1
60
-37
-222
34
322
17
-120
22
195
-419
44
190
304
62
-161
487
-43
-210
257
-88
100
-211
30
238
-449
-29
23
-146
-49
-94
273
-11
-125
162
151
41
-154
-71
-139
-68
172
-146
-121
108
38
-93
-119
304
101
-223
128
222
123
-140
-54
-77
-131
60
84
278
-135
-70
222
121
166
47
388
30
-148
351
316
199
-216
143
286
-439
76
363
-171
-226
17
342
52
-12
508
130
-282
78
264
-144
-182
231
80
-100
102
343
34
-363
198
237
-326
-23
205
-177
-455
-292
48
-335
-784
-91
4
-711
-482
-311
-339
-597
-993
-256
-393
-1035
-658
-572
-550
-884
-874
-218
-461
-489
97
346
-122
-333
478
594
180
228
997
1193
479
980
1309
1061
748
592
1147
1016
886
1192
1190
819
631
952
922
462
269
711
612
62
359
489
156
-112
66
522
193
158
381
123
-4
-66
33
-110
-237
-173
-245
-254
-109
-297
-560
-474
-620
-527
-638
-537
-768
-1238
-786
-1025
-1041
-1161
-1222
-1289
-1849
-1270
-1370
-1837
-2075
-2229
-1945
-1706
-582
-7
-614
-829
-590
-346
-410
-114
714
740
537
909
1291
1536
1259
1108
1005
1017
1744
1958
1726
1351
1260
1330
821
724
980
871
300
38
509
568
-45
-449
-389
-496
-686
-443
-106
-251
-591
-535
-401
-423
-323
-158
-208
-260
48
417
451
343
434
582
662
781
1206
1679
1631
1357
1339
1665
1786
1435
1167
1323
1283
1071
1145
884
799
471
-201
-457
-320
30
-614
-920
-757
-947
-1312
-1578
-1259
-1731
-1941
-1702
-1769
-2018
-2152
-1901
-2583
-3069
-2712
-2410
-2884
-3490
-3439
-3405
-2707
-1244
229
113
-1263
-1637
-1061
-375
251
1201
1757
1419
1293
1917
2651
2528
1739
1193
1470
2538
3308
3151
2240
1284
792
637
997
1233
958
338
-374
-416
-245
-450
-1050
-1738
-1794
-1121
-459
-457
-808
-1064
-1225
-1328
-959
-228
129
-39
-81
334
718
878
717
521
446
753
1562
2227
2722
2590
2059
1679
1595
1962
2044
2039
2008
1936
1927
1371
787
304
-75
-104
-80
168
64
-390
-993
-1656
-1592
-1442
-1544
-1704
-1753
-1756
-2087
-2153
-2184
-2712
-3238
-3125
-2818
-2906
-3062
-3372
-4051
-4713
-4681
-3626
-1771
89
643
-480
-1764
-1644
-483
614
1560
2452
2745
2339
2114
2545
2939
2582
1816
1851
2991
4193
4186
2821
1318
534
492
746
1160
1275
665
-70
-820
-1162
-1119
-1316
-1857
-2450
-1841
-731
-674
-1190
-1707
-1802
-1717
-1317
-208
598
722
362
176
501
766
1012
1201
1358
1575
2118
3027
3376
2826
2092
1861
2092
2524
2895
2899
2500
1935
1513
1258
1026
689
340
182
221
236
-29
-668
-1483
-2015
-1962
-1542
-1258
-1403
-1937
-2621
-3058
-3016
-2711
-2576
-2745
-3030
-3283
-3479
-3659
-3941
-4374
-4696
-4690
-4094
-2460
-135
1131
-19
-2133
-2701
-1328
594
2194
3180
3269
2523
1671
1963
2947
3527
3310
2839
3452
4411
4564
3483
1536
226
272
1270
1917
1761
1096
-120
-1488
-2217
-1900
-1294
-1266
-1689
-1833
-1475
-1160
-1418
-2130
-2526
-2095
-1070
-33
591
640
235
-192
-216
329
1211
1910
2062
1852
1834
2256
2733
2755
2416
2311
2682
3102
3206
2984
2486
1861
1391
1302
1466
1471
1180
638
-63
-496
-521
-586
-920
-1369
-1627
-1494
-1383
-1733
-2316
-2824
-3072
-2899
-2596
-2591
-2930
-3504
-4061
-4343
-4436
-4414
-4429
-4783
-5051
-4161
-1873
359
602
-1225
-2950
-2597
-401
1945
3272
3530
2944
1924
1506
2366
3719
4267
3803
3349
3697
4354
4258
2908
1064
340
1158
2277
2562
1748
204
-1307
-2151
-2031
-1240
-705
-1013
-1823
-2373
-2290
-1950
-1924
-2192
-2170
-1480
-480
174
173
-292
-688
-527
216
1218
2062
2371
2050
1515
1439
2033
2824
3212
3066
2776
2730
2834
2722
2341
2037
2007
2062
1948
1609
1107
544
80
-166
-236
-287
-510
-992
-1554
-1852
-1810
-1736
-1935
-2334
-2638
-2723
-2710
-2784
-3028
-3381
-3697
-3921
-4132
-4380
-4626
-4850
-5037
-4904
-3904
-1946
-109
39
-1686
-3346
-2830
-266
2324
3444
3171
2211
1267
1178
2349
3936
4617
4167
3522
3492
3886
3853
2902
1629
1200
1968
2943
2887
1573
-215
-1502
-1760
-1167
-405
-177
-773
-1857
-2643
-2644
-2176
-1854
-1807
-1738
-1433
-927
-523
-564
-956
-1063
-495
466
1296
1675
1558
1109
791
1033
1861
2861
3465
3301
2640
2192
2162
2404
2568
2645
2687
2527
2242
1624
941
557
498
680
661
400
-94
-776
-1418
-1786
-1650
-1253
-1123
-1539
-2224
-2743
-2918
-2860
-2776
-2792
-2933
-3138
-3501
-4079
-4597
-4724
-4558
-4397
-4137
-3275
-1719
-432
-685
-2351
-3481
-2446
168
2460
3257
2703
1464
472
702
2323
4184
4951
4403
3381
2902
3046
3294
2981
2304
2249
2789
3098
2339
852
-387
-1000
-746
-48
437
142
-1084
-2351
-2943
-2617
-1753
-1078
-956
-1466
-1884
-1769
-1504
-1253
-1027
-609
-90
313
541
409
299
329
508
1138
1949
2593
2709
2401
1976
1695
2038
2638
2942
2945
2847
2661
2153
1434
969
1101
1535
1634
1189
435
-340
-864
-960
-820
-690
-700
-1060
-1815
-2513
-2659
-2392
-2238
-2424
-2754
-2954
-3103
-3430
-3859
-4086
-4112
-4040
-3903
-3918
-3874
-3242
-1821
-633
-958
-2205
-2799
-1727
259
1727
2247
1785
879
341
899
2493
3795
4064
3431
2679
2613
3034
3393
3100
2493
2382
2602
2582
1930
1010
344
37
112
356
441
-22
-979
-1875
-2127
-1584
-920
-675
-1063
-1717
-1955
-1753
-1233
-873
-751
-628
-569
-452
-351
-168
93
285
507
841
1221
1410
1297
1146
1360
1838
2294
2349
2075
1851
1774
1912
1927
1813
1681
1451
1216
794
406
221
75
-140
-649
-1086
-1490
-2047
-2492
-2710
-2473
-2094
-1505
-884
-709
-929
-1321
-1329
-1244
-1110
-853
-644
-913
-1735
-1991
-1635
-1229
-1232
-1287
-1067
-881
-660
-692
-1054
-1460
-1241
-466
205
501
384
44
-462
-364
569
1560
1877
1437
1047
960
1153
1534
1789
1830
1646
1493
1387
1191
1039
955
931
807
649
563
375
40
-359
-477
-337
-156
-127
-348
-626
-843
-787
-576
-352
-186
-192
-271
-367
-333
-170
15
147
187
225
281
340
350
347
403
488
599
632
613
609
604
635
602
554
539
523
503
387
263
212
211
200
94
-41
-118
-118
-97
-87
-77
-61
-98
-186
-211
-106
42
98
83
119
208
218
100
-50
-159
-254
-380
-534
-718
-953
-1196
-1348
-1369
-1319
-1261
-1197
-1141
-1180
-1334
-1487
-1458
-1169
-790
-564
-512
-541
-566
-539
-365
36
449
599
583
584
623
712
843
978
1061
1094
1113
1053
929
845
803
776
712
565
404
254
131
76
46
55
106
65
-94
-260
-335
-229
7
176
187
74
-91
-196
-166
-42
109
195
141
-3
-122
-157
-134
-107
-91
-80
-69
-103
-202
-280
-288
-253
-181
-121
-81
-16
52
127
250
369
416
388
330
294
304
354
386
387
469
659
831
870
765
567
336
196
250
345
280
56
-204
-349
-339
-226
-43
52
-125
-424
-504
-326
-197
-263
-385
-569
-830
-902
-671
-415
-414
-652
-924
-1058
-970
-699
-479
-485
-671
-867
-912
-753
-457
-220
-163
-268
-398
-407
-262
-59
66
153
195
166
172
202
253
296
348
482
583
639
622
530
462
413
480
628
726
679
538
435
354
357
410
471
442
279
142
70
39
16
1
-87
-220
-243
-133
-67
-144
-223
-296
-319
-285
-216
-108
-92
-172
-235
-251
-248
-174
-95
-95
-126
-151
-107
-75
-96
-121
-112
-52
-23
-1
45
60
55
55
29
53
194
303
326
298
239
262
322
346
380
407
433
448
421
385
365
280
200
199
169
130
58
8
-44
-159
-215
-248
-295
-368
-427
-408
-398
-397
-435
-488
-513
-543
-533
-526
-527
-473
-448
-479
-478
-446
-452
-468
-451
-380
-274
-208
-217
-262
-255
-206
-136
-71
-34
-6
1
27
3
5
84
103
108
130
171
209
209
200
195
171
168
227
265
269
280
303
291
242
212
232
324
359
332
284
229
190
130
108
134
166
202
175
87
17
-15
-26
14
60
67
65
32
-35
-55
-13
10
24
66
114
119
98
96
81
32
16
58
74
47
23
27
28
-21
-76
-104
-128
-153
-173
-195
-215
-278
-346
-350
-384
-389
-341
-338
-346
-368
-362
-354
-369
-356
-318
-292
-325
-318
-259
-245
-245
-218
-200
-189
-144
-106
-67
8
69
106
86
39
87
212
308
339
312
237
217
276
338
375
328
295
270
252
281
293
301
253
225
237
262
303
284
219
152
145
168
165
143
103
103
133
116
70
40
20
22
28
12
26
34
-10
-72
-108
-104
-80
-69
-67
-64
-72
-89
-105
-114
-121
-129
-116
-96
-92
-105
-110
-117
-144
-160
-123
-74
-63
-69
-33
6
-5
-44
-34
19
67
104
121
141
150
152
164
172
194
188
204
231
209
181
152
156
160
143
139
121
69
33
53
67
32
-5
3
14
4
5
4
-42
-95
-85
-49
-34
-65
-98
-127
-163
-110
-64
-100
-123
-153
-155
-132
-110
-82
-116
-170
-180
-162
-129
-121
-132
-136
-104
-56
-36
-56
-79
-49
10
49
80
101
110
99
96
116
142
166
170
149
127
126
107
75
52
18
27
47
61
49
6
-25
-53
-54
-52
-61
-69
-70
-57
-61
-54
-39
-43
-77
-63
7
40
64
56
27
2
-26
-16
-10
-18
7
30
25
-13
-52
-81
-85
-73
-45
-13
-33
-53
-71
-106
-134
-135
-86
-40
-12
-41
-89
-93
-79
-35
26
73
88
73
59
57
83
83
57
55
59
82
97
80
42
11
27
45
41
29
12
4
-5
-11
0
-4
-52
-69
-50
-42
-21
18
6
-26
-31
-42
-20
-7
34
99
87
68
67
66
47
27
6
-9
46
58
18
-40
-106
-117
-107
-107
-99
-84
-74
-86
-116
-102
-70
-79
-73
-27
37
89
101
78
45
56
122
164
178
187
187
182
176
163
145
156
157
139
143
120
80
33
-24
-41
-53
-50
-52
-78
-88
-120
-174
-201
-209
-198
-141
-97
-78
-69
-100
-122
-110
-84
-51
-22
-11
12
38
19
-27
-77
-52
-17
0
28
17
10
-18
-47
-29
4
44
70
84
87
102
101
86
94
98
122
167
194
193
166
113
76
78
80
61
21
-23
-46
-43
-33
-71
-144
-180
-182
-167
-156
-165
-169
-172
-182
-170
-141
-115
-94
-70
-21
2
17
4
-12
-22
17
92
133
127
107
104
121
127
124
130
145
179
167
164
132
99
52
29
61
99
127
122
70
-12
-81
-112
-104
-71
-24
-35
-77
-122
-160
-174
-161
-139
-102
-73
-80
-83
-68
-63
-64
-59
-49
-31
-22
-23
-25
-21
6
15
5
20
43
56
46
48
108
136
108
97
117
144
166
215
249
250
190
162
155
145
142
180
174
102
39
24
11
-39
-72
-94
-95
-85
-123
-169
-220
-241
-232
-226
-203
-168
-138
-143
-158
-156
-151
-118
-86
-62
-17
11
-2
-50
-73
-46
-8
10
41
61
81
50
18
7
32
52
51
74
94
114
115
87
54
43
41
44
68
91
121
66
-39
-93
-104
-49
-12
-2
5
-32
-73
-98
-109
-104
-100
-85
-37
-28
-84
-113
-106
-111
-113
-93
-69
-64
-79
-102
-107
-81
-38
-12
-8
-10
-16
15
80
114
116
110
98
92
115
129
137
139
115
110
119
138
135
90
70
64
81
87
41
-6
-38
-32
-28
-46
-56
-59
-37
-38
-87
-122
-113
-74
-53
-36
-5
18
-1
-45
-62
-36
27
73
97
84
51
22
-9
-1
31
74
103
85
72
42
1
-1
14
28
40
47
26
-15
-47
-68
-68
-43
-5
22
28
9
-28
-44
-41
-26
-16
-4
-6
-27
-20
-10
-13
-7
8
23
29
22
30
20
-5
-3
11
54
86
89
77
39
29
44
68
77
89
106
85
72
51
9
-14
-9
23
39
49
58
27
-8
-23
-13
3
1
-33
-67
-60
-44
-29
-22
-22
-20
-14
-20
-32
-24
-29
-13
7
15
22
0
-31
-65
-56
-30
20
46
41
50
-4
-23
-26
-13
43
63
86
74
45
32
25
40
36
55
58
12
-16
-63
-78
-86
-102
-65
-60
-75
-84
-112
-135
-142
-98
-54
-53
-56
-68
-81
-75
-53
0
51
49
14
0
0
-7
10
23
21
41
73
77
44
19
-5
14
69
93
99
61
27
34
31
26
35
37
34
31
31
32
12
-15
-19
-11
-3
-9
-40
-85
-115
-110
-84
-63
-54
-41
-50
-79
-85
-59
-36
-20
-3
15
28
23
23
27
45
42
46
102
108
80
53
22
19
20
56
85
76
60
59
56
43
53
66
64
48
20
6
-13
-15
-3
-4
-2
0
5
6
-2
-34
-63
-30
-5
-11
-28
-51
-66
-87
-76
-12
33
43
35
-8
-33
-27
-8
20
31
49
64
62
57
34
3
8
55
86
88
66
27
8
5
4
18
40
36
24
23
14
7
17
25
27
17
-18
-45
-78
-105
-98
-91
-88
-80
-68
-69
-90
-109
-125
-111
-74
-49
-38
-26
-25
-48
-58
-51
-22
13
36
28
-12
-43
-60
-46
-17
-12
10
13
-12
-24
-27
-10
23
37
36
43
31
1
-12
-19
1
12
4
-1
-6
-7
-6
-18
-27
0
49
47
6
-11
-32
-41
-17
7
21
22
24
6
-21
-16
-3
14
28
43
49
23
6
-8
-22
-22
1
35
39
10
-27
-41
-23
-1
11
21
18
6
5
0
5
36
46
54
63
52
36
14
-2
-10
-1
19
42
43
-4
-13
-22
-37
-14
12
26
23
-17
-13
-17
-19
-10
-19
7
21
51
36
13
-10
-9
23
34
27
22
4
-24
-53
-48
-18
4
-8
-18
-23
-42
-40
-38
-53
-33
4
14
-14
-40
-40
-40
-12
0
20
35
19
-22
-43
-33
-18
6
-16
-9
-19
-42
-27
-39
-48
-44
-9
16
5
-19
-18
-1
-16
-11
2
26
11
-18
-50
-62
-52
-27
-9
-15
-26
-25
-18
-21
-17
-4
9
36
52
59
26
-9
-24
-19
-32
-13
1
-11
-43
-52
-58
-52
-31
-6
4
-10
-18
-34
-41
-20
-29
-31
-21
-7
6
4
-2
-22
-22
2
8
15
11
-3
9
35
55
56
40
21
13
27
50
51
36
28
10
-5
4
22
46
59
50
39
31
28
33
32
18
21
34
40
34
8
-20
-33
-4
40
45
12
-2
6
-11
-5
15
5
-19
-18
14
17
31
11
7
11
-7
19
23
36
20
31
-2
0
-6
-15
4
16
30
27
36
11
13
5
-7
4
-3
22
-3
4
-8
-21
-28
-31
-9
-5
10
-13
-42
-64
-51
-47
-47
-46
-44
-26
-11
-19
-30
-40
-25
-24
-24
-11
-1
9
-3
0
12
13
19
17
32
40
34
31
31
13
11
39
49
49
60
59
33
22
45
46
21
18
12
15
-1
-19
-20
-28
-40
-43
-31
-27
-27
-37
-42
-56
-65
-74
-72
-70
-69
-73
-62
-55
-78
-81
-53
-35
-20
-14
-22
-24
-15
-11
-8
-7
0
26
44
45
46
45
33
18
32
58
70
63
39
15
17
50
53
57
54
34
31
37
62
40
9
11
36
14
0
1
8
8
-17
-30
-51
-26
-22
-36
-18
-22
-26
-18
-25
-12
-29
-37
-14
-6
4
4
-7
-19
-19
-7
6
15
41
58
54
39
47
59
61
80
80
75
72
79
61
50
31
42
49
37
39
33
10
0
-4
4
13
-8
-16
-25
-58
-65
-57
-60
-71
-73
-67
-35
-37
-59
-52
-66
-57
-33
-18
-8
-24
7
27
13
19
22
17
13
26
35
41
52
34
21
15
20
26
10
21
27
26
30
21
7
0
21
35
39
39
31
33
34
11
-15
-3
22
38
51
29
21
22
3
8
14
42
70
68
61
42
15
5
10
15
35
37
35
43
16
2
-3
9
37
47
45
21
8
16
-3
-12
12
20
27
21
4
13
11
9
-10
-6
16
-3
-13
-13
-22
-40
-48
-26
-17
-28
-34
-30
-28
-31
-28
-22
-19
-14
-10
-21
-29
-23
-2
32
50
43
35
30
37
31
22
43
63
44
22
17
0
-1
0
8
2
-8
-28
-37
-40
-45
-48
-37
-42
-35
-17
-9
-9
-30
-35
-15
18
52
46
36
30
14
28
57
49
49
69
84
67
74
47
31
34
23
21
32
26
20
1
-12
-27
-19
-7
1
-43
-37
-16
-8
-21
-24
-21
-25
-25
-3
-12
-20
-38
-31
-9
-12
-4
-1
-13
-33
-21
-29
-15
-2
3
13
11
6
30
44
67
64
45
59
50
38
25
36
57
52
57
60
42
39
41
14
-8
7
4
0
-8
-30
-25
5
-18
-25
-27
-29
-26
-21
-22
-33
-30
-25
-45
-39
-27
-28
-15
-15
-13
14
32
35
18
3
24
39
43
63
72
70
55
66
59
27
48
51
44
34
23
17
21
-1
-14
10
6
25
-2
-13
-38
-49
-41
-35
-47
-45
-53
-34
-38
-55
-53
-41
-42
-61
-54
-43
-43
-48
-69
-75
-92
-78
-51
-41
-33
-35
-25
-27
-20
-17
-15
-11
-2
0
-13
-8
-7
6
-4
14
2
1
-6
-7
-19
-34
-36
-33
-33
-32
-31
-31
-35
-18
-46
-48
-58
-47
-50
-31
-40
-43
-47
-50
-42
-32
-24
-27
-38
-32
-8
5
2
-3
-15
-9
13
42
57
66
44
42
37
42
58
61
83
72
60
35
31
32
27
8
1
6
4
8
-20
-22
-27
-34
-41
-22
-23
-44
-69
-70
-76
-69
-50
-74
-74
-78
-72
-75
-75
-71
-68
-50
-56
-50
-36
-21
-19
-10
-8
-13
-3
-4
-6
13
18
3
6
-2
-17
-13
-10
-7
-9
-5
4
2
-15
-30
-55
-27
-6
3
3
-6
4
0
-25
-27
-16
-11
-1
0
-22
-44
-31
-23
-29
3
-2
-23
-35
-39
-38
-34
-36
2
-3
-13
-19
0
10
11
25
33
52
66
69
44
53
55
54
66
63
77
87
86
69
58
53
43
39
43
13
-7
1
-12
-22
-20
-20
-21
-21
-21
-30
-38
-26
-32
-32
-21
-20
-19
-24
-16
-13
-33
-33
11
35
31
29
-1
-8
15
15
3
15
44
40
29
32
27
25
50
34
27
37
39
18
23
30
24
1
-2
14
1
-1
1
-22
-35
-31
-25
-23
-30
-47
-56
-48
-33
-19
-15
-20
-37
-44
-38
-38
-22
-27
-19
-24
-21
-16
-14
-5
6
19
29
38
40
31
40
42
46
58
44
42
40
23
26
18
26
21
21
24
23
15
-5
-10
14
25
27
23
12
-3
-2
7
17
0
8
8
3
-10
-23
-10
-7
-2
2
-9
4
0
8
4
11
1
5
25
14
14
16
5
0
11
-5
-2
-16
-36
-38
-45
-30
-15
-26
-43
-28
-17
-16
-22
-18
-23
-31
-18
-8
-12
-22
-6
1
-25
-24
-3
7
15
25
18
6
6
0
-2
16
22
7
-3
-1
-17
-9
0
-17
-23
-35
-11
4
-7
-28
-26
-36
-34
-34
-30
-20
-18
-38
-48
-35
-23
-18
-21
-26
-23
-15
-1
5
8
2
9
19
20
15
26
39
36
42
46
59
46
38
39
49
70
71
55
68
62
57
57
33
30
34
21
13
19
15
-3
-19
-34
-30
-18
-3
-9
-33
-43
-43
-33
-38
-30
-26
-16
1
0
6
2
-3
6
31
43
37
56
43
36
35
18
38
55
50
45
34
33
27
27
40
44
54
55
46
40
46
29
27
20
19
52
61
61
41
22
1
19
-9
5
0
0
3
6
-5
-7
-21
-36
-34
-44
-36
-22
-4
-26
-6
-7
-7
-6
3
0
0
15
32
36
30
30
36
36
55
63
64
66
58
57
53
51
54
39
35
37
22
13
17
7
-2
-4
1
16
7
-14
-21
-28
-15
-5
-6
-3
-7
-2
3
-4
-7
22
26
2
10
24
42
28
22
35
0
3
15
-1
7
8
5
9
-2
11
14
-1
17
6
15
4
-3
2
-5
3
5
-9
-1
-5
-25
-45
-34
-20
-7
-2
-4
0
2
-7
-21
-18
-20
-18
-15
-27
-6
16
10
-11
-11
7
9
8
2
2
15
9
3
11
-9
-5
0
25
5
-6
-7
6
5
-14
-17
-27
-30
-5
-7
-38
-40
-47
-45
-44
-44
-28
-21
-30
-18
-49
-71
-66
-37
-31
-47
-37
-18
-25
-20
-28
-43
-44
-36
-36
-7
-9
-38
-33
-34
-30
-18
7
21
22
7
6
-2
2
-5
-5
-7
-12
-4
-4
-9
-24
-30
-13
-4
4
14
18
17
14
3
2
-8
14
10
7
-4
-11
-2
-10
-1
8
-28
-34
-25
-17
-22
-10
-8
-12
-28
-12
-22
-24
-17
-12
-22
-29
2
0
-17
-34
-35
-44
-35
-42
-55
-58
-40
-34
-31
-45
-47
-34
-47
-45
-46
-25
-49
-36
-48
-46
-28
-36
-45
-61
-73
-57
-49
-37
-41
-43
-41
-31
-39
-28
-18
-12
19
10
28
17
8
2
-7
8
19
40
33
22
6
3
15
28
38
40
48
35
39
35
41
26
2
5
3
14
44
28
14
-7
-6
17
19
22
5
6
22
22
26
19
13
5
10
17
32
39
32
13
21
22
24
31
13
23
26
22
39
27
45
34
38
48
42
53
35
25
31
20
19
9
-3
-17
-18
-20
-4
3
16
7
3
2
-3
-5
1
-4
-14
-24
-19
7
22
5
13
15
17
26
12
19
27
30
32
21
34
39
10
1
2
-17
-10
17
25
11
-7
-12
-5
1
-9
-6
19
10
16
7
-13
-29
-11
-2
8
4
-15
-16
-30
-40
-37
-15
-27
-15
-11
-13
-16
6
12
5
23
16
7
20
22
14
3
-16
-1
23
10
9
24
15
0
-9
2
15
24
8
-1
-7
6
3
-4
5
-11
-12
-8
-22
-13
-22
-21
-8
-20
-21
-26
-46
-54
-55
-40
-35
-42
-37
-37
-28
-17
-15
-16
-33
-39
-36
-35
-18
-13
-9
7
18
22
7
-11
0
20
24
27
39
45
48
37
12
4
12
15
9
3
0
4
8
5
1
-4
7
13
13
14
0
-12
-6
4
3
7
14
11
4
-5
8
14
11
19
13
13
6
-9
-8
4
-1
3
25
24
19
6
12
22
4
5
14
3
-4
3
2
-3
11
21
25
23
25
28
12
-1
-21
-29
-9
-11
-17
-13
-21
-23
-13
-2
0
14
25
12
2
11
17
22
47
50
34
29
14
9
2
2
23
24
34
35
20
26
9
14
24
28
21
23
7
21
9
-15
-10
-19
9
-1
-9
-14
-27
-3
-12
-1
13
25
3
0
-16
-52
-31
-1
14
31
21
7
15
-7
-15
-5
16
11
7
1
-8
-15
-30
-30
-38
-24
8
24
11
6
-16
-30
-33
-32
-23
-13
-8
-5
-17
-22
-20
-19
-23
-22
-27
-27
-22
-34
-29
-22
-5
-18
-8
0
-2
-4
7
14
-2
5
9
4
-4
-2
-1
-15
0
9
17
13
23
8
9
0
-6
21
23
21
15
0
-45
-47
-15
-4
-2
7
5
-12
-11
-3
-9
-9
0
17
34
48
55
57
71
82
100
109
121
144
180
260
359
500
632
745
829
826
752
558
358
155
0
-16
-5
45
-87
-393
-647
-920
-991
-862
-591
-317
-310
-334
-411
-443
-367
-249
-31
67
109
74
25
-29
-48
28
96
210
229
272
282
192
98
8
8
-4
60
5
-54
-157
-256
-259
-296
-203
-180
-129
-175
-217
-266
-230
-263
-243
-328
-277
-210
-97
41
113
59
-101
-216
-345
-364
-208
-51
74
127
185
185
105
49
29
81
61
53
79
11
11
-58
15
25
130
149
200
152
93
-5
-71
-93
-81
-29
26
54
53
27
16
8
19
16
23
27
59
73
77
29
-38
-57
-57
4
20
12
-28
-25
22
152
274
263
297
70
65
-19
30
219
114
252
37
25
-24
-201
-252
-562
-688
-1015
-1112
-1200
-1232
-781
-603
168
750
2258
3153
3283
2886
1333
308
-1174
-1435
-1013
-398
514
669
990
496
199
-258
-588
-471
-328
222
197
243
12
-139
-118
44
347
449
558
353
296
424
300
619
484
512
420
-47
50
-119
134
211
-142
101
-144
381
380
336
422
78
191
-44
222
170
158
-59
-365
91
-79
297
27
-88
-271
-896
-378
-680
-350
-440
-1103
-875
-1225
-280
25
187
-63
-656
-670
-697
-17
47
586
344
-113
-112
-354
218
-123
-114
217
190
341
157
-67
-379
-705
-773
-434
-335
-447
-523
-641
-726
-859
-727
-558
-547
-417
55
469
350
-191
-512
-406
-257
156
453
703
568
191
-35
-178
159
273
174
251
120
30
-145
54
446
-46
155
-190
-61
-372
-158
109
-130
-461
-519
-206
-337
383
244
320
-228
-568
-213
227
252
353
-126
116
-313
-10
248
198
253
-189
86
303
182
304
-223
-168
-58
-103
19
-115
-208
-689
-247
-185
132
-160
-255
-135
-262
-150
-41
158
-18
231
-53
18
-150
-55
-188
-49
-83
-86
440
-110
5
-316
-300
410
349
587
103
-55
-385
-63
354
216
473
-134
214
-112
-290
661
-165
-71
51
79
775
6
177
-158
-847
-80
138
485
306
7
28
-358
-390
-125
115
228
288
295
-228
-279
-506
-198
410
439
432
-233
-46
34
113
-233
524
-253
84
154
252
336
-581
-147
114
-104
321
-66
509
-572
-486
63
-331
679
-58
120
369
-588
92
-450
-137
318
151
558
-199
17
-191
166
106
263
-223
133
145
615
-156
-2
123
-706
-65
82
846
106
-940
193
-18
-79
39
431
213
-411
-57
600
260
-545
109
240
42
-9
27
467
-423
-699
-11
335
398
-355
-442
-51
-311
-413
-104
223
-178
-561
-278
258
173
-404
234
274
-572
-219
49
375
469
-370
-273
-54
-222
257
341
-53
62
-430
-48
661
63
602
-489
-556
-59
-574
759
206
-59
200
-894
315
297
187
588
-234
154
-297
140
-274
483
-725
608
-756
522
295
-203
-134
-477
453
-419
265
-330
1332
-774
-464
332
-83
513
-365
878
375
-569
-182
146
-59
402
122
1119
-58
-94
-115
-378
77
-245
705
423
-284
102
-493
361
187
-22
515
-200
297
252
-371
245
-244
-261
423
247
274
56
-399
-221
-139
144
112
-80
-105
205
-69
-176
-199
-376
-153
-88
298
-101
205
-389
-314
-715
327
-66
-232
-160
712
-30
-204
-230
346
-307
-268
807
166
-162
-361
600
-328
-453
56
357
-139
-618
342
-189
-509
-241
-33
842
-342
448
-268
20
-337
-479
252
23
401
-476
163
-131
-214
-515
-42
705
115
251
-123
91
-25
-748
380
-309
506
15
241
354
-516
-610
-260
251
745
248
935
-136
-1044
189
-3
121
199
450
815
-468
-61
380
-221
-769
-96
485
-43
373
110
132
-637
-992
498
-152
104
339
-201
463
-558
-564
274
-255
63
-348
194
634
-176
-487
382
63
-608
206
-8
1129
-452
167
-154
-185
-422
-253
488
1
368
-343
198
-232
6
-140
40
494
63
388
-144
126
202
-70
158
104
561
362
-99
-103
-161
436
-683
482
310
92
-305
-301
-108
-846
-133
134
725
-612
14
-225
-263
-285
227
770
-535
237
437
558
-487
-394
-37
958
-314
382
739
-306
26
-486
312
121
-325
126
139
-209
200
-108
-236
-374
-109
298
117
-61
-209
-471
11
-118
244
14
-101
-425
23
-26
515
-119
221
117
-162
202
370
795
84
154
162
-98
83
-577
289
115
49
455
301
244
93
-374
-230
371
-82
417
-17
-140
-490
-80
-151
320
-15
-332
302
98
311
453
-309
20
-423
135
97
-118
546
-269
598
-721
367
-446
110
-79
1
959
-207
568
-1174
14
-127
-523
440
-463
259
-96
-253
346
-438
743
-362
400
-144
439
-45
-462
-201
-196
-74
230
379
-233
-299
63
-507
-408
250
213
647
-989
491
-145
-101
-199
-62
285
214
357
-88
-294
-343
112
-271
91
458
145
-385
-345
740
18
-129
-247
209
-37
-331
-116
52
-541
-735
84
107
-265
230
-436
196
-907
-161
821
-620
244
-378
902
44
-240
860
-146
-190
265
269
1003
-52
406
303
-403
299
574
317
83
422
-177
160
-267
90
-177
-148
-89
-40
296
-254
692
-595
53
279
-463
514
-238
158
401
-576
478
-496
-404
104
-77
239
-130
295
149
-44
-212
378
183
-352
216
-18
72
-206
49
51
-426
27
378
268
103
636
-48
-295
-149
-483
762
-643
533
188
-268
-141
-624
263
-464
-115
181
-454
321
-641
129
-286
-78
-225
-369
231
219
-481
15
69
-8
-412
-336
386
-191
-342
129
571
100
-289
331
-541
-167
-341
718
74
-477
164
24
-330
-273
454
-74
-505
-394
439
76
-539
-185
-141
-100
-685
756
359
133
-80
-308
742
-665
129
45
-66
191
-384
800
677
-374
-74
-188
144
-159
421
474
142
-476
-272
602
-220
253
202
-57
-56
-184
907
389
-425
-106
384
269
177
525
502
-210
-550
274
492
210
34
77
375
-20
-188
247
180
-213
-162
148
208
74
-251
-144
-71
-327
225
115
-157
-91
-407
319
-60
67
102
182
-242
-180
486
-197
411
-377
372
104
189
-112
376
-656
-94
-446
229
-67
-562
-25
-213
-64
-169
-6
409
-691
-288
251
-66
140
-309
58
-81
-292
75
50
25
-146
163
-287
196
-365
428
-454
-66
-673
428
-236
-123
101
254
238
-563
18
245
109
-357
-10
501
-238
-127
-564
361
34
-619
691
-140
-79
-208
-514
604
-386
112
89
116
12
-100
-104
198
60
38
167
-252
-161
193
-449
224
-8
-122
173
-347
88
488
-222
-87
-323
288
-97
-307
-308
-165
-240
-271
231
170
-362
-48
-310
575
-171
-202
164
-146
-220
-157
21
496
-770
-383
172
-102
-78
131
461
310
-609
-49
397
-664
-159
335
291
124
-50
-97
251
-677
453
282
41
246
-306
130
-525
-195
-240
126
-83
-63
467
-206
391
-50
-129
-170
-616
255
200
133
-495
598
-129
-169
-102
305
194
-607
82
460
126
-265
88
121
-123
-165
543
566
-271
-164
36
65
-184
-371
956
-300
-243
135
-168
455
-1038
138
300
-250
167
-202
267
-629
-86
68
4
252
-251
289
-169
154
302
-11
176
27
-57
212
-226
285
360
-391
62
-715
261
-78
-258
-69
40
-35
56
-392
484
-674
-347
-333
201
154
-72
-118
-237
-448
-893
643
259
489
-296
-141
754
-635
-1
51
103
749
-793
796
287
-431
-619
-118
366
2
-107
401
283
-1193
-170
109
-171
-406
-427
398
10
-750
506
413
-45
-295
-397
725
170
-237
380
-305
-75
46
-51
453
-85
-63
275
152
323
57
184
133
-280
-156
276
126
-378
-385
138
134
-209
-121
-61
-312
-270
47
106
446
-476
260
-249
73
409
447
202
-174
177
-221
305
-210
277
98
-341
639
128
-213
7
-376
96
-200
124
520
206
-162
119
338
70
248
-460
405
-18
-394
617
-123
430
-396
-7
722
37
88
-96
196
-63
-32
247
214
219
-559
9
193
-106
316
-356
486
-89
101
-180
411
-631
5
-338
-236
481
-562
455
-329
-58
383
-545
819
-287
166
-3
-299
517
-269
85
-547
355
-196
-183
-230
-35
-44
-152
171
-283
480
-792
154
-205
-177
420
-338
500
-157
-150
288
-2
71
136
54
385
-153
-155
352
-265
-624
-214
-151
439
-390
-279
536
-446
-146
-463
82
-43
-313
357
-127
548
-399
63
222
-368
196
-26
212
-290
67
-308
541
-338
-172
390
-785
694
-972
582
-298
-294
597
-728
390
-333
-198
275
-367
-9
240
-381
-89
171
-256
234
16
-10
505
-492
243
404
-110
174
123
112
289
-383
624
-10
181
-323
635
47
261
375
247
295
-189
32
587
-441
234
-147
-52
346
-415
37
-7
-280
131
-202
275
21
-419
540
-231
-127
52
109
688
-491
157
152
444
-236
329
275
179
-63
-273
636
-279
71
-230
141
177
-548
644
180
-189
-161
-577
461
-431
-157
217
93
-150
-25
456
-243
-314
-400
211
140
-200
282
-284
-15
-3
-190
193
77
96
-194
24
506
-124
-236
-189
72
-30
-572
597
153
-625
304
-39
313
-114
-585
935
-467
-544
736
-202
156
-650
-43
579
-774
215
513
220
-480
-53
774
-358
-177
28
426
-116
-473
565
290
-394
-289
9
47
-80
-467
652
-236
-100
54
115
-187
-91
-43
52
416
-480
511
-199
-351
254
-434
289
-26
-444
698
184
81
-142
17
236
56
-357
708
64
-19
-141
179
-63
-230
-111
126
41
-57
293
-47
-167
-171
-185
249
-87
135
206
47
-268
-261
77
103
-154
-241
480
266
-590
-35
-159
-89
102
-230
477
-259
-26
59
272
-320
64
141
-245
-259
-102
674
-531
-186
-47
-137
89
-173
844
-184
24
163
193
-180
-568
341
-87
-34
-16
274
-124
-308
-356
301
453
-328
53
409
-546
-366
-438
175
-2
-948
279
269
-324
-100
-104
399
-325
-352
766
387
-308
-138
185
240
-495
-29
549
5
-542
-132
562
-163
-87
-199
667
-274
-162
349
254
-290
-554
331
412
-457
26
39
269
-376
158
479
126
-134
-304
806
86
137
86
-37
-175
103
-30
376
-75
-78
195
-119
37
174
-18
137
-376
202
79
-62
-215
-319
149
-281
51
-90
-169
411
-814
155
197
-279
503
-737
592
32
71
161
-181
231
-231
-138
252
110
342
-532
366
285
-203
-24
-148
305
-164
-92
290
-148
-87
-30
-127
346
-454
94
181
-752
264
-580
590
25
-230
103
-208
81
-161
221
-114
88
151
-409
564
-491
348
-412
272
132
-11
-65
128
641
-478
486
-162
472
-21
-524
860
-657
127
50
223
181
-94
314
157
53
-41
646
-46
-160
103
336
291
6
-83
72
11
-163
64
311
-331
-142
-413
651
232
-170
-15
-113
182
-607
370
27
-21
-378
35
288
-108
-208
163
-9
373
-19
422
162
-144
-45
-222
474
-186
-182
-25
401
-402
79
-71
28
-158
-573
268
144
-527
147
245
-238
-47
-280
844
-175
-372
-85
59
-77
-735
52
-79
263
-378
53
449
-133
-48
-455
566
-237
33
100
213
329
-612
494
-170
-151
69
89
271
-250
220
332
-144
158
-218
425
-194
-37
335
413
-429
-229
20
171
-428
-465
217
10
21
-305
709
75
-214
196
-136
773
-384
259
321
-41
3
-101
428
61
274
86
506
62
-10
182
282
-27
-372
229
188
-411
-106
11
469
-470
177
270
214
-671
85
428
-4
-475
65
437
-253
-475
338
500
-570
-30
-23
562
-191
-295
439
64
-177
58
192
141
-364
20
62
260
-467
-136
-301
-5
-576
-133
32
-73
11
-199
213
-48
143
257
-256
137
-93
-68
-152
-159
358
-261
217
-67
38
130
-217
127
-1
-242
233
145
-232
-1
-161
71
-109
-224
100
285
-76
-235
-35
-190
210
-195
153
121
-35
-125
61
-73
162
1
125
-114
-67
-63
107
-258
-255
138
-281
-58
-198
269
-176
72
-2
89
-80
-93
-195
-172
-264
76
-69
-122
-25
-42
204
-361
212
207
147
-4
-124
321
-22
-119
249
-196
393
-371
125
176
-59
135
-452
440
-437
-49
472
-224
270
-364
16
424
-278
114
156
176
-232
-174
28
529
-195
-369
427
295
-210
81
116
587
-443
-19
397
34
225
-489
458
-347
-5
204
-168
258
-551
392
151
-373
-331
81
330
-196
-347
-141
100
-452
-331
356
210
156
-175
119
227
-82
-100
183
-16
-118
-125
-35
356
-349
-59
-329
39
250
-564
353
343
-608
39
-91
264
214
-830
736
52
36
-101
18
411
-228
-19
257
182
-85
-221
133
372
-213
-106
47
-40
-240
-259
281
188
-164
-349
-109
-11
-234
136
17
38
270
-49
0
-49
-226
80
-27
-104
285
-186
52
-38
-190
200
-275
90
-313
-56
-166
-75
197
-140
-117
18
-314
-167
38
-69
103
-378
233
40
-107
-21
498
-603
183
208
76
-5
-737
715
-458
-342
-223
378
-227
-587
8
238
235
-534
418
242
-116
-108
-103
798
-165
-21
97
267
161
-51
-280
219
-430
-38
280
-196
267
-195
42
162
-34
143
364
-270
423
116
141
305
-160
174
-109
-117
510
20
173
-155
299
-44
141
-194
118
32
-130
41
80
-9
-154
-405
89
-46
-20
150
11
177
-297
-224
207
-155
-69
-287
122
292
-129
-45
-242
-77
-270
-32
287
23
122
-263
77
202
-159
139
337
371
38
-132
242
505
-388
-225
224
315
31
-230
449
25
-275
-515
425
-124
-70
-98
149
184
-577
-117
329
-160
-58
-312
288
-126
-317
-15
43
-57
-379
548
-185
-25
-335
34
154
-374
143
208
-129
-105
-76
230
87
-154
0
136
-366
451
-51
63
199
-181
-32
-121
-132
160
-142
-264
184
-419
354
-389
213
-210
-110
43
-354
311
-356
211
159
-76
444
-328
206
-60
-101
150
-9
120
208
-42
-171
48
-175
184
-190
-70
182
-315
65
68
-61
211
-26
375
139
-154
-45
-172
57
-193
-145
167
-194
-58
-17
51
-236
87
-15
376
100
-113
301
-110
125
-112
44
138
25
49
-2
146
-159
-7
136
-283
257
-294
520
-174
191
129
-162
42
-249
409
-116
39
152
-151
-1
-168
-185
465
-301
468
-328
198
-33
-129
-52
-48
-98
-70
-191
0
78
-274
169
-422
121
-255
50
161
-189
191
-134
226
79
-25
185
-58
125
-215
241
-28
-125
-370
-208
76
-527
-101
-269
189
-400
-66
179
157
-40
-329
377
-123
55
-184
99
64
-385
-17
8
-63
-44
-307
218
-6
104
-13
-200
72
-265
183
-123
158
-24
-157
70
-272
207
-146
0
22
13
316
-193
106
125
208
60
-27
358
75
-74
-142
92
50
244
-303
324
166
-116
235
36
397
-76
78
10
165
-210
113
239
-383
762
-526
481
130
-499
735
-864
423
-205
33
90
-183
148
17
8
32
115
-45
13
-99
271
-72
104
-57
36
-11
-25
68
52
-4
11
-45
225
7
153
186
-176
229
-185
238
97
-182
-3
1
194
-12
28
193
-187
62
-96
-7
23
-366
103
14
-204
128
-4
115
-67
-6
134
61
-243
178
-106
135
-189
-202
138
-334
37
-96
155
-229
67
-121
74
-77
49
170
13
132
-92
184
18
-302
143
52
-197
201
-155
229
-196
-89
129
70
-35
78
6
-27
28
-64
205
-93
-86
-134
-96
-3
-231
78
57
-138
-3
-135
164
-239
-6
-198
200
-255
-9
-13
-33
-89
49
-108
-84
173
62
70
-25
-193
137
-114
55
211
-89
75
-261
33
95
-64
105
-158
84
-199
93
-197
98
-106
-224
106
-90
-70
-100
176
-174
-67
-151
73
279
-539
114
137
53
38
-159
109
166
-313
-159
302
-181
58
-242
37
137
-361
80
-122
-128
25
-452
233
1
-121
-107
-210
275
8
-52
54
14
123
-198
119
143
-52
-143
-145
276
118
5
-174
172
-40
96
-66
-15
186
9
-97
137
59
196
-67
-184
15
34
27
-41
119
80
-37
-35
123
266
18
177
177
81
165
-164
294
34
-289
284
-268
280
-156
79
179
-178
97
132
-147
103
-313
167
-68
-110
110
12
-54
-148
27
55
-102
148
-343
457
-390
168
-42
-190
413
-189
145
-163
175
-20
-163
61
27
186
-10
184
3
86
87
-21
-19
-190
119
-166
-68
21
15
17
127
-184
292
-205
194
-61
-86
91
-314
273
-303
338
-256
66
-218
-130
-33
-237
200
-292
52
-113
95
-30
-204
119
-19
-111
193
-52
149
-77
-46
384
-195
155
2
45
247
-295
281
10
80
-211
1
111
-28
48
-151
148
118
-373
353
-259
409
-79
-39
260
-295
217
-161
124
29
-172
24
-46
23
116
-67
275
-232
239
22
-64
-32
-234
-52
195
-310
219
-75
-35
103
-199
139
80
-231
72
-50
44
49
-136
95
-84
-145
156
-122
286
-118
0
58
-96
368
-67
155
-226
89
-149
-52
-220
8
-69
-204
147
-43
193
8
-185
349
-421
472
-231
194
-36
-139
33
-39
136
-12
133
-53
134
31
137
14
115
-20
-164
76
-24
184
63
-84
421
-280
79
200
132
277
-240
277
66
23
53
-74
546
-323
280
-116
309
37
-163
195
54
101
-64
10
89
15
136
-283
309
-320
184
-130
17
57
44
103
-56
42
288
58
171
-187
365
-69
137
75
23
205
-469
534
-571
470
-520
50
135
-473
121
-101
-120
-87
-92
-101
148
-344
125
-3
-144
129
-172
208
18
83
227
-29
337
-11
174
-39
11
190
-175
85
-4
172
-3
-40
2
155
-43
-226
79
-19
190
-194
101
-52
241
-271
30
-216
-37
-150
-42
73
25
-84
-169
245
-74
-27
44
-2
72
-249
11
-97
-30
-299
129
-5
-122
331
-152
460
-258
167
346
-286
365
-398
331
-233
-192
422
-300
185
-352
52
-178
-279
99
-73
20
-204
-83
59
120
-329
211
-323
152
-63
-361
528
-314
39
-1
-124
361
-399
35
67
66
-65
-79
-116
196
-43
242
-104
157
-76
-232
74
-261
256
-54
-85
49
95
15
-21
-84
-19
-313
99
-165
353
-325
36
132
-98
177
-212
238
-17
-65
-231
40
123
35
-140
38
-57
185
101
98
197
153
-87
310
-156
127
53
-309
299
-189
250
-38
201
-111
98
-301
344
-103
-187
40
-210
318
-206
55
-63
-18
154
-101
265
-200
122
-213
-133
99
-261
197
-311
260
-47
-39
27
-86
80
137
-161
413
-181
359
-125
-58
288
-366
419
-194
50
262
-344
313
-218
48
-2
-14
-71
51
-138
49
-89
-31
94
-149
298
-214
288
-75
-55
113
-326
204
29
-37
-80
-79
-3
-113
-108
23
-69
-255
-25
-302
246
-191
-54
128
-266
292
-361
277
-5
-147
246
-352
317
-201
202
2
-250
260
-151
165
-221
169
-231
-4
-380
187
91
-150
-21
-267
95
-133
-60
-109
-34
-196
90
-98
-7
234
-102
78
-268
187
80
8
-44
-110
370
-222
120
115
-146
340
-368
139
92
11
159
-297
8
-122
-96
-170
-94
197
-187
221
-153
318
-40
-89
212
-207
331
-119
65
-95
-287
239
-226
90
177
-148
352
-222
-8
63
-116
91
-224
21
131
25
-93
-60
113
-49
-49
-86
33
88
-183
-97
66
-106
-103
-124
111
-124
196
-135
122
168
-267
386
-320
95
103
-222
259
-373
208
22
-150
-72
23
-117
190
-170
129
77
-287
301
-204
192
125
-64
349
-225
258
-203
21
183
-339
120
-146
12
-11
-213
-42
128
-238
73
35
-183
241
-234
261
10
10
52
47
-56
331
-191
267
236
-272
367
-278
364
-187
-186
19
-256
151
-254
17
-42
-111
149
-204
63
168
-27
-165
2
61
53
-143
-130
-151
164
-238
-33
-11
-10
173
-270
-19
-18
39
-126
-134
-63
71
-95
-169
-66
-67
-83
-97
-161
93
-89
-52
-162
1
-207
76
-87
10
-20
-75
90
-144
18
-10
24
-75
-9
56
47
-155
146
-35
-64
66
-205
214
-236
-88
211
-111
228
-71
111
98
62
-20
188
-40
60
-119
41
104
-23
80
-163
119
-181
102
162
-37
119
-79
-64
26
-134
88
183
25
26
188
10
241
22
-166
359
-19
-7
178
-181
445
-295
180
-60
-98
138
-203
148
-105
176
-54
-23
-82
106
-22
73
-219
71
4
10
36
-30
-54
199
-198
-49
202
-13
354
-99
-133
273
-113
150
24
-9
143
-149
-148
152
-175
144
-241
59
-97
59
57
-26
71
-73
99
80
118
0
176
-115
245
60
69
126
-160
278
-59
56
159
-4
-9
24
-134
-30
225
-268
134
-145
-111
202
-220
129
-48
42
40
56
11
9
131
-131
195
-418
319
-114
-208
176
-183
146
-114
-132
101
63
-23
96
63
-126
235
2
58
118
-120
-56
193
-368
354
-216
19
104
-252
252
47
74
106
91
-89
412
-100
252
107
-389
276
-273
100
-13
-271
266
-248
109
-66
222
-165
-1
-48
-5
92
-156
55
11
-96
34
-43
-26
-59
-190
15
30
-44
226
6
-144
205
-49
341
44
31
-51
94
109
-91
8
-28
-8
7
-228
432
-206
312
-388
142
129
-293
527
-452
163
-50
-237
276
-343
341
101
-334
348
-258
405
-144
-144
210
-199
192
-121
125
-1
63
41
-161
324
-220
335
-200
91
225
-149
288
-407
330
-156
321
-209
314
-187
300
-129
13
308
-222
199
-274
111
234
-129
96
-219
-18
-20
-129
107
-20
-94
66
-36
57
-123
89
123
-144
101
-215
358
-134
60
176
-26
302
-8
170
43
149
183
101
144
125
-30
122
-170
56
91
-103
207
-271
138
-75
-47
118
-237
136
-250
-65
-32
-77
101
46
54
64
-114
269
37
4
207
-17
196
-45
-124
340
-126
28
110
-159
377
-165
-26
294
-87
52
-138
3
19
-8
-165
55
13
-195
165
-342
23
-4
-231
340
-286
417
-109
63
123
-153
409
-307
317
-155
-9
334
-335
360
-322
196
-13
-301
352
-441
280
-290
-120
102
-203
91
-16
-181
57
-127
-4
29
-334
309
-345
283
-96
96
206
-328
282
-151
-20
257
-266
105
-28
-156
141
-256
226
-213
133
-213
37
-44
-151
39
-106
124
-98
28
24
59
-119
-224
163
-84
-29
51
-105
250
-111
63
81
11
48
3
62
131
195
-54
-31
-113
14
-48
-110
-108
86
-146
22
-200
-10
143
-145
225
-32
257
-17
-68
40
-136
225
-169
53
51
132
-42
-83
39
-151
233
-128
123
41
9
66
-69
-17
-5
131
-310
195
-312
237
175
-350
322
-7
32
40
-210
149
-19
-35
216
-163
326
-41
60
-51
205
-39
-26
-36
28
-76
-67
-37
-230
149
-250
5
121
-267
146
-238
-57
-10
-159
203
-135
166
-141
136
-191
161
-52
-75
257
-163
264
-105
211
-154
-75
134
-431
331
-292
-30
-19
-309
215
-187
-162
102
-25
122
-74
1
37
-69
140
-305
285
-81
65
-122
-147
210
31
-141
-26
-86
-20
-33
-190
150
-107
-67
146
-212
192
196
-85
157
-57
-70
572
-268
66
435
-554
694
-514
86
275
-377
401
-481
225
-158
68
-51
-115
306
-304
311
-159
-52
312
-354
168
45
-85
198
-148
-81
133
-146
139
-4
44
13
-11
51
54
120
71
88
106
-113
165
-168
274
-63
0
53
-151
102
-58
-107
36
-141
68
-15
-23
29
-14
8
-21
44
54
94
-31
-38
-72
35
-8
281
-155
231
40
53
-7
-199
190
-219
43
-73
-198
239
-295
79
-21
-104
154
-345
113
79
-14
17
64
-123
40
-207
164
2
-45
120
-193
141
-119
57
12
-116
63
-103
135
61
-15
-82
-33
-99
144
-143
3
-59
-29
-168
152
-283
345
-413
76
-92
-129
218
-386
183
-200
184
98
23
1
-178
-130
-138
-29
78
-18
136
-19
229
21
-56
353
-89
28
17
-108
381
-310
-43
17
-161
166
-324
91
-16
-69
-188
15
52
-18
-73
-105
-6
75
3
318
43
97
-39
-108
178
-110
168
-119
112
123
-91
114
22
80
15
-119
142
-38
73
-196
7
-223
56
-348
176
-324
-146
34
-388
466
-411
145
193
-145
344
-181
81
148
-98
36
212
21
387
-168
47
98
-40
224
-185
183
-221
113
-170
-275
264
-476
471
-403
110
1
43
-169
-89
-61
-10
-129
-150
15
-41
149
-75
-70
14
-129
-14
-128
-28
95
-115
205
-321
161
-289
-153
-2
-149
-122
67
-170
77
-197
-99
137
-151
46
64
91
33
-29
-116
-20
-53
-204
186
-353
119
-51
-159
124
-267
370
-319
45
-195
-8
-23
-219
35
-60
-99
59
-195
99
-89
-53
36
-123
-9
14
-63
-63
25
-127
-44
-253
-143
-67
93
-121
141
-120
-9
27
-202
117
-8
-60
32
-206
69
85
-219
219
-131
126
95
-61
120
-1
-75
-35
-143
-114
5
-42
-53
226
-242
384
-374
272
-73
63
291
-182
357
84
43
208
-235
232
-64
0
204
-9
165
-111
-4
37
-165
-15
-90
-85
18
-85
-124
129
-61
-4
168
-66
118
-3
63
-29
19
72
-216
368
-388
261
19
-129
160
52
-177
311
-197
44
282
-366
409
-199
67
20
-180
85
-78
-207
136
-82
-55
10
63
-143
189
-126
69
201
-170
67
-103
-130
177
58
-116
232
-359
192
-194
7
-72
84
-205
97
-165
-57
-3
-70
-68
-48
-73
-84
162
-14
116
31
-52
-67
64
52
35
167
191
118
-86
159
125
235
86
-50
298
-23
62
-99
155
54
76
6
171
23
-17
65
-70
446
-70
-72
445
-418
406
-245
68
359
-227
470
-211
202
-80
3
168
-81
147
110
-117
-30
-10
-45
-86
-102
-58
-86
32
-199
240
-164
118
67
-72
46
127
25
231
34
107
243
-164
230
0
182
203
15
10
-43
143
-12
-34
6
-192
184
-434
24
-211
-183
-10
-299
18
-14
-38
159
-31
-50
205
-183
284
45
33
207
-74
115
29
-12
132
-224
-27
-28
51
59
30
147
-137
145
-119
102
37
-59
-28
-29
-101
184
-149
-26
27
-141
173
18
-10
157
-52
-90
127
26
109
133
-182
213
-142
102
-41
6
106
-13
-74
98
7
87
-32
-9
-15
95
107
48
88
-28
70
26
-186
35
-90
-59
29
-191
42
-2
-62
-27
-146
-7
-8
-107
120
94
70
113
-24
128
-70
78
-4
97
-137
131
-49
71
-53
-70
176
-69
-108
-137
-132
61
-380
76
-211
-61
49
-512
139
-311
94
-128
-235
95
-229
-79
-37
-143
279
-276
244
-229
91
-95
-163
44
-223
37
-103
-30
-182
68
-207
45
-70
-151
100
-163
76
-71
-69
72
-115
136
-29
36
74
-103
149
81
194
36
-32
76
-80
88
-110
205
-107
166
2
17
262
-308
647
-324
146
158
-38
420
-319
97
-62
-101
15
-251
334
-267
111
-86
-22
262
-247
180
-130
29
173
-334
181
-34
-66
23
-21
154
23
131
-124
286
-88
36
309
-311
284
-79
-39
234
-158
84
47
-69
236
-206
265
-248
127
-159
124
180
-80
107
-146
-28
184
-100
241
0
130
30
210
118
29
-43
-176
246
-28
120
262
-48
104
-162
-186
321
-306
295
-331
46
111
-350
171
-232
12
83
-49
164
95
102
170
-250
163
-112
93
12
-206
218
19
26
80
-51
354
-244
73
49
-130
204
-245
0
-76
29
15
17
-55
204
28
-16
-15
-6
-35
-68
-21
118
-1
154
-55
103
237
36
59
2
-48
126
80
-39
12
-60
-12
40
-77
107
93
-102
146
-47
210
-32
108
-84
165
-96
172
228
-52
356
-333
351
-126
92
29
-21
150
-103
65
54
-83
137
-381
-39
-64
-85
160
-150
39
153
-326
4
-150
1
48
-254
324
-168
99
-44
-197
143
-256
335
-179
98
-96
41
137
-34
136
-77
142
-181
14
-13
-89
202
-155
-11
104
-229
231
-85
-2
49
-224
59
-134
-28
-91
-107
-178
51
-169
139
-49
-161
88
-198
127
-25
65
28
88
-182
248
-66
183
-51
-112
141
6
50
72
52
-45
169
-315
402
-276
200
-277
132
-94
-131
117
-377
448
-379
210
109
-63
263
-192
168
42
-14
-6
-136
181
-116
27
-46
-211
195
-231
-56
56
-258
79
-140
-263
237
-288
127
-138
-121
158
35
-111
-108
38
14
33
-64
-98
102
-274
112
-210
123
206
-248
185
-187
249
-149
-104
226
-223
256
-162
102
124
-146
354
-76
58
55
-111
11
-90
-101
-203
4
-138
68
-200
144
-169
106
-154
3
74
32
-131
95
-15
92
-69
-135
356
-349
137
-226
-278
167
-406
53
76
-229
328
-141
-17
196
-193
305
-61
107
114
71
-118
129
-27
-80
159
-124
29
-63
-105
106
-219
139
-306
62
-253
-190
66
-185
28
35
-317
141
-154
-72
205
-246
203
-67
-165
195
-199
111
-159
8
147
-99
181
-154
-53
-21
-215
5
-75
-92
9
-130
34
191
-171
-74
-99
-83
8
-260
-29
-3
-197
72
-50
38
48
-111
76
-84
112
30
-38
-115
91
-232
133
-53
-35
66
-207
129
-67
29
-137
53
-70
24
64
-47
121
-8
-25
9
20
-8
15
-11
-28
89
37
75
88
90
-71
137
-172
222
-174
-7
68
-260
44
-94
-142
56
-172
29
-124
17
-33
-35
60
-163
91
0
-124
44
-159
164
41
-148
46
28
-27
112
150
-172
270
-263
103
94
-140
191
-8
-284
267
-372
248
-125
-300
122
14
-19
140
-141
89
100
-288
262
39
-49
215
-342
123
111
-69
89
3
-8
43
111
-94
39
-9
-103
168
-8
74
118
-106
141
86
6
182
-55
44
-4
-155
96
-14
51
40
-88
-42
-28
-26
-5
83
26
177
-21
-29
79
-172
167
-220
-211
198
-183
160
-38
-72
252
-196
-68
135
-65
137
-131
-117
77
-47
53
-75
125
-186
104
-102
16
15
-76
-128
118
-39
132
52
166
-209
311
-149
71
285
-225
311
-153
-80
145
-267
161
-72
62
-103
283
-241
280
61
-61
329
-218
320
90
-48
188
22
382
-1
313
-81
326
16
-23
135
-144
268
-164
-53
193
-305
350
-358
164
-59
-222
250
-160
159
106
-148
81
76
-197
200
-70
-75
186
-297
123
34
-188
202
-344
199
-140
9
117
-314
228
-195
103
-45
-92
75
-263
51
-178
69
163
-25
80
2
-64
21
-117
24
156
-118
225
-136
24
94
-254
252
-176
88
194
-65
96
-159
-19
83
126
-99
145
38
106
150
-28
213
-98
72
-137
121
34
135
0
-29
77
3
82
138
0
190
-47
-7
32
-16
-85
6
-73
34
19
-140
89
-94
-4
23
-34
-19
-101
150
11
116
-10
20
251
-113
63
86
11
-9
-25
-27
54
10
-174
113
14
-23
35
12
-178
267
-195
79
135
-79
62
-250
62
-81
169
-98
14
110
-140
467
-58
127
18
-281
101
-101
3
188
-150
-40
-140
-36
-15
77
-129
151
-200
206
73
66
79
-135
120
-152
161
65
-29
63
-85
17
131
-44
43
-117
-84
-16
30
16
-1
-111
-104
-41
-41
82
91
7
5
49
-57
71
23
-110
183
-69
33
190
-63
57
-9
-92
-54
-67
-99
-99
-74
4
182
16
30
140
-42
48
-20
122
187
16
102
64
27
77
-29
0
-9
68
105
-1
188
-144
153
-213
163
-37
51
198
-259
338
-243
74
177
-98
184
-184
83
-21
-124
184
-146
170
-315
-32
20
-225
254
-138
-62
14
-83
100
-36
-92
11
-47
-50
-14
-45
27
-99
-45
48
-33
172
45
67
186
-113
228
-138
-58
41
-142
29
-39
-102
-65
-7
-53
47
35
-59
-133
6
-165
122
47
-76
104
-152
66
-4
-45
51
-8
-31
106
-19
96
-52
-8
-155
-81
-9
48
103
-261
127
-167
-69
104
-102
112
-18
-97
37
25
66
7
-32
-79
-80
125
-115
223
-91
-144
180
-211
149
18
-172
127
-304
140
97
115
53
-67
-71
-67
115
-52
188
-111
-69
73
-158
23
-11
-19
87
6
108
69
93
-159
-54
46
-94
160
-61
64
89
-37
192
-12
19
-127
-146
-89
-11
40
-88
-10
-83
-59
70
-30
34
154
-303
288
-61
155
156
-162
320
-172
93
106
-78
138
-234
145
-120
205
-35
-121
171
-315
204
-75
-87
91
-223
-69
128
-92
160
9
34
173
36
46
77
-126
125
-143
-79
-5
-144
22
-153
139
-67
89
-155
15
-112
45
-20
87
35
-68
119
-35
66
-14
-49
33
48
-80
70
-99
89
-79
-83
11
-40
-76
-42
-90
161
-107
75
-81
-23
-3
21
-14
76
-20
178
-104
24
128
-130
218
-143
114
-45
169
25
4
101
-147
216
-26
91
147
-155
262
-107
34
-41
-23
-92
52
-183
132
-86
17
36
-94
-11
20
62
87
57
-50
-27
5
-88
30
-58
-87
-111
-43
-51
105
32
-105
43
-215
77
42
-79
131
-159
119
48
-25
131
-63
62
-121
70
204
-36
121
-101
56
145
-22
90
-20
-30
-113
22
125
-200
66
-168
32
187
-204
439
-84
104
115
-104
110
61
-105
92
-181
91
24
-18
-40
-154
15
-126
-59
-111
-56
138
-134
221
-32
22
156
-123
79
7
48
80
-51
-42
70
-60
226
-100
34
-77
12
18
-42
-91
52
-19
-86
171
88
102
126
-207
285
-142
171
10
-63
-30
40
102
99
71
-59
52
70
-140
182
-81
237
-93
85
26
64
57
-9
105
0
141
-136
255
-177
154
91
-79
243
-165
119
5
-41
87
-141
183
-36
36
33
-73
108
-183
97
-121
-66
120
-372
207
-129
-27
76
-150
-12
-161
54
-52
202
-187
206
-125
-37
10
-48
203
-106
150
-146
62
136
-115
81
-99
-7
135
-173
134
-20
-89
32
-35
-35
176
-3
-127
73
-27
53
70
-121
35
-7
-83
43
15
-22
118
1
-91
247
51
101
202
-36
217
39
34
56
-16
-1
-44
-19
-157
64
-112
14
73
-204
73
-206
-66
-48
-125
59
-219
20
-19
-78
137
-88
-49
-95
-241
149
-126
58
-78
-90
74
-170
95
55
140
96
-98
-1
48
-8
-47
-23
10
-39
-38
-77
77
-84
76
-185
19
-76
25
21
2
55
51
16
-105
38
-26
37
-5
23
0
-48
-9
-82
111
164
-48
58
-86
140
-75
71
8
-117
108
-227
157
-65
-5
58
-92
-54
61
-24
110
59
-8
70
77
83
25
-51
-151
60
-84
55
12
-193
17
-119
41
-10
160
-110
155
-36
-75
209
-115
219
-55
37
24
95
80
35
-26
-72
-46
14
-106
182
-227
172
-37
-27
244
-135
227
-34
43
-2
-23
152
-138
84
-58
14
184
-217
369
-218
161
-69
-175
140
-120
-97
46
-186
31
27
-115
-53
27
-134
-120
-146
-109
-43
-181
-135
-100
63
-34
-8
78
-78
84
-71
52
138
-135
6
-167
-135
86
-112
78
-60
32
-147
61
-118
229
-8
-62
98
-178
162
-185
127
-87
-41
-31
-42
61
-14
52
-67
80
104
-58
17
-85
41
68
-45
110
80
-94
-2
-45
110
90
-136
-21
-4
54
59
137
44
-54
-9
-216
1
-98
-140
6
-145
43
22
0
42
-54
-125
-29
36
38
104
-35
-103
-115
-44
-105
-22
-55
-174
3
-87
128
-50
-142
-14
-220
16
-10
65
-11
-101
-26
-121
80
22
-27
-41
-194
67
-44
13
113
-63
165
0
25
155
25
-66
92
-150
275
-169
137
-89
-95
195
-165
250
7
113
30
2
-104
77
-72
-62
67
-236
267
-130
-11
-116
98
-54
99
41
-51
179
-253
234
-177
85
-9
-107
109
-192
189
-194
75
-12
-238
281
-246
245
-72
72
-75
47
10
-9
33
-209
148
-164
-74
79
-299
106
-159
-59
58
-39
36
-4
-120
47
-215
-24
127
-138
169
-253
60
-31
44
222
-42
-21
-77
-73
-62
-9
32
-9
30
-129
37
73
-22
-34
-146
-183
114
-159
-47
86
-317
116
-289
12
-45
-29
-33
-78
-27
-144
113
-145
50
-167
-40
16
-38
-4
151
-19
40
61
-110
132
-86
-9
-14
-57
61
-58
-28
-111
-28
23
-73
30
130
-141
88
-123
59
17
-222
129
-170
-7
21
-147
111
-46
-61
132
-131
241
-8
21
-11
-37
61
-80
-10
16
-76
179
-143
144
-65
-11
100
-217
105
-32
0
33
-134
208
-130
168
-69
-32
88
-195
41
-36
-21
81
-225
-2
-90
-9
-71
-78
127
-167
140
-52
57
-21
-74
45
-35
-2
67
-46
45
-112
204
-120
42
123
-139
257
-130
27
1
-58
83
-50
-78
-99
-32
-94
-34
-66
55
-165
86
-207
130
136
-164
210
-174
121
52
-39
48
113
-69
89
9
-32
171
-34
45
54
-62
53
60
-10
89
-27
-79
98
-135
211
-76
116
-84
-62
12
43
-12
20
20
13
-43
28
-67
78
-115
64
-6
-81
99
-78
46
-46
39
-35
125
-20
93
4
25
-115
37
-158
65
58
-62
90
-81
163
20
37
39
15
178
-69
150
-16
170
16
62
-26
37
-79
107
50
37
62
84
-55
74
14
46
165
-123
129
38
8
165
-60
16
-119
153
-164
209
8
21
66
-73
94
61
102
186
14
224
-47
139
58
-16
98
-18
24
-69
-63
16
-18
-114
-42
-62
-8
89
-113
45
55
79
100
-9
13
48
-13
-178
2
-25
-91
-110
-245
-66
-21
-38
-44
-105
-34
98
23
55
168
22
71
-101
-8
120
0
92
-26
20
126
37
-88
18
-102
-16
-118
-36
4
-6
-176
-31
-82
-54
53
-142
-52
-28
-27
38
-37
-22
-118
-88
-89
-7
112
-112
140
-98
184
142
20
149
-37
21
-38
15
36
82
-144
-75
-41
64
75
81
-66
160
17
167
4
138
-17
4
2
-7
103
77
-48
-10
115
-29
90
-33
69
8
13
3
140
-78
-87
-176
-7
5
29
16
-111
66
-151
177
-159
108
47
-126
131
44
28
113
-95
-7
0
41
16
6
-7
-34
9
25
-30
132
80
-104
98
-61
68
-12
-106
81
-18
152
10
-2
41
-61
22
22
13
28
35
-54
-34
173
10
145
-84
-16
41
-20
29
43
42
-17
-40
36
98
33
15
-15
-9
5
162
-34
-29
36
-44
-25
79
18
155
68
-49
71
-4
16
-33
-70
-36
-58
74
-60
20
-19
-118
107
-107
102
42
-31
83
-130
38
80
6
53
-111
94
-141
22
-39
-37
184
-142
81
-39
-87
118
-118
83
-65
-29
-69
-33
-157
40
-164
-11
12
-134
146
-166
-12
12
1
-48
-22
-25
27
-9
30
118
39
15
43
-41
124
-28
55
-10
11
141
0
138
-109
118
-106
91
-124
180
9
-40
76
-331
314
-72
-59
258
-239
206
105
-123
220
-103
-78
155
-204
38
4
-14
-20
77
-29
62
13
-87
123
-76
-12
68
94
-89
135
-140
81
8
76
-58
-38
132
-69
170
-19
125
67
18
145
87
53
69
115
-29
117
36
129
131
77
-2
116
-52
25
105
-167
149
-39
88
-20
-125
134
-180
121
30
18
162
-51
117
50
135
208
7
18
-25
93
-21
2
-138
63
-124
-20
-170
33
-67
49
-176
-19
-95
-71
-4
-156
63
-59
116
-30
26
-165
105
-76
-43
83
-90
76
-89
58
61
120
-96
81
-146
-16
66
47
36
-52
29
-143
78
-10
-30
54
-217
65
-57
60
27
-150
-49
-74
47
-145
70
36
-3
81
-108
-4
109
-103
3
119
-170
219
-291
-2
-22
-16
46
-152
-7
-16
-112
161
-141
59
-28
-112
160
-52
106
100
-74
125
19
101
85
59
16
4
139
24
31
-1
1
67
45
44
20
-21
-131
35
13
49
176
-83
44
-84
-37
230
-139
112
7
-175
272
3
89
18
-218
