40
42
39
36
39
45
47
42
37
37
43
45
40
33
33
35
34
32
27
24
24
24
24
22
18
16
13
9
5
2
1
1
0
-3
-8
-15
-17
-14
-13
-18
-24
-26
-26
-28
-38
-40
-37
-34
-38
-43
-42
-40
-38
-38
-40
-42
-42
-41
-39
-40
-41
-37
-32
-29
-31
-31
-29
-27
-25
-24
-20
-17
-18
-20
-21
-20
-19
-14
-11
-11
-11
-13
-14
-13
-8
-7
-5
-1
6
8
10
19
21
16
23
28
31
38
42
45
52
52
52
54
48
48
50
48
48
46
43
41
39
37
35
34
31
31
27
22
26
23
17
12
10
13
14
10
3
2
2
3
0
-2
-1
0
0
-4
-10
-10
-9
-9
-5
-5
-9
-5
-6
-7
-4
-3
-3
-3
-8
-4
0
-6
-10
-7
-6
-8
-13
-13
-9
-7
-9
-14
-15
-8
-7
-12
-12
-13
-17
-16
-17
-20
-21
-22
-23
-21
-20
-20
-21
-25
-26
-28
-30
-29
-29
-30
-28
-28
-28
-31
-30
-29
-28
-25
-21
-19
-16
-9
-5
-1
3
9
12
15
23
26
30
36
38
38
43
45
45
51
49
43
50
49
46
46
45
44
46
43
42
42
36
34
34
32
29
30
29
26
22
21
20
18
18
17
14
10
7
6
13
7
0
0
0
-1
1
-1
-7
-9
-3
-1
-1
-1
1
2
2
2
2
1
0
1
2
-1
-5
-2
1
-5
-11
-10
-9
-11
-14
-15
-15
-19
-24
-26
-25
-22
-24
-31
-30
-29
-33
-35
-36
-39
-39
-42
-47
-48
-47
-45
-47
-49
-48
-50
-55
-55
-53
-52
-53
-53
-52
-49
-47
-44
-38
-30
-22
-17
-11
-5
0
6
15
27
36
40
42
49
55
60
58
57
59
64
67
66
64
60
59
59
58
54
48
48
48
48
45
42
39
36
33
33
32
27
22
19
19
16
9
6
6
4
-3
-10
-11
-10
-10
-12
-18
-18
-16
-15
-16
-16
-15
-10
-7
-7
-7
-4
2
5
8
10
12
11
10
12
15
13
8
9
14
15
10
5
1
2
2
-1
-3
-4
-6
-11
-14
-18
-21
-26
-31
-34
-35
-38
-44
-48
-52
-56
-62
-68
-70
-68
-68
-72
-78
-79
-77
-78
-81
-82
-84
-82
-78
-71
-65
-59
-51
-40
-25
-13
-6
5
18
34
48
61
72
79
84
91
99
101
103
107
111
115
110
104
100
100
102
103
100
92
85
83
84
81
73
68
65
66
64
58
46
38
33
31
27
20
12
7
2
-5
-13
-19
-21
-24
-29
-37
-40
-41
-43
-44
-43
-42
-41
-38
-32
-24
-19
-17
-16
-12
-4
6
11
11
13
18
21
20
17
16
17
19
17
12
9
7
7
5
5
1
-4
-8
-11
-12
-15
-20
-29
-35
-40
-43
-48
-57
-63
-68
-70
-77
-85
-89
-97
-103
-111
-116
-117
-120
-124
-128
-128
-127
-125
-122
-116
-104
-90
-75
-63
-52
-39
-20
0
17
32
49
66
80
90
102
114
119
121
122
131
137
136
132
126
125
124
120
114
110
105
105
102
93
83
79
80
77
70
61
56
52
48
42
36
29
22
14
4
-4
-12
-21
-30
-35
-37
-38
-42
-47
-50
-50
-45
-40
-37
-36
-32
-22
-12
-4
3
12
23
28
29
30
35
41
42
38
38
40
39
31
20
11
11
12
7
-1
-9
-13
-15
-19
-24
-29
-37
-46
-56
-67
-76
-85
-92
-99
-108
-119
-130
-139
-148
-153
-160
-168
-177
-186
-192
-194
-198
-203
-208
-212
-207
-194
-181
-171
-160
-144
-118
-89
-60
-35
-14
8
34
69
104
131
149
167
192
213
225
231
237
244
252
257
256
251
245
244
244
242
231
220
211
204
198
193
185
173
158
149
146
140
124
102
86
77
70
60
43
23
8
-2
-11
-25
-41
-51
-56
-63
-73
-84
-90
-94
-92
-87
-84
-84
-82
-69
-53
-40
-36
-35
-28
-15
-5
-1
-1
-1
3
10
13
10
3
-2
-3
0
0
-6
-11
-14
-14
-15
-20
-28
-35
-42
-51
-63
-73
-81
-89
-101
-114
-119
-125
-132
-147
-164
-174
-179
-183
-189
-199
-212
-222
-225
-224
-233
-246
-257
-257
-255
-252
-249
-245
-233
-213
-183
-145
-112
-90
-66
-25
29
76
108
136
167
205
241
268
279
284
296
319
331
324
308
300
305
315
314
299
276
259
253
251
246
231
211
197
196
198
192
171
145
128
121
120
108
87
66
47
36
18
-3
-26
-45
-53
-56
-70
-92
-113
-121
-117
-111
-121
-133
-134
-121
-110
-106
-108
-106
-99
-91
-85
-75
-68
-71
-71
-65
-62
-70
-67
-58
-56
-62
-66
-64
-61
-54
-47
-43
-39
-33
-26
-25
-31
-39
-44
-47
-50
-60
-72
-88
-99
-104
-114
-135
-156
-162
-159
-163
-176
-194
-208
-214
-214
-220
-238
-260
-274
-272
-262
-258
-267
-279
-280
-261
-228
-187
-147
-112
-80
-44
7
74
134
179
211
253
306
354
377
382
391
413
440
454
449
435
420
410
406
401
390
367
344
327
317
306
285
262
245
237
233
225
204
179
158
148
139
122
97
77
58
34
6
-21
-40
-52
-64
-80
-99
-118
-131
-131
-124
-119
-121
-120
-115
-106
-104
-101
-98
-96
-93
-91
-88
-90
-96
-100
-104
-108
-107
-94
-84
-85
-93
-93
-89
-85
-87
-83
-70
-61
-63
-68
-66
-60
-60
-66
-76
-81
-92
-108
-126
-141
-151
-159
-166
-170
-177
-187
-205
-216
-223
-235
-250
-266
-273
-274
-281
-298
-316
-324
-322
-318
-321
-332
-333
-303
-258
-228
-203
-168
-124
-75
-12
56
114
162
214
273
336
389
427
446
459
478
506
528
528
507
482
464
458
453
437
405
373
353
349
331
298
263
234
237
257
242
215
204
194
184
176
158
142
131
116
93
52
12
-13
-34
-54
-81
-119
-153
-178
-191
-180
-167
-180
-192
-192
-179
-176
-189
-188
-166
-145
-133
-133
-147
-160
-150
-136
-135
-143
-145
-138
-135
-137
-137
-138
-131
-121
-109
-99
-95
-95
-89
-84
-83
-97
-104
-91
-84
-90
-100
-125
-145
-140
-134
-128
-127
-148
-166
-175
-178
-175
-179
-187
-199
-211
-221
-232
-241
-251
-268
-289
-309
-312
-303
-295
-300
-312
-302
-261
-196
-141
-114
-103
-67
19
127
211
257
290
350
423
473
485
486
516
567
613
623
585
531
507
524
543
523
465
402
376
392
398
356
298
280
303
328
321
283
237
213
218
220
194
160
144
143
133
100
52
12
1
9
8
-29
-86
-124
-127
-104
-87
-101
-131
-151
-146
-129
-118
-123
-139
-148
-138
-127
-143
-174
-197
-198
-191
-186
-179
-187
-210
-224
-217
-206
-204
-208
-218
-210
-182
-163
-177
-201
-208
-194
-171
-152
-162
-197
-211
-196
-178
-172
-175
-185
-197
-201
-200
-203
-211
-214
-208
-202
-206
-233
-271
-283
-263
-255
-286
-324
-337
-317
-289
-307
-349
-363
-332
-261
-181
-148
-144
-115
-54
33
125
185
223
283
373
453
495
502
517
555
606
645
650
618
576
559
568
572
548
498
442
410
405
405
384
339
306
315
331
331
316
285
273
291
284
244
210
196
187
168
131
76
22
-1
6
0
-37
-78
-114
-137
-147
-140
-117
-111
-154
-189
-180
-164
-150
-140
-157
-187
-198
-198
-208
-232
-257
-263
-254
-248
-248
-253
-261
-269
-276
-274
-265
-245
-218
-209
-218
-222
-239
-264
-243
-198
-184
-194
-211
-230
-218
-198
-212
-231
-210
-186
-202
-222
-234
-230
-188
-168
-195
-214
-223
-232
-219
-213
-214
-228
-264
-297
-301
-289
-289
-300
-316
-312
-291
-245
-170
-128
-104
-85
-31
72
164
236
283
348
447
521
538
536
530
555
653
711
694
634
570
579
624
635
596
523
472
467
492
509
472
423
419
443
475
467
418
383
359
353
359
338
305
260
239
212
144
96
83
91
91
59
4
-44
-85
-96
-63
-67
-90
-112
-143
-150
-149
-143
-141
-157
-158
-185
-232
-257
-263
-258
-281
-311
-330
-337
-331
-329
-331
-339
-360
-363
-336
-304
-280
-281
-307
-330
-321
-268
-226
-244
-245
-260
-282
-253
-245
-258
-268
-264
-246
-253
-263
-294
-300
-231
-202
-217
-223
-235
-236
-232
-239
-247
-257
-263
-319
-347
-312
-324
-320
-322
-366
-329
-295
-247
-160
-116
-93
-86
-8
111
193
263
333
409
469
527
562
571
563
598
657
683
695
634
598
585
578
629
607
519
492
507
494
486
470
430
418
431
458
458
431
403
356
347
368
347
314
263
207
210
187
121
90
74
64
40
-36
-90
-76
-55
-52
-66
-86
-101
-109
-122
-146
-159
-168
-193
-227
-236
-231
-262
-295
-330
-337
-318
-337
-349
-362
-369
-390
-423
-403
-390
-399
-407
-410
-392
-360
-344
-349
-345
-332
-293
-262
-291
-316
-313
-315
-307
-276
-254
-255
-257
-245
-246
-259
-251
-239
-228
-210
-201
-212
-238
-252
-246
-244
-239
-253
-290
-300
-312
-332
-302
-269
-291
-275
-190
-106
-63
-63
-67
4
158
281
299
295
376
496
567
592
584
568
607
688
731
721
665
594
577
620
653
641
591
528
506
520
508
479
459
439
447
504
533
482
416
374
392
437
404
333
306
272
242
225
169
136
140
118
85
42
-9
-37
-38
-20
-12
-40
-94
-162
-191
-176
-164
-178
-215
-235
-250
-319
-348
-302
-310
-356
-370
-380
-370
-346
-355
-401
-446
-461
-418
-373
-375
-384
-363
-322
-320
-335
-332
-316
-308
-303
-295
-350
-330
-265
-270
-245
-224
-259
-268
-229
-222
-213
-213
-241
-241
-236
-204
-183
-204
-257
-296
-261
-216
-195
-242
-291
-278
-270
-258
-266
-292
-286
-278
-240
-126
-55
-52
-32
7
98
223
287
301
338
443
544
560
550
560
602
690
740
672
612
594
567
632
661
596
546
516
502
517
527
490
476
473
469
483
491
463
394
384
385
390
386
329
269
232
228
197
146
100
95
108
83
22
-41
-21
1
-3
-43
-104
-142
-184
-176
-173
-217
-258
-295
-340
-320
-296
-353
-362
-392
-440
-409
-407
-452
-465
-460
-487
-459
-424
-434
-434
-407
-397
-401
-354
-362
-396
-354
-315
-291
-287
-294
-304
-276
-237
-254
-218
-171
-193
-204
-214
-214
-196
-189
-180
-165
-102
-71
-117
-135
-155
-178
-107
-76
-98
-117
-192
-233
-210
-177
-174
-210
-210
-177
-149
-142
-121
-73
-41
-1
59
126
178
235
317
375
415
484
523
493
482
524
577
616
618
562
526
556
586
585
552
506
461
471
508
477
448
439
445
458
476
478
417
390
380
362
363
323
292
298
264
200
158
138
149
144
97
47
12
-23
-73
-105
-89
-95
-143
-161
-169
-195
-216
-252
-301
-300
-281
-302
-337
-385
-431
-425
-390
-405
-437
-459
-480
-496
-475
-402
-376
-397
-390
-366
-372
-355
-309
-334
-314
-282
-256
-201
-200
-189
-197
-197
-178
-173
-160
-149
-118
-119
-118
-102
-115
-118
-81
-25
-21
-42
-47
-65
-60
-17
-34
-106
-113
-93
-80
-64
-111
-182
-176
-138
-148
-182
-217
-241
-185
-103
-91
-88
-47
-5
73
187
191
179
296
355
391
445
420
388
394
481
534
536
563
484
444
498
487
456
466
449
407
438
443
419
444
430
401
435
440
373
338
318
286
296
299
265
255
239
181
158
148
93
65
70
39
14
-3
-69
-118
-119
-126
-136
-159
-207
-210
-201
-262
-286
-307
-365
-385
-387
-384
-398
-416
-432
-430
-410
-427
-429
-418
-398
-362
-354
-351
-371
-379
-317
-277
-274
-244
-240
-246
-202
-183
-172
-150
-171
-162
-133
-101
-97
-105
-67
-64
-34
-7
-35
-17
-10
-16
18
43
35
28
3
-8
0
-41
-55
-50
-76
-56
-57
-119
-151
-169
-189
-176
-173
-175
-159
-140
-93
-54
-70
-73
-32
-2
57
151
180
187
239
269
302
359
354
339
382
409
428
461
451
421
418
412
398
412
432
406
367
365
388
402
383
333
318
342
340
321
289
261
247
246
258
196
152
148
138
138
97
55
45
38
5
-34
-22
-19
-75
-115
-144
-173
-146
-165
-226
-259
-281
-289
-302
-311
-337
-353
-333
-352
-374
-367
-375
-379
-363
-350
-345
-335
-336
-347
-307
-245
-256
-257
-194
-159
-164
-143
-145
-140
-83
-91
-99
-59
-64
-61
-34
1
-2
-27
2
3
4
45
46
31
27
15
24
61
41
10
26
3
2
28
-4
-41
-51
-64
-98
-102
-114
-144
-130
-134
-154
-167
-164
-149
-141
-116
-71
-49
-40
-47
-4
73
82
96
129
178
239
270
299
305
313
310
326
368
373
391
389
346
319
341
391
379
354
350
323
320
305
252
251
280
279
262
222
156
136
154
164
169
169
140
99
94
103
82
46
4
-18
-6
-12
-39
-71
-113
-130
-136
-174
-201
-183
-172
-214
-269
-302
-319
-292
-253
-278
-321
-329
-329
-303
-275
-292
-284
-244
-245
-260
-262
-257
-224
-170
-156
-168
-160
-144
-136
-124
-113
-105
-94
-83
-64
-28
-9
-29
-37
-17
2
41
80
47
0
13
46
78
87
40
19
56
59
29
1
-15
3
20
-7
-48
-69
-69
-86
-111
-124
-141
-125
-115
-163
-174
-140
-142
-153
-131
-91
-49
-46
-73
-54
25
71
69
107
147
146
182
229
239
253
255
261
305
323
307
302
304
317
309
282
275
271
258
246
230
215
202
191
186
180
175
174
175
178
180
177
176
172
163
151
138
120
100
79
56
32
7
-17
-41
-66
-91
-116
-137
-157
-173
-190
-206
-221
-227
-232
-238
-252
-262
-257
-247
-247
-259
-262
-255
-246
-230
-229
-235
-203
-135
-96
-140
-223
-209
-113
-37
-77
-235
-301
-160
44
-2
-106
20
79
-22
21
163
121
10
-125
106
534
277
-256
-328
-223
546
2475
1250
-2334
-1565
1207
1437
-534
-1865
-492
1073
376
-887
-535
118
293
158
-566
-729
-44
369
-148
-594
-113
342
72
-303
-198
141
264
34
-177
-62
184
200
77
139
125
-52
89
420
295
3
131
199
-14
184
687
562
7
-260
-76
432
677
310
-96
99
424
471
328
129
-30
140
617
175
-198
127
285
283
-4
269
87
-429
262
536
-97
-453
23
608
268
-454
-525
-349
-160
722
273
-1308
-1091
365
2676
2032
-2953
-4147
209
3615
1616
-2706
-3065
264
2028
418
-1397
-1024
635
364
-1225
-1688
25
3141
2066
-2583
-3914
-191
3295
1562
-2196
-2475
592
1865
129
-1030
-758
359
935
-128
-740
-138
353
18
-459
578
844
-474
-890
-482
907
1434
-242
-1441
-487
918
671
180
-381
-830
34
210
386
448
-583
-834
-106
1111
-151
-1061
205
314
343
-805
-395
512
-279
295
418
-366
-783
487
1042
-242
-1065
104
1484
-83
-525
128
423
642
-26
338
-439
-249
1516
493
-192
-726
179
2405
-133
-1661
562
1342
897
-221
-891
147
653
490
1085
-153
-1563
516
1668
-59
-489
-451
-814
1192
1582
-1198
-890
259
-550
660
893
-1357
-912
837
654
-496
-1779
462
1379
-1282
-1504
111
1153
106
-2245
44
1158
-748
-90
-2124
1360
728
-569
-1184
-2019
1541
2525
-1567
-776
-1271
-994
1345
1934
1005
-3750
-1515
2215
1724
-733
-470
-1291
731
515
-299
-61
704
604
-1856
-347
829
1855
-1670
-1573
1926
1536
-1394
-1406
551
2646
481
-4083
1080
2677
412
-2187
-2227
2181
2390
-84
-2579
-2962
2378
3108
555
-3488
-3387
4186
3550
-2995
-3797
1580
4168
-715
-3000
-1647
3191
3560
-3546
-3403
1311
5079
1017
-6165
-1536
4762
3752
-2743
-4758
1466
4594
1124
-3098
-2116
1625
2579
735
-1351
-1896
1291
2921
-767
-1028
711
-605
555
2679
-662
-3067
880
4113
2033
-1663
-2677
-900
2404
1375
-2805
-1196
-197
841
390
-1503
-79
1706
-1718
-1910
3426
-2047
-249
-598
-990
-487
2458
776
-1469
-1400
-1897
2019
3081
-1494
-3090
2037
9
2113
-3208
-1599
1435
2058
1557
-1874
-5883
3368
3813
-782
-2440
-1692
1074
2658
-665
-4054
4136
1279
-4708
-3223
5572
5289
-3633
-6414
-1243
5045
5504
-3759
-4561
608
2811
1512
-836
-779
-1148
-1289
732
3299
54
-2917
-2353
2861
2320
1398
-3314
-6214
5586
3676
880
-8489
642
6770
1253
-4419
-4290
1244
5650
-589
-1257
-1036
-894
-579
2626
1964
-221
-988
-2841
-397
3902
2379
-1127
-1462
-1329
-479
2114
1860
1836
-729
-2670
-3522
3465
6435
929
-7720
-6154
7914
7418
-675
-8561
-837
1758
6567
431
-4911
-4432
3072
5627
-34
-4184
-2936
821
6710
-1695
-4365
-1541
4327
1294
-4409
118
257
4739
-3032
-3059
-2830
4774
4468
-1697
-6811
-1942
6100
2111
639
-6628
-2180
3760
3068
-1435
-432
-1368
-3450
-236
3234
2145
324
-3088
-3754
721
1229
3144
673
-3434
-799
-98
1260
-1611
5642
-3345
-4187
1785
4086
-850
-3148
-2373
5214
790
-2621
1098
-2705
-527
4599
1207
-1685
-5622
-3009
8899
8357
-7572
-10161
-279
9037
6568
-5512
-7548
1724
7153
-770
-6708
-1048
7727
4073
-7571
-7261
1037
12888
3467
-10933
-6944
2253
11509
3686
-8194
-7776
4113
7030
4232
-7534
-5157
4711
2839
3696
-1898
-4180
2306
1101
-2294
4284
995
-1216
-555
-1719
-1540
4152
7752
-1601
-12271
-3552
11381
8323
-1285
-10806
-5954
3527
13089
3885
-10538
-9755
3859
8734
5050
-7845
-5449
948
4821
4634
-5024
-5534
1488
2104
-140
-1624
5533
-2384
-6582
-1504
242
10870
1916
-7856
-9462
-2087
12504
9534
-8903
-11252
31
7416
2564
-288
-802
-6892
-118
582
4961
4987
-5823
-6318
-1959
7141
6944
-6656
-6826
1079
2832
6826
-277
-9270
-3705
4924
8073
-2020
-7040
-5914
8810
3844
-2799
-5914
649
4155
-522
-875
988
-1377
-1243
-5114
1245
5838
4875
-2578
-9613
-927
7704
4078
-3488
-2745
395
3016
-3465
4359
2142
101
-6151
-4338
9353
10629
-2830
-10554
-5308
5579
11000
4989
-9690
-6692
3266
7190
2720
-5588
432
1113
-399
2884
-822
2976
-767
-2195
-2796
-5180
14737
6121
-9549
-5477
-4602
10549
4604
-3931
717
-5560
-2847
5006
3715
1067
117
-7869
-5356
1641
11859
10223
-10909
-16729
-7853
20843
13634
-9383
-13193
-9428
14922
4803
-4797
474
-2949
-2674
3206
-4316
213
3113
5805
-5408
-16966
4137
17165
6763
-13345
-11911
-4490
12068
9261
-1133
-5001
-12781
-1475
8854
8606
5681
-9442
-20626
-1128
20518
11700
-6507
-19934
-4282
13097
5422
-42
-2378
-6041
-6131
1623
10487
7567
-8228
-13031
-592
7003
10981
3935
-9890
-8760
-325
9957
10072
-3950
-6273
-4054
-1431
12073
9818
-5908
-8542
-5009
6991
13528
-932
-7348
-5004
3512
8437
-1086
-2743
-255
2777
-30
-4389
3389
6004
-941
-4360
-1818
1073
5835
1729
-6317
-2071
1381
7861
1807
-8781
-2942
4745
8891
-1505
-8696
-1476
281
7416
4741
-7749
635
-4140
4905
442
-4708
2959
2114
-296
-4685
-4872
5576
6928
-2702
-8567
349
-7582
11497
8823
-9460
-10124
-6933
10654
8207
809
-9268
-8819
1050
1185
6193
4974
-3493
-10265
-4936
1207
9405
6872
-3396
-17290
-3617
11758
7961
-3598
-8207
-3283
-226
7546
542
-1357
-5988
-2778
986
3937
715
-3277
-574
-2678
2738
209
-547
-62
3448
-2208
-3262
568
3072
4355
979
-4889
-3345
5547
5329
1929
-3255
-5812
4674
9525
2133
-9886
-34
10294
1736
-4199
-2693
4762
4734
-941
-6019
765
7109
3941
-2985
-8159
4542
3852
508
-954
-5323
5660
4037
-3562
-3195
-1464
5502
3348
-1534
-2275
-1289
1722
3089
138
-4889
4245
1243
1290
-1337
-2405
-3451
5773
2894
-1289
-2366
-6641
5124
5802
-2552
-2331
-7628
1103
9354
-1910
-5407
-5726
-3155
12723
-1428
-7476
-3195
-1104
3308
4846
-9208
-2826
5775
-3802
2182
-4517
-4957
3249
7788
-2815
-9741
-5993
3047
16868
-7467
-9344
-5247
2239
9865
-4435
-3239
-1072
-2766
2891
-4057
2763
4023
-3439
-4907
-789
2753
2086
4378
-5299
-2741
-3625
6936
7719
-2771
-5073
-3874
5683
9564
-150
-1547
-5396
1003
8189
5054
-3813
-1868
2395
2010
2429
2748
3219
-2225
-4338
2605
4365
2641
-4343
-1386
4898
360
-1114
-4340
4377
3052
939
-3968
-2208
1230
4384
2539
-4381
-1133
2849
-804
-577
575
7404
-1848
-3981
-7146
7619
11542
-4001
-9345
-5826
5212
14952
-4871
-7255
564
-1948
2872
1423
-1579
3579
-3158
-10893
-135
9668
4044
-4129
-9947
-2171
1476
3160
6854
-5831
-9643
-2623
59
7318
4303
-5793
-5576
-4290
-2971
2395
5803
-1411
1102
-11251
-4635
797
3287
10107
-3432
-14607
-8209
10600
7325
-1877
-11603
-2269
6675
3511
-490
-8219
-1724
6996
3074
350
-6741
-2475
8558
4288
-1581
-3377
-322
6871
4307
-2274
-1814
4180
6407
877
-4397
-379
6612
6317
205
-4994
-1910
5168
4565
203
-1548
-919
1622
1287
-1120
881
671
-1283
1999
136
-1521
1217
-1465
-207
2152
2161
-1046
-1000
-3610
902
6690
506
1487
-5932
-3374
3831
6514
2897
-1898
-9880
2820
5548
5358
-3724
-4023
64
1570
4767
-5216
2437
-2942
-325
5274
-5456
-422
740
-8417
6403
-5928
-949
7969
-6017
-7514
-9083
5149
13551
815
-14887
-10929
-1443
10975
2231
-7974
-5860
-1423
5250
-2011
-10569
5666
6209
-2217
-7601
-7412
3920
6161
-2556
-4595
-3041
-1139
6135
1903
-3764
-2083
-570
2602
162
1512
3667
1815
-451
-3768
903
4363
5180
3831
-1651
80
92
4217
3681
2417
-602
-622
2767
5057
3283
-1051
-3203
-10
3603
5135
-893
-2165
-4007
3270
3891
-372
-1148
-615
-1906
-421
3513
1108
1881
-4387
-4020
2419
4499
1027
-1410
-1840
-684
285
832
3747
3069
-988
-6125
2148
2692
5908
1200
-8325
890
2309
1738
2697
-1347
-2894
1865
3361
-1406
-7910
1662
3609
-4112
-1572
-1141
-4044
616
2211
-4530
-4403
-3325
118
7011
-4391
-7774
-3783
-1759
2918
178
36
-7570
-225
-2410
917
-4158
17
4650
-6174
-2642
-5602
1135
4726
-2067
-498
-956
-3663
-3390
4436
5211
1115
-3854
-3906
2131
8122
3924
-2008
-3495
354
7034
6382
1303
-1145
-3231
4333
5492
2529
1405
39
2994
150
-89
2678
2328
2701
-466
-1230
314
2016
2980
-1382
-3110
-214
2687
2691
-2180
-2803
-799
962
2121
-1586
-803
231
17
1270
-554
1206
276
-1292
843
2347
3966
-412
-2162
1784
-1572
3908
4238
-1483
-807
-385
1804
335
625
-1758
2056
-2695
224
-1011
-1082
-194
2057
-4015
-7687
-4340
5511
5827
-8529
-9482
365
-353
300
-1785
-3731
240
-5255
-7010
2494
2133
1240
-2563
-9705
-2258
2927
792
-92
-5788
-4425
1565
1807
2484
-2448
-4764
284
-525
3713
4330
-3467
-991
1474
3121
4183
-961
576
4218
3882
2437
-216
851
4355
5373
896
-1606
3400
5786
2356
-1735
-847
2941
4051
2538
-44
-1313
-491
1448
1320
-6
159
845
-355
-1650
-710
891
701
-2524
-1079
1896
789
-2834
-4486
1691
3830
1902
-461
-4277
-2328
2458
5357
2189
-2117
-2218
-1128
2094
5202
1702
-3851
-2388
1849
4028
2264
-2294
-4312
660
2274
-223
-709
-2858
-6153
1004
1786
-1894
-1408
-5690
-1999
-1235
3660
-2995
-3867
-8058
-4057
5139
3253
-4913
-6283
-7435
-837
6391
368
-6441
-3583
-7024
-1156
4678
2853
1060
-7187
-5645
-1184
5697
8034
-1909
-5004
-4284
4573
8363
1628
-2421
-736
3603
4650
4031
1650
641
1461
2554
2260
4231
3615
-527
1347
839
1819
3672
1483
233
-529
972
1792
1588
674
-918
-1608
-102
1348
342
660
-1162
-3099
-495
908
169
482
-1165
-1784
-389
-828
2097
1826
-1518
-872
63
583
1709
3429
-1147
-2509
2984
2728
1861
-1663
-2196
3665
2537
629
-733
-1951
346
616
-628
-1200
2048
106
-6247
-3385
469
2015
442
-6244
-6466
104
1393
-2253
-2817
-3188
-5734
-2024
1026
1310
-2184
-6103
-5265
-1928
3493
-440
-3492
-8096
-533
4183
2977
-1195
-7603
-3084
2882
5354
3568
284
-3071
-149
1784
3127
4354
4095
1045
258
1278
3511
5979
4388
-371
-1924
2004
6602
5139
445
-1697
-780
1534
3913
3840
939
-1887
-2179
-470
1699
2470
831
-1696
-2241
-887
266
586
-37
-1281
-1902
-1557
-480
32
-393
-176
-616
-1158
182
666
263
192
-1310
-630
2292
1200
148
1119
-62
-902
139
1333
3321
2497
-2956
-2619
1761
2274
556
-3390
-3653
961
2476
-612
-3093
-3336
-4212
-91
2344
-2250
-2540
-4943
-4431
-40
-159
1028
-2190
-4242
-5879
-4481
1505
1580
516
-7310
-7476
346
1177
4309
-284
-5660
-2005
-1257
2350
5578
1487
-387
-701
-929
2056
4849
5456
3537
279
-604
2034
5249
6232
3075
-1013
329
4279
5634
3634
-660
-1182
1529
3140
4247
1041
-1809
-1065
-231
1932
1536
-130
-669
-1209
-955
-438
-88
-846
-939
-967
-1656
-1322
-758
-567
-1434
-1892
-639
555
496
-232
-1050
-1292
-27
1192
1916
1700
-123
-834
-958
1327
4543
1763
-1080
-928
51
1665
753
416
92
-1370
-485
-81
-853
-2581
-3163
-826
-656
-1278
-1529
-2814
-3970
-3454
-909
-1925
-1234
-31
-6326
-3633
-316
-1351
-1102
-2624
-2294
-3093
-1540
42
1431
-631
-3343
-4816
1898
3413
4920
-1330
-4623
471
5000
5331
1036
-115
1881
3479
4484
2728
2164
2278
2496
2190
2882
3806
3539
1706
-260
67
2094
3633
2734
301
-971
-368
967
1511
888
-352
-918
-636
-523
-726
-497
-513
-1525
-1945
-966
-322
-942
-1887
-2352
-1752
373
2197
837
-2786
-4405
-1849
2745
4426
1210
-3056
-3703
315
3928
2995
-33
-1521
-649
1507
2248
777
156
-663
-1265
-263
1405
1376
-1386
-4249
-5542
-564
2610
724
-2808
-6454
-3470
-2260
814
2786
-4203
-7222
-4132
-276
1032
-404
-4391
-4517
-3723
-2491
2934
2210
-435
-3732
-4599
135
2796
4427
1929
-925
-478
-11
2694
3925
3849
3646
2057
1391
1645
4323
5250
3659
2241
477
2608
5291
4417
1590
-980
-316
3161
5093
2634
-711
-2008
-874
1397
1834
702
-405
-1009
-1173
-1068
-175
380
-802
-1952
-1611
-1065
-317
-852
-2737
-2428
-1523
997
2208
-913
-2941
-3389
-268
2927
1986
167
-1524
-1239
580
1742
1366
570
119
997
1461
-624
-1020
-94
826
1425
-651
-2122
-1452
-1515
-401
-450
-3507
-3253
-1945
-1723
-2231
-3984
-2774
-1138
-1819
-2474
-1662
-2035
-4162
-2522
-1229
-1136
-1874
-4806
-564
2386
633
-1232
-5677
-1606
3820
3903
2173
-2810
-815
2915
3226
4571
2328
778
2082
3309
4564
3939
2895
2098
2059
3436
4493
4413
2584
690
64
2022
4513
3146
871
-886
-887
1304
1317
880
439
111
-615
-1053
-661
-419
-504
-1568
-626
-440
-724
-2055
-1699
-1353
-1368
-1442
-1478
-182
19
-1319
-2253
-2177
1218
1991
748
-1004
-2437
40
1219
885
1207
815
326
-71
-781
-454
994
1366
357
-1780
-1869
329
-261
-2338
-1608
-2227
-830
-2030
-2156
-2834
-4121
-2169
-1942
-2519
-1722
-2304
-3977
-3080
-2217
-755
-2512
-4078
-2723
-790
2097
1466
-3341
-4786
-2941
2483
6039
3936
-493
-4314
-1647
4544
6393
4613
2100
1490
1054
2683
4992
5214
3865
1453
1316
3051
5011
4463
2519
27
774
3056
4579
2973
387
-900
40
1301
1677
1263
589
-42
-920
-1812
-927
-70
237
55
-1784
-2427
-1561
-1014
-421
-1105
-1964
-2140
-869
1086
381
-1502
-2951
-1906
845
1912
1547
-985
-2083
-722
282
1589
1341
745
102
-1698
-1438
651
2219
914
-1610
-3475
-2334
1584
-171
-2637
-2843
-4041
-1761
-394
-1312
-2636
-5028
-4395
-2457
-1321
327
-1657
-4379
-4557
-4314
-561
832
-1202
-1582
-1950
-2116
-1949
775
1980
493
153
-264
1114
2362
2082
1434
1169
3202
4888
4336
1612
47
2910
5297
4690
2847
1757
2912
3808
2942
1758
1747
2460
2913
2334
991
727
1109
719
316
999
1265
709
-361
-1228
-422
131
-33
-513
-947
-770
-1179
-1027
-1198
-2055
-1360
-680
304
720
-1557
-3269
-2425
730
3061
1533
-1124
-2482
-1418
1109
2198
1580
272
-685
-491
15
-260
223
1155
292
-1092
-1515
-705
-722
-1694
-742
-1383
-2345
-1660
-3026
-2863
-2833
-2649
-1185
-3211
-3393
-2140
-1461
-2400
-4065
-3687
-2017
77
-1894
-2772
-1885
-164
-245
-1872
-1461
544
622
1640
2072
628
598
386
1393
2784
5429
4347
962
-188
1776
5093
5418
3730
1821
1243
2853
4115
3492
1809
1199
1938
2760
2205
1371
423
278
759
972
1482
901
291
-475
-993
-368
-68
305
26
-650
-1240
-1700
-1270
-566
-445
-1097
-1392
-613
199
-414
-1816
-1767
-154
1127
721
-722
-1513
-1132
-154
671
1365
1456
319
-1309
-1536
530
1899
1362
-445
-1969
-1545
-773
-73
-748
-1891
-1670
-1377
-1574
-2732
-2743
-1953
-2753
-3374
-2575
-1261
-1548
-3763
-4093
-3124
-2294
-1272
-821
-1452
-1159
-1142
-2522
-1582
-173
1345
557
-402
-448
1209
1893
2067
1275
380
2545
4957
3872
2069
846
1845
3913
4668
4117
2851
2451
2297
1855
2286
3098
3704
2575
937
464
1408
2525
1317
378
375
528
1251
684
-123
-588
-861
-423
271
389
-500
-1266
-1526
-1151
-737
-426
-651
-1574
112
1228
-457
-2184
-3541
-247
3423
2092
-549
-2941
-1981
816
2044
1932
299
-634
-450
-420
-80
898
1143
62
-1179
-1989
-946
-14
-1130
-1275
-1946
-2929
-1384
-473
-2229
-4378
-3901
-1642
-1334
-2546
-3084
-3460
-2725
-2064
-2847
-3282
-2309
650
805
-1706
-3714
-3956
20
3205
2514
-457
-1695
-95
1659
2392
1407
2277
3360
2983
2479
959
1990
4012
3685
3128
2545
2545
3036
1976
1046
2182
3591
3398
1714
-168
20
1788
2136
1335
420
335
711
-13
-283
-354
-38
642
-537
-935
-430
-754
-733
-1188
-1170
-559
-547
-698
-1086
-682
-339
-743
-929
-958
72
1164
789
-479
-1335
-422
1255
1800
900
-248
-445
-19
403
694
921
303
-817
-1205
-803
17
-280
-1018
-1952
-2438
-1266
-1325
-2567
-3234
-1675
-297
-2327
-4486
-4683
-2387
93
-368
-3398
-5756
-4321
86
3022
1467
-3401
-6957
-3148
2739
4828
2487
-2930
-3275
124
3454
4638
2029
317
491
2033
3476
3881
3460
1936
1556
1995
3458
4705
3027
1160
373
1401
3292
3623
2874
409
-830
617
1718
2159
1570
50
-612
-317
97
621
472
-368
-933
-979
-470
-152
-466
-1003
-1226
-838
-271
-147
-510
-1077
-1444
-1081
-61
764
509
-574
-1222
-724
449
1172
835
-66
-407
-90
285
494
292
-69
-114
-28
-495
-1123
-1028
-297
-445
-1497
-1617
-1778
-1978
-2000
-2153
-1806
-2185
-1912
-1880
-3597
-3623
-2397
-1241
-1368
-3110
-3243
-2359
-983
49
-1276
-2482
-1903
-69
1302
439
-1000
-268
1480
1973
1796
844
665
2599
3607
2728
1386
1044
2626
3508
2963
3184
2874
1852
1377
1343
2715
3637
2222
849
384
760
1920
1877
719
25
-4
514
728
231
-176
-335
-359
-183
-88
-237
-682
-1215
-1167
-624
-238
-359
-1287
-1834
-757
416
348
-804
-2046
-1011
1363
1449
-20
-992
-926
400
1423
1072
133
-513
-364
262
459
540
382
-373
-1170
-1525
-279
347
-640
-1709
-2848
-2186
-1031
-875
-1467
-2788
-3186
-3204
-2111
-450
-1614
-2908
-2737
-3745
-3127
-848
221
377
-1724
-3837
-3272
-138
3249
2322
-1296
-2828
-608
2963
3892
1437
-526
959
2958
3404
2877
1849
1701
2465
2935
3131
3130
2685
1937
1195
1579
2943
3329
2217
800
368
982
1618
1621
1084
419
114
231
335
205
34
52
-153
-485
-437
-366
-640
-1077
-1002
-569
-428
-873
-1141
-911
-641
-600
-1122
-678
-151
29
-75
-1122
-909
-217
767
965
-234
-464
-358
150
414
287
345
-40
-499
-810
-829
-630
-335
-333
-860
-1742
-2224
-1702
-1076
-1231
-1876
-1985
-1934
-2189
-2155
-2096
-2230
-1539
-908
-2449
-4035
-2960
-31
1469
-207
-3279
-3912
-697
2118
2440
301
-1572
-1017
1004
3076
2135
1101
901
1676
3106
2629
2638
2230
2049
2113
2316
3488
3282
2357
1190
1093
2160
2754
2368
1329
668
529
1152
1441
1088
796
327
47
232
260
-39
-224
-294
-187
-161
-483
-837
-803
-407
-348
-671
-938
-937
-416
-99
-626
-1078
-917
-161
690
347
-729
-968
-306
687
1074
258
-504
-313
115
115
35
338
468
-112
-930
-1144
-611
-1
-204
-1055
-1738
-1811
-1377
-1340
-1409
-1854
-2499
-1980
-1523
-1438
-2048
-3358
-2792
-892
-303
-1841
-3689
-3105
-717
998
588
-1835
-3068
-1496
899
2697
1841
-573
-777
325
1357
2632
3121
2654
1586
557
1514
3105
3577
2792
1216
1194
2397
3596
2968
1150
733
1433
2645
2455
1575
785
314
637
854
1440
1232
471
-360
-734
58
540
618
-159
-937
-761
-402
52
-278
-745
-726
-711
-537
-853
-918
-659
-746
-520
-216
-50
-450
-889
-541
37
412
352
-28
-378
-347
-67
222
278
54
-296
-576
-497
-365
-408
-623
-707
-825
-1210
-1637
-1650
-1395
-1459
-1427
-1823
-2345
-2813
-2303
-732
-921
-2305
-3390
-2735
-1937
-1795
-818
-541
-444
-1841
-2961
-1055
947
1838
335
-1842
-984
1444
3069
2453
-189
-545
1583
3501
4038
1916
601
1166
2271
3670
3497
2694
1710
883
1384
2524
3222
2547
1006
220
974
2031
1983
917
64
379
1058
1184
747
21
-410
-165
188
377
291
-451
-1021
-954
-785
-246
415
210
-716
-1635
-1694
-479
704
534
-565
-1341
-924
180
687
460
-29
-434
-256
97
248
433
151
-380
-287
-119
-185
-380
-791
-850
-738
-842
-859
-1107
-1840
-2045
-1672
-924
-1270
-2258
-2601
-2652
-1931
-893
-1381
-2355
-2428
-2265
-2294
-2413
-505
-624
-489
-1521
-2056
-1427
112
1028
70
-798
135
1335
1529
986
402
883
2552
3432
2831
1030
306
1711
3374
3696
2933
1953
1305
1246
2007
2827
2598
1752
1095
762
1016
1551
1559
925
310
438
1138
1253
434
-419
-530
140
706
468
-68
-663
-1054
-681
-336
-368
-147
-195
-739
-1164
-1043
-267
99
-425
-745
-481
57
230
-308
-508
-12
484
710
332
-381
-536
-122
255
253
70
-236
-874
-1248
-886
-358
-252
-778
-1647
-2003
-1715
-1333
-1147
-1411
-1928
-2183
-2357
-2412
-1809
-1166
-1040
-1811
-3172
-3047
-1681
-571
37
-560
-2111
-2486
-1413
625
1887
68
-1303
-851
593
2101
1643
1114
778
1572
2996
2620
1739
1434
2207
2697
2526
2532
2493
2462
1923
1504
1619
2232
2793
2055
973
406
1015
1760
1226
616
246
700
797
201
63
-9
289
208
79
-211
-553
-530
-693
-512
-754
-373
331
-443
-1211
-1716
-1196
429
645
-83
-938
-1309
-220
390
411
397
-49
-9
-146
-338
103
381
291
-166
-672
-525
-186
-509
-844
-958
-873
-412
-971
-1962
-2058
-1800
-1073
-935
-1812
-2266
-2316
-2228
-1807
-1302
-1496
-2202
-2846
-3002
-2575
-1309
367
-516
-2407
-2605
-1687
192
879
15
-639
-361
1004
1760
1134
333
448
1829
3047
2591
1597
1399
1593
2242
2893
2941
2623
1759
1446
1659
2175
2555
1970
1383
858
1260
1594
1250
868
412
967
1220
985
270
-394
28
498
782
257
-445
-614
-549
-366
-272
-91
-48
-298
-855
-1271
-956
-125
347
-114
-817
-980
-658
-181
121
210
92
-93
-278
-216
131
319
417
42
-151
-122
-185
-133
-658
-728
-443
-236
-405
-1254
-1662
-1597
-1072
-892
-1218
-1666
-2152
-1972
-1429
-1497
-1981
-1591
-1534
-1852
-1870
-2867
-2923
-1459
87
918
-1081
-3662
-2830
246
2326
1254
-822
-1064
11
1762
2312
1411
677
874
2308
3037
2612
1702
1005
1612
2777
3615
2953
1191
358
1103
2463
2921
2168
920
255
669
1556
1800
1131
374
142
428
709
553
80
-209
-87
103
41
-167
-354
-587
-791
-698
-349
-167
-397
-790
-964
-804
-485
-229
-213
-480
-770
-725
-371
-66
43
41
-67
-190
-135
32
139
126
47
-66
-185
-322
-429
-439
-443
-524
-636
-690
-1039
-1429
-1454
-1332
-1075
-1149
-1585
-2056
-2089
-1353
-1004
-1673
-2615
-2033
-1530
-1461
-2428
-2908
-971
562
186
-2844
-3122
-1464
1649
1808
67
-1762
-1480
1670
2756
2142
226
-145
1294
2977
3090
2126
1029
1153
1930
2948
3121
2393
1241
674
1348
2530
2883
1991
720
278
878
1474
1363
975
469
367
666
546
254
171
-11
126
289
-114
-471
-547
-422
-124
-98
-317
-444
-501
-677
-859
-564
-52
45
-347
-1047
-1022
11
497
116
-289
-364
109
343
-113
-131
344
359
-67
-439
-364
-53
-113
-502
-765
-689
-462
-460
-868
-1288
-1359
-1120
-965
-1319
-1761
-1926
-1620
-1249
-1726
-2600
-2049
-704
-897
-2226
-3286
-2278
-333
613
432
-1634
-3244
-2480
359
2381
1685
-276
-1933
-842
1389
2590
2264
837
533
1302
2381
2518
1858
1696
1799
2063
2385
2407
1643
1015
1319
1744
2163
1895
1226
810
549
1017
1190
1007
720
396
502
273
103
142
309
393
-154
-634
-635
-286
25
-191
-732
-811
-512
-392
-529
-870
-910
-495
-195
-299
-596
-729
-449
-18
123
11
-148
-142
88
132
107
169
-35
-222
-290
-219
12
-176
-802
-915
-627
-293
-281
-1262
-1754
-1526
-901
-540
-1384
-1972
-2240
-1738
-904
-1015
-1581
-2158
-1772
-1564
-2008
-2052
-1369
-128
-244
-899
-1833
-2384
-38
1330
693
-240
-1181
110
1600
1865
1554
626
671
1878
2718
2364
1523
1235
1771
2454
2850
2632
1677
963
1048
1797
2565
2466
1408
346
320
1176
1783
1418
528
42
286
673
578
176
2
176
292
38
-372
-529
-384
-249
-287
-372
-385
-418
-576
-783
-852
-662
-285
-36
-222
-704
-866
-374
313
469
18
-408
-369
-30
266
407
364
41
-425
-606
-223
254
172
-606
-1187
-868
-235
-105
-828
-1594
-1622
-962
-662
-1134
-1884
-1996
-1217
-1156
-1511
-2372
-2414
-928
-217
-935
-3573
-3977
-783
1910
1520
-2179
-4401
-2762
1312
3752
1400
-1903
-2537
-433
2648
3593
1798
36
-255
1035
3230
3688
2178
771
472
1845
3603
3402
1517
-212
216
2395
3507
2645
379
-1054
-15
1789
2497
1556
-94
-820
-163
699
973
631
-165
-612
-606
-152
165
-139
-565
-961
-779
-158
37
-508
-1284
-1299
-438
434
285
-693
-1365
-1086
-42
662
522
-79
-587
-404
-61
133
466
489
180
-395
-635
-81
300
210
-390
-969
-825
-372
-220
-714
-1253
-1333
-1038
-861
-1043
-1550
-1884
-1541
-1283
-1167
-1475
-1879
-2062
-2174
-1274
-796
-1270
-1711
-1641
-456
-268
-1095
-1156
-675
499
806
219
219
341
668
1104
1465
1913
2106
1483
1041
1287
2126
2935
2431
1741
1245
1603
2173
1832
1535
1462
1905
1729
1209
770
612
1219
1168
878
581
465
495
123
16
116
467
418
-356
-872
-884
-275
62
-315
-738
-1073
-774
-480
-596
-652
-863
-677
-219
-309
-578
-799
-792
-13
376
178
-140
-619
-291
124
374
515
181
-122
-371
-257
127
237
-267
-850
-851
-422
-113
-551
-1238
-1463
-1199
-940
-898
-1174
-1687
-1821
-1660
-1170
-1021
-1621
-2033
-2307
-1698
-1163
-1587
-1322
-1491
-1129
-54
-844
-1870
-1368
366
1194
383
-152
153
763
707
769
1734
2498
2313
978
265
1385
2958
3480
2112
703
1048
2033
2518
1982
1268
1301
1544
1549
1104
776
1017
1089
874
708
646
633
361
-115
-78
499
642
45
-734
-998
-368
230
-136
-606
-929
-735
-118
-523
-854
-696
-338
98
-470
-926
-815
-315
515
433
-253
-547
-405
31
221
61
173
196
-67
-349
-521
-70
377
-114
-828
-894
-576
-362
-607
-1181
-1263
-1018
-1012
-1246
-1707
-1623
-1282
-1267
-1376
-1762
-1463
-1263
-2175
-2718
-2121
-742
37
-626
-1768
-2271
-1736
-37
1059
358
-430
-796
143
1717
1524
858
453
889
2427
2626
1722
868
921
2420
3139
2576
1844
1155
1100
1666
2129
2418
2069
1016
438
536
1224
1875
1361
374
-5
381
802
538
-51
-275
30
234
126
-329
-857
-617
-251
-106
-370
-938
-861
-651
-508
-345
-481
-721
-647
-540
-471
-303
-378
-185
-91
-174
-165
-251
-97
53
123
124
129
2
-124
-182
-145
-28
-387
-616
-657
-475
-351
-727
-932
-1125
-1077
-986
-1055
-1111
-1439
-1575
-1532
-1280
-1294
-1812
-1842
-1778
-1432
-1432
-2083
-1385
-580
-418
-611
-1788
-1753
-55
1062
1110
162
-829
-138
1313
1989
1598
1245
1698
1879
1740
1500
1689
2214
2363
2172
2046
2132
1570
1194
1254
1822
2590
1915
690
101
746
1704
1686
841
20
214
648
661
252
-82
55
209
60
-357
-605
-451
-317
-480
-409
-543
-672
-495
-836
-794
-291
-73
-270
-776
-867
-356
294
340
-188
-524
-215
141
161
208
43
31
248
47
-197
-123
-48
-53
-294
-702
-656
-372
-320
-802
-1265
-1145
-872
-869
-1310
-1565
-1671
-1399
-1219
-1459
-1621
-1774
-1463
-1713
-1826
-1963
-2058
-822
-163
-451
-1579
-2161
-1331
283
1246
264
-610
-465
759
1452
1149
980
1097
1969
2068
1459
1246
1585
2328
2577
2143
1754
1749
1700
1650
1632
1903
2030
1633
1085
697
924
1190
1209
793
491
631
426
194
-21
179
457
32
-277
-527
-565
-234
-284
-490
-643
-721
-637
-588
-693
-799
-666
-456
-390
-695
-715
-436
-256
84
-91
-286
-150
-117
-32
63
209
329
127
-253
-214
-124
97
197
-456
-857
-814
-434
-123
-537
-1251
-1498
-970
-614
-1018
-1569
-1634
-1390
-1269
-1332
-1459
-1471
-1603
-2079
-2070
-1673
-1040
-477
-564
-1031
-1753
-1625
-574
902
889
2
-497
226
1172
1259
1081
901
1810
2425
1944
1148
1003
2072
3181
2983
1778
954
1388
2125
2412
1909
1666
1485
1201
1164
948
1162
1227
946
647
665
1004
576
-148
-289
270
778
596
-259
-937
-675
-227
-132
-295
-413
-434
-526
-806
-975
-750
-278
-3
-377
-877
-1042
-459
187
163
-134
-442
-215
-197
-278
-149
92
341
-99
-394
-466
-197
-14
-393
-658
-725
-514
-523
-697
-1087
-1213
-958
-985
-936
-1328
-1690
-1530
-1348
-1094
-1294
-1792
-1829
-1636
-1391
-1700
-2111
-1439
-309
-95
-1002
-2333
-2090
506
1823
1081
-857
-1503
101
2080
2172
882
583
1504
2450
1974
1504
1662
2114
2395
2027
1980
2180
1868
1512
1184
1741
2467
2117
906
120
529
1378
1740
937
130
127
404
558
202
59
144
26
-96
-339
-363
-192
-572
-895
-564
-112
49
-700
-1672
-1315
-177
518
61
-1106
-1465
-893
103
710
234
-450
-625
-274
161
261
293
280
78
-254
-356
-111
70
-77
-672
-871
-569
-346
-456
-1174
-1404
-1062
-688
-709
-1389
-1984
-1806
-1112
-972
-1127
-1815
-2057
-1553
-1416
-1766
-2462
-1473
-70
234
-1119
-2941
-2031
167
1648
1178
-383
-1229
-270
1477
2105
1832
878
1183
1793
1713
1792
1999
2247
1843
1891
2059
2222
2058
1328
1199
1359
2178
2446
1303
189
90
1029
1790
1430
527
101
33
161
380
404
253
15
-222
-437
-488
-381
-320
-714
-989
-464
84
-104
-1151
-1755
-872
362
770
-165
-1378
-1345
-425
605
735
-75
-672
-609
-125
248
468
462
155
-366
-551
-231
8
6
-589
-1015
-716
-299
-354
-1142
-1675
-1300
-606
-672
-1381
-1851
-1792
-1418
-1329
-1348
-1587
-1960
-1850
-1574
-1499
-1925
-2043
-1072
-177
155
-885
-2990
-2125
1044
2347
1201
-1134
-1602
455
2098
2053
1351
1156
1263
1311
1507
2294
2763
2087
1365
1343
2233
2786
1952
903
819
2038
2962
2170
521
-322
623
1792
1850
1007
29
-187
-50
337
609
489
180
-392
-639
-370
203
189
-652
-1108
-615
290
357
-813
-1722
-1122
162
702
-62
-1286
-1418
-444
479
566
-24
-487
-425
-87
159
212
298
276
-99
-416
-319
44
146
-307
-706
-723
-564
-291
-530
-1301
-1503
-1061
-763
-1027
-1450
-1531
-1472
-1386
-1322
-1523
-1626
-1561
-1696
-1845
-2168
-1616
-89
6
-1449
-2495
-1796
97
1517
767
-949
-1407
-319
2058
2453
734
-156
648
2599
3097
1744
399
812
2349
3167
2657
1773
1341
813
1233
2054
2622
2369
790
29
384
1473
2083
1122
59
-19
506
774
413
-234
-279
155
387
-13
-573
-602
-380
-292
-456
-543
-557
-39
-182
-1209
-1235
-706
267
443
-499
-1113
-1157
-341
427
396
-62
-222
-349
-356
-116
63
583
456
-271
-780
-642
119
247
-380
-854
-676
-352
-444
-1058
-1456
-1074
-716
-736
-1229
-1874
-1616
-856
-910
-1571
-1886
-1679
-1327
-1453
-1985
-2063
-1429
-394
158
-780
-2304
-2242
-223
1541
1094
-450
-861
-80
989
1601
1367
1313
1617
1677
1492
1327
1985
2643
2255
1603
1594
2264
2228
1366
1106
1616
2376
2258
1082
203
427
1467
1820
998
194
140
513
502
143
112
362
395
-8
-558
-587
-232
-144
-299
-542
-447
-134
-464
-951
-912
-624
-166
-32
-409
-666
-652
-318
161
204
9
-162
-264
-64
-16
-62
184
252
-60
-291
-197
-58
-6
-397
-770
-675
-424
-161
-705
-1341
-1284
-920
-686
-1028
-1480
-1631
-1403
-1323
-1425
-1616
-1736
-1493
-1463
-1989
-2457
-1436
-99
61
-955
-2423
-2037
-231
1246
1214
-379
-1260
-375
1171
1547
1071
1365
1729
1386
996
1158
2079
2743
2396
1625
1196
1702
2292
2145
1383
983
1754
2150
1570
733
450
965
1297
1153
773
562
356
53
-66
304
768
435
-334
-955
-667
23
206
-218
-1036
-1009
-426
-70
-237
-995
-1212
-626
-194
-111
-379
-815
-647
-344
21
198
-100
-64
-149
-235
-63
151
384
142
-304
-350
-22
51
-237
-586
-639
-308
-266
-567
-1009
-1381
-1066
-537
-748
-1226
-1472
-1633
-1363
-1041
-1175
-1429
-1889
-2021
-1713
-1849
-1676
-838
-363
-538
-1488
-2332
-1311
632
1288
468
-777
-836
359
1292
1653
1127
898
1808
1762
1411
1532
1864
2513
2194
1662
1820
2068
1827
1375
1458
2000
2264
1412
596
457
918
1756
1428
465
183
391
719
636
151
79
164
94
6
-254
-294
-374
-562
-575
-600
-356
-118
-515
-1128
-1048
-384
183
65
-741
-1139
-750
30
550
142
-477
-476
-161
126
136
58
256
86
-378
-423
-55
289
-17
-649
-847
-594
-312
-295
-859
-1359
-1099
-939
-884
-1004
-1465
-1623
-1594
-1379
-1273
-1533
-1800
-1888
-1667
-1851
-2015
-1105
-320
-649
-1676
-2215
-1302
448
987
130
-793
-905
655
1673
1462
826
563
1861
2140
1385
1205
1680
2267
2263
1872
1614
2062
1870
1443
1266
1509
2260
1976
1037
236
514
1333
1574
1016
311
434
382
243
242
386
538
76
-275
-470
-388
24
-99
-455
-697
-761
-515
-320
-274
-441
-689
-786
-742
-376
0
-182
-663
-670
-188
231
259
-66
-353
-272
128
440
289
-59
-120
-94
-97
-71
-239
-404
-496
-602
-458
-384
-776
-1151
-1078
-923
-885
-1154
-1403
-1575
-1522
-1225
-1265
-1561
-1820
-1484
-1420
-1900
-2176
-913
110
-131
-1689
-2586
-1483
570
1451
742
-585
-949
357
1306
1639
1203
1244
1713
1460
968
1371
2421
2793
2061
1300
1391
2299
2313
1592
1081
1450
2211
1879
957
408
685
1261
1306
937
556
419
319
169
109
367
587
266
-472
-863
-480
86
16
-642
-857
-513
-98
-343
-1061
-1155
-698
20
102
-518
-1001
-1010
-305
267
224
-204
-593
-482
-88
245
338
203
-91
-360
-320
-37
44
-192
-468
-705
-746
-497
-289
-572
-1296
-1504
-1030
-779
-1012
-1460
-1666
-1467
-1212
-1325
-1585
-1725
-1810
-1591
-1793
-2142
-1276
-194
-134
-1399
-2676
-1744
259
1284
769
-676
-1151
-29
1448
1792
1129
799
1320
1761
1471
1431
2141
2469
1799
1451
1843
2306
2198
1447
1165
1498
2153
2164
1125
381
575
1374
1536
866
423
464
510
321
264
373
346
117
-148
-395
-458
-205
-34
-273
-678
-719
-475
-389
-549
-654
-665
-646
-502
-328
-228
-443
-471
-206
0
199
127
21
-160
-157
112
235
351
71
-166
-29
-65
-101
-169
-435
-681
-590
-281
-252
-728
-1369
-1223
-787
-850
-1261
-1665
-1545
-1323
-1346
-1382
-1666
-1776
-1637
-1715
-1979
-1935
-787
78
-435
-2067
-2406
-1117
1026
1619
470
-938
-1189
325
1712
1961
1219
847
1551
1489
1177
1641
2239
2430
1868
1474
1596
2036
2165
1563
1188
1469
2162
1889
971
257
734
1395
1497
894
424
407
322
200
257
288
414
67
-330
-736
-516
-68
-123
-407
-804
-438
-117
-448
-1232
-1156
-413
473
133
-1065
-1463
-894
154
740
154
-399
-651
-322
198
356
396
311
-197
-511
-284
20
321
-59
-557
-701
-805
-365
-282
-826
-1259
-1209
-784
-667
-1282
-1692
-1458
-1335
-1266
-1346
-1686
-1650
-1519
-1494
-1856
-2232
-1224
-104
-17
-1581
-2478
-1601
284
1147
433
-465
-861
256
1286
1319
1011
1147
1797
1929
1131
1049
1968
2706
2523
1822
1367
1642
2056
1956
1708
1667
1837
1813
1292
835
922
1269
1239
821
633
761
564
62
-81
294
639
485
-80
-624
-708
-304
94
-6
-532
-899
-678
-234
-217
-631
-930
-760
-323
-23
-117
-554
-792
-415
174
348
50
-270
-336
-207
190
523
306
-116
-377
-322
127
251
-237
-682
-827
-511
-179
-463
-1021
-1419
-1270
-735
-686
-1365
-1839
-1712
-1372
-1121
-1420
-1679
-1710
-1899
-1872
-1927
-1673
-756
-300
-654
-1715
-2483
-1240
847
1490
460
-1059
-1111
436
1691
1900
1161
673
1296
1641
1553
1706
2031
2317
1970
1499
1771
2177
1912
1390
1220
1700
2357
1877
767
286
633
1566
1706
779
189
214
399
380
210
327
519
159
-456
-780
-596
30
-16
-496
-647
-837
-619
-508
-826
-525
-256
-423
-481
-724
-787
-498
-249
134
111
-328
-378
-355
-123
228
212
302
88
-376
-370
-136
213
222
-393
-875
-648
-219
-257
-661
-1086
-1033
-882
-1012
-989
-1264
-1564
-1503
-1337
-1203
-1589
-1798
-1596
-1505
-1684
-2029
-1648
-633
-88
-684
-1843
-2234
-1019
887
1384
348
-668
-591
408
1328
1703
1558
1413
1627
1431
1017
1525
2619
2903
2118
1248
1446
2117
2088
1842
1506
1740
1916
1366
1026
548
854
1373
1155
820
449
440
320
101
123
441
509
63
-428
-651
-327
-4
-63
-573
-848
-778
-500
-457
-778
-485
-512
-578
-736
-1079
-516
-6
191
-187
-795
-531
240
619
213
-252
-130
263
187
-105
-25
188
144
-257
-596
-531
-278
-206
-435
-1007
-1274
-903
-682
-837
-1286
-1599
-1385
-1237
-1390
-1387
-1654
-1903
-1605
-1735
-1971
-2142
-1414
-17
-226
-1330
-2378
-2012
-89
1335
1308
-175
-1213
-482
1096
1751
1416
1155
1348
1606
1191
1142
2036
2625
2218
1561
1258
1671
2317
1997
1439
1200
1540
2097
1671
852
467
790
1291
1216
825
484
256
92
226
493
522
292
-328
-752
-688
-235
253
-236
-865
-894
-707
-317
-488
-867
-631
-501
-508
-480
-681
-556
-334
-177
89
-93
-182
-91
-144
25
299
411
265
-56
-292
-84
227
282
-17
-622
-670
-257
-133
-342
-816
-1147
-884
-675
-924
-1301
-1581
-1393
-1189
-1228
-1448
-1731
-1745
-1635
-1420
-1792
-2101
-1259
-266
-113
-1218
-2446
-1949
114
1569
965
-652
-1374
-208
1667
2170
1252
584
1040
1731
1846
1633
1677
1992
2037
1932
1780
1814
1908
1568
1351
1585
2147
2019
970
252
440
1478
1891
1037
190
-15
323
626
512
213
90
42
-212
-427
-545
-398
-178
-306
-500
-842
-798
-333
-423
-535
-619
-846
-587
-470
-583
-403
-428
-364
-52
2
101
-29
-342
-182
14
270
370
-70
-280
-295
-161
116
-1
-350
-665
-728
-402
-289
-810
-1233
-1231
-946
-683
-1183
-1590
-1385
-1388
-1315
-1334
-1531
-1546
-1805
-2015
-2036
-1841
-867
106
-395
-1779
-2622
-1679
926
1874
470
-1156
-1415
313
1914
1983
1222
747
1157
1751
1632
1562
2130
2129
1819
1660
1663
2141
1965
1355
1322
1602
2052
1900
1011
383
495
1208
1613
1127
360
116
139
224
352
365
407
132
-387
-714
-592
-169
90
-233
-598
-495
-708
-826
-851
-632
107
-21
-748
-1022
-707
-166
267
157
-219
-404
-392
68
139
61
194
72
27
-73
-117
68
150
-117
-396
-475
-418
-265
-477
-791
-884
-906
-774
-836
-1109
-1210
-1390
-1532
-1323
-1165
-1290
-1619
-1827
-1626
-1674
-2004
-1540
-470
29
-802
-2325
-2422
-362
1538
1359
-333
-1718
-574
1647
2050
1165
341
883
2051
2006
1271
1102
1781
2460
2332
1667
1467
1644
1605
1505
1524
1937
2047
1197
377
397
1171
1770
1333
369
-25
267
469
412
149
166
335
-26
-464
-814
-546
16
23
-388
-930
-922
-440
-174
-640
-1105
-865
-153
107
-540
-892
-853
-335
302
212
-105
-278
-244
-77
208
294
333
157
-205
-212
-38
311
75
-499
-686
-563
-140
-176
-833
-1350
-1118
-587
-544
-1087
-1664
-1592
-1249
-1122
-1273
-1637
-1724
-1610
-1582
-1902
-2127
-1255
-139
-141
-1312
-2409
-1907
253
1583
703
-647
-1330
-188
1601
1997
1515
719
946
1604
1559
1589
1863
2190
2079
1716
1678
1886
1899
1510
1341
1550
2122
2083
956
379
517
1291
1755
1050
332
30
331
487
338
288
307
243
-191
-484
-670
-428
131
198
-460
-1187
-1241
-554
343
48
-782
-1312
-1239
-231
455
128
-807
-1155
-441
501
559
-24
-425
-459
97
339
337
289
-167
-350
-136
218
219
-288
-792
-745
-250
-83
-407
-991
-1323
-1086
-660
-640
-1254
-1796
-1547
-1167
-1247
-1621
-1671
-1421
-1428
-2116
-2278
-1007
116
-22
-1588
-2748
-1828
815
1846
621
-1238
-1377
350
1896
1831
926
487
1113
1933
1845
1349
1451
1904
2093
1880
1665
1658
1617
1342
1230
1690
2161
1671
568
119
639
1463
1736
837
-92
10
504
610
332
27
73
201
-50
-448
-706
-547
-77
-134
-554
-772
-1049
-409
-353
-457
-656
-684
-522
-449
-424
-478
-343
-277
-21
-78
-285
-60
-121
8
76
68
215
86
-188
-241
95
357
186
-321
-717
-474
-72
-29
-659
-1235
-963
-691
-733
-1141
-1404
-1286
-1284
-1267
-1357
-1433
-1487
-1418
-1515
-1894
-1967
-1235
-144
-122
-1139
-2445
-2099
202
1656
954
-906
-1592
-156
1809
2173
1227
399
632
1700
1825
1620
1839
1902
1769
1448
1509
1983
2104
1543
1070
1249
1911
2209
1291
248
213
1032
1740
1297
361
49
168
378
543
524
329
-70
-367
-454
-441
-182
-97
-359
-677
-940
-597
-62
-414
-988
-947
-467
75
-60
-766
-1025
-565
128
369
15
-338
-360
-112
118
169
298
363
66
-321
-291
262
520
34
-525
-766
-522
-84
-281
-755
-875
-875
-784
-816
-1175
-1286
-1216
-1223
-1284
-1503
-1659
-1478
-1274
-1616
-2052
-2029
-1158
-169
-318
-1287
-2299
-1733
226
1341
687
-838
-1236
-21
1527
1915
1180
315
561
1649
1918
1725
1479
1457
1679
1730
1860
1891
1654
1197
1092
1595
2080
1830
928
270
343
1229
1862
1203
149
-140
200
604
658
391
127
-182
-346
-402
-373
-204
-222
-384
-688
-831
-701
-474
-312
-492
-742
-776
-540
-268
-165
-373
-586
-457
-241
39
169
105
-120
-221
93
304
306
217
71
-34
-7
162
209
-42
-448
-557
-278
-88
-320
-754
-987
-1010
-792
-641
-811
-1193
-1281
-1222
-1253
-1334
-1398
-1381
-1445
-1663
-1963
-1695
-1010
-166
-563
-1356
-2249
-1398
367
1453
680
-707
-1170
8
1701
1816
937
395
964
1710
1701
1292
1618
1968
2072
1553
1116
1658
1995
1663
1190
1282
1536
1678
972
533
692
1208
1278
719
149
170
441
473
307
173
83
13
-377
-541
-401
-213
-140
-595
-734
-520
-502
-553
-870
-815
-254
-97
-541
-921
-813
-273
233
37
-333
-471
-309
199
79
-55
147
145
181
-74
-89
166
320
226
-135
-392
-431
-90
-149
-379
-581
-801
-625
-811
-1014
-941
-924
-1002
-1244
-1295
-1332
-1436
-1345
-1243
-1405
-1742
-1840
-1615
-811
-184
-569
-1258
-1899
-1331
378
1264
624
-745
-1032
310
1645
1519
863
521
918
1827
1761
1293
1235
1544
1785
1688
1686
1605
1391
1147
1184
1623
1933
1495
563
248
713
1408
1503
589
-174
6
551
720
462
115
-135
-202
-316
-246
-195
-318
-402
-678
-488
-192
-328
-778
-1193
-743
134
435
-336
-1265
-1255
-206
716
509
-319
-1005
-568
198
393
330
148
94
-176
-299
53
448
549
175
-334
-520
-236
88
-27
-451
-602
-456
-535
-855
-998
-754
-551
-742
-1171
-1521
-1487
-1176
-1022
-1163
-1506
-1761
-1680
-1576
-1081
-252
-243
-1025
-1829
-1640
-71
1374
920
-551
-1112
-181
1520
1804
885
415
754
1675
1746
1215
1242
1586
1891
1756
1330
1298
1538
1474
1297
1293
1464
1482
997
492
517
927
1188
894
239
-12
178
451
544
161
-153
-143
-163
-306
-409
-414
-241
-124
-589
-810
-626
-507
-191
-392
-818
-714
-607
-301
-96
-446
-482
-308
-178
91
-83
-184
132
-25
-88
84
59
241
174
7
7
-20
88
39
-254
-309
-163
-301
-298
-547
-858
-769
-879
-719
-561
-881
-1144
-1280
-1253
-1159
-1135
-1084
-1153
-1410
-1822
-1559
-1076
48
-77
-1098
-1660
-1631
-163
1280
1112
-359
-1043
-520
1134
1919
1353
864
568
992
1560
1504
1695
1707
1390
1315
1320
1521
1757
1476
972
977
1482
1676
1081
249
225
821
1296
1194
292
-342
-37
372
537
258
-121
-264
-303
-331
-240
-278
-364
-402
-682
-469
-390
-377
-566
-625
-613
-292
-204
-255
-368
-400
-263
-61
77
87
-18
-53
14
163
258
258
174
100
41
54
118
164
111
-64
-297
-408
-296
-108
-181
-528
-829
-801
-665
-650
-847
-951
-973
-1175
-1338
-1234
-1039
-1080
-1232
-1353
-1415
-1545
-1470
-1117
-22
-328
-1058
-1828
-1272
571
1347
554
-929
-929
194
1801
1675
792
346
617
1726
1648
1066
1083
1437
1627
1416
1074
1221
1422
1360
1166
1173
1152
1055
644
539
830
938
998
581
9
-68
198
469
261
29
-134
-59
-150
-441
-386
-406
-93
-17
-440
-685
-624
-378
-328
-353
-418
-341
-394
-519
-469
-152
160
-37
-202
-281
-24
163
149
175
12
144
124
-25
-158
-39
407
344
-55
-437
-433
-217
-169
-245
-380
-534
-691
-802
-895
-795
-653
-684
-1002
-1451
-1446
-1022
-798
-1094
-1315
-1271
-1321
-1328
-1301
-624
141
-405
-1185
-1553
-872
641
1181
536
-570
-843
242
1844
1741
665
280
637
1757
1531
1249
1400
1338
1502
1204
1282
1321
1478
1304
1002
1062
1072
1384
818
342
478
782
1113
570
10
-47
120
325
330
-19
-307
-271
-426
-372
-246
-434
-376
-446
-437
-348
-573
-502
-366
-264
-167
-343
-526
-352
-169
-17
159
-145
-230
-151
-88
253
284
177
103
-7
0
170
205
168
139
-81
-128
-153
-219
-165
-266
-393
-402
-546
-605
-663
-883
-772
-766
-775
-864
-1263
-1262
-1095
-942
-1007
-1155
-1247
-1334
-1364
-1294
-454
159
-312
-1333
-1901
-722
1034
1402
277
-1136
-912
669
2053
1714
434
-74
426
1792
1862
1311
913
1057
1332
1458
1493
1318
1080
809
896
1341
1367
1160
198
-16
646
1202
1274
244
-508
-233
451
725
280
-382
-529
-121
-43
-161
-372
-509
-366
-498
-649
-233
26
-289
-587
-751
-466
135
157
-248
-459
-459
-74
328
160
13
-142
-73
235
-17
71
428
286
93
-45
15
207
217
36
-182
-331
-318
-116
-243
-380
-386
-581
-591
-823
-793
-486
-704
-985
-1106
-1046
-925
-1033
-1149
-1177
-1014
-934
-978
-1181
-1216
-252
-151
-475
-1152
-1234
70
994
625
-150
-419
-69
1036
1176
940
809
629
1167
1081
1013
1361
1720
1563
1010
631
1038
1714
1535
882
664
646
1124
1149
600
339
375
686
654
187
-66
77
121
-70
-64
-84
-125
-308
-533
-387
-270
-194
-325
-637
-703
-429
125
-220
-693
-694
-414
139
190
-275
-616
-243
25
389
140
-84
-17
109
262
216
97
395
276
-56
-101
192
357
167
-197
-479
-386
-192
-70
-268
-617
-579
-608
-752
-701
-658
-497
-692
-1246
-1065
-835
-544
-857
-1235
-1329
-1028
-928
-953
-901
-978
-171
-112
-644
-1196
-1194
247
1157
737
-241
-660
-261
1041
1566
1033
482
239
831
1434
1180
1217
1248
1191
1010
800
1047
1373
1125
631
699
846
1075
794
65
152
446
859
816
-61
-468
-152
282
385
74
-313
-376
-334
-359
-163
-215
-272
-296
-696
-647
-360
-28
184
-373
-852
-571
68
435
208
-375
-509
-127
377
707
254
-181
-37
116
439
568
272
194
114
7
183
284
283
42
-376
-311
-54
-44
-233
-542
-502
-333
-486
-704
-802
-752
-555
-486
-854
-1134
-1015
-780
-653
-873
-961
-984
-1097
-983
-987
-479
158
-255
-881
-1237
-840
468
1219
646
-510
-982
-137
1278
1657
1067
378
104
709
1135
1257
1440
1168
906
610
679
1308
1415
990
377
384
974
1224
726
-109
-69
451
919
683
-202
-428
-177
257
391
26
-323
-460
-391
-277
-190
-185
-236
-406
-516
-400
-148
-41
-227
-433
-341
-9
2
-175
-339
-143
280
266
101
-173
-101
262
396
398
119
-13
69
162
225
127
23
-43
-80
-129
-170
-191
-218
-302
-415
-425
-371
-374
-543
-698
-567
-358
-465
-791
-899
-726
-606
-618
-668
-749
-800
-770
-764
-909
-1020
-587
252
357
-541
-1520
-1222
385
1402
955
-299
-1050
-462
1087
1806
1071
168
-189
630
1304
1238
1146
754
629
701
1014
1152
796
493
427
771
949
778
260
-161
177
719
851
332
-430
-505
135
501
314
-110
-451
-341
-116
-65
-48
-145
-303
-274
-182
-225
-276
-228
-143
-42
78
21
-255
-359
-111
230
428
263
-145
-226
53
322
486
363
-12
-178
-45
196
272
96
-50
-172
-208
-74
-83
-205
-178
-243
-329
-271
-407
-549
-555
-445
-396
-457
-583
-829
-726
-555
-471
-565
-918
-987
-709
-350
-481
-832
-1057
-756
74
358
-206
-1125
-1026
79
881
749
-164
-761
-306
786
1335
940
153
-29
586
1101
1103
741
672
795
760
744
804
884
678
459
564
788
809
416
28
34
375
686
536
37
-329
-147
210
282
117
-148
-206
-240
-219
-133
-107
47
-10
-282
-459
-330
69
364
140
-323
-446
-280
179
325
14
-169
-209
-6
212
151
41
90
87
-15
-8
38
82
39
-55
-80
-164
-154
-144
-270
-238
-133
-157
-264
-357
-419
-298
-294
-462
-394
-455
-535
-614
-596
-370
-367
-537
-813
-787
-519
-298
-367
-646
-663
-715
-515
-63
105
-108
-594
-587
-58
483
571
44
-188
-22
335
751
824
554
214
393
680
902
1035
780
529
417
579
872
1063
720
342
385
483
809
636
149
58
228
517
414
12
-149
-35
104
215
56
-161
-162
-248
-127
91
17
-108
-230
-299
-136
31
92
74
-111
-207
-135
-36
60
90
4
-75
-97
-155
-109
-47
104
176
-142
-276
-186
-43
103
10
-147
-211
-182
-145
-157
-213
-182
-142
-253
-294
-258
-231
-284
-377
-362
-400
-281
-132
-432
-630
-474
-348
-281
-357
-611
-628
-389
-158
-190
-718
-640
-50
-41
-36
-133
-486
-342
200
465
278
-26
-57
165
378
520
449
414
473
397
325
490
783
718
548
384
304
603
733
572
349
168
311
634
600
247
5
1
279
441
141
-131
-118
-29
103
152
3
-136
-168
-144
-67
59
159
29
-245
-281
-34
134
26
-134
-143
-92
-75
-55
-42
-15
20
-37
-164
-155
26
122
52
-71
-169
-161
5
80
-86
-231
-261
-161
-79
-91
-205
-309
-172
-128
-194
-237
-301
-261
-258
-241
-310
-365
-268
-324
-212
-160
-434
-479
-394
-213
6
-38
-315
-630
-614
-156
376
306
-319
-759
-503
190
563
361
-170
-420
-189
311
756
607
-70
-228
290
661
740
338
150
361
483
651
575
485
258
288
448
368
443
334
348
199
81
222
218
236
86
106
140
-1
-5
131
238
101
-83
-167
-67
144
186
-78
-310
-152
114
142
-39
-179
-158
-46
51
64
-14
-144
-195
-101
7
14
-10
-30
-128
-213
-127
35
20
-178
-276
-160
-9
-2
-129
-243
-230
-151
-54
-125
-294
-238
-168
-189
-212
-203
-163
-199
-271
-185
-217
-260
55
-135
-408
-384
-252
268
226
-345
-712
-354
158
172
-46
-457
-362
-74
136
75
-288
-109
46
19
-52
-89
96
115
308
341
-4
-56
136
505
586
394
192
-43
202
570
616
367
38
6
284
637
614
189
-153
-40
322
479
287
-3
-39
122
256
249
113
-58
-92
86
194
4
-208
-99
104
115
16
-52
-102
-81
48
74
11
-35
-87
-172
-113
31
82
105
-90
-269
-278
-17
207
-57
-254
-330
-161
-42
-74
-56
-257
-167
-147
-293
-147
-108
-168
-88
-31
-75
-341
-616
-219
177
234
-16
-413
-419
-394
146
577
20
-431
-416
-319
-61
353
231
-223
-324
-122
151
102
-130
-231
-161
-1
62
61
13
-225
-310
97
331
16
-164
1
120
18
40
440
507
-33
-254
210
468
364
326
200
197
267
351
440
334
270
188
181
400
488
328
182
139
140
312
445
264
-47
-105
185
239
28
1
-87
-102
46
-46
-206
-160
-211
-214
-112
-227
-165
-211
-375
-281
-273
-170
-141
-193
-175
-354
-421
-165
-102
-54
54
-432
-575
-94
117
98
-33
-154
-147
25
108
78
31
-149
-222
125
512
191
-371
-415
139
640
192
-369
-295
-6
286
239
-98
-372
-249
92
140
99
-121
-327
-241
3
183
88
15
-312
-471
95
493
347
-79
-356
-189
263
481
178
-190
-307
70
554
430
36
-290
-191
322
550
332
-119
-259
61
395
490
235
-173
-384
55
585
464
-83
-330
-175
112
479
366
-297
-623
44
689
887
-169
-753
-544
30
583
590
90
-819
-714
-29
390
109
-317
-765
-379
276
174
-193
-434
-126
46
221
276
-124
-377
-206
436
441
-48
-361
-75
292
699
130
-648
-483
566
882
692
-255
-1010
-424
396
870
392
-347
-812
-521
30
386
68
-426
-820
-362
208
394
-28
-492
-323
7
429
133
-290
-301
-44
172
376
-109
-164
-137
71
267
92
-19
-136
51
138
77
-75
28
17
121
-86
-140
-14
6
-67
-37
-146
-105
138
49
-183
-93
-5
-4
27
22
-2
24
-21
51
235
244
57
-38
43
104
122
120
145
159
119
17
79
301
212
86
-43
-195
-54
207
239
-18
-63
-41
-12
79
-67
-82
-71
-79
29
-30
-84
-160
-198
104
231
-45
-206
-192
-111
117
257
-49
-223
-21
-33
48
178
-33
-223
-87
126
38
-51
-86
-19
160
-23
-126
-127
-143
177
234
-32
-294
-312
77
309
192
-220
-383
-59
180
198
-104
-290
-55
128
151
50
-72
-120
-133
45
203
76
-147
-255
-96
149
224
95
-163
-210
7
96
36
56
-14
-123
-13
66
30
-80
-131
46
94
-23
-10
54
39
-12
-55
8
200
134
-118
-37
165
196
169
164
10
-174
24
229
205
128
-9
-62
0
149
177
27
-5
-56
-42
146
157
-24
-148
-78
86
127
72
-56
-135
-122
42
232
16
-202
-130
1
68
13
47
-42
-163
-43
33
47
71
38
-117
-143
60
91
-17
-25
-90
-53
143
87
-127
-212
-84
87
154
11
-337
-279
26
151
107
-176
-294
-83
129
133
-28
-199
-232
12
171
0
-198
-179
56
130
5
-99
-234
-191
1
153
133
-152
-285
-162
82
265
93
-158
-240
-34
205
112
0
-19
-36
16
144
125
-23
20
143
113
50
24
4
109
171
84
3
-65
26
167
116
-29
-88
17
141
187
105
-54
-59
31
143
221
57
-103
-49
97
191
56
-82
-48
22
108
80
-84
-212
-97
186
180
-1
-90
-176
-62
214
281
46
-169
-101
8
32
86
63
-87
-114
35
75
-13
-73
-59
20
60
14
-39
-37
-6
1
6
15
-30
-69
-11
34
-26
-139
-185
-30
111
40
-94
-86
-13
-65
-49
-3
-71
-65
4
39
-97
-279
-134
59
-5
-76
-104
-139
-95
-9
31
-48
-117
-8
59
35
13
-16
-21
-86
-2
112
45
35
52
34
-6
58
109
15
16
42
21
27
103
103
32
66
107
49
-10
-2
44
100
44
-7
0
31
138
89
-44
-46
67
136
55
46
54
-37
-8
151
192
67
16
22
43
130
110
41
-24
-18
102
95
21
-11
4
32
-38
-91
-62
-11
24
-29
-103
-78
-58
-29
5
-53
-69
-44
-93
-120
-74
-10
-13
-103
-122
-74
-80
-88
-52
-4
-10
-72
-97
-112
-96
-3
21
-27
-47
-73
-82
-32
17
0
-76
-105
-59
-15
11
-18
-89
-69
6
26
26
-3
-56
-20
51
47
35
54
59
61
54
47
61
54
39
74
97
71
43
25
-8
8
89
100
28
10
44
43
22
35
32
46
73
49
21
1
2
27
109
127
22
-18
-25
18
110
80
24
55
81
50
33
56
35
20
56
24
4
15
-25
-36
-17
2
-10
12
2
-102
-106
-54
-6
17
-12
-78
-111
-38
4
-8
-37
-112
-147
-85
-11
-17
-78
-131
-96
9
44
-25
-78
-64
-26
17
7
-43
-62
-11
45
84
47
-125
-154
-14
99
99
16
-82
-148
-25
105
68
12
-68
-118
-38
86
77
-25
-37
-17
8
94
82
-29
-48
11
35
47
59
13
-8
35
53
43
38
7
-15
20
21
-8
24
25
6
38
38
-31
-4
81
15
-47
-37
-25
49
98
63
3
-35
-13
26
106
134
26
-41
-8
65
114
87
24
0
35
64
39
-3
-11
-2
28
34
25
7
-53
-43
37
91
39
-72
-84
-34
18
39
-12
-75
-85
-35
-45
-91
-77
-70
-54
-55
-65
-75
-67
-2
5
13
0
-43
-31
-4
41
80
37
-83
-87
35
51
22
-22
-83
-32
22
1
-30
-40
-62
-38
48
16
-60
-58
-51
-15
53
28
-65
-74
-24
7
12
-38
-60
36
101
24
-42
-35
25
142
157
27
-46
-14
46
129
141
33
-47
-19
66
131
94
-39
-84
17
91
61
3
-39
-32
34
64
34
9
6
0
14
46
37
-1
-10
16
46
43
3
5
47
41
10
9
6
-14
-15
0
-6
-24
-13
5
-10
-24
-28
-38
-39
-35
-47
-52
-48
-50
-44
-31
-33
-37
-16
10
3
-10
-4
-20
-39
4
51
52
10
-43
-45
9
51
39
-8
-56
-63
-20
43
33
-53
-69
6
40
24
5
-31
-34
10
14
-13
-10
-13
-22
11
42
14
-21
-16
3
23
16
-47
-79
-34
10
29
22
-41
-53
23
38
6
21
0
-20
43
60
17
30
35
22
77
82
-2
-10
38
48
74
69
-14
-27
47
70
79
83
7
-34
36
72
36
-1
-29
-17
32
31
-5
-8
4
-2
-4
6
-8
-27
-18
0
8
10
-9
-24
-9
-4
-20
-40
-47
-28
-18
-47
-79
-59
-18
-18
-27
-28
-58
-67
-31
-5
21
22
-29
-40
5
25
20
14
-5
-15
-6
-1
21
51
19
-37
-28
-3
-2
-6
-27
-41
-23
-18
-25
-15
-10
-24
-34
-28
-13
-2
-11
-25
-13
17
21
21
13
-5
17
40
13
-8
13
42
48
36
35
46
40
23
29
55
60
31
5
16
48
72
66
39
17
11
19
30
40
41
25
4
0
15
26
23
6
-11
-22
-17
-14
-12
-7
-13
-19
-7
-13
-32
-18
-11
-26
-5
10
-13
-4
2
-11
20
38
-5
-12
8
-14
-18
5
-11
-21
-7
-36
-47
-3
-12
-43
-20
-21
-37
-9
-21
-53
-20
0
-12
3
-17
-54
-9
37
18
13
-10
-52
-17
35
16
-3
-9
-45
-34
18
8
-31
-37
-41
-32
4
-3
-45
-39
-16
-10
11
10
-20
-12
23
27
17
5
1
30
58
43
21
11
11
38
64
61
33
6
8
30
46
49
46
38
15
2
30
57
76
82
41
5
23
47
61
55
22
6
21
44
53
21
-17
-22
4
33
25
-12
-45
-41
-6
10
5
1
-29
-52
-29
-12
-22
-24
-28
-33
-24
-22
-28
-19
-22
-37
-16
-2
-34
-44
-31
-32
-13
6
-16
-31
-30
-31
-10
15
1
-24
-24
-15
-6
9
-2
-21
-19
-17
-19
-5
-8
-29
-29
-21
-22
-27
-40
-46
-32
-21
-24
-24
-22
-20
-7
14
18
10
7
16
22
33
45
46
49
54
46
39
54
65
57
49
41
35
51
71
63
49
43
33
36
39
12
-4
12
21
13
15
7
1
17
26
5
-12
-20
-25
-5
16
1
-18
-19
-11
6
21
1
-29
-31
-23
-14
3
-5
-26
-16
-8
-13
-8
-31
-54
-30
-8
-7
-15
-42
-45
-2
22
12
-3
-26
-39
-13
7
4
7
1
-10
8
10
-11
4
20
1
-11
-22
-45
-25
10
1
-10
-7
-27
-27
5
-5
-30
-20
-30
-38
-3
2
-25
-9
-6
-23
15
24
-18
-8
8
-4
24
36
-1
3
27
20
37
51
16
6
36
36
28
38
24
14
46
60
47
49
39
26
50
51
15
10
19
16
29
34
10
8
26
31
30
16
-14
-17
6
18
17
8
-5
-5
2
2
7
-2
-25
-29
-25
-28
-17
-10
-12
6
9
-19
-23
-14
-12
16
24
-19
-34
-14
-2
24
37
-6
-40
-30
-29
-24
1
-10
-29
-20
-31
-48
-29
-23
-33
-19
-27
-55
-52
-38
-27
-1
6
-15
-27
-32
-31
-11
8
10
3
0
-3
3
18
29
22
3
-8
-4
0
8
19
17
23
36
26
15
19
14
24
47
40
23
28
35
50
68
58
30
27
31
34
37
27
14
25
40
29
6
-4
4
17
23
4
-26
-30
-7
10
5
-10
-28
-21
3
3
-13
-19
-20
-7
20
11
-19
-21
-8
4
22
18
-12
-22
-12
-5
14
20
-8
-22
-13
-6
11
18
-6
-23
-17
-11
-3
1
-17
-29
-17
2
1
-21
-46
-44
-24
-3
-8
-37
-52
-37
-17
4
0
-37
-48
-27
-17
-12
-12
-26
-20
1
-2
-14
-11
-7
1
13
-1
-23
-16
9
25
34
22
-10
-12
10
16
22
20
0
0
20
23
23
35
34
28
37
32
16
32
43
30
43
46
14
17
37
20
31
51
18
9
23
3
19
54
29
9
18
5
9
42
38
18
22
13
1
22
27
8
14
14
-8
-3
9
-4
0
12
-8
-17
-5
-17
-21
0
-10
-27
-12
-20
-30
-7
-7
-28
-21
-28
-45
-26
-13
-26
-22
-13
-31
-32
-12
-19
-31
-18
-21
-35
-21
-14
-22
-17
-14
-22
-16
-5
-15
-16
-7
-19
-23
-9
-20
-29
-12
-15
-21
-11
-17
-23
1
9
-1
4
0
-4
19
28
25
29
26
25
40
44
34
30
29
29
39
36
27
29
31
29
33
23
14
21
21
19
25
14
9
27
27
18
23
17
5
13
17
9
19
24
1
-3
6
-5
0
15
-3
-16
-8
-18
-19
-1
-10
-23
-14
-17
-26
-9
-6
-21
-8
0
-20
-20
-5
-9
0
12
-16
-26
-13
-19
-20
-2
-18
-41
-27
-20
-22
-4
-6
-26
-25
-24
-31
-18
-10
-18
-13
-2
-10
-11
-4
-6
0
8
-3
-11
-1
3
16
28
14
6
12
15
20
27
18
10
15
19
15
17
19
20
28
21
2
1
9
14
25
19
-1
-3
8
18
27
24
3
-6
8
10
13
22
11
10
27
23
11
18
18
16
22
10
-10
-3
10
14
18
5
-22
