-17
-17
14
-33
8
-15
-13
28
-14
12
31
-34
-38
-26
4
28
25
-7
-34
-10
-3
39
-6
17
-15
1
27
23
-22
-6
13
-20
18
7
-23
11
-13
-17
27
9
14
1
-3
-8
3
48
12
-7
-7
-32
13
35
3
-2
-2
-9
0
2
3
14
14
-5
-5
1
-1
38
6
-27
6
-3
3
3
-17
-10
4
16
3
-2
8
-8
-11
-13
28
17
4
-48
-9
46
-9
5
-28
-8
13
4
37
20
6
-20
-7
4
25
32
1
-12
-34
-16
11
35
14
14
-2
-1
8
-51
-45
19
21
36
-12
-20
-4
-22
-2
21
23
6
-15
-8
35
4
7
-23
-27
1
-1
-10
-17
5
1
-9
-18
7
11
23
27
21
-6
-2
48
-18
-17
-12
-3
-9
-27
46
13
-12
31
-33
9
-10
-38
-16
-2
28
-24
2
-31
2
-11
37
26
-3
7
-42
1
13
-22
16
29
-21
8
-18
3
31
-4
0
1
15
44
0
-11
4
15
18
17
-4
-28
9
-14
-6
20
-3
9
-6
11
2
-36
-8
3
6
27
9
5
-18
-42
-1
34
3
33
43
-7
-5
-51
-3
7
59
23
-19
-39
-12
17
12
42
-13
10
-4
10
46
-4
-35
8
33
15
-42
-17
18
0
-11
5
-18
15
48
-29
-26
-6
-9
13
37
50
-6
-30
-9
12
5
18
10
4
24
-27
-5
7
-7
9
-6
-14
-6
17
5
-19
-22
14
-8
-19
48
27
-15
-16
-11
15
-7
-5
15
5
-14
-28
55
4
11
-15
-25
-8
10
8
18
-18
-38
51
-6
0
-42
-15
1
-20
1
21
15
-50
-12
16
24
-7
24
29
37
-9
-27
-27
23
19
5
15
38
32
-27
-46
-5
14
-40
-14
54
-1
15
18
7
-24
-13
25
-4
26
-12
-31
-18
-31
-7
22
26
-39
11
59
-3
-34
-9
16
37
38
-11
18
-21
-54
2
1
29
15
14
30
-10
-6
5
-37
-20
46
13
-10
-41
-46
68
40
-30
1
-7
22
-45
-49
30
22
25
-7
-6
-41
-14
-2
55
36
16
-6
-16
29
-6
-15
-14
28
11
-18
3
24
45
-14
-11
-39
9
37
20
-27
-13
65
11
13
-35
-16
-14
-31
14
31
8
22
-31
-39
20
-18
27
16
-26
48
-19
-56
-33
45
99
15
-53
1
-5
-30
42
-9
71
-27
-30
-17
-39
60
-3
0
11
-10
-1
-4
35
45
9
-47
-41
15
4
-2
-7
16
-5
10
-24
52
11
-40
-17
9
48
-20
-78
-40
54
24
-34
-26
52
28
5
2
-47
20
11
9
-42
35
35
1
17
-15
1
6
32
-24
12
75
-19
-26
-42
30
60
-17
-1
55
10
0
4
-28
4
-33
59
21
-34
-37
-27
16
66
32
-14
-23
-15
4
-14
-33
25
-69
23
123
4
-35
-45
3
20
7
-5
-18
50
49
-13
-82
-56
31
58
32
-32
-62
-39
41
64
18
-9
-45
-34
7
1
19
-39
-41
38
32
14
-41
-3
103
39
-78
-76
-47
80
61
50
-27
-46
-10
1
94
25
-11
-42
-19
-13
-52
17
21
48
26
-12
-111
-3
112
34
-4
-33
-38
11
-34
-27
-8
-12
12
35
5
-17
-5
-28
34
34
-37
-23
-30
0
9
-13
-24
-20
44
92
55
-30
-59
-41
6
39
8
-7
7
19
1
6
9
48
9
-20
-70
-89
9
-10
104
-20
-6
40
15
-65
22
26
-38
61
-45
0
-8
-55
38
103
20
24
-44
-71
33
30
4
25
-31
60
64
-18
-45
-51
57
56
3
-67
-48
40
8
19
-23
34
42
14
-66
-105
16
90
111
-39
-58
-1
84
61
53
-107
-78
-62
-6
97
40
-22
5
-21
-5
-78
-40
24
103
96
-49
-47
-38
10
9
23
-20
-8
-43
96
-28
-85
-14
-1
160
117
33
-124
-59
27
47
-12
-1
-17
-60
25
-8
-3
32
-43
-15
11
67
97
-44
-101
-42
-1
21
-3
-34
24
40
-29
-6
38
41
-9
-34
-69
34
33
51
-23
7
0
-46
-7
70
-31
-45
23
-18
17
-12
-19
30
14
-85
-17
53
132
3
-69
-57
-26
106
83
-67
-68
-98
25
76
-22
32
4
26
89
-70
53
-36
-113
-12
49
18
-25
-32
10
75
-20
-35
-10
-13
28
-5
73
25
-66
37
-14
-11
51
-2
12
-5
-23
17
52
7
-19
-121
-54
69
79
17
-22
-60
0
31
-19
24
51
-24
-19
8
107
75
-22
-154
-43
47
58
13
-14
-18
-9
63
9
63
10
-104
-30
-3
2
74
-47
-54
34
78
82
-23
-27
-100
-23
-17
44
80
39
43
-62
4
-5
-32
23
-36
-4
-44
38
125
-16
-4
-98
-91
46
28
65
63
-4
-113
-53
29
121
-10
-91
26
40
2
-46
-66
71
51
60
9
-54
9
-60
-5
-11
17
1
-48
19
16
-88
-44
53
96
-12
-96
6
85
22
-9
49
-28
-8
-33
10
38
94
-28
-162
14
86
13
-1
-18
-59
58
20
-92
2
-29
10
15
-1
65
28
24
-25
-20
66
4
-87
-26
49
-10
55
-94
-41
7
-56
72
179
97
-102
-148
-38
88
38
26
29
-47
-98
-17
-6
104
60
-37
-13
-66
97
44
-31
-16
42
-16
11
-96
2
88
76
-78
-65
-9
42
30
32
58
-36
-41
-21
64
-14
-25
-24
31
-14
-16
15
58
19
-5
-16
-70
90
102
-145
-38
-65
-42
155
84
143
-17
-186
-14
63
82
-65
-120
66
78
46
-18
-109
-66
58
40
-22
31
-31
-28
-107
18
0
62
68
4
-64
-104
-39
159
106
-76
-69
-42
128
20
-18
-55
-45
13
78
-20
-1
51
-24
14
-53
32
-68
39
21
8
-50
-29
0
13
14
0
32
93
-75
-124
-41
159
131
-134
-161
-93
23
118
89
16
-104
-13
26
20
39
-16
-11
-33
35
-66
-94
163
105
17
-17
-80
-14
-6
25
41
46
59
-95
-86
27
28
77
-19
-104
2
100
98
-78
-57
45
41
8
-14
-1
-1
89
25
20
-124
-61
-54
-3
136
54
-105
11
67
-60
42
-52
-55
-57
67
157
-52
-109
-48
6
127
83
85
52
-143
-36
74
-77
-65
25
79
39
-26
-51
-68
47
79
-43
12
16
-26
-50
42
146
-32
-16
6
-11
-8
105
-57
-113
-46
80
104
-112
-84
-28
91
19
-30
115
112
-77
-93
43
-54
47
6
55
25
-55
-16
28
-4
48
88
-70
-8
9
-47
-43
-112
21
66
82
47
-33
-8
-50
-58
54
112
7
-24
6
21
-30
-100
50
61
-36
11
-49
-82
68
42
-82
-112
-70
99
137
120
0
-242
-128
119
191
55
-46
-131
-33
115
-33
-73
-9
58
17
40
-67
-91
-44
168
97
-62
-36
-95
-92
98
111
101
33
-59
-85
-87
3
46
31
17
-12
77
80
-33
-95
-30
74
-12
-1
47
-104
10
124
-22
-81
-107
-78
32
102
99
113
-26
-182
-62
32
140
125
-69
-153
-47
41
9
98
-20
-151
-28
112
161
-74
-198
23
145
35
16
-67
-169
46
132
6
-57
-21
24
72
64
-36
-39
-38
-30
34
88
16
-29
-15
-43
-1
12
63
-13
33
30
-88
76
34
16
-94
-47
103
-73
3
-35
-49
27
-30
25
44
-42
35
131
-36
-52
-93
7
115
9
106
-17
-102
-5
58
64
2
-45
-94
-4
111
86
-65
-21
21
52
55
-185
-50
76
12
70
48
-181
-194
118
143
123
-76
-121
98
-23
-6
11
41
84
-82
-94
-65
0
85
-33
12
135
-53
-48
105
-7
39
34
-83
12
-106
-145
68
161
46
-110
64
79
-36
37
-31
-19
-2
7
76
-13
-24
-44
-137
-9
223
185
-67
-272
-250
215
335
28
-62
-221
-92
154
139
34
-170
-123
-35
55
234
-47
-223
138
169
7
-122
-214
85
209
69
-119
-142
74
28
29
30
-106
-13
100
76
-130
-152
38
7
21
168
-40
-6
7
-11
165
-137
-79
-122
183
165
-77
-174
-51
89
62
84
57
8
-278
-34
179
101
-85
-85
-41
-13
68
52
-47
-29
44
164
39
-87
-142
-88
113
65
78
-87
-252
-75
43
239
143
-137
-150
32
151
79
-15
-57
-93
-188
-14
204
119
-29
-76
-11
107
125
-158
-70
-25
76
112
-153
-57
-39
104
-44
61
54
8
-61
-79
-64
76
92
53
23
29
14
20
-125
-8
-117
-194
90
112
161
73
-99
63
125
-31
-105
-86
-69
33
119
-14
30
23
-80
-15
170
165
-150
-146
-69
130
37
39
-117
-43
-19
108
132
5
-98
-9
51
113
152
-2
-150
-266
-103
136
120
192
-4
-169
-202
-104
188
156
20
-133
-98
115
27
73
83
14
-11
-46
-14
-138
41
62
-28
150
-106
-170
14
147
118
-88
34
14
11
-4
-101
139
-19
-86
65
36
100
-110
-146
12
101
-4
-118
136
96
-135
-84
-27
34
27
88
16
-101
-62
-66
12
-19
247
174
18
-258
-94
163
202
-54
-61
-136
-139
104
9
-70
17
27
100
60
-33
-36
-22
-99
43
132
-7
-53
-36
0
38
-117
-181
130
216
51
-108
-179
58
64
46
107
-48
16
-6
-96
24
50
-38
-122
130
213
-167
-246
-148
124
301
-24
-164
-187
13
189
4
110
49
-174
-223
37
378
99
-68
28
-152
-285
-43
134
151
242
29
-178
-206
-108
144
174
109
-4
-227
-175
107
176
46
-52
-44
-4
26
24
-28
56
104
-84
-172
-95
31
127
45
-49
-71
52
236
89
-183
-161
109
290
61
-225
-62
26
-42
79
-91
-149
94
136
125
-98
-199
85
66
-59
35
-51
68
211
17
-126
-234
38
171
-23
9
28
24
-55
-86
-94
-39
37
29
-4
58
269
-43
-204
-30
-56
184
213
-105
-228
-37
119
6
-127
-58
162
239
73
-50
-172
-46
18
-20
-13
-80
97
77
-71
-192
163
180
180
-79
-208
-55
105
-13
-43
29
67
-19
-90
-211
-19
233
184
-117
-211
53
32
87
-6
-87
-121
197
81
44
-75
-114
91
44
158
-158
-131
-60
-101
-29
70
-57
142
238
-4
-114
-156
135
-74
-57
64
-160
17
-12
220
-61
-47
108
87
-150
-126
-81
7
227
51
103
-41
-116
-50
-32
105
128
-41
-74
-83
87
66
-157
-128
97
-49
-8
57
-35
100
-11
-68
-33
119
156
-70
-18
31
-62
-67
119
51
46
38
-152
-126
-41
212
159
30
-40
-231
-80
27
151
173
-12
-294
-121
229
208
94
-74
-90
-72
64
-93
-43
-57
100
-3
122
112
45
-115
-136
-71
4
125
-19
158
52
-104
-270
151
257
-23
-56
-63
45
23
154
-56
-82
-71
-96
27
24
40
181
-20
-77
-122
-84
150
80
-25
28
38
-19
-55
-59
-151
-48
104
143
-27
-95
40
-43
74
42
-81
-6
25
114
-44
-76
36
58
82
51
-97
-128
14
1
168
65
-44
149
-76
-144
-27
61
30
-202
15
213
101
-32
-210
-149
-29
134
161
-80
-193
-194
47
260
107
-151
-156
50
145
111
7
-87
-140
3
188
32
-126
-38
-42
-22
184
148
-59
-201
-95
122
87
-73
-137
-69
-14
229
188
-133
-61
-125
82
226
-144
-13
35
31
21
-271
-32
71
111
163
-80
-66
-147
-75
141
267
231
-111
-276
7
127
-61
65
-92
-57
-11
-213
237
272
33
-31
-116
-159
-159
99
244
117
-131
-98
35
50
63
29
-27
-129
-58
80
51
-89
49
115
3
61
-123
-26
149
-52
-102
-47
-3
-6
54
57
-32
15
81
-79
-219
90
205
-59
-12
17
-116
-16
141
71
-58
-7
-4
-54
-38
102
62
-99
98
110
6
-87
-153
28
14
55
44
-142
-105
-27
36
103
36
53
84
-113
-82
189
235
-135
-188
59
-94
9
54
6
19
-152
90
133
-29
-41
-184
-84
192
229
41
-200
-186
103
245
125
-269
-273
14
77
245
102
-48
-164
-200
73
186
122
-127
-161
-131
221
491
-31
-253
-215
-99
85
99
14
-32
66
-1
-32
60
-4
-70
-4
-17
-3
-6
-76
-21
77
250
41
-156
-9
-54
-34
-85
-90
51
154
174
-61
-184
-116
10
196
-58
-155
18
97
238
107
-156
-255
-37
107
293
63
-114
-359
-83
82
254
148
-143
-62
-78
-17
89
-79
-167
-58
149
112
15
4
12
64
135
45
-26
-63
-55
140
-6
-239
-10
49
-38
56
-10
4
135
32
-25
-15
-68
-111
-64
139
103
-119
-80
51
102
122
-42
-113
-3
26
62
-65
37
157
-120
-125
-13
28
-76
-129
-13
-37
100
81
-19
54
-22
10
-68
-80
63
0
58
55
33
-26
-19
199
103
-41
-117
-87
66
42
-8
25
-17
-21
56
38
82
-19
-139
-84
-3
140
-6
-37
43
-84
6
53
61
11
-120
9
16
82
117
-143
-30
98
96
97
-57
-49
-2
-22
61
-44
-100
63
-36
23
-17
-79
-23
85
28
84
-12
-14
77
67
28
-70
4
61
25
60
21
-37
-83
-113
-49
30
2
-8
-29
-75
35
82
-11
-111
-40
221
20
-115
-100
-4
-38
85
90
8
-19
-48
74
93
-7
-12
-22
-38
48
130
36
-57
-66
-9
-22
27
-1
-126
-52
-26
26
100
54
60
60
-13
-126
-157
-40
23
-15
22
4
17
97
30
-73
-129
-79
-71
-61
-35
-39
29
-7
49
60
-8
36
32
38
6
-37
-60
-23
49
64
-10
-88
12
12
-28
-42
-19
79
43
4
95
81
-113
-105
-75
82
75
-23
37
-14
-61
24
35
7
23
-23
14
31
51
-59
-94
48
52
0
-26
-63
35
102
33
-44
35
42
-32
57
28
55
13
4
-9
-44
7
35
23
53
47
13
-21
-68
33
9
3
-18
-32
65
89
41
-54
-77
46
113
11
-13
25
52
100
58
70
-12
-59
0
25
100
47
-24
-32
-26
16
-17
-3
30
26
39
17
23
49
18
-94
0
-9
39
29
-21
10
3
-19
-37
21
31
-29
18
32
42
59
-40
-96
-69
-30
8
-83
-84
-15
-85
-50
15
-5
18
35
10
2
29
14
-69
-98
-44
31
72
-1
-25
13
8
66
64
18
-2
-23
0
-34
-44
-38
-28
33
31
95
113
59
132
126
78
61
7
-44
13
92
59
108
75
15
-2
3
80
30
48
38
4
9
4
69
52
12
-49
-86
-82
-53
-24
-1
0
-67
-41
-17
-1
-11
-40
-46
-135
-174
-161
-147
-254
-326
-227
-232
-240
-172
-116
-96
-88
-73
-112
-151
-166
-199
-211
-252
-239
-156
-216
-206
-117
-156
-99
-65
-41
54
43
60
114
149
222
264
287
307
331
350
362
417
461
486
502
496
505
510
492
463
411
326
237
126
58
40
38
75
58
62
111
132
146
165
180
134
69
35
-12
-74
-96
-64
-64
-79
-58
-78
-151
-230
-215
-187
-257
-326
-342
-346
-396
-364
-323
-361
-316
-280
-298
-332
-308
-244
-210
-190
-216
-227
-214
-225
-256
-248
-294
-364
-348
-357
-401
-489
-546
-567
-559
-546
-575
-584
-647
-766
-928
-1018
-1068
-1161
-1055
-601
172
947
1591
2278
2946
3362
3443
3355
3107
2572
1754
799
-48
-801
-1411
-1680
-1675
-1508
-1248
-942
-614
-264
111
340
331
207
96
-31
-225
-310
-216
-101
10
208
439
643
859
1026
1048
942
827
772
672
462
264
171
100
9
-61
-101
-120
-102
-82
-138
-272
-409
-523
-615
-632
-567
-510
-483
-377
-187
-69
-69
-63
-53
-169
-391
-600
-789
-967
-1069
-1103
-1087
-963
-752
-560
-388
-198
-64
-47
-97
-211
-415
-655
-863
-1042
-1168
-1197
-1165
-1125
-1047
-951
-938
-1043
-1203
-1382
-1645
-2070
-2486
-2341
-1219
411
1760
2925
4488
6078
6777
6717
6648
6340
5098
3168
1221
-628
-2279
-3322
-3755
-3867
-3580
-2894
-2244
-1648
-683
373
756
566
454
350
-143
-701
-795
-552
-282
39
453
914
1486
2121
2511
2552
2405
2036
1330
511
-100
-507
-771
-800
-626
-388
-45
460
975
1346
1519
1413
971
313
-397
-1058
-1573
-1826
-1839
-1712
-1440
-942
-272
369
822
1031
943
513
-202
-1002
-1684
-2139
-2384
-2452
-2318
-1970
-1472
-899
-283
256
547
511
228
-136
-506
-957
-1456
-1772
-1879
-1978
-2040
-1926
-1748
-1612
-1525
-1642
-1992
-2353
-2728
-3244
-3830
-4285
-3965
-2000
1025
3441
5243
7728
10312
11258
10871
10518
9786
7597
4386
1116
-1983
-4538
-5956
-6451
-6505
-5887
-4619
-3486
-2535
-996
745
1427
1130
817
428
-408
-1067
-1064
-783
-378
298
971
1591
2559
3635
4118
4020
3635
2749
1286
-154
-1010
-1351
-1570
-1793
-1735
-1098
-65
960
1923
2823
3221
2775
1808
728
-388
-1373
-2081
-2651
-2995
-2858
-2480
-1997
-968
465
1369
1535
1475
1188
473
-348
-1072
-1891
-2643
-2973
-3008
-2866
-2219
-1151
-370
-66
203
424
245
-125
-362
-702
-1313
-1845
-2124
-2321
-2347
-2081
-1802
-1602
-1317
-1249
-1725
-2336
-2711
-3130
-3922
-5097
-5922
-4784
-1305
2382
4868
7503
10980
13313
13317
12552
12062
10580
7149
2746
-1175
-4159
-6333
-7502
-7590
-6999
-5974
-4772
-3561
-1998
-158
1193
1670
1477
971
342
-314
-661
-452
10
438
910
1569
2480
3446
4134
4416
4214
3499
2379
957
-366
-1354
-2308
-2986
-2840
-2248
-1738
-931
623
2266
3141
3459
3426
2823
1902
801
-570
-1766
-2442
-2806
-3061
-2959
-2255
-1353
-620
123
758
952
794
438
-220
-1112
-1912
-2548
-3073
-3197
-2854
-2378
-1799
-995
-223
108
72
56
-37
-469
-1074
-1657
-2066
-2215
-2265
-2157
-1814
-1522
-1490
-1786
-2309
-2666
-2770
-2888
-3137
-3828
-5475
-7205
-6314
-1793
3302
6154
8260
11585
14349
14543
13656
13341
12296
8936
3880
-1284
-5278
-7484
-8436
-8944
-8677
-7224
-5598
-4508
-2814
89
2475
2870
2134
1460
748
-76
-393
-42
568
1180
1566
1839
2808
4543
5669
5518
4834
3736
1730
-498
-1916
-2705
-3415
-3973
-4089
-3523
-2150
-346
1427
3119
4575
5238
4843
3791
2570
1305
-126
-1657
-2864
-3403
-3538
-3624
-3275
-1980
-308
706
959
964
804
367
-222
-884
-1644
-2328
-2784
-3040
-2964
-2392
-1611
-959
-333
209
223
-226
-524
-618
-923
-1454
-1994
-2434
-2495
-2004
-1397
-1060
-924
-1107
-1884
-2930
-3672
-4006
-4143
-4593
-6261
-8835
-9306
-5038
1777
6602
9228
12750
16598
17279
15322
14269
13794
10508
4176
-2207
-6768
-9466
-10464
-10051
-8680
-6706
-4997
-4203
-3024
-111
2823
3413
2340
1258
115
-1150
-1672
-1123
216
1760
2429
2339
3249
5346
6501
5896
4760
3422
1122
-1658
-3458
-3952
-3910
-3843
-3681
-3238
-2325
-842
1060
3102
4833
5573
5116
4156
3359
2612
1627
551
-362
-1197
-2152
-3030
-3277
-2728
-1913
-1413
-1230
-1069
-883
-825
-828
-620
-253
-165
-654
-1374
-1734
-1607
-1352
-1161
-880
-557
-552
-946
-1238
-1044
-733
-890
-1395
-1693
-1669
-1584
-1470
-1177
-829
-777
-1278
-2298
-3428
-4139
-4348
-4431
-4708
-5682
-7905
-9782
-7592
-678
6243
9710
12151
15848
17991
16325
13768
12832
11129
6121
-554
-5987
-9150
-10265
-10010
-8983
-7098
-4865
-3824
-3673
-2173
606
2144
1750
811
-78
-931
-1073
-87
1522
3045
3941
4067
4134
4846
5571
5191
3831
2211
178
-2381
-4348
-4741
-4151
-3654
-3343
-2726
-1861
-930
657
3040
4693
4628
4175
4278
3890
2810
2395
2600
2047
725
-527
-1699
-2625
-2578
-1913
-1752
-2075
-2277
-2480
-2574
-1804
-453
266
251
172
-168
-960
-1360
-1125
-1189
-1567
-1433
-1215
-1614
-1779
-1183
-660
-516
-323
-426
-1006
-1026
-585
-696
-1156
-1320
-1807
-2731
-3372
-3831
-4153
-4555
-4480
-4298
-4547
-5587
-8422
-9566
-5529
2155
8082
10119
12895
17127
18576
16038
13365
12457
9797
3696
-3248
-8306
-10880
-11409
-10787
-9334
-6741
-4307
-3802
-3969
-1959
1380
2652
1565
603
529
235
-170
594
2693
4784
5521
4874
4151
4313
4585
3780
2051
43
-2224
-4511
-5772
-5309
-3775
-2486
-1926
-1381
-175
1320
2466
3247
3814
3954
3519
2882
2486
2304
2028
1611
1286
1019
472
-399
-1119
-1369
-1513
-2027
-2668
-2825
-2501
-2266
-2251
-1947
-1096
-171
312
436
483
383
-19
-560
-1012
-1348
-1618
-1762
-1640
-1224
-823
-631
-523
-290
46
124
-213
-912
-1504
-1771
-2085
-2800
-3284
-3272
-3819
-5060
-6264
-5905
-4668
-4254
-5250
-7705
-7599
-2336
5335
10461
12358
15171
17936
17356
14492
12302
10372
6087
8
-5735
-10133
-12588
-12533
-10620
-7934
-5258
-3880
-3899
-3060
-92
2503
2456
1302
977
930
590
1014
2761
4873
6154
5980
4720
3723
3522
2963
1476
-39
-1513
-3677
-5678
-5922
-4590
-2977
-1667
-664
151
1118
2242
3065
3531
3974
4139
3444
2364
2072
2585
2798
2478
2235
1780
429
-1219
-2132
-2502
-2957
-3387
-3483
-3273
-2840
-2165
-1227
-6
1165
1659
1328
727
283
-93
-600
-1173
-1598
-1837
-2034
-2122
-1725
-819
-10
184
2
-157
-409
-863
-1153
-1165
-1403
-2163
-3116
-3875
-4308
-4433
-4413
-4396
-4350
-4150
-3588
-2645
-2235
-3774
-6553
-6569
-1011
6667
10766
11824
14355
17481
16662
12792
10265
8726
4779
-1568
-7626
-11609
-12990
-12172
-10119
-7206
-4004
-2282
-2403
-1781
955
3276
3095
1964
1659
1611
1410
2015
3622
5190
5900
5443
4021
2610
1848
1069
-266
-1601
-2653
-3961
-5213
-5035
-3156
-992
281
769
1027
1269
1510
1864
2419
2886
2803
2351
2272
2838
3432
3465
3056
2522
1641
78
-1664
-2611
-2648
-2627
-3013
-3282
-2886
-2040
-1219
-466
329
891
849
374
12
-21
-64
-379
-753
-965
-1251
-1786
-2107
-1703
-865
-446
-777
-1248
-1209
-902
-870
-1017
-1078
-1258
-1720
-2284
-2751
-2949
-2973
-3124
-3207
-3014
-3200
-3983
-4213
-3371
-2557
-2995
-5130
-7661
-6833
-529
7307
11640
13565
16244
17705
15085
11091
8965
6593
1450
-4648
-9318
-12203
-12783
-10758
-7508
-4318
-1699
-672
-1147
-777
1310
2763
2252
1360
1031
538
305
1613
3873
5435
5857
5317
3872
2334
1560
967
-225
-1540
-2589
-3773
-4621
-3917
-1984
-332
476
831
841
544
362
713
1661
2777
3428
3650
4111
4790
4902
4198
3111
1733
-274
-2727
-4679
-5337
-4856
-3887
-2769
-1525
-321
613
1257
1680
1790
1435
705
-93
-748
-1225
-1552
-1729
-1738
-1742
-1996
-2360
-2326
-1778
-1109
-633
-479
-523
-457
-407
-706
-917
-648
-644
-1417
-2337
-3000
-3530
-3760
-3687
-3608
-3448
-3240
-3195
-2822
-1790
-1094
-2060
-4885
-7524
-6179
86
6778
10253
12675
15957
16939
13678
9732
7698
5109
-17
-5597
-9319
-11007
-10833
-8843
-5554
-1797
789
696
-711
-716
434
731
238
65
181
471
1433
3186
5334
7085
7238
5580
3506
1976
422
-1283
-2162
-2296
-2995
-4247
-4578
-3462
-1733
-187
843
1283
1284
932
525
830
2082
3389
3994
4125
4163
3991
3382
2487
1609
652
-797
-2623
-3916
-3991
-3087
-1886
-766
199
796
776
351
80
61
-146
-643
-989
-981
-892
-959
-1014
-850
-717
-1158
-2058
-2607
-2486
-2060
-1527
-873
-280
191
440
183
-288
-449
-790
-1933
-3145
-3590
-3672
-3908
-3970
-3540
-2963
-2754
-2848
-2700
-2118
-1431
-1176
-2366
-5565
-8230
-5977
1258
8126
11425
13639
16234
16258
12780
9259
7047
3780
-1082
-5539
-8639
-10204
-9598
-7104
-3985
-1234
-24
-1232
-3387
-3820
-2214
-541
268
1130
2592
4012
5102
6420
7877
8237
6665
3817
989
-1210
-2808
-3663
-3465
-2579
-1993
-2127
-2309
-1735
-546
393
641
487
261
9
18
901
2716
4582
5505
5380
4777
4035
3058
1861
782
-44
-930
-2069
-3001
-3045
-2186
-1157
-613
-605
-874
-1264
-1620
-1620
-1070
-236
392
647
754
855
737
175
-730
-1722
-2718
-3661
-4129
-3565
-2094
-484
692
1270
1177
478
-513
-1486
-2305
-3037
-3661
-3838
-3543
-3216
-2837
-2185
-1751
-1754
-1743
-2075
-3124
-3595
-2709
-1788
-1960
-3457
-6163
-7343
-2993
5262
11063
12898
14657
16455
14478
9423
5708
3697
704
-3085
-5766
-7142
-7530
-6680
-4754
-2239
-167
-333
-2782
-4718
-4160
-2126
-107
1752
3580
4925
5408
5468
5801
6049
5055
2668
147
-1392
-1929
-1874
-1273
-102
983
995
-167
-1554
-2377
-2657
-2584
-2091
-1253
-449
303
1533
3416
5161
5791
5280
4393
3627
2739
1519
364
-277
-635
-1240
-2021
-2416
-2293
-2115
-2110
-1949
-1458
-1008
-896
-827
-321
627
1562
1982
1632
593
-702
-1673
-2111
-2315
-2636
-3059
-3291
-2971
-1964
-574
579
964
474
-531
-1534
-2283
-2644
-2571
-2303
-2189
-1968
-1538
-1512
-1863
-2137
-2450
-3113
-3625
-3698
-3444
-2853
-1881
-701
56
-248
-3306
-6929
-5888
403
7534
10764
12037
13869
14178
11220
6483
3658
2056
-806
-3937
-5469
-5333
-4582
-3312
-1573
47
350
-1788
-5259
-6764
-4987
-2285
-225
2008
4501
5812
5584
5119
5103
4763
3284
1181
-141
-123
269
300
627
1459
1378
-416
-2649
-4086
-4740
-4597
-3338
-1372
474
1830
2687
3370
4406
5429
5245
3850
2649
2099
1399
615
598
1003
686
-441
-1602
-2379
-2799
-2995
-3003
-2569
-1575
-626
-307
-167
397
928
746
127
-437
-1063
-1801
-2218
-2097
-1799
-1778
-2080
-2330
-2162
-1631
-1064
-671
-512
-582
-886
-1350
-1667
-1507
-1058
-896
-1245
-1847
-2491
-3067
-3347
-3278
-3031
-2482
-1534
-859
-957
-1086
-529
147
-78
-1990
-5736
-8881
-6895
829
8508
11512
12091
13262
12923
9096
4666
2368
1008
-585
-1327
-867
-440
-680
-1149
-1353
-1368
-2192
-4702
-7603
-8199
-5753
-1966
1691
4727
6331
5880
4213
2763
2036
1639
1138
759
1280
2692
3679
3360
2425
1429
-209
-2504
-4263
-4873
-4740
-3882
-1983
404
2322
3412
3765
3661
3477
3244
2727
2089
1679
1435
1207
1047
888
477
-284
-1219
-2047
-2543
-2628
-2306
-1645
-864
-235
92
76
-232
-696
-1131
-1424
-1542
-1535
-1500
-1471
-1448
-1483
-1614
-1800
-1925
-1945
-1857
-1614
-1223
-861
-680
-518
-261
-219
-661
-1206
-1336
-1236
-1397
-1859
-2307
-2601
-2562
-2212
-1947
-1977
-2163
-2261
-2307
-2075
-1459
-832
-831
-1903
-4503
-7299
-5869
1077
9059
12072
11049
11185
11394
8970
4768
2256
1647
504
-67
626
1757
1870
83
-2397
-3915
-4348
-5328
-6826
-6832
-4570
-1416
1444
3805
5066
4355
1918
-80
39
1364
2141
2258
2728
3798
4576
4104
2609
1009
-617
-2492
-3503
-2670
-1270
-866
-909
-383
401
875
1106
1182
1080
989
1114
1640
2680
3580
3241
1928
1077
853
202
-791
-1255
-1400
-1756
-1962
-1768
-1619
-1743
-1947
-1950
-1584
-1168
-1162
-1264
-916
-410
-443
-1041
-1619
-1762
-1773
-2035
-2114
-1586
-1003
-739
-416
-177
-387
-509
-358
-691
-1366
-1466
-1148
-1026
-1082
-1356
-1978
-2541
-2675
-2481
-2191
-2060
-2040
-1782
-1477
-1495
-1393
-933
-720
-1052
-2218
-4666
-6249
-2821
5081
10952
10947
8442
7364
6838
5196
3738
3736
3918
3115
2430
3173
4156
2730
-1264
-4591
-5096
-4475
-4659
-4743
-3594
-2184
-1442
-638
719
1457
444
-1384
-1841
-88
2464
4143
4765
5009
4712
3530
2187
1401
966
245
-564
-754
-147
311
-31
-793
-1651
-2442
-2880
-1002
2286
3538
2465
1271
1938
2156
1086
666
423
-93
-408
496
1617
1555
680
-868
-2336
-2671
-2306
-2458
-2640
-1971
-1169
-1094
-1287
-1077
-1048
-1677
-2287
-2027
-1083
-370
-308
-553
-762
-1023
-1339
-1352
-1011
-854
-1114
-1265
-917
-406
-272
-610
-1049
-1385
-1823
-2323
-2386
-1956
-1579
-1409
-1144
-830
-787
-1038
-1389
-1648
-1623
-1298
-925
-978
-2346
-5280
-6952
-3140
4983
10193
8827
5455
4661
5095
4849
5313
6831
6878
4728
3125
3792
4735
3242
-541
-4075
-5378
-4624
-3330
-2559
-2297
-2339
-2699
-2825
-1919
-622
-594
-1799
-2184
-709
1369
2763
3583
3951
3465
2486
2124
2606
3068
2866
2185
1553
1155
625
-254
-831
-497
-21
-549
-1604
-1860
-1298
-777
-313
394
797
400
-177
-20
854
1531
1308
585
175
85
-151
-527
-837
-1122
-1403
-1559
-1437
-1058
-927
-1455
-1989
-1751
-1272
-1325
-1531
-1444
-1561
-2043
-2200
-1845
-1481
-1156
-669
-439
-699
-874
-757
-792
-912
-713
-489
-655
-967
-848
-335
-25
-259
-768
-1082
-1528
-2121
-2060
-1199
-811
-1416
-2248
-2575
-1898
-1561
-2844
-5887
-7344
-2912
4940
10066
8477
3903
2028
2696
4597
7127
9321
8524
4766
2552
3774
5484
4480
1262
-1800
-3291
-3219
-2174
-1222
-1647
-3256
-4438
-4020
-2569
-1463
-1571
-2653
-3325
-2413
-282
1861
3251
3554
2829
1866
1668
2422
3210
2927
1713
911
1268
2099
2568
2248
759
-1068
-861
1793
3478
1556
-1697
-2737
-1686
-577
226
822
141
-1758
-2631
-1348
333
529
-479
-1373
-1465
-918
-357
-224
-335
-421
-568
-609
-138
406
-21
-1295
-1995
-1460
-697
-792
-1623
-2510
-3117
-3223
-2487
-1151
-288
-601
-1454
-1740
-1230
-456
148
383
144
-415
-912
-1083
-954
-809
-857
-917
-741
-541
-693
-1102
-1399
-1516
-1543
-1409
-1269
-1836
-3780
-6558
-7417
-3061
4992
9373
6029
550
-268
2679
5641
8108
9492
7557
3363
1512
3734
6492
5885
2445
-309
-683
43
419
36
-1291
-3172
-4238
-3440
-1429
-444
-2133
-4999
-5752
-3636
-915
616
889
291
-568
-792
47
1542
2620
2363
1451
1572
2912
4055
4174
3544
2569
1628
1155
1243
1390
830
-360
-909
-191
623
416
-523
-1661
-2717
-3011
-2220
-1133
-606
-714
-1159
-1466
-1224
-712
-602
-883
-904
-442
3
72
-21
-100
-313
-524
-369
-123
-449
-1246
-1858
-1999
-1704
-1052
-359
-119
-619
-1633
-2267
-1785
-777
-426
-764
-1014
-1071
-1217
-1208
-770
-324
-430
-940
-1276
-1298
-1217
-978
-536
-374
-856
-1614
-2043
-1847
-1490
-2481
-5217
-6216
-1434
6334
8887
3766
-2103
-2342
1852
6501
9528
9250
5136
807
754
4218
6614
5772
3407
1568
688
572
828
338
-1577
-3370
-2796
-388
692
-1287
-4489
-5953
-4814
-2387
-358
168
-1034
-2815
-3286
-1848
234
1525
1673
1225
1134
1912
2798
2732
1891
1322
1655
2768
3759
3332
1331
-467
-225
1726
3353
3243
1592
-681
-2474
-2520
-771
757
352
-1214
-2331
-2592
-2251
-1630
-1396
-1774
-2022
-1604
-925
-598
-893
-1568
-1755
-816
569
1020
167
-991
-1430
-1101
-407
378
789
381
-397
-672
-443
-340
-499
-644
-646
-584
-689
-1093
-1566
-1883
-1934
-1365
-271
194
-737
-2180
-2823
-2369
-1233
-107
177
-604
-1794
-2529
-2206
-1045
-782
-2938
-5391
-3525
2970
7633
5058
-1455
-4096
-195
6092
9592
8396
4254
755
312
2728
6172
7933
5863
1574
-407
1279
3064
2036
-501
-1818
-1059
495
890
-745
-3371
-5138
-4989
-3053
-570
340
-1514
-4358
-5008
-2743
-17
861
89
-681
-491
304
951
1126
1034
1107
1622
2397
3079
3504
3495
2876
2104
2024
2562
2704
2027
1136
500
104
48
263
104
-744
-1709
-2217
-2268
-2145
-2234
-2697
-3010
-2640
-1936
-1576
-1613
-1659
-1492
-1139
-716
-357
-208
-331
-513
-413
-45
206
180
129
184
175
21
-107
-131
-132
-132
-158
-284
-427
-463
-477
-587
-711
-771
-823
-974
-1336
-1777
-1850
-1406
-980
-1167
-1883
-2525
-2678
-2355
-1786
-1724
-3291
-5624
-4873
812
6542
5717
-756
-5063
-2218
4587
8773
7664
3905
1305
1271
3172
5817
7417
6268
3201
1536
2854
4551
3444
222
-1591
-278
2039
2075
-776
-3920
-4802
-3558
-1825
-593
-485
-2146
-4619
-5341
-3374
-871
-333
-1720
-2814
-1970
-162
459
-292
-639
291
1608
2340
2208
1573
1448
2392
3450
3541
3224
3449
3515
2610
1727
1798
2211
2076
1096
-133
-669
-682
-969
-1418
-1499
-1445
-1803
-2392
-2658
-2481
-2092
-2011
-2435
-2570
-1943
-1408
-1540
-1699
-1350
-820
-559
-539
-444
-206
-144
-283
-69
647
1109
754
74
-109
346
824
746
186
-392
-694
-674
-498
-436
-536
-671
-859
-1259
-1780
-2109
-2148
-1959
-1848
-2236
-2708
-2571
-2221
-2683
-4331
-5480
-3136
2270
5263
1922
-3969
-5059
102
5928
7442
5057
2348
1611
2500
4026
5411
5760
4977
4028
3803
4256
4205
2591
481
297
2352
3883
2484
-968
-3504
-3392
-1738
-687
-995
-2155
-3496
-4234
-3776
-2566
-1766
-1978
-2590
-2427
-1249
-352
-861
-1972
-1867
25
2205
2616
1157
-39
563
2161
3308
3588
3359
3018
2700
2332
2039
2040
2100
1842
1328
822
448
175
-269
-890
-1033
-647
-700
-1489
-2313
-2626
-2403
-2040
-1823
-1575
-1399
-1777
-2517
-2732
-2108
-1287
-919
-1018
-1236
-1223
-935
-648
-529
-433
-265
-111
71
412
711
664
510
709
1098
1060
479
-133
-412
-507
-584
-577
-549
-737
-1079
-1325
-1654
-2351
-2972
-2773
-1944
-1860
-3621
-5985
-5671
-1241
3542
3088
-2350
-6001
-3052
3346
6490
4557
1554
1060
2786
4470
4742
4144
3706
3675
4056
4678
4728
3451
1354
378
1814
4028
3905
847
-2175
-2313
-252
1144
472
-1162
-2112
-2068
-1809
-1929
-2340
-2652
-2549
-1961
-1217
-974
-1586
-2593
-2975
-2067
-341
781
471
-240
286
1731
2128
1092
742
2378
4237
4002
2093
962
1867
3458
3655
2318
1191
1208
1286
446
-531
-513
127
194
-530
-1186
-1388
-1743
-2554
-3008
-2429
-1556
-1618
-2628
-3382
-3049
-2149
-1719
-1979
-2213
-1867
-1281
-1085
-1243
-1110
-431
299
561
480
445
421
150
-92
322
1286
1764
1081
-75
-501
-79
159
-410
-1176
-1378
-1266
-1550
-2171
-2375
-2092
-2519
-4257
-5233
-2661
2071
3380
-1152
-6103
-4728
1795
6073
4303
117
-1120
1404
4128
4058
2235
1689
3125
4571
4548
3577
2708
2152
1835
2312
3807
4700
3151
210
-1064
356
2251
2072
-117
-1895
-1554
-256
-243
-1745
-2981
-2645
-1347
-729
-1446
-2483
-2737
-2292
-1657
-982
-368
13
-76
-805
-1467
-725
1345
2856
2595
1439
890
1368
2158
2447
2209
1942
1771
1477
1176
1182
1390
1347
944
586
554
443
-296
-1382
-1872
-1381
-649
-702
-1651
-2619
-2835
-2487
-2293
-2499
-2656
-2409
-2042
-1989
-2187
-2184
-1802
-1334
-1044
-887
-717
-507
-419
-380
-87
412
833
891
451
-105
-356
-245
63
95
-213
-283
-175
-563
-1429
-1979
-1711
-1260
-1848
-3585
-4462
-2087
2353
3812
-287
-5373
-4837
1196
5885
4472
-265
-2234
448
3914
4113
1761
619
2173
4097
4127
2818
1807
1678
1989
2436
3222
3757
2835
811
-353
584
2353
2389
366
-1148
-398
1128
857
-1228
-2584
-1755
-180
41
-1172
-2235
-2171
-1498
-1134
-1276
-1417
-1074
-449
-178
-490
-791
-349
722
1567
1597
1032
534
576
1190
2012
2447
2178
1549
1216
1394
1620
1387
798
416
531
773
532
-286
-1033
-1053
-537
-386
-1083
-2062
-2466
-2234
-1998
-2100
-2241
-2126
-1945
-2014
-2267
-2393
-2257
-1964
-1604
-1219
-986
-1088
-1345
-1298
-768
-136
76
-198
-503
-396
18
319
240
10
1
127
-27
-665
-1326
-1553
-1233
-795
-1029
-2308
-3151
-1176
2491
3495
-400
-4559
-3382
1786
5148
3288
-340
-1401
750
3195
2962
1437
943
2300
3508
3048
1990
1340
1569
2078
2755
3401
3197
1877
247
-55
1270
2626
2268
578
-514
-48
814
466
-832
-1469
-714
181
-172
-1416
-2101
-1761
-1200
-1049
-1099
-963
-940
-1177
-1480
-1243
-378
504
1151
1120
443
-431
-457
735
2099
2834
2253
903
76
478
1471
1849
1753
1480
1089
649
191
-172
-356
-151
223
280
-343
-1512
-2356
-2344
-1558
-874
-962
-1722
-2719
-3048
-2755
-2222
-1900
-1861
-1665
-1585
-1676
-1955
-1932
-1390
-762
-247
-119
-349
-772
-908
-597
-82
208
135
-212
-702
-893
-863
-591
-330
-255
-269
-584
-1254
-2621
-3248
-1003
2887
4082
173
-4443
-3982
1068
5136
4117
370
-1386
241
2559
2569
1204
938
2425
3655
3166
1863
1042
1240
1795
2586
3359
3306
1986
60
-428
1077
2826
2677
740
-706
-364
723
663
-627
-1407
-667
360
84
-1230
-2157
-1951
-1117
-508
-410
-558
-959
-1834
-2380
-1236
1067
2012
544
-1228
-954
865
1985
1517
677
830
1676
1781
722
-96
595
1944
2159
1056
66
-1
218
57
-147
133
507
76
-1163
-2059
-1790
-992
-817
-1407
-1992
-2096
-2012
-2132
-2321
-2154
-1618
-1272
-1548
-2076
-2116
-1552
-1010
-912
-854
-481
-283
-733
-1351
-1179
-263
333
-85
-855
-1029
-584
-204
-369
-523
-504
-400
-397
-830
-1504
-2584
-2830
-696
2805
4069
431
-4341
-4411
665
5603
5248
1150
-1651
-517
2562
3568
2305
1218
1938
3337
3271
2166
1328
1332
1812
2437
3204
3292
2035
156
-575
638
2449
2717
991
-889
-1111
-27
506
-226
-1046
-829
3
134
-802
-1835
-1860
-1004
-357
-236
-349
-572
-1078
-1503
-1109
-37
914
775
-23
-430
-163
619
974
739
732
1177
1429
948
321
442
1150
1435
927
308
215
335
46
-475
-621
-283
-40
-403
-1191
-1744
-1694
-1358
-1276
-1541
-1752
-1724
-1743
-1946
-1998
-1561
-1002
-1026
-1553
-1804
-1514
-1092
-982
-1008
-774
-551
-643
-922
-1124
-966
-506
-349
-582
-771
-730
-476
-408
-598
-871
-909
-526
-279
-636
-1836
-2611
-1186
2019
3811
1249
-3098
-3903
173
4746
4881
1440
-1181
-277
2529
3636
2568
1384
1753
2875
3022
2361
1767
1817
2040
2093
2375
2712
2448
1044
-466
-432
1155
2404
1623
-379
-1422
-690
404
306
-715
-1214
-666
-87
-453
-1421
-1876
-1430
-726
-420
-473
-561
-679
-934
-1073
-640
344
1205
1237
450
-334
-271
626
1542
1804
1510
1083
639
197
112
632
1255
1189
451
-162
-233
-178
-399
-603
-368
22
-142
-1037
-1983
-2166
-1514
-756
-657
-1285
-2038
-2349
-2166
-1812
-1527
-1356
-1301
-1413
-1629
-1697
-1424
-938
-602
-597
-735
-745
-717
-816
-887
-594
-17
242
-93
-654
-854
-667
-513
-645
-734
-578
-663
-1385
-2598
-2560
-180
2869
3302
-231
-3766
-3085
1361
5083
4443
1259
-772
123
2347
3187
2738
2217
2411
2704
2349
2170
2270
2321
1942
1544
2136
3018
2833
1035
-778
-493
1404
2546
1546
-465
-1592
-1240
-335
-45
-515
-1015
-1001
-876
-1082
-1369
-1425
-1288
-1112
-889
-714
-683
-876
-1205
-1250
-781
130
565
615
1018
1364
1143
128
-271
815
2469
3262
1988
-79
-853
233
1753
2016
1272
574
261
-103
-634
-803
-231
375
-17
-1141
-1863
-1761
-1491
-1562
-1804
-1836
-1604
-1568
-2065
-2627
-2515
-1763
-1061
-1015
-1485
-1811
-1604
-1163
-926
-770
-507
-255
-265
-526
-758
-565
-142
-77
-224
-356
-227
-197
-554
-914
-1154
-718
-103
-135
-1150
-2885
-3034
-369
3163
3617
-203
-3876
-3386
842
4650
4606
1865
-533
-372
1380
2590
3036
3173
3199
2475
1415
1394
2414
3130
2630
1640
1493
2318
2756
1856
64
-645
395
1696
1836
413
-1001
-1494
-1184
-597
-470
-384
-492
-975
-1632
-2109
-1695
-912
-459
-632
-1172
-1282
-1160
-1034
-715
-113
511
333
140
748
1416
1350
238
-207
696
2192
3260
2267
411
-608
66
1570
2088
1915
1086
-20
-836
-1101
-509
494
969
118
-1536
-2543
-2232
-1511
-1162
-1434
-1821
-1822
-1868
-2033
-2377
-2330
-1729
-1163
-884
-1256
-1680
-1744
-1509
-951
-532
-106
120
-111
-532
-967
-649
220
826
670
-173
-706
-762
-594
-459
-541
-602
-582
-565
-913
-1799
-2621
-2174
79
2536
2552
-335
-3118
-2787
396
3562
4198
2592
444
-502
151
1502
3132
4168
3980
2483
815
743
2036
3359
3426
2365
1504
1468
1743
1408
586
175
623
1273
1195
264
-774
-1177
-1033
-792
-598
-315
-144
-615
-1784
-2692
-2321
-953
118
-42
-1017
-1799
-1857
-1359
-564
234
694
557
-234
-801
-514
756
2164
2346
1450
262
31
813
1569
2006
1817
1376
757
103
128
499
890
701
-62
-644
-1036
-994
-948
-1079
-1155
-1238
-1141
-1371
-1924
-2295
-2138
-1596
-1364
-1594
-1786
-1658
-1503
-1549
-1715
-1321
-620
-248
-480
-1149
-1150
-628
-29
188
-45
-106
-212
-267
-294
-369
-352
-262
-33
-29
-422
-907
-1158
-1046
-796
-1009
-1905
-2172
-482
2103
2535
-181
-3034
-3024
137
3669
4706
2970
120
-1123
-411
1223
3174
4543
4550
2567
17
-767
941
3675
4835
3568
1444
409
625
1081
1331
1595
1770
1258
110
-862
-997
-361
208
-20
-830
-1216
-908
-695
-1201
-1904
-1754
-959
-168
-206
-1036
-1516
-1439
-823
-255
340
1144
1205
319
-959
-1166
261
2045
2753
1976
641
-221
-211
469
1395
2041
1935
956
-452
-1287
-887
366
1264
941
-259
-1304
-1627
-1464
-1214
-947
-669
-699
-1335
-2263
-2709
-2293
-1476
-1009
-1105
-1357
-1428
-1462
-1664
-1779
-1343
-444
173
-21
-686
-1088
-977
-639
-262
164
497
365
-337
-1137
-1288
-534
494
805
48
-1140
-1832
-1575
-845
-613
-1020
-963
335
1599
1104
-816
-2076
-1352
916
3077
3554
2418
699
-218
-98
907
2896
4548
4655
2691
197
-580
686
3012
4330
3882
2374
755
-260
-409
430
1779
2540
1808
-32
-1672
-1822
-758
302
514
-133
-812
-1342
-1605
-1670
-1368
-731
-402
-440
-888
-1191
-1106
-868
-663
-586
-269
101
395
631
595
254
-51
181
891
1684
2050
1625
584
-303
-326
512
1579
2004
1396
161
-903
-1228
-757
132
814
725
-285
-1700
-2601
-2393
-1346
-371
-240
-1034
-2153
-2844
-2684
-1832
-823
-266
-497
-1338
-2160
-2256
-1498
-435
193
120
-415
-986
-1262
-1107
-406
386
782
422
-438
-1023
-1018
-370
122
122
-204
-649
-878
-1092
-1300
-1637
-1530
-256
1440
2085
756
-1293
-2189
-1183
1171
3154
3681
2594
792
-511
-666
787
3016
4673
4595
2758
597
-582
98
1971
3731
4259
3090
1061
-737
-1236
-274
1441
2734
2506
781
-1279
-2227
-1636
-252
828
991
272
-931
-2017
-2388
-1756
-563
358
494
-146
-1086
-1580
-1240
-449
278
760
839
413
-161
-397
-186
331
895
1188
1073
747
397
121
57
288
710
993
867
345
-249
-609
-609
-340
5
164
-198
-894
-1596
-1867
-1590
-1163
-812
-926
-1315
-1668
-1845
-1648
-1352
-1089
-919
-880
-1019
-1258
-1261
-1038
-753
-432
-194
-319
-558
-577
-500
-469
-368
-285
-397
-442
-396
-361
-471
-533
-553
-683
-630
-635
-801
-1215
-1267
-271
1055
1594
679
-563
-929
-194
1228
2363
2805
2420
1485
446
-39
701
2342
3745
3837
2593
975
124
467
1552
2644
3153
2804
1619
109
-835
-579
693
1903
2000
904
-506
-1284
-1282
-782
-105
447
465
-193
-1232
-1918
-1646
-850
-82
28
-314
-630
-947
-873
-668
-139
470
554
293
-211
-320
6
483
819
742
486
283
172
212
431
645
855
635
138
-321
-492
-137
51
108
-158
-640
-911
-1152
-1111
-990
-840
-813
-1124
-1485
-1696
-1592
-1261
-968
-971
-1181
-1314
-1260
-1149
-1096
-936
-656
-443
-476
-667
-773
-684
-519
-435
-413
-346
-223
-196
-321
-479
-432
-202
-169
-434
-709
-696
-575
-657
-883
-701
139
1154
1529
803
-108
-451
60
1039
1718
2229
2195
1698
906
213
491
1462
2632
3163
2707
1738
825
531
826
1385
1960
2235
1833
901
-80
-433
-54
523
942
835
439
-84
-732
-1064
-986
-427
212
304
-98
-783
-1201
-1108
-815
-396
-76
100
94
-275
-598
-638
-301
211
391
348
142
-31
-9
4
108
259
397
570
530
293
101
-20
59
55
-78
-64
-118
-89
-215
-410
-460
-588
-646
-731
-554
-227
-26
-14
-470
-1098
-1384
-1103
-735
-599
-654
-816
-1120
-1458
-1515
-1435
-1069
-646
-483
-566
-775
-781
-833
-984
-1023
-848
-518
-386
-365
-371
-618
-893
-913
-890
-826
-455
-98
-179
-713
-1245
-1110
-202
985
1532
1295
637
-22
2
513
1345
2225
2738
2577
1730
947
654
1250
2248
2854
2855
2214
1485
975
929
1280
1662
1857
1641
1129
607
290
206
235
228
213
165
-93
-420
-578
-550
-439
-450
-735
-1022
-980
-726
-546
-520
-521
-491
-521
-616
-662
-514
-117
275
386
242
12
-72
85
319
509
660
699
610
420
173
109
320
527
517
300
34
-89
-158
-332
-538
-656
-670
-657
-713
-834
-1007
-1193
-1325
-1428
-1429
-1277
-1130
-1123
-1268
-1427
-1358
-1120
-998
-984
-915
-805
-711
-677
-733
-745
-602
-448
-364
-332
-424
-539
-542
-510
-434
-316
-325
-471
-615
-658
-633
-691
-767
-555
88
848
1118
786
351
200
412
811
1181
1581
1977
2099
1834
1374
1125
1277
1613
1873
2025
2071
1977
1691
1296
1065
1099
1313
1343
1111
825
635
629
538
314
16
-113
-24
-61
-241
-457
-438
-347
-400
-604
-783
-677
-490
-375
-464
-482
-276
-83
-68
-276
-392
-299
-9
172
201
316
372
344
171
-35
5
260
517
530
412
284
135
11
-182
-269
-160
-32
-54
-315
-614
-795
-857
-882
-900
-928
-929
-961
-1169
-1368
-1394
-1196
-1000
-998
-1044
-1111
-1111
-1086
-1051
-833
-561
-402
-502
-734
-826
-782
-567
-372
-299
-277
-332
-443
-583
-586
-417
-189
-123
-266
-475
-538
-391
-319
-387
-580
-547
-81
508
912
889
704
556
540
752
999
1315
1630
1794
1745
1509
1385
1425
1594
1760
1765
1767
1765
1715
1615
1460
1278
1149
1005
838
769
673
613
447
282
177
-23
-126
-307
-429
-448
-470
-443
-505
-590
-696
-699
-643
-657
-689
-702
-589
-401
-244
-173
-142
-100
-53
-26
-7
57
159
293
379
380
355
298
232
201
217
311
363
228
27
-123
-189
-115
-63
-201
-437
-635
-759
-835
-888
-899
-881
-892
-987
-1143
-1265
-1298
-1231
-1077
-932
-897
-1014
-1177
-1180
-932
-604
-438
-483
-606
-692
-753
-689
-515
-296
-142
-155
-260
-462
-503
-315
-97
2
-134
-357
-536
-483
-326
-325
-411
-561
-485
-67
366
684
806
792
782
787
806
885
1098
1366
1573
1586
1463
1402
1517
1703
1705
1640
1592
1553
1526
1417
1301
1196
1130
1059
917
744
561
418
355
332
249
93
-122
-354
-484
-516
-496
-402
-335
-402
-539
-646
-668
-627
-606
-556
-444
-393
-344
-212
-126
-109
-102
-121
-62
105
211
234
192
162
181
138
118
209
330
356
261
69
-41
-29
-95
-133
-161
-220
-354
-581
-689
-734
-708
-649
-715
-812
-915
-1037
-1115
-1153
-1097
-874
-664
-673
-839
-963
-920
-786
-657
-578
-523
-427
-372
-397
-441
-447
-384
-331
-322
-306
-283
-343
-395
-326
-280
-199
-141
-215
-282
-349
-350
-338
-419
-436
-327
-27
303
493
651
715
736
784
817
938
1107
1194
1230
1242
1244
1319
1450
1565
1629
1599
1526
1470
1428
1414
1381
1268
1116
919
704
571
477
431
454
406
278
104
-121
-260
-306
-335
-325
-342
-437
-558
-686
-700
-544
-383
-350
-432
-506
-454
-322
-237
-197
-155
-112
-103
-107
-91
-40
52
117
93
24
88
179
193
156
71
69
38
-64
-193
-272
-220
-226
-290
-368
-504
-644
-719
-755
-749
-694
-738
-852
-916
-922
-891
-916
-990
-960
-798
-625
-556
-603
-640
-635
-570
-444
-382
-386
-406
-470
-476
-367
-233
-106
-56
-128
-228
-263
-192
-141
-111
-109
-194
-167
-163
-245
-228
-277
-316
-185
47
308
443
476
525
620
757
876
954
995
1045
1054
980
978
1153
1403
1529
1491
1358
1257
1270
1285
1258
1203
1073
914
746
564
462
394
340
361
333
216
73
-97
-206
-240
-259
-253
-302
-442
-569
-572
-436
-341
-376
-440
-475
-430
-357
-360
-350
-271
-190
-134
-151
-193
-145
-8
128
152
85
62
97
127
112
59
68
138
131
24
-149
-336
-303
-111
-68
-177
-343
-601
-807
-858
-830
-707
-591
-585
-679
-789
-845
-802
-676
-704
-758
-663
-506
-522
-590
-403
-329
-255
-143
-234
-308
-358
-267
-56
36
-77
-264
-284
-199
-106
-64
-44
85
145
-23
-217
-289
-311
-230
-198
-318
-363
-429
-307
39
313
497
451
439
527
664
815
801
864
998
1102
1158
1121
1043
1019
1108
1241
1365
1278
1069
988
925
876
899
838
695
597
490
386
311
210
91
10
11
40
6
-113
-283
-421
-474
-466
-405
-335
-347
-470
-601
-591
-408
-211
-192
-321
-384
-268
-98
-66
-192
-291
-197
7
155
198
141
-23
-102
61
220
170
-9
-155
-254
-252
-140
-64
-230
-422
-379
-320
-216
-268
-432
-520
-723
-724
-768
-840
-665
-589
-495
-573
-593
-430
-612
-569
-359
-244
-11
-125
-450
-662
-528
-168
-119
-107
39
28
-34
9
51
66
-48
-196
-108
-6
-118
-332
-372
-84
170
24
-188
-178
-149
-102
-31
-112
-203
-121
67
272
407
494
597
646
658
723
811
876
886
841
812
841
901
935
912
861
824
824
855
898
918
878
758
588
427
328
309
316
260
107
-75
-180
-171
-108
-59
-76
-192
-357
-497
-554
-510
-462
-440
-418
-393
-377
-440
-472
-352
-213
-42
90
-65
-181
-157
-181
-79
-94
-219
-21
178
219
377
179
-126
157
296
-150
-543
-426
-417
-390
-85
-369
-321
-25
-363
-253
-284
-661
-294
-216
-601
-501
-517
-581
-536
-654
-565
-335
-151
-160
-156
-130
-201
-81
-6
0
-60
-210
-310
-372
-335
-268
-175
-33
109
167
125
85
76
64
-57
-299
-491
-444
-244
-150
-213
-269
-235
-155
-58
-3
23
131
306
395
373
342
327
318
335
393
523
717
844
812
722
697
765
918
1068
1036
803
581
548
634
688
688
691
653
489
290
225
270
265
180
117
100
38
-115
-241
-238
-163
-121
-110
-125
-237
-395
-407
-247
-140
-194
-246
-227
-229
-228
-141
-110
-191
-234
-175
-143
-172
-141
-90
-55
-41
-65
-114
-71
-31
-52
-47
-183
-328
-424
-294
-61
-308
-555
-572
-428
-229
-177
-178
-581
-798
-516
-406
-163
-117
-467
-608
-694
-445
-79
20
87
-216
-245
-35
-34
175
71
-115
-5
132
78
-196
-180
60
255
211
75
37
-65
-111
-117
-133
-139
-114
-98
-107
-99
-136
-210
-244
-278
-353
-227
142
296
60
-127
45
333
493
538
490
397
342
378
472
554
610
657
709
719
640
611
714
812
820
761
603
413
330
443
567
482
323
186
60
-25
83
51
-209
73
166
-201
-135
-242
-234
-5
-233
-259
-306
-465
-444
-445
-375
-355
-145
-245
-598
-96
286
128
39
-213
-185
-57
-293
-293
-115
-274
-353
-225
-136
45
84
-126
-334
-308
-465
-583
-313
-446
-491
-326
-417
-437
-394
-296
-315
-346
-209
-88
-129
-189
-85
44
163
-23
-217
-35
-205
-362
-143
69
376
229
-40
225
426
378
74
-147
-154
-215
-38
56
-54
-78
-85
124
281
394
467
42
-337
-423
-230
-28
-45
6
-160
-22
287
202
336
454
316
198
150
141
230
273
234
333
350
447
612
585
633
578
418
501
475
327
398
397
272
200
179
316
355
146
11
-14
56
111
43
-55
-6
87
-15
-47
-143
-410
-659
-507
-161
-260
-189
-165
-272
-28
-54
-88
47
11
-109
-99
-61
-432
-432
-33
-19
9
-36
-153
-322
-373
-107
7
126
35
-238
-359
-518
-543
-372
-249
-300
-483
-542
-250
-65
-126
-369
-463
72
482
279
-98
-262
-355
-46
168
-330
-292
-102
161
348
333
452
400
469
365
482
314
139
-332
-261
86
9
-208
-328
-22
86
444
398
217
45
-130
204
67
-207
-437
-207
45
-190
-510
-441
-132
228
197
212
195
122
142
252
325
246
306
134
-85
268
334
111
16
48
301
469
481
471
349
125
-59
59
515
479
327
325
-182
-230
-187
-233
22
-20
-21
-188
-234
18
-28
-63
37
215
259
-3
-265
-394
-302
-98
64
271
-13
-459
-255
-210
-106
25
63
-114
-469
-136
90
2
-78
-39
-310
-189
-87
-23
-340
-604
-525
-332
-188
-29
34
7
-249
-448
-260
142
187
-24
-246
-214
186
123
-186
-89
40
118
62
124
241
-37
-21
331
304
218
96
22
186
105
51
114
-95
-249
-58
528
522
-139
-135
-62
78
309
229
48
-378
-172
47
-17
136
20
80
192
150
123
112
-102
-136
168
202
147
-99
-66
214
154
246
4
-304
-86
18
194
293
115
-13
61
95
-80
-67
-206
-181
94
102
85
-29
40
196
-64
-270
-129
-53
134
31
-238
-52
-192
42
435
379
491
165
-65
-119
-403
-221
53
42
-254
-358
-28
113
83
-93
66
500
430
47
-366
-486
-312
-207
-394
-312
-12
-33
-171
-290
49
36
-422
-312
-14
54
67
182
109
-2
-239
-319
-133
-15
125
-160
-305
-185
15
384
480
348
72
-46
139
341
231
212
153
-169
18
160
275
381
-42
-1
156
100
126
-155
-112
162
237
192
115
-100
-274
65
58
-123
-222
-271
58
135
204
84
-255
-140
22
-18
-66
-135
-157
-27
66
159
240
150
108
24
-231
-287
3
350
278
-230
-467
-202
-34
122
299
9
-93
-86
-59
118
-25
111
248
114
-99
-402
-389
-27
267
121
-68
-102
107
178
92
33
-262
-93
-14
-188
-55
78
110
-51
-206
-198
12
54
-44
19
7
-85
-184
-206
-118
-6
-78
-46
22
-84
-50
-81
-36
-43
-157
65
66
-12
21
13
109
-60
92
219
82
117
30
170
254
74
81
244
402
248
-124
-410
-70
432
172
-45
-311
52
78
184
129
79
363
363
306
173
-93
-155
-162
-58
-226
-497
-517
-324
-94
149
230
155
99
26
57
116
-12
-186
-387
-462
-170
-384
25
12
-101
186
201
317
147
272
-25
-129
-32
-157
-120
-68
60
-75
-66
74
350
189
41
-184
-118
73
158
-68
209
-99
-44
93
1
135
172
134
-142
-182
-68
-138
95
246
94
-313
-368
-93
98
-104
-287
-401
-276
177
232
181
137
27
-110
8
-223
-54
-80
163
55
-52
-56
0
98
30
133
155
130
3
103
-403
-90
50
156
5
106
53
-38
75
168
1
-49
123
183
191
87
-38
66
82
164
215
250
-96
-199
98
76
129
-16
-172
-156
-330
-72
163
111
141
-114
-258
-59
117
70
-189
-14
139
-124
-120
-79
-13
-2
-28
120
29
-58
45
100
133
209
7
-208
-40
-26
-114
-168
-186
-2
195
-72
-260
180
111
-24
-89
163
44
-201
-44
-229
-106
-484
16
-134
84
82
-52
184
85
18
-58
122
-116
69
57
-59
-6
175
389
333
92
187
34
-83
-317
-273
-112
-73
183
168
-15
-50
41
136
161
111
4
57
-30
-349
-245
-27
148
11
-145
-118
-81
12
90
374
68
64
-72
-6
-202
106
-153
-168
-153
-79
142
247
409
223
-147
-160
-29
117
58
-45
-137
27
263
247
-52
-247
-148
33
196
222
13
-142
-179
-205
-75
71
-27
-71
25
97
118
-178
-401
-135
195
231
52
-60
-57
73
-16
-82
8
-57
-72
-235
-157
-81
19
286
254
108
-114
-172
20
-128
-27
-27
-178
112
121
160
-164
169
110
355
79
-114
-170
-60
79
-136
148
-252
-80
32
176
-21
-252
-79
224
267
140
-120
-221
-171
3
99
180
128
71
1
8
68
-129
190
11
132
-104
134
70
91
-46
-90
-129
-45
206
3
-52
-239
8
-16
-76
177
-112
155
-190
-86
-153
117
109
246
-40
-177
30
115
234
-188
-5
56
71
44
99
45
81
-325
-306
57
256
189
-156
-41
39
-62
-181
-313
-97
20
151
85
237
108
-194
80
168
75
-334
-493
-216
-19
16
-154
-142
-105
-158
176
353
268
-165
-350
-120
123
329
-42
-84
-214
70
-197
5
-110
21
39
317
323
134
-79
-196
120
153
145
-219
121
-95
235
289
141
67
-410
-215
-65
148
-53
-95
-135
177
242
186
-41
-137
83
191
127
67
-62
-57
-120
-121
-141
-200
-125
16
321
231
21
157
97
122
197
63
-46
18
-22
1
-261
-459
7
159
-162
-117
-28
-2
97
129
61
-232
-172
-141
237
83
234
-257
7
136
-23
-4
-339
40
-73
153
-28
-1
-102
-54
119
125
77
103
129
32
58
17
-167
-6
-153
-146
9
-25
121
49
167
-219
52
-81
186
87
-93
-133
-99
29
111
-118
-106
208
163
30
-132
-166
80
151
183
-45
-134
-214
-110
-24
-169
-38
-225
44
242
167
241
39
36
-22
-144
-20
191
-257
-52
-386
-175
139
286
227
53
127
148
359
72
239
-308
-270
-25
-24
323
-230
-109
-403
71
98
125
128
110
126
35
44
-46
25
-218
20
-127
131
-25
-111
-113
78
37
175
-7
18
-13
-107
-120
70
252
-122
-178
-276
98
-44
181
-104
-5
-217
88
51
113
-216
-166
-143
32
75
-148
-39
-154
283
72
181
-122
-183
-206
37
494
66
23
-178
-91
-1
-156
-1
34
311
223
267
-2
-86
35
-226
-3
67
33
47
-167
95
110
113
2
-280
42
13
94
-99
87
-134
147
90
79
52
-268
-10
-186
150
-74
-87
12
-85
34
-158
131
-111
-81
-47
109
-17
17
103
-30
58
42
-24
241
75
85
-113
-277
19
62
362
246
-126
51
-183
167
110
-83
-62
-172
-242
-116
40
329
377
-286
-283
-409
-96
258
-52
36
-350
-183
90
51
45
38
25
48
77
159
-32
-220
-161
-20
113
-26
-55
26
-31
-86
-104
190
293
330
4
-76
-207
-27
35
159
29
-82
-74
40
151
-14
-42
-114
159
175
208
11
13
-15
-45
-33
-97
7
13
151
-82
10
38
90
13
70
-27
-40
-100
59
-205
-195
-138
-23
248
48
207
-230
-163
3
-105
204
95
-75
-102
46
287
1
83
-156
-149
-180
211
120
-272
82
-102
160
-79
-45
168
22
314
-46
-29
-123
-248
4
-26
170
17
-148
219
-177
207
-128
32
-165
-7
-59
0
57
-87
24
-63
-5
13
-5
236
160
24
30
69
-87
-70
-152
-29
145
-93
16
18
-171
-76
-112
19
-53
-126
44
-106
-144
-109
70
150
-19
-3
22
110
55
-93
-75
-34
-24
61
153
117
45
158
60
74
7
41
150
120
-93
-95
149
-163
34
8
214
71
188
-234
-136
-367
-13
-130
183
55
-24
6
47
183
-44
-68
-238
125
49
109
-77
-4
128
-10
-18
-6
151
48
-173
-208
48
223
0
-95
-231
37
38
121
13
-132
-35
-192
62
-84
-18
-22
265
-35
8
-157
-16
89
-59
50
50
163
-86
195
111
153
-152
124
84
15
-38
-375
-5
-155
211
-120
97
-170
-14
-199
30
4
35
-84
-88
48
-108
221
-123
57
-109
228
33
-88
-115
-6
27
-64
-95
-76
159
73
81
-209
46
69
164
-6
-155
-30
180
178
-49
98
-150
125
141
269
40
-73
5
-31
27
11
63
-78
224
-131
-192
-223
35
165
-95
-5
-152
282
-106
62
-226
112
-7
-19
-115
-91
44
19
16
67
223
18
-69
-13
308
17
24
-235
24
-8
145
-22
97
-56
53
-38
-107
124
-163
196
-63
173
-123
30
-227
-78
-54
-49
202
5
-12
-99
0
140
-55
-24
-73
-54
-103
-3
56
-30
41
-44
106
-108
-158
-107
86
253
184
-131
-100
-60
289
219
-153
-199
-95
9
138
56
-19
-74
62
-80
-121
73
53
140
-1
15
-10
-133
-189
11
-118
109
-55
13
38
71
161
-44
-92
-126
223
105
50
-64
-146
-7
125
-27
-36
22
56
81
115
-204
-153
115
-1
141
64
254
57
-37
-125
-172
29
-58
119
-23
8
9
46
225
100
-71
-219
-84
-32
-24
-55
179
-51
-61
-171
-148
188
71
19
57
22
6
-114
-37
-70
25
82
-116
-107
-66
114
57
156
-97
65
-93
-145
-142
-15
129
184
77
-232
-94
-203
342
135
118
-127
-61
16
135
132
-79
-30
-188
194
54
99
5
-55
-244
119
-72
233
26
117
-53
19
-209
-101
33
53
-10
-162
109
-82
150
10
17
-29
75
-103
-4
-134
12
9
-58
-16
-25
-29
67
124
-72
84
-67
241
-52
20
-111
34
127
43
37
-143
-80
57
95
100
-145
32
168
49
-138
-71
173
49
27
-167
-274
29
10
55
-42
-9
79
62
175
-46
-269
-237
-30
66
39
-28
-59
126
160
-16
-130
-97
-41
103
35
-121
-7
87
252
131
-57
48
-55
-75
-97
-101
50
-57
-48
56
98
236
56
-3
-57
-68
-4
4
32
-87
-60
-134
-25
13
299
24
145
-84
84
-44
-38
-78
-226
236
-251
292
-112
142
-181
163
-7
79
-117
16
105
-37
125
-29
145
-82
77
-265
45
-109
157
-9
-47
156
-110
194
-167
86
-112
-49
-54
-105
-113
0
14
243
104
226
88
-105
-124
-186
-68
59
8
336
-62
122
-294
-113
31
26
135
-93
-24
-143
-40
-95
102
-59
-30
73
-202
49
25
-91
99
-110
11
-127
-2
51
-34
154
-103
117
-60
78
287
-70
173
-299
36
-270
178
100
179
-62
-99
-112
-53
120
48
84
-168
36
10
54
-46
-157
-11
-29
149
1
97
-211
-91
-44
111
139
130
95
-181
156
-160
210
-78
27
33
-144
244
9
10
-29
24
113
87
183
-35
-56
-23
31
-62
-73
38
138
-129
116
-291
118
-215
-30
-51
-27
231
-83
-54
-74
109
20
55
-144
65
-62
25
27
58
-147
-75
-66
152
143
107
266
-77
-34
-104
113
-2
183
-122
-147
-136
-38
153
-67
86
-139
202
3
181
-82
-30
-40
-107
-8
-202
-5
-179
71
85
140
-20
26
-238
9
-49
-124
-69
71
162
96
-110
-62
-46
-8
376
-52
199
-126
-8
-15
-124
249
-37
99
-163
-31
30
-32
169
-130
-25
-109
112
-5
-5
78
-83
-61
-147
151
-64
78
-67
-86
-56
-47
208
-13
4
-19
94
-74
269
-162
112
-220
109
62
-36
262
-122
112
-78
184
-32
48
-197
70
-102
-58
50
-55
163
-119
100
-97
36
-61
101
-101
34
-112
107
114
-4
174
-207
118
-144
-64
-37
-143
185
-63
145
-142
-16
-42
-119
177
40
-28
-31
-122
146
48
144
-57
-37
-13
-151
-28
-26
129
96
136
-11
-165
-33
-15
32
-21
-35
55
-54
-129
74
-20
256
-127
27
-126
-1
21
-87
-16
-47
100
191
-91
-85
-166
137
237
132
22
-102
-2
-22
117
-111
-56
-162
156
29
33
-117
53
68
200
80
-79
-64
-145
28
-21
-82
-217
-155
400
454
302
-218
-159
-281
-102
23
73
330
-203
-44
-175
100
7
103
-44
-136
-30
-62
50
149
23
130
-86
12
-33
141
-1
-227
-21
3
-21
25
48
22
75
-36
-93
-68
-76
122
148
146
-31
-90
-112
-61
156
14
-79
-185
-34
219
50
-25
-143
-85
33
-50
82
47
79
58
-44
39
34
11
-7
-32
125
14
-80
-44
10
108
-35
-28
-177
-9
-96
240
-82
184
-164
63
107
80
177
-299
-26
-211
185
176
4
1
-227
6
110
296
27
-109
-187
-38
123
-27
-99
-138
83
138
100
8
-17
-76
-10
-127
-48
-55
81
58
-47
-45
-99
11
-99
52
-58
132
77
10
-34
-74
78
63
-19
-89
-15
-52
62
-93
139
-8
72
-15
68
33
2
-15
-51
179
3
-37
-130
-48
71
32
4
-84
-18
34
3
89
-42
-8
-4
-40
-10
-18
21
51
43
-37
-15
28
-85
90
-40
140
-117
-43
-106
-97
224
72
195
-164
-18
-51
98
125
0
-39
-154
105
-26
19
-79
-97
-10
157
41
49
-42
-130
107
-119
125
-33
-82
-60
-134
231
-82
135
-59
-23
51
98
-40
-130
44
-54
66
37
-35
28
-38
61
-7
21
41
-224
118
-46
114
-173
-13
82
37
59
-143
39
-54
142
16
-53
87
-56
-74
-39
-23
223
-62
56
-11
-94
-8
-84
79
-78
79
46
38
-85
-24
48
33
121
-25
65
-130
-7
67
-106
-4
4
90
-3
-112
40
-24
121
18
24
-101
-32
56
109
77
-145
66
-89
57
-90
-67
-9
-26
86
-44
-46
-39
111
60
-4
-81
-31
55
9
68
-75
49
-33
9
-11
-22
46
-56
5
27
43
30
118
-123
-47
-81
134
-35
38
3
37
120
-159
-24
10
246
62
32
-228
-61
52
31
100
-229
106
-146
144
17
-55
132
-89
154
-126
26
-176
91
70
-43
23
-97
-73
22
125
175
-91
-124
-121
64
142
31
3
-89
14
3
56
86
-33
-31
-103
69
46
51
44
-93
-66
-124
-27
45
68
55
-26
19
-32
-64
49
128
55
-91
-120
-52
76
50
-32
-41
48
138
-35
68
-37
-165
17
-87
37
-30
39
88
-56
75
-48
24
-34
-23
163
23
6
-142
-143
60
144
240
109
17
24
-95
-151
-243
-160
77
86
58
9
-86
-21
79
30
-35
-27
81
134
63
8
-65
-36
55
109
48
-71
-204
-169
-15
46
104
-75
-77
-91
60
264
-6
-57
-123
125
145
84
73
-218
35
-69
-40
-34
-60
86
-170
-16
-20
37
98
-7
20
-64
97
47
-80
-75
-79
108
165
72
-40
-99
61
145
95
37
-33
-7
2
-33
-93
-130
-19
43
-24
-18
-54
-9
73
27
78
-20
-50
21
38
97
-22
8
51
67
98
-76
-61
-84
-88
34
-60
-57
-60
-17
101
79
50
-57
17
70
-6
76
-11
-38
-16
-72
9
9
64
-24
-181
-57
-8
31
50
64
84
27
-21
-65
-48
4
96
48
12
-18
-52
49
31
35
-65
20
-13
-105
34
97
122
-44
61
-49
4
21
44
96
-72
-63
-65
45
92
-29
-100
-31
29
95
-35
-121
-125
16
73
24
-4
-20
33
-49
-64
-145
-45
28
108
73
65
-82
-122
5
121
99
-38
-37
7
78
22
-10
-102
-1
19
43
-67
-19
33
65
11
-12
20
-167
-49
34
90
2
-40
-3
16
96
78
-66
-67
-38
58
74
3
-101
-62
24
117
108
-15
-93
-73
68
70
36
-76
-132
29
90
78
-62
-142
-8
93
113
-62
-102
-7
32
110
-40
-47
-84
-7
-43
-1
61
-9
-59
38
51
31
-39
-42
67
123
113
-61
-140
-41
139
106
48
-5
2
-9
-4
81
26
141
-36
-159
-61
108
98
-32
-68
-27
23
6
-61
-95
112
136
-46
-116
-16
121
33
-34
-84
-21
87
57
-18
-2
51
15
-78
-90
-64
70
107
54
-46
-83
23
29
-28
-7
39
48
42
-59
-71
-84
-15
-1
32
-18
-80
-67
-54
-55
-18
48
74
66
-32
-49
-15
103
47
-42
-19
-9
64
35
-2
-57
-29
-36
-9
54
10
10
-44
-49
3
94
103
12
-43
61
51
-15
-3
-2
2
-23
-2
-9
2
30
-30
-45
-84
-53
21
100
85
16
3
-101
-78
32
112
58
-85
-127
-62
54
-10
-38
16
72
54
-45
-22
6
96
100
3
-2
73
114
-11
-87
-46
10
21
33
21
-7
1
-51
-54
-17
60
91
16
-42
-67
-2
0
-59
-27
28
1
-38
-24
-14
-28
-8
70
27
-12
12
-11
1
18
60
9
-13
-12
-72
-29
11
16
-21
43
48
-47
-22
-18
-1
34
118
68
-50
-9
-21
-38
31
82
12
-36
16
-29
-97
-38
48
40
16
-9
-79
-77
0
20
-1
18
45
20
-21
-44
-37
-15
22
48
28
3
-64
-37
66
88
53
-31
-20
18
27
26
-14
10
17
8
-12
-65
-84
-3
49
-10
-29
-32
-22
-3
43
22
-54
-10
39
49
22
14
-17
-49
-2
47
68
22
6
-13
-29
6
1
-3
5
55
49
-11
-29
-46
8
59
37
-1
-38
-14
-2
11
29
7
8
-12
-17
-11
-6
12
-9
-25
-20
-4
-21
-35
-13
18
23
0
-13
-32
-10
14
35
69
40
18
-1
11
45
19
-6
-8
19
32
-18
-43
-40
-9
28
30
31
11
-11
1
30
29
7
3
1
6
16
-1
-36
-30
29
41
-12
-41
-20
6
19
32
20
-25
-43
-9
7
-5
5
-7
4
19
17
-7
-55
-26
14
29
-3
-49
-26
-11
11
7
-31
-56
-46
7
-4
-35
-36
-34
0
34
54
13
-21
9
18
29
30
20
16
21
24
-10
-19
-6
4
-7
-17
-3
-20
-12
12
12
1
-13
28
63
39
3
-16
16
21
31
-7
-16
19
8
-21
-71
-9
0
23
-1
-15
-33
-1
34
55
35
3
-8
11
22
43
9
-3
-6
9
20
9
19
8
8
0
-6
11
22
33
9
-5
-18
-20
-12
-7
8
-19
-25
-1
-3
5
9
7
-12
-18
4
-5
-9
-10
-22
-7
15
13
-24
-38
-29
-14
-18
-8
-2
-1
12
-7
-20
-29
-2
3
30
0
-19
-28
-5
0
-8
-11
-7
-13
-7
-7
-2
-1
14
11
18
20
5
20
19
27
-5
20
12
14
20
19
12
-12
16
10
34
34
12
-5
-3
21
12
6
7
-3
27
10
13
-29
-30
2
20
31
4
1
-48
-28
13
38
22
-3
-30
-39
-5
14
-12
-11
5
3
-22
-19
-27
-5
14
-12
-24
1
26
-4
-28
-34
-7
24
12
-19
-37
-18
-12
22
8
5
-23
-22
-2
38
53
16
-6
-17
23
38
48
25
25
12
-2
15
44
48
36
17
2
26
62
45
19
11
-3
-4
20
23
8
8
-3
-24
-12
19
28
10
1
-18
-16
8
13
3
-19
-16
-25
-17
-14
-35
-38
-52
-29
-7
-2
-10
-22
-17
-14
14
0
-25
-16
0
10
1
9
4
-19
-27
-29
-2
25
16
-9
-19
-1
10
30
18
18
16
-13
0
9
45
12
-4
-22
-9
12
12
4
-18
2
1
4
-5
12
15
-9
-26
-14
0
13
3
-15
-33
-26
-6
5
10
3
-16
-26
-23
-4
10
-3
-24
-19
-17
-11
9
8
-7
-10
-17
-16
-5
19
27
-1
10
-12
10
14
21
2
-3
10
13
23
2
13
3
20
19
17
11
10
17
15
13
21
21
19
5
6
21
30
24
11
10
18
29
32
25
14
4
6
16
24
24
6
3
-5
11
10
10
-2
-9
-1
3
18
4
2
-21
-14
-15
3
-5
-15
-34
-33
-20
-13
-3
-17
-17
-33
-25
-10
7
6
-14
-22
-11
-1
2
-13
-15
-15
-7
0
5
10
4
2
0
13
20
21
15
11
19
18
17
0
-1
-6
2
12
8
3
-20
-9
-8
16
2
-5
-21
-12
5
11
10
-14
-21
-21
-6
8
-2
-5
-15
2
12
24
18
13
9
11
13
20
17
9
-6
-9
1
8
6
0
-6
-9
-9
-5
8
9
8
-4
1
6
11
2
-13
-11
-5
11
1
-12
-26
-20
-4
9
11
0
-8
-12
-1
9
12
8
-6
-6
-5
4
3
1
-6
-12
-7
2
18
20
6
-3
-3
19
27
29
9
0
0
18
31
32
20
-3
-5
4
25
22
9
-6
-2
6
13
9
4
-7
-12
-18
-4
3
3
-7
-18
-15
-9
4
0
0
-13
-9
-13
-2
-3
-3
-14
-18
-15
-13
-9
-15
-15
-18
-13
-8
1
3
2
1
-3
-3
-4
6
7
15
12
16
10
7
-3
1
8
16
13
11
7
8
6
4
5
6
1
-4
-6
0
4
2
-7
-5
6
18
24
18
9
5
8
15
21
21
15
10
8
10
12
7
-3
-12
-12
-7
-2
-7
-16
-20
-15
-7
-5
-12
-20
-23
-15
-8
-7
-14
-21
-23
-16
-5
1
-2
-8
-10
-3
3
7
5
0
-5
-3
9
20
18
9
2
10
23
31
29
23
11
8
16
29
34
26
13
7
12
20
24
20
10
2
4
12
17
10
1
-6
-2
3
7
4
-10
-20
-18
-9
1
1
-4
-13
-16
-8
2
11
11
1
-5
-3
6
12
10
2
-6
-6
0
6
6
-2
-13
-18
-11
-1
6
2
-13
-17
-9
7
12
2
-13
-20
-16
-6
1
4
-4
-9
-1
8
12
3
-5
-4
2
9
9
1
-9
-12
-1
10
15
6
-2
-5
2
11
17
13
5
-1
5
14
15
6
-4
-5
2
8
7
2
-3
-4
2
12
16
11
4
0
7
12
11
2
-9
-15
-11
-8
-6
-8
-12
-11
-6
-1
1
-1
-2
1
7
12
7
-1
-7
-4
1
5
2
-5
-10
-6
1
6
3
-5
-5
3
13
15
10
3
1
4
14
18
16
7
1
1
7
11
11
8
7
9
13
13
13
8
3
1
3
1
-4
-11
-12
-3
2
1
-7
-12
-11
-7
-3
-4
-8
-14
-14
-9
-5
-2
-9
-17
-17
-9
-1
-2
-8
-11
-6
2
9
8
1
-3
-3
1
6
6
3
-2
-4
-4
1
5
3
0
0
6
8
8
5
2
2
4
6
7
2
-3
0
3
1
-3
-6
-2
1
1
-1
0
5
10
14
14
11
