8
11
4
-9
-13
0
14
10
2
3
-2
-7
-2
1
4
2
-3
-2
-2
-15
-10
3
-13
-18
-11
-8
-3
3
-1
-14
-5
0
6
11
-13
-13
6
14
8
1
7
-8
-26
-13
0
-2
-2
-6
5
9
-6
-2
0
1
-2
5
12
7
13
14
8
-5
-5
4
5
-1
0
4
8
17
5
-6
-1
2
-6
-5
-3
-13
1
-9
-9
4
-16
-15
-10
-12
1
8
6
-7
7
5
-13
-2
-3
-6
-9
-18
-12
2
9
0
5
-8
-17
-9
-19
-3
1
-12
-2
1
-5
-4
4
-3
-9
-2
4
1
8
16
5
-5
0
4
1
-9
-6
13
25
16
7
14
16
3
6
34
46
24
13
27
26
16
17
15
20
28
22
22
29
23
15
9
-2
1
20
31
27
20
29
36
16
-9
-4
16
20
22
15
17
12
-4
0
-13
-10
-1
5
6
-16
-10
7
10
-1
-27
-30
-22
-16
-21
-28
-16
-10
-14
-26
-29
-21
-18
-11
-10
-15
-15
-4
6
-5
-16
-17
-7
6
4
-4
-1
5
-3
-11
-3
-7
-11
-4
-2
-10
-19
-6
3
-1
-9
-24
-7
11
-4
-19
-18
3
1
-5
-5
-14
-5
-1
3
6
0
8
15
13
0
-6
16
18
7
13
20
16
5
2
10
5
-3
-10
-13
-2
5
4
-2
-10
-11
-6
-2
1
1
1
3
-2
-7
-10
-5
-5
-15
-15
-11
-7
-14
-8
4
2
-5
-18
-17
-22
-25
-19
-12
3
1
-14
-15
-1
12
3
-5
-9
-10
-2
8
-6
-22
-7
9
-7
-25
-18
4
9
6
10
9
4
4
2
5
16
18
25
38
30
12
12
10
14
32
29
27
26
13
15
8
15
18
14
16
7
11
23
24
15
20
22
15
9
1
18
28
21
3
9
16
-10
-16
-18
-6
11
5
9
8
-5
-10
-13
-2
18
8
0
7
6
8
1
-1
9
-4
-22
-9
1
-10
-5
-8
1
7
1
2
-13
-14
8
10
7
6
11
28
17
-1
-2
-5
9
11
15
14
2
12
6
-5
8
2
-5
-1
-1
-2
-1
1
5
2
8
8
-1
0
6
9
14
13
10
-3
-4
7
1
1
7
-13
-22
-10
-10
4
18
0
-9
-16
-25
-22
-12
-9
-13
-13
-31
-28
-27
-27
-10
-8
-3
-14
-18
-3
2
-4
-22
-10
7
6
0
2
10
14
12
1
6
13
10
21
23
11
7
15
20
13
6
17
23
19
9
1
4
4
-5
-8
-3
-1
10
11
-2
-5
0
-3
-3
4
11
5
-11
-19
-24
-28
-17
-19
-20
-6
-13
-24
-21
-24
-20
-5
1
2
-4
-6
-1
-5
0
-1
-7
-2
-15
-18
-1
6
-7
-17
-10
-13
-14
-4
1
1
7
12
0
-13
-11
-9
-11
-12
-9
-12
-15
-14
-25
-11
10
-2
1
3
-14
-9
-5
-1
-9
-12
5
6
-15
-19
4
5
1
9
21
26
21
19
25
24
2
5
23
15
-11
-8
23
19
8
-4
-16
11
2
-18
-12
-3
16
8
-11
-24
-29
-15
-17
-29
-27
-6
-5
-14
-16
-19
1
7
-3
-7
-3
-1
-15
-7
-3
-8
1
-1
5
10
4
2
5
0
-5
-2
10
25
30
3
-10
4
22
20
-9
-2
15
6
3
-10
2
19
16
17
4
-1
0
-8
-12
-9
-4
-3
10
16
10
11
5
8
-2
14
31
19
24
22
26
9
0
20
15
20
11
8
8
-21
-18
-7
-7
5
1
-17
-21
-21
0
18
-6
-34
-46
-33
-24
-23
-11
-21
-33
-34
-27
-20
-21
-17
-18
-16
-21
-13
11
-3
-9
-2
4
6
-10
-10
-6
-3
3
8
1
-1
-1
-9
-5
-21
-26
6
28
26
-3
8
27
-6
-30
-26
-14
-1
-6
0
-1
4
8
3
13
10
4
20
22
13
13
9
10
12
1
-2
5
14
11
1
6
6
9
32
27
15
21
19
20
19
5
8
8
3
17
6
-8
1
7
-3
-7
-8
-10
7
8
9
10
-2
-7
-27
-10
4
-12
-11
-26
-22
-16
-13
-5
-26
-20
-4
-19
-24
-29
-26
-10
-28
-30
-14
-14
-11
-11
-14
-25
-22
-11
-23
-25
-13
-4
6
7
-6
-20
-22
-29
-19
0
2
-9
-19
-15
-4
-9
-17
-1
5
-3
2
-2
-8
1
5
-5
-14
-9
9
17
-1
-12
4
17
15
5
3
9
8
8
21
34
38
40
29
14
10
19
26
27
28
19
15
10
8
9
22
34
20
14
-1
2
24
16
21
28
23
8
-10
2
20
18
19
26
22
12
11
16
10
11
33
31
25
18
1
18
29
9
10
18
13
21
17
11
13
18
34
29
17
21
22
20
10
5
17
15
7
0
-12
9
29
25
24
14
9
16
7
1
-1
-6
-4
-5
0
16
2
3
28
29
22
28
25
22
13
5
17
33
30
20
14
7
0
4
13
13
3
-3
-3
-8
0
16
18
-2
-21
-12
2
-1
-5
2
8
11
8
-2
-1
11
19
16
-1
-11
0
15
22
27
32
31
28
25
29
27
16
11
21
30
38
29
0
-7
11
14
11
29
28
9
2
-2
4
8
7
6
17
16
5
3
-16
-7
1
-5
3
-10
-21
-13
-5
-4
4
-5
-24
-30
-40
-39
-35
-25
-11
-11
-14
-29
-24
-24
-27
-8
-22
-35
-22
-29
-25
-14
-16
-25
-26
-19
-14
-12
-9
-7
-9
1
2
-13
-8
-14
2
14
-5
1
-8
-16
-10
-19
-23
-25
-7
0
-21
-33
-28
-8
-10
-22
-35
-35
-18
0
7
-3
-16
-14
-8
-22
-31
-34
-13
8
-1
-12
-20
-4
-7
-11
7
11
13
17
16
-3
-18
-10
-5
-2
2
1
-17
-9
-9
0
19
9
18
24
16
22
12
3
22
33
21
18
15
10
7
-1
13
25
3
-7
-5
-12
-5
6
0
0
9
14
3
-5
7
25
35
28
11
10
18
19
24
23
18
18
17
15
7
-7
-5
4
8
4
-2
-5
-6
-23
-33
-19
0
6
3
-10
-16
-14
-13
-21
-24
-23
-22
-17
-16
-12
2
13
13
7
-3
-5
0
4
26
38
14
-2
8
14
13
9
2
7
17
10
5
13
23
24
22
20
14
8
8
4
5
14
13
8
9
2
7
19
2
-15
-2
12
5
-12
-25
-21
-11
-15
-27
-39
-30
-22
-34
-31
-6
-3
-19
-30
-25
-12
2
1
-7
-8
-6
6
-4
-13
-13
-26
-13
-6
-8
-15
-5
-3
-16
14
5
-7
-18
-28
-11
-16
-1
-4
-17
-14
-7
9
6
-12
-21
-6
7
11
9
0
-4
3
11
9
2
-3
-3
-7
1
15
16
10
7
1
-8
-9
-3
-5
-9
4
3
-10
-6
-14
-15
-8
-15
-6
2
9
9
-5
-6
7
29
23
10
19
37
40
24
14
28
47
36
14
14
19
23
26
26
27
21
-2
-16
-6
7
-2
-5
16
12
-10
-8
-3
-3
0
-9
-15
-10
-11
-4
-3
-1
9
14
9
1
-14
-25
-11
3
2
-5
1
10
-1
-15
-2
12
1
-7
0
0
-7
-7
-9
-9
0
9
16
9
-2
-1
11
3
0
10
1
5
-5
-17
-21
-1
-2
12
5
0
6
1
-7
-5
-13
-19
-14
-15
-15
-5
0
-2
0
-3
-8
-12
-15
-14
-2
-16
-33
-16
-3
6
4
7
-2
-2
-22
-15
-12
-14
-8
4
0
0
4
3
0
-5
-8
7
4
-6
-16
-20
-10
-1
-1
-3
7
17
24
19
5
12
6
-3
0
1
1
-7
-6
-5
-8
0
5
-3
-11
2
19
16
3
2
0
-13
-18
-5
6
6
-2
-2
-3
-13
-26
-37
-34
-21
1
0
-2
-6
3
0
-2
-9
-9
-6
-6
-13
-25
-27
-18
-6
-4
-11
-16
-2
13
5
0
5
10
16
12
13
16
26
42
27
68
122
87
81
119
139
194
222
348
870
1443
1667
1476
881
105
-650
-1352
-1827
-1704
-1182
-347
598
1183
1496
1473
1527
1974
2712
3348
3324
2729
1647
608
-218
-898
-932
-406
647
1766
2143
1825
1056
355
-19
-275
-448
-569
-522
-486
-739
-1177
-1600
-1817
-1870
-2058
-2357
-2519
-2623
-2675
-2870
-3092
-3025
-2817
-2509
-2322
-2130
-1871
-1736
-1658
-1678
-1562
-1306
-1072
-898
-798
-723
-645
-551
-520
-478
-346
-177
-38
-21
-99
-142
-137
-186
-252
-264
-200
-129
-117
-132
-159
-182
-167
-60
91
248
347
392
410
337
239
151
219
307
474
687
776
931
859
759
690
594
519
353
246
-56
-324
-491
-533
-394
-304
-117
-18
-89
-307
-686
-1184
-1512
-1657
-1641
-1245
-902
-574
-322
-273
-285
-514
-831
-1131
-1376
-1629
-1802
-1778
-1638
-1384
-1065
-722
-493
-401
-472
-774
-1090
-1282
-1222
-688
108
881
1655
2293
2771
3137
3181
2997
2834
2655
2476
2438
2648
3136
3715
4172
4509
4695
4670
4439
3994
3364
2713
2141
1647
1323
1192
1239
1366
1459
1402
1207
957
600
258
-53
-178
-176
-126
54
290
826
1339
1820
2214
2307
2318
2041
1682
1286
946
731
686
905
1098
1372
1515
1445
1289
870
210
-550
-1433
-2243
-2734
-3029
-3021
-2938
-2897
-2936
-3076
-3193
-3488
-3735
-4172
-4745
-5097
-5491
-5494
-5242
-4916
-4270
-3641
-2961
-2445
-2171
-2266
-2697
-3245
-3995
-4086
-3723
-2683
-1133
64
1537
2613
3474
4055
3830
3637
3123
2614
2298
2059
2472
3156
4047
4852
5465
5935
6005
5815
5091
4278
3281
2192
1381
594
387
396
569
914
1131
1339
1269
1072
598
-8
-613
-1311
-1692
-1924
-1801
-1263
-574
397
1251
2030
2685
3025
3246
3135
2843
2463
2085
1912
1893
2037
2300
2618
2866
2993
2855
2423
1707
635
-546
-1614
-2569
-3299
-3732
-3905
-3696
-3415
-3286
-3257
-3461
-3887
-4477
-5110
-5726
-6014
-6120
-6021
-5522
-5068
-4415
-3889
-3568
-3242
-3262
-3288
-3532
-3907
-4236
-4642
-4544
-3946
-2849
-1426
-245
888
1859
2561
3147
3218
3218
3077
2747
2628
2397
2736
3398
4209
5065
5568
6136
6329
6334
5927
5270
4536
3558
2727
1775
1272
1016
949
1077
1055
1175
1048
793
354
-284
-932
-1636
-2244
-2713
-2866
-2662
-2138
-1411
-562
343
1202
1995
2635
3096
3354
3458
3457
3370
3256
3166
3136
3150
3171
3139
2994
2715
2310
1749
986
50
-942
-1896
-2764
-3527
-4071
-4402
-4620
-4756
-4837
-4888
-4997
-5224
-5534
-5872
-6272
-6614
-6843
-6933
-6723
-6422
-5929
-5389
-5040
-4637
-4507
-4502
-4620
-4936
-4752
-4246
-3301
-2138
-1195
60
1210
2332
3224
3683
4147
4248
4229
3996
3794
3948
4191
4587
4884
5319
5858
6263
6535
6451
6208
5736
4976
4047
2987
2139
1455
858
426
119
18
-6
-33
-111
-314
-605
-1068
-1667
-2239
-2635
-2819
-2789
-2548
-2056
-1278
-308
739
1790
2791
3621
4181
4476
4555
4475
4301
4070
3797
3518
3254
3005
2767
2519
2196
1729
1089
293
-611
-1565
-2524
-3449
-4308
-5070
-5703
-6168
-6404
-6457
-6425
-6375
-6345
-6375
-6490
-6621
-6712
-6742
-6679
-6512
-6298
-6009
-5681
-5406
-5206
-5161
-5074
-4705
-3958
-2872
-1871
-920
133
1187
2210
2893
3397
3856
4103
4265
4220
4320
4663
5018
5390
5643
6027
6383
6591
6656
6518
6346
5990
5406
4610
3790
3100
2420
1743
1125
669
354
104
-145
-378
-573
-804
-1134
-1544
-1929
-2219
-2377
-2392
-2242
-1886
-1320
-560
341
1326
2328
3240
3954
4413
4648
4729
4662
4434
4071
3647
3219
2811
2437
2121
1848
1550
1162
657
43
-697
-1559
-2517
-3537
-4537
-5445
-6146
-6623
-6883
-7011
-7052
-7038
-7011
-6932
-6891
-6829
-6830
-6839
-6814
-6815
-6709
-6603
-6396
-6309
-6210
-5786
-5083
-3845
-2628
-1507
-240
910
2123
3032
3586
4079
4373
4539
4479
4435
4598
4941
5354
5654
6114
6588
7036
7308
7285
7219
6883
6331
5537
4594
3763
2926
2107
1353
695
239
-61
-319
-472
-562
-692
-900
-1288
-1748
-2163
-2511
-2758
-2845
-2711
-2321
-1691
-841
211
1378
2507
3445
4161
4668
4947
4986
4773
4391
3946
3495
3047
2658
2360
2152
1970
1715
1409
919
315
-428
-1356
-2343
-3454
-4490
-5453
-6284
-6877
-7340
-7520
-7562
-7473
-7260
-7082
-6880
-6766
-6724
-6664
-6701
-6699
-6676
-6699
-6589
-6583
-6421
-5932
-5123
-3864
-2676
-1367
16
1341
2635
3490
4202
4679
4919
4972
4717
4622
4657
4856
5161
5452
5950
6457
6949
7284
7400
7461
7228
6679
5785
4781
3835
2813
1868
966
296
-187
-589
-751
-896
-896
-923
-1142
-1324
-1661
-1910
-2117
-2375
-2356
-2310
-2012
-1498
-900
76
1036
2110
3078
3859
4619
5053
5382
5362
5177
4848
4311
3817
3169
2692
2201
1715
1318
839
513
69
-474
-1092
-1875
-2683
-3613
-4591
-5460
-6232
-6814
-7262
-7572
-7696
-7717
-7641
-7534
-7334
-7080
-6847
-6638
-6435
-6166
-6022
-5931
-6015
-6230
-6074
-5686
-4851
-3774
-2798
-1409
-17
1382
2667
3499
4421
4969
5331
5477
5294
5321
5242
5264
5195
5257
5564
5847
6291
6551
6860
7057
6904
6509
5813
5075
4251
3233
2141
1119
185
-589
-1221
-1628
-1752
-1810
-1795
-1747
-1719
-1623
-1544
-1525
-1476
-1381
-1239
-1005
-674
-196
432
1145
1900
2657
3411
4148
4724
5076
5271
5273
5071
4689
4128
3521
2860
2091
1347
627
-67
-648
-1206
-1713
-2149
-2606
-3065
-3585
-4202
-4814
-5456
-6081
-6591
-7078
-7463
-7737
-7927
-7925
-7762
-7455
-7034
-6543
-6038
-5547
-5194
-5027
-5032
-5059
-4826
-4438
-3744
-3030
-2167
-1037
41
1273
2276
3315
4302
5044
5600
5777
5992
6003
5995
5852
5622
5599
5486
5545
5571
5702
5935
5980
5921
5650
5284
4876
4260
3453
2580
1584
612
-338
-1243
-1875
-2306
-2613
-2801
-2854
-2798
-2493
-2162
-1873
-1425
-1140
-706
-240
43
576
958
1368
1929
2277
2829
3347
3728
4160
4399
4616
4744
4640
4383
4016
3487
2794
1995
1095
267
-555
-1415
-2146
-2835
-3424
-3902
-4358
-4620
-4748
-4905
-5068
-5329
-5680
-6011
-6428
-6897
-7297
-7629
-7697
-7597
-7274
-6777
-6193
-5572
-5113
-4787
-4700
-4379
-4075
-3572
-2935
-2550
-1631
-851
132
1190
1998
3111
3960
4753
5224
5555
5832
5987
6148
5959
5896
5707
5530
5498
5320
5435
5468
5371
5263
4911
4683
4336
3760
3122
2327
1564
743
-101
-896
-1538
-1998
-2500
-2766
-2914
-2939
-2636
-2408
-1979
-1390
-923
-274
222
746
1393
1776
2248
2579
2827
3226
3438
3652
3887
4041
4179
4268
4212
4079
3884
3459
2922
2227
1386
574
-363
-1332
-2207
-3023
-3622
-4120
-4585
-4876
-5115
-5327
-5455
-5663
-5863
-6050
-6424
-6736
-7043
-7295
-7378
-7334
-7194
-6930
-6476
-6173
-5765
-5611
-5376
-4772
-4225
-3312
-2713
-1915
-954
-116
933
1638
2556
3372
4060
4597
4843
5240
5511
5815
5887
5882
5956
5920
6061
6004
5972
6053
5845
5633
5261
4839
4458
3903
3252
2484
1784
1042
279
-363
-939
-1380
-1767
-2127
-2367
-2457
-2435
-2289
-2114
-1813
-1401
-987
-424
98
690
1323
1814
2354
2765
3154
3608
3859
4069
4212
4257
4277
4161
3967
3720
3376
2912
2357
1742
1101
430
-348
-1130
-1893
-2640
-3298
-3932
-4495
-4929
-5307
-5619
-5877
-6077
-6172
-6289
-6458
-6586
-6678
-6728
-6703
-6675
-6588
-6424
-6274
-6133
-5969
-5817
-5469
-4903
-4291
-3395
-2675
-1821
-792
108
1198
1888
2751
3517
4036
4550
4684
5016
5163
5376
5431
5403
5567
5524
5702
5687
5745
5812
5705
5609
5317
5015
4588
4041
3359
2646
1887
1109
356
-380
-948
-1438
-1835
-2155
-2296
-2340
-2201
-2013
-1800
-1383
-1089
-599
-142
286
850
1201
1652
2041
2343
2722
3030
3297
3557
3767
3858
3910
3861
3712
3500
3167
2757
2231
1585
892
109
-738
-1536
-2335
-3037
-3602
-4115
-4468
-4742
-5000
-5162
-5340
-5567
-5774
-6045
-6347
-6601
-6864
-6986
-7015
-6937
-6744
-6482
-6200
-5972
-5768
-5646
-5229
-4792
-4186
-3396
-2804
-1837
-981
-79
861
1588
2498
3207
3865
4329
4658
5016
5315
5608
5607
5662
5751
5741
5822
5801
5843
5898
5739
5560
5297
4971
4632
4114
3509
2843
2107
1410
705
-3
-580
-1113
-1571
-1934
-2217
-2317
-2255
-2132
-1945
-1613
-1265
-792
-318
120
682
1113
1602
2043
2422
2831
3139
3415
3594
3760
3774
3762
3689
3456
3268
2916
2530
2098
1524
942
253
-470
-1196
-1935
-2623
-3228
-3788
-4270
-4648
-5040
-5337
-5568
-5821
-5958
-6122
-6289
-6391
-6552
-6593
-6667
-6707
-6573
-6500
-6269
-6099
-5915
-5747
-5459
-4945
-4445
-3610
-3022
-2110
-1095
-239
857
1534
2494
3241
3830
4305
4558
5011
5188
5487
5445
5409
5484
5425
5569
5562
5676
5736
5717
5621
5404
5211
4887
4427
3833
3222
2497
1725
965
183
-459
-1054
-1616
-2010
-2301
-2432
-2317
-2201
-2003
-1635
-1254
-766
-281
162
713
1176
1549
1909
2165
2471
2755
2897
3109
3309
3411
3513
3527
3490
3435
3244
2953
2583
2079
1465
755
-46
-898
-1775
-2602
-3355
-4045
-4588
-4948
-5174
-5271
-5348
-5392
-5391
-5493
-5673
-5867
-6129
-6359
-6543
-6776
-6811
-6788
-6760
-6583
-6402
-6189
-5865
-5355
-4769
-3948
-3181
-2399
-1372
-535
474
1271
2027
2851
3419
3999
4330
4715
4974
5235
5432
5399
5557
5556
5656
5738
5707
5829
5850
5772
5599
5309
4980
4604
4029
3367
2666
1906
1198
472
-199
-731
-1194
-1580
-1854
-2033
-2060
-1955
-1824
-1612
-1307
-959
-524
-70
379
862
1292
1680
2069
2407
2742
3023
3199
3355
3452
3495
3513
3421
3263
3071
2781
2430
2000
1463
853
167
-587
-1358
-2122
-2829
-3473
-4043
-4474
-4712
-4875
-5032
-5233
-5461
-5657
-5944
-6316
-6660
-6950
-7205
-7299
-7294
-7222
-7018
-6785
-6472
-6247
-5818
-5231
-4616
-3807
-3179
-2326
-1401
-556
410
1180
2020
2814
3451
3991
4392
4797
5150
5451
5565
5640
5733
5719
5787
5758
5858
5903
5777
5753
5449
5228
4955
4487
4034
3366
2714
1984
1256
548
-111
-623
-1137
-1607
-1943
-2132
-2197
-2100
-2003
-1761
-1512
-1200
-737
-370
192
658
1118
1625
1959
2393
2693
2965
3214
3332
3447
3444
3436
3347
3198
3028
2721
2442
2046
1560
1091
456
-238
-992
-1769
-2502
-3203
-3794
-4278
-4672
-4964
-5192
-5419
-5575
-5684
-5867
-6049
-6278
-6520
-6665
-6764
-6802
-6724
-6595
-6409
-6161
-5963
-5735
-5334
-4826
-4169
-3402
-2723
-1804
-876
29
1027
1722
2595
3291
3841
4311
4540
4930
5077
5307
5294
5279
5374
5268
5399
5310
5398
5432
5380
5338
5109
4946
4589
4212
3642
3041
2376
1615
974
245
-326
-871
-1374
-1736
-2020
-2126
-2087
-1987
-1811
-1478
-1159
-741
-223
253
765
1281
1679
2066
2416
2643
2919
3047
3149
3246
3225
3267
3210
3158
3020
2799
2524
2137
1724
1170
635
-63
-814
-1546
-2342
-2985
-3639
-4203
-4615
-4961
-5225
-5454
-5617
-5725
-5798
-5941
-6106
-6266
-6430
-6537
-6645
-6693
-6607
-6507
-6331
-6142
-5965
-5523
-5039
-4352
-3587
-2842
-1817
-900
141
1048
1854
2753
3391
4029
4390
4690
5009
5183
5355
5294
5307
5316
5288
5374
5352
5486
5537
5541
5428
5287
5123
4830
4503
3900
3292
2571
1817
1118
347
-274
-868
-1377
-1790
-2092
-2208
-2155
-2042
-1830
-1494
-1111
-626
-140
306
862
1270
1687
2003
2248
2488
2629
2778
2818
2885
2876
2883
2901
2822
2788
2603
2390
2111
1693
1252
680
-9
-749
-1518
-2282
-2991
-3672
-4268
-4739
-5137
-5428
-5617
-5718
-5752
-5791
-5855
-5937
-6041
-6153
-6249
-6350
-6389
-6362
-6339
-6254
-6199
-6055
-5675
-5205
-4535
-3759
-2933
-1873
-850
205
1220
2131
3069
3769
4374
4713
4998
5259
5321
5425
5270
5238
5215
5176
5234
5182
5330
5404
5465
5438
5332
5235
4982
4626
4035
3401
2663
1825
1035
186
-526
-1159
-1768
-2213
-2516
-2614
-2505
-2283
-2014
-1592
-1140
-639
-28
424
966
1389
1685
2031
2173
2373
2493
2559
2643
2670
2731
2757
2818
2826
2829
2758
2564
2326
1946
1477
897
159
-627
-1467
-2344
-3142
-3871
-4504
-4939
-5306
-5594
-5698
-5776
-5746
-5707
-5742
-5792
-5884
-5997
-6187
-6285
-6434
-6450
-6434
-6415
-6258
-6159
-5673
-5197
-4433
-3571
-2819
-1675
-684
474
1432
2294
3185
3798
4395
4652
4964
5165
5265
5358
5180
5164
5112
5140
5211
5190
5365
5447
5550
5527
5372
5258
4959
4616
3990
3342
2602
1721
996
152
-502
-1126
-1677
-2033
-2315
-2363
-2301
-2057
-1763
-1385
-916
-487
54
539
1018
1465
1767
2077
2261
2424
2608
2678
2775
2832
2828
2833
2841
2828
2789
2689
2484
2221
1809
1294
702
-36
-808
-1590
-2392
-3125
-3805
-4408
-4867
-5259
-5541
-5696
-5851
-5973
-6048
-6168
-6296
-6393
-6507
-6578
-6581
-6578
-6552
-6498
-6473
-6414
-6141
-5738
-5116
-4296
-3520
-2570
-1527
-529
555
1483
2418
3290
3935
4529
4886
5169
5356
5462
5475
5352
5323
5255
5302
5307
5379
5515
5484
5481
5389
5312
5137
4875
4413
3800
3170
2363
1632
803
37
-601
-1273
-1779
-2219
-2447
-2495
-2431
-2213
-1893
-1396
-893
-315
267
796
1368
1728
2067
2291
2442
2639
2681
2752
2761
2773
2746
2778
2786
2676
2683
2532
2355
2023
1565
1117
465
-258
-1039
-1827
-2613
-3366
-4054
-4627
-5035
-5378
-5608
-5781
-5935
-6009
-6041
-6042
-6092
-6156
-6173
-6190
-6176
-6208
-6219
-6198
-6186
-6140
-5869
-5409
-4810
-4002
-3299
-2286
-1287
-287
811
1648
2709
3454
4160
4633
4902
5264
5337
5529
5337
5261
5176
5005
5054
4883
4965
5023
5080
5084
4996
4953
4798
4631
4157
3602
2975
2208
1465
639
-93
-815
-1488
-1990
-2401
-2582
-2573
-2353
-2110
-1671
-1130
-608
127
580
1211
1715
2034
2445
2505
2749
2814
2827
2834
2719
2762
2693
2688
2588
2522
2453
2247
2028
1654
1240
736
92
-628
-1372
-2188
-2978
-3704
-4388
-4921
-5363
-5665
-5856
-5984
-6020
-6003
-6048
-6052
-6074
-6181
-6194
-6297
-6372
-6453
-6516
-6536
-6565
-6266
-5896
-5252
-4394
-3626
-2533
-1465
-342
796
1700
2738
3548
4238
4705
4969
5287
5375
5527
5357
5263
5249
5126
5206
5055
5179
5256
5318
5347
5252
5226
5001
4853
4306
3745
3100
2256
1561
639
-124
-882
-1578
-2074
-2510
-2728
-2714
-2520
-2261
-1836
-1315
-717
-76
501
1063
1573
1992
2323
2546
2695
2819
2839
2805
2796
2748
2728
2733
2696
2652
2565
2420
2242
1939
1510
989
351
-391
-1200
-2058
-2871
-3608
-4286
-4827
-5264
-5583
-5834
-6014
-6158
-6239
-6288
-6350
-6323
-6370
-6284
-6302
-6402
-6398
-6433
-6383
-6470
-6241
-5914
-5433
-4591
-3937
-2909
-1860
-791
465
1418
2515
3394
4135
4777
5048
5441
5570
5698
5664
5424
5385
5215
5248
5128
5124
5192
5175
5260
5131
5150
4961
4759
4403
3834
3322
2522
1822
1002
178
-525
-1258
-1823
-2310
-2644
-2749
-2659
-2439
-2060
-1618
-1089
-443
173
799
1388
1881
2318
2645
2836
2974
3045
3040
3019
2949
2864
2801
2697
2594
2500
2329
2116
1842
1423
928
357
-334
-1048
-1765
-2528
-3244
-3922
-4560
-5096
-5506
-5839
-6095
-6265
-6379
-6451
-6509
-6522
-6579
-6614
-6611
-6629
-6587
-6541
-6462
-6449
-6197
-5806
-5324
-4565
-3931
-2973
-1897
-872
305
1291
2336
3273
4003
4604
4996
5302
5554
5727
5676
5540
5424
5298
5227
5120
5064
5086
5105
5057
5010
4974
4781
4634
4268
3774
3261
2474
1786
946
153
-553
-1345
-1873
-2383
-2702
-2789
-2725
-2484
-2146
-1661
-1146
-553
99
721
1310
1836
2244
2575
2845
3006
3126
3161
3134
3105
3030
2971
2915
2767
2597
2421
2168
1883
1525
1030
439
-228
-919
-1602
-2340
-3087
-3783
-4421
-4950
-5390
-5781
-6088
-6306
-6486
-6640
-6821
-6930
-6950
-6999
-6964
-6891
-6786
-6624
-6518
-6453
-6190
-5790
-5262
-4513
-3866
-2966
-1986
-986
97
1050
2174
3065
3905
4495
4980
5446
5621
5908
5758
5701
5640
5474
5466
5227
5208
5156
5149
5083
4944
4859
4663
4478
4043
3569
3037
2389
1717
949
221
-487
-1199
-1823
-2289
-2625
-2754
-2707
-2541
-2207
-1777
-1231
-575
100
746
1352
1886
2328
2657
2901
3083
3163
3175
3167
3085
2964
2863
2731
2591
2450
2237
1991
1726
1345
865
311
-346
-1049
-1776
-2535
-3283
-4022
-4690
-5207
-5636
-5989
-6197
-6378
-6469
-6482
-6528
-6533
-6540
-6516
-6496
-6465
-6513
-6547
-6575
-6543
-6244
-5869
-5185
-4489
-3663
-2584
-1574
-367
690
1790
2823
3706
4472
4939
5378
5608
5837
5875
5696
5579
5407
5375
5267
5137
5123
5127
5153
5115
5121
5055
4930
4678
4166
3665
2992
2246
1474
600
-141
-916
-1614
-2209
-2643
-2822
-2868
-2700
-2446
-2003
-1420
-803
-89
544
1215
1767
2163
2564
2783
2972
3047
3047
2981
2846
2785
2644
2614
2518
2348
2196
1967
1762
1398
957
492
-87
-736
-1457
-2217
-2970
-3644
-4296
-4875
-5337
-5760
-6076
-6331
-6523
-6631
-6703
-6710
-6705
-6609
-6538
-6465
-6448
-6471
-6468
-6457
-6132
-5747
-5074
-4387
-3723
-2727
-1815
-699
347
1405
2479
3419
4242
4754
5304
5622
5940
6042
5857
5824
5613
5517
5376
5181
5134
5017
4981
4884
4807
4755
4671
4519
4057
3600
2970
2343
1734
897
188
-628
-1288
-1873
-2364
-2626
-2800
-2672
-2518
-2105
-1571
-1001
-291
352
1060
1641
2117
2528
2823
3011
3146
3217
3141
3066
2943
2788
2646
2472
2282
2056
1777
1470
1102
659
168
-384
-983
-1625
-2294
-2928
-3540
-4111
-4669
-5168
-5556
-5907
-6298
-6593
-6760
-6936
-7030
-7047
-7017
-6952
-6815
-6684
-6588
-6472
-6362
-6004
-5606
-4924
-4177
-3467
-2409
-1504
-420
510
1454
2500
3337
4135
4650
5231
5541
5886
6045
5970
6082
5931
5952
5770
5651
5634
5487
5447
5245
5139
4945
4759
4501
4027
3539
2932
2310
1644
924
228
-421
-1090
-1683
-2128
-2432
-2527
-2526
-2377
-2032
-1587
-1014
-384
244
904
1500
2001
2463
2784
3011
3178
3230
3223
3163
3036
2893
2757
2601
2401
2154
1884
1566
1148
685
168
-422
-1082
-1741
-2394
-3066
-3719
-4374
-4917
-5426
-5784
-6059
-6275
-6364
-6514
-6536
-6646
-6720
-6767
-6855
-6815
-6912
-6923
-6966
-6849
-6466
-6036
-5262
-4515
-3621
-2506
-1449
-260
793
1873
2846
3649
4389
4816
5305
5533
5736
5816
5626
5595
5410
5420
5321
5268
5302
5287
5318
5202
5245
5104
5018
4721
4203
3733
3000
2361
1567
772
4
-784
-1440
-2045
-2424
-2709
-2727
-2572
-2341
-1838
-1313
-645
33
665
1360
1892
2395
2710
2978
3112
3133
3179
3009
2957
2753
2610
2505
2283
2179
1931
1754
1428
1034
621
59
-506
-1217
-1930
-2698
-3446
-4137
-4820
-5358
-5766
-6039
-6256
-6427
-6537
-6647
-6741
-6838
-6875
-6906
-6879
-6792
-6768
-6731
-6708
-6410
-6068
-5519
-4777
-4130
-3102
-2141
-1046
59
1068
2180
3040
3907
4466
4980
5368
5651
5941
5820
5813
5722
5600
5572
5410
5363
5364
5326
5267
5172
5019
4890
4708
4351
3906
3308
2676
2010
1250
523
-252
-898
-1540
-2063
-2374
-2630
-2527
-2438
-2142
-1640
-1166
-427
219
883
1526
2042
2515
2837
3082
3228
3261
3219
3154
2996
2792
2626
2407
2171
1938
1661
1348
987
598
193
-290
-888
-1508
-2143
-2804
-3434
-4103
-4729
-5318
-5857
-6302
-6644
-6870
-7034
-6990
-7030
-6959
-6877
-6839
-6603
-6574
-6457
-6461
-6308
-5988
-5656
-4957
-4381
-3475
-2464
-1507
-352
660
1808
2839
3768
4503
4990
5507
5774
6112
6224
6097
6071
5845
5811
5610
5454
5461
5335
5322
5161
5123
4970
4805
4535
4027
3588
2923
2342
1598
781
35
-756
-1376
-1955
-2386
-2660
-2701
-2587
-2342
-1927
-1441
-768
-35
636
1281
1865
2339
2744
3026
3184
3339
3385
3295
3169
2974
2790
2623
2393
2132
1890
1623
1276
907
440
-56
-633
-1280
-1872
-2581
-3259
-3922
-4576
-5103
-5609
-6009
-6385
-6707
-6914
-7111
-7201
-7236
-7189
-7118
-7030
-6854
-6711
-6560
-6503
-6215
-5833
-5367
-4611
-4009
-3121
-2177
-1182
-120
854
1975
2906
3836
4472
5037
5575
5920
6230
6150
6106
6027
5910
5814
5608
5511
5380
5280
5102
4943
4829
4633
4490
4116
3646
3166
2539
1943
1188
437
-274
-949
-1560
-2134
-2507
-2781
-2748
-2637
-2383
-1916
-1410
-710
-50
667
1315
1926
2442
2838
3212
3385
3531
3483
3388
3235
2992
2797
2514
2290
2021
1738
1444
1061
662
176
-358
-940
-1594
-2249
-2921
-3612
-4272
-4934
-5614
-6111
-6494
-6861
-7114
-7345
-7467
-7500
-7489
-7427
-7345
-7200
-7086
-6891
-6785
-6638
-6274
-5879
-5169
-4432
-3670
-2637
-1626
-484
571
1571
2668
3585
4397
4968
5515
5912
6216
6406
6236
6237
6074
5987
5880
5650
5597
5464
5424
5224
5133
4957
4724
4510
3985
3568
2950
2286
1594
786
52
-753
-1431
-2045
-2526
-2846
-2953
-2821
-2633
-2205
-1714
-1118
-314
381
1102
1734
2298
2796
3108
3361
3475
3557
3503
3411
3298
3086
2940
2702
2512
2325
2035
1749
1361
884
346
-274
-970
-1718
-2508
-3300
-4040
-4759
-5393
-5936
-6362
-6654
-6894
-6962
-6994
-6995
-7018
-7045
-7028
-7076
-6983
-7000
-6994
-6994
-6934
-6558
-6164
-5437
-4645
-3802
-2662
-1570
-380
738
1880
2999
3890
4718
5238
5708
6035
6247
6389
6165
6117
5949
5833
5764
5576
5615
5544
5564
5429
5327
5205
5006
4803
4225
3747
3055
2344
1620
713
-51
-905
-1604
-2260
-2786
-2987
-3044
-2844
-2600
-2226
-1729
-1102
-289
411
1201
1808
2359
2882
3139
3447
3535
3640
3573
3400
3319
3084
2937
2748
2616
2364
2132
1903
1523
1122
509
-98
-839
-1626
-2423
-3278
-3990
-4747
-5408
-5990
-6454
-6757
-7021
-7136
-7251
-7319
-7339
-7302
-7198
-7181
-7004
-6915
-6832
-6708
-6717
-6376
-6036
-5483
-4664
-4034
-2971
-1894
-804
482
1495
2661
3635
4497
5184
5650
6107
6329
6606
6470
6364
6255
6024
5948
5623
5554
5465
5432
5362
5184
5130
4915
4788
4377
3848
3325
2616
1943
1179
337
-479
-1252
-1961
-2465
-2823
-3023
-2986
-2815
-2440
-1904
-1272
-523
251
979
1685
2298
2788
3194
3457
3597
3654
3586
3456
3304
3098
2903
2736
2551
2375
2159
1875
1551
1114
583
17
-687
-1490
-2268
-3052
-3819
-4542
-5243
-5826
-6261
-6626
-6881
-7068
-7182
-7205
-7239
-7220
-7158
-7065
-6931
-6806
-6695
-6547
-6492
-6369
-6013
-5668
-4989
-4238
-3455
-2389
-1371
-192
893
1962
3050
3954
4833
5413
5886
6260
6512
6646
6501
6362
6224
6026
5856
5698
5569
5496
5417
5293
5194
5033
4896
4647
4124
3626
2964
2277
1564
712
-33
-890
-1568
-2191
-2740
-2985
-3156
-2966
-2722
-2333
-1628
-1011
-168
611
1327
2073
2568
3103
3406
3632
3815
3747
3722
3566
3373
3155
2929
2748
2510
2302
2060
1800
1462
1034
530
-94
-840
-1603
-2381
-3225
-4009
-4763
-5524
-6175
-6668
-7025
-7230
-7314
-7336
-7314
-7289
-7185
-7065
-6959
-6813
-6689
-6654
-6575
-6480
-6486
-6167
-5783
-5211
-4381
-3748
-2740
-1632
-544
687
1747
2862
3903
4763
5446
5955
6302
6557
6744
6599
6412
6209
5959
5830
5569
5417
5314
5237
5215
5040
4988
4836
4679
4359
3799
3289
2514
1794
1043
134
-637
-1411
-2076
-2591
-2985
-3115
-3004
-2761
-2320
-1738
-1101
-314
481
1233
1948
2531
3071
3421
3654
3775
3763
3725
3517
3349
3094
2856
2657
2395
2187
1885
1659
1293
897
475
-76
-663
-1408
-2155
-3019
-3812
-4584
-5321
-5882
-6453
-6855
-7146
-7338
-7411
-7385
-7319
-7186
-7030
-6908
-6688
-6548
-6423
-6281
-6184
-6095
-6051
-5791
-5434
-4901
-4148
-3466
-2479
-1489
-437
757
1750
2904
3883
4757
5441
5936
6358
6569
6767
6582
6459
6269
5983
5860
5570
5436
5296
5211
5097
4944
4849
4686
4537
4131
3668
3134
2442
1783
969
177
-606
-1382
-1990
-2532
-2841
-2955
-2845
-2583
-2194
-1592
-971
-139
663
1405
2176
2718
3202
3570
3758
3858
3871
3734
3549
3346
3037
2788
2518
2210
1950
1660
1381
1102
748
340
-162
-798
-1497
-2246
-3051
-3863
-4666
-5426
-6106
-6675
-7100
-7378
-7507
-7529
-7435
-7252
-7024
-6760
-6498
-6189
-5947
-5783
-5682
-5656
-5664
-5721
-5628
-5436
-5058
-4429
-3804
-2968
-1980
-896
325
1399
2532
3625
4549
5292
5847
6305
6528
6731
6597
6340
6141
5807
5625
5284
5098
4978
4846
4847
4751
4745
4659
4598
4352
3936
3500
2869
2262
1472
606
-229
-1063
-1726
-2360
-2814
-3046
-3026
-2754
-2367
-1716
-1049
-231
670
1437
2222
2850
3402
3729
3943
4038
3989
3886
3641
3433
3095
2818
2527
2238
2012
1723
1522
1187
868
443
-94
-649
-1355
-2056
-2857
-3666
-4446
-5214
-5865
-6456
-6915
-7284
-7490
-7563
-7539
-7384
-7265
-7017
-6765
-6482
-6179
-6045
-5848
-5793
-5716
-5671
-5752
-5515
-5259
-4727
-4032
-3397
-2341
-1334
-186
969
1967
3123
4035
4890
5434
5930
6295
6428
6556
6262
6131
5875
5660
5461
5162
5101
4953
4974
4823
4779
4737
4649
4593
4085
3672
3112
2433
1800
980
173
-584
-1318
-1979
-2440
-2753
-2777
-2559
-2272
-1819
-1226
-519
267
1034
1765
2452
2988
3413
3707
3798
3844
3804
3600
3368
3096
2807
2582
2332
2080
1858
1575
1260
952
603
170
-367
-992
-1677
-2430
-3182
-3893
-4585
-5221
-5761
-6200
-6535
-6797
-6988
-7046
-7043
-6947
-6751
-6582
-6342
-6103
-5879
-5619
-5451
-5413
-5358
-5400
-5423
-5166
-4896
-4319
-3735
-3067
-2075
-1122
71
1121
2222
3297
4265
5134
5640
6224
6485
6711
6713
6395
6231
5891
5675
5427
5138
5003
4938
4887
4807
4769
4689
4669
4505
4111
3662
3126
2508
1781
932
89
-680
-1431
-2057
-2522
-2809
-2818
-2627
-2280
-1760
-1119
-368
460
1237
1973
2663
3197
3580
3825
3931
3971
3871
3614
3329
3011
2689
2385
2048
1761
1506
1235
1000
715
358
-32
-516
-1099
-1799
-2613
-3390
-4121
-4880
-5587
-6191
-6704
-7067
-7316
-7477
-7472
-7338
-7136
-6854
-6550
-6225
-5907
-5678
-5496
-5359
-5268
-5269
-5339
-5316
-5159
-4865
-4351
-3717
-3006
-2039
-986
157
1325
2405
3489
4440
5205
5720
6168
6403
6571
6549
6222
6096
5713
5487
5250
4932
4909
4776
4789
4671
4676
4674
4574
4509
4065
3653
3089
2428
1772
949
141
-653
-1401
-2070
-2563
-2861
-2855
-2629
-2290
-1774
-1140
-368
488
1301
2051
2749
3309
3711
3960
4010
3942
3771
3469
3137
2816
2476
2190
1947
1693
1495
1298
1057
824
522
120
-332
-910
-1603
-2371
-3226
-4087
-4893
-5654
-6289
-6781
-7161
-7368
-7412
-7317
-7133
-6888
-6592
-6298
-6010
-5765
-5504
-5330
-5280
-5286
-5333
-5453
-5481
-5245
-4949
-4313
-3686
-2956
-1915
-919
308
1360
2481
3565
4458
5241
5704
6242
6441
6580
6526
6182
5997
5648
5421
5159
4916
4874
4831
4809
4740
4712
4659
4629
4446
4019
3628
3043
2411
1656
751
-24
-915
-1607
-2230
-2769
-2943
-3006
-2743
-2399
-1922
-1157
-401
483
1278
2006
2657
3144
3598
3762
3824
3790
3634
3400
3015
2712
2368
2133
1909
1652
1521
1303
1142
914
583
219
-270
-873
-1577
-2356
-3204
-4021
-4815
-5556
-6153
-6667
-7021
-7233
-7339
-7293
-7132
-6880
-6582
-6245
-5937
-5637
-5409
-5286
-5158
-5145
-5132
-5160
-5176
-4930
-4644
-4127
-3491
-2843
-1858
-884
171
1266
2254
3340
4217
4958
5500
5868
6136
6301
6292
6003
5804
5510
5302
5104
4831
4759
4682
4699
4637
4614
4620
4573
4466
4062
3615
3058
2425
1746
917
127
-636
-1346
-1968
-2456
-2765
-2820
-2633
-2378
-1880
-1275
-591
284
986
1714
2402
2906
3375
3634
3748
3783
3688
3471
3224
2895
2560
2295
1968
1744
1553
1333
1148
901
612
221
-258
-809
-1474
-2181
-2918
-3658
-4400
-5117
-5707
-6212
-6642
-6962
-7158
-7204
-7147
-7012
-6810
-6513
-6163
-5882
-5630
-5369
-5153
-5007
-4909
-4885
-4918
-4810
-4594
-4262
-3761
-3212
-2480
-1579
-613
438
1444
2512
3535
4411
5105
5610
6041
6266
6424
6318
6053
5857
5527
5282
5009
4813
4762
4686
4624
4478
4403
4348
4272
4096
3713
3324
2788
2166
1490
725
50
-678
-1338
-1897
-2366
-2548
-2539
-2319
-1954
-1447
-814
-101
737
1450
2111
2745
3199
3541
3675
3726
3699
3543
3333
3022
2728
2422
2130
1821
1532
1324
1089
848
533
210
-205
-711
-1265
-1928
-2608
-3350
-4036
-4715
-5349
-5845
-6267
-6550
-6769
-6882
-6884
-6823
-6641
-6441
-6181
-5879
-5570
-5286
-5107
-4932
-4851
-4808
-4812
-4793
-4578
-4310
-3864
-3321
-2730
-1899
-978
-25
943
1932
2933
3818
4536
5094
5563
5870
6065
6072
5844
5674
5456
5241
5049
4810
4683
4575
4511
4414
4338
4290
4218
4048
3693
3328
2839
2286
1638
895
236
-451
-1110
-1691
-2165
-2432
-2446
-2290
-2006
-1582
-1072
-390
368
1074
1775
2415
2915
3275
3487
3588
3600
3482
3250
2953
2648
2370
2098
1831
1579
1321
1075
837
568
238
-144
-575
-1098
-1721
-2380
-3051
-3761
-4494
-5208
-5874
-6409
-6775
-6977
-7054
-6983
-6781
-6508
-6198
-5886
-5580
-5334
-5096
-4943
-4875
-4852
-4919
-5023
-5130
-5033
-4765
-4320
-3708
-3031
-2103
-1117
-77
1009
2020
3026
3907
4613
5149
5553
5805
5926
5887
5663
5428
5197
4975
4795
4613
4507
4505
4479
4431
4432
4416
4404
4314
4006
3656
3205
2615
1975
1174
402
-307
-1026
-1620
-2097
-2397
-2477
-2366
-2064
-1639
-1062
-290
458
1206
1960
2586
3140
3509
3710
3744
3691
3553
3270
2977
2624
2306
1953
1652
1402
1151
1016
819
670
472
192
-181
-682
-1291
-2013
-2728
-3535
-4280
-5020
-5712
-6270
-6740
-7015
-7176
-7124
-6989
-6762
-6462
-6167
-5840
-5569
-5274
-5060
-4897
-4794
-4770
-4787
-4833
-4713
-4514
-4179
-3664
-3091
-2258
-1311
-321
742
1764
2808
3748
4528
5153
5665
6020
6176
6210
6011
5776
5520
5247
5007
4752
4612
4491
4407
4331
4287
4287
4269
4204
3951
3652
3260
2716
2127
1401
657
-47
-767
-1413
-1965
-2307
-2410
-2382
-2140
-1786
-1292
-585
151
941
1717
2409
2978
3403
3684
3782
3780
3642
3417
3085
2682
2373
2004
1651
1388
1107
872
650
459
222
-68
-366
-804
-1330
-1919
-2567
-3235
-3933
-4602
-5251
-5846
-6324
-6638
-6850
-6920
-6818
-6587
-6261
-5952
-5551
-5140
-4849
-4592
-4429
-4335
-4289
-4326
-4368
-4318
-4162
-3877
-3445
-2931
-2243
-1399
-525
455
1429
2418
3389
4202
4860
5319
5681
5886
5953
5854
5635
5419
5143
4904
4596
4393
4266
4148
4064
3978
3996
3951
3921
3706
3383
3072
2599
2108
1465
778
72
-614
-1236
-1800
-2162
-2357
-2329
-2185
-1865
-1419
-879
-127
555
1229
1943
2489
2942
3239
3391
3464
3417
3282
3049
2706
2332
2018
1684
1375
1110
859
686
438
166
-125
-471
-851
-1374
-1978
-2618
-3246
-3862
-4449
-4986
-5486
-5887
-6210
-6445
-6555
-6554
-6439
-6225
-5976
-5704
-5405
-5132
-4896
-4695
-4554
-4457
-4424
-4436
-4369
-4181
-3880
-3450
-2929
-2330
-1573
-715
149
1024
1913
2794
3593
4271
4788
5175
5459
5608
5653
5530
5401
5266
5047
4864
4683
4547
4449
4340
4245
4150
4063
3950
3749
3439
3067
2616
2087
1508
873
225
-411
-1025
-1538
-1891
-2106
-2165
-2071
-1866
-1531
-1080
-547
69
707
1327
1919
2438
2844
3135
3319
3404
3372
3214
2962
2664
2364
2065
1739
1436
1166
889
613
322
-16
-346
-733
-1240
-1734
-2289
-2865
-3427
-4032
-4590
-5097
-5522
-5897
-6175
-6322
-6392
-6320
-6221
-6052
-5800
-5557
-5221
-4909
-4701
-4520
-4356
-4260
-4235
-4170
-4043
-3803
-3471
-3046
-2521
-1929
-1136
-325
551
1461
2283
3148
3872
4434
4855
5231
5479
5566
5512
5305
5201
5036
4820
4645
4482
4374
4254
4163
4046
3946
3884
3784
3581
3241
2844
2380
1841
1237
603
-20
-606
-1147
-1624
-1957
-2104
-2072
-1892
-1587
-1170
-639
-27
619
1270
1880
2415
2848
3162
3332
3396
3391
3257
3002
2716
2450
2158
1849
1551
1286
1027
751
454
95
-248
-618
-1021
-1447
-1945
-2435
-3016
-3579
-4130
-4694
-5177
-5630
-5957
-6196
-6289
-6271
-6202
-6003
-5786
-5506
-5158
-4838
-4557
-4342
-4170
-4015
-3959
-3928
-3880
-3799
-3534
-3225
-2792
-2269
-1672
-867
-45
819
1692
2559
3365
4017
4526
4906
5262
5447
5480
5405
5265
5123
4895
4689
4489
4321
4220
4069
3923
3823
3742
3622
3469
3223
2862
2516
2055
1564
998
360
-169
-757
-1253
-1668
-1942
-1995
-1953
-1750
-1473
-1019
-443
186
855
1470
2102
2600
2981
3264
3384
3429
3356
3185
2894
2564
2256
1903
1587
1230
923
666
394
167
-132
-447
-819
-1228
-1720
-2269
-2784
-3341
-3846
-4354
-4798
-5193
-5574
-5865
-6117
-6227
-6226
-6136
-5945
-5673
-5325
-4954
-4599
-4299
-4047
-3876
-3764
-3684
-3642
-3559
-3367
-3094
-2750
-2305
-1756
-1100
-373
378
1157
1975
2787
3495
4071
4530
4902
5185
5358
5375
5280
5160
4999
4797
4539
4355
4228
4090
3963
3804
3715
3625
3519
3334
3024
2724
2338
1902
1385
836
318
-215
-703
-1179
-1522
-1700
-1740
-1627
-1381
-1029
-597
-51
550
1139
1710
2249
2687
2979
3154
3225
3200
3065
2825
2515
2191
1859
1511
1173
847
540
241
-38
-307
-586
-893
-1218
-1568
-1950
-2369
-2848
-3339
-3864
-4388
-4872
-5338
-5696
-5976
-6112
-6095
-5990
-5754
-5479
-5146
-4812
-4511
-4200
-3976
-3802
-3689
-3666
-3664
-3676
-3567
-3332
-3078
-2629
-2088
-1477
-740
-14
784
1567
2357
3085
3708
4240
4621
4960
5068
5106
5053
4883
4780
4541
4349
4188
4017
3906
3767
3694
3594
3532
3458
3262
3047
2704
2365
1944
1418
934
373
-144
-653
-1102
-1481
-1674
-1736
-1732
-1476
-1212
-736
-170
383
1005
1532
2090
2508
2831
3043
3161
3187
3046
2848
2518
2179
1824
1449
1119
785
502
255
17
-195
-414
-682
-960
-1294
-1697
-2124
-2608
-3121
-3667
-4246
-4776
-5253
-5643
-5876
-5990
-6002
-5866
-5629
-5334
-4995
-4668
-4350
-4048
-3797
-3575
-3440
-3409
-3406
-3424
-3431
-3312
-3102
-2822
-2390
-1867
-1184
-413
381
1199
1995
2792
3436
3990
4435
4750
4952
4984
4955
4787
4593
4389
4127
3919
3727
3613
3510
3420
3371
3329
3314
3240
3096
2878
2600
2257
1817
1321
746
208
-311
-816
-1201
-1508
-1620
-1614
-1448
-1157
-799
-256
299
868
1403
1926
2416
2755
3009
3129
3164
3109
2939
2677
2346
2022
1683
1333
985
655
328
21
-258
-543
-842
-1139
-1430
-1768
-2173
-2606
-3041
-3477
-3922
-4378
-4818
-5191
-5480
-5670
-5763
-5730
-5609
-5439
-5220
-4983
-4698
-4412
-4123
-3870
-3674
-3527
-3395
-3276
-3207
-3001
-2764
-2478
-2053
-1648
-1080
-451
200
945
1629
2335
2966
3500
3963
4292
4535
4634
4694
4660
4530
4426
4252
4088
3875
3722
3610
3450
3336
3226
3141
3001
2840
2572
2251
1958
1520
1084
618
137
-272
-683
-994
-1221
-1323
-1295
-1200
-950
-609
-184
311
819
1354
1822
2237
2585
2816
2929
2944
2908
2782
2552
2265
1963
1624
1275
953
621
296
4
-307
-630
-934
-1249
-1584
-1931
-2310
-2710
-3131
-3560
-3966
-4348
-4703
-4965
-5147
-5277
-5326
-5315
-5242
-5104
-4940
-4749
-4503
-4248
-3982
-3714
-3503
-3309
-3188
-3090
-2985
-2850
-2605
-2339
-1938
-1448
-935
-318
309
965
1623
2248
2831
3339
3747
4048
4266
4368
4416
4406
4317
4233
4066
3913
3790
3645
3567
3465
3374
3305
3215
3074
2854
2643
2355
2023
1667
1230
798
373
-40
-425
-761
-985
-1085
-1064
-935
-654
-316
80
581
1038
1526
1962
2307
2609
2776
2872
2847
2729
2559
2309
2020
1699
1368
1057
768
472
187
-75
-341
-612
-909
-1224
-1540
-1891
-2276
-2657
-3067
-3511
-3921
-4296
-4641
-4915
-5115
-5228
-5254
-5190
-5042
-4837
-4614
-4376
-4107
-3867
-3620
-3432
-3288
-3162
-3106
-3018
-2936
-2798
-2568
-2281
-1856
-1355
-768
-130
516
1196
1861
2475
3010
3473
3836
4112
4289
4340
4337
4231
4102
3987
3776
3619
3478
3337
3237
3119
3013
2932
2880
2766
2604
2399
2084
1765
1384
924
502
85
-340
-721
-993
-1161
-1200
-1137
-946
-605
-244
245
777
1233
1724
2129
2468
2742
2887
2939
2891
2757
2538
2232
1878
1534
1162
800
501
217
-57
-314
-577
-821
-1054
-1329
-1583
-1848
-2197
-2582
-2996
-3451
-3907
-4295
-4661
-4911
-5062
-5142
-5073
-4959
-4764
-4567
-4346
-4082
-3858
-3608
-3384
-3197
-3079
-2987
-2898
-2819
-2691
-2485
-2217
-1927
-1508
-1064
-542
68
650
1322
1927
2460
2973
3375
3703
3958
4080
4118
4125
4027
3911
3776
3607
3497
3355
3211
3096
2995
2944
2855
2777
2678
2480
2244
1934
1591
1210
786
408
31
-304
-601
-824
-894
-898
-760
-494
-171
218
675
1155
1577
1985
2282
2510
2675
2688
2658
2542
2337
2069
1756
1439
1117
827
548
303
48
-219
-446
-711
-960
-1233
-1538
-1798
-2115
-2467
-2828
-3256
-3678
-4049
-4392
-4689
-4868
-4957
-4972
-4866
-4681
-4454
-4206
-3925
-3645
-3411
-3187
-3000
-2858
-2779
-2739
-2670
-2597
-2465
-2277
-2026
-1671
-1254
-740
-178
407
1012
1604
2186
2674
3072
3409
3641
3790
3845
3832
3750
3619
3485
3314
3161
3041
2940
2870
2822
2793
2747
2688
2639
2525
2331
2113
1844
1487
1106
718
330
-26
-340
-571
-687
-715
-629
-420
-148
223
652
1067
1489
1867
2156
2393
2522
2551
2512
2356
2161
1915
1615
1317
974
653
354
86
-169
-414
-654
-877
-1061
-1313
-1558
-1806
-2115
-2414
-2755
-3094
-3423
-3737
-4014
-4257
-4435
-4553
-4548
-4467
-4377
-4233
-4057
-3834
-3639
-3457
-3245
-3073
-2892
-2750
-2627
-2497
-2366
-2198
-2007
-1762
-1477
-1107
-668
-222
316
845
1337
1834
2280
2681
3019
3313
3513
3625
3695
3673
3606
3515
3416
3277
3159
3063
2915
2842
2786
2695
2623
2514
2385
2228
2011
1742
1470
1179
875
601
313
65
-118
-231
-228
-152
28
246
527
848
1139
1439
1698
1936
2089
2169
2231
2192
2098
1950
1761
1560
1330
1068
778
504
212
-78
-359
-677
-948
-1224
-1496
-1735
-2025
-2280
-2498
-2761
-3043
-3268
-3487
-3674
-3846
-4032
-4130
-4196
-4213
-4178
-4106
-3985
-3826
-3603
-3368
-3134
-2915
-2706
-2544
-2389
-2246
-2128
-1935
-1750
-1547
-1295
-959
-610
-246
213
659
1118
1544
1977
2356
2668
2909
3057
3213
3262
3308
3295
3222
3181
3083
3002
2918
2831
2724
2653
2578
2458
2351
2199
2070
1867
1631
1428
1162
917
668
412
209
75
44
54
130
257
439
675
874
1112
1345
1535
1715
1810
1819
1775
1706
1583
1422
1233
1012
815
622
407
202
14
-211
-483
-746
-1007
-1275
-1552
-1814
-2079
-2362
-2614
-2854
-3086
-3294
-3470
-3599
-3698
-3736
-3748
-3739
-3619
-3514
-3407
-3259
-3141
-2975
-2825
-2706
-2580
-2457
-2356
-2287
-2177
-2060
-1898
-1731
-1541
-1254
-955
-595
-219
169
587
988
1364
1672
1975
2243
2434
2613
2699
2725
2766
2759
2743
2727
2694
2681
2669
2644
2612
2596
2570
2493
2392
2266
2144
1996
1774
1560
1320
1079
896
678
505
405
391
438
488
612
749
919
1097
1251
1411
1516
1577
1589
1540
1433
1314
1195
1030
871
716
549
408
286
135
-25
-181
-383
-607
-833
-1078
-1340
-1611
-1887
-2140
-2384
-2609
-2780
-2929
-3052
-3117
-3163
-3168
-3133
-3101
-3048
-2971
-2922
-2857
-2765
-2692
-2597
-2477
-2371
-2264
-2170
-2098
-2009
-1936
-1846
-1686
-1515
-1346
-1133
-883
-618
-305
8
316
655
934
1201
1438
1648
1856
1971
2041
2112
2178
2248
2315
2356
2368
2396
2402
2392
2393
2393
2405
2381
2324
2236
2133
2039
1895
1739
1560
1365
1191
1021
905
829
790
794
828
898
934
969
1048
1121
1161
1179
1193
1180
1141
1028
882
753
583
453
326
194
106
3
-111
-257
-415
-580
-770
-998
-1219
-1439
-1670
-1840
-2015
-2193
-2341
-2448
-2527
-2604
-2631
-2652
-2607
-2518
-2477
-2401
-2331
-2262
-2167
-2115
-2060
-2005
-1966
-1919
-1879
-1843
-1802
-1743
-1691
-1634
-1537
-1430
-1265
-1090
-954
-788
-622
-448
-267
-85
128
291
448
626
755
893
1032
1174
1313
1421
1562
1689
1810
1957
2081
2174
2261
2346
2395
2406
2396
2373
2313
2249
2175
2063
1936
1805
1689
1563
1494
1458
1408
1414
1424
1432
1441
1413
1373
1320
1229
1121
1017
870
726
612
456
318
196
73
-25
-111
-146
-208
-283
-321
-388
-468
-569
-729
-912
-1079
-1272
-1486
-1680
-1883
-2020
-2078
-2143
-2162
-2115
-2070
-1998
-1892
-1818
-1750
-1681
-1646
-1602
-1585
-1565
-1547
-1583
-1604
-1621
-1644
-1661
-1648
-1587
-1517
-1412
-1286
-1165
-1015
-899
-792
-648
-556
-487
-423
-399
-360
-350
-318
-246
-184
-69
75
263
490
696
939
1185
1398
1611
1822
1979
2082
2195
2274
2326
2352
2353
2367
2336
2333
2324
2282
2290
2243
2232
2247
2181
2152
2061
1943
1851
1674
1490
1295
1085
878
646
424
217
29
-117
-218
-291
-334
-359
-380
-377
-370
-401
-443
-494
-583
-677
-763
-902
-1070
-1215
-1349
-1480
-1570
-1622
-1641
-1600
-1507
-1394
-1270
-1142
-1019
-934
-908
-922
-964
-1045
-1140
-1247
-1342
-1399
-1444
-1492
-1517
-1510
-1457
-1356
-1232
-1078
-900
-714
-534
-400
-323
-258
-227
-257
-304
-348
-407
-465
-498
-507
-489
-425
-310
-181
-39
142
351
565
776
965
1121
1258
1366
1420
1448
1464
1467
1462
1475
1473
1452
1459
1494
1534
1588
1651
1699
1741
1784
1796
1768
1705
1607
1478
1331
1173
1004
837
676
518
383
256
124
26
-50
-150
-224
-269
-328
-359
-389
-393
-389
-421
-429
-461
-529
-629
-738
-842
-979
-1081
-1159
-1207
-1190
-1163
-1102
-1045
-982
-921
-871
-788
-768
-773
-793
-818
-832
-842
-802
-785
-758
-736
-721
-701
-693
-644
-620
-585
-583
-595
-577
-547
-457
-349
-230
-124
-30
50
98
86
32
-18
-86
-138
-201
-216
-172
-115
-29
56
175
297
402
508
601
682
749
799
838
848
826
806
771
747
726
672
635
573
529
558
593
685
762
867
984
1013
1060
1074
1012
920
762
607
460
337
275
287
391
365
344
234
141
17
-21
-92
-245
-322
-430
-466
-418
-397
-315
-353
-443
-544
-640
-612
-582
-519
-439
-382
-344
-285
-178
-169
-156
-163
-232
-257
-266
-266
-266
-281
-294
-275
-253
-209
-165
-146
-141
-165
-184
-191
-199
-202
-188
-169
-147
-111
-50
-3
-6
28
41
34
4
-40
-56
-147
-197
-234
-285
-289
-314
-325
-363
-387
-348
-283
-186
-96
-1
96
168
199
225
228
183
148
132
103
65
47
70
95
104
158
239
299
371
417
443
487
478
442
453
441
407
401
394
374
345
295
244
197
143
93
65
80
121
166
200
215
218
209
178
128
79
7
-67
-129
-195
-246
-269
-276
-303
-340
-368
-368
-344
-347
-327
-310
-282
-232
-227
-208
-196
-205
-199
-200
-197
-212
-238
-266
-314
-365
-406
-438
-439
-399
-334
-268
-176
-69
6
65
130
161
163
134
84
0
-129
-223
-299
-366
-391
-385
-324
-272
-212
-133
-70
6
48
77
93
74
69
43
17
3
-28
-6
18
1
1
18
21
-17
-47
-46
-45
-27
-10
24
59
77
90
108
131
135
143
139
141
118
92
79
40
26
-28
-43
-46
-85
-98
-120
-103
-102
-101
-92
-79
-60
-77
-46
-4
21
41
41
25
-1
-40
-88
-112
-147
-173
-185
-201
-186
-160
-127
-98
-80
-46
-22
17
96
143
165
208
210
168
134
113
95
72
69
81
93
123
137
163
213
232
238
227
212
193
176
193
193
163
141
115
80
50
3
-20
-11
2
1
-17
-17
-16
17
68
82
68
77
118
134
146
140
139
163
155
158
160
136
98
90
90
76
88
86
68
50
53
77
70
63
47
8
-4
-20
-44
-65
-76
-102
-145
-161
-163
-171
-179
-148
-122
-97
-69
-53
-26
-40
-51
-57
-68
-90
-125
-104
-108
-138
-133
-122
-108
-94
-79
-74
-86
-97
-94
-93
-98
-100
-110
-111
-102
-104
-114
-117
-99
-63
-25
-4
11
17
19
37
43
56
66
56
68
56
61
94
99
102
94
84
87
72
84
82
82
73
47
54
53
70
87
92
86
116
98
127
116
102
98
82
65
61
54
57
55
62
74
62
39
31
-4
-31
-38
-86
-112
-122
-148
-127
-123
-154
-153
-148
-137
-127
-133
-125
-109
-119
-137
-137
-140
-122
-90
-78
-75
-71
-60
-43
-33
-45
-64
-82
-87
-89
-100
-73
-49
-27
-41
-43
-53
-88
-78
-109
-118
-101
-98
-86
-52
-31
3
-2
50
30
43
27
23
21
1
18
22
32
40
62
43
51
65
71
67
85
96
92
96
117
117
117
100
112
130
123
137
159
176
162
146
175
176
171
181
175
173
181
195
188
148
124
97
84
94
79
68
47
42
30
-12
-37
-52
-63
-98
-105
-94
-111
-107
-101
-87
-72
-88
-109
-97
-75
-82
-71
-30
-19
-40
-45
-41
-38
-33
-41
-37
-26
-23
-23
-24
-23
-21
-37
-47
-36
-46
-47
-38
-38
-51
-57
-46
-65
-79
-96
-95
-68
-63
-29
1
24
48
44
51
62
65
74
75
52
43
38
16
3
-7
-17
-33
-46
-44
-35
-31
-19
0
26
49
44
42
65
76
62
64
68
64
82
75
67
77
73
73
72
71
62
71
59
52
53
56
41
45
54
42
33
19
4
-26
-38
-58
-65
-59
-49
-62
-58
-74
-59
-57
-64
-63
-58
-36
-19
-11
7
6
21
10
-5
-10
-2
-9
8
-8
-36
-31
-42
-49
-44
-57
-74
-42
-32
-28
-20
-23
3
-33
-50
-58
-46
-31
-26
-38
-35
-38
-13
-33
-55
-46
-35
-21
-17
-30
-25
-19
-8
0
0
23
48
72
82
68
68
71
66
65
48
51
27
21
33
36
32
41
46
50
59
52
57
77
79
81
86
83
68
49
44
37
20
34
37
19
26
21
6
7
12
1
2
24
44
50
43
74
76
82
111
103
103
84
69
86
126
102
99
89
64
64
71
75
70
56
56
51
31
41
35
18
-4
0
-12
-52
-56
-51
-62
-92
-105
-110
-86
-70
-77
-94
-92
-101
-90
-66
-55
-63
-53
-42
-61
-52
-40
-62
-31
-59
-77
-78
-71
-79
-96
-85
-77
-64
-61
-50
-51
-46
-21
7
20
19
21
19
22
22
30
32
44
64
69
70
48
47
46
28
10
0
13
27
32
32
30
33
48
62
58
71
75
79
68
50
45
18
6
6
-4
-8
1
8
24
35
35
64
74
49
46
47
34
55
63
44
57
54
13
-1
12
-7
-33
-14
-25
-40
-41
-27
4
-9
-18
-23
-14
21
6
-4
7
4
13
-14
-34
-34
-63
-77
-77
-85
-98
-101
-99
-111
-112
-77
-36
-26
-39
-30
-12
-24
-32
-25
-35
-42
-23
-21
-24
-29
-68
-71
-67
-75
-59
-48
-11
12
6
17
31
44
46
31
18
30
51
58
52
27
18
14
11
10
1
3
19
34
40
40
55
72
78
87
91
82
63
69
87
71
68
80
68
69
65
48
49
39
36
39
45
57
50
38
49
63
55
51
61
50
31
22
29
37
43
37
37
42
2
-17
2
0
15
19
12
-1
-6
22
-8
-5
28
17
36
46
40
30
21
23
22
9
27
4
-3
-14
-25
-33
-40
-27
12
14
12
43
40
48
47
50
51
67
50
32
39
15
25
9
10
-20
-24
-26
-33
-34
-25
-35
-17
-9
-20
-3
30
34
28
30
10
-1
-3
-15
2
7
9
22
11
-16
-46
-37
-10
-16
3
-1
3
15
25
-6
-2
9
12
4
11
9
1
14
-5
1
1
-17
-8
0
4
9
9
29
14
9
21
9
7
2
21
43
24
12
23
25
7
9
21
15
26
24
-3
17
6
5
8
-6
-5
22
36
30
34
51
56
33
38
27
21
25
7
11
15
21
-2
0
3
-19
-13
-20
-33
-15
-32
-24
-42
-66
-64
-77
-55
-59
-73
-41
-50
-36
-45
-49
-45
-53
-58
-58
-37
-52
-36
-24
-14
-19
-12
-16
-2
-5
-8
-12
10
8
-9
-14
-2
9
15
2
-24
-4
15
30
18
-7
-25
-22
-17
-28
-17
-8
9
3
3
10
21
6
-3
23
35
23
13
8
0
-10
-2
1
9
8
6
26
9
17
23
8
15
11
19
20
25
34
51
48
51
48
43
42
46
33
31
35
37
55
68
51
44
22
14
26
32
13
40
33
12
-6
-24
-56
-51
-37
-45
-35
-39
-34
-46
-30
-28
-32
-8
-15
-19
-8
-13
-5
14
-8
-2
-8
-9
-12
-15
-9
-11
-7
7
0
-6
-15
-19
-11
-3
-1
16
38
27
9
7
-1
-1
-16
-44
-30
-9
-20
-14
-12
-15
1
-5
-21
-22
-15
1
31
21
16
20
14
-4
7
12
5
-2
-2
9
21
17
0
7
21
19
31
18
37
22
12
17
25
28
27
40
31
31
31
30
7
-3
-12
-14
-23
-18
-16
-21
-4
-14
-17
-4
-8
-18
6
-4
-8
-8
-1
0
-24
-13
-20
-1
-11
3
-12
-21
-24
-12
-11
-6
0
3
-8
0
-20
-40
-21
-34
-42
-43
-33
-24
-38
-60
-62
-64
-61
-65
-62
-55
-62
-69
-75
-78
-70
-72
-68
-82
-85
-79
-80
-73
-54
-55
-61
-53
-51
-56
-47
-26
-68
-36
-41
-52
-38
-21
-38
-17
-7
-25
9
7
-8
-8
10
11
16
27
9
8
4
-9
-8
-3
-9
1
21
19
27
22
19
18
31
44
26
35
60
66
54
43
24
20
26
18
20
17
18
6
-3
19
16
-2
0
2
2
-1
-5
10
9
-15
1
6
-17
4
-16
-15
0
-2
-28
-25
-18
-33
-24
-31
-35
-45
-50
-46
-55
-37
-50
-50
-57
-56
-48
-42
-23
-27
-34
-23
-15
-27
-36
-27
-12
-5
6
13
4
-1
13
9
12
19
28
21
28
38
18
16
11
25
31
29
25
22
29
49
15
23
16
38
34
21
27
22
16
2
-6
0
1
7
-1
-18
5
28
36
12
-8
-21
-13
-10
-19
-27
-8
-14
-22
-10
-14
-4
-2
-2
3
8
8
7
16
0
16
23
12
21
25
24
12
26
11
-3
-8
-7
-28
-25
-16
-31
-31
-28
-9
14
-5
-10
-24
-45
-57
-52
-78
-77
-83
-96
-91
-86
-90
-87
-91
-86
-105
-117
-96
-72
-69
-74
-65
-45
-50
-55
-59
-78
-63
-68
-55
-37
-49
-43
-53
-39
-18
7
10
23
32
35
40
50
51
34
35
27
20
13
7
0
3
9
6
11
-7
9
8
7
-1
9
-15
-17
-16
1
31
46
38
32
50
44
49
59
54
63
68
80
101
96
103
97
74
76
65
52
56
50
52
59
46
34
31
13
13
2
5
11
15
-1
-12
2
1
-13
-21
-24
-17
-14
6
-6
-25
-22
-45
