0
2
6
7
5
3
2
2
6
-1
-2
2
4
4
-2
2
1
2
5
4
1
-3
-2
0
-1
1
8
5
-1
3
3
2
6
2
3
6
0
-1
2
4
0
1
6
3
4
4
0
1
-1
1
0
-1
4
4
3
1
-1
3
3
2
0
-2
-1
-1
-1
7
3
0
3
-4
-1
-4
-3
-1
-1
2
-1
2
0
-2
0
1
3
-2
0
2
2
0
-2
1
-3
-1
3
1
3
-4
0
4
3
6
-1
-1
-1
2
4
3
1
0
0
2
2
3
2
5
4
-1
4
5
3
3
4
7
3
0
2
4
2
2
0
2
-1
0
4
1
3
-2
1
5
2
2
-3
1
6
5
4
1
3
3
4
4
5
5
3
4
3
0
3
3
1
6
7
1
0
3
4
5
-1
2
6
0
1
4
-3
-5
-1
1
4
5
2
1
5
7
3
-2
0
3
2
2
1
1
2
4
1
-1
4
4
0
-1
4
3
-1
-1
0
4
3
1
4
8
4
-1
3
8
4
1
3
4
4
5
5
2
0
0
3
2
0
-1
4
6
-1
-7
-6
-3
2
4
1
-3
-3
-3
-4
-3
-1
-2
-5
-5
-1
2
1
0
-3
-5
-4
-2
0
-1
-2
-2
0
0
2
3
3
0
-3
-3
-1
-1
-2
2
6
1
-1
3
4
0
-3
-2
-3
-5
-4
-3
-1
0
2
0
0
-1
-3
-5
-1
5
7
6
2
1
1
1
-1
0
2
2
-2
-6
-5
-1
3
5
9
9
9
5
3
2
1
1
2
4
6
5
5
4
5
3
5
5
3
3
3
2
0
-2
-2
0
2
1
1
2
0
-2
-2
2
11
19
12
-4
-4
7
11
4
-1
1
9
18
2
-28
-24
28
68
35
-58
-97
34
244
289
-18
-395
-327
184
556
257
-317
-442
-64
270
192
-35
-125
-82
13
180
293
148
-179
-312
24
468
540
96
-408
-420
18
455
410
20
-280
-276
-77
62
130
107
-28
-213
-287
-124
111
144
-85
-295
-212
65
182
1
-232
-231
-11
162
125
-23
-105
-81
-30
8
48
73
37
-60
-140
-118
6
109
85
-31
-138
-188
-156
-36
87
88
-31
-151
-177
-112
-19
30
-17
-130
-205
-171
-88
-77
-152
-202
-152
-53
11
15
-17
-35
20
145
239
237
199
207
269
336
365
357
345
338
328
335
362
354
282
228
261
294
212
66
-6
4
-14
-55
-11
82
35
-182
-340
-241
10
136
13
-233
-367
-281
-98
-46
-185
-341
-360
-295
-296
-400
-512
-549
-520
-494
-572
-809
-1118
-1271
-1141
-923
-897
-886
-344
700
1199
250
-1302
-1303
975
3298
2962
439
-1111
-30
1935
2464
1627
972
990
935
523
347
660
819
306
-419
-543
-50
191
-463
-1500
-1730
-788
214
-2
-1204
-2010
-1664
-730
-60
125
17
-280
-687
-829
-286
727
1325
935
58
-293
196
868
1007
703
543
694
745
418
38
81
508
828
719
329
-28
-210
-182
65
385
448
79
-457
-695
-472
-83
70
-105
-347
-400
-310
-303
-380
-285
16
164
-58
-291
-142
134
49
-282
-277
132
335
-39
-572
-738
-521
-317
-346
-459
-545
-640
-931
-1293
-1299
-797
-504
-1171
-2356
-2383
-71
2627
2723
-476
-3557
-2337
2209
5463
3846
-362
-1986
87
2910
3355
2121
1337
1186
896
503
837
1517
1175
-351
-1355
-590
907
941
-1065
-3055
-2786
-535
1051
236
-1829
-2870
-2349
-1385
-679
82
935
817
-620
-2177
-1789
765
2943
2533
52
-1339
-370
1268
1780
1245
1023
1102
1045
684
615
1048
1238
910
295
454
1220
1386
297
-1330
-1317
564
2001
1139
-1190
-2413
-1626
-290
417
310
-288
-972
-1705
-1794
-963
67
233
-839
-1842
-1675
-828
-637
-1321
-1880
-1353
-255
-159
-1365
-2986
-3571
-2799
-1389
-163
-87
-1063
-1828
-912
1196
2216
920
-521
761
3792
4794
2160
-435
402
3416
5022
3906
2204
1356
1404
1621
1689
1752
1459
618
-681
-1514
-1110
-30
-35
-1601
-3042
-2798
-1480
-1210
-2085
-2839
-2587
-1698
-1106
-828
-736
-684
-673
-467
67
905
1480
1263
558
156
1067
2263
2470
1589
745
1117
1944
2110
997
89
648
1957
2336
830
-313
233
1137
889
-251
-378
547
775
-120
-978
-875
-151
64
-170
-229
-324
-638
-1176
-1365
-752
-128
-325
-1284
-2164
-1858
-1021
-1111
-1874
-2469
-2178
-1629
-1871
-2329
-2488
-2206
-2288
-3304
-4023
-3940
-2962
-1633
-1135
-1186
-767
1371
3781
3005
-637
-2274
1908
8218
9088
3171
-2018
-602
4562
7324
5517
2870
2029
2069
1578
659
826
1635
1322
-645
-2286
-1631
-277
-1025
-3585
-4577
-2537
-254
-905
-3658
-5021
-3630
-1355
-261
-263
-412
-627
-1059
-1109
37
1984
3140
2467
766
36
1068
2551
2886
2195
1573
1431
1316
787
756
1375
1875
1496
533
566
913
481
-559
-677
961
2232
1184
-1366
-2507
-1141
1305
1946
642
-636
-1300
-934
-840
-645
141
425
-221
-1817
-2439
-1590
-681
-926
-2042
-2279
-1573
-1465
-2712
-3895
-3535
-2108
-1475
-2540
-3818
-3793
-2987
-2966
-4120
-4925
-3452
-284
1692
1036
-540
-483
1432
3392
4270
4397
4201
3741
3349
3694
4848
5804
5540
4280
3262
3301
3798
3441
1925
407
18
380
198
-891
-2054
-2663
-2850
-2930
-2913
-2758
-2869
-3483
-4064
-3977
-2976
-1574
-1016
-1541
-1897
-1227
13
918
1232
1280
1357
1492
1705
2025
2455
2779
2524
1922
1638
1844
2114
2154
1789
1380
1328
1028
668
586
1151
1861
1405
512
-334
-377
422
584
536
84
-495
-603
-1053
-870
-370
-315
-370
-959
-1284
-1153
-966
-802
-971
-1372
-1608
-1568
-1641
-1992
-2540
-2604
-2304
-2224
-2471
-2724
-3150
-3641
-3561
-3704
-3479
-3387
-3322
-3740
-5691
-6028
-3575
2294
6950
4062
-3344
-6919
-410
9721
12420
6248
-721
-609
4675
8529
8237
6094
4556
4055
3765
3327
3459
3626
2201
-570
-1560
521
2169
-166
-4771
-6573
-3721
44
106
-3358
-6343
-6273
-4163
-2139
-946
-444
-801
-2099
-3116
-2113
730
2936
2536
589
-168
1187
2680
2676
1937
2130
3195
3248
1924
639
745
1762
2538
2464
2017
1434
491
413
705
1780
2277
1244
488
-536
-234
154
182
701
589
355
-633
-1521
-1468
-273
496
376
-685
-2010
-1586
-1264
-610
-774
-1422
-1221
-1629
-2024
-2731
-2851
-2353
-2103
-2761
-3181
-2847
-3128
-3413
-4142
-3699
-2685
-2919
-3948
-5144
-4276
-3610
-5412
-7297
-5748
2718
11724
8403
-4769
-12431
-3309
14881
20078
9518
-2301
-4114
4312
10585
10441
8129
4937
2537
1232
1503
4180
5561
2289
-3064
-4742
-258
3825
600
-6712
-9996
-5191
1537
1740
-3051
-7144
-7933
-5443
-2292
56
1865
1271
-2384
-5275
-3252
2669
6546
4744
258
-1543
691
3280
3212
1996
2185
3312
3092
1237
113
1012
2202
1794
683
875
1987
1748
-252
-1606
-438
1901
2708
1454
-87
-681
-801
-796
89
1917
2754
917
-2105
-3043
-999
1395
1497
-269
-1682
-1583
-846
-544
-810
-957
-791
-817
-1456
-2776
-3717
-3512
-2450
-2155
-2781
-3355
-3582
-3770
-4218
-3487
-2711
-2713
-4065
-5252
-4449
-3518
-3612
-7484
-9177
-2732
9047
14756
3277
-11827
-12232
5323
22499
19280
3681
-6088
-1654
8454
12202
9974
6976
4277
2135
1064
2241
5469
4843
-197
-4872
-3619
2480
3525
-3224
-10361
-9440
-2085
2934
299
-5534
-8168
-7511
-4531
-1417
1698
2633
-687
-4599
-5256
-113
6279
7293
2926
-1337
-744
2803
4819
3945
2653
2850
3469
2594
1040
1158
2604
2912
1058
-301
858
2426
1503
-873
-1368
783
2364
1347
36
-541
-431
-812
-1134
875
2358
1418
-1664
-4134
-2030
1606
2991
1157
-2447
-3231
-1448
-1
316
-717
-1223
-1036
-1907
-2597
-2641
-2731
-2220
-2794
-3224
-2749
-3153
-3353
-4573
-4406
-2605
-1781
-2656
-5364
-6364
-5342
-2870
-3578
-7198
-6740
1032
12131
10782
-2858
-12382
-5293
14187
21846
10749
-3111
-5254
4530
11922
11123
7849
4751
3023
1786
1348
3952
5317
1800
-3125
-4710
-666
3695
401
-7475
-10824
-5494
2299
2378
-3693
-8311
-8555
-5020
-1568
150
1482
374
-2897
-5002
-2958
3681
7660
5211
119
-2081
1374
5159
5166
3243
2552
3511
3225
1275
448
1914
3205
2160
159
109
1908
2484
674
-1301
-850
1432
2622
1351
-833
-1786
-1245
-326
449
1323
1720
374
-2245
-3445
-1534
1462
2072
-170
-2360
-2260
-853
-256
-827
-1346
-1079
-832
-1604
-3026
-3733
-3082
-1948
-1658
-2594
-3882
-4565
-4426
-4229
-3888
-2976
-2540
-3577
-5437
-5563
-3622
-2947
-5944
-8415
-3917
7074
13419
4399
-10292
-12559
3453
20878
19018
4238
-6068
-2127
8059
11252
9591
7246
5198
2587
-151
1226
5372
5655
773
-4425
-3905
2274
4197
-2017
-9207
-9367
-1974
3011
-9
-5759
-8745
-7236
-3653
-1199
1225
2035
-669
-4179
-5311
-615
5636
6871
3255
-908
-695
2442
4250
3541
3259
4207
4703
3205
397
545
2339
3462
2472
422
618
1522
1292
-200
-799
417
1950
1275
-867
-1632
-1440
-360
-344
-494
665
496
-1056
-3013
-2671
1032
2983
758
-2689
-3802
-1100
955
-151
-1415
-1818
-979
-964
-2657
-3436
-3357
-2581
-1815
-1913
-2387
-3431
-4164
-4598
-4420
-3294
-2045
-2140
-4748
-5999
-5209
-3625
-4065
-8091
-8321
-1458
9290
11471
-147
-11791
-9393
8300
21208
15483
1144
-6136
-100
9076
10827
8140
5976
3748
1659
865
3114
6940
5765
-1005
-6066
-2897
4629
5271
-3024
-10785
-9350
-578
4133
-366
-6685
-8562
-6269
-2662
-253
994
834
-1648
-4406
-3870
942
5964
5746
1240
-1377
779
4329
4873
2824
2040
3703
4850
3289
1206
1570
3246
3075
1070
219
1582
2628
1361
-576
-673
730
1421
676
-315
-772
-1196
-1832
-1727
-275
1170
545
-2022
-3775
-2454
516
1565
-467
-2812
-2509
-338
734
-353
-1624
-1607
-928
-1042
-1957
-2450
-2275
-1838
-1935
-2305
-2813
-3088
-3845
-4805
-4403
-3460
-2475
-3908
-5730
-5824
-4759
-4158
-7184
-8553
-4806
5317
12344
4392
-8640
-12148
1252
18170
18531
5824
-4121
-1936
6891
11057
9604
7329
4967
3101
1590
1776
5243
5986
1300
-3865
-3998
1641
4462
-949
-7700
-8469
-2994
1879
-174
-4888
-6548
-5753
-3977
-2110
-243
1161
72
-2785
-3713
-512
4717
6699
3640
-148
-259
2727
4929
4547
3474
3517
3887
3008
1456
1411
2936
3534
2008
407
863
2155
1627
-456
-1272
103
1392
723
-877
-1650
-1682
-1863
-1825
-719
647
322
-1941
-3767
-2807
301
2340
1129
-1769
-2844
-1049
893
560
-1071
-1604
-827
-551
-1398
-2123
-2051
-2149
-2563
-2665
-2523
-2844
-3620
-4161
-4562
-4398
-3527
-2914
-3458
-4273
-5226
-5863
-5648
-6904
-6866
-2063
6575
10317
1465
-9146
-8502
6010
19399
15066
2546
-4141
-92
9094
11467
8883
5988
3068
2356
2271
3564
5380
3119
-1031
-3721
-1656
3094
2871
-2805
-8249
-7206
-818
2643
-1028
-5986
-6801
-4861
-2502
-1640
-340
614
-716
-2494
-2928
639
4744
4754
2044
-69
940
3413
4248
3510
3061
3420
3581
2564
1652
2065
2700
2601
1381
546
1543
2201
1053
-652
-1102
393
1675
929
-914
-2090
-1629
-727
-606
-31
403
-385
-1508
-2774
-1597
966
1096
-113
-1843
-1694
225
372
67
-442
-680
-381
-1523
-2184
-2019
-1749
-1768
-2514
-3015
-2976
-3084
-4292
-5069
-5139
-3848
-2842
-3847
-5015
-5799
-4425
-3372
-3981
-6723
-9364
-5951
2564
11055
8193
-4635
-11540
-3901
13493
20380
10518
-1494
-4286
3684
10637
10625
8275
4803
2945
2415
2455
4537
5250
2083
-2538
-3541
913
4905
1652
-5872
-8987
-4652
1363
1838
-2570
-6502
-7067
-5006
-2333
-38
1459
1043
-1779
-4390
-2832
2532
6164
4385
214
-991
1573
3986
3633
2449
2880
4122
3784
2091
1560
2611
3126
1624
-63
327
1943
1734
-569
-2100
-1064
1633
2394
1084
-1003
-2610
-2357
-1601
188
1475
1127
-300
-2513
-2614
-520
2061
2522
4
-2404
-2328
-274
1057
593
-340
-375
-459
-1390
-2373
-2326
-1561
-1819
-3164
-4273
-3540
-2308
-2533
-4434
-5677
-5114
-4089
-3028
-3749
-4427
-5136
-4685
-3339
-3315
-4119
-8607
-9383
-3064
8179
13789
3079
-10067
-11691
4123
20188
17313
4117
-5118
-1321
7461
10325
9382
7383
4541
2610
1299
2962
6420
4723
329
-3889
-2340
4085
4787
-1923
-9133
-8209
-1198
3429
287
-4842
-6903
-6802
-4284
-2139
1615
3172
359
-3403
-5461
-992
4607
6232
3494
-330
-128
2318
3674
2845
2114
3541
4673
2674
249
103
1385
2403
1468
739
1607
1519
-441
-2456
-1715
1627
3068
850
-2201
-2990
-709
1302
939
263
31
-214
-701
-1349
-491
1537
1876
-3
-1819
-1053
1334
1485
-1177
-2924
-1514
783
604
-1823
-3395
-2987
-1848
-1767
-2713
-3570
-4027
-3976
-4049
-4164
-4175
-3693
-3838
-4660
-4874
-4141
-3054
-4249
-4904
-4525
-3794
-5282
-9134
-6446
3043
13032
9072
-6279
-12846
-2265
17794
21555
7443
-4661
-3884
7343
12555
9538
6662
5057
4018
2456
1904
5744
7252
2651
-3207
-4797
2182
6691
1859
-6784
-10234
-3698
2723
1491
-4364
-7049
-5987
-3883
-2646
-1207
1966
989
-1985
-4362
-2386
3892
5823
3355
-514
-292
3559
4946
3267
1297
2280
4607
4536
1789
153
1322
2667
1646
-292
-46
1404
1524
-172
-920
1012
2252
476
-1950
-1822
1149
2612
-72
-2336
-1177
828
1116
-888
-2463
-654
2028
1517
-1409
-2617
-486
1693
550
-2409
-3219
-977
805
-521
-2962
-3521
-2474
-2411
-3909
-4681
-3146
-1704
-3108
-5738
-6174
-4037
-2557
-3145
-3988
-3653
-3752
-4599
-4963
-4452
-3257
-5363
-8827
-6790
3174
13167
8663
-5805
-13210
-3001
16464
20609
8338
-2790
-2610
6445
10275
8532
8016
7370
5395
1230
209
4215
6800
4167
-1961
-3819
1033
4270
382
-6094
-7778
-2778
1693
-265
-4212
-5658
-5226
-4580
-3738
-1274
1628
1287
-2538
-5147
-2575
3030
5659
3284
-56
71
2955
4204
2469
1168
2741
4920
4071
921
-574
863
2605
2076
505
458
1522
1192
-519
-1140
580
2201
775
-1210
-1166
882
1962
-408
-1890
-751
930
943
-1374
-2032
-597
556
512
-1440
-2060
-57
648
-827
-2714
-2710
-427
343
-1269
-2915
-3596
-2459
-2222
-3499
-3423
-3206
-2859
-3555
-4796
-4354
-3216
-2668
-3396
-3687
-3543
-3023
-3826
-4839
-4429
-3689
-2830
-6279
-8780
-4065
6344
12863
4044
-9222
-10415
4512
19770
16571
2999
-4435
506
9263
10574
8338
6806
5614
4229
2000
2871
6038
5917
1618
-3135
-2426
3254
4603
-1318
-7566
-7205
-828
1849
-1431
-4604
-5251
-4383
-4320
-3366
-382
1666
333
-3487
-4784
-859
4127
4805
1846
-183
1202
3842
3893
1768
1441
3695
4360
1549
-929
122
2852
3401
868
-1584
-933
1464
2170
801
-57
584
948
26
-888
-231
1246
1199
-457
-1440
-517
843
51
-2022
-2027
-148
1117
256
-1906
-1897
20
162
-1492
-2755
-2213
-207
61
-2240
-3474
-2646
-1651
-2281
-3309
-2976
-2340
-2237
-3317
-4488
-4607
-3272
-2562
-2996
-3976
-4117
-2616
-3701
-4073
-4809
-4367
-3470
-7587
-7171
-832
9806
11755
-1328
-11575
-7808
10537
21606
13244
109
-4324
2323
9107
9754
8809
8416
6158
2682
214
2265
7141
6570
849
-3949
-2412
3697
4105
-2870
-8047
-5637
867
2331
-2619
-5859
-5295
-4253
-3533
-2312
343
1979
-654
-4669
-4671
601
5776
5118
739
-1326
954
3691
3314
1401
1654
3417
3744
1454
-760
660
2024
1570
85
-460
2086
2107
-131
-1283
47
3613
2760
-449
-2034
-1044
2424
1307
-1342
-1432
-517
1604
-22
-2529
-1579
-82
769
-854
-2763
-1317
390
-50
-1590
-2784
-1309
227
-1244
-2842
-3218
-2148
-963
-2402
-3798
-3176
-2198
-2076
-3645
-4887
-3929
-2874
-3506
-4003
-3449
-2541
-3204
-5367
-6015
-4858
-2559
-4625
-8602
-5558
4221
12680
6904
-7340
-12314
419
18923
20181
6399
-4900
-2983
7214
12121
10285
7766
6240
3672
789
1101
5862
8980
4486
-3214
-5126
693
5379
1838
-5142
-6615
-1975
1050
-1445
-4847
-4850
-3175
-2974
-3729
-2309
527
908
-1922
-4679
-2610
2964
5098
2070
-1109
-841
2079
3346
1635
1358
2621
3255
1467
-1052
158
2900
3696
861
-1985
-845
1775
2644
1012
-36
886
1764
363
-1003
187
2066
2130
-1295
-3314
-1277
1219
1473
-1409
-2912
-1020
279
-325
-1774
-1741
314
464
-1518
-2582
-1860
126
368
-1656
-2538
-2471
-1922
-1687
-2464
-2014
-2146
-3160
-4063
-4367
-2959
-2089
-2855
-4428
-4294
-2568
-1734
-3487
-5440
-4877
-3370
-2385
-5543
-8347
-4918
4749
12693
6083
-7016
-10863
1271
17763
17830
5666
-3094
-1193
6824
10059
9554
9462
7464
3240
-576
903
6978
8741
3101
-4057
-4896
1685
5980
1644
-5335
-7390
-3145
1076
-139
-2754
-4100
-4971
-5238
-4509
-703
2890
1908
-2399
-6020
-3739
2334
5325
3237
-139
-351
1360
1640
873
1641
4015
4535
1429
-1324
-142
2856
3596
737
-1560
132
2588
2369
244
-585
1470
2675
473
-1769
-929
2101
2903
-444
-3117
-1759
1162
1674
-1104
-2811
-1063
696
218
-1386
-1668
-16
361
-1591
-2919
-1896
222
585
-1319
-2902
-2581
-1274
-1078
-2229
-2570
-1998
-2408
-3769
-4760
-3751
-1850
-2293
-4396
-4834
-2931
-1676
-2952
-5501
-5470
-2861
-1524
-3999
-8622
-7346
1674
11489
10197
-2325
-10782
-5223
11571
19707
11767
268
-3748
2525
8597
10521
10132
7186
3542
262
739
5511
8225
4516
-1794
-4159
316
5428
3470
-3291
-7542
-5006
-34
1124
-1042
-3618
-5522
-5702
-4207
-1342
1851
1567
-1958
-5728
-4776
890
4313
3719
220
-1695
-308
1216
1754
1651
2584
2899
1419
-314
-336
1736
2993
1560
-347
103
1674
1997
-64
-1152
1009
3520
3246
-612
-2666
-959
1433
1929
-453
-1164
285
30
-1545
-2843
-1582
1625
1245
-1614
-2952
-2114
377
-96
-2528
-2732
-951
1100
-42
-2918
-3968
-2674
-572
-521
-1910
-2738
-3446
-4195
-3955
-2804
-1307
-1334
-3788
-5724
-4766
-1918
-547
-2118
-4460
-4707
-3254
-2916
-5720
-8172
-3302
7119
12916
5305
-8484
-11479
1436
17604
18827
7115
-2876
-2792
4256
9314
11137
10604
6986
1303
-1459
1243
6598
8290
2690
-3290
-3619
1989
5542
1100
-5421
-7278
-2621
1806
701
-3114
-5776
-6365
-5706
-2986
1150
3009
-56
-5236
-6921
-2918
3149
5469
2800
-1085
-2280
-667
1317
2339
2943
3303
2317
48
-1213
190
2566
2899
1012
-184
1020
2413
1267
-1087
-964
2088
4303
2727
-853
-2338
-692
1182
1201
683
904
428
-1780
-3398
-1798
1521
2451
-125
-2891
-2762
-653
485
-450
-1857
-1792
-422
118
-1171
-2513
-2258
-1420
-1580
-2095
-1795
-1586
-2870
-4569
-4229
-1875
-453
-1977
-4637
-5505
-3982
-1810
-1164
-2288
-3896
-4600
-4283
-4236
-5419
-5635
-1853
5069
9338
4319
-5321
-8214
737
14210
17085
8221
-1356
-2756
3816
9423
10829
9549
5930
2289
339
1623
6033
7458
3764
-1217
-2740
1350
3916
872
-4026
-5773
-2206
1039
154
-3224
-6153
-6548
-4985
-2237
570
1292
-1270
-5188
-6709
-3463
2423
5427
2955
-1763
-3579
-1505
1495
3251
3721
3076
1102
-1198
-1668
490
3160
3864
2355
508
-54
571
1426
1385
665
461
1517
2706
2355
98
-2018
-1457
995
3608
3250
202
-2651
-3611
-1004
1796
2803
1322
-1773
-3245
-2762
-724
786
528
-1322
-2531
-2187
-838
179
-770
-1646
-2717
-2723
-2158
-2504
-2830
-3335
-2928
-2262
-1766
-2416
-3717
-4588
-3984
-2658
-2000
-1308
-2538
-3629
-4728
-4917
-4397
-5566
-3770
1310
8450
8817
-1912
-10344
-5454
10896
20459
12523
-1056
-5597
1442
9491
10901
8880
6506
3763
1240
1031
4409
7600
5754
-31
-3407
-620
4020
3587
-2095
-6294
-4332
450
1233
-2762
-6165
-5940
-4114
-2797
-1442
191
82
-3129
-6678
-5658
367
5296
3702
-2046
-4920
-2173
2179
3487
2305
1621
1765
813
-969
-630
2162
4207
3011
370
-564
785
2009
1717
1100
670
1110
929
427
664
682
1045
186
-320
553
1258
1272
-604
-1646
-371
1703
2189
-222
-2720
-2503
3
1623
674
-1267
-1941
-1579
-1651
-1817
-1046
99
-547
-3129
-4669
-3252
-673
-264
-2364
-4128
-3727
-2111
-1478
-2329
-3386
-3692
-3363
-2274
-1411
-2035
-3259
-4782
-4927
-4018
-3950
-3809
-2168
3746
8255
3246
-5753
-7494
3126
15637
14851
3478
-4192
-565
7879
10283
7789
6105
4996
3763
1988
1862
5341
6578
2893
-1649
-2272
1976
3723
84
-4584
-5480
-1329
1047
-1411
-4683
-5685
-4721
-3738
-2721
-1302
-549
-1814
-4423
-5284
-2080
2422
3267
21
-3133
-2471
497
2237
2047
1411
1364
1150
0
-27
2176
3643
2925
538
-721
1045
3100
3128
839
-886
-155
1593
2297
894
-310
-28
586
424
17
709
1545
820
-970
-1315
424
1691
320
-2092
-2182
126
1522
-8
-2316
-2319
-529
163
-985
-1920
-1504
-1093
-1765
-2479
-2036
-1233
-1510
-2617
-3042
-2320
-1501
-1607
-2688
-3636
-3335
-1928
-1215
-2163
-3378
-3897
-3496
-2515
-2132
-3345
-5512
-5812
-1988
4891
8169
2747
-5473
-6591
2924
13347
12760
4600
-1583
56
5536
7584
7852
7634
6026
2505
-366
1637
6221
7175
2732
-1906
-2058
1384
2739
-15
-3579
-4313
-1811
-828
-2161
-3625
-4231
-4059
-4094
-3563
-1855
42
-697
-3958
-5445
-2803
1498
2862
612
-1812
-1737
-120
1047
1717
2449
2582
1278
-292
-24
2195
3930
3151
912
-9
1313
2785
2206
267
-450
940
2426
1936
80
-905
-201
885
1131
947
1132
1200
202
-1220
-1184
665
2065
943
-1620
-2662
-1253
480
460
-861
-1658
-1356
-971
-1137
-1331
-1171
-1272
-1877
-2414
-2166
-1433
-1369
-2322
-3018
-2258
-1378
-1574
-2480
-2847
-2661
-2244
-1826
-2450
-2738
-2729
-2891
-3275
-3239
-3650
-5792
-5408
-1167
6078
8689
1228
-7506
-7761
4470
15916
13390
2790
-4582
-1378
6477
10122
9567
6750
3802
1301
88
2610
6808
7410
2493
-3130
-3249
1597
4613
911
-4603
-5542
-2421
51
-1161
-3133
-4631
-5193
-4367
-3041
-676
19
-1456
-4068
-5451
-2395
1828
3336
699
-2734
-2607
154
2406
2564
1981
1571
868
72
733
2893
3978
2305
-504
-961
1613
4194
3740
714
-1485
-550
2154
3298
1560
-1035
-1624
249
2480
2888
1225
-934
-1778
-667
1380
2444
1273
-1397
-3165
-2215
463
1898
548
-1906
-2807
-1689
-324
-105
-709
-1428
-2113
-2490
-1951
-935
-761
-1746
-2874
-2788
-1395
-207
-757
-2480
-3537
-3387
-2618
-1557
-779
-1436
-2891
-4176
-4253
-2743
-1583
-2448
-5410
-6418
-1994
5745
8263
1324
-6439
-5837
4602
13178
10505
2587
-1910
924
5884
7952
7918
6493
4148
1204
32
2730
6216
5947
1861
-2358
-2179
1626
2873
-195
-3809
-4046
-1477
-547
-2089
-3386
-3880
-4176
-4070
-3031
-955
201
-1481
-4346
-4627
-1165
2545
2629
-318
-2429
-1447
946
2015
1662
1460
1597
1110
81
256
2105
3596
2882
710
-100
1289
2882
2526
829
-115
855
2322
2089
915
-354
76
1267
1618
1732
515
-423
-1096
-769
1269
2124
1155
-1638
-3307
-1898
538
1480
-167
-2232
-2603
-1499
-608
-498
-728
-1008
-1485
-2139
-2098
-1326
-826
-1278
-2016
-2236
-1907
-1557
-1592
-1965
-2434
-2380
-1946
-1636
-1675
-2371
-3811
-4366
-3156
-1637
-1684
-4911
-7824
-5792
1635
8940
6483
-3421
-9093
-3252
9596
14716
8458
-163
-2880
1726
6523
8531
8663
6180
2424
-517
821
5622
7749
4403
-1199
-3233
-162
3529
2885
-1409
-4370
-3426
-1223
-891
-1850
-2799
-3796
-4663
-4151
-1777
505
42
-3055
-5229
-3520
671
3077
1602
-1554
-2826
-1323
830
1783
1878
1961
1601
367
-494
610
2953
3929
2454
490
419
1993
2961
2149
721
420
1402
2284
1939
690
-272
-210
628
1501
1728
983
-449
-1507
-1087
590
1737
786
-1604
-3033
-2078
27
842
-413
-2114
-2451
-1483
-593
-528
-864
-1108
-1377
-1761
-1718
-1086
-657
-1297
-2372
-2708
-1982
-975
-1145
-2377
-3223
-2594
-1605
-1400
-2113
-3045
-3462
-3525
-2709
-2391
-2638
-4638
-6976
-4446
2544
8848
5549
-4262
-8730
-1435
11405
14104
6021
-2383
-2285
3612
7241
8072
6893
5076
2085
-372
1368
5908
7801
3538
-2466
-3691
691
4668
2973
-2341
-5087
-3183
-670
-537
-1798
-2812
-3721
-4674
-4331
-1878
779
551
-2583
-4885
-3288
712
2859
1180
-1932
-2795
-771
1557
2070
1353
926
925
682
569
1589
3254
3522
1616
-331
245
2755
3960
2223
-230
-321
1769
3043
1827
-220
-664
604
1763
1668
777
-128
-866
-1237
-676
675
1324
40
-2180
-2924
-1374
572
688
-906
-2259
-2097
-1054
-392
-435
-669
-909
-1451
-2258
-2458
-1445
-132
-189
-1828
-3202
-2800
-1344
-805
-1560
-2512
-2443
-1738
-1775
-2325
-2918
-3355
-3503
-2643
-1624
-2316
-5399
-7614
-4281
2987
8803
5200
-4484
-8302
-1806
10094
13445
7141
-228
-2452
1758
5665
7927
8324
6127
2442
-597
613
4787
7150
4667
-260
-2572
-26
3563
2897
-1303
-4189
-3236
-966
-213
-1022
-2406
-3883
-4969
-4358
-1467
1476
882
-3208
-6127
-4103
846
3386
1463
-1821
-2776
-1328
360
1300
1955
2299
1590
69
-602
693
2837
3546
2115
335
333
1978
3143
2414
814
392
1580
2644
1891
-106
-1139
-133
1588
2087
1095
-234
-1082
-1360
-886
336
1200
272
-2032
-3324
-2084
337
1257
-67
-1905
-2385
-1438
-483
-525
-1179
-1549
-1633
-1590
-1490
-1100
-698
-1153
-2228
-3037
-2284
-798
-459
-1796
-2899
-3003
-2480
-1257
-1363
-1715
-3274
-4362
-3282
-2457
-1491
-4189
-6941
-4969
1713
8938
6278
-3469
-9476
-3008
10937
15471
7257
-2443
-3474
2649
7527
8016
7251
5428
1947
-758
233
5562
8758
4925
-1873
-4637
-899
4284
3924
-890
-4474
-4170
-1078
-242
-1229
-2173
-3786
-4779
-4600
-1592
1380
809
-2715
-5962
-4083
666
3272
1583
-1971
-3001
-1266
889
1702
1829
1896
1225
-398
-1050
977
3848
4254
1531
-1007
-345
2467
4016
2734
349
-620
433
1966
2301
1285
139
-88
468
1089
1306
890
-256
-1494
-1487
119
1562
807
-1648
-3129
-2121
-8
864
-81
-1489
-2024
-1616
-958
-496
-397
-741
-1418
-1982
-1871
-1107
-543
-929
-1891
-2583
-2347
-1440
-823
-1130
-2096
-2658
-2566
-2130
-1560
-1490
-2634
-3691
-3408
-2345
-1702
-3619
-6322
-6129
-779
7257
8244
295
-8019
-6719
5132
13843
11182
2155
-3656
-938
4493
7944
8903
6808
3168
-502
-592
3800
7741
6816
1285
-3321
-2353
2345
4620
1579
-3209
-4635
-2466
-423
-310
-1333
-2692
-4224
-4855
-3080
183
1572
-861
-4694
-5390
-1709
2459
2757
-418
-2943
-2317
38
1587
1803
1567
1278
456
-346
271
2197
3492
2367
102
-489
1437
3431
3172
940
-736
-74
1274
2438
2063
893
29
-875
80
1342
2110
1258
-1321
-2223
-1215
1055
1827
-109
-2401
-2993
-1292
588
822
-418
-1661
-2125
-1780
-876
90
414
-646
-2296
-2922
-1803
-153
132
-1256
-2776
-2888
-1783
-796
-739
-1339
-2303
-3093
-2910
-1592
-451
-1317
-3457
-4507
-3528
-1908
-1701
-3778
-6057
-5132
585
7460
6680
-1916
-8443
-3901
8641
13950
7949
-788
-3431
1710
6481
7711
7568
5500
2337
-168
242
4805
7832
5341
-252
-3684
-742
3423
3530
-167
-4048
-3665
-1366
-252
-760
-2190
-3352
-4256
-4009
-1783
906
1010
-2095
-5134
-4291
-84
2867
1831
-1273
-2679
-1393
554
1643
2050
1936
769
-952
-1249
885
3543
3911
1689
-593
-506
1638
3333
2722
637
-507
303
1626
1770
949
370
276
234
491
1370
1828
555
-1583
-2074
-198
1663
1069
-1354
-2871
-2067
-203
736
170
-1031
-1891
-2001
-1341
-293
330
-179
-1460
-2274
-1750
-610
-96
-691
-1887
-2560
-2333
-1517
-837
-725
-1465
-2346
-2564
-2106
-1362
-1418
-1845
-3163
-4075
-3073
-1853
-1546
-3717
-5715
-4349
878
6611
5163
-1835
-6560
-2783
7234
11457
7401
1001
-1543
1653
4881
6536
7042
5838
3143
410
987
3876
5805
4192
236
-1612
111
2759
2341
-817
-3045
-2506
-867
-445
-1353
-2327
-2652
-3020
-3421
-2646
-688
202
-1466
-3643
-3236
-447
1320
230
-1653
-1617
-36
796
334
167
1085
1721
843
-375
152
2205
3216
1748
-359
-349
1753
3231
2336
416
-154
953
2065
1957
1052
296
33
244
931
1636
1349
-274
-1870
-1579
533
2109
1091
-1705
-3356
-2144
473
1573
117
-2130
-2877
-1745
-160
524
74
-993
-1947
-2243
-1694
-660
-101
-648
-1771
-2367
-1855
-990
-751
-1156
-1746
-1980
-2123
-2209
-1619
-1096
-1550
-2344
-3134
-3557
-2771
-1978
-2376
-4207
-5260
-1943
4387
7259
2075
-5749
-6624
2547
11685
10192
2472
-2795
-513
4703
6688
6898
6027
4170
1044
-745
1750
5849
6977
3150
-1895
-2742
830
3400
1681
-1713
-2928
-1703
-759
-1201
-1930
-2087
-2393
-3333
-3480
-1751
117
-520
-3143
-4270
-2058
1002
1422
-603
-1971
-1242
-42
183
262
1194
1904
907
-852
-817
1528
3597
2944
474
-686
792
2818
2791
1045
132
1067
2091
1611
618
846
1828
1659
191
-604
291
1316
752
-652
-908
80
350
-1002
-2236
-1481
368
776
-888
-2541
-2308
-806
107
-178
-817
-1133
-1328
-1628
-1674
-1081
-331
-440
-1591
-2665
-2446
-1132
-222
-743
-1797
-2073
-1537
-1345
-1996
-2384
-1947
-1486
-1977
-2962
-3124
-2454
-2999
-4733
-4671
-1150
4601
6267
949
-5734
-5869
3263
11284
9747
2629
-2536
-746
3688
6317
7511
6239
3780
876
-389
2479
5929
6199
2324
-1800
-1459
1780
3358
1141
-2152
-2910
-1470
-674
-1132
-1604
-2025
-3049
-4129
-3474
-1013
774
-366
-3400
-4628
-2264
1143
1963
-43
-2022
-1923
-537
505
1092
1725
1762
384
-1224
-768
1827
3720
2680
142
-645
1107
2917
2599
997
328
1040
1712
1521
1175
1272
1224
515
-114
247
1087
1053
-69
-953
-546
456
472
-869
-2119
-1759
-220
570
-324
-1677
-1929
-1183
-546
-348
-178
-236
-1126
-2272
-2293
-954
225
-223
-1750
-2787
-2401
-1222
-474
-638
-1371
-1961
-2001
-1780
-1847
-1734
-1754
-1847
-2268
-2952
-2473
-2066
-2987
-5023
-4923
-830
5173
6744
159
-6271
-5450
3907
11726
9186
2100
-2897
-749
4053
6430
7177
5888
3449
496
-326
2394
5864
5870
1908
-2017
-1568
1886
3124
1196
-2052
-2789
-1333
-542
-627
-1489
-2275
-3319
-3951
-2843
-413
637
-1206
-3940
-4535
-1539
1527
1890
-172
-2319
-2178
-927
444
1498
2022
1589
-122
-1410
-573
1873
3417
2561
508
-248
931
2275
2145
932
426
1192
2149
2071
1065
157
14
470
1151
1654
1395
334
-1058
-1373
-257
1012
1058
-585
-2021
-1910
-564
590
258
-896
-1760
-1664
-952
-213
12
-371
-1202
-1956
-1773
-1015
-195
-316
-1253
-1996
-2249
-1796
-1122
-493
-474
-1351
-2419
-2690
-2087
-1363
-1140
-1497
-1956
-2679
-2925
-2597
-2229
-3007
-4653
-3606
906
5683
4336
-2539
-6528
-2222
7235
10812
5940
-497
-2066
1529
4799
6228
6563
5259
2490
-97
51
3697
6535
4950
548
-2583
-790
2607
2986
414
-2467
-2510
-1143
-772
-1182
-1735
-2309
-3050
-3481
-2376
-442
-177
-1830
-3666
-3158
-418
1410
704
-1360
-2161
-1101
308
947
1211
1248
624
-262
-551
770
2526
2864
1510
-178
-22
1628
2759
2196
756
44
383
1321
2199
2180
846
-799
-1054
471
2142
1972
7
-1740
-1513
239
1496
934
-817
-2032
-1681
-276
826
677
-575
-1846
-2012
-939
356
621
-535
-2225
-2899
-1831
18
765
-401
-2307
-3088
-2181
-688
122
-106
-1190
-2594
-3173
-2413
-980
-53
-496
-2062
-3487
-3664
-2512
-1240
-1073
-2541
-4999
-4864
-660
4757
5477
-407
-5542
-3633
4761
9902
6735
974
-1859
872
4275
5985
6640
5245
2698
-161
-34
3575
6891
5623
245
-3152
-1373
2871
4102
1129
-2365
-3201
-1872
-789
-784
-1253
-1829
-2895
-3836
-3225
-1081
430
-558
-2892
-3664
-1787
710
1349
73
-1195
-1153
-213
712
1310
1589
1282
311
-393
252
1956
2948
2003
251
-322
751
2289
2608
1396
-11
-562
113
1662
2494
1531
-475
-1712
-712
1692
2814
1337
-1306
-2512
-1220
941
1639
392
-1241
-1659
-905
-57
185
-155
-796
-1387
-1477
-801
25
-41
-1108
-2049
-1783
-702
-65
-626
-1712
-2313
-1954
-1042
-494
-621
-1345
-2034
-2457
-2195
-1245
-70
-7
-1809
-3518
-3955
-2290
-832
-844
-2496
-5174
-4933
-1435
4447
5902
586
-4914
-4675
3187
9229
8021
2289
-1449
168
3009
5497
6462
5864
3430
144
-519
2451
6152
5894
1653
-2261
-1832
1576
3330
1361
-1729
-2672
-1670
-906
-1203
-1032
-1478
-2670
-3976
-3752
-838
735
-90
-2850
-4203
-1812
868
1865
343
-1317
-1274
-411
666
1360
1936
1920
716
-710
-275
1954
3531
2750
403
-861
206
2209
2788
1537
23
-586
-181
928
2047
2067
524
-1495
-1836
300
2670
2391
-326
-2441
-1920
203
1451
759
-640
-1166
-851
-562
-459
-290
-269
-763
-1456
-1458
-545
171
-422
-1668
-2038
-1199
-187
-121
-1133
-2215
-2328
-1648
-835
-335
-446
-1444
-2759
-2893
-1546
55
307
-1199
-3115
-3612
-2699
-1345
-810
-2532
-4609
-4450
-360
4652
4097
-983
-4975
-2421
4904
8329
6064
1636
-529
1024
3113
5284
6848
5625
2543
-467
-283
3329
5847
4754
750
-2108
-973
1475
2248
737
-1278
-1956
-1880
-1815
-1507
-1034
-1414
-2904
-3901
-2918
-871
96
-859
-2494
-2710
-1200
300
533
-6
-354
-332
-142
321
1212
1934
1547
213
-417
605
2190
2615
1403
-27
-108
1108
2032
1733
706
-76
-288
8
1026
1705
1332
-288
-1797
-1017
1129
2673
1502
-1280
-2475
-1355
862
1492
278
-978
-1193
-586
-246
-260
-264
-348
-819
-1273
-1053
-329
-47
-733
-1512
-1389
-608
-253
-804
-1657
-2061
-1766
-1013
-355
-291
-975
-1978
-2547
-1970
-710
-77
-631
-1962
-2959
-3003
-2048
-1005
-1008
-2813
-4876
-3977
482
4925
3597
-1721
-4787
-1579
5484
7814
4751
496
-641
1604
3450
4972
5561
4684
2269
-177
407
3416
5651
4270
304
-2126
-689
2188
2783
494
-2102
-2476
-1422
-720
-689
-1015
-1763
-2900
-3458
-2403
-326
633
-680
-2723
-2949
-1042
938
1249
218
-670
-789
-468
235
1320
2068
1522
30
-646
343
1921
2609
1786
333
-164
585
1536
1733
991
-1
-254
487
1454
1567
523
-815
-1090
213
1893
1985
104
-1869
-1902
-75
1597
1409
-297
-1720
-1698
-750
56
309
-62
-931
-1562
-1417
-764
-190
-282
-955
-1479
-1390
-935
-710
-1078
-1619
-1634
-1136
-504
-430
-1094
-1946
-2095
-1390
-554
-211
-929
-1975
-2803
-2702
-1737
-1037
-1218
-3108
-4440
-3126
854
4337
2817
-1665
-4082
-710
5204
6737
3928
617
178
1953
3188
4405
5215
4264
2168
215
894
3544
4522
2879
-145
-1181
491
2006
1581
-567
-2092
-1797
-801
-654
-938
-1260
-1974
-2672
-2963
-1618
43
207
-1149
-2836
-2424
-537
894
884
-51
-570
-520
-187
375
1249
1787
1286
57
-415
673
2144
2317
1101
35
186
1166
1544
959
-33
-520
194
1313
1878
931
-797
-1368
-281
1584
2292
1120
-863
-1908
-1143
417
1370
976
-487
-1718
-1486
-258
489
185
-702
-1411
-1398
-719
-154
-298
-920
-1428
-1389
-900
-554
-789
-1379
-1887
-1823
-1053
-210
-248
-1303
-2340
-2416
-1274
-6
58
-1296
-2597
-2611
-1808
-978
-1093
-1900
-3376
-3981
-1999
1794
4281
1602
-2846
-3778
1001
6638
6583
2736
-737
71
2656
4080
4962
4583
3284
1086
145
1641
4079
4664
2189
-956
-1540
959
2491
1408
-1096
-2336
-1407
-693
-713
-1174
-1500
-2022
-2783
-2498
-1162
-54
-397
-1794
-2545
-1452
437
1148
377
-568
-642
-238
126
686
1566
1907
875
-607
-604
1203
2784
2308
438
-575
272
1671
1833
621
-494
-280
958
1857
1447
38
-1118
-954
433
1773
1741
261
-1355
-1657
-447
1066
1423
248
-1382
-1945
-999
366
731
-137
-1219
-1567
-1108
-406
-18
-219
-933
-1645
-1707
-1003
-284
-354
-1323
-2281
-2202
-1118
-68
-302
-1558
-2490
-2178
-1080
-269
-545
-1568
-2286
-2616
-1987
-1168
-980
-1934
-3683
-3387
-404
3478
3526
-745
-3821
-1837
4178
6984
4477
737
-556
1444
3320
4149
4617
3932
2187
353
61
2303
4352
3691
724
-1854
-870
1452
2110
535
-1695
-1988
-1182
-750
-903
-1060
-1464
-2053
-2381
-1784
-236
31
-957
-2318
-2239
-175
1194
919
-478
-1038
-307
301
547
839
1325
1193
173
-597
141
1730
2303
1207
-235
-253
982
1823
1239
87
-70
852
1454
823
-231
-390
321
872
760
297
-36
-257
-513
-283
581
1057
317
-1124
-1740
-709
720
794
-423
-1442
-1326
-622
-295
-391
-476
-561
-870
-1295
-1284
-670
-296
-846
-1694
-1893
-1241
-386
-364
-1209
-1831
-1589
-1081
-954
-1089
-1246
-1420
-1832
-2077
-1700
-1120
-1034
-2202
-3532
-2684
460
3444
2615
-1493
-3748
-1083
4308
6324
3706
335
-598
1382
3330
4307
4338
3213
1603
175
714
2825
3969
2788
169
-1219
-9
1739
1636
-176
-1710
-1360
-451
-342
-796
-1381
-1724
-2105
-2095
-1175
-178
-247
-1508
-2399
-1617
169
1037
264
-730
-807
20
646
706
915
1104
1047
383
-41
707
1656
1682
734
119
485
1175
1125
499
280
850
1460
797
-275
-515
307
1249
1024
169
-471
-471
-198
-33
337
686
282
-1009
-1948
-1305
357
1101
73
-1452
-1862
-1008
-40
156
-317
-897
-1185
-1175
-969
-720
-661
-906
-1382
-1715
-1528
-904
-644
-1145
-1754
-1698
-1107
-873
-1031
-1300
-1393
-1507
-1872
-1810
-1301
-796
-1506
-2991
-2941
-515
2871
3323
84
-2893
-1892
2841
5935
4569
1492
-86
929
2543
3495
4136
3706
2283
644
157
1761
3452
3124
850
-1047
-377
1435
1723
82
-1548
-1461
-448
-159
-725
-1242
-1463
-1764
-1897
-1173
-15
155
-1066
-2342
-2009
-156
1298
922
-524
-1226
-604
409
932
1055
1064
827
205
-155
458
1538
1883
1035
94
162
915
1152
737
528
930
1205
342
-450
-214
902
1478
394
-506
-487
268
455
-377
-565
16
619
78
-1154
-1516
-611
343
269
-440
-1002
-783
-607
-690
-639
-385
-166
-747
-1384
-1337
-901
-716
-1024
-1288
-1147
-792
-835
-1348
-1724
-1396
-773
-641
-1022
-1475
-1720
-1809
-1730
-1374
-817
-860
-1712
-2820
-2935
-819
2113
3086
724
-2283
-2266
1452
5260
4970
2248
21
292
2317
3444
3898
3533
2442
1155
460
1401
2794
2921
1357
-602
-833
741
1661
762
-843
-1679
-1178
-413
-238
-501
-1058
-1740
-2154
-1798
-661
221
-185
-1508
-2196
-1223
486
1160
312
-804
-823
22
683
931
890
828
636
77
86
984
1734
1531
576
-120
437
1369
1516
1155
579
466
265
156
653
992
1097
83
-739
-251
497
882
89
-898
-968
-232
298
-37
-678
-1066
-785
-363
-264
-235
-163
-347
-870
-1146
-724
-38
-58
-808
-1404
-1305
-867
-805
-1068
-1080
-915
-1025
-1389
-1572
-1316
-839
-850
-1454
-1774
-1575
-1311
-1441
-1719
-1520
-1033
-1424
-2544
-2703
-992
2030
2824
348
-2223
-1933
1855
4769
4168
1664
48
829
2146
3009
3461
3392
2501
1152
670
1488
2807
2864
1327
-274
-441
703
1352
524
-676
-996
-765
-761
-939
-805
-584
-995
-1835
-2059
-1161
-52
-61
-1151
-1881
-1240
68
616
100
-502
-433
33
306
395
647
954
839
341
173
722
1384
1342
656
187
503
1167
1370
1032
675
456
239
262
711
1086
764
-107
-707
-382
532
911
199
-810
-1009
-368
252
152
-492
-919
-849
-587
-454
-308
-116
-191
-683
-1046
-719
-110
46
-676
-1244
-1173
-873
-624
-864
-985
-1072
-1172
-1312
-1423
-1155
-977
-804
-1127
-1536
-1473
-1356
-1340
-1490
-1365
-1059
-1167
-2158
-2685
-1280
1422
2741
722
-1912
-1881
1362
4491
3937
1653
393
1020
2342
2616
2853
3005
2471
1606
677
1111
2347
2556
1506
28
-242
696
1171
501
-612
-1017
-577
-408
-746
-841
-801
-902
-1297
-1596
-995
-224
-106
-788
-1465
-923
72
391
-158
-515
-74
292
251
44
316
954
1028
395
-67
417
1272
1423
694
133
525
1318
1544
965
344
314
592
755
744
519
230
-21
-317
-314
192
496
-62
-981
-1151
-376
366
271
-452
-997
-839
-323
-136
-317
-381
-267
-373
-683
-701
-293
34
-181
-730
-960
-673
-393
-574
-951
-1048
-843
-773
-1061
-1300
-1156
-917
-998
-1317
-1391
-1091
-1007
-1389
-1695
-1381
-710
-964
-2082
-2260
-676
1674
2221
173
-1732
-1266
1638
3886
3222
1578
636
1128
1887
2203
2764
2878
2271
1114
478
1084
2155
2233
1090
-6
-82
760
894
251
-510
-664
-228
-263
-499
-878
-981
-1041
-1210
-853
-355
-160
-598
-1129
-1060
-341
342
262
-153
-319
-65
318
441
299
390
804
819
329
130
645
1361
1414
685
203
600
1188
1202
708
274
186
241
374
447
258
-104
-578
-746
-264
226
-54
-825
-1325
-1042
-285
108
-124
-851
-1148
-800
-395
-120
-220
-324
-498
-652
-488
-219
115
-69
-673
-991
-789
-382
-336
-625
-934
-1038
-999
-1030
-1112
-973
-634
-631
-1143
-1722
-1735
-1211
-797
-831
-1403
-2013
-1728
-252
1515
1664
-107
-1544
-706
1955
3630
2838
1043
86
780
2038
2878
3021
2362
1385
551
731
1796
2681
2238
541
-632
-291
1024
1480
555
-649
-1173
-807
-317
-67
-186
-658
-1243
-1592
-1185
-199
453
-3
-1082
-1466
-682
355
662
361
13
-145
-206
2
686
1283
1195
382
-322
81
1092
1669
1279
401
100
362
821
1091
912
586
47
-350
-146
329
499
36
-654
-929
-503
74
92
-506
-1060
-972
-608
-235
-197
-527
-645
-649
-654
-521
-291
-137
-361
-714
-698
-512
-348
-360
-581
-624
-629
-668
-719
-780
-712
-901
-1218
-1248
-985
-605
-740
-1501
-2041
-1736
-982
-642
-1177
-2063
-1890
-326
1226
1234
-252
-1114
-106
1738
2789
2278
1291
958
1221
1779
2319
2750
2577
1691
1076
1215
1906
2324
1659
564
102
489
1001
804
-51
-769
-796
-479
-224
-278
-573
-984
-1497
-1408
-666
66
117
-678
-1346
-1153
-190
653
643
106
-358
-379
12
575
1007
1001
499
-27
9
628
1193
1102
545
100
140
615
954
863
416
-172
-354
-28
415
622
186
-655
-1000
-666
-25
327
-211
-993
-1231
-749
-46
1
-420
-800
-820
-604
-378
-154
-201
-437
-662
-666
-392
-114
-120
-465
-804
-825
-519
-230
-268
-623
-1041
-1305
-1288
-946
-543
-581
-1302
-1973
-1923
-1174
-544
-835
-1505
-1637
-685
528
708
-29
-616
-49
1215
1989
1880
1414
1253
1345
1527
1966
2562
2659
2021
1250
1080
1571
2038
1842
1090
530
480
569
441
203
10
-183
-471
-776
-738
-562
-591
-919
-1114
-833
-542
-454
-723
-822
-421
38
207
-112
-156
231
563
596
279
302
664
850
679
317
394
747
780
483
222
414
750
653
177
-139
78
403
286
-106
-299
-259
-244
-332
-358
-197
-78
-299
-712
-813
-460
-110
-176
-537
-749
-573
-264
-251
-509
-626
-510
-449
-526
-536
-441
-516
-755
-868
-697
-515
-659
-1098
-1339
-962
-475
-509
-1176
-1690
-1473
-925
-624
-1102
-1698
-1743
-1019
64
513
132
-761
-925
126
1526
2170
1586
753
512
1057
1925
2475
2439
1878
1327
1232
1586
1997
2066
1625
927
541
704
1022
905
302
-287
-442
-215
-23
-142
-531
-954
-1102
-888
-549
-409
-548
-847
-1000
-718
-88
350
115
-349
-463
-3
615
750
581
319
250
410
655
934
885
616
366
327
580
809
690
245
-63
22
270
316
84
-267
-499
-462
-251
-66
-110
-368
-666
-752
-534
-204
-91
-278
-587
-747
-484
-127
-5
-217
-529
-618
-626
-380
-116
-165
-532
-1063
-1179
-843
-404
-300
-634
-1003
-1208
-1164
-905
-687
-760
-1067
-1341
-1331
-1129
-981
-945
-978
-773
-293
85
124
-276
-367
297
1148
1602
1285
856
822
1099
1565
1831
1932
1793
1404
1105
1190
1548
1712
1430
884
607
653
757
637
334
161
31
-131
-265
-285
-267
-427
-698
-753
-470
-216
-287
-558
-651
-332
93
178
-82
-290
-45
372
491
417
251
279
446
445
494
552
655
618
352
344
536
720
562
61
-110
133
381
273
-139
-359
-351
-265
-145
-204
-238
-358
-619
-677
-564
-210
-78
-333
-568
-645
-423
-216
-259
-356
-330
-277
-315
-475
-533
-414
-467
-561
-695
-759
-687
-681
-680
-770
-828
-834
-872
-958
-986
-937
-915
-995
-1126
-1007
-896
-831
-779
-552
-74
131
138
-30
60
516
918
1167
1093
1008
1050
1189
1301
1338
1400
1442
1348
1138
1082
1080
1077
950
719
577
511
510
389
236
89
-35
-107
-164
-114
-98
-150
-373
-606
-498
-184
99
80
-146
-260
-216
-10
278
508
549
301
33
70
373
690
771
601
291
102
207
463
594
448
224
-10
-45
182
299
220
-80
-302
-334
-248
-51
-57
-227
-462
-633
-538
-249
-61
-208
-526
-682
-509
-198
-56
-255
-533
-638
-570
-372
-282
-384
-658
-841
-835
-719
-490
-429
-602
-903
-1094
-924
-638
-519
-763
-1090
-1139
-1086
-936
-787
-760
-894
-1018
-800
-340
125
175
-50
-147
117
685
1090
1253
1022
771
869
1178
1542
1651
1494
1179
1005
1101
1341
1421
1229
878
512
515
658
686
465
90
-107
-215
-166
-58
-41
-159
-394
-535
-450
-261
-187
-251
-281
-112
-31
-67
-75
26
282
375
369
255
200
386
525
524
410
429
556
529
315
147
186
326
425
315
143
-39
-212
-254
-154
99
204
-8
-331
-468
-323
-113
-42
-160
-337
-416
-359
-255
-251
-268
-283
-323
-332
-357
-382
-436
-527
-536
-550
-540
-523
-633
-739
-751
-676
-685
-820
-819
-704
-657
-746
-907
-981
-881
-722
-693
-820
-931
-858
-708
-521
-310
-178
-183
-201
-16
309
634
710
636
762
943
1056
1069
1085
1194
1222
1203
1204
1125
1047
1066
986
805
723
673
597
499
387
312
215
95
-8
-43
-43
-64
-190
-364
-290
-108
51
113
-110
-344
-304
84
489
446
104
-89
72
371
534
504
374
283
241
277
365
440
415
197
-5
-47
85
241
131
-53
-135
-184
-135
-96
-121
-134
-197
-265
-312
-285
-134
-126
-271
-350
-381
-265
-158
-254
-323
-329
-310
-338
-484
-518
-468
-462
-530
-662
-643
-540
-514
-653
-880
-850
-612
-479
-631
-912
-961
-836
-680
-605
-680
-747
-749
-684
-632
-554
-373
-164
-17
-149
-208
79
430
609
489
458
709
986
1087
956
899
962
992
1013
1045
1120
1061
866
726
723
827
788
561
331
279
321
269
124
31
80
98
54
-131
-146
139
204
19
-200
-123
184
342
243
47
10
183
420
390
225
186
224
227
232
297
316
250
-38
-144
49
243
274
-24
-217
-187
-13
156
14
-147
-211
-243
-224
-180
-93
-73
-216
-408
-403
-164
6
-125
-397
-522
-424
-301
-279
-331
-429
-527
-607
-598
-562
-482
-413
-539
-714
-748
-574
-435
-527
-643
-684
-636
-575
-603
-667
-676
-618
-579
-585
-597
-528
-467
-504
-431
-195
-25
-24
-121
-69
248
613
695
567
521
652
848
870
849
866
972
928
749
567
664
886
955
802
526
431
384
428
411
407
437
253
37
-82
37
208
268
120
-14
7
35
141
158
303
349
273
134
-33
96
310
423
352
258
152
113
130
215
245
139
41
8
82
139
36
-88
-159
-166
-48
42
-48
-192
-290
-252
-166
-105
-62
-117
-193
-303
-354
-231
-119
-98
-259
-496
-555
-462
-314
-287
-409
-529
-644
-640
-544
-509
-479
-502
-529
-586
-622
-563
-575
-555
-550
-527
-481
-526
-606
-637
-515
-379
-343
-407
-522
-438
-294
-209
-145
-90
38
75
23
-35
190
511
768
603
352
349
590
896
958
812
640
661
723
707
752
767
751
595
410
419
569
641
502
321
275
316
258
178
248
342
308
102
-57
90
324
368
153
-81
85
335
328
180
41
163
325
294
135
84
223
325
229
-38
-20
89
117
22
-199
-115
-40
-58
-176
-290
-179
-128
-144
-269
-287
-194
-229
-273
-357
-328
-235
-258
-284
-314
-323
-351
-395
-410
-366
-278
-348
-447
-512
-539
-394
-321
-416
-564
-613
-530
-486
-526
-569
-525
-527
-607
-619
-578
-434
-371
-483
-523
-480
-369
-249
-244
-271
-244
-180
-97
-16
39
117
150
135
256
414
484
507
473
488
624
759
743
631
516
564
737
791
758
635
575
551
490
521
517
532
490
363
294
262
310
384
413
327
218
173
203
310
406
414
280
140
139
240
385
492
360
90
6
76
190
292
194
-64
-221
-226
-116
-11
-78
-195
-274
-304
-282
-237
-216
-310
-398
-386
-298
-228
-333
-446
-479
-471
-350
-245
-283
-358
-414
-401
-403
-413
-304
-263
-300
-379
-494
-428
-281
-254
-362
-450
-478
-516
-521
-411
-288
-368
-503
-596
-553
-339
-218
-250
-353
-405
-336
-246
-241
-186
-174
-172
-106
-92
55
114
143
160
133
346
484
414
264
331
530
697
787
708
617
462
499
646
758
846
742
571
429
426
585
692
736
627
438
340
308
408
486
529
379
334
181
268
317
352
366
247
207
104
175
157
201
167
62
-45
-41
-10
-70
-117
-173
-188
-141
-152
-236
-369
-451
-389
-255
-246
-361
-528
-628
-619
-453
-272
-308
-382
-482
-551
-404
-253
-214
-270
-359
-414
-445
-358
-212
-170
-272
-479
-516
-366
-261
-235
-303
-345
-371
-398
-355
-346
-315
-320
-350
-313
-280
-276
-337
-343
-284
-216
-197
-228
-233
-166
-46
26
101
78
57
147
234
384
431
388
397
443
504
514
509
516
506
533
585
538
477
457
454
524
594
583
516
445
397
473
553
497
380
246
248
339
440
381
221
228
283
288
252
232
220
139
126
142
135
106
-2
-22
-41
16
-107
-125
-121
-213
-187
-210
-238
-295
-294
-304
-343
-340
-361
-393
-310
-297
-347
-377
-384
-341
-257
-220
-262
-325
-408
-403
-263
-162
-188
-346
-414
-379
-305
-219
-218
-229
-301
-304
-384
-348
-198
-213
-211
-333
-319
-251
-202
-174
-140
-104
-83
-145
-156
-104
1
62
40
-37
-9
50
82
97
48
115
150
182
135
229
291
308
294
232
192
172
289
374
338
325
313
320
346
342
343
370
340
351
385
395
353
298
330
325
347
375
356
310
245
250
263
240
192
196
183
127
68
66
196
189
118
18
-7
33
5
-8
-43
-59
-131
-158
-193
-101
-105
-187
-259
-270
-250
-230
-274
-266
-298
-295
-225
-233
-211
-228
-257
-347
-273
-171
-135
-191
-280
-292
-267
-176
-172
-209
-302
-311
-267
-173
-162
-240
-239
-266
-277
-195
-179
-113
-184
-251
-235
-129
-149
-184
-181
-139
-25
-13
54
25
24
109
97
89
50
114
128
157
133
91
86
119
206
219
179
115
224
207
166
196
207
288
285
144
50
80
254
310
267
210
152
155
139
155
234
337
269
164
132
235
286
279
191
177
86
100
144
121
159
52
-19
-46
-14
190
183
91
-8
-82
-49
16
116
33
-11
-66
-88
-113
-61
-44
-65
-69
-119
-101
-90
-170
-150
-164
-100
-37
-128
-181
-240
-209
-113
-35
-109
-187
-261
-217
-199
-123
-88
-176
-200
-277
-223
-142
-121
-152
-199
-237
-214
-175
-141
-137
-139
-169
-199
-150
-111
-51
-37
-122
-108
-77
19
55
-9
-15
-28
-28
67
98
-6
30
39
120
115
126
164
97
99
163
151
174
117
76
92
90
103
157
154
128
76
73
181
222
234
118
83
151
192
230
165
204
160
145
87
175
223
134
99
85
132
158
170
105
84
110
83
40
36
76
80
21
-10
-86
-49
50
60
-5
-96
-122
-79
-67
-86
-64
-97
-113
-147
-116
-45
-82
-107
-200
-196
-183
-109
-104
-165
-198
-124
-95
-169
-204
-118
-7
-149
-181
-165
-159
-82
-84
-108
-80
-126
-108
-90
-182
-161
-123
-133
-114
-107
-117
-73
-52
-112
-19
-37
-11
34
48
44
12
1
81
53
45
69
65
75
89
140
143
83
64
120
220
187
122
61
-36
27
154
191
171
98
79
97
121
157
119
84
53
58
118
85
96
109
111
133
74
56
52
138
203
92
57
71
80
113
108
59
-21
-28
74
101
90
87
27
42
52
51
75
60
10
-72
-108
-103
-92
-82
-71
-115
-175
-144
-130
-115
-109
-112
-115
-157
-131
-138
-155
-75
-69
-137
-163
-111
-111
-168
-115
-93
-106
-84
-129
-111
-46
-71
-72
-63
-99
-81
-76
-42
-22
-103
-94
-68
-62
-62
-63
26
-26
-98
-44
-24
51
51
-15
-13
-20
26
83
130
119
96
75
16
79
149
121
80
75
97
102
98
75
53
72
111
115
108
120
104
48
13
60
132
172
162
56
-26
42
134
158
131
73
69
95
75
89
153
161
96
15
22
159
223
126
46
28
37
63
56
15
-5
-7
-20
-7
-22
-14
-41
-122
-157
-92
-13
-39
-81
-166
-131
-137
-89
-68
-128
-166
-187
-209
-143
-101
-113
-163
-199
-213
-152
-84
-71
-90
-152
-168
-83
-25
-4
5
-92
-122
-50
-65
-59
-61
-81
-59
-57
-43
-30
2
3
-54
-17
0
-3
29
33
40
1
-14
12
90
69
6
25
53
100
80
115
46
96
154
111
53
61
142
186
142
118
142
130
172
58
42
107
163
207
170
77
49
112
111
68
71
91
106
97
55
5
54
56
-3
70
120
39
5
-6
-24
10
8
45
-9
-81
-21
-68
-38
46
2
-68
-137
-65
-16
-53
-20
-74
-132
-139
-96
-35
-95
-77
-42
-86
-97
-148
-146
-113
-104
-30
-95
-191
-148
-164
-129
-117
-180
-93
-71
-88
-53
-66
-24
-50
-65
13
-25
-13
50
59
80
47
31
36
31
36
4
49
111
59
24
10
2
-16
-54
-9
13
11
37
-31
-45
5
15
30
11
15
32
12
19
38
90
103
78
93
99
142
164
107
63
53
41
97
141
69
75
112
80
87
158
171
157
112
31
116
164
156
142
69
61
26
28
51
53
40
-1
-20
-63
-53
-35
-46
-86
-138
-89
-38
-75
-81
-88
-136
-88
-82
-105
-101
-114
-82
-142
-188
-114
-119
-69
-105
-155
-92
-128
-46
-78
-60
-69
-140
-152
-142
-96
-54
-46
-125
-123
-97
-50
-58
-49
7
1
-17
-64
-23
44
114
68
29
0
28
77
88
73
63
107
90
85
75
29
81
116
111
75
49
73
102
62
37
103
117
128
116
87
77
30
50
61
60
116
61
-2
6
8
36
72
73
27
-19
-18
32
74
28
-21
-8
34
88
99
17
13
39
-11
38
97
85
20
-59
-25
10
0
1
-17
-53
-70
-19
-12
-45
4
-14
-104
-67
-27
15
23
-6
-29
-84
-44
-14
33
-21
-62
-133
-96
-55
-71
-58
-127
-143
-158
-149
-160
-103
-41
-41
-21
-69
-81
-101
-67
-104
-92
-60
-41
-13
11
-42
-90
-20
31
1
-5
8
-4
1
45
69
61
11
-14
16
36
50
82
83
92
117
88
95
77
43
107
122
90
79
116
149
94
90
102
93
115
90
72
44
80
147
87
37
7
23
82
19
-37
-24
-61
-43
6
-1
43
-5
-77
-52
-56
-23
6
-6
-31
-26
9
-14
-9
10
-8
-14
-61
-40
-32
-26
12
-46
-41
-70
-40
-46
-9
-10
-38
-50
-17
-36
-52
-15
-79
-57
-70
-47
-30
-52
-5
-25
-86
-48
-61
-22
25
-33
-59
-64
-50
-30
-61
-44
-10
-9
20
15
-32
-30
-45
-51
-7
-26
-36
-24
-10
-12
-7
37
23
29
-21
-59
12
28
32
24
2
1
51
84
19
-3
64
109
105
86
52
67
111
91
46
52
78
80
111
123
101
52
35
95
54
31
70
61
74
67
70
79
45
34
8
-13
22
24
50
60
9
9
-16
18
71
1
-4
-17
-47
-11
7
50
14
-34
-15
-84
-88
-66
-88
-36
-51
-62
-28
-78
-109
-141
-146
-81
-77
-79
-61
-72
-76
-77
-105
-97
-52
-83
-78
-39
-80
-39
-15
-78
-27
-33
-62
-24
-30
0
-23
-10
4
8
83
40
5
-20
-32
19
57
63
34
46
18
11
41
63
72
86
38
-46
16
45
67
60
14
8
-5
86
113
97
52
13
61
70
75
53
61
77
63
55
33
11
14
30
26
29
19
28
7
18
88
46
-17
-60
-14
39
25
47
40
11
2
31
33
19
-2
-14
-9
-37
-4
-23
-12
61
33
4
-2
-1
-11
-5
-8
-23
-14
-23
-41
-53
-64
-59
-30
-26
9
23
-39
-59
-103
-88
-52
-88
-53
-66
-98
-55
-65
-81
-87
-72
-54
-61
-48
-92
-96
-37
-86
-143
-81
4
15
13
0
-37
-21
-6
22
30
-22
0
36
44
33
37
66
48
68
74
59
81
40
59
117
55
66
87
22
66
99
67
65
26
57
88
46
71
36
40
81
10
29
65
55
79
33
-18
34
53
17
28
-2
-16
49
34
4
12
-30
-35
-6
-19
-15
-12
-78
-35
38
-39
-51
-36
-45
5
14
11
-33
-48
33
20
-34
-20
-5
19
5
1
30
22
-1
-32
9
8
-55
-65
-96
-71
-48
-29
8
-20
-37
-63
-59
-46
-41
-49
-48
-18
-38
-35
-30
15
-36
-88
-75
-97
-21
25
-12
-34
-41
-66
66
9
-15
23
-19
0
32
-1
46
76
65
62
61
7
13
36
56
42
4
66
57
59
82
57
20
17
78
47
28
9
23
66
88
42
85
-1
5
17
26
35
16
11
7
49
56
16
-47
38
5
45
56
-15
20
-3
-9
-20
27
-1
-5
6
-32
9
41
5
-7
-29
-18
-85
-68
-12
14
39
-34
-58
-18
-18
-38
-83
-73
-25
-70
-81
-61
-84
-64
-75
-63
-64
-49
-32
-80
-28
-47
-107
-79
-79
-49
-48
-37
-20
-49
-22
-27
-11
42
-6
-40
-23
-24
5
44
30
29
47
8
8
34
24
45
65
61
48
51
92
98
47
33
77
103
116
78
12
49
54
40
91
76
57
51
62
86
59
68
52
49
82
17
15
36
15
56
38
-16
13
28
15
17
-29
-47
-3
-11
-26
-14
-35
-51
-44
-38
-11
-13
-36
-20
-29
-26
31
4
-70
-55
-33
-42
-8
9
-31
-22
19
-34
-76
1
43
6
-18
-27
-50
-48
-9
21
-6
-37
-25
-32
-41
-4
27
-4
-37
-38
-45
-5
19
-7
-57
-56
5
-30
-41
-31
-40
16
-24
-62
-6
-23
-51
-7
29
35
-22
-28
-4
-30
28
47
47
28
-12
9
-38
6
47
22
57
13
-4
16
-6
36
50
5
21
19
19
58
33
23
56
70
33
16
5
23
68
21
8
5
33
46
23
44
30
21
-12
24
55
27
54
41
18
-19
5
32
38
39
-28
-32
-24
20
58
25
14
-36
-51
0
-13
-7
-10
-77
-19
21
-22
-15
-42
-47
-19
-15
-47
-12
-29
-70
-29
-63
-13
-12
-44
-7
-25
-7
-21
-7
-22
-21
-15
-53
-24
-26
-9
3
-1
-32
-44
5
-17
-41
-38
-26
-20
-10
12
-24
-54
-29
-12
-9
-24
-44
-38
-12
4
-13
-6
4
3
41
47
29
62
59
47
41
21
72
55
45
60
41
58
13
52
102
89
37
-6
31
42
43
-2
68
106
44
49
16
9
-28
7
56
11
-7
-17
8
-1
-4
1
-28
-41
-14
25
8
-29
-37
1
40
6
-26
-9
-19
-41
-16
8
10
-4
-25
-1
24
-10
-30
-14
-27
-29
6
3
-26
-11
8
-5
-36
-63
-44
-24
-50
-65
-63
-36
-13
-28
-47
-62
-77
-42
-34
-75
-37
-45
-40
6
-15
-24
-69
-41
18
7
1
-15
-16
-9
6
-5
10
27
53
71
15
3
2
49
90
40
47
59
66
64
37
75
50
18
58
73
65
20
34
83
57
37
57
36
24
65
33
-1
4
-20
20
34
-18
-31
-22
-2
9
28
2
-34
-2
-14
-1
7
-6
-4
-6
-27
-39
-6
-21
-8
-19
-14
-46
-2
4
-9
51
-39
-50
-18
-27
-16
-3
8
-1
-30
-38
-7
31
7
17
13
2
-16
-24
-8
-6
-8
-36
-39
-13
-22
-35
-22
-26
-41
-13
-4
-14
-24
-45
-37
-16
-17
-15
-19
-16
-3
-21
2
12
-30
-17
9
-17
16
62
3
-30
36
24
12
52
13
37
47
29
3
42
59
66
36
10
-3
12
22
44
46
0
29
-1
-3
36
35
15
23
8
23
25
-21
26
30
18
10
12
-7
-3
18
-6
-13
14
11
-3
-22
-17
-3
18
31
13
28
32
4
17
-3
-4
31
-2
-41
-44
8
44
17
7
-9
-15
-4
5
5
-20
-21
-14
-36
-16
0
-2
6
-32
-27
-30
-36
-4
-24
-41
-70
-63
-39
-7
-3
-61
-64
-86
-59
-25
-46
-47
-49
-46
-44
-23
-34
-30
-10
-13
-7
5
45
35
11
-11
-5
54
54
51
83
81
62
66
64
58
76
61
48
65
55
50
57
47
28
-3
1
39
26
-4
-5
-19
-10
2
-13
-4
-8
-14
1
-10
-38
-37
-1
7
-13
7
24
-11
-19
-4
-2
11
5
3
17
-28
-11
8
20
2
24
-5
8
39
-11
-10
-11
30
53
-10
-3
-10
-23
25
11
-24
-5
2
-20
-7
25
18
-11
-28
7
-2
-13
-35
-33
-46
-28
-21
-16
-12
-26
-28
-53
-22
-53
-46
-22
-9
-14
-15
-18
-51
-27
0
2
-4
-17
-3
-7
-12
-21
8
12
-6
-1
5
0
-15
-6
18
66
15
9
28
18
-13
32
66
52
51
26
31
43
55
18
48
57
46
39
64
45
51
15
6
2
30
13
13
31
0
-10
-32
-27
-11
18
23
-5
-58
-42
-14
-23
-23
17
-38
-48
-9
-34
-24
-23
-7
12
-12
-14
-6
1
-26
0
8
-21
-11
-10
-1
-14
-11
7
12
-1
-3
11
-9
-4
-7
2
16
-4
4
-1
-2
-10
-35
2
9
-14
-1
16
0
-15
-9
4
-26
-36
-6
11
-29
-33
21
-39
-15
-13
8
-13
8
-9
-15
-12
6
29
-26
-11
-30
24
37
12
-24
-14
2
4
33
25
30
8
-13
33
60
45
-1
0
10
22
30
45
58
13
6
50
58
49
36
11
13
17
23
45
38
22
-3
18
26
-20
-7
5
1
-17
-46
-22
-7
-17
-3
2
-14
-24
-15
10
-19
-23
21
-9
-34
-17
-1
5
-6
-22
-23
-2
12
5
-26
-3
25
0
-11
-14
-26
-40
-5
29
4
-18
-9
10
-9
-20
9
24
-8
