-15
-75
-13
75
46
40
46
74
51
28
39
61
42
18
-10
-13
14
-6
-22
44
47
54
28
-14
-7
-27
64
-38
-24
-55
10
-36
-49
19
18
-1
-59
50
56
91
42
62
44
8
15
37
18
3
27
19
3
21
20
-21
-61
-28
-10
-22
-12
15
-13
-56
-44
-16
-17
-6
46
63
53
53
31
-4
-13
37
23
8
30
39
2
-7
54
43
44
-8
47
6
-14
-30
-52
-42
-48
-11
49
55
8
40
42
26
-60
15
-7
0
-8
26
53
-7
-5
11
31
42
15
30
-42
-49
-38
9
-17
-14
19
-6
-97
-19
23
56
4
49
41
27
-55
-43
-39
-19
0
61
100
43
-44
-60
3
-29
-22
-9
-3
-41
-9
17
19
-9
-11
-12
-19
25
66
75
43
43
60
45
8
-19
-13
-7
38
17
53
48
4
-61
-12
-9
-39
-55
-15
-22
-21
29
9
-4
-4
-17
-51
-42
51
10
-51
6
12
-13
-30
-12
-4
-47
-37
-2
96
44
12
-41
-22
-16
-16
-1
-13
-5
-55
-11
-58
-1
-38
77
37
55
-31
-89
-68
-57
80
-9
5
-43
38
28
-15
-13
-21
-23
-72
-61
-32
-80
-52
-63
38
11
20
35
-20
-8
-21
59
22
-36
-72
-76
-100
-102
-35
-6
4
-33
58
7
-2
-27
41
-57
-84
-42
-29
-56
5
73
34
-48
-3
-4
51
19
52
110
12
-80
-67
-6
-96
-6
28
59
-62
-69
-42
-51
-64
1
26
5
-68
-88
-84
-49
-19
1
-11
42
69
5
42
15
-8
-12
23
19
-30
-5
-33
-29
-59
-2
-16
4
-46
22
-18
-4
-74
-50
25
-19
-76
-46
7
4
-4
16
34
48
54
103
96
82
-1
-67
-39
13
53
22
-13
-6
-47
-11
1
8
18
20
37
-69
-78
-35
35
4
17
13
63
-106
0
67
90
86
48
92
-57
-25
-7
30
61
24
49
-93
-48
1
66
-3
-92
-88
-1
-80
21
60
26
-144
-125
7
79
98
58
58
17
55
0
67
92
95
-27
-50
-48
-1
-13
38
111
34
-87
-127
-55
-28
-32
28
13
-49
-104
-22
40
50
108
145
76
48
112
120
125
54
43
85
2
-36
-36
12
12
-20
-1
-6
-22
-49
6
58
-19
-87
-26
-5
-49
-25
11
0
1
-4
58
34
75
149
72
123
34
22
-66
-15
-29
5
46
41
18
-10
10
-5
54
-33
-50
-121
-69
-12
-23
-61
-58
-3
-42
11
156
96
53
19
41
62
12
88
-5
-32
-100
26
97
61
-33
-51
2
-26
-28
-10
124
-65
-83
37
-39
-120
-175
-48
-46
96
116
99
52
29
9
76
136
54
-16
-54
-111
-105
-84
60
38
-11
74
-47
-113
-74
43
-40
-75
-85
-15
-93
-62
36
104
86
58
42
10
43
129
35
75
77
-69
-109
-42
60
38
54
-52
13
21
22
-23
-3
25
-60
-45
16
12
-41
-100
13
-52
37
2
68
65
93
122
35
0
13
-58
-23
-7
85
1
-107
-90
-78
-14
26
-26
-23
-17
-50
-67
-5
-11
-45
-84
-77
59
140
149
105
97
-5
-32
-113
13
48
107
-46
-106
-21
-61
19
47
29
-116
-115
1
-35
-7
-23
-49
-124
-22
128
193
10
-9
-60
9
132
153
89
56
-64
-105
11
186
132
-94
-111
-52
-37
41
16
-9
-25
-116
-84
-26
130
83
-85
38
48
2
-89
88
117
19
0
102
83
40
29
58
-84
-202
-61
155
103
70
78
72
-72
-73
93
80
9
-97
67
32
16
-9
69
81
41
13
63
10
79
47
112
151
-94
-126
-150
48
-24
9
-32
38
-202
-197
-148
102
100
-114
-48
-61
-71
-210
-94
-43
30
-102
-48
-76
-18
40
98
40
22
-66
-114
-75
12
-4
-1
-50
18
-29
-99
-36
-131
-99
-122
68
60
62
-100
66
-4
26
35
175
164
68
125
121
202
81
83
-47
18
3
39
-13
29
-54
-61
-57
-9
55
68
-11
-89
-106
-51
-28
-55
-43
11
-55
-49
43
82
54
-38
19
103
70
80
14
-50
-48
18
60
33
142
55
-23
-94
-23
45
-24
-72
-87
-4
-92
26
-3
97
63
78
0
43
-83
90
65
117
10
-57
-37
-86
-47
81
130
3
-167
-75
-59
-17
-83
22
-9
-39
-92
-26
14
30
32
62
39
8
-4
39
34
-43
-122
-52
28
-5
-4
70
131
58
-61
-6
-176
-77
-125
-14
153
16
-60
-151
-6
-7
-55
24
115
185
116
87
12
32
-19
-14
-42
52
47
11
99
133
181
11
60
-88
-129
-109
55
47
21
49
99
-19
-26
112
19
-51
-58
97
99
37
-37
32
12
-20
28
35
56
-10
80
159
57
-101
-203
7
242
296
120
-4
-31
-89
-36
142
223
118
-48
-6
142
202
159
184
150
-121
-54
40
153
-84
18
-83
-54
-96
-88
153
0
-43
-233
-193
-176
-75
-7
-3
95
31
-51
-20
-12
-16
-144
77
51
41
-167
-54
-30
15
38
141
40
-94
-80
-12
41
-46
-141
6
10
-25
47
140
72
-35
-44
103
98
104
96
9
-143
-324
6
65
266
76
77
25
-145
-38
79
88
-82
10
-50
-56
-63
66
-12
-57
-22
-13
-26
40
184
102
47
0
-28
-29
44
134
55
42
-176
-130
-67
134
-100
-146
-55
68
-18
-74
-42
-106
-195
-80
104
213
56
37
-107
-205
-51
-10
-90
-77
-6
-138
-279
-103
27
15
-74
80
145
-147
-58
-150
1
-215
-146
-139
-202
-45
-12
24
94
99
60
-212
-85
81
-15
30
121
74
-127
-248
20
124
105
93
47
-130
-238
-168
-112
267
126
-45
-101
96
-63
-23
48
199
24
-158
-23
121
104
12
196
71
-121
-230
67
61
20
30
84
-82
-169
-2
124
21
-141
-82
28
-5
-92
10
148
51
-33
19
93
106
103
33
180
142
304
-147
-45
-52
59
-135
-154
62
120
51
-49
-22
91
-36
-57
-159
-46
-68
-83
14
-83
-75
-167
-62
-8
-179
-13
-126
71
-169
-49
179
-6
-64
5
76
-111
-221
-26
29
115
-190
17
68
11
37
219
183
32
-141
-55
-105
-52
28
51
-10
19
55
-6
-82
28
78
-128
-287
-115
83
19
-113
-27
34
-202
-390
-158
77
-16
-14
214
176
-84
-111
-28
-51
40
99
-94
-177
-62
-49
-5
193
178
-77
-161
70
116
4
95
113
73
147
235
172
253
209
-120
-41
29
2
26
32
261
154
-20
39
3
0
-117
27
44
-176
-40
0
-23
-106
203
150
-248
-23
-36
9
125
311
194
-131
-214
-244
148
160
162
-146
-179
59
-20
172
73
65
-405
-240
-21
48
-58
-81
81
-66
48
163
103
-97
-158
-20
106
68
132
56
244
218
43
56
-91
-164
-289
-210
282
245
56
-23
-155
-112
-191
-92
227
87
-227
-178
97
76
-55
68
87
54
100
91
117
-9
29
-104
102
136
30
123
-12
109
-297
-186
-172
24
9
232
136
116
-77
-9
48
154
68
-198
-272
-113
-147
-154
197
313
-68
-168
-195
54
137
82
-60
58
121
-109
-53
-128
186
-266
-165
-62
278
46
-84
52
-77
-142
-237
311
136
-43
-6
283
-20
-296
-43
26
-217
-89
114
98
-197
12
-115
-147
-60
-94
77
-53
232
-115
86
-63
-79
-70
-85
-37
73
158
174
-3
-161
-316
-62
-162
84
156
48
-11
-154
171
81
77
106
-162
-86
-54
-173
-274
24
238
122
-42
-11
65
-109
-146
8
143
35
-29
154
167
53
45
-102
-199
-60
-216
-204
-15
-25
-98
-187
0
47
52
144
22
-170
-296
-94
71
82
72
-32
-130
-144
-86
61
238
109
-210
-387
-127
78
-79
-18
104
160
37
-53
-58
-273
-214
-127
-76
124
184
240
-23
-118
83
-111
-109
-51
-73
-1
77
96
-65
100
110
203
139
193
158
57
58
-70
50
-219
207
122
421
182
-101
-138
-336
-36
119
329
400
-59
134
41
324
-239
-51
-115
-216
-353
-233
84
240
29
-255
-37
-258
-212
-40
390
270
-17
-117
-98
-92
-32
-11
-52
-317
-185
-150
153
235
230
297
15
90
-280
-65
-69
-116
-87
45
-171
165
213
381
140
-150
-208
-395
-42
255
321
129
-15
-65
-20
21
123
666
2
-287
-475
-14
146
128
210
395
68
-209
-84
81
7
197
30
-85
-172
-165
-182
-259
127
172
-27
46
216
-58
-183
-92
-282
-157
-14
223
144
176
-4
396
2
154
128
138
-33
-277
-65
-350
-95
2
346
85
186
-135
-261
-299
198
185
190
209
367
-12
167
99
-121
-41
-207
64
74
118
115
-171
-59
55
109
-153
174
23
-362
-395
-42
238
173
125
117
-204
-239
-30
374
30
133
-44
45
-159
156
504
312
-232
-309
-156
-367
-267
116
55
62
22
253
92
35
-104
-203
-65
96
188
-178
-157
-76
77
148
-32
-204
39
21
115
82
430
210
25
188
71
148
155
248
97
-27
-246
-254
-284
-382
-328
-237
-509
-250
207
560
142
73
-192
-361
-272
-27
193
178
196
125
147
55
-228
-15
-154
135
236
249
-22
-132
-236
-114
122
216
329
401
321
73
52
-14
105
155
-41
60
-57
301
388
358
257
-200
-162
-265
-69
20
124
288
-52
-92
-80
57
-164
-521
-258
-53
132
324
324
105
-213
-262
-174
-37
101
-19
-397
-685
-575
-272
97
394
461
176
-214
-368
-460
-286
-69
133
243
178
154
25
27
-45
-1
204
249
234
108
-55
-265
-129
158
275
236
-24
-85
-146
-225
-142
-199
-319
-423
-291
-30
77
226
221
46
-141
-272
-186
-25
131
189
124
18
20
102
17
11
170
123
-31
11
4
-65
-104
-108
48
134
39
-25
60
71
37
-46
-167
-130
-179
-59
88
107
101
-41
-9
-56
-80
-34
-159
-174
-285
-430
-345
-203
-61
82
40
-144
-333
-364
-287
-175
-14
-213
-437
-442
-378
-152
72
295
352
232
174
177
35
-68
21
-69
52
288
462
915
1023
1039
1009
750
792
671
639
509
178
171
140
412
875
992
1060
911
794
578
486
634
475
509
264
370
255
262
376
385
346
264
118
58
-100
-51
-46
82
329
297
207
185
-7
-325
-587
-642
-546
-577
-660
-483
-363
-440
-393
-291
-355
-420
-505
-745
-969
-1067
-1165
-1313
-1321
-1151
-1046
-1011
-915
-906
-1051
-1215
-1387
-1603
-1801
-1949
-2077
-2179
-2187
-2025
-1624
-993
-271
391
909
1253
1457
1579
1650
1614
1447
1158
802
516
421
508
679
913
1107
1126
1075
1119
1137
1020
883
648
298
-30
-107
-40
-32
106
221
200
75
-4
3
13
93
71
24
-2
104
338
505
683
767
768
669
604
653
577
515
466
356
288
281
393
498
482
478
541
643
755
957
1248
1469
1567
1540
1375
1120
835
561
340
196
53
-85
-146
-103
23
134
145
52
-90
-250
-392
-474
-504
-557
-707
-846
-1102
-1394
-1451
-1362
-1278
-1280
-1156
-1053
-1072
-1081
-1110
-1185
-1466
-1721
-1938
-2119
-2228
-2310
-2369
-2553
-2681
-2835
-3080
-3438
-3639
-3303
-2501
-1411
-415
546
1403
2022
2389
2621
2873
2781
2254
1433
725
253
43
186
439
712
879
1033
1059
966
998
870
418
-164
-552
-737
-742
-521
-258
-73
70
220
308
394
568
672
548
305
157
155
283
527
811
1012
1085
1054
926
750
614
492
277
12
-155
-194
-134
21
210
331
418
526
601
652
812
1031
1120
1140
1296
1507
1583
1595
1594
1382
960
571
240
-141
-435
-553
-696
-914
-937
-730
-529
-379
-222
-174
-333
-554
-712
-877
-1023
-1050
-1100
-1244
-1320
-1294
-1266
-1261
-1189
-1083
-1156
-1345
-1470
-1640
-1869
-2002
-2107
-2342
-2714
-3051
-3339
-3823
-4394
-4563
-4031
-2840
-1347
104
1423
2515
3257
3796
4336
4716
4543
3758
2662
1553
751
520
673
851
1016
1202
1224
1103
1164
1352
1215
663
1
-600
-1025
-1038
-680
-322
-90
160
391
531
770
1155
1363
1259
1055
866
699
712
938
1122
1169
1227
1227
1057
940
1017
1004
703
311
-16
-293
-416
-277
-24
171
357
581
767
928
1163
1394
1452
1427
1526
1731
1888
1953
1905
1689
1349
1011
673
305
-53
-395
-801
-1198
-1361
-1249
-1034
-814
-604
-502
-550
-643
-719
-815
-913
-1012
-1209
-1469
-1594
-1530
-1418
-1345
-1298
-1308
-1430
-1628
-1806
-1922
-2038
-2259
-2649
-3173
-3717
-4226
-4818
-5524
-5913
-5356
-3807
-1898
-109
1553
2994
3976
4662
5404
5944
5691
4609
3143
1667
568
207
362
472
492
657
771
664
697
938
803
79
-734
-1317
-1698
-1723
-1287
-743
-357
56
573
990
1348
1768
1977
1733
1317
1052
901
881
1088
1346
1408
1376
1388
1308
1113
990
825
334
-344
-802
-958
-950
-772
-484
-284
-157
105
488
833
1160
1450
1486
1280
1219
1497
1881
2162
2336
2329
2035
1581
1174
794
298
-317
-1007
-1686
-2107
-2032
-1628
-1234
-956
-749
-679
-743
-769
-718
-758
-947
-1175
-1427
-1671
-1695
-1458
-1246
-1183
-1118
-1095
-1271
-1505
-1631
-1811
-2178
-2610
-3037
-3506
-3967
-4400
-4986
-5831
-6609
-6668
-5593
-3662
-1530
454
2285
3841
4998
5945
6775
7007
6215
4653
2833
1139
3
-375
-394
-431
-356
-111
82
246
547
687
240
-670
-1562
-2162
-2376
-2142
-1626
-1123
-633
45
816
1472
2092
2662
2792
2342
1728
1293
1015
903
974
999
836
707
756
828
853
831
535
-142
-821
-1162
-1263
-1219
-958
-606
-331
17
582
1202
1743
2204
2428
2277
2001
1930
1990
1958
1816
1609
1301
941
664
482
272
-44
-477
-971
-1381
-1569
-1520
-1342
-1175
-1099
-1089
-1075
-1014
-891
-744
-677
-758
-919
-1023
-996
-894
-830
-870
-1012
-1206
-1381
-1520
-1676
-1869
-2075
-2343
-2762
-3259
-3677
-4028
-4551
-5451
-6579
-7287
-6802
-5000
-2598
-273
1896
3869
5359
6437
7418
8004
7515
5924
3811
1711
90
-717
-925
-994
-940
-609
-212
66
408
765
624
-170
-1125
-1848
-2287
-2294
-1803
-1198
-717
-61
839
1629
2289
2942
3192
2745
2049
1541
1160
918
933
966
794
648
708
766
741
760
647
121
-656
-1274
-1631
-1764
-1578
-1125
-629
-123
528
1281
1970
2521
2836
2736
2300
1933
1885
1967
1964
1883
1701
1369
1045
868
660
259
-273
-920
-1627
-2086
-2072
-1742
-1327
-930
-655
-530
-467
-411
-412
-525
-781
-1135
-1438
-1537
-1409
-1145
-887
-738
-704
-723
-784
-935
-1183
-1516
-1956
-2469
-2929
-3302
-3645
-3990
-4398
-5006
-5814
-6552
-6769
-5992
-4138
-1779
410
2334
4138
5679
6829
7684
8025
7331
5618
3543
1647
181
-638
-903
-1068
-1248
-1136
-744
-395
-96
200
103
-540
-1186
-1444
-1476
-1308
-846
-381
-85
416
1269
2059
2586
2943
2937
2426
1794
1407
1164
944
820
696
456
309
442
642
652
501
173
-383
-971
-1320
-1445
-1440
-1252
-869
-351
328
1163
1915
2377
2601
2659
2511
2209
1922
1740
1656
1649
1654
1597
1508
1398
1173
768
246
-371
-1073
-1709
-2077
-2139
-1954
-1534
-965
-445
-72
196
317
214
-43
-350
-714
-1095
-1344
-1397
-1309
-1124
-891
-704
-612
-626
-824
-1231
-1693
-2079
-2424
-2762
-3024
-3208
-3402
-3643
-3924
-4308
-4885
-5653
-6334
-6315
-5097
-2929
-590
1493
3394
5098
6424
7383
7961
7769
6488
4425
2246
488
-540
-860
-917
-1058
-1109
-824
-361
48
361
412
-64
-870
-1445
-1533
-1257
-717
-46
472
819
1330
2020
2517
2674
2553
2045
1219
580
428
502
576
682
740
664
665
861
934
685
277
-231
-875
-1383
-1455
-1244
-994
-659
-202
266
769
1374
1905
2155
2184
2133
1985
1760
1665
1773
1904
1954
1994
1969
1730
1349
935
390
-282
-857
-1250
-1534
-1611
-1378
-976
-562
-140
206
346
303
155
-141
-582
-967
-1154
-1223
-1236
-1093
-830
-663
-604
-512
-507
-756
-1109
-1434
-1862
-2319
-2505
-2471
-2492
-2554
-2578
-2718
-3025
-3331
-3648
-4130
-4761
-5461
-6094
-6103
-4837
-2476
83
2319
4247
5702
6464
6805
6975
6588
5281
3399
1519
20
-779
-818
-590
-571
-676
-718
-761
-754
-542
-361
-547
-883
-957
-726
-205
670
1592
2072
2185
2299
2333
2054
1606
1161
589
-52
-360
-193
216
695
1169
1402
1258
962
665
204
-433
-989
-1401
-1738
-1803
-1387
-690
-4
649
1236
1589
1728
1838
1902
1803
1638
1546
1492
1438
1476
1603
1709
1801
1927
1931
1656
1212
722
118
-516
-904
-1018
-1044
-951
-655
-301
-3
281
468
405
169
-96
-409
-780
-1073
-1225
-1291
-1274
-1121
-904
-773
-748
-784
-937
-1245
-1569
-1822
-2067
-2266
-2313
-2298
-2309
-2236
-2094
-2059
-2136
-2217
-2393
-2761
-3231
-3717
-4254
-4877
-5440
-5480
-4442
-2345
96
2291
4163
5639
6450
6644
6518
5949
4595
2685
872
-483
-1278
-1417
-1115
-846
-686
-388
-57
59
105
193
34
-401
-614
-364
112
694
1369
1837
1933
1968
2080
1935
1455
945
459
-104
-516
-529
-294
-15
261
411
315
137
58
-53
-321
-599
-716
-691
-528
-145
426
992
1399
1615
1688
1702
1689
1581
1359
1138
992
919
984
1242
1595
1910
2079
1967
1611
1252
967
592
109
-336
-718
-1006
-1027
-719
-254
204
597
832
876
835
732
445
-3
-443
-824
-1185
-1458
-1606
-1747
-1943
-2103
-2161
-2106
-1908
-1632
-1454
-1425
-1395
-1265
-1137
-1125
-1183
-1268
-1418
-1573
-1637
-1699
-1890
-2162
-2457
-2815
-3178
-3468
-3842
-4488
-5150
-5150
-3987
-1863
485
2492
4070
5205
5749
5747
5415
4681
3327
1621
220
-511
-643
-371
6
169
150
215
337
278
65
-142
-389
-658
-631
-118
604
1154
1435
1508
1417
1234
1015
637
37
-569
-903
-922
-673
-160
489
1019
1289
1339
1243
1024
690
242
-261
-611
-651
-443
-103
325
741
978
1021
992
928
802
659
550
486
579
939
1474
1988
2421
2744
2813
2561
2103
1539
914
336
-94
-363
-481
-467
-414
-386
-335
-220
-66
79
189
249
245
142
-85
-385
-694
-984
-1270
-1553
-1810
-1984
-2043
-1996
-1862
-1649
-1354
-1028
-763
-624
-569
-534
-525
-601
-797
-1074
-1412
-1806
-2145
-2306
-2321
-2343
-2454
-2663
-2950
-3231
-3483
-3852
-4432
-5030
-5099
-4055
-1902
613
2802
4522
5698
6135
5995
5618
4853
3362
1450
-166
-1098
-1270
-788
-128
187
229
293
270
37
-193
-414
-886
-1390
-1316
-589
348
1220
1905
2176
2033
1801
1582
1134
432
-258
-758
-941
-614
140
877
1321
1497
1403
1056
682
371
-56
-606
-960
-953
-710
-290
267
748
991
1082
1108
1021
838
653
488
418
608
1041
1478
1805
2097
2371
2518
2457
2195
1740
1085
339
-235
-497
-560
-541
-450
-363
-299
-183
-69
-110
-276
-473
-709
-887
-836
-608
-392
-246
-172
-208
-327
-480
-728
-1094
-1447
-1648
-1691
-1618
-1394
-1051
-748
-599
-556
-589
-751
-1021
-1331
-1711
-2096
-2276
-2189
-2032
-1935
-1884
-1918
-2102
-2411
-2804
-3286
-3828
-4371
-4792
-4694
-3542
-1338
1164
3198
4631
5567
5856
5456
4690
3705
2334
717
-574
-1159
-1135
-759
-328
-174
-265
-334
-326
-373
-529
-583
-432
-105
506
1342
2180
2691
2678
2279
1670
1112
646
127
-365
-663
-634
-386
13
525
942
1149
1082
801
440
147
-62
-316
-471
-396
-151
144
412
676
804
798
753
692
672
684
826
1091
1465
1891
2215
2399
2367
2091
1591
959
300
-368
-801
-838
-583
-248
28
256
311
232
181
182
222
238
286
312
334
440
507
379
11
-425
-857
-1274
-1501
-1534
-1464
-1377
-1207
-957
-798
-708
-704
-838
-1105
-1341
-1368
-1327
-1273
-1187
-1078
-986
-969
-968
-1008
-1094
-1258
-1572
-1917
-2164
-2279
-2396
-2557
-2761
-3039
-3387
-3905
-4278
-4145
-3115
-1333
568
2312
3517
4275
4494
4297
3937
3245
2372
1214
255
-153
-66
307
487
571
526
364
131
-156
-393
-582
-600
-353
221
1034
1834
2266
2185
1813
1343
833
311
-186
-582
-773
-700
-372
137
674
1074
1166
958
699
531
349
124
-9
10
134
328
549
654
591
451
281
97
41
172
364
611
1055
1675
2224
2544
2669
2486
1896
1143
406
-309
-829
-955
-753
-431
-67
303
502
477
390
281
143
59
82
202
371
519
568
402
28
-437
-957
-1498
-1895
-2020
-1968
-1819
-1480
-1034
-657
-355
-179
-174
-240
-327
-454
-631
-827
-932
-970
-1058
-1195
-1386
-1718
-2111
-2390
-2539
-2568
-2464
-2310
-2224
-2192
-2161
-2216
-2513
-3070
-3654
-3753
-2877
-1120
828
2444
3676
4483
4724
4490
4014
3268
2111
789
-96
-243
85
468
660
556
199
-173
-423
-589
-635
-512
-354
-167
320
1123
1758
1893
1697
1373
951
568
363
194
-41
-165
-58
214
642
1094
1226
912
434
66
-128
-163
-145
-201
-250
-133
127
401
610
667
493
213
149
458
918
1280
1578
1930
2264
2453
2441
2148
1545
791
140
-207
-201
1
179
301
419
482
433
270
-33
-409
-659
-680
-478
-75
389
652
615
416
160
-159
-537
-911
-1188
-1279
-1192
-1051
-961
-950
-1048
-1246
-1395
-1353
-1164
-960
-773
-611
-511
-490
-489
-545
-764
-1065
-1344
-1610
-1924
-2182
-2324
-2341
-2230
-2035
-1807
-1728
-1742
-1986
-2371
-2828
-3426
-3728
-3471
-2320
-590
1279
2897
3714
4010
3917
3575
2903
2076
1488
908
521
521
928
1272
1041
546
-93
-690
-1016
-1057
-814
-541
-21
679
1196
1653
1963
1887
1335
708
327
53
-28
132
298
358
487
652
640
450
185
-165
-543
-672
-490
-187
135
483
738
814
831
824
656
375
222
249
383
695
1190
1599
1734
1746
1768
1707
1523
1334
1136
851
583
447
347
235
170
81
-111
-238
-184
-97
-61
62
248
328
354
442
445
255
33
-166
-451
-731
-836
-886
-1008
-1090
-1109
-1203
-1310
-1277
-1177
-1105
-990
-817
-697
-596
-475
-456
-588
-726
-814
-992
-1220
-1351
-1398
-1501
-1645
-1767
-1873
-1911
-1913
-1878
-1926
-2034
-2149
-2309
-2556
-3031
-3289
-2970
-1996
-626
840
2268
3022
3129
2968
2787
2459
1906
1558
1250
962
914
1129
1237
954
591
116
-473
-860
-827
-573
-352
85
667
1087
1357
1510
1427
968
524
359
343
454
598
698
645
550
489
310
125
-40
-195
-285
-158
209
432
487
474
393
213
-13
-32
-17
82
304
625
1044
1420
1817
1899
1797
1601
1360
1243
1206
1331
1256
1124
944
628
279
-70
-233
-436
-561
-516
-331
-29
258
564
720
777
746
526
208
-122
-359
-607
-805
-815
-785
-772
-794
-765
-760
-905
-1011
-1144
-1326
-1376
-1260
-1037
-774
-535
-458
-572
-764
-971
-1152
-1209
-1156
-1061
-958
-931
-996
-1159
-1459
-1812
-2094
-2196
-2087
-1899
-1752
-1689
-1769
-2036
-2447
-2732
-2595
-2018
-1154
-154
872
1737
2162
2230
2315
2389
2237
1935
1655
1415
1187
1106
1202
1174
905
549
99
-375
-505
-278
-64
93
398
742
837
769
734
647
440
363
529
750
894
857
744
538
254
129
78
34
-34
3
199
355
497
613
563
315
114
58
92
170
294
502
617
767
1004
1209
1302
1267
1250
1195
1227
1472
1666
1544
1155
739
354
45
-83
-75
-92
-114
-8
204
420
549
512
306
101
64
126
135
55
-91
-285
-471
-602
-697
-820
-997
-1187
-1277
-1158
-900
-673
-587
-668
-820
-918
-925
-842
-726
-655
-655
-754
-905
-1005
-1090
-1185
-1196
-1158
-1188
-1255
-1253
-1190
-1159
-1239
-1473
-1817
-2116
-2259
-2288
-2296
-2402
-2684
-2899
-2658
-1936
-1035
-130
730
1296
1400
1456
1863
2254
2298
2288
2326
2099
1699
1539
1499
1230
913
753
500
122
-68
-83
-143
-174
-47
93
142
185
226
176
106
143
304
542
743
750
616
539
551
567
631
747
761
651
554
495
423
348
238
73
-65
-117
-161
-221
-129
179
519
797
1068
1260
1269
1125
984
1000
1147
1307
1451
1517
1385
1072
722
465
344
303
291
257
165
103
106
34
-144
-277
-332
-371
-374
-302
-203
-168
-205
-283
-405
-561
-702
-834
-943
-973
-891
-749
-632
-600
-657
-794
-927
-939
-834
-690
-620
-701
-855
-1020
-1205
-1339
-1370
-1339
-1285
-1251
-1229
-1213
-1248
-1352
-1499
-1575
-1515
-1454
-1469
-1560
-1762
-2089
-2480
-2672
-2327
-1562
-795
-148
471
888
912
909
1300
1798
1988
2027
2102
1987
1615
1381
1378
1284
1160
1172
1078
802
629
582
426
252
324
446
337
159
67
-44
-148
-81
140
297
309
305
255
110
104
315
475
482
507
620
694
690
704
702
585
495
541
561
464
339
139
-100
-82
284
671
871
996
1013
856
795
979
1153
1203
1253
1232
1073
959
951
878
745
690
647
516
338
147
-96
-330
-419
-317
-129
4
-13
-213
-490
-652
-644
-587
-563
-562
-609
-709
-766
-747
-728
-704
-636
-600
-647
-711
-724
-707
-682
-676
-745
-893
-1074
-1248
-1371
-1414
-1372
-1269
-1188
-1249
-1442
-1640
-1722
-1630
-1428
-1305
-1402
-1678
-2014
-2293
-2422
-2416
-2274
-1886
-1324
-837
-407
138
567
572
488
829
1407
1755
1899
2012
1921
1608
1472
1683
1936
1966
1748
1325
878
639
578
512
451
461
382
90
-235
-384
-435
-500
-473
-232
108
327
353
286
218
222
367
617
846
945
892
753
604
537
627
747
759
695
585
412
206
46
61
311
657
822
766
693
611
513
623
869
967
975
998
935
800
754
769
704
643
772
924
846
641
434
191
39
101
255
316
189
-75
-388
-674
-802
-781
-774
-818
-860
-854
-808
-789
-743
-691
-690
-636
-553
-586
-702
-837
-940
-936
-790
-586
-537
-694
-873
-986
-1035
-1024
-1043
-1119
-1224
-1361
-1462
-1518
-1629
-1712
-1656
-1543
-1451
-1471
-1725
-2125
-2454
-2479
-2044
-1317
-713
-490
-476
-443
-420
-203
544
1447
1883
1900
1796
1627
1512
1656
1965
2192
2312
2302
1987
1453
1038
816
631
569
729
793
445
-93
-468
-630
-597
-348
-70
-46
-204
-331
-406
-425
-229
128
384
528
703
908
870
723
805
1042
1249
1243
1146
997
666
340
258
513
836
885
730
613
538
367
291
430
602
671
654
686
657
638
707
716
773
867
944
820
632
598
594
573
504
557
498
250
43
-114
-251
-471
-587
-645
-693
-710
-766
-848
-1000
-994
-881
-903
-979
-984
-974
-1061
-1107
-1020
-915
-837
-726
-615
-615
-678
-757
-821
-837
-842
-884
-1054
-1204
-1258
-1281
-1279
-1312
-1322
-1434
-1593
-1701
-1835
-1961
-2209
-2513
-2517
-2062
-1523
-1208
-1009
-748
-490
-397
-30
698
1304
1506
1464
1562
1708
1836
2064
2269
2353
2326
2213
1874
1476
1341
1248
1049
887
836
668
267
-86
-261
-303
-331
-297
-245
-339
-472
-606
-662
-564
-308
-70
46
141
188
221
302
473
752
1042
1219
1222
1117
983
889
881
958
1116
1286
1291
1042
742
608
595
601
656
722
613
308
45
10
142
304
410
416
337
234
163
168
280
434
521
518
473
381
224
63
4
70
164
134
-65
-327
-509
-562
-546
-523
-514
-595
-798
-1070
-1275
-1282
-1162
-1078
-1065
-1024
-981
-993
-1034
-1088
-1059
-982
-934
-862
-852
-921
-1017
-1074
-981
-854
-802
-888
-1109
-1334
-1508
-1611
-1673
-1757
-1914
-2044
-1982
-1705
-1399
-1327
-1286
-1011
-649
-489
-370
33
419
566
725
1017
1210
1263
1406
1699
1971
2064
2048
1908
1726
1765
1858
1798
1649
1464
1263
1025
816
631
396
194
41
-131
-345
-561
-747
-888
-858
-636
-410
-365
-446
-489
-388
-131
219
504
612
627
672
751
855
1039
1242
1330
1355
1470
1577
1429
1203
1211
1354
1380
1312
1203
899
586
472
422
389
405
391
200
-22
-65
6
33
19
73
139
71
-86
-133
-113
-77
-26
0
10
-57
-128
-199
-229
-142
-48
-62
-219
-386
-509
-612
-708
-752
-772
-838
-942
-1077
-1090
-985
-874
-897
-1062
-1154
-1197
-1205
-1212
-1238
-1257
-1298
-1278
-1254
-1294
-1362
-1436
-1453
-1423
-1383
-1428
-1657
-1904
-1949
-1668
-1230
-1089
-1274
-1280
-957
-676
-541
-237
227
425
367
523
864
989
1035
1323
1687
1880
1907
1791
1599
1589
1833
1980
1804
1572
1460
1287
1029
914
953
858
542
276
183
38
-204
-286
-207
-235
-397
-540
-665
-728
-574
-301
-159
-95
32
107
83
171
411
575
620
690
788
920
1185
1410
1332
1150
1193
1340
1337
1275
1254
1109
832
702
774
834
786
648
462
337
304
245
112
2
14
73
5
-148
-215
-222
-247
-228
-191
-236
-321
-375
-381
-322
-231
-219
-306
-398
-429
-446
-512
-570
-579
-626
-743
-814
-811
-788
-740
-758
-941
-1147
-1183
-1164
-1214
-1222
-1164
-1226
-1385
-1470
-1492
-1469
-1397
-1345
-1417
-1571
-1693
-1781
-1821
-1836
-1714
-1466
-1275
-1245
-1295
-1076
-783
-675
-497
-73
343
334
205
363
637
891
1171
1430
1572
1643
1656
1621
1682
1905
2075
1975
1762
1654
1558
1316
1097
1088
1125
997
713
405
186
50
-85
-213
-313
-414
-524
-648
-713
-611
-403
-299
-308
-282
-200
-149
-72
93
240
373
464
516
574
671
950
1251
1305
1097
976
1182
1337
1353
1363
1318
1216
1076
1074
1129
1113
1019
769
579
497
505
421
210
136
117
79
-74
-205
-232
-292
-358
-450
-469
-462
-488
-498
-472
-431
-432
-481
-542
-534
-478
-397
-373
-362
-373
-449
-490
-516
-482
-469
-478
-568
-849
-1012
-987
-926
-918
-979
-1057
-1199
-1342
-1404
-1398
-1374
-1396
-1472
-1627
-1692
-1681
-1699
-1714
-1724
-1571
-1413
-1349
-1346
-1208
-821
-621
-584
-419
-79
158
221
425
659
794
905
1108
1339
1506
1647
1685
1629
1669
1832
1861
1714
1628
1613
1497
1301
1189
1111
952
785
665
482
248
80
-61
-204
-292
-337
-403
-463
-444
-386
-404
-446
-378
-260
-201
-169
-85
8
94
245
374
434
528
650
733
877
1041
1030
952
1006
1223
1310
1290
1297
1197
1090
1029
1071
1039
944
882
729
625
594
564
340
165
148
50
-74
-256
-372
-474
-511
-438
-438
-470
-547
-626
-675
-666
-611
-564
-545
-570
-563
-531
-491
-459
-442
-416
-434
-501
-571
-622
-622
-643
-759
-866
-867
-851
-888
-987
-1119
-1217
-1332
-1387
-1425
-1454
-1497
-1630
-1695
-1723
-1687
-1754
-1839
-1711
-1510
-1391
-1467
-1398
-1154
-935
-793
-610
-284
-147
-102
54
349
628
804
1005
1138
1293
1460
1530
1599
1723
1868
1920
1876
1771
1705
1685
1576
1492
1444
1343
1093
772
611
491
398
258
50
-128
-265
-295
-386
-436
-423
-465
-498
-568
-541
-414
-278
-189
-131
7
60
96
189
277
470
674
828
827
784
843
926
1094
1245
1373
1345
1143
988
945
1094
1239
1239
1103
890
703
564
514
531
538
421
181
-53
-181
-230
-252
-251
-283
-389
-541
-686
-767
-732
-627
-576
-622
-678
-717
-740
-701
-594
-484
-454
-534
-632
-669
-641
-546
-448
-478
-603
-734
-837
-860
-810
-813
-945
-1123
-1262
-1320
-1264
-1194
-1193
-1277
-1437
-1618
-1738
-1788
-1780
-1704
-1604
-1465
-1470
-1523
-1351
-1094
-891
-754
-536
-341
-308
-177
112
429
683
880
980
1013
1137
1343
1567
1770
1924
1960
1887
1830
1832
1851
1866
1837
1705
1487
1240
1022
885
795
678
515
319
101
-91
-203
-243
-296
-375
-435
-514
-598
-599
-526
-422
-295
-209
-199
-207
-156
-47
68
208
398
576
688
719
731
818
996
1169
1261
1251
1158
1058
1047
1149
1216
1248
1176
957
778
656
623
577
528
499
344
152
-40
-160
-172
-178
-235
-366
-515
-650
-737
-743
-693
-674
-706
-741
-775
-803
-781
-681
-580
-565
-613
-665
-710
-708
-606
-474
-457
-593
-768
-850
-811
-730
-725
-826
-968
-1092
-1194
-1248
-1227
-1196
-1256
-1412
-1555
-1630
-1666
-1723
-1769
-1690
-1464
-1341
-1465
-1508
-1332
-1087
-907
-688
-395
-298
-257
-120
111
425
731
986
1044
1069
1247
1455
1633
1845
2025
1999
1852
1796
1823
1823
1817
1800
1682
1486
1281
1087
914
806
729
596
400
183
-24
-203
-289
-292
-282
-328
-414
-518
-593
-563
-450
-278
-197
-161
-139
-127
-66
19
301
597
722
612
506
691
889
1084
1216
1264
1194
1100
1126
1179
1276
1271
1179
960
813
817
786
725
550
481
407
201
18
-107
-142
-237
-364
-453
-525
-617
-685
-706
-743
-735
-740
-796
-843
-836
-761
-684
-681
-689
-662
-672
-700
-707
-687
-602
-516
-545
-652
-754
-846
-865
-810
-799
-863
-991
-1148
-1241
-1278
-1304
-1304
-1365
-1509
-1649
-1780
-1859
-1895
-1872
-1712
-1532
-1534
-1593
-1508
-1309
-1106
-949
-673
-431
-317
-164
31
251
449
748
962
1079
1276
1438
1565
1646
1824
1958
2007
2019
1966
1930
1831
1819
1753
1568
1394
1183
997
814
658
492
357
211
-15
-190
-258
-305
-403
-479
-535
-580
-578
-526
-478
-450
-400
-353
-311
-247
0
262
355
308
288
494
692
882
1000
1071
1105
1087
1190
1189
1273
1355
1283
1207
1096
1094
1016
888
825
752
705
585
402
175
-13
-91
-141
-210
-317
-426
-593
-727
-747
-776
-742
-737
-820
-915
-962
-875
-842
-845
-801
-793
-784
-765
-751
-710
-612
-516
-516
-628
-728
-737
-721
-712
-730
-782
-857
-946
-1044
-1136
-1212
-1285
-1389
-1526
-1650
-1757
-1891
-2024
-1991
-1753
-1531
-1468
-1506
-1520
-1470
-1302
-959
-557
-333
-224
-81
34
235
587
973
1238
1344
1486
1608
1682
1805
2016
2248
2318
2321
2241
2047
1953
1920
1915
1850
1687
1469
1128
819
624
557
542
420
193
-103
-354
-515
-529
-492
-500
-570
-634
-669
-732
-615
-466
-343
-265
-177
2
107
286
377
470
642
783
964
1039
1109
1150
1214
1290
1285
1343
1324
1286
1264
1204
1174
1079
1018
962
853
779
639
472
279
131
41
-67
-188
-367
-516
-640
-735
-793
-840
-882
-924
-967
-1008
-959
-931
-893
-869
-893
-858
-856
-833
-777
-731
-669
-638
-663
-719
-764
-796
-778
-741
-755
-845
-984
-1098
-1174
-1233
-1242
-1252
-1374
-1572
-1804
-2016
-2092
-2054
-1967
-1788
-1629
-1705
-1793
-1711
-1578
-1353
-982
-527
-278
-231
-163
-56
201
648
1142
1424
1458
1490
1562
1717
1990
2263
2426
2451
2352
2202
2144
2121
2064
2001
1882
1714
1441
1163
934
704
588
529
408
156
-112
-304
-504
-574
-532
-524
-561
-654
-743
-770
-695
-525
-381
-308
-204
-27
77
155
364
616
725
765
905
1015
1148
1370
1509
1476
1379
1357
1347
1412
1496
1465
1333
1124
985
938
920
873
694
456
244
95
-34
-123
-161
-303
-515
-682
-791
-861
-912
-906
-914
-958
-961
-973
-1021
-1038
-1021
-986
-907
-842
-821
-814
-775
-722
-668
-609
-627
-669
-713
-771
-754
-758
-822
-948
-1123
-1209
-1242
-1272
-1369
-1578
-1787
-1967
-2069
-2154
-2299
-2399
-2335
-2119
-1995
-1917
-1774
-1748
-1731
-1500
-1008
-499
-203
-36
-17
33
351
854
1358
1619
1741
1829
1879
2055
2287
2516
2615
2561
2469
2301
2215
2180
2080
1919
1750
1636
1421
1130
845
566
357
215
110
-41
-241
-488
-730
-826
-786
-635
-559
-589
-677
-770
-685
-545
-290
-61
83
120
154
410
610
865
1065
1146
1157
1140
1301
1407
1561
1615
1531
1450
1376
1444
1406
1338
1254
1069
947
794
693
557
404
319
131
40
-68
-216
-348
-500
-560
-665
-701
-711
-775
-837
-885
-861
-837
-762
-701
-714
-752
-772
-759
-739
-698
-693
-687
-729
-730
-647
-667
-697
-783
-910
-931
-942
-930
-996
-1157
-1332
-1487
-1522
-1604
-1701
-1849
-2071
-2309
-2528
-2573
-2430
-2181
-1972
-1903
-1958
-2030
-1957
-1637
-1098
-551
-183
-65
-246
-226
71
755
1443
1938
1931
1895
1798
1934
2285
2629
2944
3024
2781
2474
2287
2226
2275
-38
32
-48
2282
2147
2045
1678
1225
1032
577
558
488
549
206
-108
-646
-600
-734
-555
-586
-464
-623
-815
-946
-885
-647
-310
-34
79
-26
-79
9
360
808
1189
1330
1262
1138
1150
1355
1646
1833
1829
1645
1450
1372
1449
1581
1630
1499
1209
869
601
465
443
456
418
289
78
-166
-380
-523
-587
-606
-629
-688
-773
-850
-885
-876
-844
-826
-846
-893
-945
-969
-936
-856
-760
-701
-703
-751
-809
-815
-757
-691
-655
-687
-791
-915
-1048
-1182
-1249
-1295
-1345
-1420
-1547
-1732
-1948
-2121
-2262
-2387
-2563
-2690
-2647
-2462
-2245
-2167
-2060
-1975
-1906
-1624
-1198
-699
-368
-143
45
156
465
937
1438
1847
2079
2186
2146
2207
2519
2842
3037
3052
2906
2663
2469
2456
2484
2408
2207
1877
1480
1193
1051
915
712
427
92
-198
-360
-454
-528
-621
-740
-849
-907
-910
-836
-709
-618
-506
-431
-328
-104
99
297
483
669
818
915
1100
1251
1343
1471
1607
1701
1701
1704
1623
1499
1485
1502
1567
1507
1328
1089
807
669
586
552
466
253
-58
-439
-605
-608
-583
-541
-653
-866
-1088
-1217
-1177
-1082
-971
-934
-1052
-1210
-1269
-1204
-1054
-898
-843
-887
-978
-988
-909
-756
-653
-660
-720
-871
-927
-956
-941
-928
-1070
-1257
-1462
-1505
-1509
-1565
-1690
-1938
-2221
-2501
-2658
-2726
-2686
-2518
-2356
-2314
-2260
-2128
-2059
-1879
-1519
-1028
-570
-249
21
116
223
584
1080
1588
2004
2266
2260
2171
2268
2501
2881
3196
3299
3137
2745
2437
2298
2322
2407
2368
2062
1568
1055
652
475
435
445
250
-101
-440
-803
-973
-927
-814
-752
-808
-919
-1067
-1100
-912
-626
-403
-234
-41
29
95
279
547
801
955
1194
1351
1428
1540
1601
1617
1592
1677
1739
1735
1718
1640
1523
1318
1201
1139
1019
903
744
503
271
119
-24
-170
-302
-426
-546
-671
-772
-839
-891
-942
-984
-1030
-1040
-976
-913
-927
-988
-1031
-1036
-979
-872
-803
-823
-866
-869
-841
-786
-737
-756
-824
-928
-1032
-1070
-1065
-1089
-1132
-1257
-1482
-1724
-1918
-2034
-2123
-2219
-2414
-2776
-3167
-3341
-3213
-2818
-2394
-2199
-2171
-2370
-2499
-2257
-1631
-768
-133
254
258
66
146
571
1346
2129
2703
2835
2525
2290
2340
2693
3262
3696
3708
3349
2808
2371
2241
2352
2516
2474
2115
1492
822
411
300
310
279
91
-258
-669
-992
-1091
-1047
-981
-899
-888
-981
-1036
-974
-822
-651
-430
-215
-140
-53
115
274
549
1058
1545
1728
1595
1379
1260
1279
1704
2219
2457
2385
1922
1360
925
976
1409
1747
1807
1334
567
-94
-319
-58
335
538
294
-342
-995
-1291
-1183
-867
-595
-582
-849
-1226
-1468
-1451
-1203
-892
-716
-754
-916
-1059
-1086
-983
-836
-730
-667
-605
-544
-524
-574
-673
-827
-982
-1044
-1016
-944
-942
-1145
-1479
-1809
-2081
-2187
-2144
-2132
-2283
-2663
-3214
-3635
-3663
-3271
-2627
-2075
-1899
-2132
-2546
-2663
-2171
-1256
-260
481
657
381
138
301
941
1876
2757
3193
3064
2681
2440
2535
2971
3529
3852
3702
3218
2719
2364
2268
2377
2387
2153
1666
1069
604
277
98
40
-166
-446
-625
-810
-929
-954
-1039
-1172
-1270
-1216
-971
-722
-572
-490
-495
-512
-429
-166
202
569
943
1277
1450
1394
1309
1290
1407
1686
2030
2337
2352
2120
1705
1334
1237
1360
1679
1830
1679
1245
643
189
10
135
325
391
196
-256
-723
-1030
-1077
-935
-771
-703
-811
-1056
-1256
-1314
-1270
-1125
-975
-931
-961
-1005
-1015
-976
-924
-920
-944
-931
-862
-722
-633
-682
-867
-1111
-1276
-1313
-1192
-1089
-1149
-1315
-1654
-1957
-2116
-2157
-2080
-2171
-2382
-2752
-3297
-3584
-3465
-2969
-2363
-1892
-1681
-1943
-2308
-2313
-1821
-909
68
791
968
763
617
739
1258
2096
2940
3382
3361
3077
2802
2739
2968
3406
3672
3720
3470
2996
2562
2211
2032
1867
1707
1484
1142
812
459
117
-253
-543
-718
-842
-787
-705
-717
-852
-1092
-1226
-1245
-1085
-736
-407
-199
-164
-217
-216
-33
314
730
1207
1606
1736
1604
1440
1389
1473
1780
2216
2479
2452
2202
1784
1391
1256
1368
1552
1642
1514
1139
625
177
-75
-148
-98
-35
-99
-308
-591
-883
-1098
-1193
-1182
-1078
-975
-966
-1037
-1161
-1277
-1302
-1287
-1226
-1051
-859
-739
-686
-755
-900
-960
-895
-743
-566
-473
-530
-722
-1001
-1235
-1337
-1340
-1313
-1330
-1409
-1558
-1770
-2016
-2260
-2508
-2692
-2840
-3029
-3150
-3182
-3010
-2693
-2371
-2018
-1913
-1917
-1828
-1628
-1098
-482
185
700
826
940
1016
1305
1795
2347
2963
3208
3295
3265
3172
3186
3286
3471
3475
3387
3220
2970
2721
2415
2104
1764
1425
1124
870
641
405
134
-195
-508
-777
-934
-962
-931
-872
-900
-970
-1057
-1125
-1039
-875
-593
-343
-189
-66
29
201
419
675
961
1270
1541
1747
1839
1814
1795
1752
1807
1911
2021
2116
2039
1853
1588
1359
1241
1169
1107
988
801
551
277
33
-149
-296
-462
-651
-827
-924
-955
-1004
-1102
-1244
-1386
-1435
-1386
-1291
-1154
-1055
-1046
-1055
-1092
-1111
-1036
-930
-849
-784
-763
-766
-699
-703
-764
-825
-976
-1065
-1112
-1129
-1093
-1113
-1215
-1438
-1681
-1915
-2086
-2136
-2213
-2352
-2619
-3002
-3309
-3433
-3209
-2708
-2191
-1773
-1688
-1833
-1946
-1892
-1475
-824
-28
607
889
1039
1100
1248
1512
1913
2367
2720
3038
3258
3362
3371
3338
3217
3045
2913
2853
2833
2762
2662
2347
1846
1313
812
499
333
293
230
28
-227
-576
-884
-1101
-1210
-1167
-1085
-945
-869
-819
-775
-772
-697
-654
-534
-332
-96
240
538
808
972
1076
1248
1378
1518
1654
1769
1866
1920
2009
2044
1987
1869
1695
1463
1321
1298
1256
1186
974
717
386
77
-90
-261
-350
-486
-655
-829
-1005
-1096
-1167
-1196
-1283
-1383
-1431
-1430
-1348
-1260
-1199
-1154
-1125
-1149
-1144
-1060
-976
-893
-816
-794
-809
-783
-719
-663
-663
-715
-821
-956
-1032
-1073
-1123
-1178
-1276
-1456
-1630
-1772
-1914
-2041
-2194
-2383
-2646
-2875
-2965
-2858
-2573
-2280
-1948
-1752
-1736
-1670
-1509
-1191
-740
-201
288
604
862
1080
1314
1598
1908
2245
2500
2711
2953
3164
3307
3392
3376
3198
2980
2799
2667
2577
2513
2374
2076
1707
1286
910
584
389
257
45
-106
-296
-491
-644
-763
-845
-967
-1018
-1019
-951
-800
-631
-486
-427
-379
-328
-251
-40
286
594
834
1087
1276
1397
1502
1533
1556
1539
1547
1621
1676
1735
1732
1650
1461
1256
1062
881
766
654
560
466
354
201
8
-211
-457
-702
-887
-955
-964
-912
-920
-983
-1042
-1168
-1244
-1278
-1254
-1154
-1057
-956
-881
-811
-775
-755
-760
-814
-859
-899
-860
-730
-583
-460
-462
-586
-775
-998
-1122
-1125
-1060
-1004
-1036
-1118
-1239
-1375
-1543
-1682
-1810
-2031
-2222
-2431
-2604
-2629
-2529
-2356
-2196
-1985
-1845
-1756
-1637
-1464
-1191
-917
-533
-115
215
554
882
1165
1423
1690
1943
2168
2388
2613
2800
2937
3051
3089
3030
2932
2814
2689
2558
2401
2206
1991
1755
1499
1241
954
693
418
159
-47
-243
-325
-407
-486
-562
-700
-780
-814
-805
-761
-688
-600
-487
-323
-154
40
249
432
582
707
810
901
1029
1215
1385
1483
1543
1584
1583
1576
1573
1550
1496
1406
1279
1140
1001
869
734
590
423
210
3
-154
-329
-490
-593
-700
-833
-962
-1069
-1133
-1142
-1104
-1083
-1123
-1181
-1238
-1268
-1222
-1139
-1034
-903
-811
-784
-803
-857
-903
-926
-918
-869
-779
-669
-587
-555
-569
-635
-747
-882
-995
-1049
-1052
-1021
-977
-974
-1031
-1171
-1397
-1633
-1868
-2094
-2269
-2366
-2337
-2192
-2045
-1899
-1732
-1617
-1540
-1449
-1273
-1058
-836
-530
-220
99
438
792
1100
1308
1503
1671
1804
1969
2190
2390
2569
2724
2784
2761
2670
2576
2444
2303
2184
2019
1858
1683
1506
1326
1097
874
643
361
108
-43
-170
-294
-342
-395
-472
-544
-602
-648
-706
-673
-573
-446
-317
-203
-38
112
276
410
492
594
681
797
918
1035
1172
1256
1307
1344
1338
1334
1311
1244
1157
1052
944
827
724
584
414
254
70
-50
-129
-212
-306
-475
-662
-860
-1024
-1108
-1124
-1080
-1031
-1011
-1013
-1026
-1044
-1052
-1069
-1068
-1063
-1044
-986
-919
-815
-731
-671
-644
-668
-673
-679
-653
-627
-642
-665
-721
-742
-723
-695
-651
-665
-721
-802
-917
-984
-1062
-1144
-1221
-1351
-1470
-1607
-1729
-1782
-1807
-1800
-1757
-1660
-1520
-1355
-1207
-1021
-810
-672
-540
-380
-183
39
315
593
816
1083
1323
1517
1682
1801
1924
2033
2109
2182
2249
2296
2317
2290
2218
2109
1960
1795
1622
1449
1293
1121
953
779
606
458
322
217
88
-59
-200
-374
-486
-521
-533
-525
-502
-445
-419
-405
-330
-253
-170
-69
29
165
305
477
642
776
909
971
1024
1063
1086
1145
1182
1187
1166
1119
1057
1030
993
942
856
699
532
340
193
59
-68
-174
-319
-458
-591
-692
-779
-843
-919
-1015
-1061
-1133
-1167
-1182
-1219
-1178
-1123
-1046
-939
-848
-767
-744
-718
-710
-732
-723
-695
-646
-586
-517
-465
-417
-376
-334
-333
-391
-433
-532
-624
-679
-718
-709
-692
-672
-671
-690
-766
-896
-1048
-1240
-1448
-1593
-1623
-1597
-1517
-1385
-1244
-1137
-1028
-939
-886
-783
-708
-616
-483
-279
15
297
584
818
1030
1218
1368
1487
1564
1661
1731
1819
1928
2018
2095
2179
2193
2111
2000
1828
1665
1492
1326
1203
1061
963
881
784
667
513
331
157
-3
-159
-281
-373
-415
-418
-398
-371
-342
-337
-355
-333
-318
-278
-194
-74
97
283
513
681
767
828
828
821
837
832
848
883
897
956
1001
1025
1017
917
786
610
432
244
59
-76
-192
-264
-311
-347
-376
-430
-528
-658
-794
-927
-1030
-1100
-1106
-1039
-968
-887
-783
-719
-680
-626
-597
-592
-592
-558
-513
-482
-407
-352
-343
-364
-421
-488
-560
-522
-424
-362
-266
-235
-262
-358
-544
-715
-875
-990
-1077
-1075
-1014
-945
-842
-793
-823
-939
-1063
-1195
-1307
-1357
-1399
-1350
-1258
-1121
-887
-651
-438
-283
-183
-153
-159
-98
11
193
417
674
919
1113
1341
1503
1619
1704
1739
1739
1713
1718
1695
1717
1762
1791
1803
1734
1636
1472
1250
1038
804
607
447
301
203
116
34
-32
-69
-109
-200
-295
-372
-455
-497
-472
-425
-363
-251
-124
-10
104
202
256
294
352
416
468
525
573
574
585
630
665
701
737
751
761
750
708
633
512
393
281
136
31
-1
-33
-76
-128
-230
-339
-409
-475
-537
-607
-705
-807
-896
-943
-904
-803
-719
-679
-648
-634
-658
-653
-598
-558
-542
-550
-588
-590
-511
-389
-277
-229
-248
-280
-331
-392
-426
-479
-553
-592
-611
-598
-569
-577
-588
-608
-688
-781
-861
-926
-949
-953
-961
-957
-946
-945
-949
-967
-995
-1015
-1024
-1000
-928
-816
-686
-533
-365
-213
-103
-2
116
227
320
407
512
639
765
885
1017
1141
1244
1339
1404
1443
1464
1450
1422
1384
1307
1219
1156
1075
1012
957
883
795
701
609
500
408
287
173
59
-57
-123
-191
-175
-180
-185
-129
-131
-104
-99
-109
-68
-30
5
49
124
214
328
447
543
601
609
586
560
530
504
520
518
474
466
470
441
437
461
450
402
301
158
-10
-174
-330
-442
-470
-468
-438
-386
-295
-289
-362
-418
-579
-683
-684
-648
-582
-585
-592
-593
-531
-420
-298
-170
-129
-156
-203
-278
-364
-413
-420
-420
-417
-364
-264
-182
-99
-35
-66
-163
-322
-557
-776
-913
-951
-881
-749
-611
-506
-462
-488
-587
-735
-897
-1050
-1173
-1213
-1158
-1023
-831
-644
-508
-410
-325
-305
-305
-311
-361
-351
-304
-212
-47
147
342
510
670
799
905
985
1015
1027
1035
1040
1052
1087
1128
1180
1189
1161
1107
1042
1009
947
879
784
671
577
461
376
304
252
232
187
137
51
-47
-125
-193
-202
-183
-125
-59
-21
28
81
152
205
242
280
289
290
287
289
348
416
441
472
469
470
480
446
406
340
287
238
181
129
30
-46
-90
-92
-60
-60
-100
-180
-286
-404
-497
-516
-490
-445
-447
-452
-415
-438
-431
-401
-433
-438
-430
-409
-374
-326
-241
-197
-169
-167
-188
-181
-196
-239
-298
-358
-421
-441
-363
-251
-182
-157
-155
-220
-343
-461
-562
-591
-547
-515
-492
-459
-460
-455
-398
-422
-521
-600
-680
-789
-880
-859
-781
-698
-609
-496
-387
-352
-249
-205
-214
-152
-120
-55
16
120
243
342
493
609
666
725
776
814
847
877
933
976
979
1015
1037
1040
1053
1022
970
896
782
688
626
551
469
450
456
463
438
390
330
203
116
50
-41
-126
-202
-244
-277
-269
-206
-87
36
120
133
100
91
48
34
37
78
139
168
237
295
372
434
467
467
427
399
353
350
335
247
146
40
-54
-78
-39
-7
10
-17
-104
-220
-244
-223
-218
-186
-236
-334
-409
-423
-377
-330
-254
-190
-178
-202
-204
-155
-108
-90
-112
-179
-289
-400
-453
-433
-368
-309
-278
-303
-383
-474
-511
-501
-515
-576
-650
-704
-716
-669
-553
-385
-210
-69
5
-17
-138
-349
-540
-638
-729
-780
-716
-622
-501
-326
-199
-126
-105
-166
-272
-393
-488
-512
-464
-392
-262
-111
46
247
415
558
623
619
616
586
583
594
642
729
785
837
876
920
976
1001
1034
1055
1035
971
830
685
552
449
411
365
351
331
333
389
433
473
415
287
125
-25
-75
-66
-7
35
40
37
28
22
-8
-27
-26
-15
-21
-55
-70
-65
12
75
74
57
-27
-114
-206
-244
-200
-163
-72
91
252
315
353
308
114
-85
-299
-495
-625
-636
-492
-281
-74
120
242
256
184
39
-103
-236
-413
-589
-683
-677
-611
-445
-217
10
172
158
118
49
-151
-310
-408
-455
-470
-510
-530
-510
-406
-241
-88
5
56
8
-132
-232
-319
-391
-463
-497
-474
-481
-451
-414
-417
-417
-414
-423
-418
-405
-407
-373
-348
-360
-341
-313
-273
-193
-133
-95
-36
39
163
331
500
644
750
819
851
867
869
891
922
972
1017
1027
1037
1014
1004
984
945
895
775
673
569
499
480
465
499
495
452
396
344
357
328
253
192
116
40
-16
-31
-44
-83
-70
-14
46
82
65
-27
-169
-306
-381
-372
-255
-67
74
135
133
49
-59
-168
-272
-308
-269
-211
-164
-139
-148
-198
-243
-236
-206
-191
-200
-243
-297
-313
-285
-282
-344
-396
-383
-313
-191
-74
-39
-96
-230
-379
-485
-560
-607
-586
-504
-415
-350
-268
-206
-241
-322
-377
-409
-417
-401
-383
-376
-396
-410
-368
-299
-236
-147
-73
-95
-160
-224
-327
-452
-549
-630
-672
-641
-555
-435
-303
-215
-154
-89
-87
-129
-152
-188
-223
-181
-84
30
153
290
419
510
558
591
605
603
609
623
633
647
660
663
650
645
669
706
742
778
787
774
731
617
481
385
334
343
376
401
409
389
412
478
504
490
433
342
252
140
42
-1
-32
1
13
-53
-131
-227
-285
-301
-263
-184
-142
-90
-56
-72
-65
-10
56
121
148
120
96
10
-100
-152
-177
-126
-66
-54
-61
-88
-84
-95
-124
-110
-115
-195
-345
-486
-593
-665
-654
-574
-447
-350
-285
-222
-207
-175
-191
-274
-344
-405
-436
-445
-407
-350
-320
-272
-229
-216
-225
-238
-206
-118
-17
63
102
45
-85
-232
-387
-516
-594
-558
-437
-254
-58
71
141
117
70
-6
-106
-203
-326
-393
-432
-401
-304
-170
9
158
276
328
340
349
334
310
310
335
356
404
471
526
593
676
744
765
771
773
745
682
633
643
649
651
654
583
507
420
337
314
315
326
324
341
370
398
432
413
332
195
34
-103
-200
-194
-154
-135
-110
-137
-150
-150
-203
-189
-138
-71
-70
-162
-210
-222
-163
-91
-66
-73
-115
-137
-127
-23
115
142
74
18
-31
-105
-159
-227
-314
-410
-510
-522
-419
-293
-222
-234
-306
-385
-463
-543
-612
-643
-635
-636
-645
-591
-483
-392
-310
-210
-125
-87
-65
-46
-51
-84
-128
-205
-300
-333
-270
-167
-80
-15
12
-47
-173
-255
-274
-283
-256
-228
-234
-300
-376
-372
-348
-267
-145
-70
8
51
89
178
245
297
317
300
243
150
69
-23
-65
-14
102
231
348
407
441
527
553
561
572
508
418
321
282
339
429
524
587
593
535
432
433
518
568
594
490
303
116
-77
-143
-70
43
122
177
201
135
69
84
115
145
162
101
3
-75
-99
-52
-1
34
37
2
14
33
-14
-48
-55
-96
-108
-50
7
-15
-105
-176
-208
-250
-309
-364
-423
-534
-655
-666
-547
-396
-254
-105
24
90
70
-5
-84
-192
-348
-490
-602
-698
-726
-659
-509
-300
-144
-90
-45
-10
-52
-105
-110
-126
-169
-180
-133
-101
-119
-129
-107
-86
-56
-29
-37
-46
-59
-75
-42
-26
-91
-147
-117
-61
-43
-69
-94
-114
-144
-149
-118
-48
63
169
292
376
415
364
251
115
31
30
54
97
121
226
258
335
422
517
514
489
403
301
195
134
134
182
246
272
236
205
184
200
214
165
97
122
208
321
500
613
570
404
189
73
29
46
148
252
334
409
456
403
285
164
49
-21
-85
-172
-248
-299
-345
-374
-351
-305
-197
-62
1
38
17
-113
-257
-379
-415
-383
-307
-205
-182
-198
-228
-197
-152
-178
-181
-230
-289
-295
-248
-215
-241
-249
-256
-212
-176
-139
-107
-196
-303
-337
-291
-177
-99
-99
-171
-236
-306
-326
-288
-245
-140
6
199
289
325
246
131
-109
-250
-324
-256
-147
34
125
181
173
129
73
44
83
145
77
-10
-79
-98
-156
-161
-168
-199
-180
-154
21
250
409
455
519
445
342
199
77
-64
-185
-182
-60
89
245
355
425
423
384
352
329
274
137
33
10
-18
7
94
204
263
302
355
334
273
201
150
140
131
97
-12
-102
-146
-125
35
244
318
246
101
-92
-190
-185
-109
-13
-6
30
119
134
115
41
-91
-266
-371
-399
-423
-405
-361
-205
-100
10
45
100
102
66
-1
-12
-41
-128
-219
-330
-435
-444
-354
-138
60
206
292
330
329
225
101
-106
-323
-465
-589
-570
-456
-290
-129
16
142
174
134
75
-38
-207
-274
-308
-318
-308
-345
-288
-215
-134
4
198
365
443
397
232
5
-221
-275
-244
-121
-28
71
96
141
182
228
207
170
106
54
49
38
50
62
64
59
89
202
245
212
149
94
52
37
73
135
173
164
154
149
166
150
156
130
-15
-133
-169
-71
65
224
348
314
220
41
-84
-90
-129
-121
-65
-76
-98
-55
72
210
307
362
338
222
93
-9
-146
-248
-310
-262
-230
-93
40
273
452
553
524
318
82
-240
-417
-538
-487
-454
-348
-328
-267
-220
-103
72
222
400
458
388
203
-49
-338
-508
-559
-519
-382
-205
-93
4
68
172
269
231
100
-108
-310
-443
-483
-332
-239
-268
-320
-261
-96
92
296
407
414
276
158
48
82
31
-15
-86
-177
-155
-130
-32
78
206
267
295
239
128
-62
-190
-294
-289
-235
-236
-130
-40
55
60
83
81
142
184
234
259
239
220
246
171
77
9
-38
-88
-177
-126
-111
-27
63
132
81
3
-103
-178
-210
-194
-161
-160
-102
-26
136
196
264
304
309
263
272
298
225
130
7
-9
-68
-47
39
145
242
240
281
227
212
169
159
82
-26
-160
-286
-328
-239
11
207
331
331
281
165
24
-9
-98
-176
-306
-376
-415
-309
-181
-22
69
152
170
95
-71
-130
-160
-203
-188
-108
11
-8
71
92
171
101
125
139
228
279
256
201
77
-42
-114
-108
-31
18
117
180
187
173
98
50
-60
-147
-219
-258
-197
-116
14
66
192
178
200
72
82
51
3
-51
-82
23
53
107
47
50
-57
-97
-182
-237
-249
-240
-124
6
78
91
98
82
47
101
98
69
25
-89
-248
-291
-304
-230
-86
83
238
263
310
246
275
186
183
101
16
-105
-147
-92
-22
-18
-27
-68
-97
-113
-13
147
272
345
333
244
108
-37
-169
-321
-388
-393
-328
-162
52
232
231
170
129
100
116
179
239
122
-97
-343
-492
-514
-494
-357
-139
73
196
267
240
136
92
51
11
-68
-114
-137
-212
-199
-109
-14
20
-22
-51
-99
-113
-18
100
191
229
186
58
-100
-233
-321
-316
-262
-263
-302
-293
-224
-109
40
199
307
277
113
-37
-79
-93
-70
-37
-93
-175
-245
-260
-196
-22
152
222
282
288
211
88
-21
-45
-55
-107
-151
-177
-180
-99
23
148
236
242
139
-68
-227
-287
-261
-197
-130
-106
-171
-190
-115
15
134
158
74
-45
-198
-270
-235
-152
-14
155
244
287
264
206
146
-12
-98
-145
21
-36
17
1
-9
-53
-20
96
250
306
219
80
-88
-243
-317
-198
-13
196
236
264
263
271
309
328
258
100
-76
-159
-137
-126
-86
-36
52
67
164
184
180
141
146
194
154
52
-23
-47
-23
30
118
83
17
-82
-212
-238
-215
-165
-211
-206
-137
-26
49
156
158
118
-10
-131
-177
-215
-217
-137
18
155
245
349
383
369
309
179
13
-132
-269
-324
-391
-406
-312
-175
-4
64
142
77
24
-9
2
-5
-27
-46
-65
-177
-212
-193
-153
-75
-22
33
94
129
156
155
170
108
-19
-138
-225
-268
-228
-114
-3
51
73
42
39
104
169
289
279
267
121
51
-43
-85
-206
-262
-275
-303
-299
-193
-42
69
155
256
156
-6
-185
-317
-383
-423
-331
-274
-119
-17
140
194
273
322
245
205
195
192
49
-70
-191
-363
-375
-323
-186
-21
152
243
229
204
151
121
113
134
101
30
-82
-238
-347
-378
-311
-113
24
91
181
194
312
361
427
385
286
99
-55
-219
-257
-307
-191
-52
66
164
156
163
151
138
64
29
-41
-58
-42
-39
-8
29
18
12
25
26
89
151
205
198
103
95
79
63
32
-62
-207
-386
-447
-376
-259
-144
-53
83
148
177
211
158
57
-69
-111
-160
-141
-150
-46
31
106
152
213
222
222
219
202
205
186
177
125
65
-8
-39
-127
-120
-170
-161
-70
89
285
423
464
340
130
-76
-116
-120
-68
-91
-95
-145
-124
72
280
438
429
310
41
-155
-232
-251
-320
-345
-311
-273
-171
-18
101
74
-26
-131
-252
-291
-254
-152
-68
-13
59
48
44
71
54
64
95
102
88
135
196
210
246
229
174
132
91
13
-55
-90
-92
-26
72
183
181
109
85
70
90
48
14
-17
-74
-104
-83
-69
-86
-87
-173
-202
-208
-130
-104
-62
-43
53
76
19
-21
-91
-81
-102
-50
3
75
93
96
174
335
371
440
357
231
54
26
19
69
88
94
12
-39
-51
-19
-53
-98
-140
-160
-159
-149
-114
-69
-57
-66
-110
-175
-210
-241
-291
-260
-219
-88
126
270
438
445
397
311
196
121
37
-24
-114
-221
-345
-323
-281
-41
36
82
-30
-117
-207
-231
-201
-161
-124
-113
-135
-91
-13
29
35
52
71
118
194
244
318
306
225
130
67
42
-9
-22
-91
-67
-102
-71
-88
45
14
82
8
-34
-54
-54
-24
-43
7
76
137
-28
-60
-106
-114
-113
59
178
241
236
235
134
52
-46
-141
-157
-227
-157
-138
-8
-5
39
-13
-23
-83
-79
-73
-48
7
4
27
60
83
43
41
-121
-145
-232
-211
-236
-178
-126
-162
-130
-151
-75
-44
82
176
266
202
162
104
64
78
77
100
103
69
82
2
-47
-49
-7
-59
-71
-87
-145
-211
-204
-65
-35
60
39
37
4
8
86
111
51
-48
-79
-99
-92
-50
8
34
86
35
75
43
21
-72
-137
-132
-72
-51
-34
-33
-50
-31
23
30
52
-5
3
-39
-16
-61
-69
-63
-31
-44
-82
-60
-49
-9
-26
61
84
87
42
2
-98
-113
-116
-38
-8
-7
-83
-172
-112
-89
21
44
75
75
101
70
59
-8
-49
-138
-160
-158
-103
-47
70
155
149
99
19
-52
-158
-182
-220
-235
-256
-194
-117
-12
66
115
153
186
179
111
8
-82
-112
-60
41
145
199
190
150
141
153
144
133
80
-32
-95
-105
-89
-38
26
72
56
-1
-75
-116
-195
-168
-123
-109
-93
-106
-37
16
156
141
154
70
79
12
48
8
3
54
28
123
116
218
168
198
133
116
82
95
-10
-9
-69
-83
-255
-328
-248
-148
-49
76
146
118
84
120
217
255
219
223
152
89
-21
-89
-97
-109
-37
33
154
219
222
102
25
8
12
31
-42
-76
-183
-176
-288
-235
-162
9
117
266
419
398
272
151
3
-64
-145
-122
-66
-77
-18
89
214
286
252
170
17
-91
-182
-111
-61
59
119
136
62
31
2
-10
24
59
64
5
-35
-96
-76
-100
-98
-63
-13
-72
-114
-108
-97
-101
-105
-125
-97
-46
30
70
84
58
2
-58
-45
75
105
123
112
128
79
85
52
7
-45
-60
-86
-71
10
75
90
90
77
37
-26
-83
-132
-147
-175
-167
-108
4
67
75
26
-52
-57
-40
-25
-67
-38
-41
-29
-21
46
41
25
18
47
93
103
43
-1
-2
-12
27
28
-1
-40
-107
-116
-124
-43
-14
-21
-17
13
86
74
99
108
39
-57
-132
-100
-24
59
52
8
10
-59
28
26
29
-43
-74
-103
-108
-23
-31
-26
-93
-69
-79
-58
-28
33
44
66
50
77
21
-23
-71
-79
-29
3
16
6
0
-12
29
96
109
91
40
-40
-120
-107
-127
-65
-26
57
103
197
202
131
-4
-34
-29
-5
35
19
-7
-111
-67
-97
11
-29
-20
-13
16
89
127
151
89
37
-18
-34
-33
-40
-89
-88
-71
-111
-88
-23
3
2
0
29
-20
-103
-99
-107
-83
-64
-51
-56
-105
-108
-48
33
28
33
9
45
24
77
66
39
-11
-70
-78
-86
0
20
25
-32
-42
-122
-134
-98
22
75
191
214
191
133
8
-21
-50
-5
21
45
35
10
-15
12
51
-5
-60
-67
-126
-160
-203
-171
-179
-184
-144
-155
-103
-117
-44
-49
-26
2
26
41
34
42
7
-51
-32
-16
10
-15
-19
-84
-173
-150
-141
-80
-33
-31
15
-1
28
89
187
125
105
50
2
-38
-81
-121
-122
-99
-17
74
147
166
156
90
21
-38
-56
-53
-82
-75
-84
-36
-10
45
50
95
114
115
92
135
206
209
160
108
82
19
-8
34
123
215
278
355
309
241
118
90
40
38
2
-69
-173
-258
-229
-217
-135
-47
64
110
87
49
-6
-107
-201
-237
-261
-277
-196
-146
-13
19
23
-44
-59
-75
-99
-114
-146
-165
-223
-167
-92
-33
-63
-78
-35
39
90
134
195
204
144
69
14
-41
-106
-139
-124
-74
-40
-32
-46
-25
-23
-46
-54
-82
-96
-105
-57
23
58
61
23
27
-1
-44
-33
39
55
42
115
139
127
80
103
18
-46
-82
-62
-85
-31
54
32
17
11
66
27
8
-10
-69
-54
29
79
46
18
24
-78
-90
-31
86
58
87
124
123
75
22
17
-65
-33
40
151
211
179
42
-95
-134
-97
-73
-12
42
5
-65
-75
-82
-91
-80
-27
22
23
5
-11
-37
-7
12
12
-18
-83
-84
-94
-27
0
41
24
18
-15
-9
11
30
16
-25
-61
-67
-38
2
55
129
164
178
184
144
73
29
-19
-44
-16
-12
-34
-51
-63
-90
-46
44
103
78
0
-13
-4
17
16
51
2
-26
-55
-32
-27
56
92
71
60
42
54
45
22
51
30
-8
-33
-57
-115
-138
-96
-77
-36
-15
-11
-24
-86
-65
-39
-4
36
5
-33
-52
-45
-8
59
100
102
60
23
59
99
160
185
161
82
43
67
85
63
56
66
-22
-33
-50
-4
-5
19
24
51
38
44
10
42
47
-4
-32
-80
-74
-134
-122
-128
-120
-81
-18
16
48
70
99
100
98
47
2
-29
-62
-46
-3
23
8
-22
-25
-52
-53
-5
45
38
-24
-92
-172
-224
-197
-94
-20
1
21
-3
-34
-28
22
77
98
119
76
-15
-85
-105
-66
-40
28
89
67
21
14
85
102
108
111
22
-86
-145
-107
-71
-40
-4
-53
-86
-134
-134
-38
38
98
80
52
4
-88
-116
-142
-138
-104
-17
95
130
110
72
62
56
83
82
26
-23
-55
-11
4
-1
39
55
66
49
32
28
-19
-63
-84
-91
-87
-69
-29
10
37
39
49
52
12
-19
-32
-65
-78
-53
-41
-32
-6
5
-16
-18
20
22
0
-46
-93
-93
-61
-26
-20
-5
31
48
49
31
17
13
27
49
61
43
8
-46
-68
-24
18
37
32
-19
-63
-73
-78
-54
-11
-4
-11
-13
1
1
2
19
15
-26
-84
-85
-91
-37
20
-8
-49
-133
-127
-117
-81
-36
-42
11
-6
-14
-18
-15
-1
10
68
46
34
28
8
42
92
136
123
98
67
40
-10
7
36
19
-8
-3
30
5
-3
-46
