-21
-18
-11
-5
0
2
2
6
10
16
18
20
26
32
34
33
36
41
44
44
44
47
47
45
44
49
51
49
47
46
49
51
50
47
47
47
48
48
47
45
42
40
39
40
40
39
39
38
35
30
27
25
21
17
11
8
3
-1
-6
-10
-13
-19
-24
-26
-25
-26
-32
-38
-39
-36
-39
-46
-48
-45
-42
-44
-47
-48
-46
-47
-48
-48
-44
-43
-41
-41
-38
-36
-32
-29
-27
-28
-28
-28
-25
-21
-14
-13
-12
-12
-11
-9
-5
-3
-2
-1
-1
0
0
1
1
0
-1
-1
-1
1
0
1
-2
-5
-6
-4
-3
-4
-4
-6
-9
-12
-11
-10
-12
-16
-17
-13
-9
-12
-14
-14
-11
-4
-1
1
1
3
6
12
15
20
24
28
28
29
33
38
39
39
41
47
48
45
44
45
47
48
48
49
52
51
51
53
53
52
53
52
51
49
47
47
44
42
41
40
40
38
33
28
21
17
17
16
11
4
-1
-3
-6
-12
-16
-17
-19
-23
-28
-29
-30
-30
-31
-34
-35
-41
-41
-41
-37
-35
-36
-36
-37
-38
-34
-35
-33
-35
-33
-28
-26
-25
-23
-20
-22
-21
-20
-12
-10
-12
-14
-12
-4
-1
0
0
-3
-2
0
3
4
4
4
3
3
3
3
2
0
-3
-2
-2
-1
-1
-3
-6
-8
-9
-7
-8
-7
-8
-10
-11
-12
-12
-13
-13
-13
-11
-10
-9
-8
-8
-7
-8
-7
-7
-5
-3
-1
1
5
7
10
14
18
19
21
24
27
31
34
36
36
38
40
43
44
45
45
45
45
45
45
45
43
43
42
41
39
36
35
33
30
28
25
22
19
16
13
9
6
4
0
-2
-5
-7
-10
-13
-15
-18
-18
-21
-23
-25
-25
-28
-28
-31
-32
-33
-33
-34
-34
-34
-35
-33
-30
-30
-28
-26
-23
-22
-21
-19
-17
-16
-12
-11
-11
-10
-7
-7
-6
-4
1
5
3
0
0
3
7
12
16
15
8
-3
1
15
20
14
4
-2
1
12
10
2
1
-2
-7
1
10
-7
-14
2
19
-6
-3
5
-30
-8
23
15
-10
-40
-25
8
41
-7
-82
-67
57
426
320
-344
-546
-215
457
522
-234
-535
-182
345
428
-11
-337
-189
198
255
-9
-198
-106
142
225
36
-116
-74
41
162
115
-44
-61
25
96
106
-8
-102
-36
60
125
97
-48
-125
-34
94
115
29
-103
-100
1
125
65
-152
-118
37
158
41
-140
-210
4
221
-43
-73
-128
-65
138
89
75
-149
-121
-2
47
49
-2
0
-148
-27
85
40
-5
-41
-41
26
19
-99
65
29
-46
-28
-41
82
-35
10
39
-72
63
27
-12
-17
-98
55
69
22
22
-170
11
47
-63
65
-31
12
-20
-26
16
29
-4
-129
224
78
-281
-136
153
500
-129
-416
51
109
285
-76
-159
30
-72
67
-90
218
-82
-324
306
89
24
-167
-162
264
42
-27
-40
1
119
-96
-31
119
32
37
-48
12
-59
50
332
-237
-241
192
185
148
-158
-208
43
192
155
-8
-288
-87
383
40
-120
5
42
97
-209
96
221
-169
60
-17
-61
54
59
39
-171
-101
208
253
-351
-116
141
21
71
-221
175
-152
-159
265
36
-46
-383
89
227
129
-80
-635
243
498
-51
-338
-402
184
668
-170
-387
-241
140
701
-347
-263
-461
593
404
-204
-596
-143
691
107
-363
-391
492
-53
-154
189
124
-340
-375
855
121
-794
108
376
190
78
-706
-50
383
-83
765
-86
-1304
394
584
335
-140
-803
-44
-98
626
647
-388
-997
-341
1301
488
-634
-749
-45
807
253
-286
-632
-303
1015
813
-1120
-1060
767
892
616
-653
-1892
488
1797
425
-907
-1123
-370
1467
1183
-1555
-196
38
-41
1391
-397
-1115
-35
501
288
369
-1229
313
1056
-1403
1262
-402
-592
799
-435
-22
42
354
474
-472
-2296
2911
558
-925
-562
-944
946
-115
1951
-191
-3306
349
1480
1224
1294
-3138
-1588
1028
1413
2175
-641
-3434
-933
2288
2521
-1319
-1491
-602
669
1519
-979
18
-729
455
549
-660
330
-434
-411
2898
-2707
-868
1245
52
1852
-2065
-823
617
-154
1726
92
-1734
-122
-1820
2991
3253
-3368
-3760
969
4349
904
-3388
-2314
3260
-474
1262
-130
-3216
1427
474
2030
-617
-2555
507
556
1387
-986
-80
320
-960
919
-835
-352
2167
92
-1830
-918
742
1482
760
-2388
-316
950
512
1020
-2238
501
-40
1268
-29
-2557
2909
-881
-847
73
653
453
-453
1065
-2341
-43
1013
2287
-583
-2701
531
-907
2973
981
-2274
-1970
-138
5203
-1096
-3411
-241
811
3167
-1103
-636
-1222
-2677
4868
1023
-2213
191
-2758
2144
2130
-929
-2361
1023
1673
-621
-545
-2402
3115
1903
-3033
-587
-1062
1128
5244
-2086
-6802
2398
3684
1395
-1621
-3888
507
2250
1973
-1083
-2412
725
-487
2890
-908
-2097
1037
483
602
-1209
-97
-365
1498
-1283
1141
-98
-846
1229
-2769
2536
576
-1443
-1146
766
3179
-3307
-43
1198
-885
441
735
172
-1013
142
-2040
1213
3781
-2134
-1859
-610
218
4120
-2390
320
-161
-6269
9757
-1593
-3366
1091
-3809
5805
-385
-2869
1209
-723
956
100
508
-422
-2101
21
3502
-772
-1158
-734
-884
2649
979
-2137
-1529
1548
899
-717
-1304
3027
-1143
-2220
2753
-1815
-358
2680
-925
-2244
2540
-1407
-1603
3053
-551
1898
-2515
-4803
6100
1875
-3110
214
-3722
3897
3566
-4395
-2451
1589
5191
-2086
-3176
-1838
1276
7859
-5074
-3745
2153
-1041
4781
-167
-4749
-413
-343
6905
2032
-12620
4181
2410
1069
4549
-7666
-2181
3204
-352
5793
-3271
-3154
635
44
2767
-1226
767
368
-4463
-702
3377
3200
-102
-7331
5140
-3263
3242
793
-3145
6080
-9402
3892
2581
-2636
4002
-4751
727
236
321
5055
-8401
2236
3066
-893
1853
-6361
1592
5280
-2923
928
50
-4362
836
3290
4026
-5063
-2935
3141
-278
1763
-2885
2074
-63
-1018
-1439
2666
-571
-1829
2819
2286
-6928
1609
2757
630
-1003
-2581
1576
-1678
4279
192
-3353
3230
-7813
3422
6349
-4311
942
-1584
987
-1794
-1892
7505
-1036
-3876
-5519
4641
6616
-2841
410
-5784
30
1441
7169
-455
-6531
-1804
3235
3023
-545
740
-5763
-3238
7115
6744
-3174
-8737
-5026
11737
8282
-7630
-5077
-6838
9245
3572
-453
324
-9924
4551
2157
311
3848
-2158
-5770
782
47
4048
6570
-5410
-8843
544
5177
5866
1278
-5814
-6492
-1171
7326
7458
-3072
-8202
-4457
4373
5600
1408
1454
-5446
-8155
2603
9083
5457
-7273
-7023
-1076
3408
11042
-3538
-7284
-1701
237
9949
-1057
-8276
2065
2838
-2741
2044
2109
-1006
-291
-6662
1581
8063
707
-4449
-4013
21
1937
4538
951
-4125
-3460
-1722
8099
1829
-4404
-189
-8306
6124
5144
1853
-5444
-5247
2363
2860
7299
-5111
-5910
-349
5335
-340
2386
-3163
2
-926
-3625
7110
1853
-2543
-4669
658
2974
969
165
974
-4167
-2334
3944
1731
2643
-2250
-3219
-4197
5970
4284
-2179
-3183
-814
2963
-1746
-1488
2576
4677
-3318
-3586
-523
3054
2279
-4398
3642
142
-1017
-4698
3615
1868
-5242
10361
-5651
-6144
1129
2925
7715
-2893
-7705
-4081
4161
7635
3294
-8282
-4721
-2261
9436
4739
-2741
-3059
-9532
2946
6448
4999
1409
-11586
-3163
2978
6149
4268
-4815
-2552
-2145
577
647
1066
6594
247
-8009
-8293
4235
13152
152
-4971
-10053
-2672
14801
-440
-33
-6852
-3922
4046
3074
3695
-3367
-6492
2233
1796
351
3102
-5296
3784
-4282
-3655
9262
1279
-1999
-3662
-5877
6418
6242
-1192
-3411
-5371
2507
5430
1254
945
-3949
-1154
714
831
5155
-1906
-2055
255
-1138
4410
-1873
-2307
2182
1900
1888
-4750
-3656
3581
5219
2693
-5332
-4885
-118
4208
7352
-690
-4353
-8594
4966
1413
7156
3004
-12685
-5866
2245
14967
4369
-11092
-8246
-2118
6759
11347
-7815
2382
-8104
-5243
9334
-2093
10311
-13785
-2691
6546
-318
3633
-7806
920
-1366
2455
6098
-3575
-3323
-8119
5695
10130
2370
-17517
-3319
7677
6286
8986
-14091
-7001
-5982
6908
22522
-6321
-9497
-13446
-1935
16942
5973
1019
-17294
-5404
7923
5048
3707
-2372
-10231
-4802
10837
6502
-988
-1453
-12776
-159
3884
7356
4233
-5717
-8301
225
6261
9242
-1868
-5357
-4889
1041
6940
3235
-2965
-1696
644
1912
72
537
-2100
2047
4996
-1645
-1612
-2095
1804
2435
1543
2573
-5903
-3157
1711
3229
768
-462
1897
-3638
-1999
2924
4079
575
-5497
-5604
4648
9533
-1673
-5610
609
233
-5251
3120
8633
2871
-5473
-9849
2828
5499
2300
460
-2506
-1831
-744
1449
-4279
2574
6333
-3865
-6070
520
6611
-1730
-6401
-1362
590
6235
2310
-2668
-7225
-5261
6540
-336
5982
-1500
-4866
-4382
-479
2485
1232
4483
-3506
-3001
-1864
216
2402
1748
-3882
-4219
3057
4688
1342
-3975
-12313
-34
10622
8532
-5520
-14588
-3651
6244
12665
4450
-12609
-10820
-46
7903
12814
779
-11791
-6487
1484
10562
5389
-3040
-2345
-5388
3112
7568
3364
2775
-6623
-5718
3947
7402
8239
-1127
-8170
-4972
2606
7743
5174
-485
-5676
-5137
1126
6067
2929
-917
-4434
-3198
3816
1647
-352
-832
-1436
-23
1107
-326
84
3288
-2212
-2403
525
1772
4533
1565
-5280
-3782
2684
-43
5586
1811
-5476
167
-2282
3803
2117
-3661
-1188
2417
-470
372
1020
-5818
2850
-5507
2490
5283
-5981
-2687
1916
-2633
1495
-3446
-2626
3325
-4077
6194
-4746
-7286
2284
159
409
4083
-1334
-4550
-6676
-4144
5992
5140
2009
-5186
-8777
-6444
7599
4227
3040
-3393
-11037
-5145
-678
12163
8663
-8460
-7810
-11761
6364
10739
5868
-329
-9927
-6502
9625
8361
5379
-4052
-8615
707
9247
8721
2383
-5715
-3031
5146
7640
3982
-998
-1819
1139
2275
2584
2165
760
-293
208
1061
347
-1247
-73
1259
211
-784
-270
-563
-1955
-426
1546
-98
-2066
628
1758
-763
-1399
-682
2782
1986
-402
-474
146
1829
-959
1334
339
-2416
4097
1310
-1847
666
-1204
1824
2508
-2812
256
1452
-2855
-1549
-3120
-950
1119
2963
-2494
-6777
337
-4264
1212
7380
-3066
-14210
-1767
-1202
7559
3623
-11189
-7481
-4940
2944
11063
2244
-9722
-7539
-13605
7936
14492
866
-5420
-16536
-7555
6712
10397
4079
-10014
-13617
-3391
12160
12552
-2121
-12319
-7822
772
11200
8097
-1246
-1937
-6408
-872
6371
7778
6778
-92
-3633
-1963
6123
9430
5994
819
-3773
-1200
3950
6714
4442
-486
-3449
-1674
3214
5685
3801
-497
-3117
-2774
214
3116
2554
-708
-3717
-3506
38
2509
1207
-1287
-2263
-1163
64
851
1295
373
1350
1705
-1492
-160
2495
489
1381
1389
-3060
-1721
2410
4326
4007
-1185
-4682
-2176
1335
3700
3528
-1782
-4968
-4094
-1206
2538
1570
193
-3003
-6984
-4777
1171
1665
-2428
-1052
-5046
-6635
-893
-480
3841
-4292
-8572
-213
-5094
4916
2302
-9138
-994
-5845
1846
2909
-5930
1543
-5319
-4067
1530
-2308
1167
280
-90
-2939
-4713
2609
4714
3735
-1689
-4233
2899
6994
4592
-1762
-2831
3736
8829
7015
1549
-1538
690
5252
5321
3258
2459
2113
2173
2007
1634
2237
2130
486
941
1916
341
-722
-357
-147
200
365
304
-769
-1777
-991
-124
-161
-456
-1555
-1397
398
428
557
-888
-1150
614
905
1661
287
-181
-141
345
1302
3260
2535
-2403
905
-72
30
5016
-1008
-346
157
-2606
845
-899
495
-1015
-3460
-618
-1963
-1402
-3349
-1196
13
-4884
-4480
-2402
-87
-220
-1435
-6346
-6610
-2786
1604
2868
-5905
-4017
-1965
-2674
-3487
-5103
4342
2805
-3070
-8633
-12661
3197
11999
8562
-2976
-17523
-7859
6751
12769
9235
-4530
-6705
-1925
3120
8543
7271
3691
701
-1401
1144
6164
8153
6873
1634
-2621
1796
7020
7253
4219
-1600
-2121
1623
3493
5581
3620
-1265
-2586
-2784
-1007
3448
4386
915
-3728
-5672
-2424
2061
2977
-300
-3859
-3627
-982
715
411
-629
-430
232
-425
-1117
-165
1429
1995
1040
-696
-931
1513
3723
2565
-453
-1486
-107
1371
2174
1834
415
-1173
-2671
-2361
-28
1501
1018
-2067
-4908
-3681
-2241
-1161
275
-2237
-5227
-5415
-3622
1162
1286
-5250
-6927
-4972
-2572
1492
487
-4037
-6587
-4330
-182
-1372
-996
-2417
-6547
-726
3345
4044
46
-8612
-3931
3121
6976
5085
-1592
143
1849
1816
2365
3518
5667
6152
3020
-998
1383
5333
7394
5698
507
608
3816
4059
3020
1543
1062
2025
1934
2227
1578
-693
-435
-365
-1539
-804
421
1687
-156
-3706
-3499
-1183
440
446
80
-1178
-1047
-2475
-3557
117
1633
3278
572
-3987
-2271
537
3218
2064
30
233
100
327
693
1380
2352
2541
-134
-2176
-917
780
2295
682
-2811
-2296
-953
-622
566
-825
-3633
-3577
-3935
-2824
217
-563
-2889
-6315
-4754
-1443
-1645
-784
-3892
-4055
-2354
-3112
-2066
-2453
-1807
-1312
-5809
-7603
687
5844
5331
-532
-10630
-5651
4691
8402
6154
-2013
-2102
2130
3001
3773
3561
5260
5796
2851
542
1176
5708
8350
5191
588
1085
4470
5305
3521
472
871
2797
2092
1339
1206
1309
830
-1470
-2543
-490
1618
1732
-748
-4063
-4659
-2032
769
803
-155
-852
-2978
-4362
-2628
898
3673
2163
-2372
-4309
-2750
1086
4548
3190
-699
-1965
-756
595
1442
1554
1677
1116
-640
-1035
-342
617
767
-521
-1692
-784
-507
-732
-117
-2742
-2679
-2017
-2670
-1949
-2106
-638
-3836
-5520
-3195
-3333
-1204
-998
-2297
-3159
-5330
-5594
-2147
1016
-277
-3111
-7910
-7690
912
7438
8262
-3252
-11965
-4522
3560
9112
5962
-540
-44
237
1148
2842
4111
7185
8375
2139
-1557
1468
4548
8036
5883
2051
2790
2334
2114
2517
2172
3490
2727
240
622
1270
1874
1078
-1988
-2138
-159
1279
1313
-1519
-3739
-3107
-1686
-257
336
204
-331
-2082
-3739
-3336
-343
3069
2682
-1065
-3622
-2838
399
2585
1858
726
529
-333
-1284
-666
991
3526
3238
-564
-1906
-793
990
1323
-983
-1219
-243
-140
-347
-2174
-2952
-2166
-1657
-1082
-1240
-2273
-2558
-2967
-3884
-2250
-1007
-1215
-2057
-4055
-4035
-3268
-2349
-1557
-1263
-1818
-4329
-6293
-4132
1982
6893
4517
-6321
-9911
-2009
6278
10147
3922
-1817
-782
381
2451
4122
6630
8805
5403
-393
-1472
3184
8471
8561
3216
458
2052
3482
4022
2165
1749
2890
1757
1242
470
170
846
371
-1139
-1266
262
1108
261
-3254
-3928
-2211
-644
142
-1620
-1565
-1166
-1910
-3147
-2746
185
2278
881
-3387
-3926
-1330
1196
1644
131
291
379
-505
-1448
-687
1783
2954
1393
-1228
-2057
-571
1704
1364
-967
-1627
-816
25
-313
-2666
-3330
-1286
-812
-1124
-1839
-2744
-2457
-3072
-3356
-2121
-1016
-1586
-3902
-4314
-3118
-1550
-350
-1939
-3344
-3548
-3537
-4116
-2067
3077
5706
1943
-8079
-7942
1058
7648
9261
1158
-2633
-406
1529
4535
5247
5826
6252
4055
475
980
5122
8262
6860
1757
1251
3603
4841
4550
1157
176
2115
3282
2835
1064
99
-732
-1076
-1561
168
2698
1528
-1562
-5536
-4542
-752
915
509
-2066
-2570
-1891
-1838
-2378
-1734
540
1847
-166
-3521
-2920
-715
1289
1551
-285
54
447
42
539
-158
4
1870
1322
-229
-623
-146
1032
182
-1467
-526
928
737
-1702
-3172
-1533
-498
-864
-2367
-2752
-1577
-1548
-2797
-3552
-2844
-1976
-1072
-2654
-3629
-3048
-2972
-2366
-2629
-1074
-951
-2477
-5021
-5585
486
5604
6378
-2180
-10630
-5357
4782
10894
6461
-1475
-2051
231
2704
4137
5602
7427
5945
1738
-898
2250
6819
8406
5063
1102
2330
3281
3677
3070
1616
2386
2256
1325
1379
836
35
-143
-1712
-1401
804
1417
421
-3340
-4630
-2034
-52
507
-1254
-2616
-2171
-2092
-2177
-2358
-1589
370
767
-1253
-3142
-2438
-332
925
989
618
208
-212
-523
-874
228
2102
1857
576
-507
-697
-86
186
312
408
486
-330
-1504
-2715
-2141
339
57
-995
-2120
-3500
-2486
-2608
-2544
-1369
-1997
-2215
-3090
-3713
-2545
-1972
-2154
-2421
-2545
-1831
-1595
-3397
-3260
-4480
-2976
3593
3999
2150
-4757
-9184
-661
5964
7970
4099
-2397
-1432
1687
3356
3940
4390
6174
6306
2598
-607
1886
5812
7707
5522
2196
3346
3620
3030
2144
1633
3772
4147
2169
665
137
-55
824
-402
-755
1040
740
370
-2540
-4360
-2171
-12
854
-1068
-2792
-2883
-2213
-1461
-1194
-141
23
-473
-2009
-2799
-768
-113
923
400
-1201
-110
-18
228
376
255
920
1207
16
-632
-259
-50
1222
171
-70
243
-882
-820
-2084
-1702
141
229
-1259
-3080
-3509
-2933
-2551
-1824
-857
-1944
-3349
-4304
-3839
-2512
-1630
-1083
-2765
-3414
-3584
-2881
-739
-1888
-3981
-5455
-3346
2726
5460
2007
-5928
-7153
893
6942
7295
1773
-2223
-421
1763
3356
5033
7003
7314
3607
-1384
-88
5640
8978
7498
1456
20
3317
4781
4502
2043
1138
3182
2767
1261
1064
449
696
-875
-2174
387
1986
1605
-1940
-5078
-3286
-413
1305
492
-2103
-3270
-3457
-3274
-1310
514
1145
-5
-3292
-4175
-1955
1181
2521
257
-2167
-2048
-445
595
702
615
1244
1030
-639
-825
243
1397
1619
-95
-1118
-97
697
213
-906
-1638
-1315
-725
-385
-849
-1926
-2403
-2569
-2872
-2534
-1259
-737
-2201
-4394
-4407
-2616
-1303
-1174
-2397
-2986
-3165
-3033
-1757
-1108
-1443
-3476
-3521
686
3350
2512
-3382
-6624
-695
5190
7090
2069
-2491
77
3259
4237
1990
2565
5255
6230
3541
-48
2152
5306
7176
4620
1621
3249
3964
3662
1754
885
3307
4282
2433
54
-663
546
1536
419
-802
-145
597
129
-1999
-3290
-1868
-149
274
-1207
-2460
-2324
-1782
-2148
-1621
288
815
418
-3536
-5031
-673
2407
2829
-766
-3107
-1254
154
904
858
687
1218
282
-1349
-685
1090
2482
1619
-989
-1527
-485
445
375
-582
-1166
-661
-937
-1855
-1860
-2169
-1561
-1403
-2215
-2251
-2236
-2379
-3299
-3656
-1964
-856
-2046
-2351
-3324
-3623
-2172
-2055
-730
-1800
-3373
-4049
-3048
1754
3306
2432
-3046
-7016
-1396
5017
7293
2583
-2641
-970
2150
3585
3197
3087
4488
4402
2597
841
2004
5622
6368
3562
1367
2449
4533
4023
1539
734
2393
3851
3120
930
-280
157
864
368
-279
656
1866
304
-3030
-4052
-1725
1480
1319
-1112
-2980
-3065
-1630
-1443
-866
-11
280
-297
-2531
-3262
-1645
1108
2036
83
-1620
-1486
-352
323
599
827
801
461
275
-309
-428
774
1471
918
-201
-356
165
376
-739
-1391
-422
-470
-283
-604
-1733
-2330
-2761
-1842
-1122
-1043
-1465
-2683
-3328
-3275
-2007
-761
-1228
-2421
-2945
-2566
-2434
-2384
-2086
-1150
-1241
-3698
-2849
524
2045
2094
-1857
-5278
-1554
3871
5309
2331
-1516
-374
2362
2547
2593
3057
4397
4303
1672
319
2043
5244
6159
3414
704
1853
4116
3858
1917
647
1975
3222
2417
1310
54
-236
509
443
567
1011
543
-487
-1945
-2385
-442
776
95
-950
-2402
-2703
-1865
-1080
-524
-72
12
-929
-2071
-3024
-1363
1399
1373
480
-1301
-1825
-60
255
707
1236
1197
792
-797
-810
391
1524
1554
30
-510
191
263
-553
-868
-864
66
68
-1499
-1872
-1639
-1205
-1428
-1694
-1692
-2086
-1804
-1791
-2100
-2586
-2493
-1366
-1364
-2094
-2886
-2628
-2072
-2350
-1653
-729
-648
-4066
-5479
-1278
3329
5318
-1528
-7793
-4550
2293
7155
3978
-1325
-2032
392
2582
2478
2855
3971
4310
2165
-46
1883
4694
5634
3723
848
1555
3274
3679
2772
1121
1704
2786
2159
1448
755
572
1230
479
-358
437
1198
737
-1040
-2403
-1473
473
553
-606
-1758
-2096
-1228
-1322
-1164
-194
221
78
-1880
-2926
-1241
840
1914
313
-1537
-1265
-316
642
774
1003
1538
733
-730
-1062
400
2000
1850
269
-783
-258
406
-45
-745
58
943
-138
-1629
-2249
-1446
-213
-84
-1230
-2345
-1838
-1465
-1673
-2226
-2139
-821
-1400
-2807
-2815
-2456
-1389
-868
-2461
-2803
-1995
-1633
-1788
-4014
-3017
1319
3026
1628
-3899
-6405
-1297
3723
4988
1358
-2241
-1550
1122
3508
2737
1820
2312
2860
1943
917
2729
4203
4050
2141
1398
2845
3732
3527
1543
649
1770
3064
3075
1581
301
-81
379
813
871
774
620
-29
-1166
-1596
-792
440
546
-711
-1909
-1871
-1061
-662
-771
-595
-64
-243
-1414
-2058
-949
773
1047
-173
-1048
-743
-180
33
332
917
1034
284
-386
-175
469
891
927
874
588
-21
-127
12
63
238
187
16
-237
-1011
-1210
-776
-1174
-1030
-556
-1064
-1959
-2304
-2066
-1920
-1087
-910
-1494
-2713
-3383
-2013
-1419
-1034
-1915
-2762
-2055
-2365
-1369
-1879
-3694
-1389
1719
1969
-1493
-5194
-2955
2087
3862
1788
-1848
-2417
889
3398
2060
35
1289
3948
4102
1305
277
2005
3796
4077
2505
2681
3145
1969
1457
1459
2179
3241
3224
1531
49
138
994
1672
1082
530
883
770
-455
-1550
-1030
642
1150
-373
-1680
-1408
-481
-404
-921
-1003
-362
231
-72
-926
-1665
-746
334
793
698
-532
-586
-160
262
274
362
1476
1161
-251
-1007
-182
1145
1825
883
-406
-153
-143
8
303
857
792
-784
-1536
-1329
-451
324
-534
-1493
-1390
-1701
-935
-817
-2409
-1958
-1901
-1689
-894
-1408
-1130
-2163
-3850
-2964
-883
160
-1375
-3357
-3658
-3507
-1990
958
1186
-737
-2114
-4232
-2624
1921
3143
1813
-1572
-2020
700
2014
1976
871
1576
3463
3465
1243
223
1446
3593
4589
2429
1746
2308
2330
2173
1317
1870
3172
2902
1255
207
168
1334
1810
910
736
442
339
67
-936
-922
398
767
-4
-976
-1398
-411
-817
-910
-129
-294
389
-529
-1843
-1247
-349
912
670
-760
-662
-130
245
406
-316
177
1252
841
247
-416
-216
1365
1542
756
311
56
282
374
17
110
637
-54
-568
-1077
-1465
-312
-276
-750
-1809
-2196
-583
-692
-1920
-2343
-2132
-1384
-694
-1819
-3221
-2922
-1711
-497
-1618
-3208
-2778
-2036
-1480
-1036
-2829
-4233
-1312
1569
2205
-882
-6115
-4094
2728
5167
2164
-2811
-3420
797
3465
3112
1279
279
1779
2548
1945
1983
2280
3025
2454
1573
2958
3227
2257
1373
965
2365
3281
2573
1395
374
195
1267
1582
599
550
761
742
72
-1303
-828
767
1231
302
-1542
-1583
70
50
-743
-840
-144
726
-542
-2071
-1309
269
1559
960
-945
-1107
-332
454
1122
614
312
661
323
-27
204
998
1801
1351
363
-244
325
1397
929
-218
-474
114
386
-23
-1215
-1509
-166
-235
-1073
-1596
-1354
-547
-1556
-2682
-2511
-1173
111
-1349
-3143
-3446
-2690
-961
-1871
-3126
-1080
-1100
-3171
-3435
-2432
-516
-1174
-3014
-2058
-1176
925
1127
-2827
-3110
-692
1470
2418
-43
-1415
175
1260
1364
1128
1580
3128
2725
453
-54
1969
4519
4482
1801
370
1561
3115
3384
1981
795
1707
2441
1864
1248
651
945
1404
644
601
1123
852
219
-928
-816
874
1304
362
-1030
-1355
18
343
-440
-653
-592
288
622
-952
-1349
-91
845
696
-96
-264
127
118
-361
361
1023
1175
678
-727
-113
828
1446
1185
76
251
430
415
192
-23
-16
583
18
-1005
-931
-1321
-350
91
-809
-1528
-1685
-1455
-1949
-1753
-1159
-782
-1577
-2559
-2550
-2230
-1697
-1676
-1304
-1426
-1898
-2886
-3555
-1208
223
-779
-2695
-5385
-3856
1839
3804
724
-4739
-6747
-970
4668
4560
-11
-4474
-2774
2694
4811
2146
-362
36
1906
3096
2500
1831
1975
2336
2268
1975
2737
3136
2349
1263
651
1717
3130
2862
1039
194
349
1128
2011
1057
695
571
415
86
-571
541
1096
686
-134
-928
-641
272
-54
-565
300
134
7
-769
-1269
106
807
813
-379
-1141
-358
556
897
307
-98
313
789
481
48
180
770
1087
566
18
192
661
540
124
-85
-29
-70
-59
-273
-969
-971
-1055
-1419
-975
-214
-673
-2277
-2926
-2077
-340
40
-966
-1894
-4106
-3748
-844
-109
-362
-2818
-3969
-2316
-2023
-266
217
-2381
-3662
-3780
-2305
1042
1572
-425
-2638
-5243
-1977
3556
3529
128
-3733
-2700
2039
4024
2150
-1233
-1689
1995
5039
3753
517
-861
1102
3746
3771
2687
2242
1531
970
1483
2414
3296
3009
1410
414
672
1771
2354
1509
716
687
992
919
59
16
584
551
853
373
-880
-537
118
58
153
-21
-73
-172
-796
-540
341
321
-398
-902
-497
236
267
-26
-220
-237
296
937
622
-201
-423
263
964
706
449
297
-310
-431
213
597
684
-176
-1361
-589
-188
-399
-757
-1541
-1208
-934
-294
-723
-2335
-2575
-1757
-540
-720
-1924
-2749
-2186
-986
-1077
-1173
-1556
-2766
-2613
-1724
-1655
-1218
-1192
-2271
-2869
-2938
-1564
721
992
-523
-3122
-4034
-767
2621
2507
9
-1923
-1481
1049
2144
1752
1786
1173
1518
1576
1428
2349
2685
3005
2285
1385
1870
2671
2838
1935
1365
1947
2708
2446
1433
896
1095
1581
1356
1092
1211
1017
732
-71
-196
693
1367
885
-169
-517
-836
154
469
-24
509
-208
-584
-1079
-1405
339
1099
547
-380
-1578
-1135
123
641
971
185
-567
17
-7
87
609
601
978
606
-250
-113
135
244
645
710
-41
-198
-572
-626
-50
-179
-47
-1159
-1666
-882
-727
-931
-1946
-2167
-1384
-1057
-1755
-2113
-2164
-1855
-1120
-1926
-1896
-1651
-2573
-2421
-1480
-881
-1914
-2413
-1467
-1413
-1905
-3298
-2791
784
2051
196
-3478
-5486
-1315
4177
4408
-395
-4502
-2940
2316
4917
2437
-547
-945
1613
3786
2725
1580
1067
1939
2920
2392
2488
2429
2008
1498
1316
2264
3181
2457
1015
586
691
1755
2252
1071
736
778
429
481
162
538
1444
572
-492
-705
-280
734
313
-470
-365
-525
-135
-164
-1017
-458
246
241
135
-700
-873
-236
-118
255
512
176
43
-306
-506
171
972
926
92
-366
-155
125
257
329
269
175
-405
-1021
-641
-330
-178
-535
-1074
-1164
-1536
-1201
-1286
-1673
-1669
-1664
-927
-1210
-2166
-3057
-3098
-734
-156
-1928
-2370
-3101
-2212
-593
-1168
-1235
-2926
-2475
-314
-958
-1720
-3168
-1563
838
1125
-61
-3459
-2874
250
2393
2335
-510
-1701
-409
1847
2263
1499
1588
1374
2140
1902
1446
2488
2742
2679
1637
1824
3004
2776
2020
1033
1406
2674
2954
1659
634
556
1170
2246
1858
675
457
938
705
497
398
690
978
134
-106
-400
-63
470
-54
-206
-265
82
-105
-875
-804
-191
283
-58
-722
-837
-330
-24
-244
-357
-64
420
349
-327
-638
-92
833
1000
297
-444
-294
306
408
132
-344
26
53
-316
-441
-917
-529
-478
-495
-794
-1528
-1507
-1627
-1394
-1134
-1024
-1698
-2537
-2021
-1344
-1458
-1564
-1024
-1587
-2359
-2633
-1893
380
-30
-2392
-3834
-3133
558
1749
-959
-3696
-5048
-2091
2680
3186
535
-4449
-4998
143
4119
4247
-797
-3995
-1809
3148
4168
1877
-817
50
2548
3440
1937
1092
1604
2801
3089
2426
1772
1754
2036
2245
2291
2299
1994
1618
1382
1494
1916
2031
1340
697
905
1249
958
588
517
550
672
659
91
-411
-61
474
214
-427
-506
-69
52
-509
-1050
-719
49
108
-608
-1000
-537
-47
-314
-796
-450
325
331
-609
-1176
-408
632
812
83
-562
-562
-75
172
0
-246
-449
-56
-323
-612
-888
-1150
-292
-102
-320
-1605
-2569
-1647
-523
83
-433
-1590
-3087
-2576
-583
108
-1446
-3103
-1953
-1015
-790
-1596
-2020
-654
-1513
-1847
-1712
-2024
-196
-253
-1322
-2391
-3528
-342
2266
1462
-1120
-4614
-2552
2185
4031
1916
-2700
-2592
1298
3728
2478
16
3
2019
3261
1630
1263
1750
2414
3400
2195
1685
1939
2320
2610
1958
1825
2267
2337
1756
1261
1257
1636
1767
1396
1050
858
892
714
256
311
828
987
193
-643
-619
133
441
-300
-550
-567
-220
-505
-1337
-752
-303
77
-616
-1540
-976
-363
238
-376
-1154
-766
-177
119
-256
-495
-327
-105
25
-71
-188
-132
65
-124
-224
-123
7
175
-271
-235
-622
-921
-407
-439
-102
-821
-1693
-1777
-1340
-220
-490
-1416
-2104
-2231
-1540
-398
-431
-1863
-2619
-2708
-1563
-382
-413
-1223
-2701
-2380
-1524
-723
255
-1524
-1638
-1783
-2066
-1112
-373
1518
781
-1515
-3732
-1110
2235
3212
1187
-2222
-1811
1970
3728
2468
-310
32
2325
3533
2194
1142
1812
2540
2727
2335
1998
2179
2438
2107
1492
1737
2589
2728
1585
524
759
1911
2198
1193
537
720
890
718
334
298
621
571
176
-575
-903
74
263
-844
-1030
-635
-423
-435
-1295
-1696
-753
-68
-489
-1381
-1555
-589
240
-125
-1187
-1397
-243
583
11
-981
-880
204
461
-128
-560
-502
178
344
-302
-219
-37
-465
-223
-171
-390
-534
-935
-873
-394
25
-567
-1377
-1842
-1087
-87
-327
-1057
-2473
-1636
-814
-814
-515
-1869
-1886
-1035
-1433
-1824
-1163
12
-711
-1599
-1703
-1709
-475
-565
-27
-724
-1937
-3010
-429
1974
1974
-185
-3734
-1727
1320
3670
2751
-1284
-2354
653
3615
3137
589
145
1740
3296
1971
1170
1930
2375
3034
2176
1425
1871
2614
2729
1401
1298
2362
2306
1465
788
745
1661
1594
535
435
645
774
628
-62
-213
362
587
-79
-1110
-1233
-248
350
-318
-1382
-1383
-478
-257
-1005
-1430
-887
-304
-647
-1371
-1327
-507
46
-308
-1007
-1069
-348
317
126
-620
-834
-178
479
304
-293
-356
121
329
10
-211
62
367
48
-405
-456
-275
-180
-564
-903
-800
-515
-697
-1277
-1575
-1096
-533
-691
-1168
-2378
-1865
-665
-884
-581
-1234
-1824
-1537
-991
-816
-920
-453
-1007
-1268
-980
-1007
-974
49
447
-968
-2133
-2108
1186
3358
1001
-2317
-3676
-516
3616
3708
286
-2465
-1369
2161
4043
1949
-150
422
2107
3186
1797
1102
1944
2427
2962
1958
1389
1823
1992
2203
1696
1557
1807
1667
1032
680
780
1048
1259
596
291
360
199
77
-298
-77
545
168
-688
-1218
-976
-19
-118
-1036
-1260
-951
-342
-521
-1569
-1551
-646
-186
-535
-1494
-1715
-804
-117
-254
-821
-1062
-725
-405
-309
-249
-86
69
-117
-356
-212
203
420
70
-264
-196
-75
118
-33
-466
-246
-3
-351
-751
-897
-308
155
-758
-1478
-1059
-506
-93
-552
-1800
-1847
-430
474
-290
-1842
-2123
-481
1075
266
-2068
-2659
-804
1454
1404
-1476
-3009
-1253
752
1333
-458
-1953
-1171
-1131
903
2566
1277
-1378
-4546
-767
4100
3541
343
-3123
-1438
2376
3970
2247
-677
-576
2057
3832
1868
-235
878
2825
2920
1758
945
887
1650
2200
1870
1162
898
1176
1251
863
437
613
1059
720
67
46
310
26
-157
157
313
-34
-983
-1007
-571
-86
-39
-1238
-1398
-956
-365
-591
-1559
-1049
-596
-809
-1245
-1101
-553
-738
-767
-351
-247
-644
-776
-536
-227
82
265
219
-221
-551
-193
515
579
100
131
387
-14
-375
166
741
394
-402
-747
-338
419
565
-327
-1177
-859
8
354
-317
-1514
-1732
-419
1001
410
-1682
-2476
-1269
189
1092
632
-1420
-3111
-2540
1112
2599
-337
-2483
-2145
-434
1197
567
-774
-1976
-1813
-473
595
2012
128
-1364
-2854
-514
2743
2806
522
-2654
-1629
1816
3268
1403
-149
-224
1501
2354
1339
222
1021
2596
2959
1408
-128
528
2521
2268
1126
724
1074
1737
777
224
234
730
1543
467
-520
-406
579
760
-412
-764
-215
124
-315
-969
-1111
-522
-87
-532
-1131
-1059
-519
-579
-1183
-1317
-628
-6
-450
-1493
-1718
-719
248
120
-654
-1006
-637
-107
66
-15
82
337
215
-219
-130
402
565
430
353
321
327
393
341
-24
-21
562
463
-149
-202
142
463
-171
-1008
-270
173
-619
-674
-425
-568
-620
-753
-580
-219
-147
-437
-1393
-1797
-548
548
617
-1130
-2309
-876
634
538
-318
-1450
-1799
-357
349
532
-1097
-1981
-1986
1408
1942
-58
-1322
-3024
-305
2162
2276
31
-2165
-992
1675
2307
801
-504
329
1991
2212
28
292
1852
2447
2240
561
499
1394
1913
1840
786
577
1192
1393
741
178
335
909
769
5
-252
114
461
56
-530
-465
56
265
-193
-775
-802
-325
-16
-270
-778
-939
-679
-495
-592
-589
-292
-187
-655
-1127
-768
166
497
-188
-914
-638
257
547
33
-386
-51
609
602
-17
-266
215
801
658
92
-28
247
621
549
-91
-90
330
276
289
30
-366
-89
-7
-298
-280
-453
-452
-40
-240
-646
-775
-652
-403
-329
-829
-1267
-520
202
-120
-1277
-1576
-707
35
687
-93
-1751
-2406
-745
1460
-22
-1528
-1445
-1544
-653
-1008
-99
1237
-142
-1827
-3217
-651
2511
1801
-617
-2768
-1061
2133
2497
285
-1076
-43
1981
2770
728
-417
758
2136
2688
1492
200
758
1720
1704
1171
671
931
1392
1001
463
484
862
905
314
-6
374
749
360
-301
-371
391
919
-8
-812
-831
-114
484
-479
-835
-520
-131
109
-989
-1126
-450
-70
150
-892
-1211
-561
-32
327
-383
-724
-284
59
139
-112
-30
339
348
-82
-170
284
683
477
-115
-90
404
616
416
-115
-219
412
380
-129
-67
-117
-68
54
-416
-467
-149
-486
-503
-138
-331
-571
-850
-1183
-806
140
371
-751
-2238
-1759
296
684
-287
-1832
-2778
-755
1021
495
-877
-2369
-1702
-329
549
298
-1323
-2151
-2625
158
2320
1143
-1566
-4859
-1716
2948
3652
412
-3681
-2809
971
3715
1975
-613
-1047
958
2734
1121
663
985
1474
2126
1408
1084
1329
1299
1374
1497
1296
1453
1284
603
396
854
1565
1182
28
-222
565
1072
506
-335
-261
490
670
-87
-751
-353
406
256
-629
-1059
-556
90
0
-626
-946
-682
-337
-336
-455
-392
-289
-431
-647
-469
63
290
-117
-588
-441
218
570
288
-102
-70
318
480
312
191
269
349
328
81
-60
161
149
95
-94
-198
-2
-106
-84
-351
-430
-90
-646
-868
-362
-97
-258
-686
-627
-746
-788
-572
-1226
-1152
-244
-282
-1051
-1737
-1177
431
424
-1286
-2635
-1683
131
627
-525
-1548
-1671
-1461
-58
25
-1129
-2343
94
1389
276
-2811
-2793
1100
3055
1768
-1785
-2535
-337
2965
2719
739
-834
-62
2440
2506
1251
913
1263
2020
1912
1794
1754
1170
1131
1563
1785
1773
1183
515
379
845
1365
1342
632
-9
201
772
591
-118
-61
519
470
18
-539
-999
-318
591
30
-1009
-1262
-645
-61
-534
-935
-606
-585
-753
-924
-931
-312
-167
-732
-795
-412
-49
-13
-374
-389
47
255
30
-222
-15
296
175
8
87
118
113
224
151
-151
-60
411
389
-167
-364
-52
105
-67
-134
-37
-196
-588
-619
-425
-557
-631
-438
-517
-1025
-1189
-591
-183
-741
-1233
-1049
-1136
-910
-28
-156
-1334
-1292
-591
-777
-600
-250
-275
-1010
-1623
-438
306
-147
-1228
-1885
2
1229
928
-996
-3304
-816
2296
2561
178
-2090
-832
1526
2753
927
-68
681
1745
2249
807
993
1404
2251
2567
1055
780
1374
1990
1610
1242
1326
1573
1453
536
416
940
1432
1077
121
-97
500
853
310
-384
-338
307
407
-319
-968
-768
-79
49
-538
-1096
-1075
-767
-684
-780
-746
-621
-698
-980
-1089
-808
-438
-365
-515
-560
-429
-334
-381
-414
-201
172
256
-85
-331
-96
284
367
216
94
60
84
170
269
250
108
-10
11
77
55
-18
-131
-213
-177
-47
-212
-632
-692
-308
-59
-306
-701
-923
-661
-413
-494
-689
-806
-542
-415
-558
-1354
-1217
90
-60
-508
-846
-900
-408
-364
-296
-837
-452
292
-706
-965
-1369
-1188
1295
1719
-39
-2391
-2908
721
2972
2165
-531
-2667
-375
2282
2605
1032
-495
445
1955
2145
1251
1003
1416
1950
2041
1376
1244
1372
1465
1534
1395
1268
1168
906
613
604
819
1019
632
146
323
385
122
-111
-352
-23
373
-171
-877
-1202
-786
26
-325
-1063
-1156
-1058
-768
-1048
-1350
-598
-326
-733
-1256
-1797
-890
309
-44
-773
-1224
-855
219
203
-395
-376
-100
167
-27
-357
85
713
705
136
-309
31
658
757
360
-31
24
349
355
126
135
232
74
-101
-37
85
5
-219
-558
-819
-159
557
-216
-1468
-1372
-146
515
-358
-1486
-1188
-562
34
78
-1099
-1742
-809
664
620
-336
-1690
-1468
-339
99
1034
-300
-1728
-1963
-652
741
155
221
-762
-901
-1290
-1055
1473
1480
200
-1346
-1018
1187
1981
1110
-55
260
1555
2338
1178
19
998
2444
2466
1212
435
1051
2046
1904
928
475
1142
1712
1099
360
185
570
1176
849
-8
-112
169
249
46
-271
-146
73
-349
-984
-1002
-427
-122
-562
-1168
-1223
-789
-586
-912
-1126
-846
-573
-660
-863
-929
-723
-348
-252
-510
-623
-327
-59
-169
-207
55
202
144
-16
-9
310
458
500
527
169
121
582
663
516
345
179
447
636
376
173
-6
-97
234
504
181
-317
-371
-178
-201
-273
-338
-603
-782
-584
-280
-347
-670
-846
-651
-382
-394
-562
-582
-362
-524
-994
-1156
-559
71
224
-180
-1393
-1722
-1004
360
823
-465
-1989
-2447
51
1977
1022
-1391
-3194
-951
2173
2646
428
-2313
-1480
1565
2796
1358
-231
-109
1219
2208
1382
1075
1383
1439
1788
1158
1332
1544
1235
1426
1007
1250
1517
888
231
337
878
1090
786
-181
-283
372
462
83
-493
-608
-65
79
-544
-1019
-906
-470
-436
-830
-972
-854
-736
-776
-895
-762
-458
-423
-732
-975
-770
-235
114
-109
-626
-675
-147
218
79
-118
-9
220
253
108
101
354
585
514
329
305
440
557
556
516
479
377
229
302
451
417
183
-4
-38
-128
-63
57
56
-305
-712
-912
-621
-32
-164
-572
-1291
-1077
-316
-203
-351
-1300
-1424
-982
-224
90
-698
-724
-1474
-1393
53
227
65
-1104
-2082
-1086
134
605
-454
-2148
-2085
174
1437
1005
-1148
-3335
-764
1953
2428
633
-2113
-1056
956
2222
1594
373
451
822
1387
1184
1485
1680
1542
1291
684
1257
1806
1435
1137
862
763
1426
1312
441
375
504
781
829
157
-131
17
152
85
-163
-126
-92
-400
-805
-797
-488
-83
-290
-1022
-1047
-809
-280
-264
-872
-799
-597
-250
-293
-755
-596
-168
66
-19
-296
-308
-35
-13
-24
189
322
357
258
64
115
458
695
518
168
223
468
386
400
504
293
184
163
143
272
172
42
6
-126
-216
-331
-474
-330
-381
-558
-443
-788
-872
-669
-528
-477
-798
-674
-808
-1012
-760
-378
-401
-1022
-1027
-583
-306
-330
-373
-1031
-1523
-563
294
336
-1060
-1886
-654
157
161
-1125
-1665
-128
717
740
-1029
-2048
-64
1508
1679
-3
-1086
164
1299
1525
1067
918
1196
1212
856
1049
1939
1988
1542
897
608
1527
1899
1356
678
537
1538
1768
745
-108
-10
909
1126
461
-364
-345
381
373
-25
-559
-428
105
-234
-657
-890
-497
-29
-546
-1017
-894
-488
-341
-804
-996
-476
-221
-441
-777
-817
-329
-128
-255
-308
-369
-185
14
-21
40
73
143
331
246
206
408
452
364
277
340
575
536
246
189
386
496
341
109
48
136
181
68
-153
-308
-337
-290
-221
-436
-820
-730
-439
-590
-808
-799
-786
-651
-624
-905
-1106
-807
-323
-447
-902
-1033
-719
-369
-218
-295
-514
-1198
-1469
-58
601
-94
-955
-1315
-488
-148
-329
-888
-1031
272
761
312
-1148
-1884
403
2137
1693
-334
-1371
178
1604
1933
914
407
849
1340
1603
1047
1247
1569
1816
1533
690
1080
1510
1369
1005
823
1151
1232
723
298
367
672
748
271
-141
-58
121
-82
-332
-382
-175
89
-385
-808
-769
-513
-130
-383
-795
-826
-694
-523
-478
-471
-485
-640
-816
-672
-272
-37
-216
-517
-444
-139
1
-78
-207
-57
293
291
40
20
162
408
554
251
31
191
384
438
342
174
63
180
269
242
-3
-234
-128
-78
-18
-120
-271
-344
-491
-379
-375
-445
-567
-851
-633
-252
-358
-728
-917
-774
-366
-138
-556
-957
-858
-391
-56
-461
-909
-865
-283
259
-139
-800
-1044
-602
63
62
-204
-575
-789
-744
-517
335
870
325
-887
-1439
-197
1402
1590
356
-783
-333
1202
1906
1153
353
494
1361
1627
988
1056
1483
1521
1417
971
987
1288
1197
1062
736
804
1149
899
502
210
262
637
585
146
-140
-159
-64
-41
-259
-400
-221
-286
-523
-676
-648
-373
-441
-644
-768
-669
-561
-777
-759
-501
-65
-261
-815
-920
-652
168
247
-309
-544
-374
112
189
11
-125
86
407
223
1
80
457
557
278
128
-10
249
503
354
260
36
68
268
174
53
27
14
-55
-98
-84
-81
-227
-433
-507
-421
-353
-457
-512
-508
-664
-647
-349
-464
-835
-702
-368
-482
-791
-672
-248
-176
-495
-542
-267
-351
-405
-179
-282
-247
-266
-307
-416
-678
-148
-4
-375
-1010
-946
656
1126
170
-1334
-1571
496
1937
1396
-425
-1328
-3
1597
1703
665
263
769
1172
1103
880
1170
1288
1149
1113
871
971
1129
971
784
747
886
827
464
182
312
563
528
79
-301
-176
150
130
-227
-456
-352
-77
-271
-663
-737
-389
-27
-464
-808
-643
-417
-344
-666
-771
-458
-195
-297
-578
-789
-676
-148
134
8
-245
-455
-380
-29
261
281
124
-43
-56
103
268
319
364
378
249
203
294
317
293
333
348
249
198
206
116
81
94
-33
-20
-12
-218
-211
-168
-345
-374
-306
-381
-409
-387
-358
-411
-518
-394
-400
-518
-523
-417
-202
-312
-485
-496
-404
-292
-396
-220
-305
-705
-564
-282
56
-83
-430
-614
-837
-305
-37
-333
-838
-1010
322
972
52
-1152
-1504
165
1569
1089
-149
-1053
-220
1207
1416
873
284
417
1014
1072
908
1058
1163
1123
1018
714
843
1116
847
834
884
780
863
465
215
498
570
520
222
4
110
164
106
-39
-271
-262
13
-179
-421
-495
-359
-88
-410
-611
-469
-287
-349
-493
-530
-499
-174
-266
-477
-569
-444
-111
-176
-197
-199
-236
-223
-157
29
125
87
-4
27
93
153
223
291
268
222
279
297
208
159
315
272
194
177
112
173
78
68
33
-17
52
-105
-210
-254
-168
-55
-290
-482
-357
-216
-373
-392
-206
-370
-574
-525
-344
-428
-468
-283
-390
-367
-456
-586
-386
-250
-273
-419
-265
-456
-826
-543
-341
-156
-317
-782
-779
-684
-438
-283
-190
-205
-373
-326
-666
-276
686
696
324
-343
-288
624
1020
1006
515
474
1102
1094
806
797
1075
1283
1176
988
912
1057
1123
1042
967
931
936
806
484
318
524
660
449
180
87
130
162
56
-178
-234
-14
35
-241
-543
-556
-347
-212
-393
-627
-460
-375
-533
-722
-567
-329
-409
-443
-693
-695
-461
-265
-161
-313
-241
-347
-337
-117
82
259
51
-150
-178
98
406
357
164
66
231
412
361
132
50
209
367
306
47
-108
-13
191
219
31
-150
-203
-142
-86
-140
-186
-180
-245
-315
-283
-239
-324
-410
-319
-374
-550
-472
-394
-363
-276
-423
-552
-458
-379
-313
-526
-709
-403
-297
-412
-322
-404
-670
-730
-486
-4
13
-599
-978
-822
-67
487
319
-295
-909
-598
253
920
738
-101
-280
261
905
934
573
557
876
1176
1031
649
667
1198
1559
1275
715
572
955
1313
1227
776
534
643
711
678
541
361
384
356
187
181
134
-23
-93
-168
-141
-63
-226
-444
-512
-538
-462
-309
-338
-547
-640
-570
-556
-565
-463
-404
-450
-520
-650
-603
-276
-169
-308
-314
-348
-357
-116
2
-41
72
103
-26
-37
32
196
403
307
76
55
128
220
285
211
132
140
152
115
42
18
72
144
136
-7
-162
-181
-51
47
-88
-286
-305
-219
-148
-186
-278
-244
-244
-390
-357
-271
-349
-283
-249
-457
-461
-374
-374
-213
-321
-543
-396
-528
-749
-364
69
-18
-452
-733
-529
-308
-188
-84
-313
-594
-772
-263
752
561
-399
-858
-385
757
1107
595
-103
-213
555
995
1059
846
604
611
650
929
1173
1430
1120
586
663
868
1161
1090
752
605
642
784
652
296
174
402
492
243
-109
-239
-48
101
-29
-278
-371
-306
-275
-444
-619
-471
-272
-404
-667
-772
-653
-398
-344
-532
-597
-524
-477
-414
-323
-247
-196
-209
-278
-252
-56
43
-76
-143
-29
185
280
28
-221
-55
329
484
187
-183
-105
203
355
358
222
53
71
195
180
84
138
167
36
-36
7
42
-16
-201
-285
-172
-119
-130
-219
-448
-575
-263
95
-146
-624
-727
-373
-110
-238
-476
-608
-223
-34
-514
-647
-584
-164
341
-65
-654
-895
-346
164
40
-196
-567
-498
-306
-22
-25
-434
-575
-242
571
375
-482
-698
70
1044
845
80
-348
63
856
1119
821
433
366
650
1062
1004
781
805
756
830
950
744
608
633
587
664
658
460
278
147
269
447
330
23
-258
-210
18
20
-98
-311
-438
-235
-192
-386
-422
-370
-251
-228
-521
-678
-406
-125
-192
-459
-544
-337
-81
-88
-357
-460
-189
62
-2
-191
-218
-66
70
48
-52
-53
70
148
105
61
106
182
183
110
65
110
211
243
134
34
86
167
91
-22
58
193
116
-100
-236
-143
86
96
-168
-361
-295
-100
-101
-297
-340
-299
-296
-228
-295
-489
-335
-146
-349
-404
-296
-315
-326
-312
-287
-127
-187
-399
-286
-235
-214
-261
-76
94
-309
-332
-191
-118
-95
-100
-165
-386
-259
-56
351
328
-216
-448
-205
580
751
350
-48
-197
486
902
727
361
186
641
818
748
619
571
814
791
715
602
554
526
498
575
523
538
370
89
57
237
338
188
-36
-146
-100
-19
-19
-198
-180
-113
-165
-269
-435
-210
-23
-101
-340
-537
-286
-124
-124
-185
-336
-321
-255
-156
-123
-100
-91
-182
-177
-155
47
109
-69
-34
-79
-34
126
126
18
-51
74
127
47
-27
22
131
150
42
-70
31
119
64
23
11
16
-15
-170
-215
5
91
-98
-280
-316
-212
-119
-163
-254
-302
-232
-125
-260
-428
-379
-132
90
-151
-497
-419
-189
-123
-50
-119
-333
-240
-67
-4
-222
-395
-176
-101
-76
51
-98
-492
-485
-149
164
134
-393
-642
-369
206
415
85
-264
-393
-101
254
526
426
30
-133
99
659
719
361
342
519
619
688
676
497
493
682
756
648
426
469
667
622
499
387
346
328
343
453
211
-53
39
88
127
61
-60
-83
-75
-63
-124
-186
-255
-247
-161
-62
-176
-382
-328
-324
-211
-99
-257
-392
-388
-247
-173
-170
-192
-225
-220
-185
-89
-110
-190
-131
9
58
-55
-150
-96
8
58
90
11
-139
8
140
65
14
-35
53
88
80
64
-46
-45
1
12
-65
-127
-91
-64
-63
-140
-148
-145
-166
-67
-24
-148
-264
-209
-161
-189
-67
-45
-138
-204
-349
-155
48
-80
-106
-161
-252
-348
-155
155
27
-153
-159
-52
-196
-288
-20
103
28
-189
-304
-220
-33
75
11
-288
-435
-4
305
202
-143
-247
-57
199
492
317
46
4
207
573
562
406
293
313
524
542
505
495
449
479
524
507
419
405
410
427
412
367
314
217
267
267
252
195
13
-27
-30
34
86
3
-109
-198
-180
-141
-92
-151
-333
-374
-307
-228
-200
-181
-266
-394
-300
-265
-190
-112
-241
-299
-257
-140
-127
-199
-147
-49
-7
-51
-132
-158
-28
91
80
12
-83
-83
77
182
104
32
30
43
57
127
147
74
91
94
-24
-136
-46
63
123
122
-95
-81
-8
-90
-56
-45
-52
-125
-180
-132
-92
-31
-109
-134
-111
-180
-64
-14
-52
-62
-183
-170
-111
-71
38
-47
-321
-378
-54
145
172
43
-495
-746
-307
409
474
-273
-710
-501
106
529
205
-446
-678
-270
323
457
156
-147
-384
-235
320
709
442
-225
-326
124
589
667
351
118
89
366
595
488
366
335
443
453
354
370
307
296
319
337
400
247
78
46
93
145
149
127
-144
-245
7
99
-5
-225
-273
-151
-81
-49
-127
-203
-315
-315
-134
-110
-181
-218
-299
-321
-173
-70
-124
-192
-177
-100
-81
-123
-138
-78
-8
-25
-78
-75
-23
37
83
77
29
-8
17
101
171
162
87
10
-24
41
190
234
60
-133
-90
82
134
-18
-175
-154
20
171
69
-159
-254
-92
46
-21
-185
-196
-44
-61
-93
-169
-67
-67
-246
-199
-201
57
147
32
-313
-547
30
276
24
-395
-393
-114
-161
46
182
-35
-363
-414
-81
151
90
-53
-107
-348
-204
332
193
-117
-171
-85
-75
-223
118
304
85
-77
-144
58
237
309
268
108
8
246
507
320
259
429
359
138
163
448
555
349
155
146
218
335
394
248
52
79
285
334
186
93
75
19
-16
55
85
-30
-140
-94
29
2
-93
-160
-231
-233
-160
2
-57
-316
-322
-138
-41
-119
-194
-173
-145
-93
-78
-51
-36
-84
-75
-97
-124
-98
-8
56
-73
-133
-22
27
-9
36
110
38
-80
-57
57
102
33
-38
42
25
-117
-19
34
-76
-52
20
-43
-211
-158
64
46
-114
-190
-117
-32
-66
-97
-103
-108
-141
-129
-95
-138
-243
-201
-23
-71
-107
3
-113
-246
-108
115
101
-85
-183
-210
-79
126
88
-129
-297
-153
216
214
-149
-334
-100
197
228
19
-287
-211
123
288
168
-46
-17
51
149
233
228
223
98
-3
195
440
301
177
236
286
312
379
440
291
291
372
374
360
234
244
312
346
320
216
174
160
210
206
68
8
106
172
14
-91
-115
-75
20
-100
-139
-162
-243
-175
-173
-243
-294
-261
-277
-320
-211
-148
-246
-377
-356
-229
-151
-178
-269
-354
-335
-113
55
-134
-380
-269
-28
26
-40
-102
-124
-79
44
75
-77
-103
76
139
19
-94
-37
70
43
31
51
-15
15
119
70
-27
-38
84
138
-32
-138
-21
65
-41
-24
131
104
-134
-241
-54
-8
26
126
-83
-228
-169
2
147
-116
-311
-148
16
68
61
19
-234
-393
-65
252
138
-165
-278
-173
31
179
102
-58
-139
0
207
198
125
57
-2
-35
148
388
279
80
15
114
274
391
361
103
8
149
355
466
330
151
114
282
421
337
210
103
148
316
330
171
1
28
178
229
155
21
-106
-90
64
69
-82
-198
-251
-177
-57
-109
-244
-261
-226
-248
-259
-261
-282
-247
-211
-288
-275
-150
-151
-175
-241
-278
-143
-65
-124
-261
-252
-66
-28
-82
-134
-171
-120
-35
2
-11
-67
-97
41
99
-20
14
4
-32
76
73
54
157
170
-67
-152
153
273
106
10
-71
-69
121
231
163
14
-109
-2
123
36
-79
-87
-64
-95
-30
94
-8
-126
-128
-132
-10
59
23
-79
-169
-84
-16
128
108
-81
-149
-139
42
149
115
-67
-168
-40
84
222
122
-59
-73
-12
132
181
105
47
51
107
160
125
136
215
147
42
81
211
286
201
114
111
160
157
137
275
270
137
107
121
137
184
210
68
6
65
69
81
-10
-68
-3
-8
-33
-36
-39
-93
-186
-179
-109
-51
-49
-140
-252
-263
-137
-51
-121
-229
-251
-203
-132
-67
-88
-153
-182
-115
-73
-105
-103
-64
-67
-115
-86
1
12
-83
-78
-55
50
38
8
-61
-55
51
41
30
-34
58
122
123
56
-3
58
96
92
84
34
41
74
82
65
-2
-13
37
64
47
-95
-136
35
82
-32
-127
-99
-13
-28
17
40
-123
-178
-18
105
35
-55
-87
-117
-49
94
113
-78
-251
-126
146
179
13
-89
-82
15
149
153
-37
-134
-20
195
258
70
-62
-56
81
253
253
107
-74
-44
150
207
149
73
14
-39
120
358
196
-62
-74
63
164
94
20
-1
-9
60
143
77
-32
-29
1
51
71
45
15
-67
-110
-31
28
-7
-80
-128
-109
-117
-97
-43
-137
-267
-210
-78
-69
-98
-146
-185
-160
-82
43
17
-88
-143
-133
-23
40
19
-97
-176
-48
124
120
-15
-81
-50
6
57
60
-9
-53
13
112
153
102
-4
-32
65
134
81
-4
-43
-15
74
127
59
-48
-46
30
58
42
-7
-66
-95
-83
33
139
19
-128
-77
14
27
-42
-82
-13
63
70
-38
-174
-118
109
149
-16
-150
-194
-41
116
112
-4
-176
-108
115
183
11
-192
-98
56
118
155
103
7
-78
66
221
135
5
-3
102
134
172
161
69
3
5
174
204
52
-18
-3
49
119
186
115
-46
-79
14
97
111
4
-107
-58
20
68
52
-78
-95
-30
5
27
-63
-122
-124
-118
-8
45
-49
-158
-122
-29
-34
-6
-41
-191
-196
-60
21
-56
-139
-65
-9
-66
-103
-77
-79
-83
-50
-14
42
-16
-73
-31
-50
29
114
5
-141
-107
68
168
155
-1
-131
-51
114
195
131
11
-47
-3
67
92
62
36
28
3
9
99
157
17
-124
-72
103
163
18
-123
-171
-34
143
98
-65
-160
-60
64
98
79
-76
-126
-67
-19
108
87
-57
-89
9
83
57
6
-83
-99
-17
88
142
40
-106
-95
42
140
146
32
-62
-57
35
136
119
67
-15
-38
15
81
111
-5
-81
-53
39
141
74
-71
-101
-7
123
152
41
-60
-40
27
99
119
51
-51
-104
-36
26
82
68
-54
-113
-93
8
11
-47
-117
-181
-78
16
54
-36
-136
-109
-47
7
-29
-74
-119
-92
-2
12
-28
-91
-56
-7
-29
-48
-76
-7
49
14
-9
-68
-60
5
57
78
-5
-41
-17
29
105
89
5
-48
-37
21
77
31
-39
12
61
66
19
-18
-7
0
51
20
-28
-20
18
59
39
39
18
3
-8
16
35
36
77
18
-14
10
36
52
-2
2
5
-8
-7
-27
2
8
-14
-30
-22
33
30
10
-24
-17
64
41
7
34
41
63
55
42
61
66
33
-21
-19
35
70
72
47
18
5
-12
-18
2
11
-3
-5
7
0
-6
17
12
-20
-18
-26
-24
0
-13
23
62
19
6
-28
-70
-19
7
-42
-73
-71
-75
-38
-7
-29
-52
-78
-65
-52
-27
-22
-52
-64
-81
-30
8
-17
-57
-67
5
20
-10
0
25
36
2
-46
-48
1
26
5
-23
-21
5
13
5
-21
1
73
65
25
9
32
55
60
67
33
22
10
-3
34
70
90
56
38
44
25
17
-4
4
29
50
37
-33
-13
37
32
40
-10
-55
-23
-9
-4
-22
-55
-26
19
-23
-99
-66
1
5
4
-6
-62
-81
-34
2
37
15
-30
-17
7
31
16
9
21
37
46
25
7
-6
14
5
10
71
77
41
-10
-10
47
36
0
4
2
14
19
20
35
23
-2
-16
-4
12
24
2
-52
-23
0
25
48
9
-18
-51
-30
11
6
-16
-24
-23
-21
4
-13
-15
5
-27
-54
-19
-12
-21
41
26
-50
-99
-67
5
17
11
-30
-32
-12
-21
-3
15
1
-37
-9
18
-14
-8
-17
-3
27
10
-5
-22
36
68
52
54
4
3
24
36
64
42
17
15
44
36
9
38
41
20
3
1
42
50
34
14
-30
-15
39
30
-6
-18
-19
-6
-10
-14
-36
-39
-15
-23
-10
-2
16
-21
-73
-43
-17
-35
-77
-14
20
11
-4
-68
-42
5
36
28
-30
-47
0
17
-3
1
-32
14
34
7
23
1
-3
-6
-4
3
10
14
20
-4
-45
-22
7
49
33
-7
-18
0
53
34
22
18
41
62
45
38
-30
-22
39
27
23
0
-8
13
16
4
-21
-3
-6
-35
-38
-25
1
9
4
-8
9
-3
10
18
-25
-18
-1
55
27
-6
-10
-18
32
3
13
1
-19
4
-14
18
14
9
6
-49
-27
28
31
3
-8
-11
-23
-29
-18
16
38
17
-23
-33
6
3
-19
-25
-13
7
5
-3
-34
-33
5
-18
-19
24
10
-10
-2
-12
-9
4
5
9
-3
-16
-9
-4
4
-8
-14
5
8
-18
-32
6
32
17
-22
-37
-20
-3
18
23
35
28
8
9
4
27
24
13
52
42
8
15
1
-11
15
24
11
17
22
22
6
-14
-7
21
39
1
-10
24
25
17
6
13
7
14
24
-3
0
-3
0
14
-8
-19
-24
-23
-6
0
-9
-6
1
-8
-37
-30
13
-8
-31
15
12
-20
-20
-3
9
-2
-19
-33
-17
-17
15
25
14
23
-34
-34
-23
0
32
1
9
-13
-2
2
-13
22
14
30
4
-30
24
36
45
32
-2
2
-26
-22
27
19
-14
12
19
6
15
-35
-20
27
34
17
-12
-29
-34
-5
9
25
-43
-13
13
7
13
-3
-5
-36
-29
3
16
17
-2
-39
-7
13
36
13
-3
-18
-27
31
30
15
38
12
-6
-5
5
9
32
29
-6
6
13
5
0
-8
-2
-9
13
18
-29
-22
10
12
6
-16
-34
-1
24
4
4
0
-12
-20
-21
4
25
4
-14
-22
-16
22
29
18
-6
2
33
21
9
-15
-12
26
54
20
-35
-11
-4
6
10
-23
-22
-23
-9
2
-13
-16
-3
-15
-19
-1
-23
-28
-17
-19
0
-1
10
17
-2
21
11
-27
-39
-47
13
49
8
-11
-22
-27
-4
16
2
-14
-2
0
-1
-10
-34
-7
23
20
11
-1
-10
-5
26
24
26
56
41
47
15
-14
39
25
47
56
10
27
0
27
57
17
-13
-15
30
11
-10
-1
-15
-9
-6
-19
-20
7
2
-4
10
2
-5
-8
-23
0
29
-4
-36
-43
-2
42
27
15
-21
-40
-21
-4
7
4
-3
-29
-18
0
1
12
-4
-17
-12
-21
-9
24
16
15
9
-34
-31
5
21
18
23
0
-4
-4
-7
24
18
14
0
7
16
-4
16
15
-1
-13
3
-14
-5
27
-2
4
