8
4
-18
-26
-10
4
15
30
20
30
36
23
29
-9
2
24
44
49
58
46
44
21
24
25
8
-1
-8
6
-1
-38
11
3
-18
11
-21
-8
-7
-13
-7
-10
-36
-33
-61
-35
-32
1
24
31
48
22
15
11
-4
1
3
28
33
-9
-20
6
-16
0
12
-2
35
72
40
-2
50
22
-13
60
48
36
44
38
50
57
42
23
36
37
33
44
31
11
38
29
-2
8
21
69
79
29
-14
-26
-56
-68
-32
2
51
7
-2
5
-32
17
-12
-32
9
17
-7
15
-14
-39
-6
-79
-23
-16
-45
12
-38
-19
-20
-48
-7
13
-26
-23
-5
-40
-16
-18
-10
-14
-45
-25
-33
-28
-17
-15
-42
-51
-6
-34
-73
-49
-23
-34
-27
-1
-58
-62
-7
-17
20
51
65
11
14
62
31
63
58
47
32
77
67
82
44
26
-27
5
62
40
48
27
45
-43
-12
43
39
70
39
-71
-36
14
4
25
-14
-12
-67
-22
28
25
-39
-28
-18
2
42
71
17
-56
-29
26
46
51
-7
-61
-95
-94
-4
6
-17
-4
-44
-49
48
46
-5
34
-45
-40
22
55
50
50
-76
-21
29
19
97
45
-78
-43
-31
-1
61
-78
-80
-48
-71
62
15
-89
-79
-38
-78
47
-42
-94
19
7
38
45
-5
35
-80
-49
6
-15
39
-31
-52
-21
75
36
-25
2
59
71
38
55
72
49
34
-11
74
103
39
-55
-15
48
40
-41
49
50
1
5
-21
2
76
-14
-79
10
38
-33
-71
-56
-29
-14
-49
3
0
18
-126
1
4
-2
-67
-106
80
-16
-28
-5
62
-33
28
34
-47
-2
-53
-58
2
30
6
-16
-11
-13
18
17
-4
14
80
-5
-52
28
50
-32
-57
66
10
-47
-19
-41
24
2
-43
-40
9
71
-8
-10
42
-15
-68
-89
9
80
-21
-19
44
-6
-47
-42
12
65
13
0
42
-3
-48
-2
95
33
62
-9
-24
66
-20
108
43
-1
31
93
33
7
38
75
-8
-2
-45
89
49
-74
40
-2
-67
36
-51
6
37
-22
27
8
52
-20
55
-7
58
-85
45
42
33
-46
23
24
-25
8
-52
77
-9
-24
3
95
-39
32
50
13
-1
-5
39
-10
-1
35
81
-26
38
72
-7
134
-17
71
25
52
79
35
58
71
-41
-69
60
-43
-25
10
69
-103
24
-20
-38
-72
-104
24
-37
-24
-25
-42
-54
9
-39
-16
73
-43
-19
-34
44
-69
10
-47
-28
-45
-27
-28
-27
-26
-71
-1
-41
-51
-19
14
-51
-36
-6
-21
-152
-6
31
-150
-8
23
0
-47
-24
-131
-45
-47
-181
-60
-48
-98
-168
-43
-47
-115
-103
-132
-48
-149
-13
-57
-65
81
-58
-13
-14
68
-84
28
14
-3
9
-62
50
50
50
38
69
-20
52
-27
-40
-50
-11
-42
-53
18
-37
-26
-28
-46
69
28
-79
18
83
-10
-36
40
37
10
-31
26
119
0
64
17
98
-24
44
37
31
9
64
153
-7
86
29
41
-16
87
118
-3
196
39
35
30
143
66
7
162
29
187
55
142
96
63
152
7
119
77
170
45
39
71
130
96
-81
-50
164
-14
-148
95
52
32
-37
-55
76
2
22
-93
113
-50
1
-21
48
-10
-47
128
-133
31
46
165
-107
16
44
4
37
-82
53
62
-129
-106
143
-77
-56
-133
-91
-37
-115
-107
-96
37
-149
58
-102
-115
92
-61
-142
51
58
-26
-127
37
16
-7
-67
-51
52
-55
-34
80
-54
-14
48
15
-50
12
74
-177
-40
18
-85
-113
34
-67
57
-66
-72
-36
86
-106
-30
36
-129
10
-37
-57
5
-26
-46
55
-30
-72
-20
-21
-102
132
-103
-94
-26
28
-6
-53
-77
-26
-35
-170
78
-65
-70
61
-42
-60
72
-61
28
-90
-13
-52
-81
71
-51
-50
-19
46
15
14
61
64
90
-38
110
13
37
57
98
-3
90
32
54
117
-30
115
3
20
-28
138
-64
52
59
-81
105
139
1
65
152
-32
26
62
45
-47
48
-10
15
51
-66
70
79
-25
64
35
29
12
65
-37
90
140
-123
57
91
-79
173
11
-8
30
-163
193
-177
69
-1
20
-62
18
54
35
-26
44
-30
-42
32
5
47
-44
89
-56
58
19
-37
43
-22
63
-10
31
-18
98
5
-87
80
36
-96
18
1
-64
-65
55
-1
-42
-10
23
-38
192
-42
85
37
-12
65
14
76
-15
16
45
-19
66
13
98
-2
-10
74
-42
119
17
-52
24
-72
24
-76
-47
88
-136
-50
44
-91
-67
31
-30
-138
25
-23
-32
-138
76
-148
-51
-27
-37
-23
-39
-102
-78
75
-44
19
-29
106
-126
58
-161
-74
-2
65
-114
11
96
-79
-140
-50
2
-112
11
-96
84
-11
-67
26
-126
35
-57
-120
18
30
20
-231
175
-96
-7
41
-36
-9
64
84
-153
116
55
27
12
103
-9
39
57
88
-3
57
16
-9
64
52
-53
73
-73
-56
39
93
-193
51
17
-58
-111
-32
80
-65
4
68
-68
-27
16
-68
82
-92
64
31
11
-17
18
-91
12
71
-87
62
-13
44
-51
-21
-85
-80
-91
-86
62
-18
-17
28
-19
-88
72
7
-26
-39
87
-124
-114
275
-246
-48
0
-25
-21
44
128
-162
-6
22
-60
26
80
9
-59
14
1
71
-122
-54
46
-90
-68
-102
-73
-67
-48
-59
23
10
-171
-14
12
-186
33
-11
-44
-11
-43
-110
-13
59
-186
94
-71
25
-34
20
-140
79
-182
-27
-15
-114
65
-79
-205
74
47
-129
-68
37
-34
-51
19
65
-67
-35
48
-33
-30
26
-82
-149
137
-55
-95
92
-59
-46
18
10
-112
146
-61
25
-86
255
-113
-24
88
45
-51
-5
87
-211
303
-70
176
-55
185
-2
-5
113
105
-11
41
-9
84
-76
-13
-10
86
48
28
-97
17
52
-16
11
5
65
3
-96
-83
87
-47
-119
24
-122
80
-76
-89
58
-76
29
-53
-19
-15
-16
4
-5
-34
-47
56
-83
97
-17
72
10
-48
88
-72
106
-48
94
-63
63
22
84
-68
63
-8
99
-78
-42
88
121
10
9
158
17
11
85
-29
50
-11
42
39
23
68
44
-44
72
105
-72
104
-9
-59
125
-4
-58
33
86
-66
-54
-3
121
-66
-30
304
-80
-11
146
59
-29
52
166
-57
109
23
-37
140
208
-5
17
194
-113
168
-38
101
79
-21
176
-92
206
42
193
-26
114
93
24
10
68
9
70
9
117
-29
43
8
-21
20
-8
21
48
-30
50
69
-12
52
104
29
19
69
66
-37
12
43
163
-11
39
52
-17
64
-110
55
-72
-37
-50
56
-126
139
-80
-30
-48
-49
34
-117
94
56
-191
151
-51
50
-142
217
-120
-19
43
-80
-10
-27
-75
105
-140
-54
-6
34
-104
61
-10
-63
43
-100
49
-150
12
-153
129
-80
-1
-73
-148
116
-155
-47
-52
12
-174
86
-55
-94
135
-161
27
-117
118
-89
-39
9
-50
12
23
-10
29
-58
36
64
-84
44
-108
-22
58
-114
150
-128
24
-93
55
-116
180
-32
-82
103
-60
128
-47
142
-103
55
47
-32
-26
-16
-11
-144
-32
6
81
-20
59
-111
72
-47
46
-113
133
-153
24
83
-89
97
38
-23
7
38
-7
-3
17
23
-50
105
-96
19
-37
-71
111
-28
137
-57
50
62
-22
-61
42
-10
58
-23
26
-3
42
-36
140
-72
52
4
29
1
-15
60
-69
37
59
-6
214
-168
77
70
-54
110
-108
86
-8
48
59
18
-8
-26
-71
27
-95
16
65
-105
182
38
-20
20
2
-33
22
-22
-27
-27
-14
-45
37
0
-20
73
-109
65
27
-15
-85
32
-37
61
-62
70
49
92
35
19
36
25
-23
26
39
-16
80
160
69
19
85
96
-66
-23
124
11
10
115
-144
129
-54
110
-163
204
-51
143
54
-122
119
-48
145
-149
111
40
-119
110
-159
144
-36
90
-17
35
-46
-135
189
-246
117
-24
-160
169
-90
61
44
-25
-93
48
-8
67
42
1
83
-116
31
-32
26
-55
57
-71
113
-160
140
-108
-7
8
-66
46
125
-51
-83
230
-53
111
-51
37
-28
116
0
81
9
146
-18
-71
-15
-36
38
-117
138
-27
116
-7
107
-91
21
31
-38
63
13
163
-230
56
-169
-33
106
-174
60
-61
34
127
-266
178
-74
46
-125
-2
-156
20
29
-112
-29
-59
45
-125
-10
-37
33
-109
-4
55
46
-52
-75
84
14
-155
67
-120
130
-255
50
-78
-13
61
-75
-5
-105
188
-136
2
-2
236
-84
23
24
-109
69
-130
65
38
3
-83
14
27
60
-195
114
-103
103
-65
-67
21
-91
126
-135
-55
69
-84
-8
27
104
-101
16
-56
-52
13
-176
28
-67
-73
-67
-163
6
-15
-118
-19
-201
68
89
-298
227
-44
16
-54
16
-2
164
-71
0
10
-146
-78
87
-29
60
0
-61
124
-98
-51
69
-120
21
26
-28
8
-67
115
-28
-108
135
-45
-36
-14
49
-191
239
-89
7
37
-98
-8
-5
33
-3
-103
-61
-75
29
-209
117
-262
15
74
-10
-172
181
-152
-75
62
70
25
-160
146
-257
-49
-57
-20
19
81
-76
-41
-72
-85
-23
-57
-16
29
-115
116
-4
-56
38
-89
-89
-213
3
-34
-145
43
80
115
-245
264
-187
114
-206
173
37
-47
90
-7
-28
75
-69
29
-29
-18
-31
149
-105
51
65
-98
-102
68
67
-122
165
27
-156
23
49
8
-52
84
115
19
-53
97
-49
-53
100
-52
125
9
21
91
-108
94
-11
39
92
-33
79
67
-192
6
196
-68
-39
114
14
-109
149
-158
180
-42
44
-7
106
-4
61
56
26
194
-57
120
160
-114
-3
23
22
-21
155
-142
85
205
23
60
-67
37
-72
97
42
136
-44
203
-87
55
53
-24
144
-148
198
33
8
-74
62
131
-169
146
3
188
-21
30
101
-70
-32
-36
96
-126
185
-109
103
-62
-12
245
-207
120
-5
68
-216
161
-26
-12
-234
245
-119
-108
183
-235
109
73
41
67
127
16
72
-65
-106
144
-149
140
-45
-43
-39
105
-60
1
41
-13
-34
93
157
-188
102
73
-99
129
-23
-27
17
177
-84
277
-73
161
189
-108
7
105
22
8
107
-7
264
-149
142
85
-166
157
-149
76
-32
16
-7
99
-70
41
-3
-55
156
-13
11
87
-173
29
19
-46
172
-36
26
26
-98
57
4
-85
214
-174
212
-62
14
65
-195
202
-172
258
-70
-60
131
-303
180
-171
41
-169
70
239
-365
256
-317
240
-137
-23
161
-234
97
-134
191
-241
36
-47
-160
-1
60
80
-116
107
-181
-3
-3
-193
175
-178
-175
141
-76
30
-41
92
-164
165
-98
-76
141
-224
296
-361
86
143
-40
140
-283
200
-107
152
-308
121
11
-186
285
-436
468
-310
143
-3
-202
164
-290
-16
-295
153
-140
-24
10
-291
-103
106
-302
184
1
101
-232
-193
325
-412
296
-228
160
40
-113
-49
113
6
-107
194
-203
306
106
-250
54
37
67
-115
30
134
-135
49
-169
62
18
-31
148
-181
156
-100
-30
142
-252
323
-273
174
-64
-75
80
-134
18
-11
-17
-69
130
-167
14
173
-128
-135
93
-101
151
-250
170
-209
-18
13
-175
102
-99
210
-127
64
-75
45
51
-232
34
-231
197
-196
7
3
-153
-55
-41
-81
60
94
-165
-58
41
1
-142
-10
45
-130
151
-188
-47
171
-97
-25
71
-23
-107
51
-74
114
11
70
53
-234
237
-115
23
31
-152
104
-151
44
-128
139
-75
-244
85
-168
19
11
-17
66
68
-284
246
-161
-48
148
-137
46
74
125
-185
56
-70
-80
328
-14
-179
250
-156
0
285
-64
25
4
-18
-82
277
-25
-48
190
-192
353
-142
186
34
214
-51
17
53
109
133
-124
169
186
-60
146
-224
418
-269
311
52
-206
325
-243
131
106
-11
172
78
-137
146
173
-115
161
-137
210
9
-25
227
-147
-122
138
-128
112
242
-251
219
118
19
8
108
26
127
-24
288
41
170
-82
158
-81
-118
224
-79
-64
165
187
-209
137
140
43
-6
99
-14
-41
-3
-37
-123
70
156
-435
328
-168
-91
173
-201
66
12
-169
38
51
-56
170
-87
-147
101
102
-221
243
-245
289
-241
-86
51
84
-363
219
57
-135
237
-68
-28
-95
-40
-11
283
-388
351
159
-494
10
-32
-105
16
175
73
141
-64
-2
-33
-127
21
-64
-26
-46
40
-103
-24
-81
218
-179
297
68
-221
352
-372
56
20
-14
62
-20
236
-254
283
-12
-26
140
-236
93
14
-203
118
-195
264
-202
164
-107
-41
134
-322
87
125
-295
319
-61
-210
179
89
-221
1
98
-217
-6
65
-22
-4
-136
199
-211
37
58
-145
162
-210
121
-274
198
-187
73
206
-367
276
-174
-141
268
-96
-87
261
-203
-67
-29
-364
-34
73
-370
479
-330
120
128
-130
180
3
239
-203
229
-206
60
131
-311
57
251
-81
-7
368
-267
69
221
-399
260
136
-227
108
6
-285
339
-20
-304
505
12
-74
148
-2
-4
188
-246
101
-18
157
47
70
254
-294
254
-73
-45
186
-33
50
-131
152
66
-11
270
-170
187
-16
174
-18
178
-7
39
168
-157
68
103
-98
393
8
144
27
-191
128
-48
-116
-98
377
-272
121
203
-118
-27
165
-153
38
283
-155
172
-155
-91
317
-193
81
83
80
51
-291
185
-289
-41
95
-334
434
-314
197
-227
-3
101
-37
125
96
30
226
96
-459
578
-455
132
60
-203
242
-270
8
46
54
47
-54
140
-109
33
115
-224
140
52
-194
-118
14
-26
-44
148
-127
184
-10
-363
109
-180
62
126
-250
157
27
-126
185
-180
79
65
68
-164
273
-300
169
-1
-468
494
-427
-40
-289
335
-511
205
-146
199
22
-66
59
-39
-8
82
-191
137
55
-58
-80
-190
24
-101
-6
234
-51
64
-95
-162
127
-115
-61
-181
-98
-121
216
-190
221
-43
149
-277
-49
207
-81
-14
-107
132
-253
-11
26
-54
213
-197
-52
235
-296
209
-253
67
-192
-87
-29
-262
354
-350
99
-139
71
-103
-33
-99
-123
159
-163
-5
4
-121
-49
-268
229
-294
143
-12
402
-191
188
-114
-162
145
-97
97
-265
153
-230
52
164
-141
201
-282
130
-443
327
-115
-31
38
104
36
-379
473
-256
43
249
-200
308
154
-146
55
32
-294
699
-529
578
-140
-106
-15
-148
217
-205
373
-765
726
-497
24
307
-296
36
244
-477
348
-338
87
88
-521
770
-650
76
286
-461
418
-13
87
299
-294
55
60
283
-222
42
261
-491
669
-505
63
210
-5
209
67
-46
-22
159
-118
-58
-39
-66
-99
207
130
-96
88
-230
125
-384
484
-218
232
-64
-16
309
189
22
-454
722
-117
-130
329
-430
327
447
-681
592
-53
278
-206
158
-254
527
-33
-691
7
50
130
-323
203
184
2
135
53
-169
269
-466
37
109
-153
195
-166
-49
115
-68
-2
-334
383
-736
284
-54
-26
479
-427
-61
-231
-74
95
-362
335
-431
216
-326
232
129
-502
140
-252
-343
518
-505
2
-28
-25
53
-110
124
-74
-233
268
-417
405
-348
382
-275
10
178
-629
599
-619
142
309
-375
358
77
-380
441
-443
216
-67
82
-322
217
-495
-108
204
-385
557
-231
-94
198
-314
77
51
26
-318
395
-103
66
-6
50
328
-450
357
-13
-183
97
-151
72
448
-461
335
-469
-80
206
-276
294
-150
-87
102
-275
686
110
213
100
-120
315
-232
26
192
241
-65
450
-164
-264
713
-807
268
184
-278
310
6
11
-128
266
-479
281
300
-305
313
-462
335
-209
-300
447
-564
527
-163
188
41
-86
64
129
-231
422
31
-123
402
-159
31
188
-396
18
58
-265
146
95
-477
19
447
-608
387
-261
-21
20
-192
-137
-4
42
-698
137
-384
150
-57
-158
-320
-327
199
-451
240
61
-251
364
-562
7
364
-516
256
-104
-191
701
-491
229
-112
124
-132
265
-195
-3
-11
-143
-215
306
275
-320
78
-256
393
-117
540
-545
293
-213
140
-1
-80
150
-25
-141
66
-29
-36
-100
-236
-82
90
24
36
-300
287
67
-221
270
153
-12
-204
-143
277
-50
-240
182
-329
102
492
-262
21
335
-417
86
-25
87
13
-410
-400
-216
505
-525
586
-509
312
-151
-43
-500
943
-1225
673
-389
-237
759
-736
323
-250
159
166
-246
36
331
-378
80
122
-137
38
-129
-416
154
-71
191
-288
39
130
-625
563
-449
-231
264
-446
-283
191
-100
-298
332
-733
635
-439
642
-86
60
-153
-20
443
-393
546
-524
121
214
-307
175
187
-79
34
-62
365
-222
16
-89
-56
107
460
-761
943
-401
192
290
-193
477
53
6
87
177
59
179
-56
147
-249
474
-544
176
320
-212
428
-89
452
170
89
-18
295
94
-191
578
-295
254
331
-235
341
192
-183
360
147
307
519
73
-62
131
-122
269
-155
483
-93
79
13
10
21
81
-26
25
47
257
-84
124
105
-93
212
-499
247
-42
138
-44
-69
-70
28
242
-149
31
193
-173
92
28
349
-98
-61
129
-358
311
-218
61
512
-248
635
55
-167
655
1
-104
294
-359
-128
-27
-297
328
-36
145
-22
336
-84
271
41
-64
443
-333
254
114
-62
124
-205
-324
289
84
-346
733
-547
462
-429
-8
223
-455
349
-189
377
-178
-63
246
-528
461
-239
174
-13
-96
128
28
518
-186
500
90
45
320
-189
171
118
-161
387
180
12
338
-419
46
-149
374
-115
285
185
-82
-135
325
-58
338
112
-296
69
123
-107
175
-107
149
-38
141
-166
-120
75
-480
270
-297
255
433
-160
117
389
-350
99
-94
6
128
64
258
259
-257
-2
208
-218
387
441
219
462
79
400
36
91
139
-20
545
-93
392
317
-202
237
51
-24
175
220
-71
46
279
299
-38
365
-375
425
9
84
51
-138
169
447
-1
32
204
-340
170
-236
123
258
252
-216
95
-125
73
176
-29
-241
161
183
204
272
182
-143
80
56
148
304
-13
-121
119
480
-288
589
-204
168
421
-3
413
226
-154
259
-49
233
280
216
-128
-1
-33
335
268
-259
219
-131
34
18
462
165
-124
98
678
-261
342
-32
-68
517
37
161
433
185
178
374
-276
434
817
-341
540
377
140
112
239
348
-243
709
-26
87
916
-270
474
16
13
811
-93
574
43
42
452
14
660
5
273
274
-205
454
159
-17
206
-15
208
403
-48
269
-130
272
649
-233
672
156
-256
757
-392
397
572
-469
420
-80
113
192
-32
-222
172
-57
244
-384
63
-245
-313
-224
-172
168
-480
-383
-229
-166
-146
-603
-179
-687
-875
-479
-578
-532
-511
-508
-361
-663
-594
-318
-644
-977
-161
-561
-1028
-297
-832
-890
-967
-701
-1196
-252
-1421
-839
-454
-1621
138
-1306
-1300
-840
-1010
-680
-1123
-501
-1313
-572
-1187
-873
-425
-1110
-666
-1151
-770
-726
-918
-708
-767
-753
-710
-993
-502
-960
-455
-1145
-638
-1164
-443
-759
-1631
-694
-865
-1112
-589
-939
-689
-704
-1025
-940
-264
-957
-955
-807
-494
-1477
-314
-1464
-699
-569
-1209
-861
-808
-1048
-791
-1334
-1245
-745
-761
-1365
-930
-876
-665
-845
-764
-1025
-1022
-761
-1655
-402
-566
-1356
-150
-1538
-790
-272
-1327
-373
-1251
-574
-603
-1206
-159
-881
-234
-527
-781
-166
-454
-680
-534
-330
-638
3
-567
-120
-120
-638
348
-51
230
-17
137
-42
-136
558
-275
173
28
-70
381
-200
249
278
95
329
275
371
284
207
47
422
191
227
517
-245
679
257
185
854
-31
680
448
-66
1010
394
414
369
394
374
703
1129
-175
1112
253
1079
264
500
729
206
68
933
265
1012
805
149
709
371
913
376
934
352
180
1443
-364
1047
480
230
182
996
537
806
585
482
350
815
156
1083
325
206
981
52
747
1117
44
762
651
568
717
843
942
366
1200
752
680
645
966
436
1093
714
1075
959
613
1324
629
1015
738
1594
577
450
1874
3
1451
762
745
904
905
998
1143
981
1221
1466
740
1885
584
866
1242
435
1584
979
1049
1149
1059
557
797
1275
-221
1897
135
764
1594
-105
1490
139
973
590
975
928
-41
1541
-62
638
880
328
901
771
443
1234
296
844
650
212
1317
397
1085
880
282
661
448
368
924
554
176
833
131
966
189
606
977
-435
1029
58
57
1111
-733
916
174
625
593
183
288
-151
583
112
178
741
-537
247
-192
-311
103
-101
-189
137
300
417
216
30
-31
-291
195
-296
236
429
-494
322
157
-89
-50
-33
-732
-185
512
-809
621
-610
-741
533
-1117
31
147
-1134
99
-149
-1157
1000
-1613
-26
-426
-973
149
-325
-318
-651
-181
-1171
-19
-629
-695
-82
-642
-487
283
-446
-472
-530
-1007
-415
-131
-146
-269
-243
-659
-463
-7
-836
273
-1069
392
-811
-208
39
-1001
-129
-667
-34
-412
-224
-913
-514
-258
-343
-139
-188
-235
-1134
508
-936
-2
46
-529
4
-278
-246
-162
-360
-192
-279
300
-422
-133
39
-943
-166
-257
-422
-158
-478
-150
-313
-838
-78
-394
-1140
134
-903
-264
-143
-1207
2
-933
283
-375
-285
-205
-976
-165
-797
227
-956
99
-928
-602
-440
-139
-546
-759
264
-970
-52
-113
-774
-534
-318
-598
110
-200
-599
282
-1371
393
-583
-609
117
-667
-301
-586
-228
-766
31
-895
96
-705
-446
169
-1083
-94
-569
-676
394
-1036
705
-850
145
-442
-135
110
-716
650
-584
252
8
-309
-336
-124
-111
-668
920
-1059
370
-7
-461
521
-459
474
-185
164
-422
-31
-153
-263
202
-154
123
30
-328
282
-598
277
-362
16
-201
-678
290
-828
-68
294
-433
92
68
-452
-29
-9
-327
58
-337
-101
438
-302
373
-60
-338
126
-673
440
-653
622
-443
55
-75
-264
-35
-432
202
-374
195
67
-329
284
-463
-210
-238
-35
329
76
374
-841
227
-169
-336
558
-593
-176
-163
250
423
-176
217
-151
51
-94
-47
577
-334
79
253
328
114
369
-195
97
-21
658
469
-46
731
-546
520
256
173
321
-339
81
517
444
44
54
311
27
-50
183
274
2
-185
-273
-451
-106
335
-437
102
85
-415
402
-193
358
532
-263
-25
289
419
127
348
-336
178
460
22
659
246
229
-244
-35
490
480
375
243
314
143
716
323
78
520
73
292
365
552
319
-144
184
32
871
39
675
-117
81
281
313
584
136
23
325
236
590
1048
119
412
-489
-196
100
344
473
-92
-189
391
-32
70
-146
-566
-279
99
415
437
199
-479
-590
-12
-140
611
353
-275
245
-138
14
-8
-326
-98
-394
45
31
-297
-281
-1215
-432
-143
-413
308
-143
-516
-214
-364
-325
138
-231
179
-184
495
107
253
147
0
-58
279
604
596
774
328
-280
374
391
624
811
328
-69
57
594
271
506
425
-88
364
32
430
566
-29
312
251
-76
356
294
-26
181
-116
72
-127
-397
-201
-481
-327
-292
-138
-785
-808
-290
-1141
-664
-359
-1154
-1275
-1386
-1774
-1571
-1374
-1666
-1387
-1455
-1976
-2005
-2045
-2443
-2300
-1971
-2153
-1887
-2132
-2514
-2047
-1585
-628
-23
-250
-230
-292
56
1084
1812
2234
2266
2101
2266
2592
3082
3283
3004
3048
3391
3428
3340
2991
2374
2295
2383
2565
2615
2191
1702
918
711
794
709
820
604
610
475
313
414
119
186
473
757
1126
1151
1249
1141
943
957
931
1322
1680
1682
1510
907
536
690
387
250
371
-181
-428
-736
-1231
-1321
-1497
-1647
-1480
-1456
-1859
-1890
-2268
-2486
-2174
-2477
-2469
-2655
-3070
-2998
-2993
-3048
-3155
-3529
-3994
-3947
-3936
-4159
-4572
-5359
-5334
-4284
-2061
160
-81
-1643
-3080
-3179
-959
1490
3076
3349
2267
1434
1472
2612
4001
4601
4569
4395
4721
4914
4504
3546
2761
3035
3657
4199
3896
2589
1025
-297
-293
553
1108
831
-446
-1608
-2026
-1861
-1377
-1228
-1235
-1242
-1239
-831
-544
-597
-889
-817
259
1574
2473
2442
1939
1781
2242
3447
4370
4557
4052
3106
2842
3228
3536
3396
2682
1724
1223
1362
1353
934
38
-861
-1015
-846
-798
-1414
-2321
-2953
-3107
-2492
-2166
-2316
-2698
-3426
-3769
-3373
-2766
-2472
-2569
-2849
-2949
-2871
-2552
-2258
-2389
-2791
-3124
-3235
-3332
-3505
-4093
-4848
-5718
-6304
-5566
-3514
-887
-27
-1655
-4309
-5620
-3792
-211
3074
4043
2597
304
-1113
-49
2723
5480
6400
5279
3839
3050
3310
3891
4274
4588
4515
4316
3735
2706
1586
570
441
1187
2034
1869
287
-1626
-2631
-2263
-1076
-51
31
-786
-1885
-2502
-2086
-1000
64
669
579
226
408
1249
2325
2988
2905
2624
2646
3068
3735
4085
3863
3329
2712
2328
2374
2605
2650
2135
1085
180
-60
149
193
-283
-1080
-1773
-2183
-2276
-2247
-2419
-2671
-2863
-3036
-3135
-3165
-3360
-3455
-3175
-2766
-2493
-2626
-2921
-3121
-2906
-2481
-2331
-2229
-2478
-2887
-3244
-3630
-3747
-4093
-4462
-4288
-3134
-1023
124
-684
-2856
-4257
-3125
-309
2697
3733
2503
218
-1284
-388
2220
5085
5932
4630
2596
1544
2247
3541
4747
4896
4277
3243
2226
1960
2039
2271
2110
1737
1446
1029
388
-487
-1063
-995
-407
111
73
-510
-1283
-1760
-1599
-731
242
636
291
-489
-904
-526
470
1413
1758
1758
1572
1450
1527
1794
2308
2761
2982
2785
2247
1692
1338
1372
1662
1845
1650
1020
188
-386
-545
-316
-37
-128
-505
-1133
-1666
-1807
-1697
-1293
-1135
-1386
-1806
-2297
-2356
-2211
-1968
-1608
-1502
-1452
-1669
-1899
-1797
-1612
-1214
-1095
-1175
-1389
-1803
-2142
-2355
-2438
-2257
-2495
-2757
-2875
-2349
-1029
-510
-612
-1981
-2468
-2025
-348
1205
1832
1256
74
-718
-164
1402
3102
3588
2871
1710
1245
1686
2546
3221
3295
2967
2353
1828
1684
1697
1785
1542
1177
930
707
494
98
-257
-291
-138
48
-24
-322
-600
-723
-583
-268
40
148
-24
-307
-400
-173
225
504
488
286
130
166
369
661
993
1265
1320
1081
741
612
846
1251
1542
1504
1150
659
300
292
548
803
768
432
-74
-384
-429
-321
-102
-187
-496
-879
-1209
-1237
-1103
-896
-980
-1137
-1252
-1633
-1441
-1384
-1193
-794
-1115
-680
-1031
-1355
-968
-1318
-899
-936
-1006
-1054
-1561
-1577
-1674
-1526
-1585
-1617
-1868
-2208
-1615
-913
-495
-806
-1625
-2096
-1725
-632
185
580
155
-622
-761
-494
651
1727
1961
1541
646
556
1003
1573
2139
2253
1982
1485
1165
1132
1296
1462
1443
1193
918
748
532
311
127
67
161
299
336
175
-139
-436
-485
-221
161
314
75
-348
-583
-429
-20
305
350
149
-110
-241
-127
189
513
650
558
406
300
423
639
745
810
757
680
609
611
608
568
569
496
512
462
318
216
140
128
127
182
152
15
-212
-363
-292
-282
-290
-358
-547
-659
-746
-681
-521
-575
-725
-831
-866
-813
-726
-670
-660
-682
-762
-866
-938
-1010
-1083
-1056
-1109
-1229
-1303
-1462
-1594
-1670
-1634
-1371
-1005
-811
-1011
-1370
-1553
-1382
-864
-253
99
-16
-356
-561
-393
192
846
1193
1130
849
661
769
1106
1384
1543
1529
1280
1068
992
1029
1050
934
881
773
560
454
369
321
311
294
322
323
233
100
23
42
132
239
297
237
109
40
76
184
284
283
183
67
-10
-37
-5
61
103
44
-91
-213
-250
-155
12
94
69
19
-18
22
85
210
363
384
365
304
231
280
347
401
468
451
354
245
154
144
243
313
287
126
-101
-175
-203
-181
-87
-138
-301
-477
-601
-595
-521
-496
-507
-535
-638
-734
-727
-678
-676
-685
-709
-741
-778
-826
-818
-795
-754
-748
-781
-832
-923
-898
-796
-702
-615
-550
-501
-574
-643
-590
-484
-329
-217
-158
-202
-313
-298
-157
68
240
327
345
294
273
327
476
622
708
693
619
582
607
655
713
782
732
663
592
550
617
643
598
523
472
376
344
372
317
271
217
171
99
48
25
17
26
3
3
-47
-87
-87
-58
20
62
75
29
-44
-92
-64
8
81
108
63
18
-39
-28
60
147
221
180
78
17
9
92
185
215
216
162
94
73
68
120
179
181
167
108
57
50
41
73
93
69
78
37
-43
-75
-87
-57
-37
-61
-63
-118
-174
-165
-214
-270
-270
-259
-252
-269
-317
-385
-426
-445
-424
-347
-307
-324
-363
-411
-447
-423
-346
-296
-285
-270
-250
-267
-301
-286
-239
-180
-143
-109
-82
-117
-155
-159
-99
-27
-6
11
-12
-67
-102
-64
21
60
62
55
41
35
59
121
181
207
202
206
238
285
291
257
283
343
378
363
339
347
327
340
370
379
411
431
434
378
307
281
280
309
325
319
284
218
168
142
130
119
144
137
85
61
47
74
80
67
91
105
123
115
82
39
44
83
137
176
159
120
70
77
78
80
119
88
15
-75
-125
-118
-120
-143
-180
-228
-284
-322
-361
-383
-374
-389
-442
-473
-480
-471
-446
-444
-414
-394
-392
-387
-368
-344
-335
-286
-270
-221
-154
-163
-149
-155
-138
-101
-62
-36
-59
-56
-56
-81
-108
-95
-60
-62
-92
-92
-44
-5
26
31
24
64
103
119
148
146
140
163
182
208
222
214
232
230
212
210
181
183
184
149
124
74
25
6
25
64
64
63
30
-30
-29
-7
29
77
57
37
52
65
111
129
130
151
166
177
156
129
134
150
174
190
211
196
160
146
152
195
189
165
165
124
120
122
126
143
110
74
43
-3
-42
-46
-33
-43
-69
-119
-146
-178
-227
-234
-243
-228
-244
-282
-295
-295
-276
-284
-263
-236
-245
-235
-210
-226
-237
-203
-208
-189
-172
-175
-143
-146
-144
-124
-94
-89
-142
-142
-110
-66
-37
-38
-9
-4
-3
-6
7
28
36
101
113
110
101
65
64
62
74
88
58
-13
-23
-24
-45
-54
-90
-108
-125
-123
-115
-98
-86
-125
-142
-124
-38
45
21
-24
-14
29
72
96
83
63
55
51
77
113
132
143
129
103
128
173
178
153
162
218
230
233
271
264
256
247
229
258
286
300
281
235
215
194
228
255
201
164
99
20
-6
15
54
51
28
-33
-103
-114
-78
-37
-23
-15
-42
-66
-70
-60
0
52
63
49
49
58
29
22
53
80
103
86
74
86
62
68
75
49
41
30
32
10
-2
37
42
38
47
39
41
43
31
52
93
76
47
23
8
47
45
24
33
22
8
-15
-32
-31
-48
-89
-90
-62
-53
-73
-120
-133
-128
-115
-97
-111
-134
-168
-153
-101
-82
-56
-62
-66
-78
-63
18
28
85
96
66
103
111
162
195
229
200
114
105
120
150
150
137
121
87
35
10
23
11
11
-8
-35
-56
-82
-67
-81
-100
-97
-101
-90
-116
-139
-116
-95
-64
-30
-4
-4
-15
10
39
49
66
85
85
90
105
104
95
76
41
5
3
30
47
32
8
-9
-14
-16
-32
-50
-42
-22
3
25
27
11
-19
-51
-46
4
62
91
76
21
-44
-49
5
46
55
33
-10
-19
-2
3
8
6
-7
-6
-10
-39
-60
-61
-82
-100
-76
-34
-47
-95
-111
-96
-56
-26
12
30
10
15
25
82
123
117
128
78
59
82
103
138
107
113
115
93
115
70
52
43
22
49
31
12
-26
-73
-82
-66
-13
14
7
-24
-46
-21
-1
33
65
55
62
38
27
53
41
34
20
9
19
21
14
-17
-24
-23
-50
-65
-73
-80
-67
-61
-90
-104
-96
-75
-49
-41
-68
-97
-94
-98
-88
-52
-16
-22
-51
-64
-97
-98
-82
-31
29
-1
-35
-44
-39
-2
37
53
60
59
35
30
48
80
112
130
107
73
54
57
98
91
82
75
33
5
-28
-23
-16
0
25
10
0
-47
-83
-77
-79
-29
-26
-43
-39
-79
-45
18
49
67
59
33
8
7
38
67
48
17
6
-6
-20
-4
-4
7
36
53
25
-1
-29
-31
-25
-3
18
44
16
-36
-32
-30
-16
24
28
35
-3
-24
-22
-23
-4
6
42
8
-13
-23
-32
-11
-5
-2
16
5
4
-19
-29
-22
-10
13
29
21
-4
-46
-63
-39
-14
-24
-41
-40
-63
-35
-23
-9
25
-5
-38
-40
-15
14
61
23
13
-14
-33
-44
-41
-19
-10
2
-5
-3
-7
-11
-23
-12
2
18
20
-10
-28
-5
0
9
13
6
9
14
20
22
24
14
19
6
-22
-6
-17
4
16
-15
-24
-57
-60
-42
-22
1
7
-10
-21
-72
-90
-73
-31
-9
7
-10
-38
-60
-73
-55
-31
-2
11
-12
-23
-32
-42
-40
-28
-10
2
-11
-20
-26
-11
9
-11
2
5
-9
5
-32
-38
-13
-43
-40
-31
-53
-62
-57
-44
-47
-51
-49
-58
-57
-46
-31
-10
14
6
-4
10
13
4
16
16
-1
-11
-28
-23
9
21
-1
-42
-78
-98
-76
-66
-69
-73
-113
-128
-118
-97
-54
-49
-75
-81
-69
-80
-79
-47
-37
-21
-9
-1
-11
-19
-1
16
50
60
54
60
36
30
44
66
80
78
95
82
48
36
39
47
48
54
41
38
18
-8
14
3
15
22
9
12
-8
-12
-33
-27
-8
-6
11
32
19
-9
-10
-19
3
18
40
13
7
6
18
11
24
32
3
-9
5
13
21
18
-2
-27
-46
-34
-30
-25
-20
-46
-43
-46
-30
-26
13
-8
-28
-17
12
14
8
-12
-36
-20
-5
-2
3
-16
-48
-50
-50
-66
-51
-39
-38
-39
-57
-79
-25
-22
-4
-17
-21
-36
-35
-4
9
31
26
22
23
13
48
53
49
55
34
26
14
-8
13
18
-14
-14
-9
-21
-18
-24
-37
-54
-74
-62
-52
-51
-40
-34
-48
-44
-34
-8
31
34
48
44
19
15
17
31
27
26
25
14
-8
-1
26
7
7
30
28
19
7
-1
-3
-16
-14
-3
-14
-19
-28
-23
5
16
24
13
28
41
-1
-15
-17
-11
7
19
43
30
11
-3
-30
-13
-3
-4
0
-17
-37
-49
-60
-51
-30
-31
-45
-58
-55
-57
-56
-40
-34
-12
1
-2
-9
-33
-29
-37
-37
-3
24
35
19
21
35
24
46
72
78
80
85
100
92
83
74
77
78
66
59
25
2
12
10
18
18
-6
-39
-63
-50
-14
3
-1
-3
-6
-24
-8
10
17
41
36
18
21
18
22
34
52
47
22
15
-9
-1
13
-7
-14
-43
-49
-44
-49
-55
-51
-44
-64
-54
-55
-59
-25
-9
-29
-34
-32
-35
0
1
10
8
-1
-33
-33
-12
-20
-11
-24
-52
-45
-44
-48
-40
-65
-58
-45
-35
-21
-38
-30
-16
-16
11
8
-2
17
15
12
35
52
68
67
70
64
65
69
98
93
77
79
99
111
115
97
81
90
101
111
94
79
79
56
32
-3
6
20
7
14
-4
-25
-17
6
24
10
4
6
-9
7
28
37
50
55
55
51
60
72
65
80
101
76
61
69
82
77
70
78
61
66
49
60
50
40
58
61
74
49
24
42
43
69
64
35
11
-5
-12
5
27
-2
-14
-15
-28
-27
-43
-33
-51
-82
-73
-69
-36
-49
-78
-77
-70
-48
-69
-74
-68
-69
-71
-79
-66
-57
-62
-77
-64
-60
-50
-23
-42
-48
-41
-34
-18
-19
-21
7
30
24
28
29
21
20
43
64
56
32
15
25
16
40
50
35
39
9
-12
-6
28
14
3
-13
-14
-24
-27
-54
-21
-21
-5
14
-9
-16
-31
-5
-4
15
6
11
6
22
10
-17
23
8
12
13
0
10
40
47
36
43
10
6
-13
-6
5
12
15
11
-13
4
14
18
26
22
40
24
29
49
5
14
32
17
21
5
6
15
12
15
14
25
7
18
13
3
-13
-16
-17
-43
-59
-64
-68
-54
-53
-53
-32
-52
-53
-52
-67
-56
-42
-29
-14
-15
-19
-25
0
26
46
30
31
32
25
39
48
50
26
37
21
16
36
27
28
29
16
20
16
14
8
19
18
22
40
23
6
2
26
22
42
48
27
35
23
7
26
40
40
58
52
55
63
63
42
31
44
52
47
49
45
48
53
36
30
42
41
39
39
42
37
16
9
14
11
20
29
3
-15
-15
-34
-38
-16
-28
-13
-27
-32
-48
-60
-17
-22
-39
-25
-18
-3
-22
-31
-3
1
8
15
12
7
7
19
18
18
35
53
62
46
28
20
10
9
2
4
13
9
14
3
6
12
7
23
22
33
36
34
44
35
35
27
17
22
24
26
41
62
63
40
21
30
51
54
43
22
10
19
32
47
60
57
43
26
7
-1
20
27
34
40
21
2
-9
-6
14
35
52
59
43
18
1
-9
8
15
-14
-12
-6
-27
-31
-28
-11
-3
-23
-38
-46
-66
-72
-54
-58
-70
-77
-88
-95
-96
-106
-113
-97
-99
-112
-116
-104
-94
-93
-87
-74
-54
-69
-72
-58
-69
-61
-52
-38
-24
-46
-46
-21
-24
-28
-24
-29
-34
-25
-17
-23
-21
-14
-25
-18
1
-8
-3
-4
-16
-17
-2
-11
12
11
-2
18
-2
-2
18
-19
-21
-19
2
4
-6
-16
-40
-48
-47
-44
-43
-21
-18
-21
-42
-47
-35
-36
-8
-4
-18
-17
0
11
16
15
12
16
26
14
9
28
23
14
25
33
23
23
40
35
34
40
51
60
44
52
60
43
34
20
16
7
18
30
33
14
3
-1
6
14
15
-2
-9
3
5
8
9
4
10
27
32
7
17
24
8
27
25
25
35
12
23
8
8
24
27
24
42
49
26
9
-4
19
31
33
26
28
27
32
25
23
42
36
16
6
9
26
8
1
8
-26
-17
-31
-19
-8
-15
-7
-19
3
13
-10
-23
-28
-1
26
20
30
48
38
48
45
37
45
50
55
39
33
37
25
50
50
26
24
30
1
9
6
3
10
-15
-24
-23
-28
-27
-34
-19
-24
-26
-11
-33
-42
-48
-55
-30
-10
-41
-30
-36
-41
-34
-52
-47
-41
-39
-21
-32
-39
-35
-16
-26
-16
-21
-26
-14
6
9
-2
-24
-16
-13
-13
-12
-28
-24
-25
-18
-5
-20
-9
-21
-47
-34
-39
-60
-47
-68
-51
-40
-27
-23
-25
-50
-35
-24
-16
-27
-17
-24
-33
-26
-17
-4
-2
-8
11
17
10
11
0
36
32
12
28
38
28
33
35
26
39
40
25
34
13
4
36
30
26
32
26
36
31
18
10
33
41
35
41
57
48
66
68
42
49
69
82
64
53
64
46
52
46
54
44
46
30
13
21
18
23
16
13
16
23
39
47
48
46
43
30
48
28
21
39
33
43
31
39
45
40
21
16
30
41
30
37
20
26
-4
8
6
-10
-1
6
10
-2
-4
-12
-11
-12
-40
-41
-59
-76
-74
-49
-64
-64
-50
-66
-51
-53
-55
-49
-50
-50
-62
-74
-67
-51
-66
-51
-40
-51
-58
-60
-67
-48
-55
-43
-45
-52
-26
-52
-35
-13
-36
-30
-48
-58
-46
-51
-41
-44
-55
-32
-36
-52
-27
-28
-20
-16
-49
-27
-23
-15
-37
-40
-45
-44
-34
-22
-54
-48
-54
-71
-65
-56
-40
-53
-73
-77
-57
-44
-34
-37
-39
-53
-56
-66
-59
-60
-71
-46
-38
-22
-48
-61
-48
-52
-26
-26
-11
-9
-34
-26
-12
-9
-1
9
18
25
14
20
11
25
44
31
15
5
7
15
33
51
59
82
65
58
51
57
56
69
72
74
66
74
48
56
44
28
50
67
45
29
29
12
-10
10
23
17
5
7
-12
-5
0
24
15
28
26
14
14
10
18
10
26
22
17
34
25
26
25
11
18
1
-3
-23
-25
-17
-16
-19
-14
-36
-44
-36
-33
-33
-38
-49
-38
-39
-31
-36
-58
-59
-41
-30
-32
-10
-30
-32
-26
-28
-20
-12
-18
-21
-10
-21
-32
-6
-18
-10
-2
-17
-9
-5
-25
-38
-38
-35
-23
-36
-24
-4
4
8
5
-2
16
25
34
37
28
31
40
42
47
49
39
25
19
0
6
16
7
17
0
-12
-12
-34
-33
-29
-24
-16
-13
-9
-32
-44
-35
-34
-30
-8
-15
-23
-43
-38
-31
-29
-17
1
-3
-22
-22
-30
-11
-12
-16
-4
-41
-19
-41
-53
-36
-37
-20
-30
-27
-16
-23
-7
7
3
0
-11
-31
-14
5
-16
-14
-3
6
-8
7
1
-1
31
25
25
40
32
40
50
41
34
62
62
70
61
45
44
41
33
37
25
26
20
41
36
8
19
2
-6
18
10
24
42
12
-1
7
7
28
24
33
30
27
48
26
38
48
61
79
71
95
101
94
114
125
104
97
93
67
66
73
72
80
71
70
73
48
26
22
27
39
44
42
51
32
41
6
13
38
38
46
52
51
45
40
37
55
42
33
34
18
-1
11
8
5
1
-29
-18
-23
-23
-17
-8
-10
-21
-32
-11
-14
-26
-8
-5
-1
-8
-6
14
-10
-1
10
-4
16
16
-8
-1
17
24
-2
-2
13
-10
-24
-18
-30
-31
-18
-25
-28
-11
-9
-15
-2
-11
1
-2
0
-13
-6
-8
-17
-7
-15
-41
-26
-19
-23
0
-6
8
-1
-9
-13
-18
-14
-12
3
1
-20
-22
-25
-17
-8
-18
-26
-30
-35
-34
-33
-43
-49
-46
-54
-67
-33
-43
-49
-47
-56
-45
-49
-45
-53
-50
-16
-16
-30
-31
-42
-43
-46
-61
-45
-46
-40
-40
-15
-13
-41
-47
-37
-24
-14
-42
-61
-73
-77
-55
-46
-33
-54
-28
-14
-33
-33
-24
-4
-1
-27
-12
-4
-23
-11
-29
-15
-27
-48
-7
-18
-20
5
10
27
9
-14
-6
-5
1
9
12
7
-5
-4
-3
-10
0
12
-2
-15
-1
7
3
11
13
12
23
31
18
8
-2
6
3
-1
-33
-44
-49
-8
39
17
10
-7
-12
6
-20
-7
12
4
15
7
4
10
12
12
14
38
44
32
37
22
-14
-5
32
29
18
8
6
35
22
30
22
10
16
19
23
25
36
36
22
7
2
-9
-17
-45
-39
-42
-36
-48
-48
-39
-28
-39
-48
-49
-46
-33
-27
-31
-18
3
0
-5
0
0
2
1
9
20
22
-10
-24
-13
-1
17
10
3
-13
-10
1
6
12
19
21
33
32
43
35
32
23
24
26
48
31
40
38
15
7
28
36
26
25
-4
9
10
-15
-2
16
7
-1
8
26
9
14
18
5
27
40
34
60
44
4
22
31
31
13
12
11
19
25
31
47
42
37
48
31
39
55
43
38
44
26
25
28
16
22
22
12
16
25
16
24
24
14
28
14
13
-1
-9
12
-3
-2
4
18
23
17
16
13
-3
14
14
17
5
6
13
12
26
16
4
22
8
-13
-17
-2
-6
9
-1
10
13
7
15
22
6
-14
-2
1
-3
1
6
20
10
6
5
-2
5
-15
-15
-31
-35
-26
-36
-32
-24
-29
-33
-19
-26
-15
3
1
-21
-6
-7
-28
-22
-50
-40
-31
-5
-9
-2
7
0
0
-12
-17
-2
-12
-5
4
-10
-12
2
-1
7
17
9
23
22
48
46
61
77
71
69
67
66
62
60
39
47
61
55
58
58
41
30
48
44
48
26
23
16
10
13
12
22
34
17
19
17
-2
9
7
9
0
-8
-3
-16
-2
0
3
6
-5
-5
-5
26
14
10
8
14
34
41
32
42
46
59
40
51
55
33
35
27
31
38
24
33
31
23
24
12
3
-2
-6
7
27
29
19
17
23
34
39
34
23
18
9
3
16
25
31
32
43
38
24
37
32
33
50
55
53
64
58
40
48
42
38
33
51
59
67
48
40
18
12
28
13
4
21
42
30
22
18
16
24
22
20
18
6
15
14
22
3
-3
11
8
-4
-4
-10
0
6
-20
-15
-14
-11
-26
-12
-10
-17
-6
-7
-21
-15
-8
-6
6
-16
-33
-32
-37
-40
-57
-42
-42
-45
-37
-35
-29
-35
-31
-32
-34
-26
-26
-33
-41
-43
-41
-32
-33
-32
-41
-50
-48
-47
-29
-27
-28
-40
-47
-36
-38
-41
-50
-26
-4
-13
-42
-30
-40
-17
-2
-22
-5
-13
-24
-17
-22
-31
-29
-21
-20
-28
-37
-34
-45
-51
-71
-64
-60
-51
-60
-58
-45
-54
-48
-37
-23
-21
-27
2
-15
-15
-32
-15
-7
-10
14
19
37
54
46
39
36
29
31
32
36
44
50
13
-1
-8
-13
12
-7
6
-2
6
-2
-6
-7
-18
-23
-31
-29
-54
-47
-50
-32
-11
-25
-33
-34
-31
-33
-27
-20
-8
-14
-5
-20
-31
-23
-17
-15
-23
-28
-26
-48
-32
-33
-50
-48
-50
-55
-49
-39
-59
-39
-54
-51
-49
-37
-48
-50
-48
-48
-47
-71
-37
-38
-23
-39
-34
-34
-53
-49
-41
-33
-25
-45
-46
-31
-27
-10
3
-11
-15
-3
7
-6
-5
-4
-9
0
-12
-19
0
16
16
4
6
-6
-1
-5
-25
15
13
14
29
0
7
-7
-25
-18
-25
-11
-12
-18
-2
-5
-22
-15
-6
-22
-36
-23
-12
-16
2
2
-17
-11
-6
-6
-11
-3
14
8
2
-9
3
18
18
44
28
42
49
38
50
34
23
16
25
28
34
25
48
22
25
14
13
0
0
10
14
15
15
9
22
35
12
14
22
31
30
24
15
-3
7
0
7
7
17
16
3
8
9
11
28
14
7
7
8
16
24
26
33
47
47
40
39
37
32
44
28
15
11
30
38
36
39
26
14
14
10
24
25
24
25
35
27
31
25
31
23
17
33
39
51
24
7
-11
4
24
26
16
17
29
31
30
29
29
24
36
41
47
42
56
56
58
42
40
32
37
34
25
29
33
31
9
12
4
31
29
4
34
24
20
21
7
9
5
-8
-5
-1
-22
-6
1
1
-3
7
8
-10
3
-13
-26
-17
-20
-15
3
-16
-31
-38
-48
-49
-47
-48
-51
-33
-32
-27
-14
-26
-16
-8
0
4
4
19
16
19
24
16
8
8
5
3
22
23
4
17
14
1
11
15
7
4
16
33
24
15
25
16
15
-7
-3
0
6
1
-2
-5
5
1
0
-8
-9
-6
-7
3
-16
-12
-38
-31
-28
-38
-39
-30
-14
-10
-11
-17
3
9
-7
-11
9
3
0
9
17
8
-6
-7
-12
-36
-27
-18
-12
-8
-34
-14
-13
-2
1
-4
7
10
-8
13
-17
-25
-9
-2
-13
2
0
2
-24
-23
-19
-6
-13
-27
-30
-26
-25
-23
-13
-10
-24
-22
-20
-7
7
18
29
5
2
18
11
11
18
12
-10
-18
-5
9
7
10
13
-10
-4
4
13
26
0
-4
17
26
24
9
5
4
15
27
-5
2
27
29
58
56
16
8
-12
-35
-27
-15
3
-29
-8
-14
-9
0
-9
-16
2
23
5
39
19
16
4
-3
16
8
19
12
26
23
32
39
53
51
58
66
51
38
40
28
35
30
27
13
9
2
-6
12
8
22
4
4
-10
16
19
6
-3
-4
-23
16
-16
-5
-22
-25
-32
-30
-17
-22
-32
-26
-9
-11
-25
-14
3
7
-13
-12
6
13
1
-5
8
20
15
8
14
25
27
24
27
34
38
37
40
40
39
39
38
35
26
18
14
17
14
5
-1
1
8
0
-9
-9
8
28
23
8
11
24
54
66
45
48
-4
-10
-63
-39
-27
17
38
96
58
64
23
3
53
-22
120
152
651
585
791
313
43
-530
-906
-908
-986
-495
92
462
1069
973
1027
377
-17
-177
-465
-179
-153
213
177
452
456
500
274
143
-159
-358
-544
-506
-490
-314
-173
67
106
165
123
36
-64
-142
-149
-197
-151
-43
-27
-40
-45
-53
-87
-94
-72
-44
-67
22
38
83
104
12
48
-29
-62
-94
-118
-140
-240
93
433
767
1226
1274
1091
543
-50
-449
-864
-912
-772
-514
-156
270
734
915
1086
937
616
414
-85
-253
-592
-937
-981
-1083
-460
-56
472
775
622
644
189
54
-123
-248
-54
-129
116
85
-38
99
-129
383
419
890
620
529
223
109
598
610
1022
761
835
98
-42
-584
-551
-990
-719
-654
-388
-173
-140
-98
-263
-369
-350
-373
-170
-242
-5
-281
64
-48
122
-35
-227
-508
-590
-542
-420
-29
142
333
143
137
-108
-330
-298
-154
65
207
279
235
-125
-142
-247
-362
-550
-227
-333
-125
-196
167
-84
-418
-193
-465
-458
-108
-37
175
53
177
-165
-645
-513
-557
-467
45
579
310
233
391
-210
-270
-264
-203
7
-138
101
-113
-633
-494
-462
-325
150
265
187
-147
-588
-233
-263
-367
9
-397
-78
-178
-511
77
-571
-429
158
27
153
-152
-137
-672
-560
190
-122
501
244
-227
-474
-854
-64
43
819
561
31
-38
-882
36
-4
145
448
-293
194
-210
-441
487
-61
-271
543
142
294
150
-119
-48
-406
172
186
219
591
-169
110
-102
-226
467
345
197
-287
-95
-453
235
129
637
-530
-133
-521
-430
-16
301
260
328
-235
350
37
129
278
14
140
-119
-237
-77
-195
-331
476
580
-112
775
-302
-369
-124
-613
256
-28
-237
-144
-645
-188
-345
-421
60
-106
172
669
104
44
530
-1090
764
-895
322
-301
-650
328
-592
295
322
-756
220
-240
-242
566
-165
-224
21
-425
246
58
-674
227
-1092
-1
832
134
1273
-87
587
38
-298
494
532
-828
573
-1218
129
-230
213
158
110
-871
564
-341
254
580
-915
594
-1209
-17
-55
-296
497
-693
362
90
-100
1068
35
719
-57
388
102
587
-3
300
-360
-33
-328
197
-382
-77
64
-168
560
-189
-193
229
-676
166
155
175
168
-301
382
-160
-138
842
-369
-199
-105
-238
901
-79
371
132
-683
46
-206
691
-173
209
749
-672
71
38
40
-9
130
218
-60
405
-323
80
343
-90
445
94
142
-382
-216
505
-533
344
-52
-87
-448
-7
176
-395
438
-758
928
-257
752
538
66
482
-481
93
530
-442
1078
435
410
68
131
110
268
154
548
344
65
141
8
201
-258
375
219
142
-114
1024
-500
335
-1054
-62
-941
-642
-37
-346
-1094
-434
-1649
-788
-1523
-1184
-794
-1410
-590
-820
-731
-510
-623
-623
-984
-4
-839
-186
425
-337
87
-182
35
-707
-516
542
-1122
-351
126
-945
-150
-500
-181
-293
-375
-296
-357
-850
-333
49
-743
95
-938
56
-538
-370
-264
-49
-868
-543
-681
-259
-834
-296
-212
-855
-492
322
-162
233
407
53
300
432
196
268
-95
-387
777
-682
888
411
775
306
578
696
594
607
1248
1023
408
1412
792
-65
1727
-117
843
1389
572
1987
595
1916
716
918
1683
1329
1219
2449
887
1594
920
1910
740
2021
605
1546
1396
353
2155
-146
715
321
-29
397
432
592
812
-110
711
-840
309
-1180
-15
-870
-438
-727
-657
-1021
-1310
-1480
-652
-1200
-54
-445
-247
-295
-609
-387
-192
-420
506
-269
-81
80
-586
191
-835
99
-697
290
252
545
542
1229
878
953
1343
784
355
783
-178
707
88
332
582
-620
724
-36
467
239
759
-510
6
-510
-171
-706
213
-488
-43
-519
17
88
-398
506
196
169
644
26
953
-165
363
331
206
27
574
88
381
-105
252
299
328
-74
326
102
-303
239
-267
89
-416
221
-159
122
-120
271
157
-437
846
-537
323
286
-221
349
98
467
-135
12
576
-221
194
183
426
-534
892
48
6
-173
298
-239
194
-187
467
-397
-18
426
52
-389
264
-431
-669
310
-424
45
-423
-399
86
-876
-284
-643
-159
-276
-680
-171
-380
-730
-620
-797
412
-1464
612
-824
-133
-318
-210
234
-203
-38
198
-100
133
355
107
315
207
87
590
-258
1007
22
681
751
-622
1065
-162
-102
346
-366
-297
-376
-603
-224
-849
-766
-888
-1634
-1437
-1441
-1653
-1235
-951
-1954
-1057
-1112
-908
-1108
39
-492
-1086
964
-48
54
494
884
-333
549
902
-275
878
-134
630
352
-591
1472
-207
758
704
136
744
-53
485
947
-345
1145
359
685
604
1158
932
774
1236
1145
661
1338
62
1296
428
133
976
382
252
1339
311
765
257
752
738
-18
264
-399
-656
-793
-540
-429
-1283
-68
-1459
-718
-1177
-1528
-772
-1612
-855
-440
-1518
-184
-1728
-368
-1417
-424
-389
-907
-42
-841
-446
-487
-580
-106
-452
-744
169
-184
-258
77
-540
302
-509
786
1247
511
601
1586
-136
467
474
473
899
-234
1127
370
-255
615
-300
3
-156
-453
-329
-505
-1246
194
-962
-317
-423
-194
-408
-121
80
-247
-27
-827
150
-138
170
82
-92
-280
-844
39
-527
-54
-293
-985
1278
-1165
484
-102
-92
-729
122
236
216
-594
1120
-638
73
532
141
-799
659
-1581
788
-826
76
-352
-526
-780
295
-1067
399
-349
-228
706
-948
59
365
-534
444
58
531
-81
-89
497
96
-30
123
559
-506
1465
-351
902
326
-559
851
-269
440
223
-80
708
469
645
1170
549
450
955
752
1027
503
1637
-113
704
444
170
246
671
414
372
-163
628
-144
-276
363
-285
472
-344
352
-98
337
-762
369
-614
-875
332
-352
-603
434
-277
-431
113
-149
39
-107
534
-931
-1
-1000
-769
-942
-430
-463
-1012
88
-858
-410
100
-708
325
-1283
443
-509
-220
-132
-325
-824
177
-651
396
-151
-910
862
-1048
-207
74
-109
-107
-962
568
-935
25
-69
-1033
490
-742
671
602
295
787
88
1003
-287
1390
211
382
271
620
-173
612
-641
545
-471
-182
-494
-84
-563
-1222
344
-1693
-532
-846
-794
-790
-1033
107
-1722
-617
-211
-1768
371
-926
-876
-465
-885
-142
-1417
-37
-961
-1774
430
-901
-338
-252
-105
-1149
217
-893
555
-492
149
921
-220
1552
297
1378
1200
468
1755
717
1520
1070
1707
1402
1497
1435
1305
1531
1224
1507
1197
1734
611
1445
493
659
438
982
844
6
907
716
-565
999
564
-79
323
433
-124
272
-591
189
-1151
12
-209
-388
-185
-323
-551
-537
-321
-307
-428
-381
-837
298
-544
688
-1001
790
-79
-496
1062
-29
-560
648
-742
173
-123
-17
990
-850
1185
-151
268
657
-19
95
799
-937
722
-554
56
-535
-228
-61
-459
-296
130
41
-1032
1261
-647
114
719
-545
790
-28
606
1249
172
1590
463
1232
555
945
60
384
362
404
684
16
1188
-503
690
419
-785
431
-532
-155
-440
279
-225
-451
-367
-37
-580
-947
881
-1507
-464
38
-1090
106
-635
151
-80
-1207
913
-617
-667
340
-117
-835
393
-420
-74
-192
181
-473
-15
112
89
-154
264
9
-330
151
-330
-395
-272
-196
-748
-371
111
-1195
112
-173
-624
-125
-610
-4
-1037
123
20
-1181
621
-927
402
-588
-28
-49
24
-36
463
206
-53
510
-459
374
405
-480
382
-395
-445
-543
-30
-395
-405
-605
-262
-357
-1143
1371
-1235
416
-370
56
-370
-42
-275
270
-1188
932
-573
142
18
-40
-302
612
-668
745
41
178
278
82
406
33
408
324
121
300
748
224
58
819
-504
515
23
38
94
249
163
-171
19
83
-543
-187
-54
-525
-191
166
-434
132
-20
-93
-154
-184
-233
-658
8
-644
-334
339
-949
-7
-534
-153
-536
55
-331
-424
-96
-494
-20
-181
292
415
-126
534
10
-310
145
-288
-696
-448
-423
-432
-214
186
-280
-525
-155
-142
908
618
968
1342
500
1114
968
1399
1397
1496
1223
1572
647
823
1017
462
429
64
823
-86
-279
537
-443
-1091
-14
-36
-512
302
-152
-27
-825
-169
158
-431
152
-384
289
-545
-6
-168
-776
-432
-871
-152
-745
-194
-733
-272
-354
-977
-194
-576
-705
-52
-409
-633
176
-1049
-770
127
-1109
-457
-205
-310
-458
-263
-143
-37
-1122
1338
-435
269
155
-368
287
-541
526
441
-66
872
327
1051
406
29
1009
311
79
956
839
-153
333
213
-211
173
-35
427
-834
-261
-67
-734
-67
-890
-134
-455
-118
415
61
568
151
541
606
659
634
956
648
727
1210
758
1367
616
923
980
525
1228
837
980
781
463
298
650
700
742
1014
616
1349
881
1057
1647
1153
1898
1781
2259
2247
1110
1926
1236
156
1300
595
-234
-126
-320
-208
-672
489
-72
-509
545
247
863
220
945
59
-13
754
-605
898
-483
-80
139
-929
-181
-1451
-1050
-1832
-1630
-1247
-1552
-1033
-1766
-730
-1200
-1460
-544
-1771
-1254
-921
-1640
-666
-1017
-1292
-547
-1204
-983
-439
-1161
-560
-695
-832
-87
-977
-220
-706
-707
-70
-983
82
-474
-517
365
-792
410
269
68
478
261
328
-511
522
-225
301
-368
251
-377
-114
-55
389
-747
832
-492
-144
328
334
-967
1213
-761
472
495
252
720
188
1176
1060
223
1956
472
998
1138
652
1321
1195
975
1837
1363
951
1778
1039
696
1214
994
967
191
892
272
-517
855
-775
434
-164
167
-729
-86
-1106
-521
-902
-961
-409
-1463
-516
-1190
-776
-821
-934
-1102
-703
-1181
-395
-1183
-691
-1327
-986
-665
-1340
-389
-787
-1139
-317
-1090
-854
-319
-613
-299
-133
-553
-312
-861
-565
-360
-762
-143
-1159
-867
-13
-666
232
-215
-304
-174
-934
411
-355
-355
919
-632
162
33
-451
604
-469
438
-21
-333
427
-737
125
-247
-510
-199
-39
-29
-598
416
-146
-258
-90
62
108
-748
770
-107
-403
415
-518
-103
-289
-431
357
-1080
-283
534
-1706
995
-539
174
-343
-841
251
-1122
-657
54
-991
-692
403
-851
684
-506
729
-268
-235
1300
-222
508
107
5
39
61
103
777
-104
990
-328
733
157
-7
717
54
210
386
-77
86
487
-171
856
-127
574
-302
111
3
-24
332
298
-28
79
199
-446
-498
94
-821
139
-187
-654
575
-674
107
-61
-571
73
-54
138
532
477
-366
956
-214
852
388
466
725
12
42
861
-754
350
149
-374
167
72
224
-479
167
60
-330
426
109
651
128
690
197
344
930
-282
581
-38
361
445
-271
1067
-40
324
886
-94
203
352
-383
307
80
-304
-89
-484
-66
-545
-48
-755
132
-695
-26
-703
-592
-588
-530
-951
-742
-899
-1083
-853
-731
-887
-952
-1325
-65
-1035
-509
555
-1248
493
-470
175
271
139
554
850
81
952
655
501
825
711
843
1203
534
1490
224
928
723
67
1085
-154
781
-405
702
253
-335
539
-43
-912
706
-763
91
-362
-67
-142
-958
161
-606
73
-533
276
-182
-179
28
531
57
62
193
6
-564
-108
-181
-81
-450
67
225
-145
568
455
446
303
-208
678
292
50
886
268
125
641
133
446
-396
418
401
-146
640
-76
405
-654
201
240
71
306
741
-285
292
-166
280
-73
-24
20
-561
342
-118
-362
668
-1225
261
-580
307
-224
20
213
-445
-207
-344
-698
-540
-539
-566
51
-181
-1239
337
-1149
246
-598
154
-560
-116
-453
249
-763
394
-234
-380
89
-438
-95
389
-636
650
-402
-106
883
-759
706
499
-729
1072
-251
164
340
19
273
331
243
48
622
-28
817
-11
457
-190
455
115
272
411
385
199
395
144
296
10
411
403
-22
743
-151
473
872
24
747
-284
857
78
151
524
678
-484
739
303
-86
-100
561
175
-32
610
396
191
211
111
364
-176
396
232
-471
321
-106
-232
566
-258
305
159
-548
574
-681
219
-135
-138
506
-1000
746
-647
-71
-124
-138
-1060
15
-386
-679
148
-740
-217
-760
253
-151
-120
419
-8
118
404
-62
363
-43
422
137
-91
201
-56
-76
23
304
-88
51
335
-305
359
-159
-179
34
-688
41
-334
-717
524
-520
-183
-225
-810
-120
-839
384
-143
-182
-428
-394
-1414
177
-908
-486
271
-520
-151
-92
-338
101
-937
446
456
-402
544
289
-295
-166
496
-183
298
-489
874
-744
-162
771
-309
394
206
1072
74
756
143
385
560
-301
1206
-166
144
300
499
-87
365
513
301
-11
314
226
173
164
382
-91
506
-414
440
134
-531
1100
-899
238
-237
-47
-307
-230
228
-319
159
408
-564
74
-365
-671
-479
55
-705
581
-884
21
-580
-168
-490
-264
124
-1220
-253
297
-633
-481
649
-1440
141
-297
-671
322
-637
-189
-127
-732
268
-286
-245
20
95
-184
-249
273
-356
-204
-446
67
-519
18
-797
185
-910
-264
-433
-240
69
-502
403
-275
-524
542
-481
124
130
140
240
-78
284
-206
48
-175
551
99
970
-233
607
-55
383
255
391
245
363
14
133
408
-395
404
-238
225
-119
-22
-242
-156
-810
244
-491
53
533
-816
640
-998
92
-202
-1023
589
-695
-138
-258
-490
-331
-832
-61
-470
-556
-651
149
-863
-1
-656
-247
-429
-834
77
25
-544
397
282
-95
456
45
475
96
561
1251
-26
1289
-72
721
-68
656
633
533
628
788
810
414
598
433
902
-381
1110
590
288
716
885
427
472
514
935
540
1020
417
733
371
-486
1108
-314
232
536
240
610
-91
859
344
-450
1182
-113
768
124
659
186
10
900
111
487
598
524
722
868
538
742
1123
389
1276
822
940
611
478
666
264
679
375
267
72
551
-745
884
-341
536
254
44
548
-622
604
-353
-86
-268
-360
-456
-997
-270
-703
-1219
-746
-750
-485
-1165
418
-865
280
-408
-229
282
-55
-215
500
-213
28
692
-731
722
-127
130
23
40
70
14
-431
36
78
-619
222
-514
-533
-734
-626
-283
-1303
-32
-813
-1018
-1116
-666
-714
-1456
-561
-1591
-883
-1422
-1041
-913
-1826
-528
-1722
-999
-1209
-1392
-474
-1147
-468
-540
-396
-609
-962
-221
-575
-1067
117
147
-746
324
476
-397
-58
561
-37
136
724
-61
449
50
220
-289
198
757
-537
748
-60
-803
-403
141
-967
169
-262
-73
-948
294
-574
-55
-5
153
0
-976
1028
-999
225
-266
-660
77
-411
210
390
-256
404
128
123
13
1116
448
440
1006
989
457
726
1374
192
1153
1539
415
1444
1277
652
1377
1220
1353
1628
1063
1752
872
1152
1490
1103
1950
532
1462
1441
830
1409
1198
1453
535
1726
999
461
1337
641
307
-180
1107
131
-254
730
-180
-136
-242
333
-194
-704
368
-363
-473
369
-89
-662
-703
-468
-563
-439
-108
-313
-678
-781
-603
-1627
-874
-1039
-1544
-1046
-1264
-1277
-1607
-1039
-1318
-1024
-1416
-336
-1884
-670
-1031
-1369
-894
-1385
-506
-574
-1200
-164
-1157
-706
-660
-551
-66
-738
-61
-420
-368
137
-669
113
-170
-654
156
384
-422
169
125
24
-180
286
312
-259
-121
609
-209
291
197
435
-89
-215
445
-143
306
-120
114
104
13
41
300
208
93
464
147
207
311
381
-233
640
146
324
512
-25
-51
509
-287
616
-23
768
35
-153
816
-387
802
-260
563
210
12
452
50
409
-431
365
457
-780
563
-95
-115
-314
449
-17
-197
-212
305
86
-617
553
8
-504
174
114
-86
69
-141
346
-603
413
283
-235
-98
505
-297
195
228
206
-15
-54
255
-361
109
231
-399
59
68
-327
-44
-194
-96
-127
64
-384
45
-511
74
-199
-573
540
-729
-76
143
-298
-228
-200
136
-715
97
-305
-353
-371
-432
183
-444
-62
-308
-136
-329
-462
-57
-173
-443
-514
-133
-714
-29
-379
-257
61
-255
261
-582
481
-408
132
-101
-284
440
-724
784
-948
225
-273
-14
-426
-325
4
-792
-96
-238
-423
17
-155
-242
268
-273
1180
-657
678
747
-428
927
59
343
60
76
48
-457
306
-320
-272
1
235
-712
-171
-200
-1014
59
-475
-478
-400
-440
-676
-624
-276
-636
-226
-530
-526
134
-565
191
75
-184
449
61
771
-166
1216
432
705
614
1045
431
689
924
386
963
60
1551
302
685
937
403
922
400
755
919
-368
745
215
234
295
465
576
169
497
335
738
74
822
82
609
242
538
558
614
-173
698
-171
270
434
-246
442
-410
88
35
-291
393
-688
448
-12
-184
44
-125
-205
-189
-213
-231
-136
-645
567
-703
30
-141
38
-467
-45
-173
-35
99
498
-188
233
470
-33
11
249
284
-56
513
771
6
699
87
730
360
595
869
226
376
185
1072
-127
1066
289
761
546
246
839
828
461
1177
422
1174
941
687
1048
704
619
960
826
537
827
1260
615
848
1376
744
607
849
774
427
412
815
678
169
501
637
-101
-30
453
-66
-38
53
-75
-68
-807
380
-562
195
-655
-4
-618
-722
-608
-593
-560
-1072
-583
-902
-883
-565
-830
-996
-943
-1109
-565
-1345
-558
-1274
-817
-1190
-1254
-1004
-1607
-844
-1443
-1077
-914
-846
-1088
-997
-867
-942
-842
-1128
-530
-1370
-715
-597
-629
-829
-83
-1338
-740
-508
-751
-493
-578
-477
-579
-804
-449
-175
-169
-619
190
-428
-315
23
-458
274
-709
-7
475
-729
544
-132
-145
-446
336
-152
95
142
148
310
83
282
33
299
105
585
703
575
976
337
1108
755
826
1082
662
975
330
881
966
601
1522
1165
776
1209
1234
871
1084
1302
767
985
1105
901
1169
1072
968
624
1293
415
844
1141
108
943
473
1034
733
576
932
768
-492
1088
-236
610
152
161
442
-73
18
17
124
-93
-109
375
-456
-124
-235
-792
-382
-530
-216
-826
-97
-1292
106
-1079
-477
-462
-1428
-208
-1668
-798
-1090
-820
-1568
-898
-1241
-1169
-1057
-1132
-1490
-1546
-1114
-1670
-1217
-1801
-1054
-2202
-1101
-1263
-1469
-1372
-1246
-1776
-1352
-1267
-1364
-1335
-946
-1370
-1022
-1301
-1231
-1258
-1468
-1225
-1220
-1195
-1713
-702
-1515
-1087
-1112
-497
-1546
-415
-1004
-1220
-828
-866
-973
-1234
-824
-1149
-1057
-806
-1356
-694
-992
-1090
-627
-703
-853
-544
-514
-894
-777
-358
-587
-783
-277
-274
-636
-532
-376
-300
-362
-337
217
-403
-126
48
-252
63
-309
-116
-817
30
-535
377
-31
-29
517
-591
274
30
-82
-88
-89
452
-272
226
525
-491
669
-47
416
181
445
102
489
-162
751
-46
225
656
119
632
513
759
438
261
1127
-28
812
678
557
314
899
646
833
751
470
573
798
128
991
577
540
667
429
617
416
810
284
678
704
407
427
986
9
1040
401
468
620
725
167
667
377
410
828
221
269
982
176
542
908
314
470
-93
832
-116
112
798
260
133
618
628
111
314
656
116
536
413
1011
0
717
431
72
744
44
480
381
96
169
496
113
462
407
-143
839
27
427
343
17
468
-315
434
137
-113
382
238
221
632
255
253
570
-312
647
-226
112
507
-222
472
-323
364
214
-118
624
151
-211
820
-251
707
83
200
238
-165
362
277
161
158
-50
152
131
-327
472
-37
-95
-154
251
40
-232
623
-385
214
264
-275
208
-73
83
-276
-25
13
-110
-174
525
-116
248
357
7
7
-74
4
32
-67
9
174
-509
177
-258
304
-44
3
-328
239
-410
203
164
-77
-106
8
-60
196
9
60
140
153
74
109
438
-493
414
301
-109
606
582
-297
805
-12
368
167
338
488
-65
459
-177
195
86
284
13
701
-5
669
20
95
360
117
163
97
656
-259
329
413
-102
275
528
150
158
723
94
94
325
491
248
94
369
80
113
127
93
115
627
108
639
262
338
308
153
281
885
-37
591
237
477
244
270
496
134
205
827
174
202
892
274
110
271
356
405
112
671
-7
93
706
-78
264
292
-79
-41
-20
292
-302
44
154
-451
383
190
83
1
4
126
49
-91
46
438
-102
203
-21
653
-271
-225
419
-126
138
374
-16
296
65
235
100
164
105
-5
-176
-189
143
85
-152
-79
41
35
16
61
1
159
234
213
-60
277
74
-370
147
-116
92
-132
183
-243
-269
-379
45
-421
-87
-20
-122
-286
-234
-97
-589
-313
238
-571
204
-2
99
-454
-265
-83
-140
-332
124
-112
-423
-62
-216
-24
-651
115
-48
-431
-232
38
-419
-587
111
-184
-406
-157
-212
-358
-442
-13
-48
-431
-297
-246
-38
-490
218
-180
-373
247
-181
-57
-129
348
-302
156
-294
108
-86
-230
83
-195
10
-17
38
-128
-127
95
-200
-46
26
46
-466
-99
95
-165
-137
-201
232
-168
-111
166
-6
-310
-137
188
-662
214
-268
-255
-278
20
-119
-152
331
-458
276
-151
-352
230
147
-449
155
280
-267
-274
269
-40
-333
316
161
135
-78
159
12
-135
-21
81
37
-67
-19
17
-153
-198
122
-28
-62
164
-83
-127
23
-99
-242
199
244
-259
254
306
-345
-34
-1
322
-350
20
115
-69
-25
-118
78
-11
-28
34
172
-257
241
148
-136
-249
413
-334
-478
37
15
-441
-71
25
-132
-95
-70
86
315
-15
26
55
-175
332
-344
-34
-141
-187
-53
-385
118
168
-454
407
-187
320
-119
86
-210
-234
391
-239
-387
182
199
-237
-356
457
-172
-180
-184
119
246
-6
100
-520
185
-290
-78
-267
-89
-90
26
-227
-147
225
-502
-525
68
-174
159
-311
-281
-235
-211
-229
-431
147
-17
-168
109
-257
7
-111
-332
-224
-196
175
-504
17
-69
82
-344
-223
331
-227
-130
-333
189
203
-50
82
-416
-131
-301
-214
-157
11
59
-254
-370
-88
292
-240
-213
-135
215
-43
-206
-228
54
-169
-386
149
-118
128
135
-164
51
394
239
-198
386
86
-22
-85
-89
-57
-160
-9
-629
435
181
-48
55
106
348
-18
-113
82
87
-173
34
-124
-149
598
-155
-173
126
167
33
-340
212
209
-58
-208
182
85
-143
-453
-313
210
-376
227
-401
-159
96
-55
-330
-314
383
230
-472
88
175
-24
-318
163
201
-85
350
-256
222
-80
147
126
91
385
237
-31
48
505
-117
78
-141
209
158
218
354
-78
493
-164
-91
354
271
326
33
181
391
225
221
355
224
179
42
213
266
432
33
249
153
614
452
-295
673
-92
32
319
-25
557
-396
200
151
54
492
90
428
105
192
199
-4
206
364
-38
205
115
280
28
-216
317
209
236
75
147
69
-125
-68
-204
94
256
252
-123
280
95
-207
182
190
-64
-228
451
-435
174
88
-80
-64
202
230
-198
103
66
97
106
-154
226
-167
-68
-246
124
37
337
233
-56
397
-240
179
-154
-18
44
-225
-166
-332
14
-216
217
-369
176
-183
-96
173
-106
125
-81
-132
172
-92
-105
-12
-178
-162
367
100
-198
-1
-120
361
-154
291
232
-121
109
-352
490
-360
291
-346
24
-75
-278
122
-61
39
-143
103
-221
-154
-22
236
-279
233
-32
260
-98
-96
349
-374
219
-30
84
82
-102
-321
-14
381
-346
45
-143
-26
-500
225
242
-268
142
-184
41
-267
68
-24
-499
14
37
-177
193
3
-220
40
-208
-50
-250
-259
97
-219
-28
-20
101
-84
-122
-104
9
-131
160
-44
-110
-110
-162
-85
-166
-121
4
-326
-32
-219
-303
-45
-100
-228
-286
-28
-138
-237
-349
-175
-350
6
-92
31
-9
4
55
475
-277
147
171
-246
17
-61
292
-319
-188
-76
-135
-70
-440
29
-226
-314
164
-427
99
-44
-219
-52
-360
248
-140
156
-94
230
253
-22
-9
-42
409
24
-78
244
210
181
-183
-153
-241
-225
62
-109
-230
284
127
-248
-103
137
105
-301
204
19
188
-131
-132
-44
107
318
-262
185
4
324
-107
-59
119
134
-15
-364
-10
255
-10
-190
-30
-255
-11
-134
42
45
45
135
-145
238
3
-116
-36
-281
107
-61
-89
43
-9
93
-384
21
-86
97
-139
-233
-32
29
-96
-117
89
-291
153
-53
213
-116
277
68
-268
395
-232
209
-135
18
156
-436
477
-301
-87
251
-301
414
-126
113
-159
116
-30
-317
261
32
-156
-101
90
-420
138
105
-336
67
-33
-92
-200
-107
303
-385
-142
-57
-42
139
-306
12
-173
-139
113
-230
-236
266
13
-391
117
-121
51
-69
-225
18
-197
205
-16
-192
168
-96
-171
-247
132
81
-185
57
-94
264
-319
-63
-199
-216
62
-265
-240
-137
-38
-18
-447
39
-7
-233
-268
-34
-35
-28
127
-132
312
174
-181
-17
-132
71
164
119
61
255
231
-60
54
42
196
85
-243
330
433
-6
82
138
-63
-49
201
126
-34
418
247
-45
-36
59
195
-215
-32
95
38
-365
12
-130
78
81
-144
-77
-234
-190
123
-203
-45
-77
-24
-125
-204
64
35
-127
36
107
-223
75
-252
100
-76
-147
-108
-347
-321
-258
-69
96
-377
4
9
-205
129
-278
19
96
-64
306
-235
-6
186
24
-211
43
38
263
-91
21
130
-279
-9
-226
-303
150
-216
62
-227
126
131
-30
-235
-98
148
220
-221
15
-68
123
-243
-238
324
-89
290
-287
-61
129
32
-167
-435
151
10
3
-396
-116
12
-148
0
-217
127
67
109
-234
-49
206
-55
-41
-88
-64
-123
-80
60
-373
270
-243
-237
19
-126
-26
-252
174
37
-13
-253
77
-366
291
107
-20
135
39
136
-53
193
62
54
-8
301
-160
299
122
-122
339
-266
343
125
209
205
60
171
-213
434
52
211
22
169
-64
-47
140
-206
141
6
424
133
-207
133
-133
249
227
-96
159
356
-43
-136
86
-24
27
-89
42
256
-176
640
-129
-86
270
-70
36
-484
10
-3
88
-151
-71
-74
61
-280
-58
64
252
111
-251
168
283
34
22
-12
-64
5
-11
-178
152
74
333
-164
117
442
157
-72
-80
-4
22
218
-213
110
215
23
17
-142
25
38
95
-196
98
281
159
28
61
265
180
19
192
211
103
-73
313
-91
88
251
248
-173
122
278
94
-51
23
26
-25
55
61
-52
179
89
-18
16
3
17
-152
8
157
6
140
260
209
-118
-20
475
-74
136
364
-22
0
-189
92
-299
79
50
-16
-137
90
33
-264
67
15
44
-75
164
-45
-55
148
-17
78
68
127
416
-74
54
160
5
-65
-58
123
-6
123
57
95
112
-97
-212
-422
-383
-201
-74
106
148
-190
119
-204
-164
-360
81
246
-8
79
409
328
-17
105
114
-240
72
116
182
-40
10
145
-154
215
-7
139
29
-118
352
-66
183
0
-302
-64
-291
57
9
139
257
-480
-161
-151
-129
-279
103
4
122
11
189
232
-32
190
-340
29
11
181
48
194
13
240
-151
-112
-71
-67
62
-68
2
54
257
65
104
-147
-162
-268
-119
-101
-265
190
69
13
116
188
166
-205
233
-133
457
105
334
-168
5
1
-19
39
-236
138
-83
-66
-36
212
235
8
28
-188
14
-27
-142
-60
64
-10
187
-232
20
53
-32
55
-20
244
230
-4
-173
-216
278
-2
-133
108
-24
160
111
70
-181
-179
-117
-446
-63
-30
101
76
-85
-96
7
262
-152
38
25
13
160
193
306
67
210
-72
-113
-214
-112
198
-4
-3
-114
236
228
-9
-2
10
62
-311
-27
-55
-48
289
-108
-141
-122
245
-234
-177
84
100
87
5
-203
153
119
10
-220
-91
193
-164
-144
-141
3
-105
12
47
41
-18
48
199
13
211
-36
0
147
75
153
-106
271
105
-30
-51
-42
23
-92
55
-54
93
169
203
-312
-93
114
-133
-51
-142
37
19
-201
285
1
230
-7
-133
-23
102
88
207
24
-152
260
-100
-2
187
-77
149
-273
106
-146
-43
133
-259
26
-16
-69
9
23
307
10
268
44
58
119
-150
-38
191
150
-215
-72
-54
12
-172
-250
81
-104
143
-63
-193
142
90
-68
-219
-3
427
-9
-30
196
-94
-66
118
-133
24
110
-119
-64
-52
75
-56
-230
-10
-197
-1
118
-131
122
68
-67
-89
62
25
-181
-5
-80
-13
35
95
28
-113
161
35
24
60
130
17
141
180
-131
-61
-145
-238
-310
-379
-153
22
-365
3
-296
178
-113
-169
-186
199
16
-22
-38
-73
-84
-55
-242
-142
16
194
-7
53
192
64
187
28
-45
141
-33
-211
-148
296
-185
53
-229
-70
-22
-141
125
49
-135
62
-116
-224
-226
19
67
-38
303
44
48
162
-146
248
98
227
112
158
50
236
130
171
-19
221
290
34
139
51
-35
111
81
114
169
73
-7
-108
-126
13
-5
245
-26
272
119
226
31
169
22
-119
40
-19
18
-19
-252
-18
-290
-72
89
101
105
-22
71
-284
201
-22
148
-28
-42
130
-43
92
-141
-27
-151
-140
-84
-25
51
-40
-104
-64
151
-115
283
63
18
-56
-177
149
-38
229
-43
66
0
13
-202
-62
-141
-21
27
19
391
57
161
4
-20
-8
-32
-209
150
-41
14
-181
88
-23
-28
41
-289
308
6
53
-49
-59
80
36
-231
51
90
50
-28
47
-28
91
98
-48
144
-130
79
-162
31
-48
-76
-257
-259
-145
-190
102
-322
49
-220
-38
-2
19
8
-146
-103
-86
17
-140
152
-50
-69
21
330
90
162
202
197
131
111
4
-44
-57
-217
-171
113
93
-125
57
-47
-179
110
-4
60
-144
167
-53
-244
-88
244
-226
-137
-279
-1
307
58
211
49
84
73
-100
-102
13
60
-166
-54
-107
252
217
34
-352
7
0
20
41
146
-62
108
-32
-160
176
94
-70
-95
-53
160
137
-36
-242
-39
52
-127
-189
-84
-1
27
15
-37
163
299
10
-239
-57
-57
-203
20
-79
-117
22
-163
-80
99
178
100
-127
-23
4
33
104
-91
-189
-211
-90
-2
-75
-78
-165
-298
-156
-93
-58
-44
-68
104
-1
-37
196
-142
-245
-15
-135
135
73
136
-66
17
42
-168
17
-17
69
-68
-316
90
20
214
-221
-95
122
157
137
-200
-29
77
-9
-264
-94
168
36
23
-151
-355
166
55
-63
-43
-54
58
-138
-44
-32
63
-170
-394
-462
-5
200
44
50
-27
160
336
-150
-82
61
195
31
-159
69
48
-21
-268
-213
80
254
123
112
-190
65
195
-152
-281
-230
-11
-242
-72
-67
-15
181
-225
-175
-119
11
70
61
60
61
-34
8
-31
-83
115
-108
-16
-93
144
241
-94
-60
-90
-117
41
-129
-10
19
226
-106
-134
-186
-75
37
-72
214
-49
302
117
-20
-116
-152
90
-56
-139
-101
-175
-5
-194
9
-151
302
-97
-124
-49
-139
-115
-46
53
-76
133
-206
-74
-4
-17
-143
-248
153
-67
111
44
89
-6
103
-98
-115
83
-39
-113
-69
-90
-8
-143
17
-17
-60
91
16
-7
-27
-54
-27
-58
254
-6
-162
239
-2
162
-6
108
4
100
-77
35
-141
-24
35
-329
32
-147
123
-52
138
122
22
108
-105
25
184
0
6
174
120
110
182
220
268
199
278
34
27
141
61
214
-38
-86
88
-132
-40
-49
-32
253
148
106
73
21
227
40
-121
94
24
33
14
-256
-51
27
-44
132
72
33
-32
-5
19
-192
-7
49
-103
10
17
59
87
121
145
129
126
26
155
137
-41
-11
42
-57
-43
53
-110
-14
-45
-55
154
48
65
-3
-54
-59
-252
-213
-51
-57
-13
-26
-64
-97
-129
-16
-109
-149
111
52
55
268
198
223
109
173
7
275
54
-33
119
-20
-12
-67
-44
-10
-243
-249
-305
-319
-207
-206
-146
-134
-175
-83
-143
-166
-14
10
1
91
71
-93
62
0
-86
66
16
24
-68
0
-138
-15
-136
-35
-137
-181
-42
-142
-16
-59
-13
-198
-155
-127
-187
-26
-63
1
175
-3
-46
-141
16
81
55
104
30
57
0
-11
-22
24
77
-51
-14
112
42
8
-29
-78
-45
-51
-40
-78
-120
71
19
-61
215
-43
-68
-102
43
-22
165
249
127
124
111
18
-128
-193
-110
-65
128
44
7
13
-34
41
-205
-105
-109
-44
-34
-105
146
71
163
-70
-3
-62
57
205
142
148
2
-30
-19
-55
96
58
169
73
-2
-95
16
-116
18
-20
31
120
142
-26
-12
64
34
-44
-17
9
250
94
49
113
63
266
137
-97
-6
0
-87
80
-27
184
124
110
-115
-175
4
-34
-103
-58
-36
114
145
6
-31
21
-69
-75
-161
-207
-9
9
8
70
121
158
52
-5
-32
5
55
10
-24
-71
2
42
25
54
-30
171
-18
-2
81
-34
70
28
-37
114
218
108
77
-50
-59
-40
30
18
85
116
-36
-16
23
-10
-91
-133
-92
-44
-80
-99
33
-30
48
5
-42
90
30
44
-43
52
97
17
-7
-67
69
63
53
-11
-69
-125
-182
-105
-133
-15
38
33
71
60
87
72
100
-15
-70
-26
-111
-1
39
1
103
108
156
83
60
66
81
67
0
62
-51
-36
-79
-17
33
46
-8
-67
-33
86
-25
-55
0
-27
-35
-10
0
84
68
71
15
-52
1
-13
64
106
69
57
-44
-9
35
64
148
96
107
115
-44
-16
-5
-32
25
6
38
11
-17
90
48
123
205
-14
78
59
43
21
43
-44
-74
-26
-106
-74
-40
40
-10
21
33
10
38
-37
32
-84
-58
-92
-138
-63
-26
111
88
173
113
99
64
-33
-42
-81
37
1
94
60
9
-69
-155
-132
-110
-19
83
44
54
38
0
0
19
-25
-11
43
-54
-59
2
67
76
3
-10
-68
-55
-101
-121
-30
30
82
33
31
24
-18
-39
-160
-162
-110
-127
-83
-90
-94
-26
-32
-48
-20
1
35
57
24
2
11
34
32
-24
18
28
-30
32
-5
9
24
-39
10
-76
-28
-52
-35
36
-5
53
7
10
-47
18
3
28
-8
7
47
47
-9
24
8
30
37
38
2
3
22
-16
-96
-156
-137
-71
20
105
93
124
147
102
-6
-32
48
13
5
-12
23
163
136
66
47
30
48
-21
15
-30
-47
53
-48
-11
1
30
-39
-14
-39
85
136
119
94
45
101
84
168
132
158
139
95
34
35
46
52
82
33
1
9
8
13
14
46
86
48
-70
-70
-60
-33
25
20
67
54
5
-2
-68
-55
35
62
34
2
5
29
16
-74
-76
-17
-5
-16
-87
-62
-30
-51
-108
-154
-81
-24
4
-20
19
3
-19
-5
12
110
