8
4
1
2
23
25
20
17
3
1
-4
-13
-5
1
-9
-16
-11
-11
-7
-2
-6
-19
-24
3
21
17
14
4
5
18
13
20
38
21
11
16
3
-1
9
10
7
11
23
36
39
14
2
20
23
28
33
30
23
18
24
18
8
19
19
27
37
38
36
28
31
31
10
10
26
14
10
35
38
27
24
21
15
21
21
11
4
2
8
19
22
16
14
-1
-4
-2
0
25
23
21
29
9
7
9
-3
-1
2
4
4
4
25
22
-2
-1
-1
-7
-23
-21
-8
0
15
10
0
-12
-14
-5
1
10
0
6
21
16
8
1
-15
-18
-5
-10
-14
-8
-5
-17
-9
7
8
7
-1
6
-3
-3
18
11
3
-1
3
-3
-18
-1
2
9
0
-3
-7
0
4
-1
4
8
-1
-9
3
3
9
23
16
15
18
31
35
26
27
17
10
12
0
0
-1
-1
-10
-15
-16
-3
-19
-27
-25
-23
-23
-22
-13
-33
-17
-27
-24
-18
-20
-17
-11
-8
-12
-7
-7
-11
-21
-25
-26
-22
-8
-11
-5
-8
-12
-23
-30
-29
-45
-43
-39
-30
-42
-43
-33
-38
-33
-47
-42
-35
-45
-41
-42
-31
-9
-4
-23
-23
-21
-20
-6
-13
-24
-14
2
0
-2
-1
-7
-3
13
13
13
17
2
-7
-19
-22
-3
-6
-4
-1
-9
-10
-11
-2
-9
-36
-42
-30
-38
-32
-36
-51
-38
-53
-56
-38
-44
-47
-43
-38
-37
-40
-25
-15
-22
-15
-12
-18
-17
-18
-18
-16
0
10
1
-1
0
7
2
-2
12
18
29
30
26
43
55
54
49
39
41
39
47
58
50
61
50
55
45
42
44
54
74
50
50
54
60
53
57
71
57
53
64
52
51
67
70
66
46
52
40
35
36
22
23
16
19
13
4
9
17
35
37
37
39
54
41
22
8
15
9
-1
6
18
22
23
14
9
-8
-4
31
31
19
13
-2
-8
-5
-5
-18
-32
-21
-27
-18
-1
-9
-8
-9
6
-5
-4
-2
-11
-15
-16
-19
-18
-17
-18
-33
-23
-18
-33
-31
-40
-45
-47
-40
-41
-21
-44
-43
-48
-50
-24
-19
-19
-10
-23
-37
-27
-29
-27
-32
-44
-51
-32
-35
-44
-36
-34
-45
-55
-50
-34
-33
-36
-45
-37
-34
-29
-13
-12
-13
-34
-31
-20
-2
-2
-5
-11
-10
-24
-13
-12
-16
-8
-8
-7
-12
-5
-8
2
12
22
12
7
17
-2
-9
-14
7
5
5
7
-7
-12
-4
-2
6
6
-6
-1
1
17
7
15
0
-2
2
-13
-5
-8
-12
-30
-12
-7
-8
7
6
-19
-21
0
16
3
-3
-8
-14
-8
-1
16
3
-8
-5
-6
-38
-30
-28
-33
-6
2
-3
-8
-8
-13
-16
1
0
-2
15
12
-2
5
16
19
6
-2
10
3
-13
-9
-8
7
30
24
11
13
13
12
15
13
3
12
28
17
1
6
12
11
13
4
-2
-3
-16
-24
-26
-38
-31
-10
-14
-17
-11
-18
-31
-37
-35
-26
-17
-16
-5
-13
-17
-8
-2
10
13
20
25
19
16
3
-2
0
3
9
2
-10
5
15
16
17
7
17
21
5
0
0
-6
1
1
-5
9
12
11
16
11
14
9
6
5
-8
-2
0
2
-5
-22
-11
0
6
15
33
39
26
39
34
15
13
4
-10
-8
4
18
20
20
31
27
21
21
27
32
17
7
3
0
-4
5
23
15
9
11
4
11
23
25
23
23
19
19
17
18
14
6
16
29
16
9
30
39
43
47
42
41
30
25
25
25
18
18
29
24
22
18
17
31
29
27
29
25
26
21
4
-6
-13
-17
-7
0
-2
0
-7
2
9
6
19
15
8
13
17
26
28
24
20
22
23
26
23
16
2
-4
-6
-14
-19
-13
-7
-9
-6
3
7
9
15
16
5
-5
9
28
28
12
0
5
11
13
16
12
18
32
24
20
37
42
34
35
26
18
26
31
22
15
31
41
32
28
40
43
31
33
15
8
11
3
16
9
11
8
16
43
39
45
28
13
24
22
24
17
3
2
18
31
49
63
63
86
127
170
194
166
91
9
-60
-83
-72
-20
82
157
267
394
500
769
1276
2022
3154
4368
5219
5626
5260
4321
3082
1633
322
-817
-1528
-1894
-1965
-1572
-1070
-599
-131
283
476
409
17
-760
-1669
-2512
-3079
-3298
-3245
-2917
-2387
-1778
-1196
-780
-609
-673
-1031
-1649
-2376
-3118
-3563
-3538
-3189
-2586
-1852
-1155
-609
-237
-228
-538
-918
-1441
-1844
-2032
-2012
-1636
-1090
-301
466
921
1228
1079
672
295
-230
-572
-689
-695
-486
-90
504
1111
1617
1823
1611
1283
796
226
-168
-484
-479
-286
-66
262
431
563
463
245
22
-412
-739
-1078
-1342
-1447
-1394
-1210
-1123
-951
-823
-816
-881
-1007
-1157
-1394
-1658
-1950
-2214
-2349
-2310
-2145
-1899
-1691
-1689
-1772
-1904
-2190
-2480
-2614
-2678
-2632
-2451
-2224
-1902
-1520
-1155
-762
-376
-37
285
579
843
1055
1252
1507
1800
2119
2480
2891
3361
3750
3979
4149
4241
4203
4067
3835
3600
3440
3294
3180
3150
3172
3229
3261
3171
2986
2724
2348
1956
1594
1211
883
689
585
583
718
963
1179
1204
1078
927
705
435
278
260
337
538
825
1150
1508
1853
2099
2240
2292
2199
1993
1695
1229
734
338
11
-100
-61
-51
74
228
177
-33
-397
-931
-1564
-2265
-2868
-3230
-3338
-3147
-2782
-2435
-2219
-2157
-2251
-2570
-3110
-3787
-4440
-5067
-5486
-5605
-5542
-5121
-4544
-3900
-3209
-2793
-2457
-2172
-1916
-1575
-1370
-1075
-614
-46
660
1289
1960
2697
3354
3864
4170
4389
4570
4639
4556
4444
4413
4462
4494
4453
4450
4497
4496
4356
4047
3671
3326
2815
2198
1628
1086
721
450
253
237
383
514
631
665
481
312
-59
-439
-693
-955
-849
-651
-377
180
761
1359
1909
2159
2221
2217
2035
1836
1685
1612
1560
1589
1677
1750
2008
2102
2020
1863
1445
1013
505
-125
-789
-1410
-1901
-2360
-2570
-2699
-2741
-2618
-2759
-3030
-3445
-3949
-4494
-5063
-5505
-5950
-5989
-5761
-5354
-4705
-4344
-4083
-3876
-3951
-4116
-4388
-4786
-5219
-5822
-6229
-5990
-5114
-3857
-2690
-1511
-248
964
2010
2622
2971
3109
2967
2631
2284
2244
2590
3152
3763
4440
5238
6067
6670
6894
6834
6566
6042
5181
4107
3076
2269
1668
1264
1108
1178
1335
1379
1316
1222
1133
877
375
-355
-1185
-1797
-2246
-2324
-2092
-1600
-919
-272
538
1262
2139
2914
3335
3674
3561
3448
3380
3191
3134
3023
2907
2845
2711
2561
2514
2425
2220
1822
1214
533
-244
-1092
-1967
-2788
-3459
-4022
-4489
-4831
-5026
-5065
-5033
-5063
-5193
-5488
-5874
-6278
-6638
-6899
-7158
-7294
-7268
-7165
-6951
-6700
-6556
-6380
-6270
-6117
-5463
-4742
-3886
-3036
-2356
-1330
-406
550
1488
2256
3036
3467
3665
3824
4144
4535
4891
5206
5484
5914
6273
6516
6764
7010
7168
7036
6556
5874
5190
4517
3814
3077
2354
1645
963
414
66
-100
-196
-368
-713
-1191
-1665
-2071
-2421
-2692
-2870
-2964
-2940
-2677
-2093
-1210
-144
929
1895
2783
3627
4400
5018
5367
5408
5223
4874
4374
3790
3256
2812
2375
1895
1410
1004
684
367
-58
-576
-1194
-1976
-2908
-3912
-4869
-5726
-6522
-7278
-7873
-8239
-8312
-8190
-8033
-7700
-7435
-7268
-7222
-7319
-7324
-7533
-7729
-7951
-8127
-7705
-7101
-6068
-4660
-3421
-1954
-593
652
1881
2737
3461
3896
4007
4022
4010
4206
4635
5067
5457
6013
6608
7207
7827
8239
8511
8574
8209
7546
6678
5739
4909
3979
2998
2151
1365
798
430
163
104
7
-312
-718
-1228
-1791
-2337
-2923
-3465
-3892
-4196
-4234
-3925
-3249
-2236
-1058
167
1402
2554
3684
4729
5392
5707
5803
5637
5357
5042
4673
4379
4080
3673
3260
2869
2438
1985
1456
812
77
-777
-1738
-2832
-4018
-5163
-6162
-7084
-7900
-8562
-9032
-9214
-9413
-9433
-9287
-9179
-8878
-8738
-8562
-8406
-8522
-8495
-8581
-8436
-7808
-7005
-5772
-4533
-3199
-1611
-143
1305
2513
3530
4389
4835
5011
5074
5173
5325
5471
5673
6053
6583
7141
7672
8153
8605
8906
8914
8570
7943
7154
6228
5176
4051
2950
1963
1111
389
-126
-390
-524
-704
-962
-1238
-1551
-1951
-2393
-2871
-3358
-3808
-4154
-4263
-4075
-3582
-2749
-1681
-413
996
2360
3713
4948
5831
6463
6884
6917
6657
6242
5675
5087
4437
3765
3174
2685
2253
1899
1569
1093
595
-177
-1004
-2031
-3367
-4594
-6069
-7393
-8556
-9502
-10093
-10550
-10644
-10544
-10203
-9813
-9382
-9052
-8817
-8680
-8632
-8490
-8467
-8021
-7463
-6531
-5334
-4223
-2712
-1327
266
1754
3016
4232
5057
5717
6048
6269
6436
6589
6742
6827
6994
7179
7492
7832
8127
8409
8615
8578
8243
7739
7131
6408
5489
4435
3326
2176
1092
167
-539
-1030
-1433
-1789
-2035
-2216
-2343
-2413
-2537
-2710
-2867
-3026
-3167
-3176
-2962
-2480
-1777
-919
69
1210
2463
3714
4846
5784
6484
6906
7049
6961
6712
6329
5788
5086
4294
3510
2776
2073
1403
791
220
-373
-1045
-1824
-2680
-3644
-4709
-5845
-6953
-7972
-8934
-9798
-10479
-10932
-11150
-11106
-10924
-10553
-10045
-9583
-9154
-8789
-8400
-8043
-7457
-6795
-6047
-4980
-4087
-2941
-1715
-518
928
2164
3344
4390
5217
5904
6442
6845
7185
7469
7491
7507
7587
7638
7782
7948
8090
8181
8101
7845
7519
7079
6547
5849
4972
4018
3012
2021
1067
238
-462
-1085
-1668
-2131
-2467
-2623
-2674
-2771
-2757
-2813
-2744
-2606
-2474
-2063
-1734
-1207
-699
-181
632
1398
2279
3070
3796
4462
4932
5329
5607
5710
5593
5320
4840
4266
3632
2951
2206
1436
692
-67
-808
-1533
-2098
-2882
-3564
-4295
-5228
-5872
-6649
-7273
-7988
-8664
-9262
-9871
-10165
-10472
-10438
-10390
-10136
-9897
-9689
-9203
-8809
-7922
-7039
-5953
-4758
-3788
-2567
-1330
-52
1092
2156
3079
3860
4512
4974
5525
6084
6598
6987
7254
7449
7745
8014
8228
8437
8464
8452
8166
7741
7266
6686
6061
5183
4213
3236
2324
1462
752
152
-374
-869
-1421
-1786
-2138
-2342
-2531
-2714
-2750
-2845
-2749
-2644
-2360
-1923
-1432
-808
-277
361
1078
1841
2595
3233
3779
4278
4691
5001
5306
5423
5309
5035
4610
3965
3282
2570
1679
840
-105
-991
-1751
-2492
-3047
-3594
-4105
-4619
-5217
-5754
-6271
-6846
-7560
-8341
-9142
-9869
-10434
-10871
-11059
-11120
-10996
-10658
-10165
-9262
-8188
-6930
-5499
-4174
-2807
-1430
-96
1167
2258
3067
3707
4255
4611
4952
5370
5829
6290
6695
7083
7528
8013
8464
8836
9081
9161
9018
8642
8093
7417
6616
5664
4590
3480
2434
1486
669
8
-498
-911
-1299
-1591
-1795
-1915
-1999
-2153
-2386
-2597
-2740
-2872
-2875
-2740
-2433
-1950
-1432
-710
135
1043
2093
3061
3915
4717
5345
5811
6083
6046
5802
5361
4722
3987
3163
2296
1475
667
-84
-716
-1325
-1870
-2329
-2816
-3255
-3773
-4413
-5099
-5886
-6693
-7556
-8436
-9264
-10068
-10725
-11261
-11552
-11635
-11481
-11045
-10508
-9526
-8368
-7116
-5626
-4301
-2937
-1561
-370
738
1731
2564
3230
3799
4243
4683
5177
5673
6278
6817
7322
7920
8409
8882
9303
9501
9564
9390
8959
8422
7715
6850
5947
4901
3803
2774
1756
869
167
-477
-969
-1327
-1697
-1913
-2119
-2348
-2490
-2731
-2968
-3170
-3373
-3463
-3405
-3214
-2855
-2281
-1595
-672
380
1454
2596
3592
4506
5300
5825
6197
6317
6154
5810
5233
4501
3657
2704
1757
847
11
-703
-1288
-1812
-2291
-2667
-3080
-3528
-4087
-4781
-5528
-6410
-7321
-8203
-9081
-9878
-10629
-11319
-11764
-12071
-12121
-11835
-11342
-10359
-9198
-7836
-6210
-4630
-2962
-1428
25
1250
2290
3082
3627
4169
4411
4768
5117
5381
5827
6194
6635
7193
7746
8333
8923
9298
9606
9706
9499
9219
8581
7715
6705
5476
4200
2982
1802
763
-86
-867
-1396
-1823
-2107
-2178
-2249
-2239
-2282
-2360
-2409
-2472
-2548
-2532
-2404
-2284
-2012
-1654
-1187
-482
313
1204
2174
3119
4023
4807
5380
5809
5997
5904
5571
5002
4282
3419
2385
1314
294
-685
-1527
-2245
-2862
-3277
-3646
-3982
-4264
-4640
-5013
-5500
-6169
-6919
-7877
-8870
-9882
-10807
-11612
-12168
-12411
-12415
-11791
-10928
-9617
-7958
-6310
-4393
-2597
-841
785
2197
3284
4055
4602
4803
5068
5133
5185
5338
5413
5678
6002
6455
7069
7785
8455
9019
9418
9568
9582
9337
8802
8004
6871
5548
4124
2630
1293
75
-993
-1809
-2523
-2899
-3004
-2955
-2705
-2423
-2130
-1850
-1591
-1435
-1247
-1124
-1110
-1051
-1093
-986
-718
-342
230
878
1560
2302
3081
3799
4542
5052
5292
5353
5075
4631
3971
3053
2012
866
-389
-1570
-2695
-3730
-4466
-5029
-5403
-5618
-5712
-5650
-5654
-5808
-6133
-6685
-7477
-8377
-9340
-10312
-11037
-11625
-11883
-11646
-11076
-9968
-8603
-6996
-5113
-3240
-1300
528
2198
3557
4642
5333
5709
5992
5933
5914
5787
5564
5561
5580
5823
6300
6850
7419
8016
8489
8868
9181
9211
9033
8510
7606
6503
5181
3734
2338
944
-393
-1508
-2448
-3109
-3439
-3533
-3342
-2986
-2589
-2083
-1593
-1134
-644
-310
-89
70
82
144
254
370
624
929
1294
1773
2259
2846
3462
3893
4224
4395
4338
4179
3794
3133
2347
1339
147
-1009
-2198
-3322
-4237
-5064
-5718
-6155
-6467
-6576
-6667
-6846
-7023
-7363
-7802
-8302
-8944
-9562
-10158
-10682
-10819
-10669
-10230
-9334
-8230
-6794
-5132
-3415
-1569
230
1957
3390
4507
5360
5981
6446
6621
6687
6596
6416
6290
6122
6122
6340
6659
7066
7424
7698
8048
8286
8317
8162
7696
7019
6105
4932
3706
2484
1198
-56
-1249
-2276
-3015
-3513
-3684
-3680
-3447
-3084
-2705
-2164
-1593
-901
-362
92
428
598
877
1008
1187
1367
1542
1786
1973
2266
2603
3022
3385
3656
3829
3828
3761
3526
3058
2396
1579
584
-511
-1677
-2820
-3868
-4853
-5752
-6484
-6991
-7352
-7551
-7700
-7830
-7992
-8317
-8659
-9135
-9595
-10008
-10411
-10466
-10301
-9813
-8943
-7908
-6581
-5084
-3451
-1769
-77
1551
2930
4165
5031
5839
6502
6795
7027
6978
6933
6883
6740
6724
6798
6952
7080
7271
7451
7649
7819
7778
7601
7190
6566
5799
4830
3750
2665
1480
261
-902
-1970
-2757
-3336
-3707
-3777
-3711
-3473
-3020
-2508
-1854
-1131
-507
78
561
923
1280
1536
1708
1882
2001
2111
2271
2428
2634
2867
2999
3066
3060
2969
2818
2511
2019
1431
722
-93
-967
-1928
-2852
-3765
-4664
-5475
-6224
-6850
-7389
-7834
-8253
-8580
-8894
-9178
-9405
-9748
-9937
-10114
-10063
-9749
-9313
-8489
-7552
-6389
-5050
-3646
-2116
-600
909
2214
3428
4453
5262
6051
6545
6911
7138
7237
7350
7286
7310
7369
7449
7531
7552
7636
7637
7696
7555
7276
6907
6283
5595
4692
3711
2703
1616
533
-526
-1473
-2267
-2902
-3397
-3668
-3762
-3690
-3399
-2999
-2448
-1795
-1222
-640
-31
483
1022
1489
1824
2179
2424
2606
2819
2960
3122
3298
3361
3405
3386
3256
3086
2741
2257
1686
991
219
-613
-1509
-2435
-3292
-4195
-4955
-5635
-6270
-6705
-7198
-7585
-8001
-8431
-8822
-9271
-9646
-10084
-10370
-10569
-10536
-10190
-9633
-8707
-7668
-6407
-4939
-3401
-1739
-85
1480
2902
4095
5042
5898
6603
7045
7324
7403
7411
7420
7356
7339
7421
7562
7666
7784
7838
7913
8032
7889
7649
7169
6485
5758
4781
3777
2700
1503
328
-826
-1868
-2663
-3260
-3717
-3907
-3941
-3791
-3391
-2915
-2291
-1570
-931
-304
256
739
1247
1628
1909
2157
2279
2423
2582
2670
2828
2939
2989
3016
2905
2716
2492
2150
1659
1084
369
-372
-1162
-2074
-2877
-3761
-4627
-5375
-6108
-6695
-7315
-7833
-8232
-8694
-9025
-9353
-9616
-9893
-10162
-10269
-10285
-9923
-9412
-8655
-7690
-6622
-5270
-3895
-2362
-819
787
2301
3591
4725
5600
6472
7096
7574
7796
7849
7860
7720
7693
7600
7645
7707
7730
7754
7726
7783
7686
7544
7218
6623
5920
5054
4087
3025
1916
820
-282
-1376
-2284
-3007
-3563
-3829
-3894
-3820
-3519
-3009
-2378
-1670
-950
-253
339
800
1284
1694
1931
2122
2235
2293
2413
2469
2492
2586
2640
2704
2708
2586
2439
2226
1902
1426
819
75
-675
-1523
-2447
-3325
-4290
-5086
-5885
-6663
-7166
-7666
-8077
-8413
-8754
-9016
-9247
-9508
-9710
-9874
-10009
-9827
-9457
-8916
-8081
-7168
-6049
-4688
-3315
-1791
-177
1347
2809
3986
4983
5953
6666
7214
7604
7719
7779
7782
7671
7623
7634
7684
7735
7649
7558
7555
7499
7362
7078
6581
6009
5295
4398
3493
2522
1496
470
-660
-1646
-2418
-3127
-3556
-3782
-3910
-3719
-3350
-2858
-2147
-1428
-678
79
677
1246
1776
2148
2419
2567
2624
2671
2656
2613
2582
2526
2472
2358
2128
1921
1678
1338
988
502
-82
-638
-1340
-2136
-2931
-3824
-4669
-5454
-6278
-6924
-7505
-8070
-8509
-8910
-9266
-9538
-9745
-9973
-10080
-10116
-9914
-9440
-8841
-7946
-6984
-5778
-4476
-3101
-1552
-42
1524
2804
3959
4939
5798
6557
7074
7508
7663
7760
7685
7631
7646
7712
7881
7843
7836
7750
7744
7734
7555
7308
6806
6208
5406
4466
3503
2493
1455
337
-745
-1714
-2506
-3110
-3499
-3692
-3713
-3537
-3185
-2661
-2007
-1273
-540
104
649
1141
1592
1967
2236
2378
2450
2483
2501
2518
2544
2561
2542
2451
2263
2073
1819
1499
1056
500
-103
-855
-1609
-2404
-3201
-3957
-4760
-5540
-6297
-6903
-7430
-7884
-8314
-8736
-9016
-9304
-9539
-9715
-9906
-9973
-9818
-9489
-8897
-8093
-7210
-6068
-4766
-3405
-1885
-308
1206
2635
3818
4787
5748
6465
7027
7424
7543
7690
7708
7593
7587
7607
7621
7695
7653
7586
7669
7647
7593
7390
6911
6366
5635
4743
3830
2852
1807
742
-399
-1456
-2290
-2998
-3466
-3739
-3822
-3619
-3276
-2745
-2013
-1281
-505
231
795
1327
1769
2098
2359
2446
2454
2450
2374
2303
2307
2297
2307
2251
2068
1973
1812
1519
1150
622
41
-590
-1301
-2090
-2913
-3702
-4522
-5312
-6088
-6792
-7358
-7896
-8340
-8711
-9011
-9214
-9420
-9585
-9736
-9771
-9551
-9206
-8695
-7975
-7100
-6076
-4851
-3530
-2147
-605
844
2294
3568
4552
5537
6315
6993
7468
7729
7846
7838
7827
7690
7698
7700
7715
7698
7505
7444
7329
7173
6943
6500
5955
5326
4548
3672
2798
1801
772
-236
-1253
-2103
-2762
-3263
-3527
-3619
-3580
-3304
-2868
-2296
-1574
-841
-125
550
1097
1600
2075
2391
2599
2723
2737
2737
2707
2618
2547
2462
2317
2094
1785
1489
1189
762
294
-216
-809
-1408
-2062
-2803
-3519
-4220
-4977
-5706
-6422
-7080
-7651
-8179
-8622
-9015
-9284
-9506
-9668
-9861
-9936
-9699
-9356
-8669
-7903
-6963
-5726
-4448
-3019
-1608
-154
1257
2589
3663
4490
5361
6007
6562
6933
7067
7219
7292
7301
7296
7289
7389
7551
7550
7508
7530
7498
7397
7104
6623
6103
5453
4605
3691
2726
1733
734
-353
-1343
-2097
-2755
-3256
-3543
-3677
-3548
-3189
-2719
-2092
-1361
-603
157
811
1349
1829
2194
2416
2535
2561
2527
2476
2382
2265
2214
2157
2041
1891
1673
1448
1206
830
386
-130
-747
-1376
-2108
-2896
-3614
-4384
-5154
-5892
-6643
-7268
-7819
-8370
-8780
-9090
-9306
-9374
-9468
-9543
-9548
-9402
-9025
-8496
-7788
-6950
-5975
-4890
-3646
-2390
-1084
336
1595
2837
3827
4784
5700
6384
7030
7357
7567
7649
7703
7722
7722
7791
7758
7775
7576
7437
7356
7162
6996
6571
6051
5485
4779
3946
3089
2206
1271
356
-607
-1440
-2085
-2612
-2986
-3245
-3344
-3208
-2900
-2476
-1894
-1193
-479
156
733
1307
1820
2204
2439
2547
2587
2607
2608
2564
2503
2459
2389
2253
2102
1963
1765
1448
1012
465
-188
-918
-1675
-2468
-3283
-4077
-4837
-5567
-6249
-6846
-7359
-7833
-8241
-8590
-8875
-9032
-9126
-9209
-9313
-9424
-9358
-9091
-8627
-7901
-7099
-6151
-4951
-3715
-2334
-815
607
2050
3313
4248
5181
6033
6686
7252
7543
7618
7685
7621
7516
7499
7460
7451
7416
7235
7120
7079
6968
6830
6523
6036
5492
4766
3946
3130
2197
1241
234
-810
-1681
-2432
-3008
-3315
-3538
-3585
-3351
-2983
-2417
-1681
-929
-135
600
1200
1766
2218
2528
2764
2797
2731
2709
2573
2394
2268
2104
1982
1847
1622
1474
1306
1013
662
190
-377
-969
-1652
-2387
-3143
-3951
-4767
-5585
-6397
-7105
-7714
-8238
-8676
-9033
-9243
-9333
-9355
-9298
-9278
-9227
-8923
-8545
-7960
-7122
-6346
-5392
-4262
-3123
-1839
-469
797
2101
3247
4092
5099
5888
6544
7203
7438
7650
7831
7797
7804
7842
7719
7723
7611
7268
7159
6896
6646
6448
5928
5386
4779
3985
3203
2429
1523
691
-171
-1106
-1807
-2449
-2949
-3209
-3408
-3439
-3213
-2804
-2246
-1567
-821
-78
613
1270
1865
2362
2740
2941
3001
2994
2953
2887
2787
2659
2507
2334
2141
1929
1689
1407
1042
579
38
-561
-1215
-1935
-2719
-3535
-4344
-5121
-5836
-6459
-6995
-7447
-7853
-8224
-8524
-8754
-8894
-8963
-9047
-9139
-9177
-9062
-8674
-8078
-7324
-6479
-5565
-4434
-3184
-1877
-408
996
2343
3611
4525
5403
6268
6844
7389
7682
7658
7756
7716
7564
7576
7508
7467
7442
7195
7034
7001
6882
6692
6292
5685
5040
4300
3483
2623
1683
769
-189
-1217
-2022
-2680
-3271
-3550
-3684
-3725
-3403
-2918
-2355
-1547
-716
62
835
1476
2048
2587
2961
3167
3214
3157
3124
3009
2851
2779
2621
2444
2322
2046
1837
1700
1312
881
451
-188
-847
-1555
-2405
-3241
-4058
-4878
-5620
-6307
-6938
-7502
-8042
-8515
-8896
-9144
-9290
-9391
-9421
-9442
-9486
-9373
-9010
-8480
-7653
-6751
-5880
-4763
-3521
-2208
-805
694
2010
3273
4339
5067
6017
6716
7267
7686
7690
7750
7690
7627
7613
7523
7488
7428
7187
6942
6835
6611
6443
6132
5464
4889
4227
3372
2630
1743
752
-111
-1124
-2052
-2707
-3300
-3665
-3845
-3918
-3719
-3300
-2693
-1919
-1102
-246
565
1259
1897
2436
2853
3135
3250
3239
3148
3025
2875
2686
2524
2392
2219
2006
1800
1599
1300
881
374
-196
-808
-1469
-2227
-3069
-3906
-4724
-5514
-6280
-6910
-7443
-7945
-8328
-8710
-8952
-9079
-9166
-9229
-9252
-9302
-9333
-8957
-8559
-7874
-6921
-6096
-4979
-3711
-2367
-937
595
1956
3271
4410
5128
6066
6796
7364
7861
7905
7942
7942
7792
7697
7615
7479
7434
7190
6896
6820
6612
6472
6229
5624
5068
4421
3583
2795
1921
984
64
-972
-1928
-2698
-3324
-3751
-4030
-4144
-4026
-3672
-3087
-2336
-1470
-550
321
1097
1831
2542
3099
3489
3700
3761
3730
3615
3522
3363
3158
2996
2753
2503
2273
2030
1763
1335
831
243
-440
-1111
-1836
-2604
-3390
-4188
-4964
-5699
-6377
-6945
-7478
-8039
-8502
-8906
-9174
-9314
-9434
-9488
-9475
-9523
-9489
-9126
-8654
-7842
-6841
-5961
-4838
-3575
-2243
-761
703
2028
3348
4408
5174
6095
6787
7353
7824
7821
7811
7810
7641
7610
7558
7374
7308
7092
6778
6705
6558
6368
6113
5495
4903
4284
3446
2692
1810
793
-117
-1155
-2131
-2844
-3487
-3898
-4107
-4263
-4120
-3737
-3189
-2379
-1520
-617
334
1129
1887
2629
3183
3602
3837
3892
3866
3786
3693
3528
3340
3133
2883
2623
2334
2035
1681
1220
676
87
-531
-1178
-1869
-2621
-3352
-4105
-4854
-5505
-6170
-6769
-7291
-7908
-8435
-8859
-9260
-9478
-9651
-9793
-9798
-9873
-9815
-9393
-8809
-7922
-6874
-5888
-4703
-3347
-1971
-493
980
2273
3542
4489
5225
6110
6696
7216
7573
7542
7598
7570
7415
7420
7399
7288
7302
7113
6859
6810
6641
6468
6153
5540
4922
4256
3401
2581
1674
664
-219
-1307
-2242
-2932
-3599
-3936
-4189
-4348
-4178
-3778
-3203
-2409
-1532
-649
287
1097
1833
2549
3097
3545
3825
3896
3911
3846
3747
3673
3467
3231
3020
2707
2441
2203
1848
1414
882
232
-394
-1051
-1801
-2551
-3339
-4136
-4877
-5617
-6359
-6950
-7525
-8129
-8569
-8987
-9251
-9422
-9582
-9694
-9745
-9802
-9805
-9358
-8787
-7877
-6818
-5870
-4598
-3270
-1828
-321
1223
2559
3827
4878
5563
6461
7022
7551
7899
7817
7877
7764
7617
7534
7423
7298
7203
6978
6742
6709
6558
6421
6117
5537
4982
4259
3424
2650
1740
770
-201
-1280
-2211
-2959
-3578
-3956
-4262
-4452
-4312
-3905
-3282
-2479
-1639
-716
230
1028
1816
2580
3147
3591
3828
3858
3874
3784
3616
3458
3200
2933
2698
2394
2123
1851
1522
1172
739
222
-309
-869
-1501
-2242
-3040
-3860
-4699
-5494
-6234
-6907
-7523
-8131
-8639
-9052
-9360
-9537
-9694
-9815
-9888
-9940
-9737
-9222
-8544
-7572
-6570
-5516
-4199
-2828
-1366
133
1577
2851
4017
4865
5624
6494
6978
7487
7659
7605
7696
7557
7524
7490
7411
7342
7230
6962
6865
6808
6555
6393
5841
5307
4731
3919
3199
2293
1388
413
-637
-1644
-2502
-3159
-3658
-3967
-4221
-4242
-4035
-3622
-2933
-2153
-1271
-335
490
1292
2073
2732
3294
3678
3805
3853
3825
3670
3525
3298
3031
2764
2420
2148
1913
1637
1345
932
474
-11
-590
-1182
-1830
-2570
-3324
-4089
-4835
-5565
-6236
-6807
-7434
-8025
-8514
-9018
-9347
-9570
-9792
-9911
-10033
-9990
-9608
-8991
-8161
-7168
-6097
-4893
-3545
-2126
-618
870
2219
3480
4387
5175
5996
6532
7025
7328
7349
7389
7360
7259
7275
7274
7207
7233
7040
6878
6886
6754
6629
6315
5818
5293
4587
3772
2974
2050
1078
94
-1044
-1977
-2719
-3393
-3846
-4227
-4441
-4368
-4086
-3567
-2821
-2008
-1134
-229
571
1397
2168
2797
3332
3623
3764
3848
3766
3647
3479
3194
2942
2656
2324
2079
1825
1548
1252
819
338
-174
-713
-1302
-1953
-2653
-3428
-4182
-4970
-5740
-6451
-7128
-7789
-8389
-8862
-9343
-9623
-9868
-10055
-10073
-10130
-9828
-9273
-8540
-7527
-6501
-5355
-3952
-2574
-1191
328
1651
2892
3962
4692
5541
6195
6680
7200
7265
7300
7405
7267
7239
7261
7192
7225
7183
6938
6931
6888
6686
6514
5998
5459
4825
3978
3227
2379
1427
468
-590
-1634
-2424
-3126
-3651
-3945
-4249
-4276
-4021
-3644
-3008
-2250
-1475
-607
248
1027
1822
2527
3066
3463
3684
3751
3787
3755
3601
3447
3229
2951
2685
2372
2107
1868
1488
1090
621
4
-509
-1126
-1854
-2498
-3267
-4028
-4733
-5495
-6199
-6793
-7461
-8049
-8530
-9063
-9354
-9679
-9982
-10158
-10361
-10221
-9822
-9182
-8257
-7267
-6166
-4780
-3315
-1827
-180
1267
2674
3890
4708
5664
6424
6950
7482
7603
7579
7553
7367
7238
7158
7030
6985
6882
6635
6604
6574
6538
6498
6146
5769
5264
4563
3787
2942
2054
1020
-61
-1176
-2131
-2911
-3624
-4076
-4499
-4689
-4518
-4232
-3602
-2812
-1964
-1032
-122
765
1592
2389
3023
3507
3769
3898
3919
3825
3664
3328
3040
2679
2313
1926
1544
1261
855
476
64
-373
-768
-1190
-1716
-2234
-2779
-3489
-4094
-4823
-5538
-6227
-7039
-7783
-8529
-9160
-9660
-10030
-10345
-10536
-10591
-10362
-9802
-9071
-7999
-6935
-5711
-4292
-2872
-1352
101
1535
2796
3880
4702
5464
6142
6554
6974
7051
7037
7097
6963
6956
6988
6988
7114
7072
6948
7019
6992
6919
6804
6371
5861
5265
4439
3583
2670
1641
632
-436
-1516
-2400
-3149
-3730
-4100
-4376
-4433
-4208
-3821
-3188
-2394
-1567
-659
216
1042
1883
2605
3181
3592
3792
3844
3791
3708
3543
3267
3044
2787
2421
2136
1868
1539
1202
804
393
-21
-532
-1085
-1694
-2388
-3133
-3900
-4642
-5372
-6100
-6778
-7428
-8032
-8596
-9106
-9487
-9804
-10054
-10211
-10294
-10079
-9597
-8926
-7973
-6970
-5797
-4384
-3022
-1503
84
1458
2863
3986
4793
5732
6403
6932
7380
7414
7442
7448
7278
7176
7155
7013
7034
6926
6639
6756
6610
6485
6384
5904
5529
4950
4227
3531
2696
1738
821
-267
-1358
-2152
-3010
-3594
-3965
-4292
-4360
-4250
-3892
-3304
-2560
-1732
-785
91
937
1849
2581
3177
3636
3886
3993
3980
3891
3742
3480
3169
2856
2487
2121
1777
1391
999
572
98
-348
-831
-1363
-1844
-2400
-3041
-3645
-4294
-5000
-5657
-6358
-7098
-7819
-8520
-9130
-9643
-10058
-10337
-10573
-10697
-10463
-9996
-9200
-8132
-7110
-5873
-4434
-2970
-1444
111
1524
2895
4023
4770
5643
6254
6767
7201
7205
7219
7153
7037
6952
6970
6919
6955
6999
6810
6909
6880
6793
6694
6225
5740
5156
4366
3527
2632
1590
576
-533
-1682
-2557
-3344
-3933
-4319
-4623
-4634
-4414
-4037
-3417
-2672
-1837
-878
24
879
1757
2529
3188
3682
3916
4017
4053
3948
3790
3593
3311
3047
2745
2377
2072
1799
1444
1031
590
121
-386
-937
-1556
-2238
-2958
-3721
-4502
-5230
-5911
-6584
-7247
-7868
-8455
-8996
-9432
-9769
-10069
-10309
-10411
-10372
-10096
-9514
-8636
-7649
-6579
-5274
-3873
-2353
-777
736
2175
3503
4555
5359
6266
6890
7321
7680
7639
7572
7511
7367
7224
7111
6991
6946
6817
6630
6623
6516
6477
6267
5752
5305
4686
3911
3116
2198
1152
157
-916
-2015
-2833
-3549
-4155
-4541
-4772
-4762
-4473
-3980
-3293
-2427
-1462
-473
501
1441
2328
3107
3723
4124
4328
4403
4349
4210
3981
3655
3265
2885
2484
2055
1688
1282
892
423
-43
-460
-1000
-1458
-2034
-2625
-3228
-3925
-4620
-5372
-6085
-6813
-7472
-8149
-8702
-9230
-9661
-9900
-10213
-10327
-10468
-10264
-9759
-9119
-8056
-7050
-5875
-4452
-2981
-1463
209
1647
3007
4317
5068
5965
6666
7123
7576
7604
7565
7505
7360
7196
7083
6961
6943
6926
6742
6736
6712
6642
6559
6152
5629
5088
4324
3488
2578
1494
445
-644
-1783
-2702
-3451
-4084
-4485
-4693
-4726
-4499
-4031
-3372
-2534
-1609
-649
326
1247
2115
2909
3514
3937
4188
4250
4214
4101
3920
3693
3363
3011
2655
2221
1884
1588
1154
703
215
-330
-816
-1398
-2068
-2699
-3396
-4106
-4737
-5389
-5996
-6552
-7204
-7815
-8358
-8885
-9311
-9710
-10068
-10308
-10537
-10528
-10088
-9519
-8595
-7475
-6404
-4988
-3457
-1869
-210
1404
2802
4160
5168
5924
6867
7285
7792
8054
7922
7919
7660
7553
7364
7238
7080
7001
6829
6573
6706
6482
6412
6151
5560
5083
4334
3576
2714
1730
673
-357
-1496
-2578
-3346
-4096
-4618
-4901
-5010
-4838
-4418
-3766
-2941
-2008
-993
29
964
1881
2740
3448
3951
4244
4386
4375
4271
4085
3786
3436
3079
2699
2287
1889
1562
1166
675
227
-272
-787
-1260
-1846
-2428
-3009
-3698
-4346
-5055
-5808
-6457
-7176
-7848
-8446
-9037
-9426
-9758
-10086
-10257
-10431
-10396
-9976
-9428
-8539
-7489
-6405
-5038
-3581
-2066
-432
1156
2539
3944
4988
5777
6689
7159
7681
7953
7847
7888
7740
7580
7506
7362
7224
7263
7012
6834
6846
6649
6634
6242
5715
5182
4406
3701
2821
1821
797
-259
-1391
-2369
-3190
-3883
-4267
-4634
-4809
-4684
-4364
-3745
-2966
-2113
-1110
-106
833
1774
2590
3278
3839
4134
4262
4306
4209
4069
3882
3551
3202
2876
2459
2047
1684
1287
820
295
-243
-790
-1379
-1997
-2647
-3334
-4019
-4682
-5332
-5951
-6549
-7138
-7712
-8256
-8728
-9165
-9544
-9875
-10204
-10494
-10574
-10318
-9816
-9001
-7966
-6819
-5425
-3818
-2211
-489
1281
2726
4205
5266
6101
7013
7483
7972
8079
7965
7846
7581
7346
7093
6959
6747
6786
6590
6394
6543
6399
6438
6244
5764
5324
4636
3868
3024
1994
891
-231
-1451
-2543
-3459
-4206
-4685
-5043
-5193
-5002
-4588
-3952
-3077
-2158
-1153
-82
868
1811
2669
3323
3844
4180
4315
4368
4286
4149
3973
3628
3300
2941
2602
2235
1804
1441
951
477
-27
-609
-1147
-1792
-2468
-3205
-3935
-4605
-5328
-6040
-6684
-7261
-7856
-8380
-8825
-9202
-9429
-9723
-9903
-10088
-10208
-9888
-9477
-8707
-7710
-6695
-5409
-3993
-2510
-877
800
2261
3735
4892
5757
6756
7377
7865
8172
8069
8003
7843
7601
7453
7251
7071
6970
6690
6433
6428
6296
6201
6037
5480
5044
4487
3688
2930
1968
938
-43
-1127
-2197
-3058
-3827
-4370
-4670
-4913
-4838
-4505
-3970
-3130
-2260
-1353
-293
670
1542
2429
3147
3719
4144
4309
4385
4414
4286
4087
3809
3410
3046
2668
2212
1786
1317
765
239
-326
-899
-1418
-2003
-2586
-3160
-3850
-4482
-5089
-5749
-6288
-6813
-7375
-7839
-8330
-8775
-9125
-9512
-9791
-10041
-10163
-9914
-9434
-8674
-7685
-6617
-5335
-3790
-2204
-513
1199
2694
4149
5214
6067
6973
7525
7944
8142
8007
7839
7609
7316
7102
6922
6721
6637
6460
6255
6313
6264
6222
6084
5603
5146
4534
3783
2968
1958
916
-178
-1333
-2440
-3362
-4084
-4617
-4962
-5130
-4982
-4599
-3932
-3074
-2190
-1130
-113
883
1805
2602
3384
3895
4283
4434
4470
4460
4261
4034
3676
3333
2923
2520
2109
1644
1260
706
195
-305
-872
-1319
-1854
-2394
-2915
-3510
-4109
-4697
-5289
-5912
-6526
-7232
-7876
-8473
-9071
-9471
-9873
-10137
-10403
-10416
-10031
-9505
-8542
-7533
-6338
-4926
-3466
-1872
-258
1318
2737
4078
5017
5833
6613
7105
7563
7667
7570
7499
7281
7077
7000
6858
6769
6784
6577
6469
6489
6378
6328
6066
5512
5000
4287
3438
2635
1578
491
-526
-1688
-2701
-3495
-4173
-4606
-4863
-4928
-4724
-4300
-3638
-2820
-1945
-1005
-53
871
1696
2381
2979
3454
3753
3895
3929
3924
3860
3713
3512
3269
3015
2723
2389
2035
1647
1186
628
34
-559
-1260
-2026
-2681
-3466
-4246
-4872
-5590
-6221
-6739
-7222
-7708
-8001
-8336
-8665
-8774
-9125
-9343
-9566
-9614
-9339
-8970
-8219
-7472
-6519
-5220
-3840
-2353
-636
963
2452
3975
4950
6033
7005
7580
8182
8298
8201
8113
7865
7550
7306
6996
6704
6478
6083
5918
5847
5704
5651
5337
4932
4583
3968
3320
2610
1645
751
-237
-1345
-2243
-3107
-3855
-4349
-4725
-4873
-4714
-4314
-3681
-2888
-1961
-950
44
1042
1994
2849
3535
4031
4350
4473
4510
4411
4222
3929
3533
3069
2565
2111
1542
1058
537
-30
-449
-996
-1462
-1908
-2465
-2964
-3499
-4073
-4587
-5187
-5847
-6424
-7090
-7689
-8265
-8774
-9182
-9566
-9903
-10230
-10155
-9881
-9307
-8457
-7554
-6322
-4942
-3426
-1870
-224
1343
2867
4211
5099
6082
6819
7355
7785
7776
7692
7527
7272
7046
6850
6624
6491
6415
6158
6087
6096
5984
5958
5648
5226
4771
4068
3322
2466
1458
402
-685
-1820
-2748
-3556
-4250
-4639
-4947
-5001
-4771
-4298
-3597
-2757
-1815
-891
134
1025
1806
2620
3199
3630
3893
3938
3919
3836
3672
3432
3146
2801
2492
2122
1721
1452
965
498
33
-569
-1068
-1667
-2290
-2889
-3547
-4236
-4862
-5545
-6193
-6756
-7400
-7871
-8354
-8762
-9037
-9287
-9554
-9756
-9630
-9376
-8767
-7985
-7124
-5993
-4686
-3248
-1736
-137
1315
2822
4042
5008
6036
6703
7359
7811
7869
7876
7767
7551
7351
7130
6861
6756
6525
6238
6148
5981
5881
5725
5325
4917
4370
3710
3014
2166
1242
318
-736
-1772
-2550
-3330
-3905
-4282
-4630
-4612
-4379
-3956
-3256
-2475
-1627
-654
245
1022
1902
2634
3241
3729
3908
4056
4121
4037
3922
3687
3369
3014
2663
2245
1828
1411
903
442
-143
-693
-1183
-1765
-2380
-3038
-3708
-4409
-4987
-5639
-6231
-6743
-7321
-7811
-8314
-8727
-9104
-9379
-9733
-9838
-9638
-9353
-8630
-7945
-6984
-5710
-4377
-2907
-1344
208
1693
3169
4166
5258
6169
6743
7415
7545
7577
7566
7383
7172
6981
6762
6570
6460
6108
5970
5868
5745
5735
5421
5035
4633
4069
3408
2690
1779
866
-59
-1149
-2089
-2935
-3652
-4108
-4470
-4639
-4521
-4246
-3727
-3021
-2262
-1332
-435
433
1295
2096
2800
3321
3697
3809
3870
3855
3674
3530
3247
2899
2569
2133
1696
1292
843
375
-76
-598
-1096
-1588
-2164
-2687
-3269
-3922
-4538
-5212
-5896
-6495
-7052
-7660
-8120
-8536
-8888
-9123
-9474
-9515
-9368
-9059
-8392
-7639
-6717
-5527
-4162
-2806
-1304
163
1546
2933
3943
4920
5807
6415
7014
7314
7370
7413
7313
7134
6983
6772
6620
6539
6267
6103
6043
5855
5780
5522
5080
4671
4097
3438
2683
1806
904
-8
-966
-1866
-2627
-3314
-3799
-4176
-4419
-4315
-4069
-3607
-2978
-2310
-1493
-577
312
1083
1907
2544
3022
3441
3573
3700
3706
3580
3408
3122
2819
2481
2068
1623
1252
779
331
-141
-699
-1107
-1581
-2120
-2656
-3272
-3869
-4418
-5047
-5659
-6191
-6775
-7313
-7833
-8306
-8677
-8986
-9284
-9391
-9270
-9004
-8368
-7662
-6796
-5657
-4430
-3045
-1605
-163
1213
2613
3694
4644
5586
6201
6813
7109
7200
7279
7232
7123
7002
6866
6655
6591
6360
6185
6174
6014
5954
5740
5337
4955
4446
3781
3095
2245
1273
381
-654
-1624
-2380
-3108
-3608
-3932
-4190
-4145
-3881
-3470
-2825
-2157
-1395
-507
286
1077
1834
2425
2914
3252
3405
3526
3540
3432
3276
2989
2670
2332
1918
1469
1078
642
160
-238
-750
-1211
-1651
-2213
-2650
-3195
-3774
-4270
-4876
-5423
-6002
-6579
-7137
-7690
-8189
-8671
-8977
-9331
-9434
-9282
-8974
-8300
-7549
-6585
-5451
-4115
-2732
-1281
152
1432
2780
3693
4606
5456
6006
6597
6796
6821
6851
6759
6638
6551
6394
6278
6293
6097
6012
6052
5940
5916
5688
5307
4921
4366
3733
2967
2143
1216
294
-647
-1600
-2374
-3096
-3580
-3935
-4113
-4031
-3789
-3259
-2638
-1902
-1092
-274
546
1259
1940
2501
2923
3210
3327
3367
3301
3181
2972
2689
2356
1998
1638
1173
880
501
67
-265
-758
-1123
-1536
-2045
-2521
-3057
-3590
-4167
-4728
-5374
-5956
-6524
-7148
-7622
-8132
-8528
-8824
-9158
-9184
-9037
-8673
-7952
-7173
-6293
-5095
-3800
-2477
-1009
268
1617
2922
3769
4705
5452
5931
6471
6623
6609
6654
6600
6530
6475
6367
6261
6274
6108
6056
6091
5967
5942
5668
5307
4857
4305
3720
2924
2074
1129
229
-769
-1680
-2413
-3103
-3491
-3820
-3973
-3845
-3552
-3038
-2447
-1734
-955
-157
626
1297
1948
2453
2840
3050
3116
3140
3006
2849
2553
2256
1956
1568
1185
744
405
44
-324
-704
-1135
-1448
-1812
-2220
-2662
-3137
-3633
-4165
-4705
-5342
-5865
-6427
-7047
-7523
-8103
-8483
-8825
-9084
-8997
-8829
-8334
-7629
-6795
-5761
-4494
-3146
-1741
-301
976
2334
3362
4191
5039
5600
6113
6390
6439
6448
6344
6212
6127
6034
5917
5948
5898
5832
5944
5898
5939
5896
5573
5285
4790
4189
3521
2703
1825
888
-96
-1091
-1914
-2645
-3187
-3548
-3813
-3791
-3607
-3204
-2612
-1963
-1170
-395
400
1135
1772
2354
2748
3040
3151
3174
3094
2914
2713
2410
2051
1617
1279
863
439
164
-219
-535
-859
-1219
-1498
-1826
-2218
-2669
-3138
-3682
-4262
-4863
-5518
-6104
-6780
-7353
-7887
-8393
-8701
-9102
-9154
-8949
-8551
-7814
-7047
-6124
-4974
-3686
-2405
-965
352
1538
2735
3543
4386
5099
5572
6017
6133
6173
6230
6151
6116
6116
6024
6014
6036
5903
5935
5961
5877
5905
5651
5306
4928
4349
3730
2979
2107
1146
215
-770
-1643
-2343
-2964
-3330
-3600
-3668
-3530
-3205
-2691
-2120
-1410
-712
4
713
1302
1884
2325
2623
2806
2817
2762
2660
2471
2218
1956
1612
1289
978
588
317
-41
-426
-770
-1210
-1563
-1938
-2375
-2800
-3267
-3761
-4271
-4818
-5415
-5966
-6521
-7034
-7463
-7932
-8226
-8527
-8692
-8551
-8335
-7814
-7168
-6361
-5384
-4293
-3061
-1787
-467
753
2046
3017
3854
4710
5274
5863
6150
6273
6386
6312
6221
6167
6037
5900
5896
5732
5624
5656
5579
5607
5488
5173
4875
4436
3902
3302
2575
1790
992
78
-851
-1616
-2305
-2775
-3166
-3432
-3412
-3312
-2972
-2476
-1897
-1229
-509
187
825
1466
2008
2461
2722
2859
2902
2827
2712
2457
2184
1865
1466
1084
673
275
-83
-458
-862
-1238
-1616
-1955
-2290
-2642
-3023
-3418
-3806
-4257
-4690
-5182
-5678
-6202
-6720
-7213
-7686
-8047
-8423
-8473
-8389
-8107
-7504
-6865
-5935
-4874
-3619
-2312
-927
384
1627
2832
3647
4586
5262
5762
6178
6245
6282
6168
6059
5890
5761
5595
5493
5488
5313
5359
5417
5434
5441
5246
5038
4761
4333
3816
3163
2391
1581
636
-323
-1184
-1967
-2581
-3095
-3440
-3544
-3475
-3178
-2704
-2138
-1422
-652
80
804
1436
2027
2544
2844
2959
2971
2894
2698
2467
2117
1765
1367
921
583
161
-169
-511
-897
-1180
-1490
-1749
-1971
-2212
-2536
-2875
-3310
-3757
-4226
-4827
-5358
-5960
-6542
-7062
-7560
-7972
-8312
-8404
-8322
-7997
-7413
-6725
-5845
-4740
-3500
-2225
-913
353
1557
2654
3511
4343
5017
5457
5867
6007
6031
6053
5919
5785
5713
5577
5500
5512
5391
5397
5432
5432
5493
5330
5113
4832
4392
3880
3226
2450
1605
729
-220
-1098
-1822
-2462
-2914
-3224
-3364
-3283
-3008
-2559
-2010
-1344
-676
53
767
1336
1935
2344
2582
2729
2711
2638
2496
2262
1972
1663
1231
826
484
48
-264
-573
-912
-1146
-1462
-1703
-1944
-2252
-2561
-2912
-3320
-3831
-4300
-4868
-5386
-5936
-6532
-6992
-7536
-7920
-8251
-8338
-8191
-7883
-7271
-6566
-5629
-4588
-3419
-2207
-931
280
1422
2526
3299
4149
4768
5199
5594
5687
5756
5751
5663
5590
5585
5480
5459
5493
5363
5405
5420
5408
5450
5291
5026
4729
4268
3714
3083
2272
1488
655
-246
-1013
-1756
-2337
-2726
-3065
-3162
-3080
-2908
-2443
-1911
-1360
-639
21
657
1247
1705
2120
2393
2487
2518
2466
2280
2102
1808
1462
1154
752
395
43
-284
-549
-818
-1083
-1361
-1620
-1896
-2167
-2471
-2838
-3242
-3706
-4192
-4708
-5242
-5769
-6311
-6825
-7314
-7722
-8011
-8142
-8040
-7743
-7168
-6466
-5600
-4574
-3433
-2261
-1064
197
1255
2309
3099
3848
4481
4886
5256
5401
5463
5519
5461
5418
5345
5305
5245
5296
5265
5249
5336
5344
5338
5190
4960
4641
4209
3693
3115
2414
1632
856
-20
-799
-1523
-2101
-2515
-2772
-2954
-2888
-2701
-2321
-1759
-1230
-560
44
666
1210
1644
2053
2282
2433
2433
2410
2234
2014
1792
1470
1131
773
415
101
-216
-475
-785
-1042
-1320
-1571
-1817
-2081
-2344
-2708
-3068
-3510
-3997
-4520
-5068
-5567
-6104
-6584
-7040
-7421
-7687
-7812
-7694
-7425
-6955
-6300
-5544
-4637
-3608
-2516
-1370
-215
847
1842
2732
3449
4108
4601
4976
5255
5335
5412
5397
5298
5242
5154
5099
5100
5060
5032
5076
5079
5041
4953
4731
4462
4125
3631
3077
2470
1755
1008
254
-505
-1158
-1699
-2130
-2419
-2601
-2581
-2391
-2067
-1621
-1124
-587
-25
588
1073
1494
1899
2136
2308
2318
2221
2116
1873
1555
1261
905
510
157
-226
-590
-884
-1183
-1445
-1669
-1905
-2104
-2302
-2555
-2809
-3105
-3441
-3782
-4190
-4631
-5074
-5566
-6059
-6500
-6905
-7230
-7382
-7355
-7130
-6714
-6077
-5295
-4364
-3296
-2169
-1018
79
1147
2078
2942
3627
4206
4633
4939
5088
5115
5073
5000
4900
4787
4688
4640
4629
4658
4651
4743
4778
4837
4807
4670
4450
4164
3694
3183
2544
1811
1103
298
-475
-1121
-1706
-2135
-2395
-2562
-2507
-2267
-1987
-1478
-945
-346
291
804
1308
1711
2046
2236
2322
2249
2081
1855
1524
1245
849
489
87
-318
-631
-975
-1198
-1445
-1627
-1786
-1940
-2050
-2215
-2372
-2603
-2865
-3195
-3591
-4023
-4485
-4936
-5400
-5846
-6290
-6656
-6928
-7018
-6941
-6672
-6228
-5623
-4835
-3971
-2955
-1943
-874
138
1134
2000
2776
3427
3912
4339
4595
4707
4776
4711
4688
4627
4550
4507
4504
4521
4553
4607
4622
4722
4750
4681
4573
4316
4018
3609
3062
2464
1811
1096
369
-264
-865
-1377
-1720
-1942
-2028
-2013
-1806
-1471
-1069
-549
-50
450
929
1326
1664
1917
2038
2027
1948
1754
1507
1220
857
517
143
-218
-560
-900
-1133
-1341
-1516
-1665
-1800
-1897
-2038
-2166
-2327
-2549
-2840
-3188
-3575
-4029
-4491
-4927
-5357
-5759
-6078
-6320
-6485
-6482
-6359
-6076
-5581
-5036
-4281
-3496
-2589
-1646
-703
182
1021
1793
2431
3060
3470
3840
4106
4256
4399
4416
4409
4442
4406
4398
4442
4486
4513
4618
4623
4676
4655
4561
4380
4153
3801
3383
2876
2294
1682
1048
413
-142
-710
-1122
-1385
-1604
-1650
-1553
-1385
-1085
-708
-357
108
497
870
1186
1448
1613
1721
1696
1619
1473
1229
985
691
356
83
-214
-519
-772
-1030
-1262
-1415
-1586
-1766
-1904
-2067
-2254
-2443
-2666
-2917
-3207
-3532
-3872
-4213
-4544
-4869
-5200
-5471
-5695
-5889
-5916
-5850
-5642
-5262
-4787
-4167
-3456
-2653
-1846
-969
-115
662
1449
2051
2620
3115
3453
3762
3964
4106
4174
4197
4246
4262
4244
4245
4302
4310
4359
4417
4374
4387
4287
4137
3945
3610
3272
2821
2318
1772
1201
666
125
-345
-767
-1077
-1269
-1350
-1305
-1176
-950
-681
-364
-23
308
641
900
1129
1271
1347
1355
1253
1142
933
720
453
162
-99
-397
-623
-898
-1111
-1306
-1505
-1646
-1819
-1950
-2089
-2215
-2394
-2568
-2776
-3045
-3271
-3605
-3914
-4211
-4560
-4812
-5041
-5245
-5367
-5390
-5326
-5158
-4830
-4384
-3856
-3263
-2580
-1873
-1155
-401
283
957
1551
2050
2552
2910
3212
3473
3633
3781
3867
3929
4007
4032
4050
4131
4176
4160
4229
4241
4211
4160
3985
3817
3550
3205
2823
2386
1932
1459
975
488
122
-191
-472
-612
-726
-705
-608
-506
-289
-89
212
419
635
809
942
1035
1083
1029
942
843
666
499
315
45
-137
-395
-632
-829
-1095
-1286
-1490
-1649
-1787
-1924
-2040
-2195
-2324
-2488
-2661
-2848
-3057
-3281
-3530
-3750
-3962
-4192
-4388
-4546
-4652
-4713
-4644
-4495
-4280
-3964
-3562
-3080
-2591
-1985
-1385
-764
-184
464
1041
1560
2010
2439
2792
3084
3319
3491
3631
3740
3810
3844
3890
3947
3995
4045
4052
4049
4025
3994
3864
3711
3518
3182
2867
2510
2131
1757
1347
963
603
292
54
-115
-261
-313
-339
-340
-223
-135
-14
147
271
405
494
558
631
624
549
486
366
184
29
-177
-397
-584
-814
-1013
-1217
-1435
-1587
-1720
-1864
-1994
-2103
-2195
-2275
-2357
-2452
-2574
-2718
-2872
-3080
-3267
-3429
-3637
-3782
-3860
-3926
-3928
-3881
-3814
-3682
-3469
-3219
-2896
-2520
-2117
-1657
-1166
-641
-153
348
830
1264
1712
2048
2362
2674
2900
3108
3288
3424
3517
3604
3657
3691
3739
3752
3776
3770
3744
3697
3553
3433
3300
3092
2829
2520
2247
2007
1762
1486
1260
1057
821
636
446
286
182
64
-40
-115
-167
-211
-231
-255
-288
-301
-331
-327
-339
-358
-384
-458
-508
-641
-808
-967
-1190
-1415
-1664
-1871
-2034
-2190
-2294
-2349
-2387
-2397
-2357
-2332
-2287
-2237
-2248
-2262
-2303
-2424
-2542
-2632
-2750
-2866
-2957
-3034
-3081
-3095
-3056
-2962
-2831
-2627
-2346
-2017
-1607
-1175
-752
-261
227
662
1099
1515
1880
2208
2443
2636
2805
2900
2996
3047
3086
3128
3168
3241
3250
3303
3361
3373
3413
3399
3353
3251
3135
3020
2846
2650
2427
2179
1911
1652
1386
1100
846
560
355
166
-43
-139
-262
-339
-378
-373
-356
-349
-282
-268
-227
-237
-264
-284
-395
-515
-699
-895
-1119
-1381
-1619
-1840
-2032
-2197
-2301
-2346
-2342
-2295
-2210
-2107
-1999
-1887
-1811
-1793
-1826
-1878
-1973
-2092
-2243
-2410
-2565
-2698
-2771
-2847
-2877
-2836
-2773
-2630
-2440
-2198
-1898
-1573
-1210
-835
-436
-52
298
642
943
1217
1437
1658
1866
1994
2118
2216
2319
2451
2570
2691
2849
3006
3153
3302
3388
3496
3588
3626
3632
3560
3457
3303
3088
2834
2530
2183
1817
1448
1080
746
446
142
-131
-342
-492
-612
-688
-708
-703
-682
-657
-590
-537
-537
-582
-661
-739
-884
-1030
-1196
-1385
-1558
-1715
-1810
-1905
-1931
-1901
-1857
-1761
-1637
-1486
-1369
-1237
-1140
-1099
-1068
-1111
-1186
-1303
-1448
-1602
-1801
-1952
-2119
-2258
-2325
-2374
-2342
-2284
-2180
-2022
-1843
-1620
-1390
-1138
-907
-702
-499
-312
-141
27
194
330
477
631
796
1009
1231
1468
1730
1999
2278
2563
2851
3124
3355
3558
3712
3789
3827
3802
3703
3566
3359
3106
2829
2542
2324
2114
1825
1503
1173
825
509
236
21
-155
-361
-554
-707
-799
-850
-908
-985
-1097
-1184
-1315
-1401
-1436
-1514
-1570
-1625
-1650
-1664
-1629
-1540
-1429
-1307
-1210
-1057
-898
-708
-541
-437
-366
-367
-397
-497
-650
-828
-1039
-1257
-1471
-1678
-1873
-2023
-2107
-2152
-2183
-2138
-2038
-1917
-1765
-1609
-1413
-1221
-1056
-892
-750
-616
-533
-457
-349
-296
-199
-35
119
330
589
842
1117
1415
1685
1961
2225
2437
2646
2836
2959
3014
3047
3043
2995
2896
2760
2588
2359
2168
1972
1759
1580
1373
1220
1104
978
883
774
664
583
528
434
319
232
82
-78
-211
-355
-486
-642
-794
-924
-1029
-1106
-1152
-1197
-1217
-1204
-1190
-1121
-1047
-978
-932
-920
-895
-902
-924
-944
-985
-1059
-1166
-1258
-1325
-1380
-1447
-1498
-1540
-1568
-1561
-1532
-1478
-1402
-1324
-1235
-1151
-1085
-987
-948
-931
-883
-893
-858
-812
-800
-765
-749
-732
-667
-585
-495
-329
-132
88
342
570
792
1038
1289
1511
1698
1844
1991
2107
2177
2245
2248
2253
2234
2166
2132
2088
2041
1985
1921
1872
1829
1769
1693
1632
1537
1416
1292
1142
992
806
614
411
194
-5
-221
-376
-502
-628
-689
-749
-813
-863
-886
-898
-911
-913
-923
-911
-892
-883
-850
-815
-786
-764
-747
-735
-762
-803
-837
-894
-971
-1022
-1043
-1067
-1091
-1103
-1083
-1048
-1016
-987
-975
-956
-942
-927
-899
-895
-900
-895
-901
-925
-962
-970
-937
-896
-847
-768
-646
-521
-398
-258
-93
82
236
416
570
704
848
961
1080
1145
1197
1248
1255
1301
1333
1343
1365
1379
1377
1395
1433
1442
1451
1449
1417
1380
1330
1275
1226
1155
1028
885
781
669
552
438
339
234
114
30
-52
-104
-131
-169
-187
-204
-230
-266
-293
-328
-381
-460
-560
-655
-743
-820
-873
-897
-904
-910
-892
-837
-773
-721
-666
-611
-573
-548
-536
-537
-566
-618
-642
-683
-747
-778
-804
-836
-839
-821
-797
-759
-721
-703
-677
-623
-583
-539
-489
-464
-421
-371
-320
-260
-221
-183
-146
-101
-29
43
99
177
268
351
449
541
636
729
786
829
859
892
915
907
891
888
878
857
836
792
751
713
665
627
618
605
595
585
536
499
465
423
403
378
353
307
263
245
219
186
149
103
46
1
-27
-52
-62
-52
-60
-116
-180
-223
-248
-266
-294
-344
-393
-410
-407
-424
-465
-502
-541
-572
-593
-608
-618
-614
-577
-594
-620
-570
-553
-529
-474
-456
-431
-415
-395
-376
-378
-355
-352
-357
-365
-366
-334
-316
-290
-245
-214
-167
-120
-93
-49
-2
38
100
153
171
187
196
210
212
200
202
188
167
148
146
162
185
197
224
256
270
311
350
384
406
398
406
395
386
384
359
336
300
311
322
316
335
309
309
333
331
368
385
390
400
399
406
387
371
353
297
213
137
86
5
-79
-161
-223
-272
-333
-331
-311
-292
-269
-249
-218
-230
-232
-220
-236
-245
-258
-263
-275
-299
-316
-332
-325
-310
-295
-257
-215
-154
-89
-47
-20
-9
11
25
55
54
31
23
-10
-13
-24
-41
-49
-74
-75
-92
-96
-93
-72
-47
-46
-12
11
20
21
16
-10
-46
-54
-47
-57
-83
-87
-104
-93
-66
-44
-29
-27
9
29
80
140
155
202
237
262
309
342
351
336
330
325
315
313
297
269
244
235
231
206
184
155
137
135
128
140
143
152
147
109
79
50
29
-12
-40
-56
-83
-91
-114
-134
-163
-185
-200
-216
-201
-202
-179
-141
-113
-73
-61
-38
-6
-8
-12
13
58
66
52
49
29
20
9
-33
-67
-60
-44
-39
-43
-69
-75
-54
-39
-33
-45
-46
-39
-63
-94
-139
-177
-208
-251
-266
-286
-302
-291
-293
-295
-276
-216
-158
-100
-23
10
62
118
143
161
176
190
190
201
193
180
179
158
159
161
143
144
137
123
148
185
187
204
219
205
212
186
177
183
147
95
75
25
-9
-53
-102
-142
-160
-173
-169
-132
-114
-75
-22
5
37
53
77
97
105
110
111
101
85
71
40
11
4
-11
-13
-5
0
-7
-1
9
1
25
51
63
54
-1
-42
-57
-80
-129
-179
-214
-253
-266
-282
-300
-303
-320
-314
-310
-283
-268
-233
-208
-176
-156
-129
-89
-50
-34
-33
-15
7
11
2
15
20
41
53
71
104
117
141
172
202
220
241
225
226
232
262
245
234
218
186
156
141
91
79
74
70
73
73
75
45
45
44
61
78
63
44
51
72
61
67
65
55
30
20
15
6
14
6
15
3
-2
10
-9
18
-13
-17
-44
-67
-77
-76
-77
-90
-109
-95
-113
-130
-137
-126
-133
-158
-160
-168
-195
-180
-178
-193
-195
-197
-178
-168
-161
-115
-84
-63
-53
-33
11
8
27
29
67
76
98
112
117
120
121
119
113
120
117
104
112
117
130
129
138
133
104
100
71
72
102
114
103
73
77
61
48
27
8
2
-25
-25
-41
-74
-94
-91
-73
-54
-12
19
54
79
93
124
133
144
147
124
107
82
65
45
19
-4
-20
-17
-21
-36
-48
-44
-51
-38
-38
-73
-59
-41
-37
-39
-41
-43
-76
-77
-89
-118
-110
-109
-118
-127
-108
-106
-113
-71
-51
-23
8
10
21
50
86
79
81
94
100
115
106
93
71
61
50
44
48
39
31
4
10
41
41
54
61
63
56
64
82
46
36
20
-2
17
-6
-14
11
14
-11
-17
-1
0
22
50
65
88
112
135
133
140
132
116
121
84
88
120
101
109
92
39
29
19
-2
-10
-13
-22
-29
-25
-30
-38
-28
-2
-11
-27
-40
-66
-68
-77
-117
-139
-159
-185
-181
-185
-197
-185
-184
-174
-165
-142
-113
-99
-85
-85
-65
-94
-105
-95
-105
-95
-120
-115
-109
-99
-85
-96
-67
-43
-12
11
25
37
32
69
57
49
49
56
36
18
-4
-25
-34
-37
-35
-47
-43
-45
-54
-29
2
25
17
26
40
27
50
59
61
43
45
60
50
27
43
41
55
62
51
47
50
69
73
92
85
91
103
119
128
109
104
82
67
52
36
46
38
16
23
10
-21
-38
-49
-62
-64
-43
-23
-7
6
-9
-25
-24
-37
-55
-56
-73
-74
-82
-72
-73
-75
-88
-80
-63
-39
-12
-12
13
10
25
50
56
50
46
39
31
1
-13
-36
-74
-80
-88
-96
-123
-104
-75
-47
-32
-24
-6
-32
-31
-28
-49
-64
-79
-80
-91
-95
-100
-91
-82
-79
-58
-38
-24
-1
29
23
9
27
44
54
44
46
53
26
14
17
14
16
6
21
22
32
41
26
37
48
30
13
15
28
33
6
27
3
26
13
2
-21
-33
-27
-8
-23
-47
-17
2
0
-11
2
4
16
5
13
16
42
28
12
30
13
-11
-2
-13
-38
-41
-31
-24
-13
-35
-51
-36
-37
-60
-72
-73
-75
-96
-120
-130
-126
-127
-136
-142
-110
-95
-99
-77
-86
-84
-97
-67
-65
-55
-57
-39
-32
-34
-40
-46
-56
-60
-50
-37
-45
-41
-24
-22
-20
-21
-13
5
-11
-19
-29
-37
-38
-49
-42
-56
-48
-30
-47
-46
-48
-57
-37
-19
-24
-12
-26
-53
-47
-60
-62
-64
-66
-53
-52
-56
-60
-55
-48
-54
-55
-78
-83
-64
-72
-76
-74
-79
-92
-83
-66
-70
-64
-54
-41
-23
-20
-9
-4
7
17
-5
1
10
-11
-9
-18
-45
-40
-34
-37
-17
5
12
15
9
-5
-22
-16
-15
-19
-24
-21
3
-5
-26
-41
-44
-24
-43
-33
1
18
52
53
56
52
45
63
60
51
30
15
34
32
8
12
17
2
-12
-36
-50
-29
-13
-11
-12
-18
-19
-16
-11
-12
-28
-26
-25
-24
-8
2
9
1
-7
-2
1
5
12
14
2
12
32
37
56
71
54
38
40
33
24
17
31
25
9
34
34
34
55
52
39
44
65
72
73
74
78
71
68
68
54
54
49
51
41
30
49
69
90
94
82
92
91
71
67
84
86
93
106
84
92
107
74
62
56
37
60
90
71
68
70
44
49
61
50
30
29
47
56
64
59
43
29
23
29
17
10
15
25
31
28
46
33
44
54
45
56
22
37
32
6
33
28
19
22
20
8
3
4
-3
-3
3
17
22
10
-6
4
15
24
15
-1
3
-10
-10
-13
3
19
11
12
-5
-2
-3
1
13
10
15
15
22
23
22
30
34
40
27
2
-1
17
22
30
25
11
32
32
18
22
28
32
13
15
28
29
33
28
30
36
47
47
24
30
27
13
15
20
13
17
17
8
26
31
16
8
3
-8
-1
-10
-11
-24
-21
-22
-41
-20
-14
-24
1
-7
-14
-12
-17
4
7
-13
-25
-30
-23
-23
-19
-20
-19
1
-11
-17
7
3
9
26
34
40
38
57
47
25
37
37
43
61
64
71
74
75
67
65
71
56
48
45
49
49
58
60
61
46
49
39
47
53
42
53
22
27
22
21
53
59
50
58
83
88
86
95
63
39
35
30
47
48
45
33
7
9
0
2
18
26
32
11
0
3
10
32
47
35
18
33
47
44
39
25
25
34
12
-6
0
-10
-2
13
12
19
7
15
23
30
33
16
31
28
2
3
17
11
16
19
4
19
35
31
42
49
69
88
90
93
95
101
104
99
92
88
87
70
69
64
53
46
30
29
49
54
50
38
27
31
33
32
