7
6
3
2
0
0
3
7
5
1
-1
3
3
1
-2
-3
0
1
1
3
4
4
1
1
0
-2
-2
-2
-1
-1
-1
-1
-2
-3
-4
-4
-3
-2
-1
0
0
0
0
0
0
0
0
1
1
1
1
1
1
0
-1
-1
-2
-2
-1
-3
-4
-4
-3
1
1
0
3
1
1
-4
0
7
6
3
-1
2
4
1
0
-1
1
0
-5
-4
0
0
3
3
1
3
3
0
2
1
2
4
2
-1
0
0
0
2
5
5
5
6
5
0
-1
0
1
1
2
3
5
6
5
3
2
1
2
4
8
8
6
4
4
4
1
0
4
6
7
4
1
1
3
2
0
0
1
2
1
0
-1
1
3
3
2
0
2
4
1
-2
1
5
2
0
0
1
2
2
0
-3
-3
-2
-5
-7
-6
-3
0
-1
-3
-2
0
1
2
1
-1
-2
-2
0
-1
-1
-1
1
2
0
0
1
0
2
0
0
6
1
-2
1
-3
-3
-1
-5
-2
3
3
4
4
1
-1
-1
1
2
1
4
6
5
4
0
0
2
2
0
1
4
6
4
0
0
0
0
1
2
4
5
6
7
7
6
1
-1
-2
0
0
1
2
6
7
7
7
9
8
6
3
0
1
1
2
4
4
7
8
5
4
2
1
2
3
1
0
2
4
4
6
7
5
2
2
5
7
8
3
0
0
4
1
-2
4
3
6
8
0
2
-1
1
4
0
2
0
3
4
4
3
1
-2
-1
0
0
-1
-2
-1
0
0
-2
-4
-2
1
1
-2
-3
-1
1
1
-2
-3
-3
-2
0
-1
-3
-4
-2
2
1
-1
-5
-3
-1
-1
-1
-2
-1
-1
-3
-4
-3
-3
0
1
1
0
-1
-1
-5
-7
-9
-7
-5
-3
-2
-2
-4
-4
-2
-3
-3
-2
-2
-1
-3
-5
-3
0
1
0
1
3
2
-1
-4
-3
2
3
2
-1
-2
-2
-3
-2
-2
-1
-1
0
0
2
2
3
4
5
4
5
7
8
7
4
4
5
5
3
2
3
5
7
7
6
7
9
7
5
6
8
5
4
8
14
13
7
3
6
9
8
6
10
11
8
5
4
5
5
6
8
9
7
4
3
2
3
5
7
8
6
3
2
0
1
5
8
5
0
-1
0
1
1
4
8
8
2
1
5
8
5
3
2
3
-1
-3
-2
2
4
2
1
1
-1
-1
-1
0
2
2
-2
-4
-4
-2
0
0
0
0
1
-1
-1
-1
0
0
0
1
1
0
-1
-2
-3
-4
-4
-5
-4
-3
0
-1
-3
-7
-9
-8
-7
-4
-4
-4
-2
-1
0
0
-3
-5
-5
-4
-2
-2
-3
-4
-6
-8
-8
-5
-5
-3
-1
-2
0
-1
-2
0
1
-2
-7
-8
-3
0
1
-1
1
1
1
-1
-1
2
5
4
4
1
0
2
4
6
3
0
-1
-1
0
2
5
7
8
6
4
3
2
3
4
5
6
5
7
9
10
8
4
3
3
4
5
6
5
6
7
8
9
8
9
7
7
6
4
5
3
3
4
3
4
3
3
3
3
3
0
-2
-2
1
2
4
4
7
7
5
0
1
5
7
4
1
2
2
4
1
0
-1
-1
0
1
3
4
5
5
5
2
-2
-3
-2
0
0
1
0
0
-1
2
1
1
0
-1
0
3
4
4
1
-1
-2
-1
-3
-3
0
4
3
0
0
1
0
-3
-6
-5
-4
-3
-2
1
2
1
-2
-4
-1
-1
0
0
2
3
3
0
-1
1
1
-1
-3
-6
-2
2
2
2
2
5
2
1
1
1
1
0
1
4
6
6
4
2
2
1
2
2
1
-1
2
5
4
3
0
-1
2
3
2
-1
-4
-5
-2
0
0
-2
-1
-1
-1
-5
-4
-1
3
4
1
-1
0
1
8
10
7
1
4
7
6
4
6
9
12
9
7
10
11
7
3
5
9
11
8
2
-3
-1
4
7
8
6
4
6
5
-3
-6
-5
-3
-5
-4
3
0
-4
-4
-3
-1
0
-2
-5
-4
-1
0
-2
-5
-8
-7
-2
0
-1
-5
-6
0
3
-1
-5
-4
-1
-2
-1
0
-1
-1
-1
-4
-9
-8
-3
2
4
0
-1
0
7
5
-6
-13
-4
10
13
8
8
13
17
14
6
-1
3
5
1
-6
-6
-1
0
-5
-13
-19
-18
-11
-2
0
-6
-14
-19
-17
-15
-11
-11
-10
-11
-5
0
-1
1
3
0
-1
-1
0
2
10
13
4
-2
0
8
18
20
16
8
3
5
11
13
11
11
17
13
3
0
7
5
0
4
10
8
3
7
11
9
9
15
17
15
15
20
19
18
18
17
17
16
15
14
10
8
5
4
3
-1
0
-2
-7
-14
-11
-7
-7
-5
0
-5
-16
-26
-27
-29
-26
-14
0
8
7
3
0
-9
-17
-16
-12
-11
-12
-9
-8
-13
-12
-10
-9
-9
-7
-7
-6
-6
-4
-3
-2
0
-1
-1
-1
-2
-3
1
-1
-5
-2
4
-2
-5
-3
-1
-4
-4
-7
-14
-6
13
10
-12
-15
4
10
-1
3
23
24
6
15
40
48
27
8
12
34
67
76
45
12
32
94
105
-16
-208
-143
363
1003
1059
284
-604
-775
-133
515
503
-20
-448
-372
-135
-260
-700
-886
-549
-174
-262
-632
-798
-656
-456
-397
-349
-129
247
477
263
-132
-179
318
917
1093
879
563
429
497
601
630
563
574
624
480
109
-252
-296
-134
-51
-171
-446
-620
-597
-556
-697
-867
-747
-420
-202
-228
-383
-458
-336
-117
38
127
240
389
474
395
226
213
478
800
870
647
380
305
412
523
486
398
267
26
-40
426
1203
1279
203
-1055
-1235
-176
965
1043
-36
-1279
-1577
-960
-451
-618
-951
-973
-947
-1167
-1347
-1166
-766
-509
-617
-975
-1095
-586
123
305
-152
-623
-472
376
1559
2195
1648
404
-324
271
1690
2720
2512
1302
179
-82
305
585
483
311
134
-415
-1119
-1056
-137
282
-783
-2300
-2406
-804
821
718
-955
-2253
-1689
-42
782
320
-169
133
574
407
27
294
1212
1820
1406
475
153
769
1535
1569
743
-196
-66
1518
3035
2401
-169
-2044
-1441
589
1850
1323
-317
-1541
-1485
-859
-745
-904
-658
-514
-1244
-2269
-2438
-1664
-821
-728
-1442
-2035
-1528
-512
-593
-1789
-2219
-1000
49
-1436
-4604
-4599
2055
10525
10466
-830
-11943
-9296
5699
16792
11865
-2317
-8720
-1364
8289
7696
-557
-4144
1137
6443
3600
-3437
-5206
-370
3360
672
-4534
-5197
-598
2944
240
-6067
-8459
-3713
3044
4491
-372
-5608
-5492
-634
3320
2472
-805
-1237
1984
3958
1409
-2099
-1054
3942
6644
3487
-1603
-2275
1861
4845
2503
-2099
-3114
349
3488
2198
-1910
-3997
-2210
521
747
-1290
-2546
-1372
248
-531
-3162
-3931
-844
3051
2783
-1746
-4305
-361
5681
6024
565
-3146
-550
4533
5669
1889
-1710
-758
2652
3016
-494
-2963
-1282
1432
841
-2627
-4867
-3323
38
814
-2453
-5962
-5408
-1770
235
-1558
-4473
-4756
-2037
157
-1710
-6198
-6714
1059
11537
13022
1769
-10946
-10331
4157
17140
15054
1932
-6135
-926
8685
9481
1388
-3661
923
7572
6069
-2053
-6482
-2772
2390
1265
-4486
-6727
-2325
2337
-8
-7343
-10684
-5645
2218
4468
-499
-6353
-6582
-1620
2628
2291
-283
-330
2841
4942
2788
-756
-427
3990
7154
5237
738
-864
1899
4721
3292
-897
-2574
187
3453
2643
-1727
-4924
-3862
-543
706
-1364
-3641
-3037
-589
280
-1315
-2627
-1296
1275
1918
143
-1257
-154
2070
2528
853
-155
1457
3497
2424
-1107
-2608
-86
3007
2401
-1447
-4110
-2838
99
454
-2386
-4755
-3924
-1602
-1011
-2630
-4474
-4912
-3782
-1985
-1016
-2182
-5032
-6343
-2262
6324
11730
6854
-4715
-10204
-2020
12108
17195
8650
-2407
-3229
5031
10246
6023
-644
-374
5276
6863
1041
-5001
-4134
1015
2383
-2305
-6910
-5648
-859
445
-3954
-8805
-8258
-2878
1519
809
-3146
-5264
-3205
436
1798
504
-241
1847
4766
4721
1517
-546
1800
6057
6916
3265
-229
607
3953
4653
1166
-2522
-2119
1505
3360
671
-3528
-4415
-1724
166
-1507
-3759
-2024
2478
3348
-1843
-7102
-5499
1825
6998
4570
-2287
-5414
-1569
3590
3543
-133
-1134
1673
3216
616
-2654
-2170
1265
2892
235
-3634
-3865
-408
1568
-1192
-5346
-5738
-2328
491
-196
-3247
-5715
-5736
-3607
-1264
-569
-1975
-4494
-5478
-1447
7047
12181
6512
-5465
-9858
53
14509
18129
7975
-3321
-3223
5986
11807
8019
911
-942
2328
4075
1249
-2207
-2095
-69
-694
-4591
-7411
-5763
-1900
-1029
-4692
-8702
-8187
-3448
472
-226
-3798
-5354
-2721
1292
2684
1151
82
1827
4543
4813
2603
1513
3704
6557
6137
2689
367
1589
3924
3662
702
-1636
-1066
994
1322
-1129
-3708
-3385
-994
-321
-2736
-4738
-2397
2543
3700
-1310
-6522
-5108
1654
6232
3963
-1864
-4009
-284
3671
2769
-348
-466
2049
2809
335
-2091
-1094
2036
2680
-668
-3947
-3053
484
1558
-1827
-5947
-5951
-1808
1607
318
-4201
-7043
-5531
-1751
236
-1199
-3714
-4040
-2144
-1126
-3083
-5899
-4259
4590
14586
14472
1752
-11199
-9916
5441
19727
18893
5348
-5092
-2330
6740
9404
3893
-814
1156
5243
4088
-1927
-5812
-4090
-968
-1577
-4910
-5934
-3073
-663
-3070
-8336
-10092
-5426
1298
3415
-398
-4951
-4934
-904
2292
2118
1120
2537
5300
5582
2619
207
1650
5287
6694
4382
1353
912
2538
2974
717
-1973
-1990
592
2465
954
-2803
-5086
-3761
-460
1497
724
-1215
-2104
-1705
-1400
-1662
-1269
428
1960
1430
-858
-2364
-1253
1111
1921
853
258
1286
2050
619
-1858
-2402
-141
2265
1778
-1239
-3458
-2678
-432
45
-2079
-4184
-3648
-1277
-154
-1673
-4148
-5178
-4066
-1906
-419
-677
-2280
-3782
-4060
-3170
-2125
-1765
-1131
2105
7747
10806
6445
-2590
-6736
70
12346
17994
11631
686
-3451
1487
7405
7040
2376
91
1870
3027
-40
-4781
-6202
-3542
-929
-1763
-4589
-5637
-4197
-3367
-5173
-7098
-5372
-626
2349
891
-2062
-2229
122
1201
-57
-144
3459
7606
7034
1615
-2693
-865
4978
8078
5205
177
-1493
680
2518
1178
-1569
-2338
-602
985
52
-2705
-4354
-2992
145
2123
1532
-412
-1808
-2047
-1556
-696
403
1468
2018
1490
-162
-1694
-1488
271
1676
1656
1094
1034
1063
119
-1626
-2473
-1224
971
1687
81
-2212
-3133
-2385
-1288
-1059
-1663
-2240
-2280
-2082
-2076
-2263
-2441
-2488
-2347
-2080
-1702
-1143
-801
-1492
-3053
-3895
-2787
-452
1250
1555
1750
3377
5598
5732
2982
430
1958
7162
10741
8371
2295
-1207
620
4479
5816
3763
831
-749
-1283
-2187
-3274
-2965
-1338
-898
-3131
-5945
-6259
-3993
-1930
-2124
-3640
-3952
-2091
107
328
-1110
-1616
202
2684
3413
2323
1467
2184
3650
4232
3496
2572
2607
3208
3015
1722
562
519
939
495
-951
-2066
-1799
-836
-595
-1194
-1489
-957
-401
-631
-1254
-1272
-483
300
304
-328
-713
-122
1052
1424
364
-837
-479
1236
2480
2052
495
-838
-1120
-532
173
472
383
-74
-1124
-2478
-3012
-1999
-413
-91
-1644
-3650
-4193
-2901
-1212
-646
-1277
-2126
-2502
-2330
-1683
-798
-274
-474
-967
-1143
-984
-833
-907
-1381
-2146
-1999
699
5327
8046
5446
-662
-3763
592
8900
12461
7166
-1301
-4001
835
6643
6965
2365
-1529
-1380
658
828
-1079
-2364
-1773
-1153
-2189
-3654
-3406
-1431
-630
-2467
-4744
-4458
-1206
1472
1097
-1191
-2465
-1186
666
1459
1461
1836
2817
2640
1161
-42
696
3027
4052
2710
248
-858
207
1589
1607
50
-1346
-1273
-204
156
-696
-1736
-1581
89
1631
2148
1317
178
-568
-881
-49
1164
2146
2049
1013
-43
-1069
-1063
10
1069
1008
-300
-1107
-767
-304
-597
-1694
-2185
-1454
-432
-74
-1105
-2489
-3083
-2576
-1321
-579
-413
-794
-1471
-2015
-2269
-1738
-930
-390
-274
-381
-362
-393
-623
-828
-665
-105
463
256
-681
-1878
-2537
-2684
-3337
-3779
-2374
1827
6281
6490
1612
-4032
-3915
2652
9409
10480
5682
579
-414
2096
4509
4454
3590
3314
2794
1056
-1284
-2025
-983
214
2
-1714
-2873
-2753
-2346
-3015
-4533
-4699
-3103
-1054
-381
-1461
-2598
-2721
-1774
-662
161
1119
2183
2703
1808
156
-138
1837
4308
4877
3443
1792
1231
1275
1113
844
1141
2039
1909
-23
-2475
-3073
-1104
852
889
-709
-1807
-1058
280
720
-496
-1689
-935
1011
2198
1330
-272
-690
66
1014
1029
622
924
1267
849
-678
-2023
-1575
-18
1266
513
-1641
-2934
-2636
-1256
-833
-1505
-1957
-1750
-1039
-1108
-1716
-1897
-1500
-636
-317
-547
-567
-125
541
366
-587
-981
-73
1313
1400
-96
-1572
-1667
-836
-444
-998
-1907
-2877
-4319
-5695
-4887
-512
5120
7089
3045
-3334
-5438
-751
6331
9365
6697
2461
1362
3391
4807
3594
1901
2422
4262
4499
2240
-466
-1502
-1030
-829
-1531
-1866
-1262
-858
-2419
-5051
-6123
-4707
-1897
-373
-972
-2503
-3275
-2470
-1337
-500
279
1312
2302
2358
1551
955
1563
2932
3717
3357
2570
2180
2036
1606
793
147
189
673
862
246
-862
-1779
-2123
-2164
-2031
-1167
606
2292
1763
-1084
-3706
-3596
-231
3460
4469
2261
-939
-2253
-1634
-22
1521
2319
2332
1113
-606
-1769
-1553
-136
727
465
-526
-1094
-657
-291
-712
-1857
-2408
-1363
497
1350
46
-2162
-3116
-2202
-561
657
1074
719
-218
-1365
-2059
-1800
-615
613
747
-418
-1863
-2580
-2532
-2219
-2009
-1938
-2094
-2640
-3794
-5268
-5601
-2953
2115
5879
5203
814
-2504
-1248
3403
7372
7503
5457
4226
4744
5410
4433
3063
2884
3749
4087
3185
2040
1148
29
-1700
-3214
-3128
-1333
89
-1114
-4492
-7023
-6288
-3190
-781
-935
-2605
-3517
-2890
-1786
-1139
-520
744
2108
2272
1174
372
1218
3073
3977
3072
1519
1169
2336
3376
2550
356
-1024
-328
1268
1479
60
-1580
-1962
-1460
-1543
-1650
-564
1791
2973
940
-2362
-3676
-1271
2595
4132
2355
-662
-1649
-486
648
872
725
1234
1656
991
-384
-1344
-631
689
853
-280
-1342
-847
-41
-454
-1809
-2603
-1533
56
539
-536
-2102
-2513
-2059
-1616
-1508
-1132
-283
-160
-1398
-2980
-3203
-1697
173
655
-595
-2073
-2137
-1030
-523
-1291
-2102
-1731
-730
-877
-2943
-5060
-3955
1156
6450
7037
2613
-2015
-2175
2072
6638
7801
5652
3367
3172
4000
3892
3087
2977
3430
3216
2113
1000
506
278
-521
-1941
-2767
-2124
-987
-1128
-2903
-4816
-5095
-3536
-1683
-1053
-1603
-2292
-2580
-2544
-2038
-775
842
1752
1366
357
94
1023
2207
2615
2362
2212
2293
2206
1696
939
504
744
1040
678
-133
-724
-547
-325
-678
-1172
-987
609
2131
1944
299
-1342
-1040
643
1920
2060
1320
884
656
-141
-1065
-1244
191
2134
2354
608
-1714
-2254
-915
374
302
-866
-1126
-529
-239
-1114
-2427
-2227
-795
373
-495
-2252
-2600
-1522
-445
-844
-1777
-1745
-445
666
-14
-1710
-2382
-1319
46
189
-635
-859
-482
-552
-1642
-2763
-2385
-1187
-376
-1102
-2927
-4450
-5060
-3909
-939
2869
5097
3829
336
-2035
-769
3455
7445
8291
6086
3546
2813
3558
4327
4499
4201
3794
3411
2788
1770
669
-336
-1349
-2008
-1791
-1132
-1224
-2592
-4460
-5498
-5061
-3712
-2497
-2029
-2333
-3086
-3714
-3594
-2473
-729
810
1505
1336
822
554
968
2034
3198
3876
3791
3096
2253
1776
1715
1916
2130
2023
1520
742
214
-167
-368
89
1136
2011
1348
-440
-2086
-2462
-1086
286
530
-258
-1211
-1466
-1675
-1848
-1568
-680
448
811
536
-120
-550
-211
386
983
1237
1400
1385
726
4
-505
-349
372
556
116
-839
-1747
-1870
-1794
-1853
-2207
-2352
-1781
-1444
-1688
-2635
-3241
-2738
-2055
-1551
-1599
-1527
-1212
-1396
-1650
-1876
-1512
-645
-312
-528
-984
-1174
-1609
-2798
-3114
-1043
2972
6142
5626
2054
-895
-127
3620
6816
7072
5326
3993
3814
3595
2717
2278
3095
4278
4137
2113
-339
-1333
-889
-689
-1512
-2372
-2323
-1901
-2308
-3775
-5118
-4974
-3362
-1720
-1321
-1997
-2587
-2453
-2010
-1632
-775
1051
2853
2921
1233
-125
563
2674
4199
3953
2586
1547
1439
1645
1472
1031
697
408
-50
-741
-1334
-1247
-538
93
106
-646
-1503
-1433
-430
601
891
452
122
481
1076
1117
549
173
520
1161
1527
1575
1446
1074
375
-362
-553
7
755
785
-250
-1710
-2456
-2003
-1156
-1066
-1834
-2591
-2659
-2199
-1897
-2124
-2475
-2293
-1599
-1090
-1117
-1276
-1044
-465
-114
-322
-673
-563
10
322
-47
-508
-486
-188
-235
-1079
-2099
-2057
-944
-310
-1656
-4339
-5438
-2992
1481
4502
3908
809
-1555
-1039
1690
4488
5930
5963
5128
4010
3080
2752
3368
4594
5219
4308
2452
1128
967
1167
678
-484
-1416
-1489
-1266
-1809
-3215
-4361
-4344
-3392
-2382
-2059
-2405
-3082
-3479
-3169
-2307
-1145
-291
65
56
-105
85
637
1456
2104
2209
2057
1804
1772
1936
2142
2232
1889
1429
910
633
752
974
994
538
294
548
948
828
-42
-722
-601
217
654
105
-635
-778
-299
-156
-698
-1044
-646
314
959
679
-19
-527
-312
318
636
680
437
175
-157
-669
-911
-838
-459
-387
-975
-1613
-1927
-1751
-1711
-2045
-2166
-1892
-1273
-1069
-1403
-1761
-1808
-1323
-954
-933
-1064
-986
-622
-647
-1160
-1670
-1397
-431
66
-666
-2072
-2705
-2054
-1066
-1020
-2037
-2745
-1431
1822
4473
4140
1554
-36
1420
4784
7223
7119
5303
3742
3369
3774
4388
4856
4866
3835
2007
451
-93
323
430
-551
-2198
-3360
-3320
-2973
-3246
-4141
-4767
-4393
-3440
-2782
-2778
-2959
-2846
-2439
-1869
-1017
186
1328
1751
1229
485
582
1850
3412
3953
3134
1999
1609
1775
1691
1213
870
1043
1300
929
-66
-937
-1164
-869
-164
731
1142
685
-161
-827
-871
-121
798
1214
752
38
-206
-130
344
631
487
434
579
1083
1013
222
-316
-429
153
516
295
-209
-1089
-1611
-1942
-1850
-1385
-1184
-1135
-1732
-2553
-2893
-2720
-2102
-1672
-1279
-834
-995
-1572
-2121
-1907
-738
349
693
-161
-1171
-1090
-345
299
31
-476
-513
-350
-415
-1192
-1895
-1883
-1393
-1192
-1859
-2396
-1146
1883
4056
3119
388
-578
1739
5258
6811
5338
2917
2324
3739
4839
4327
3492
3477
3437
2314
671
-129
380
1046
252
-1941
-3503
-3041
-1724
-1762
-3511
-5008
-4486
-2620
-1580
-2369
-3827
-4112
-2737
-1065
-593
-987
-815
116
624
231
30
1126
2962
3759
2669
927
434
1565
2898
3053
2131
1374
1397
1511
1054
354
214
717
1033
424
-417
-142
1155
1689
274
-1520
-1705
133
2148
1944
-75
-1876
-1610
37
1033
976
319
94
93
-435
-999
-1040
-101
746
335
-917
-2051
-1878
-1069
-817
-1245
-1852
-1722
-1326
-1457
-2085
-2367
-1675
-796
-596
-1037
-1392
-1150
-587
-464
-831
-804
-90
491
168
-713
-1316
-1249
-696
-181
-149
-658
-1402
-1999
-2159
-1911
-1670
-1913
-2606
-2882
-1590
1375
4231
4676
2548
299
397
2946
5951
7233
6220
4435
3756
4188
4307
3717
3391
3577
3250
1824
41
-955
-811
-453
-1193
-2888
-3870
-3372
-2721
-3303
-4645
-5255
-4511
-3190
-2482
-2710
-3073
-2749
-1908
-1270
-958
-397
702
1763
2080
1642
1297
1859
3091
3903
3519
2481
1977
2371
2736
2271
1351
1030
1463
1462
644
-402
-666
-213
-156
-473
-705
-121
577
-34
-1400
-2119
-945
1073
1758
572
-1344
-1669
-315
938
1223
838
835
836
255
-452
-657
219
1065
811
-256
-1244
-1113
-612
-601
-1216
-2021
-2005
-1635
-1457
-1693
-2068
-2013
-1941
-1896
-1889
-1713
-1160
-685
-861
-1623
-1965
-1125
241
837
452
-598
-1228
-790
157
646
-20
-642
-801
-825
-781
-1006
-1347
-1827
-1963
-1457
-308
1628
3362
3376
1641
186
688
2819
4997
5744
4659
2948
2413
3127
3661
3353
2828
2464
1886
932
-5
-489
-478
-498
-1183
-2252
-2734
-2488
-2424
-3091
-4001
-4220
-3285
-1897
-1388
-2041
-2794
-2807
-2176
-1192
-49
894
1322
1194
650
212
662
2047
3260
3320
2457
1552
1197
1380
1585
1386
1061
1054
1078
591
-211
-630
-351
239
407
-98
-518
11
1073
1276
153
-1012
-638
1102
2387
1792
112
-605
212
1246
1258
575
165
303
329
-264
-1007
-1019
-155
87
-910
-2310
-2764
-1883
-1260
-1571
-2522
-2828
-1955
-1277
-1478
-2261
-2425
-1704
-919
-676
-964
-1092
-573
82
8
-490
-584
353
1318
1269
198
-1007
-786
338
1239
761
-562
-1444
-1877
-1671
-1512
-1297
-1100
-1154
-1363
-1735
-1111
673
2606
3193
2039
723
912
2799
4678
5016
4042
3199
3237
3641
3626
2998
2274
1919
1822
1407
531
-193
-384
-611
-1539
-2741
-3129
-2435
-1734
-2210
-3631
-4531
-3998
-2708
-1933
-2092
-2581
-2525
-1649
-574
-36
45
226
674
1181
1664
2108
2399
2477
2369
2112
1853
1855
2165
2420
2199
1477
653
248
480
1017
1251
880
91
-658
-952
-596
265
1101
1139
86
-1242
-1542
-445
1073
1661
863
-498
-1158
-741
33
413
329
58
-240
-456
-522
-551
-729
-1042
-1291
-1325
-1131
-904
-1037
-1691
-2390
-2410
-1639
-755
-453
-757
-1168
-1296
-1126
-829
-500
-63
435
524
-52
-650
-487
295
955
1007
458
-175
-311
-139
-298
-724
-862
-754
-897
-1367
-1837
-2034
-1890
-1678
-1718
-1551
-253
1775
2701
1628
-56
-251
1697
4358
5499
4413
2708
2154
2684
3183
3210
3145
3212
2904
1639
-94
-938
-366
515
280
-1138
-2448
-2649
-2223
-2336
-3181
-3772
-3357
-2404
-1970
-2351
-2793
-2561
-1849
-1298
-1004
-469
518
1350
1244
449
188
1185
2736
3498
2835
1523
923
1424
2125
2185
1876
1629
1360
846
242
-86
199
805
844
176
-648
-572
289
975
976
62
-657
-596
62
693
528
74
-534
-852
-557
-152
306
411
35
-793
-1794
-1764
-846
32
215
-700
-1661
-1992
-1638
-809
-470
-543
-835
-1055
-792
-502
-287
-302
-587
-801
-777
-348
264
542
148
-696
-1269
-888
290
1217
944
-503
-1973
-2228
-1123
243
553
-463
-1945
-2788
-2585
-1783
-1098
-990
-1559
-2239
-1790
267
2507
3038
1760
396
637
2537
4478
4906
3991
3098
3003
3345
3444
3176
2904
2703
2095
941
-39
-136
333
302
-830
-2352
-2963
-2450
-1977
-2406
-3223
-3510
-3163
-2731
-2616
-2706
-2557
-1953
-1318
-1174
-1198
-601
560
1310
1129
653
876
1934
2928
3013
2397
1954
2078
2359
2296
1914
1599
1479
1267
780
252
69
376
760
478
-505
-1089
-422
773
1052
48
-1183
-1397
-455
544
508
-357
-860
-460
118
92
-195
2
480
381
-442
-1124
-893
-3
471
-179
-1311
-1648
-937
-183
-236
-875
-1289
-1084
-676
-640
-872
-854
-549
-445
-765
-1070
-779
-11
371
-171
-1005
-1096
-355
346
304
-297
-811
-877
-667
-526
-612
-822
-1022
-1283
-1641
-1794
-1571
-1452
-1930
-2520
-2121
-346
1866
2897
1964
180
-309
1295
3595
4774
4486
3587
2914
2721
2758
2774
2916
3206
2991
1828
481
-15
212
233
-428
-1404
-1975
-1817
-1501
-1908
-2978
-3663
-3298
-2403
-1847
-1853
-2080
-2183
-2052
-1719
-1159
-315
599
1014
654
112
332
1429
2474
2600
1944
1359
1370
1764
1983
1738
1301
1030
908
673
384
357
661
884
611
-59
-658
-487
401
1284
1253
65
-1097
-1302
-426
655
967
379
-656
-1087
-698
-92
285
302
-5
-486
-832
-881
-698
-381
-48
-206
-767
-1137
-903
-245
-123
-646
-1272
-1278
-582
-3
98
-288
-738
-890
-704
-291
17
13
-364
-914
-1196
-926
-382
-72
-237
-818
-1419
-1564
-1194
-718
-487
-615
-1206
-1965
-2193
-1697
-1146
-1241
-1911
-2476
-2071
-335
1869
2796
1783
191
-151
1466
3808
5071
4478
2895
2122
2531
3461
4017
3775
3091
2174
1352
802
643
769
625
-82
-1129
-1920
-2095
-1894
-1875
-2289
-2851
-3100
-2829
-2314
-2005
-2103
-2380
-2416
-1991
-1209
-380
164
245
15
-76
362
1254
2098
2436
2229
1806
1530
1552
1776
1959
1901
1597
1187
796
535
517
738
972
869
291
-367
-450
196
974
1122
389
-672
-1102
-574
214
496
247
-166
-484
-566
-430
-246
-90
-13
-219
-716
-1009
-677
-56
122
-384
-1082
-1292
-843
-264
-198
-626
-948
-803
-429
-224
-266
-411
-550
-680
-759
-657
-365
-165
-393
-987
-1470
-1423
-898
-385
-359
-813
-1277
-1362
-1140
-920
-910
-1077
-1209
-1165
-1069
-1032
-965
-942
-1332
-2111
-2357
-1056
1513
3534
3275
1084
-653
45
2661
4874
5113
3878
2753
2591
2927
2981
2791
2867
3042
2552
1249
4
-318
126
328
-358
-1411
-1895
-1734
-1717
-2321
-3029
-2998
-2246
-1721
-2037
-2693
-2821
-2270
-1608
-1341
-1307
-929
-138
392
241
-61
275
1267
2161
2282
1764
1336
1434
1771
1855
1645
1487
1560
1639
1410
938
630
715
923
863
522
242
267
450
427
61
-311
-249
161
347
12
-493
-720
-629
-411
-203
-71
-42
-166
-538
-1007
-1088
-590
-33
-9
-422
-730
-653
-357
-195
-313
-485
-412
-169
-99
-293
-484
-498
-463
-534
-678
-807
-893
-933
-956
-1022
-1124
-1195
-1189
-1099
-983
-953
-1011
-999
-847
-690
-663
-782
-937
-896
-565
-260
-383
-844
-1252
-1494
-1635
-1384
-291
1441
2710
2435
839
-403
234
2441
4357
4468
2988
1521
1418
2418
3170
2978
2329
1767
1291
892
743
755
623
193
-536
-1319
-1620
-1355
-1273
-1854
-2519
-2704
-2603
-2475
-2350
-2270
-2208
-1991
-1750
-1677
-1489
-799
28
298
116
-3
470
1339
2032
2242
1839
1482
1467
1697
2005
2113
2136
1943
1526
1032
692
792
1129
1248
874
277
7
308
747
687
-13
-809
-985
-449
236
377
-146
-840
-1152
-935
-393
133
372
196
-406
-896
-845
-174
591
654
131
-527
-653
-231
151
250
-26
-311
-466
-559
-572
-537
-491
-632
-1023
-1407
-1399
-1001
-668
-842
-1485
-2010
-1900
-1198
-477
-349
-838
-1399
-1420
-865
-165
236
187
-131
-533
-649
-477
-121
65
-348
-1101
-1922
-2070
-1156
612
2128
1996
646
-642
-503
1091
2900
3646
2974
2184
2034
2299
2444
2317
2384
2583
2675
2340
1482
813
589
466
128
-404
-625
-705
-1073
-1827
-2855
-3261
-2672
-1795
-1489
-2133
-2970
-3237
-2780
-1861
-1199
-826
-592
-469
-325
-200
294
1112
1840
2091
1723
1427
1638
2178
2482
2184
1664
1414
1619
1857
1682
1166
834
1016
1213
1103
738
368
130
-180
-314
-193
216
711
474
-503
-1479
-1497
-605
159
283
-266
-840
-916
-731
-489
-320
-5
309
177
-303
-815
-736
-91
424
394
-194
-634
-634
-438
-313
-504
-667
-735
-835
-992
-1233
-1210
-1056
-1024
-1174
-1422
-1267
-823
-481
-547
-962
-1066
-747
-133
262
58
-346
-640
-646
-506
-316
-166
-191
-347
-781
-1627
-2377
-2213
-934
872
1890
1354
-194
-1138
-277
1610
3179
3449
2643
1842
1656
2186
2705
2886
2917
2745
2399
1728
1061
721
592
603
322
-260
-919
-1559
-2089
-2592
-2738
-2473
-2168
-2160
-2543
-2987
-3081
-2632
-1925
-1398
-1092
-738
-321
-64
89
425
1062
1766
2189
2162
1917
1876
2161
2461
2516
2443
2328
2067
1630
1242
1110
1235
1352
1140
605
60
-83
-102
-291
-494
-494
-204
-198
-674
-1354
-1698
-1178
-417
-163
-601
-1099
-932
-461
-93
-117
-300
-91
310
566
364
48
113
318
365
41
-261
-183
-19
-147
-582
-929
-923
-711
-734
-1182
-1620
-1570
-1200
-1079
-1300
-1479
-1362
-1043
-858
-896
-901
-566
-72
142
-6
-196
-60
128
209
112
-67
-109
-188
-294
-824
-1578
-2077
-2106
-1420
-377
630
763
-59
-924
-972
232
1856
2875
2687
1826
1519
1927
2610
2980
3031
3046
2769
2221
1498
1028
1171
1468
1317
366
-789
-1341
-1314
-1257
-1588
-2056
-2257
-2171
-2131
-2362
-2676
-2668
-2142
-1436
-986
-874
-839
-628
-283
92
486
979
1493
1827
1822
1587
1530
1740
2149
2416
2308
2025
1618
1373
1240
1189
1276
1203
1004
635
343
307
239
122
-157
-376
-356
-349
-486
-906
-1086
-728
-303
-266
-703
-980
-749
-249
90
20
-137
-51
184
208
3
-96
79
254
110
-272
-535
-445
-224
-290
-691
-1082
-1133
-892
-698
-821
-1122
-1244
-1059
-813
-755
-877
-994
-930
-693
-447
-334
-279
-189
-130
-218
-377
-447
-400
-248
-167
-301
-655
-1030
-1251
-1415
-1543
-1752
-1876
-1575
-794
102
330
-136
-598
-249
1119
2534
3073
2569
1845
1943
2709
3399
3456
3025
2684
2424
2186
1856
1414
1164
889
502
-105
-757
-1101
-1421
-1711
-2125
-2376
-2186
-1970
-1961
-2371
-2656
-2412
-1798
-1078
-802
-809
-701
-336
183
496
732
1162
1679
2067
1970
1589
1477
1752
2185
2279
2015
1676
1318
1073
924
910
985
942
775
438
132
-12
-82
-120
-295
-376
-276
-107
-74
-507
-1013
-1205
-842
-156
176
27
-457
-828
-798
-484
23
423
456
120
-398
-720
-583
-67
397
340
-189
-723
-899
-734
-528
-532
-684
-803
-847
-904
-1007
-1059
-972
-799
-647
-551
-461
-389
-400
-468
-473
-363
-199
-61
-33
-171
-403
-586
-666
-637
-491
-370
-549
-1057
-1635
-2061
-2248
-2130
-1741
-1218
-631
-65
138
-163
-388
168
1378
2423
2734
2405
2036
2195
2773
3100
2939
2772
2867
2796
2206
1397
933
986
1176
913
26
-936
-1348
-1315
-1403
-1770
-2048
-1998
-1841
-1909
-2208
-2348
-1982
-1330
-939
-925
-840
-400
109
285
177
280
952
1846
2197
1801
1263
1190
1577
1994
2041
1703
1328
1171
1087
909
796
925
1096
996
604
164
-33
115
331
266
6
-118
-119
-280
-629
-846
-675
-261
-44
-258
-617
-716
-526
-313
-254
-276
-227
-119
-130
-326
-501
-432
-148
74
-16
-369
-657
-641
-461
-431
-579
-678
-644
-621
-688
-737
-678
-550
-456
-476
-580
-598
-414
-214
-267
-534
-705
-587
-291
-114
-254
-659
-1014
-1032
-796
-591
-651
-1003
-1487
-1785
-1772
-1662
-1759
-1979
-1760
-963
92
592
139
-532
-500
721
2240
3001
2862
2219
1929
2130
2548
2911
3022
3010
2571
1813
1260
1110
1268
1178
731
90
-523
-762
-908
-1113
-1351
-1487
-1406
-1443
-1528
-1623
-1695
-1553
-1333
-1005
-713
-456
-177
-111
-62
54
357
861
1236
1417
1230
954
952
1135
1423
1451
1287
1071
819
701
645
761
953
1012
900
652
477
472
567
580
454
294
195
106
-45
-222
-381
-453
-427
-388
-451
-630
-785
-778
-637
-517
-491
-522
-570
-583
-514
-433
-445
-510
-532
-513
-515
-526
-492
-404
-355
-444
-608
-644
-457
-149
80
30
-300
-571
-449
-53
157
-56
-458
-665
-568
-396
-398
-564
-677
-664
-631
-759
-1049
-1285
-1327
-1213
-1177
-1299
-1486
-1649
-1891
-2192
-2368
-2173
-1291
-251
417
305
-259
-285
312
1568
2657
2967
2746
2270
2278
2466
2691
3076
3213
3168
2604
1813
1293
1105
1378
1275
757
196
-292
-499
-801
-1104
-1342
-1367
-1063
-927
-1196
-1627
-1764
-1540
-1174
-867
-682
-576
-483
-425
-474
-380
64
651
996
917
526
209
369
917
1321
1289
1037
840
771
808
890
958
1093
1375
1557
1286
702
312
417
867
1193
1010
336
-369
-624
-494
-318
-235
-366
-696
-1012
-1166
-1042
-742
-552
-574
-833
-1107
-1003
-610
-343
-410
-657
-679
-373
-88
-98
-316
-408
-226
10
64
-30
-31
117
178
40
-197
-310
-167
-5
-80
-331
-594
-672
-585
-578
-696
-848
-955
-987
-1016
-1064
-1126
-1182
-1220
-1390
-1625
-1626
-1425
-1265
-1306
-1558
-1763
-1640
-1101
-340
281
584
543
305
302
769
1599
2446
2807
2573
2123
1894
2079
2511
2863
2922
2612
2128
1637
1236
1109
1183
1195
938
394
-171
-474
-600
-643
-659
-770
-871
-1051
-1237
-1360
-1377
-1196
-1046
-827
-738
-795
-774
-733
-548
-383
-201
76
287
320
179
116
278
613
890
877
635
540
704
934
1106
1101
987
966
1087
1188
1190
1094
938
765
630
571
435
285
92
-35
-116
-334
-466
-638
-741
-698
-708
-773
-952
-1030
-1011
-938
-807
-740
-691
-667
-682
-696
-620
-391
-127
-49
-129
-192
-194
-84
41
40
-20
-25
23
35
-50
-177
-295
-393
-420
-406
-432
-477
-562
-757
-989
-1119
-1140
-1131
-1106
-1006
-902
-916
-1050
-1305
-1559
-1475
-985
-470
-338
-738
-1407
-1762
-1335
-266
726
1072
758
130
-192
247
1278
2264
2635
2329
1728
1278
1332
1897
2577
2928
2679
1945
1195
871
1086
1459
1525
1191
569
-32
-272
-300
-351
-353
-345
-515
-822
-1082
-1220
-1243
-1171
-1105
-1103
-1070
-967
-942
-1024
-1027
-823
-455
-82
138
134
-86
-295
-165
267
742
1043
1006
759
605
669
917
1195
1360
1471
1557
1503
1261
983
871
968
1162
1272
1064
514
-43
-254
-152
-35
-106
-374
-732
-1018
-1126
-1124
-1109
-1069
-1007
-1011
-1094
-1146
-1103
-977
-782
-588
-533
-606
-623
-479
-250
-68
-9
-32
-61
-75
-88
-61
80
269
310
113
-243
-509
-535
-417
-267
-210
-389
-638
-782
-923
-1001
-929
-787
-662
-641
-740
-929
-1024
-888
-635
-489
-436
-518
-751
-921
-1012
-968
-860
-453
196
457
317
-85
-181
295
1080
1803
1822
1490
1309
1389
1733
2057
2325
2332
2044
1763
1490
1406
1570
1696
1669
1314
852
449
102
85
133
109
-44
-440
-884
-1266
-1251
-956
-776
-787
-1047
-1337
-1478
-1364
-1029
-702
-458
-404
-555
-667
-566
-219
156
385
492
475
509
613
693
825
991
1213
1387
1413
1398
1337
1293
1303
1288
1272
1201
1013
791
495
213
32
-78
-113
-256
-553
-892
-1151
-1157
-1028
-942
-1017
-1260
-1457
-1442
-1271
-1125
-1049
-989
-906
-773
-607
-480
-391
-244
-22
192
289
205
70
91
230
334
413
466
359
98
-149
-270
-216
-32
57
-109
-396
-632
-779
-769
-549
-309
-263
-387
-600
-858
-949
-688
-326
-210
-342
-636
-1003
-1128
-889
-639
-618
-669
-708
-709
-502
-172
-41
-75
3
220
491
798
1024
1002
896
1026
1318
1589
1864
1969
1721
1415
1381
1587
1818
1868
1653
1263
898
727
635
477
396
368
139
-200
-443
-608
-657
-594
-598
-750
-936
-1038
-1104
-1151
-1059
-875
-716
-625
-692
-828
-762
-478
-146
75
126
170
295
352
386
542
747
938
1030
1019
1081
1160
1109
997
900
914
1040
1063
861
489
163
58
91
117
17
-227
-501
-797
-1057
-1086
-960
-848
-896
-1148
-1384
-1417
-1241
-1014
-876
-786
-651
-530
-428
-389
-408
-211
45
220
233
88
30
53
230
280
232
261
228
256
168
-10
-123
-105
79
150
42
-155
-395
-486
-399
-372
-419
-490
-621
-739
-789
-683
-528
-538
-644
-787
-876
-719
-485
-440
-547
-735
-871
-763
-441
-146
4
15
-99
-147
120
559
928
1168
1190
1023
905
1013
1362
1780
1980
1873
1537
1147
1029
1273
1552
1602
1392
976
564
419
538
692
675
454
78
-340
-592
-581
-433
-336
-406
-628
-868
-951
-871
-763
-664
-591
-604
-648
-637
-566
-437
-279
-127
-43
-81
-93
10
99
196
345
408
428
511
519
481
577
738
845
825
678
567
613
716
698
462
177
59
-1
-60
-154
-290
-433
-563
-629
-774
-901
-871
-800
-749
-793
-833
-830
-753
-561
-432
-355
-304
-275
-188
-137
-101
-33
42
94
55
79
163
211
280
198
37
-36
-10
133
86
-148
-274
-355
-376
-261
-152
-243
-481
-657
-751
-657
-400
-334
-419
-566
-692
-665
-569
-354
-244
-258
-313
-502
-572
-389
-103
-97
-224
-204
-98
68
166
278
193
99
397
756
917
942
883
756
751
921
1172
1423
1482
1329
1053
835
861
1126
1375
1278
880
519
347
352
502
549
356
153
-33
-305
-423
-303
-221
-262
-379
-628
-858
-849
-686
-630
-736
-802
-779
-679
-601
-555
-478
-480
-391
-223
-121
-67
1
130
183
220
284
366
568
724
680
540
462
508
658
771
734
592
414
276
194
169
192
174
97
-97
-318
-414
-422
-385
-442
-568
-687
-716
-622
-611
-602
-604
-643
-561
-477
-442
-428
-459
-480
-471
-380
-362
-443
-376
-292
-241
-140
-117
-175
-212
-114
-52
-81
-5
10
0
62
24
-67
-62
9
112
220
187
24
-124
-161
-77
103
196
14
-262
-351
-246
-206
-165
-69
-96
-256
-423
-445
-491
-322
48
103
-66
-138
-78
-120
11
453
772
844
732
554
408
534
918
1182
1255
1200
994
770
766
883
935
976
999
831
485
199
62
70
233
334
86
-350
-600
-653
-610
-444
-306
-409
-623
-783
-904
-859
-608
-405
-409
-476
-503
-483
-369
-190
-98
-78
-27
-15
63
176
216
274
274
310
429
553
651
634
571
465
433
527
635
726
638
424
214
63
54
13
-45
-120
-335
-536
-625
-668
-664
-649
-707
-853
-903
-799
-649
-625
-752
-800
-750
-530
-328
-235
-344
-404
-374
-203
-49
140
203
117
65
73
141
127
281
466
461
319
258
209
249
358
506
343
88
37
101
137
150
276
154
-20
-71
-110
-139
-34
12
-151
-368
-378
-338
-293
-124
-79
-306
-422
-322
-205
-121
29
96
-37
-110
-96
-35
143
414
583
425
236
179
213
433
615
625
538
453
390
279
262
312
410
488
413
322
210
115
118
174
252
312
270
122
-24
-111
-125
-76
15
6
-91
-261
-490
-503
-419
-310
-144
-139
-284
-447
-527
-448
-191
40
83
-24
-171
-137
48
210
276
256
232
241
275
324
348
321
255
190
156
168
180
125
-5
-211
-368
-397
-289
-231
-295
-392
-503
-607
-701
-595
-437
-325
-361
-355
-379
-403
-400
-288
-128
-20
-29
-62
-37
80
123
102
175
291
405
496
408
339
403
369
357
348
457
449
408
370
296
182
144
139
161
171
171
67
-200
-285
-251
-61
38
6
-146
-395
-550
-495
-357
-142
-104
-235
-323
-383
-351
-237
-148
-148
-233
-272
-318
-288
-125
-59
-131
-240
-230
-137
-39
101
108
78
120
123
125
208
389
468
441
418
357
375
528
666
664
555
464
427
372
363
389
282
151
94
19
-60
-62
-40
-76
-168
-280
-389
-408
-273
-179
-190
-201
-277
-415
-384
-194
-94
-58
-123
-222
-178
-76
32
82
90
57
30
72
58
85
148
166
190
162
40
-49
-49
-23
74
132
28
-74
-114
-138
-162
-185
-145
-83
-111
-166
-234
-307
-247
-108
-28
-8
-70
-132
-65
66
126
128
134
134
197
363
536
486
377
454
412
325
325
246
190
151
72
59
81
25
-70
-99
-143
-293
-280
-160
-226
-310
-379
-389
-415
-443
-313
-297
-345
-292
-214
-252
-346
-228
-146
-217
-176
-100
-113
-116
-20
-20
-177
-133
-14
-40
17
84
87
39
-37
-15
15
110
247
260
145
38
107
201
277
361
331
239
140
127
183
246
338
300
169
45
-41
16
114
157
111
81
128
54
0
-7
-52
-8
42
43
-37
-137
-150
-110
-59
-111
-155
-119
-129
-191
-247
-232
-120
22
51
-27
-72
-46
19
104
166
180
209
238
241
257
237
198
249
312
296
292
298
249
196
185
174
157
174
144
-1
-129
-111
-60
-99
-168
-167
-118
-183
-276
-249
-180
-144
-88
-28
-97
-160
-159
-156
-19
109
108
18
-57
39
79
82
184
144
155
237
148
64
65
138
48
-52
1
-62
-70
-150
-222
-286
-428
-324
-325
-399
-405
-473
-468
-479
-459
-400
-323
-268
-332
-392
-417
-299
-141
-121
-156
-245
-167
46
103
53
31
74
141
223
221
159
131
202
303
327
305
213
164
154
155
219
282
374
364
229
104
44
146
309
378
258
58
-27
-42
55
142
85
54
32
-8
-18
8
8
26
97
104
38
27
78
75
47
16
38
71
98
116
-2
-7
100
212
326
233
6
-62
81
205
300
296
104
-65
-25
113
69
33
45
-50
-124
-173
-146
-90
-96
-51
-72
-241
-268
-184
-141
-93
-98
-155
-215
-112
8
26
122
152
84
76
99
112
261
383
295
177
58
65
134
160
179
47
-93
-118
-133
-149
-141
-140
-275
-372
-408
-448
-390
-353
-324
-427
-519
-438
-403
-332
-277
-340
-491
-410
-235
-261
-242
-258
-327
-348
-259
-175
-107
41
-4
-201
-347
-316
-93
162
303
203
-64
-213
-56
205
384
492
419
161
41
204
392
490
551
455
232
167
267
318
349
386
304
207
280
363
284
168
136
168
253
298
194
69
79
125
103
69
52
38
60
89
70
1
-70
-79
-52
-26
44
85
-20
-127
-134
-123
-13
163
137
-27
-49
-9
-37
36
144
113
43
39
53
85
100
90
76
-48
-77
-25
-27
60
25
-122
-199
-147
12
77
-21
-113
-49
23
143
273
216
-16
-128
87
237
157
-10
-105
-168
-197
-81
-122
-294
-340
-327
-387
-367
-325
-363
-395
-514
-499
-396
-347
-213
-185
-313
-308
-134
-110
-152
-125
-63
-28
-48
-49
-150
-175
-42
-11
-145
-189
-90
-192
-248
-84
-73
-129
-130
-78
2
26
90
125
53
13
156
271
249
344
358
253
341
427
345
363
412
335
381
427
312
223
212
208
178
209
260
181
95
157
167
59
55
80
76
99
72
33
-37
-52
73
97
4
-44
-65
-82
-31
18
-41
-67
-43
-89
-141
-38
81
95
77
0
-21
124
272
193
76
185
268
221
173
96
-34
-53
156
242
34
-109
-59
17
22
34
81
41
24
75
6
-93
-39
78
108
35
-12
-72
-179
-106
7
-55
-176
-261
-342
-350
-220
-177
-316
-532
-626
-406
-199
-321
-454
-438
-522
-475
-184
-73
-109
-167
-262
-235
-90
105
173
15
-71
12
132
189
43
-178
-144
44
66
-28
-129
-239
-243
-97
-19
-162
-278
-100
135
101
-44
-92
-7
100
208
333
269
109
120
265
329
365
429
305
228
333
357
229
139
283
396
269
180
179
117
95
232
284
111
14
100
95
-11
74
141
-68
-176
-39
-12
-123
-48
-20
-212
-250
-97
-23
-106
-111
-67
-143
-157
-1
137
115
103
141
83
162
320
300
232
211
255
253
162
142
206
228
210
109
-23
10
12
5
100
79
-51
-134
-61
37
10
-99
-189
-182
-109
0
-106
-443
-462
-181
-106
-160
-178
-350
-583
-451
-47
-30
-357
-490
-376
-262
-238
-125
-131
-264
-214
-5
-9
-227
-150
10
-38
-112
66
99
-52
-202
-111
52
93
13
-155
-271
-146
73
168
-19
-279
-299
-75
46
-28
-47
-57
-66
30
194
278
114
-79
14
289
443
337
191
67
87
288
442
461
307
192
66
83
248
436
378
193
72
91
117
132
130
113
47
-15
-42
18
31
-25
-103
-99
-36
-111
-219
-199
12
84
75
-44
-162
-85
143
227
158
6
-29
118
294
382
311
134
9
20
267
467
307
61
50
188
253
218
117
-18
-17
63
88
36
13
41
-106
-300
-273
-108
35
17
-114
-374
-546
-275
156
243
-157
-506
-406
-44
114
40
-115
-413
-408
-103
188
58
-271
-364
-192
-24
84
11
-205
-417
-346
-119
-19
-50
-120
-333
-453
-178
90
-75
-350
-384
-197
1
-22
-135
-316
-219
-56
106
88
-98
-210
-29
183
188
92
-52
-51
147
462
410
77
-152
-39
253
430
401
218
38
47
130
303
372
208
53
51
140
250
311
261
84
-60
53
247
174
-93
-217
-98
83
149
48
-94
-241
-194
48
116
33
-108
-137
-9
91
74
-15
-3
125
217
66
-99
29
266
295
129
70
73
178
369
410
224
-51
-56
109
299
366
108
-236
-170
202
302
63
-207
-168
-78
7
69
92
-142
-331
-304
-160
-55
-45
-131
-276
-327
-89
87
-169
-443
-411
-64
136
131
-86
-303
-327
-133
144
219
-58
-376
-301
7
142
79
-129
-346
-342
-153
-81
-204
-358
-357
-205
-64
-61
-214
-402
-401
-158
78
57
-88
-90
5
25
32
153
266
202
50
26
151
265
265
181
136
182
178
49
-24
85
233
215
51
-16
90
198
209
85
34
112
161
129
136
123
39
42
69
93
-26
-77
9
187
123
-97
-272
-190
72
280
229
-68
-398
-333
67
298
174
-98
-200
5
249
239
48
-74
52
193
245
114
142
103
-50
-24
147
348
237
57
-91
-54
58
150
183
72
47
112
11
-146
-132
95
244
70
-275
-384
-114
168
114
-237
-432
-194
120
214
13
-292
-322
-124
37
117
68
-84
-241
-248
16
210
37
-281
-334
-35
156
-50
-352
-331
-57
86
-56
-347
-442
-165
69
-116
-413
-412
-122
162
100
-207
-323
-116
162
227
36
-119
-74
-7
69
168
125
-48
-51
107
197
164
-52
-181
44
293
195
-106
-199
2
216
191
32
-10
105
187
89
14
90
263
350
164
-6
77
260
350
211
-2
-27
126
235
150
-26
-52
74
71
-81
-162
-56
56
-38
-128
-125
-51
72
43
-92
-117
-43
45
112
66
-44
-86
-22
131
187
104
35
28
66
106
93
42
39
121
163
90
-4
-39
53
185
92
-142
-209
-66
109
87
-122
-224
-115
37
62
-44
-104
-34
42
33
-27
-39
25
81
51
-15
-27
44
97
46
-58
-101
-64
-22
-30
-77
-129
-179
-194
-191
-209
-250
-292
-298
-247
-246
-342
-358
-273
-112
-65
-158
-172
-168
-74
55
52
4
1
68
91
72
43
25
69
125
141
54
-66
-89
-29
34
-10
-36
-35
-49
-4
7
19
-1
1
78
131
212
217
128
68
109
210
258
265
255
194
103
110
154
150
145
154
123
53
7
-19
6
8
-23
-9
-27
-29
-30
-85
-86
-36
-9
-26
-52
-46
-6
10
-17
-32
-15
19
70
105
65
1
-9
16
65
101
100
116
131
86
23
54
114
129
115
64
22
9
60
58
2
1
-16
-22
0
4
-10
-30
-110
-111
-9
-4
-21
-31
-69
-111
-85
-33
-34
-35
-87
-96
-83
-107
-98
-117
-148
-173
-168
-165
-200
-254
-269
-198
-148
-176
-217
-220
-190
-157
-123
-103
-111
-112
-80
-31
14
33
14
-10
13
54
44
11
-5
-3
35
51
12
12
37
29
15
22
45
97
127
99
106
115
133
172
181
198
204
216
238
173
130
183
217
187
112
78
113
160
161
81
30
8
-2
14
-14
4
23
-2
-24
-65
-103
-104
-12
28
-14
-33
-62
-32
13
32
63
20
-63
-81
-40
11
27
27
4
-32
-42
-8
34
26
-3
-2
23
24
17
72
109
81
47
31
67
81
71
77
24
15
59
38
16
1
5
30
30
28
25
3
2
39
22
7
19
13
-2
-64
-113
-127
-76
-13
-44
-126
-210
-253
-245
-215
-233
-280
-307
-264
-193
-213
-220
-208
-206
-169
-163
-159
-113
-70
-45
-37
-51
-80
-85
12
97
53
-33
-97
-67
21
79
82
30
22
54
65
99
155
152
119
138
153
141
160
198
217
219
204
178
155
152
171
170
137
105
79
68
71
48
27
42
46
39
19
-25
-19
23
27
26
16
-27
-56
-28
30
47
14
-28
-55
-32
4
-11
-34
-51
-73
-70
-60
-54
-40
-28
-18
-33
-50
13
83
58
32
58
71
97
143
129
61
52
94
112
91
80
90
83
103
46
-36
-29
-12
53
43
1
16
-4
-48
-80
-45
6
55
77
14
-55
-88
-88
-71
-55
-57
-64
-89
-159
-234
-239
-186
-172
-188
-226
-278
-249
-165
-146
-163
-173
-172
-120
-108
-80
-33
-51
-48
-22
10
6
-1
-14
-30
-15
-45
-27
6
23
60
58
40
25
57
96
90
74
77
110
133
147
146
154
165
140
130
123
148
179
127
94
89
71
67
50
19
6
1
-43
-40
9
-1
-12
-1
2
11
3
-9
5
4
44
130
107
3
-62
-41
58
116
94
15
-42
1
9
-21
-11
-8
18
27
21
14
-5
32
31
24
60
98
111
70
56
14
11
46
27
23
29
24
-9
-6
-12
-15
-4
-41
-20
-8
-16
-5
-20
16
40
13
12
19
21
16
53
93
41
-35
-56
-36
-44
-76
-83
-93
-137
-190
-202
-195
-177
-159
-176
-164
-159
-153
-104
-90
-110
-137
-120
-76
-49
-44
-66
-54
-23
21
53
11
-74
-73
2
28
32
-1
-11
26
49
31
-6
28
78
99
119
95
73
118
163
152
135
116
113
143
127
80
83
101
95
67
29
20
21
22
43
30
-6
2
18
17
-12
-19
23
31
0
-9
-9
4
27
29
30
18
-15
-59
-63
17
81
51
-24
-70
-31
53
82
67
16
-35
-10
57
97
66
1
-19
1
6
-1
-15
-12
-1
-18
-3
-30
-66
-17
-6
-47
-95
-88
-68
-53
-43
-54
-25
-7
25
27
-3
3
-1
23
60
87
81
32
27
33
61
80
21
-8
3
4
9
27
-1
-81
-73
-17
-8
-26
-65
-103
-129
-144
-121
-82
-81
-118
-148
-142
-129
-147
-147
-105
-84
-82
-74
-86
-78
-18
25
16
-27
-51
-19
17
47
92
88
56
77
109
110
88
80
94
101
122
169
172
123
74
43
50
84
97
85
57
22
5
25
44
21
-3
-7
-2
-28
-21
-3
-4
5
-19
7
51
52
43
26
48
70
46
3
14
59
91
59
-23
-7
51
76
52
-7
-2
29
45
6
-54
-26
2
-24
-60
-81
-73
-82
-70
-58
-120
-153
-127
-84
-43
-46
-86
-96
-68
-50
-20
-7
-23
-33
-30
0
28
67
64
6
-2
18
47
67
43
25
14
63
106
94
96
58
65
99
97
98
69
37
4
8
16
-4
-32
-60
-46
-40
-64
-114
-174
-176
-158
-124
-112
-126
-138
-170
-194
-207
-183
-125
-108
-91
-86
-84
-52
-35
-15
-18
2
68
81
87
98
97
111
136
166
186
181
154
144
145
166
183
152
122
105
121
120
58
41
51
61
61
51
79
51
-10
-16
-5
32
70
79
20
-38
-14
20
29
34
48
46
7
0
4
-6
-3
13
45
28
-31
-75
-104
-67
-13
8
-6
-82
-126
-144
-138
-128
-136
-105
-107
-132
-111
-90
-86
-79
-93
-118
-91
-63
-61
-51
-61
-93
-84
-54
-28
-3
-8
-18
-14
3
8
29
83
84
99
106
89
94
97
125
133
128
144
137
115
64
22
41
82
86
15
-26
-9
-19
-31
-60
-103
-120
-132
-102
-97
-167
-189
-167
-143
-99
-112
-139
-121
-121
-95
-61
-74
-70
-45
-1
60
70
74
93
114
141
144
149
135
117
147
174
195
184
154
156
155
156
183
193
161
111
56
46
93
104
59
1
-50
-39
6
8
-2
-3
-18
-30
-42
-30
-21
-43
-43
-27
-38
-35
-30
-54
-58
-32
-5
6
-12
-38
-34
-7
-14
-33
-26
-7
-7
-15
-25
-46
-54
-56
-80
-106
-99
-72
-113
-143
-87
-77
-79
-85
-109
-77
-62
-62
-59
-78
-74
-27
-16
-41
-32
-20
-11
-22
-20
26
42
59
68
57
56
55
90
103
81
61
54
90
101
113
106
62
55
18
6
28
15
-18
-63
-67
-67
-90
-86
-75
-76
-109
-138
-132
-139
-157
-141
-101
-73
-49
-47
-35
-22
-9
64
92
92
95
97
126
155
195
179
134
133
136
170
209
190
164
142
126
130
136
150
122
57
28
34
60
47
20
0
-29
-40
-21
-30
-74
-103
-107
-58
-38
-81
-92
-99
-102
-112
-133
-127
-111
-76
-70
-78
-76
-127
-116
-41
-19
-26
-36
-32
-6
12
13
17
32
32
23
4
16
52
58
37
5
9
52
66
54
6
-59
-52
-37
-35
-8
-37
-62
-35
-44
-47
-24
-8
6
-11
-33
-39
-43
5
55
44
37
5
-25
19
65
55
16
-5
22
43
55
71
41
2
3
30
42
45
69
60
2
-50
-58
-72
-64
-25
-48
-51
-62
-117
-121
-98
-61
-51
-61
-61
-43
-17
-9
-1
4
14
32
56
82
98
96
80
72
104
154
172
134
89
94
119
119
129
133
97
69
50
56
61
42
57
48
14
11
-2
-34
-63
-34
-17
-55
-67
-82
-88
-55
-54
-70
-95
-121
-99
-70
-82
-71
-70
-55
-42
-66
-43
-77
-100
-61
-32
23
-13
-37
1
4
46
56
51
39
1
46
72
51
38
35
57
43
12
2
5
-10
-21
-7
-15
-28
-25
-24
-45
-51
-42
-34
-38
-40
-46
-82
-68
-43
-32
-12
-20
-5
0
-26
-28
-19
-19
-11
5
-4
1
18
24
31
26
47
45
-4
12
35
45
64
41
42
46
47
60
24
3
16
16
14
18
22
14
7
7
20
20
40
51
22
58
96
84
52
24
49
81
104
100
55
26
34
52
35
22
22
-3
13
25
2
19
24
-24
-36
-30
-35
-10
-29
-41
-44
-77
-63
-62
-51
-30
-49
-54
-62
-54
-42
-57
-70
-79
-56
-44
-61
-74
-83
-65
-47
-39
-39
-31
-20
-53
-54
-4
40
50
4
-1
26
25
35
40
56
81
56
31
28
40
74
63
29
10
-15
-6
3
1
-1
-29
-32
-21
9
8
-19
-26
-40
-43
-36
-14
-23
-48
-43
-41
-22
-14
-21
-17
-10
-4
-1
-8
-31
-23
19
58
59
22
-6
8
40
58
64
65
65
64
67
62
41
43
67
89
80
38
10
37
76
76
53
41
58
58
39
46
56
73
66
23
0
5
24
33
22
6
-8
-18
-4
1
-1
-3
-29
-46
-40
-42
-38
-26
-33
-44
-54
-62
-39
-12
-15
-40
-49
-28
6
21
-8
-26
-26
-17
1
-22
-33
-20
-30
-31
-45
-69
-75
-74
-58
-63
-75
-72
-77
-83
-73
-55
-41
-41
-38
-29
-23
1
5
-15
-21
-16
11
14
-12
-16
0
22
29
3
-30
-22
1
9
12
1
-7
3
1
-11
8
27
33
26
10
19
28
43
50
28
28
25
22
33
43
57
48
39
41
34
43
48
41
34
32
34
32
26
22
17
11
8
10
22
31
33
30
29
31
35
36
41
48
50
49
45
49
51
44
32
30
39
44
35
19
18
30
39
30
9
-3
3
15
17
8
-3
-11
-16
-18
-12
-7
-9
-23
-30
-22
-7
-6
-24
-38
-33
-18
-13
-17
-18
-12
-14
-29
-44
-41
-24
-15
-30
-54
-65
-56
-45
-48
-63
-79
-82
-76
-63
-48
-40
-43
-52
-58
-50
-31
-18
-21
-37
-48
-44
-31
-22
-29
-43
-54
-52
-40
-25
-19
-19
-22
-21
-15
-5
6
14
17
17
16
21
28
34
32
30
32
37
42
44
47
47
47
44
43
45
51
57
58
56
55
53
48
42
42
43
40
30
23
24
28
25
17
9
8
7
5
3
6
11
13
6
1
3
12
14
7
0
5
13
15
7
3
10
20
24
17
15
22
29
36
36
36
35
35
36
38
39
40
37
33
29
25
19
14
11
14
11
-1
-15
-19
-14
-12
-21
-40
-48
-46
-38
-33
-37
-44
-48
-49
-49
-49
-48
-46
-47
-54
-62
-56
-42
-35
-41
-53
-59
-53
-42
-34
-35
-40
-45
-46
-43
-40
-39
-35
-37
-38
-41
-40
-34
-27
-21
-16
-12
-10
-10
-6
1
6
5
2
-2
4
12
16
13
9
13
23
31
33
32
35
44
52
54
53
53
55
57
61
62
59
51
44
42
45
47
42
32
24
21
21
18
12
7
3
-1
-5
-8
-10
-8
-8
-12
-16
-14
-11
-5
-3
-1
2
4
8
12
14
20
27
32
31
32
37
46
53
57
58
54
53
54
57
62
61
55
49
47
51
57
53
41
32
26
28
25
17
6
-1
-10
-20
-33
-35
-34
-40
-54
-64
-62
-54
-55
-57
-57
-54
-51
-53
-52
-45
-40
-40
-43
-43
-34
-29
-29
-35
-41
-42
-41
-39
-38
-41
-47
-57
-64
-58
-46
-40
-43
-46
-38
-23
-12
-8
-5
2
14
20
21
27
36
44
40
31
29
37
46
43
30
22
20
22
22
22
22
18
12
8
11
14
15
7
0
0
4
9
9
9
8
8
6
3
3
10
10
-1
-16
-21
-16
-14
-25
-38
-43
-42
-39
-38
-36
-29
-25
-22
-15
-3
13
26
33
43
57
72
84
93
102
111
115
113
111
114
119
117
107
94
89
88
81
70
52
39
27
16
5
-4
-9
-14
-25
-36
-43
-45
-50
-62
-73
-74
-69
-71
-80
-84
-84
-81
-84
-86
-84
-79
-76
-76
-75
-71
-65
-60
-57
-54
-51
-48
-44
-39
-33
-30
-26
-23
-14
-4
3
3
3
11
23
30
28
27
29
31
30
28
28
30
26
17
9
9
10
7
0
-9
-12
-13
-15
-20
-22
-22
-20
-18
-15
-13
-10
-9
-10
-10
-5
2
8
12
16
20
24
29
34
41
48
49
47
46
46
48
44
39
34
31
27
23
23
23
21
16
12
17
25
27
24
26
33
39
41
42
44
45
42
40
40
45
49
49
42
35
35
41
45
43
38
38
38
38
34
32
32
27
18
10
8
9
7
1
-10
-22
-31
-35
-38
-47
-59
-68
-76
-83
-85
-86
-86
-91
-96
-97
-93
-89
-86
-81
-73
-68
-62
-55
-46
-38
-34
-31
-24
-13
-1
7
8
5
5
12
20
19
17
16
18
14
8
2
4
7
5
-1
-6
-8
-7
-9
-8
-11
-11
-8
-3
-1
-2
-3
-3
-3
-3
0
4
2
0
-1
2
8
14
18
21
19
19
23
30
35
37
41
42
45
45
47
50
49
47
49
53
56
52
50
51
48
44
43
44
45
40
31
27
26
27
24
20
14
5
-2
-4
-2
-2
-6
-12
-16
-17
-19
-19
-15
-10
-6
-9
-11
-6
1
6
7
7
7
9
12
15
16
13
6
3
0
1
0
-5
-10
-16
-20
-21
-18
-17
-23
-29
-31
-29
-29
-33
-36
-33
-30
-29
-31
-28
-23
-19
-20
-21
-19
-16
-13
-11
-12
-14
-16
-14
-14
-11
-13
-16
-21
-24
-26
-25
-24
-21
-26
-32
-34
-35
-34
-34
-35
-35
-34
-34
-31
-27
-25
-25
-24
-23
-19
-14
-7
-3
0
3
4
13
21
27
30
33
40
44
47
50
53
58
60
57
55
61
65
66
64
65
61
54
48
50
54
52
45
39
35
32
30
28
27
25
20
13
9
7
6
1
-3
-5
-4
-3
-4
-6
-6
-5
-3
0
4
4
2
5
10
16
18
15
14
11
12
14
17
18
14
12
10
10
6
1
-1
-1
-3
-9
-14
-13
-11
-13
-16
-18
-18
-17
-18
-19
-21
-24
-26
-27
-25
-29
-32
-34
-38
-40
-41
-42
-42
-43
-48
-53
-55
-53
-50
-53
-58
-63
-65
-63
-60
-56
-54
-54
-55
-50
-46
-42
-37
-33
-28
-22
-18
-13
-10
-7
-5
-1
6
14
20
23
25
28
30
35
42
52
57
53
48
47
53
62
65
63
61
58
58
55
51
52
52
50
45
40
37
39
38
31
24
22
22
18
13
10
5
2
1
-4
-5
-7
-14
-21
-25
-29
-22
-18
-21
-21
-22
-23
-18
-12
-4
0
2
7
12
17
25
33
40
45
47
48
50
52
53
53
53
49
50
50
47
43
42
41
39
34
33
36
28
21
18
9
1
1
-1
-8
-15
-21
-29
-35
-38
-42
-45
-52
-57
-62
-66
-69
-73
-77
-79
-82
-84
-87
-88
-91
-91
-90
-85
-81
-79
-78
-74
-68
-62
-57
-46
-36
-32
-26
-17
-10
-6
0
11
17
17
24
31
36
45
48
53
60
64
68
77
79
76
80
83
82
80
80
75
69
66
60
54
48
40
36
29
21
14
7
2
-1
-4
-9
-14
-20
-24
-26
-27
-30
-32
-31
-31
-30
-28
-26
-25
-23
-20
-17
-14
-9
-6
-1
6
12
18
23
28
33
35
39
42
45
47
52
54
53
52
50
47
45
43
40
38
34
28
22
16
9
8
5
3
-2
-9
-16
-23
-24
-25
-25
-26
-31
-37
-42
-44
-45
-47
-52
-56
-59
-61
-63
-62
-65
-66
-71
-73
-74
-73
-70
-69
-66
-65
-63
-61
-58
-54
-48
-43
-39
-35
-30
-24
-16
-9
-2
4
10
16
24
30
37
43
48
53
59
64
71
73
76
78
81
82
84
85
87
88
85
82
80
78
76
70
62
52
44
38
31
22
12
4
-4
-8
-14
-24
-32
-39
-42
-41
-42
-45
-47
-47
-44
-39
-35
-35
-34
-34
-28
-22
-15
-12
-11
-8
-3
0
2
1
0
3
9
14
15
14
13
15
19
21
21
22
22
22
23
23
23
21
20
19
15
13
11
8
6
3
0
-1
-1
-2
-3
-5
-7
-10
-11
-10
-8
-8
-7
-9
-11
-13
-14
-15
-17
-19
-21
-22
-22
-21
-20
-21
-26
-28
-28
-22
-18
-20
-23
-27
-28
-25
-24
-25
-24
-24
-22
-20
-20
-21
-20
-13
-8
-8
-10
-9
-1
7
10
12
16
23
26
30
36
42
46
49
52
50
48
53
56
54
49
45
46
44
38
31
25
19
14
9
5
1
-4
-8
-14
-19
-24
-30
-31
-32
-30
-28
-28
-29
-28
-25
-21
-21
-22
-17
-10
-4
-1
1
5
8
11
11
12
16
18
17
15
14
16
18
19
19
18
18
19
20
20
19
17
15
14
17
17
16
13
11
11
13
11
10
6
0
-5
-5
-4
-7
-13
-17
-17
-14
-17
-19
-22
-22
-22
-22
-21
-24
-27
-26
-27
-31
-33
-31
-26
-25
-27
-34
-32
-28
-23
-22
-20
-17
-15
-11
-6
-4
-2
0
2
3
6
7
9
11
14
15
15
15
14
13
12
11
14
14
16
16
14
14
15
17
20
21
22
21
20
21
21
21
20
18
17
14
8
5
8
9
9
4
3
4
4
0
-1
0
2
1
1
2
5
8
6
3
4
8
12
13
12
11
15
17
20
21
22
24
24
22
22
22
24
24
21
18
16
16
17
13
12
11
11
9
3
0
0
-1
-1
-4
-5
-6
-8
-14
-17
-18
-18
-20
-23
-23
-23
-22
-23
-26
-28
-30
-31
-30
-29
-27
-28
-30
-31
-31
-29
-27
-25
-24
-26
-26
-26
-20
-15
-15
-14
-14
-9
-5
-5
-4
1
4
5
4
4
7
9
8
7
8
10
11
10
8
8
12
13
10
7
9
9
4
3
5
12
14
12
12
16
19
16
13
16
21
21
20
19
20
23
23
22
20
19
18
17
17
16
18
17
15
14
14
13
11
8
7
7
7
9
9
10
9
11
10
9
7
4
1
-1
-1
-2
-2
-1
0
2
1
-1
-5
-7
-5
-3
-3
-3
-5
-8
-7
-8
-4
-4
-5
-6
-7
-10
-11
-12
-9
-9
-14
-19
-19
-12
-10
-12
-13
-12
-13
-15
-15
-14
-12
-12
-11
-7
-5
-6
-8
-9
-6
-2
0
1
2
1
0
0
2
2
1
-1
-3
-1
2
1
-1
-1
1
3
2
0
1
1
1
5
8
9
8
7
8
9
8
0
-3
5
4
0
2
-1
-4
4
2
0
4
3
3
7
9
10
6
8
9
7
9
15
14
9
9
15
17
14
13
15
18
19
19
20
20
18
19
19
20
19
20
20
16
14
18
16
17
19
11
8
9
7
8
10
3
2
0
0
0
-1
-1
-4
-6
-6
-9
-10
-12
-13
-18
-23
-24
-25
-25
-22
-25
-29
-27
-30
-31
-28
-31
-29
-27
-29
-25
-18
-20
-19
-16
-11
-7
-8
-8
-4
5
8
8
6
9
12
17
17
13
13
21
25
23
20
21
20
18
13
11
11
13
10
9
5
6
5
2
3
0
-6
-5
-9
-8
-1
-5
-8
-7
-10
-8
-7
-11
-11
-7
-10
-10
-11
-11
-8
-5
-4
0
4
3
5
9
10
10
8
9
16
17
14
11
13
15
15
13
10
7
6
6
6
7
8
8
11
10
8
12
14
11
7
8
11
12
13
12
9
8
6
4
3
3
1
0
0
-4
-10
-10
-7
-5
-8
-12
-14
-13
-14
-14
-15
-15
-15
-13
-12
-10
-11
-11
-10
-7
-5
-3
-3
-4
-4
-1
0
3
1
1
2
3
5
6
8
9
8
10
10
13
16
18
19
21
24
22
19
18
17
15
16
14
13
14
5
-2
5
7
6
4
-5
-8
-6
-10
-9
-8
-4
-3
-8
-9
-8
-8
-1
1
-2
-1
0
-4
-3
0
2
0
3
7
4
3
4
4
2
1
1
0
-1
-4
-4
-7
-8
-7
-5
-5
-9
-5
0
-1
-4
-2
1
1
2
3
4
7
11
8
7
7
8
5
3
5
4
4
10
9
7
7
3
-1
4
1
3
3
-4
-4
2
-1
-5
-6
-7
-3
-1
-4
-4
-6
-10
-9
-8
-7
-6
-7
-7
-6
-9
-11
-10
-8
-4
-2
-1
-2
-5
-3
-1
3
9
10
11
10
11
21
23
20
23
26
27
27
24
22
24
25
23
20
16
13
7
4
1
0
-2
-5
-9
-13
-15
-17
-17
-16
-16
-17
-21
-21
-20
-18
-13
-11
-11
-11
-8
-4
-1
0
0
3
5
4
2
2
5
9
11
7
4
5
7
6
0
-3
-3
2
5
5
4
3
2
5
7
6
3
5
9
8
5
5
3
4
3
0
-2
-1
-1
1
0
2
4
3
0
-2
-2
1
5
4
2
0
0
0
3
1
0
-2
-3
-3
-3
-3
-5
-7
-6
-5
-5
-3
-4
-6
-3
2
3
2
0
-2
-5
-4
-2
-5
-4
-5
-7
-5
-10
-13
-6
-6
-4
1
0
-1
-2
-4
4
12
17
16
14
14
17
20
21
19
16
18
18
19
19
13
9
8
3
3
2
-4
-4
-7
-9
-8
-9
-12
-10
-7
-4
-5
-7
-7
-2
2
0
-3
-2
3
7
9
9
6
5
5
5
2
1
2
2
3
4
5
0
-2
-2
0
2
1
-2
-2
-3
3
5
7
8
7
7
7
8
7
6
5
6
5
4
3
-1
-1
-2
1
4
3
1
1
1
0
-2
-2
-2
-1
-1
-2
-1
-1
-2
-2
-2
-3
-4
-5
-6
-5
-5
-5
-7
-4
-2
-2
-3
-3
-1
2
2
0
1
2
4
4
0
-1
-3
-1
-1
-4
-8
-10
-10
-7
-7
-8
-8
-6
-5
-3
0
3
5
3
3
8
17
20
18
14
15
16
12
6
6
7
7
3
-1
-2
0
0
-3
-6
-8
-7
-4
-3
-1
1
3
5
5
8
10
10
11
14
15
13
10
9
11
13
11
9
7
6
2
1
1
3
2
2
3
4
3
0
0
3
6
8
8
8
8
9
8
6
3
4
4
2
1
2
1
1
-1
-3
-2
-2
-1
-2
-4
-5
-3
0
-1
-5
-8
-4
1
-3
-9
-8
-2
0
-4
-11
-8
-3
-5
-9
-12
-11
-12
-8
-4
-2
-5
-9
-8
-6
-4
-7
-5
-4
-1
-1
-2
-7
-10
-10
-7
-7
-9
-10
-10
-10
-12
-11
-9
-7
-7
-7
-6
-3
3
6
6
3
2
5
8
12
12
13
11
8
3
3
3
2
2
1
1
0
1
2
3
-2
-7
-8
-2
-1
-5
-5
0
5
5
2
3
7
11
13
12
11
12
12
12
11
8
6
6
3
1
3
8
12
14
12
6
3
1
7
12
17
18
21
21
14
6
6
12
16
14
13
15
14
11
10
9
7
3
1
2
0
-2
-2
2
2
0
-1
1
2
1
4
11
13
10
5
3
4
3
1
2
3
7
11
9
5
6
13
20
17
8
3
5
7
7
8
7
2
-8
-8
-4
-3
-7
-7
0
3
-3
-9
-12
-10
-10
-7
-3
-1
-4
-10
-10
-5
1
5
6
2
-4
-6
-6
-7
-11
-19
-24
-25
-18
-12
-9
-11
-14
-17
-17
-14
-13
-10
-8
-9
-13
-16
-18
-15
-9
-2
0
-2
-3
-1
2
2
2
3
5
0
-9
-12
-8
1
8
11
12
7
2
4
10
14
15
14
13
9
-3
0
6
19
25
19
23
23
37
31
22
33
35
30
12
12
5
-9
-6
-8
-12
-14
-5
-3
-12
-11
-13
-15
-17
-22
-27
-32
-39
-45
-44
-37
-23
-11
-6
-10
-12
-3
14
20
15
7
2
2
2
-5
-21
-21
-14
-12
-8
-7
-15
-30
-19
-10
-26
-53
-62
-37
-31
-36
-61
-64
-29
-7
27
29
28
21
27
88
114
100
69
75
88
44
63
161
145
55
186
347
178
-32
82
171
-3
-241
-212
-60
210
395
220
31
3
56
-29
-273
-191
998
2391
2680
702
-1259
-1714
-349
1269
1228
270
-564
363
1370
1051
-445
-2012
-1759
-669
552
176
-1154
-1877
-1779
-1116
-1441
-2029
-2423
-1662
-140
490
27
-677
-380
84
-97
-616
-365
693
1812
1912
1443
1140
1277
1228
768
432
606
1001
1251
1160
768
336
136
-48
-566
-1193
-1299
-750
-100
6
-492
-1059
-1201
-1035
-959
-1048
-949
-432
174
329
49
-57
329
752
659
245
211
770
1357
1410
1056
748
611
440
150
-92
-62
231
462
389
64
-303
-525
-581
-666
-924
-1039
-789
-380
-81
-148
-531
-868
-775
-333
-56
-3
108
348
547
505
317
202
288
439
411
331
387
564
659
496
213
-47
-164
-144
-97
-81
-168
-234
-247
-261
-324
-439
-483
-472
-390
-272
-85
108
156
107
23
45
129
209
334
424
429
389
418
430
343
242
136
111
121
92
63
8
-61
-173
-236
-248
-303
-372
-419
-351
-256
-169
-135
-136
-107
-70
-15
-35
-23
67
210
321
321
288
231
245
285
294
211
86
55
98
177
106
-82
-213
-199
-134
-207
-303
-331
-282
-198
-173
-198
-272
-297
-222
-113
-23
-15
3
57
113
142
109
108
124
157
190
182
178
189
197
134
36
-8
11
25
-35
-123
-158
-120
-78
-96
-144
-174
-194
-208
-184
-127
-81
-49
4
58
56
20
21
60
108
138
127
126
162
199
207
154
62
-12
4
72
123
126
73
6
-50
-89
-105
-94
-72
-46
-26
-33
-50
-83
-89
-60
-6
37
32
46
65
77
83
82
65
31
54
92
84
47
24
37
50
29
-33
-83
-82
-52
-40
-38
-58
-91
-99
-91
-70
-73
-74
-68
-44
-4
1
6
17
51
60
35
18
28
93
145
149
81
14
15
28
14
-18
-26
-24
-26
-15
-3
-21
-79
-135
-135
-76
-19
4
-1
-15
-16
-1
13
-4
-36
-30
50
148
172
99
6
-31
-21
4
29
30
17
9
-17
-48
-67
-82
-84
-63
-42
-34
-40
-58
-69
-46
4
42
41
6
-18
27
115
153
121
72
57
95
133
113
55
24
46
88
101
51
-26
-49
-29
-41
-79
-106
-93
-60
-76
-137
-153
-97
-44
-22
-45
-91
-77
-34
-5
-7
10
46
39
31
38
60
88
94
80
67
67
73
89
101
77
6
-39
-31
-4
10
-6
-7
-3
-4
-39
-75
-70
-47
-15
-2
18
19
1
-5
-8
5
9
27
51
71
82
52
6
-27
4
70
94
57
-10
-41
-24
22
52
18
-56
-95
-59
-8
1
-26
-45
-51
-58
-54
-54
-39
-28
-32
-21
-40
-73
-87
-41
21
35
8
-42
-37
1
15
-3
-18
-8
10
44
30
-3
-8
22
57
35
0
-2
37
59
28
-5
-5
22
34
17
-27
-56
-37
18
70
64
12
-22
-14
11
24
14
23
61
77
53
19
0
-1
9
27
41
40
39
18
-23
-38
-26
-16
-18
-33
-41
-37
-32
-34
-48
-57
-53
-36
-14
-9
-25
-37
-28
-4
14
23
41
38
17
15
27
44
57
55
49
59
65
57
15
-17
-21
6
53
63
33
-26
-57
-39
-30
-27
-37
-22
-7
-16
-41
-71
-69
-42
-4
3
-34
-65
-44
10
33
12
-20
-20
7
26
21
9
9
17
30
44
45
14
-22
-40
-16
28
36
18
0
-6
-8
-6
10
6
-2
4
17
30
33
16
-5
6
41
45
17
10
40
55
28
-10
-7
25
31
3
-23
-25
-13
-7
-15
-38
-60
-49
-14
5
-17
-51
-56
-47
-49
-58
-43
-15
5
14
6
-14
-22
-11
-2
-9
2
43
76
58
13
-5
26
43
11
-23
-14
50
85
52
-17
-61
-39
3
17
-7
-25
-2
38
49
8
-46
-48
-1
22
-3
-41
-8
74
106
54
-32
-37
22
58
49
4
0
49
99
70
-17
-65
-43
7
40
40
28
29
29
-2
-60
-116
-119
-46
46
57
7
-45
-57
-54
-47
-22
-19
-10
14
51
60
7
-40
-50
-5
42
43
13
-7
33
85
92
23
-70
-91
-46
27
51
17
-16
-35
-15
-12
-36
-61
-62
-17
10
0
-25
-11
35
40
-3
-56
-53
4
74
108
87
39
1
-3
12
14
-9
-12
33
77
68
14
-30
-48
-39
-23
-14
-12
-11
-14
-14
-10
-11
-10
-13
-8
-1
5
32
46
57
34
-12
-15
19
60
56
22
-5
-17
3
41
64
42
-12
-53
-62
-47
-33
-23
-12
4
5
-27
-60
-58
-31
-17
-28
-30
-4
32
40
14
-6
-4
-3
-12
-5
35
72
81
60
17
-33
-53
-33
-3
2
-3
10
29
9
-50
-93
-82
-42
-27
-30
-15
18
33
-1
-65
-101
-68
16
69
63
32
27
53
67
34
-12
-7
57
101
85
44
23
35
41
16
-26
-34
7
54
52
-8
-59
-37
15
14
-55
-97
-50
36
72
33
-28
-46
-17
17
20
-3
-11
16
49
49
20
-2
-9
-8
-9
-15
-22
-22
-11
2
-5
-38
-70
-71
-48
-32
-34
-35
-20
-3
7
6
-4
-21
-23
6
56
84
67
37
38
64
78
59
32
33
55
62
44
23
18
12
-15
-48
-65
-48
-19
-6
-19
-44
-59
-53
-38
-31
-37
-39
-29
-8
7
11
20
36
42
29
13
18
44
60
60
61
71
62
13
-47
-56
-1
60
60
-3
-56
-44
-9
-24
-90
-125
-69
26
54
-12
-88
-85
-15
30
5
-36
-27
28
66
56
25
6
3
6
15
24
31
37
41
24
-17
-38
-17
8
-16
-64
-63
0
35
-16
-93
-93
-16
38
-1
-76
-80
3
83
74
0
-49
-18
51
81
47
3
10
68
102
71
12
1
41
61
16
-41
-28
48
94
54
-26
-59
-33
-2
-11
-29
-13
32
52
21
-36
-69
-55
-20
4
23
47
56
26
-28
-63
-49
2
47
49
16
-11
-2
19
9
-32
-52
-24
20
30
0
-22
-4
21
2
-45
-58
-19
22
34
21
5
-5
-18
-33
-32
-13
6
15
20
19
7
-5
-13
-30
-55
-50
-2
35
23
-10
-13
11
20
-13
-50
-39
18
68
65
33
19
21
9
-17
-24
11
60
85
70
31
-4
-18
-15
-14
-26
-36
-17
19
31
-3
-48
-62
-50
-46
-56
-48
-11
25
28
0
-24
-24
-9
2
17
41
65
72
53
24
9
13
31
39
31
12
3
11
17
4
-22
-39
-34
-27
-28
-35
-36
-39
-40
-34
-21
-10
-9
-9
0
13
19
18
19
30
45
56
55
46
30
14
13
32
55
57
26
-15
-32
-15
14
18
-11
-46
-51
-22
5
-4
-41
-63
-44
-5
13
-4
-29
-31
-8
13
17
8
5
14
25
28
25
25
28
29
20
9
9
24
31
17
-10
-24
-13
7
8
-7
-17
-13
-4
-12
-38
-58
-46
-8
20
9
-26
-45
-25
13
31
12
-17
-20
11
39
26
-16
-36
-2
53
61
8
-53
-57
-7
37
32
-12
-46
-42
-15
-6
-20
-35
-27
-3
12
5
-7
-7
7
12
6
7
24
44
44
27
20
33
46
40
17
3
7
25
32
23
5
-11
-11
-7
-8
-21
-30
-17
9
16
-16
-61
-75
-39
7
27
15
-8
-16
-1
20
22
2
-9
14
54
64
32
-10
-19
3
25
31
27
30
31
17
-15
-36
-23
14
40
26
-18
-53
-49
-15
7
-4
-27
-26
0
13
-4
-31
-33
-7
18
18
3
-2
16
36
36
16
0
7
32
52
55
47
39
30
21
9
4
10
25
33
23
-1
-19
-21
-25
-44
-59
-41
1
25
4
-42
-66
-50
-17
-4
-17
-34
-24
17
50
46
6
-20
-9
24
44
45
43
49
54
41
18
4
13
28
29
14
1
0
-3
-21
-47
-53
-38
-20
-27
-48
-56
-39
-20
-24
-47
-60
-45
-16
2
-1
-8
-2
16
30
28
16
16
32
51
48
31
20
28
46
48
27
-1
-13
-6
5
7
-3
-19
-32
-36
-32
-30
-37
-48
-46
-29
-12
-12
-27
-36
-25
-4
5
7
14
28
37
33
23
21
26
28
23
20
27
39
41
23
-3
-19
-12
8
18
3
-23
-40
-37
-27
-23
-22
-16
-6
-5
-17
-28
-30
-17
-3
4
6
7
11
19
23
22
13
10
17
29
37
34
21
9
-2
-9
-7
5
19
22
15
6
0
-5
-11
-15
-11
2
16
20
13
6
1
2
0
-6
-4
15
40
48
24
-13
-32
-19
5
14
8
3
8
11
0
-19
-23
-8
14
24
12
-9
-13
2
18
12
-10
-16
5
30
35
16
-7
-19
-13
-2
5
1
-5
-5
-3
0
-7
-18
-24
-20
-8
3
2
-8
-13
-10
-4
0
-5
-5
3
15
20
19
16
23
24
16
4
-1
9
21
21
9
-10
-22
-25
-18
-7
-4
-12
-22
-27
-19
-15
-27
-43
-45
-22
4
8
-6
-20
-19
-5
5
7
6
15
31
37
26
12
12
24
29
24
24
36
42
30
-1
-21
-12
7
15
4
-4
4
17
16
-5
-33
-38
-18
17
37
30
9
-9
-16
-14
-5
11
34
39
25
2
-9
-4
9
15
10
4
6
14
13
2
-13
-17
-12
-8
-12
-13
-9
-2
-3
-13
-21
-23
-16
-8
1
8
10
4
-3
-5
-1
4
7
8
11
12
11
13
14
13
9
5
-3
-10
-8
10
28
19
-15
-38
-31
-2
16
10
-3
-8
-3
1
-4
-9
-5
5
11
4
-8
-11
1
14
12
-3
-17
-13
2
12
3
-11
-15
-6
1
-6
-14
-10
5
13
5
-9
-19
-19
-11
0
11
14
12
8
2
-10
-19
-13
9
27
24
1
-17
-15
2
13
9
0
0
12
23
19
1
-11
-6
11
21
16
7
8
15
11
-4
-12
0
17
22
10
-4
-2
8
10
4
0
10
18
17
5
-3
-3
7
17
15
7
-2
-2
-6
-17
-22
-5
20
23
-2
-31
-27
5
26
15
-14
-23
-1
29
31
6
-16
-11
15
35
29
12
4
20
37
33
13
-4
2
16
20
9
-1
2
9
8
-7
-20
-18
-6
4
0
-9
-18
-22
-21
-22
-24
-21
-14
-13
-22
-28
-19
-6
-3
-11
-15
-3
12
12
-1
-7
8
29
32
9
-15
-7
28
52
31
-15
-38
-15
23
29
0
-24
-15
5
-1
-29
-39
-7
32
29
-9
-31
-9
27
23
-19
-43
-13
43
63
25
-21
-28
11
40
26
-14
-26
10
46
36
-11
-41
-28
-6
-5
-21
-19
12
35
10
-43
-71
-44
7
31
11
-21
-24
1
29
25
-4
-24
-13
18
42
40
23
4
-4
-4
-2
3
9
16
22
23
11
-6
-18
-12
6
17
8
-10
-18
-8
4
3
-9
-15
-6
5
5
-8
-15
-5
23
37
23
-6
-18
-2
24
34
23
8
5
10
10
2
-9
-7
3
14
14
3
-4
-3
1
2
-1
-8
-15
-12
-1
10
8
-5
-15
-15
-7
-1
2
6
10
11
5
-5
-11
-6
5
8
-3
-17
-18
-5
3
-4
-22
-28
-17
0
6
1
-4
2
7
7
6
11
22
33
25
5
-4
8
34
43
23
-7
-17
-6
11
9
-5
-14
-7
2
-6
-21
-29
-20
-3
3
-3
-13
-10
0
6
4
-1
3
15
28
26
16
17
33
45
34
6
-9
3
25
30
