53
-81
-55
77
27
-93
-18
88
-9
-65
65
90
-36
-28
107
67
-60
17
109
12
-56
43
83
-33
-21
94
52
-20
22
87
23
-44
50
70
-21
-13
81
74
-39
4
97
19
-44
30
75
-17
-27
71
35
-53
-17
67
-4
-79
72
85
-21
-47
93
58
-77
31
79
-14
-104
86
60
-64
-62
106
6
-73
27
117
-49
-76
76
40
-95
-39
77
-29
-121
34
70
-53
-59
64
21
-100
-25
54
-59
-101
50
75
-52
-32
86
5
-98
9
49
-68
-71
83
44
-89
3
65
-37
-93
12
22
-108
-18
83
-32
-75
26
41
-105
-95
55
-51
-129
3
46
-115
-99
79
0
-142
37
127
-80
-49
65
28
-157
10
78
-36
-135
72
44
-162
-34
83
-72
-127
57
24
-123
-58
31
-46
-77
62
1
-74
4
144
-38
7
50
-19
-123
31
78
0
-52
50
33
-99
73
58
12
-70
64
60
27
66
57
-38
-49
72
-6
-40
7
86
-70
16
6
54
-29
-9
-45
-5
54
15
-30
-29
55
-26
35
8
18
-38
54
71
88
-14
85
-1
-23
48
2
-35
-24
29
-37
43
-46
101
-89
-52
39
-3
0
34
54
-15
14
23
8
5
48
-15
34
88
72
-14
64
-6
37
-61
76
62
-25
-28
8
83
8
29
92
40
-25
-4
65
33
3
-10
45
11
7
11
32
48
-37
25
61
47
20
36
51
-7
25
0
57
-18
1
34
4
11
-28
30
-67
-5
-47
53
-62
-29
-15
-20
-15
-17
36
-53
-36
-34
-23
-10
-59
-13
-96
-39
-90
12
-66
-18
-73
-11
6
-58
12
-80
-7
-75
-25
-21
-3
-31
-64
7
-32
41
-51
-10
-69
-32
-57
-53
-12
-69
-37
-62
5
-98
15
-23
-74
-103
10
45
-81
6
23
-21
-54
86
68
-46
27
19
8
-29
116
34
18
-16
83
1
37
40
66
43
-4
102
-2
24
15
52
-77
43
83
16
-19
8
83
-69
11
28
42
-73
44
105
-20
-16
-8
62
-70
15
48
69
-43
55
59
76
-72
44
101
-39
15
36
102
-50
47
40
44
-36
82
70
-1
84
79
68
-47
65
27
9
1
84
-15
-10
45
92
26
7
64
-5
-6
61
62
21
-1
14
-2
-3
-37
33
-62
-5
-3
0
-2
21
11
-35
-40
-7
50
-78
-35
9
38
-51
-24
57
-66
-125
-16
13
-80
-73
18
-41
-82
3
64
-19
-98
6
-21
-29
64
56
-31
-99
71
-14
-6
3
-2
-127
-88
57
-49
-97
6
114
-116
51
99
7
-89
19
80
-51
52
91
14
-65
102
-9
-48
-5
-5
-30
-110
114
-49
-101
-4
23
-146
-4
92
-107
-62
-3
66
-225
-12
53
-63
-178
41
-16
-89
-88
20
-68
-130
17
-10
-109
-13
-72
-74
-99
-43
-14
-150
-1
-16
-40
-33
88
-76
39
-48
-15
-19
11
47
-38
51
6
-6
16
30
-73
113
-44
3
40
38
63
-58
108
-8
-19
14
124
-32
48
27
74
-46
-40
166
-133
-15
-14
141
-168
30
60
19
-119
111
19
-119
126
-13
100
-142
166
-115
113
-35
138
-82
-12
22
-4
28
-29
129
-168
82
-48
136
-85
142
-20
40
-3
37
84
-72
123
-67
159
-101
133
-63
94
-98
59
23
-35
19
36
112
-143
95
-57
177
-185
157
-65
55
-109
187
21
-42
49
6
50
-57
104
-116
58
-83
95
-83
110
-47
98
-94
17
70
-82
-9
-17
80
-113
76
-156
184
-128
60
-94
149
-22
-19
24
-8
21
-120
111
-112
186
-233
254
-194
154
-188
196
-222
36
-139
-29
41
-42
108
-114
163
-168
94
-153
126
-112
93
-82
42
-98
40
-40
18
-2
-5
8
-61
140
-65
100
-173
273
-210
96
-107
161
-110
29
77
32
-52
2
151
-129
82
-5
147
-122
165
44
70
-5
195
41
-10
128
35
46
-75
235
-53
75
24
198
-169
108
-7
90
-130
41
29
-179
128
-49
160
-235
220
-184
138
-216
242
-166
90
-99
122
-64
-5
52
-22
61
-142
180
-216
115
-210
204
-235
147
-164
128
-194
136
-33
59
-43
7
88
-80
125
-106
209
-201
252
-156
202
-173
208
-111
149
-40
90
-47
49
33
-34
87
-43
115
-113
105
-112
142
-185
128
-91
86
-105
38
-11
38
-26
-22
86
-97
53
-95
185
-210
128
-140
100
-147
65
-108
46
-127
-16
-54
-114
-14
-129
3
-109
96
-219
50
-175
35
-203
88
-98
-37
-77
-19
-35
-137
71
-96
75
-213
156
-168
113
-180
214
-162
113
-129
107
-137
-2
-46
25
-38
-47
-22
-92
-18
-142
24
-157
134
-188
146
-161
102
-135
62
-85
39
-38
7
-16
-35
30
-105
47
-116
66
-165
46
-85
26
-84
61
-53
3
-110
25
-5
-28
-35
12
28
-147
88
-106
106
-168
149
-123
85
-71
117
-20
48
16
17
21
-36
86
-64
59
-86
72
-64
51
-4
83
-119
131
-57
57
-39
20
5
42
25
45
60
-85
41
-72
35
-145
131
-123
100
-132
122
-95
37
-65
90
-95
94
40
-25
11
-31
53
-137
49
-46
68
-205
202
-80
133
-107
235
-147
55
-91
52
-69
-13
38
-57
15
-80
113
-154
-4
-132
26
-245
103
-204
29
-204
19
-171
-75
-128
-58
-165
-43
-88
-77
-71
-34
-5
-125
59
-104
7
-119
96
-183
24
-115
54
-210
-15
-96
-10
-159
83
-119
57
-132
130
-121
6
-18
23
-15
-24
102
-77
54
-89
65
-114
111
-107
189
-190
106
-55
86
-68
20
-84
84
-90
54
13
6
9
-23
9
-38
-26
10
1
1
88
-57
109
-52
85
-78
93
-75
116
-32
121
112
1
111
47
78
47
126
-8
121
-25
164
-31
185
78
15
103
77
71
67
52
131
27
148
93
86
65
44
25
88
-36
139
69
45
45
153
12
91
131
102
-54
149
-43
66
-14
108
15
103
44
155
4
113
21
42
-110
53
55
12
-42
86
83
-35
54
10
20
-149
39
-12
-63
17
33
-2
-44
-51
15
-118
11
-59
94
-92
55
-78
88
-79
5
-59
-28
-51
0
13
-51
-13
96
-60
-99
-14
-101
-73
-30
55
-86
-72
29
39
31
-29
-27
-9
-60
42
19
-92
-27
38
-52
87
35
61
-139
32
70
20
-34
33
30
-13
61
21
43
54
60
91
31
40
-25
29
28
56
68
87
28
-33
65
70
60
-61
109
28
-49
25
46
-48
-31
14
61
2
-62
-25
-14
29
16
73
-8
69
-139
1
15
85
-211
38
-87
43
-86
79
81
-27
-19
15
49
-56
49
40
-95
38
-33
57
-12
-40
-57
20
112
-67
6
37
1
-3
-81
150
-6
-23
-204
133
-60
-102
27
60
16
-35
71
80
82
-50
59
75
28
-95
145
70
25
15
124
-2
-32
-30
-7
-1
-26
35
139
-9
73
-80
-14
25
65
30
-20
17
-21
129
51
-33
45
-13
78
-85
73
88
55
56
133
54
-99
30
21
-44
64
20
12
-3
98
128
53
28
47
123
-26
59
56
-13
-142
14
42
-49
-3
91
5
89
79
107
-153
-33
-102
107
-60
171
-11
17
-93
163
-44
-124
57
-65
-1
-192
186
-63
-3
-119
143
-86
-72
-97
114
-54
35
29
74
-179
9
-124
-74
-92
37
24
-38
32
85
86
-42
-38
71
-89
0
42
-7
0
-18
-105
-116
7
-96
112
-33
-25
52
-57
-185
-22
2
-115
-7
69
-11
94
-53
78
-67
-62
-108
66
-68
-16
147
-98
71
-122
29
-105
85
-38
4
-48
104
-72
20
-37
95
-202
132
-110
-3
-63
33
-124
31
6
-72
-73
-77
-63
-50
-100
55
-82
-31
51
-26
38
1
77
-16
0
48
-106
20
-86
115
-173
58
-55
1
-97
219
-65
-69
117
31
-100
-96
229
-74
-74
9
70
-161
-54
74
19
-81
-34
102
8
-23
119
77
67
137
67
50
15
20
-3
-34
-27
-22
60
125
134
45
152
-96
37
-107
241
-88
21
27
25
56
-6
88
-161
123
-254
113
-258
323
-138
105
36
59
3
-150
203
-172
-60
-126
276
-72
-72
-98
68
-50
-104
127
-46
131
-250
122
-53
242
-158
213
-99
83
-38
-75
-41
57
-71
195
172
165
51
44
-12
33
20
-166
265
-157
-33
-173
126
-261
-180
-87
29
-159
-284
20
8
-86
-138
109
-4
-116
-188
201
-85
51
5
40
155
-118
159
-185
143
-199
30
-163
225
-189
-12
-55
183
106
-235
298
-231
38
-265
379
-367
113
-363
410
-345
141
-151
136
-125
-110
228
-105
157
-265
355
-191
173
-214
112
-127
-74
39
-5
81
-192
-87
-216
-32
-130
178
-29
27
-88
9
-16
37
38
-133
136
-31
-93
-99
227
118
-116
251
-38
233
-253
338
35
4
-128
188
8
-122
268
-1
-69
-174
401
-48
-70
1
153
-194
-286
23
-7
-228
-81
90
-137
-40
88
19
-10
-87
103
-43
4
-28
5
33
-122
78
-135
13
-140
55
83
-25
96
16
190
-226
164
-38
161
-187
143
4
84
-86
150
-22
-12
-10
50
-84
-60
68
-165
87
-163
165
-318
182
-162
145
-243
161
156
-15
116
120
136
-323
345
-101
180
-376
344
-211
-10
-145
412
-241
40
-149
263
-241
-14
154
5
57
40
35
160
-118
158
-131
159
-13
205
-134
224
-63
103
-112
105
-108
-10
17
-47
-4
-20
17
50
-175
162
57
71
-3
-17
167
-334
140
-9
299
-92
101
4
3
-167
25
-21
-139
-112
91
-136
38
-96
133
-267
21
195
-78
-34
-144
224
-276
53
-211
332
-543
382
-171
368
-428
451
-168
239
-134
407
-225
18
-133
191
-190
-141
114
-153
71
-157
290
-242
266
34
125
-128
177
-25
-204
151
33
82
-186
56
76
-14
-20
132
25
-102
234
0
-63
-20
25
-104
-317
120
-89
-213
28
44
51
-23
3
161
104
7
230
-118
43
-179
103
-53
76
-29
-55
234
47
141
37
254
-380
250
-251
339
-249
276
8
-23
10
-64
65
-248
300
-90
144
-61
179
-59
77
140
93
-101
180
227
-28
-50
183
-62
-109
32
416
-147
139
76
134
37
165
183
-52
9
180
172
-257
300
-7
-43
14
429
123
-168
109
93
65
-266
436
-167
186
-341
407
-321
169
-196
437
-232
171
183
59
-114
-18
131
-110
103
-28
259
-196
343
-153
233
-221
233
-145
69
112
70
-9
-35
59
51
-238
243
-114
56
-233
171
-35
-115
-21
20
-225
-163
41
-81
-7
-40
318
-265
179
-307
163
-249
98
-83
108
-370
248
-290
79
-452
93
-228
51
113
200
-22
-133
23
32
-91
-46
55
-140
-47
-47
244
-44
-89
94
-7
-102
188
-58
261
-202
277
-26
309
-203
191
-117
41
-79
222
-222
75
-207
-212
-98
-210
-74
-180
83
-10
62
103
29
7
-160
-5
45
31
107
59
150
-245
134
-12
91
-243
-69
-39
-117
-15
-176
-32
-420
0
-231
11
-44
233
-198
127
-138
88
-53
-116
-141
-30
34
198
61
-48
-21
-35
-73
129
430
11
37
-258
133
-235
-194
-27
-7
-87
-279
322
-131
-22
21
-9
-18
-69
6
-47
-55
54
-216
-102
-87
149
-60
-191
112
36
-257
10
158
-100
-88
240
157
-123
154
-11
12
-122
295
136
68
66
97
50
-123
-128
-30
-131
73
-194
8
-186
-27
-1
-136
188
-173
251
-159
203
-166
209
-219
72
-144
11
-60
157
-86
191
-109
49
-91
-19
-109
-110
-143
-210
-163
-187
-134
-77
121
-97
-7
169
-312
37
-99
55
-154
96
15
-120
-42
38
-18
-67
195
26
143
195
138
-58
-23
98
-142
-148
-69
43
50
-268
183
-214
-137
-195
102
-97
-67
397
-114
-27
106
217
-18
-4
241
39
-40
-15
403
69
136
237
115
-144
79
106
12
216
105
200
-7
30
-220
-205
-256
169
-279
116
-99
270
-209
201
-12
66
-98
105
100
-110
102
185
56
-18
81
100
94
-113
-11
94
-34
-70
69
122
-173
-114
120
-162
104
-234
4
-27
-194
-89
140
-70
88
-245
32
109
24
201
-119
-39
-155
-64
105
-52
-23
161
-116
26
-161
199
-237
260
-69
186
-19
157
-198
155
-292
69
-174
39
-48
-78
-80
-56
-86
-239
-104
307
-195
189
-32
122
-79
-2
3
-66
-22
-175
-1
-129
30
43
-56
-84
48
-19
-186
-6
188
-46
59
57
64
-41
-149
79
-89
-181
14
187
11
-110
163
92
-43
51
-64
102
104
-255
32
-56
36
-278
-76
-58
172
-132
-71
203
158
-41
-84
253
69
99
-32
159
-183
-215
-78
-140
-181
-284
-7
61
190
84
283
159
85
77
-237
126
-154
-164
-149
166
-15
-170
46
-32
89
-185
175
95
82
-152
379
61
-129
-78
30
-29
-116
70
12
-122
-205
221
100
-53
16
38
7
-139
151
-144
25
-135
117
22
74
186
-198
109
-107
377
-71
153
185
54
-47
24
94
53
-117
-171
60
31
-192
148
-125
-112
-233
216
-236
35
-221
-168
217
-202
165
-78
333
-417
299
26
150
127
33
236
-399
144
-350
6
-186
154
-221
-31
154
-130
-284
196
243
-222
-58
-66
374
-357
158
335
213
-90
183
478
-327
147
-76
170
-9
296
217
-205
30
-130
107
-200
233
-152
259
106
354
131
19
-12
120
-164
-243
39
10
-495
-8
66
-102
-30
93
129
10
-10
12
396
-241
202
71
140
-163
337
-383
-177
336
-206
480
-83
501
-177
194
-291
221
23
-23
59
224
28
-275
324
-209
248
-216
378
-103
187
-283
53
108
-227
296
49
470
-96
346
34
425
-253
244
160
152
-137
61
255
-282
-10
-176
358
-26
-19
322
-194
205
-186
504
-513
307
-357
107
-315
41
132
-418
54
102
273
-309
271
-205
199
-194
232
28
-172
33
-12
278
-155
-82
-122
-349
-153
-23
158
-316
-205
-31
337
-301
324
-14
50
-92
-39
310
-110
187
-184
133
-69
18
-191
-310
-109
-151
-109
-203
351
-263
193
-58
392
-268
125
146
167
-153
50
74
-117
-56
-293
249
-164
125
69
133
-119
23
-58
60
220
-44
123
21
375
-388
212
-86
122
134
-16
236
-52
-193
72
374
-303
300
190
113
-218
432
57
311
-225
425
222
-3
49
311
89
-189
343
-291
330
-327
564
-283
373
-25
212
-101
261
180
178
172
-7
177
21
128
-231
100
-203
-63
-373
156
-52
-28
-21
104
-54
-166
136
120
-132
90
18
1
-378
109
-222
204
-240
123
-141
-1
-213
123
-77
123
-28
-179
241
-55
58
-342
217
-386
366
-334
299
30
126
-71
358
-131
134
-217
208
-230
-152
-218
126
-103
-285
108
-31
92
-87
450
-68
-71
-177
27
-157
-221
51
-231
87
-192
51
-101
151
-76
78
-98
144
149
-74
22
-123
-183
-192
-36
-203
-268
25
71
-175
-15
-527
-82
-444
0
-76
77
-152
16
-200
252
-240
123
25
60
128
52
-28
27
-3
-59
-60
-144
-49
-312
23
-194
-109
-116
20
-346
255
-379
396
-245
288
-170
-159
310
96
64
-76
-171
-108
-126
-114
259
-256
217
-74
118
-211
241
246
-252
92
308
-6
-158
9
57
-236
-151
451
-144
-123
246
101
-117
145
64
164
-342
258
10
-167
-213
54
20
-233
-93
-64
-71
30
-55
150
-14
5
75
-47
-8
230
-23
89
17
78
-153
146
-279
42
-85
185
-92
264
-277
29
-171
-29
-435
-92
6
-227
0
211
190
37
-27
24
-38
-314
31
-160
-24
-48
206
-70
17
-150
-137
73
-91
-53
0
-10
194
-116
28
-102
-149
-13
-393
31
-46
-148
188
-96
207
76
73
374
17
-8
-77
-76
-84
-396
221
-166
11
-271
145
100
-168
230
-76
136
7
184
-249
141
-30
40
-222
156
-146
-114
-224
30
-221
-112
-36
25
156
297
266
31
21
-2
127
-13
62
-70
-143
23
201
-347
-178
137
-44
-411
225
55
-11
-202
377
-53
68
-155
183
-407
64
32
132
-208
396
-55
108
-83
6
-31
-140
35
72
38
55
-107
72
26
-13
129
-123
229
-316
56
-196
43
118
-258
32
-7
-57
25
-242
85
-10
27
-61
-17
8
-63
-271
83
-18
172
78
96
85
137
79
-112
155
-351
-61
-178
-358
-107
-92
342
-183
-1
11
-115
-283
-205
254
-182
-182
27
-66
-127
-395
629
-175
-37
377
-23
165
-294
508
-122
-321
236
17
238
-385
57
486
-486
475
-474
511
-302
29
168
-366
261
-81
-51
80
-400
267
-381
34
-49
86
-11
89
294
-54
-318
338
-130
6
-218
95
324
53
445
251
-167
340
-268
313
-695
443
128
-108
-19
-144
264
-383
43
-3
-96
321
-38
189
-356
315
-98
-212
-146
163
20
-191
194
117
-24
-298
110
42
-361
-36
-23
236
27
81
-256
-112
262
-203
-243
-151
83
-220
-178
-312
89
86
-402
308
-91
224
69
-54
319
-45
146
79
-71
147
-22
138
-179
120
220
-83
-4
-201
310
84
33
219
72
242
-109
189
47
-256
215
-151
-147
-105
10
234
-597
388
-127
4
68
-29
236
-185
211
280
-161
275
-172
196
-582
397
17
-63
108
153
479
-249
-9
-16
-193
292
-220
202
-80
339
-220
-300
66
56
-402
271
-82
316
-101
198
-108
-17
-187
162
-201
-114
-129
-163
-117
82
-134
84
-223
98
-311
-88
-96
109
1
70
45
-81
-4
19
-30
-66
63
-123
86
-240
64
54
-270
3
-222
161
95
-166
-53
43
-89
-140
-78
2
137
-368
51
-410
151
-32
-18
154
-94
148
-263
173
28
116
124
-158
268
-324
195
-132
-145
270
-185
165
-145
21
-112
-3
31
-223
225
-236
-74
-144
-113
154
-232
-7
-17
97
104
-134
94
-13
181
32
215
-30
280
-144
49
213
-349
97
-25
78
175
-450
341
-388
164
-395
117
50
-90
300
-324
349
51
265
-20
102
14
108
-80
356
-248
207
-45
106
267
27
466
-108
168
-61
166
23
106
383
-276
147
-49
65
-10
105
370
411
-439
152
174
-67
-15
99
106
-57
-178
-102
-154
243
-71
168
-292
258
54
99
-71
20
-65
-127
-285
-316
159
-180
137
-146
-3
241
-123
138
-228
-63
-74
-456
-106
-130
-259
-176
-426
274
-226
76
294
-111
145
-341
234
-355
-25
-243
247
72
-177
240
-350
257
-338
428
118
-15
241
-312
465
-497
279
-174
99
77
116
560
166
274
217
228
64
-6
233
-67
-207
-16
-166
-17
-330
-28
11
24
-167
126
-61
-133
50
-243
27
-315
-110
148
38
60
-46
142
-347
126
-227
102
40
204
-178
-122
184
-117
274
-120
-23
-108
20
-224
-243
-259
75
-192
-30
166
-24
52
-233
-261
-236
-276
470
-50
9
427
-21
206
-371
71
116
31
-139
180
330
-165
69
-465
261
-109
-183
-49
-126
151
-128
14
-298
-35
-39
-81
-383
-549
274
-25
104
26
241
35
119
-166
-4
215
75
134
-454
389
353
-125
-405
-80
64
111
-68
69
146
-128
342
-414
-273
421
-285
-128
-148
196
221
62
82
142
2
-78
316
258
57
300
85
208
103
29
-15
271
366
-219
14
-122
64
273
76
502
-36
270
69
188
-61
403
420
143
520
155
459
-109
168
169
-166
162
-250
171
67
512
-248
35
-166
232
-121
-275
68
-125
251
-261
340
-115
371
-328
-128
79
25
-197
-121
114
198
147
162
-82
302
-298
209
-140
241
245
123
18
238
56
-34
-279
-145
-104
-150
-80
-80
-181
91
41
-229
83
347
134
9
-146
164
289
-121
-134
30
-87
-153
77
-112
-100
-26
-155
16
51
407
-2
-73
299
234
170
-67
525
280
-99
1
317
301
-380
181
119
389
-160
-234
439
59
-25
-389
271
87
-408
-853
118
169
-297
-314
349
-66
-70
-565
51
143
-42
433
-117
495
-23
97
-184
323
244
-337
286
-233
75
319
31
351
-454
436
-202
-191
39
169
-11
-390
190
-10
-220
-278
147
-17
-392
-28
-54
-171
-249
-34
-40
-56
-324
-255
-364
-118
83
-191
-13
-23
42
-135
48
-100
-51
-157
-92
-235
-219
31
-71
-195
-214
-11
-224
-294
-360
68
-39
-218
-243
1
-236
-56
-93
-239
32
-34
7
-59
44
-93
-175
80
-150
101
-62
-160
-46
38
207
-116
-122
89
319
127
-145
-29
47
-130
-398
17
108
106
-322
-80
56
-150
-132
-274
178
-364
90
-281
-48
-38
-186
-116
107
-6
56
-43
16
-32
21
-454
-210
-103
-117
-197
-59
126
-35
136
-10
93
-129
8
-45
-1
-216
-45
-97
-75
-237
-205
-168
-171
-157
-227
-266
-113
-95
-446
-161
-297
-178
-414
-241
-530
-217
-259
-585
-222
-124
-86
-295
-195
-15
-354
-20
76
325
317
-293
-56
-203
296
89
88
-139
-291
-394
-644
-55
-52
-148
-237
66
73
-68
-207
-122
-87
-33
49
255
239
311
562
483
337
468
442
169
-107
-95
221
372
198
144
464
601
105
-112
-48
-227
-304
-382
-11
306
-1
-170
-428
-212
49
-246
-346
-297
8
13
-174
-50
-26
-360
-796
-768
-375
-185
-629
-689
-421
-147
-331
-620
-243
-354
-519
-646
-182
-8
-99
-95
-17
84
4
-163
-178
-242
-19
112
311
280
5
-42
2
-86
36
452
449
231
259
649
749
541
475
522
606
437
702
842
1067
969
965
951
987
978
726
803
904
1168
1001
886
1056
1011
742
472
729
701
683
539
726
834
610
376
160
192
18
136
11
119
-72
-306
-764
-838
-922
-1016
-1057
-732
-660
-1083
-1265
-1398
-1261
-1678
-1760
-1380
-1293
-1382
-1652
-1422
-1498
-1799
-2151
-2214
-2381
-2367
-2491
-2420
-2219
-2437
-2626
-2955
-2993
-2497
-1602
-492
85
319
385
446
416
637
1519
2377
2692
2839
3295
3612
3346
2961
2915
3012
3055
3359
3848
3973
3496
2742
2093
1679
1469
1364
1272
1117
875
599
337
33
-362
-735
-872
-642
-141
295
355
104
-65
99
490
917
1441
2175
2940
3412
3487
3299
2967
2590
2478
2851
3409
3577
3167
2534
1983
1433
871
441
194
73
-96
-345
-596
-1076
-1846
-2505
-2803
-2696
-2373
-2259
-2425
-2744
-3232
-3643
-3791
-3835
-3706
-3482
-3547
-3701
-3691
-3920
-4503
-5025
-5265
-5338
-5415
-5354
-4556
-2518
48
1237
363
-871
-976
-326
725
2685
4932
5514
4191
3209
3775
4373
3787
3165
3683
4617
4968
4864
4452
3289
1465
105
165
1218
1867
1319
97
-980
-1732
-2304
-2716
-2880
-2712
-2316
-1948
-1600
-1230
-1301
-2023
-2424
-1517
153
1288
1538
1540
1668
1722
1750
2218
3102
3774
4129
4682
5331
5303
4352
3134
2498
2764
3499
3885
3469
2472
1274
131
-631
-786
-599
-548
-666
-752
-929
-1570
-2610
-3492
-3812
-3518
-2792
-2017
-1770
-2352
-3373
-4032
-3985
-3532
-2978
-2687
-2658
-2849
-3172
-3527
-4241
-4966
-5477
-5706
-5733
-5828
-6112
-6937
-7640
-6587
-3129
540
1497
-441
-2528
-2597
-1217
1139
4180
6504
5964
3383
2563
4214
5722
5302
4673
5359
6254
6386
5877
4867
2870
669
127
1663
3278
2956
748
-1947
-3534
-3753
-3096
-2399
-2246
-2468
-3076
-3564
-3441
-2928
-2712
-3073
-2691
-944
920
1569
1062
631
579
1021
2433
4265
5256
4858
4319
4765
5547
5542
4663
3847
3617
3782
4072
4096
3108
1042
-777
-1073
-103
784
644
-575
-2147
-3067
-2980
-2517
-2395
-2614
-2854
-2944
-2757
-2402
-2462
-3207
-3909
-3751
-2921
-2214
-2037
-2415
-3287
-4122
-4221
-3671
-3283
-3696
-4686
-5609
-6271
-6627
-6844
-7311
-7581
-6328
-2853
1027
1658
-1504
-4615
-4564
-1625
2532
6475
8443
6581
2337
414
2812
6538
8149
7673
6945
6322
5409
4591
4146
3749
3146
2891
3670
4508
3559
501
-2900
-4143
-2595
-251
719
-130
-2002
-4104
-5512
-4886
-2476
-548
-384
-1040
-1154
-675
-501
-626
-150
1072
2454
3640
4507
4606
3704
2817
3246
4807
6331
6977
6433
5039
3943
3887
4123
3705
3010
2626
2192
1417
713
161
-643
-1370
-1265
-648
-591
-1338
-2269
-2946
-3225
-2967
-2405
-2114
-2385
-3032
-3719
-4027
-3603
-2756
-2329
-2637
-3225
-3580
-3690
-3902
-4224
-4450
-4615
-4850
-5298
-5929
-6621
-7495
-8149
-7392
-4313
7
1811
-1144
-5475
-6400
-3347
1274
5479
7746
6128
1156
-2168
116
5636
9216
8999
6904
4983
3769
3381
3879
4670
4896
4363
3678
3205
2328
333
-2114
-3030
-1431
859
1067
-1207
-3952
-5536
-5696
-4285
-1524
601
-12
-2489
-3905
-3107
-1355
247
1598
2406
2245
1597
1467
2040
2698
3264
4167
5382
6134
5882
4882
3904
3785
4673
5607
5568
4548
3127
1809
1109
1260
1701
1630
856
-246
-1236
-1859
-2057
-1911
-1659
-1593
-1813
-2209
-2754
-3401
-3787
-3563
-2948
-2535
-2741
-3475
-4223
-4523
-4290
-3711
-3200
-3245
-3846
-4555
-5146
-5642
-5921
-6024
-6295
-6888
-7517
-7278
-4935
-1065
869
-1569
-5655
-6495
-3086
1614
5156
6615
4862
251
-2904
-241
6330
10506
9440
5904
3250
2390
3286
5593
7522
7067
4551
2218
1494
1847
1929
1136
208
124
428
-229
-1937
-3388
-3777
-3343
-2355
-1008
-274
-1386
-3793
-4905
-3178
-248
1414
1342
386
-747
-1189
-107
2096
3867
4106
3236
2676
3232
4336
5055
5122
4753
4356
4241
4220
3950
3428
2698
1917
1724
2233
2342
1265
-264
-1183
-1287
-945
-647
-865
-1685
-2700
-3322
-3205
-2625
-2407
-2998
-3874
-4261
-4067
-3760
-3623
-3584
-3648
-3912
-4216
-4264
-3975
-3682
-3792
-4288
-4888
-5344
-5580
-5831
-6184
-6173
-4794
-1714
832
-127
-3790
-5996
-4241
-56
3704
5697
5054
1191
-2999
-2402
3421
8930
9533
6198
2581
906
1739
4643
7537
7862
5238
1859
369
1315
2915
3386
2416
991
242
-140
-940
-1541
-1263
-879
-1038
-1128
-927
-1371
-2535
-3046
-1977
-120
832
355
-563
-1240
-1375
-411
1412
2748
2550
1301
536
1106
2632
4195
4856
4328
3267
2494
2406
3096
4209
4683
3697
1938
865
917
1405
1683
1583
1004
-101
-1195
-1497
-1104
-937
-1397
-2022
-2464
-2810
-3094
-3295
-3441
-3377
-3065
-2943
-3298
-3750
-3865
-3695
-3389
-2919
-2471
-2508
-3106
-3713
-3825
-3515
-3183
-3123
-3450
-4200
-4945
-4539
-2330
348
840
-1613
-4376
-4542
-2036
1199
3454
3854
1814
-1584
-2803
89
4550
6716
5414
2674
849
651
2147
4612
6071
5290
2992
1058
924
2162
3225
3221
2383
1337
385
-203
-56
526
757
352
-293
-651
-710
-868
-1099
-872
-211
87
-261
-683
-843
-847
-563
203
1018
1085
277
-550
-523
345
1497
2431
2659
1999
1063
686
1103
2077
3116
3403
2477
988
90
292
1223
2053
2055
1116
-216
-1139
-1146
-414
281
240
-582
-1640
-2270
-2146
-1491
-864
-744
-1232
-1982
-2438
-2298
-1711
-1085
-817
-1035
-1494
-1800
-1711
-1231
-694
-555
-843
-1171
-1367
-1514
-1495
-1253
-1135
-1409
-1866
-2149
-1961
-1176
-315
-336
-1272
-1975
-1746
-1028
-223
606
852
-60
-1278
-1293
58
1502
1988
1621
1046
603
517
1095
2139
2749
2288
1283
766
1026
1609
1968
1882
1507
1037
637
612
991
1322
1166
626
252
276
393
435
485
506
374
86
-138
-91
39
2
-59
5
58
-14
-129
-124
-8
38
15
40
116
176
133
74
202
437
543
479
336
253
302
443
592
685
680
502
243
173
356
606
680
502
284
192
202
299
389
377
257
69
1
98
180
158
31
-115
-163
-137
-47
74
59
-131
-392
-583
-559
-377
-237
-260
-445
-667
-782
-785
-735
-705
-755
-873
-1031
-1177
-1219
-1183
-1137
-1095
-1118
-1178
-1183
-1153
-1090
-1009
-953
-912
-864
-769
-602
-530
-509
-429
-280
-16
259
455
498
411
380
507
773
1006
1059
918
761
724
736
764
840
886
786
608
528
545
533
478
464
487
472
393
327
335
327
273
261
329
412
363
187
107
186
270
297
267
186
70
-61
-96
-49
-26
-88
-212
-266
-300
-324
-287
-253
-250
-314
-360
-282
-132
-8
28
6
-46
-28
84
181
282
361
392
355
279
292
324
381
478
521
521
418
299
289
287
307
330
260
89
-100
-197
-181
-115
-131
-258
-432
-567
-604
-550
-448
-416
-523
-705
-802
-793
-717
-614
-542
-549
-619
-638
-643
-599
-457
-349
-309
-346
-386
-375
-384
-393
-360
-305
-291
-331
-370
-370
-365
-382
-372
-302
-198
-135
-138
-152
-136
-77
1
94
182
237
252
242
279
353
422
457
481
521
524
530
514
515
521
451
418
401
381
385
359
275
176
132
136
147
145
121
51
-20
-46
11
94
87
65
105
152
140
119
99
74
82
119
198
186
106
60
53
114
174
247
265
136
-5
-61
-39
46
120
86
-47
-212
-251
-196
-115
-24
-8
-35
-107
-180
-167
-92
-40
-18
77
156
143
89
14
-48
-38
60
184
223
114
-33
-120
-72
27
28
-36
-148
-232
-266
-205
-97
-128
-268
-386
-365
-244
-155
-129
-171
-247
-302
-270
-159
-53
-15
-39
-82
-108
-82
-23
32
49
44
42
36
29
44
73
89
81
60
50
22
-29
-30
18
42
19
-25
-71
-91
-40
48
94
89
52
22
53
110
147
181
179
142
127
160
226
248
197
139
108
112
158
223
264
217
73
-80
-139
-48
58
36
-57
-111
-100
-64
-68
-70
-52
-70
-99
-85
-16
60
55
18
25
55
116
163
126
54
20
57
145
205
194
115
-4
-66
11
153
209
137
27
-70
-133
-108
-2
75
49
-33
-81
-65
-40
-36
-28
-53
-124
-176
-168
-120
-93
-102
-128
-185
-241
-220
-178
-168
-166
-162
-172
-196
-196
-152
-84
-68
-55
-18
-12
-20
-50
-26
71
110
87
63
96
111
89
153
242
265
204
162
192
205
241
264
260
249
172
80
47
98
168
178
125
79
43
-28
-59
-53
-22
-40
-121
-159
-197
-198
-155
-131
-80
-87
-149
-169
-142
-93
-59
-28
-17
-8
1
-14
-31
4
54
53
99
145
123
70
4
20
68
109
125
97
120
146
152
154
142
158
188
250
306
321
289
212
201
207
231
271
238
177
97
55
38
16
46
22
-93
-224
-299
-246
-197
-234
-291
-321
-323
-305
-268
-233
-234
-273
-284
-224
-149
-98
-69
-59
-66
-55
-17
18
32
47
57
38
23
30
32
28
49
86
96
68
35
11
-10
5
27
69
86
43
6
2
48
42
-16
-32
-38
-46
-58
-23
10
-39
-128
-223
-238
-142
-28
35
24
-98
-242
-296
-222
-48
82
78
-17
-76
-74
-1
68
93
102
58
53
70
106
124
82
75
87
120
124
103
93
102
154
184
196
154
82
70
85
162
233
203
135
73
29
42
125
147
80
-37
-138
-156
-165
-105
-50
-82
-152
-216
-188
-158
-137
-107
-69
-44
-78
-78
-67
-36
14
28
48
86
108
116
114
73
39
69
101
99
90
72
13
-52
-72
-83
-77
-61
-61
-56
-21
-16
-66
-86
-134
-116
-50
-33
-9
-26
-13
-39
-96
-83
-54
11
23
4
3
-35
-95
-134
-126
-109
-70
-33
-41
-63
-78
-89
-79
-43
-17
10
-3
-65
-99
-101
-90
-28
42
54
17
-28
-42
1
74
133
147
137
117
110
143
176
208
246
220
154
112
102
155
229
237
190
124
53
1
-17
4
31
28
9
-21
-82
-137
-158
-138
-80
-42
-74
-130
-174
-179
-124
-38
38
48
-34
-90
-39
4
13
40
50
13
-19
-15
21
41
-10
-56
-31
7
26
44
35
-4
-34
-47
-42
-5
24
0
-29
-34
-23
1
10
-6
-12
-11
-3
21
43
57
12
-60
-57
2
53
67
55
-1
-50
-19
46
100
87
44
27
42
65
45
15
-16
-57
-62
-29
4
1
-76
-129
-120
-92
-26
0
-41
-93
-111
-66
3
74
85
37
-38
-37
44
92
135
140
124
106
92
123
142
156
135
72
33
39
96
106
50
16
1
6
3
-14
3
25
40
59
45
1
-28
-7
45
89
112
85
4
-78
-101
-33
64
96
40
-62
-116
-114
-73
12
45
-7
-104
-170
-140
-68
1
21
-20
-78
-132
-134
-72
13
47
0
-52
-54
-36
-43
-30
13
43
54
18
-33
-70
-66
25
120
165
118
24
-30
-23
45
122
137
71
-3
-56
-42
12
38
55
-4
-90
-142
-130
-62
-39
-57
-92
-106
-92
-76
-67
-62
-29
-5
-4
-2
8
18
34
68
105
115
78
42
52
88
135
171
154
73
-29
-90
-70
2
34
27
-13
-87
-121
-110
-77
-53
-22
11
-8
-28
-21
-14
-34
-64
-47
-14
28
63
51
23
-29
-60
-9
64
106
108
60
-19
-69
-58
2
61
73
41
-32
-99
-88
-26
24
54
66
34
-31
-81
-83
-22
47
81
53
-2
-28
-33
27
115
149
120
52
9
6
31
74
112
87
25
-18
-35
4
32
19
-12
-58
-92
-100
-67
-24
-15
-14
-19
-37
-45
-63
-47
17
41
31
15
0
15
2
15
67
72
60
25
20
75
110
115
85
37
-8
-35
-21
37
87
90
69
-15
-83
-81
-59
6
38
18
-9
-87
-114
-56
-50
-43
-32
-53
-56
-66
-63
-37
-13
4
8
6
-6
-1
-6
-25
-22
17
43
32
30
-3
-18
-1
-2
14
14
-14
-20
-13
-18
4
39
6
-17
-11
-33
-35
-9
38
73
92
105
99
94
65
54
70
110
141
118
72
3
-25
-16
-12
4
-8
-32
-49
-62
-75
-95
-111
-132
-140
-115
-76
-45
-42
-60
-80
-89
-71
-37
-24
-30
-35
-24
21
34
30
45
56
67
64
88
107
86
88
52
29
64
86
103
75
45
45
32
19
-5
-23
-40
-29
-2
1
-27
-72
-79
-76
-46
-2
-12
-24
-49
-68
-39
-12
28
58
31
2
2
37
80
92
82
50
47
61
67
81
75
67
54
18
9
38
27
-16
-20
-21
-25
-40
-71
-57
-56
-66
-40
-35
-25
-28
-45
-12
10
-9
-31
-50
-54
-43
-39
-35
-31
-32
-52
-77
-73
-75
-66
-45
-47
-34
-22
-38
-63
-56
-9
48
50
14
-13
-36
-33
16
83
97
62
32
26
69
113
135
106
57
50
42
60
70
53
53
13
-4
-3
-36
-45
-70
-97
-84
-70
-51
-59
-85
-112
-148
-147
-112
-47
-34
-66
-82
-121
-117
-94
-59
-35
-13
-18
-65
-43
-36
-23
12
33
38
30
23
-30
-37
-23
-8
10
21
16
-26
-43
-50
-25
8
47
41
-29
-51
-70
-43
2
-1
-6
-26
-47
-30
-2
4
-2
-31
-35
-32
-42
-23
-3
1
-16
-31
-27
-24
-21
-14
6
1
-3
-13
-45
-34
-4
31
61
65
40
-24
-27
46
98
131
139
115
88
69
75
130
202
222
185
146
115
84
96
123
143
153
116
59
-5
-23
4
3
11
-1
-63
-113
-108
-58
-44
-42
-54
-99
-96
-78
-50
-38
-45
2
19
5
19
21
26
40
49
66
61
50
40
36
39
20
34
61
34
7
3
11
8
2
12
12
-6
-23
-36
-35
-7
10
4
19
15
25
36
9
30
44
42
45
39
35
-26
-61
-24
2
-9
-47
-75
-80
-81
-88
-86
-67
-54
-58
-66
-83
-68
-22
-15
-19
-31
-27
-13
-15
25
40
54
80
66
66
60
63
100
124
133
95
58
65
67
91
127
141
108
33
-11
-32
-11
44
72
58
-13
-73
-86
-76
-44
-45
-63
-100
-139
-130
-106
-73
-44
-51
-63
-81
-95
-76
-39
-19
-28
-20
-26
-44
-19
-22
-19
3
0
-2
2
29
25
-1
-10
1
21
43
62
39
29
39
60
73
44
31
25
32
47
63
69
59
34
-5
-12
4
36
17
-22
-34
-72
-64
-58
-78
-59
-58
-63
-53
-63
-61
-67
-58
-33
-46
-46
-30
-45
-56
-47
-23
2
28
34
24
22
6
-2
17
63
97
96
76
62
61
78
113
135
158
149
104
65
63
87
109
126
88
54
53
32
32
43
51
29
-3
-6
-25
-25
-8
2
-8
-30
-50
-24
-8
-24
-21
5
4
-33
-16
-41
-18
-16
-7
7
-15
-33
-36
-24
-4
-28
-15
-14
-25
-41
-40
-33
24
-5
17
22
-2
4
-23
0
5
16
32
29
3
-13
7
5
14
-8
5
-3
-22
-35
-26
-27
-25
-32
-60
-62
-44
-29
-15
-29
8
-43
-51
-67
-79
-60
-23
-3
17
-9
-41
-44
-53
-20
17
27
43
23
18
9
18
44
45
58
38
24
48
50
45
31
30
36
17
27
4
-39
-32
-29
4
-21
-6
-22
-41
-55
-42
-25
-26
-42
-36
-42
-52
-39
-13
-16
-28
-27
-36
-45
-34
-11
0
7
-3
0
15
8
4
21
40
20
18
5
28
16
19
18
50
35
24
8
4
8
-23
-28
-24
-27
-48
-49
-35
-14
-68
-87
-84
-72
-87
-96
-95
-92
-84
-94
-91
-78
-63
-48
-67
-79
-50
-33
-56
-33
-15
-11
0
-6
-10
-16
-10
25
56
92
100
93
99
93
61
64
91
101
108
52
66
55
71
68
97
96
94
78
90
68
61
62
55
37
33
22
22
10
6
-2
-5
-15
-3
20
12
1
-10
-11
-11
-1
7
-2
3
0
-14
-10
-11
-2
-3
-21
-28
-16
11
19
30
8
22
11
50
49
53
53
23
16
31
47
62
51
60
66
51
64
75
65
50
28
29
30
3
-24
-30
-46
-60
-48
-50
-54
-75
-92
-49
-51
-57
-47
-74
-61
-58
-56
-41
-53
-32
-38
-45
-26
-35
-28
-27
-38
-17
3
-1
17
46
41
21
6
3
-1
-1
26
22
8
-7
-42
-32
-17
-6
-10
-13
-10
-25
-25
-18
-16
0
-3
-45
-57
-50
-33
9
11
1
8
-3
-1
8
16
28
38
49
38
16
9
11
10
0
-9
-2
12
4
-8
-14
-16
2
30
47
48
54
59
66
71
79
81
71
84
68
67
87
79
74
58
62
70
65
63
53
50
23
8
5
-4
15
-4
-24
-45
-49
-49
-39
-36
-11
-33
-58
-67
-71
-31
-32
-32
-23
-43
-24
-42
-33
-25
4
11
-7
8
32
40
10
10
-3
19
21
31
65
48
40
46
55
40
42
49
37
4
-15
-36
-16
7
5
2
-11
-36
-39
-37
-23
0
8
12
4
-17
-16
-24
-18
0
-2
-9
-19
-19
1
-15
-26
-1
-21
-42
-15
-3
-13
-13
8
24
19
-12
-17
-15
-19
16
15
19
25
23
45
31
15
31
52
53
56
30
42
21
6
15
14
29
17
24
5
-26
-3
-3
-23
-46
-60
-61
-58
-63
-96
-91
-98
-101
-81
-56
-30
-38
-49
-49
-48
-40
-7
1
5
10
-8
17
15
20
41
23
30
15
5
26
21
33
21
7
11
-2
10
3
-7
-8
-31
-22
-10
-33
-50
-47
-41
-47
-26
-11
-36
-45
-49
-70
-71
-55
-55
-49
-44
-45
-43
-66
-64
-43
-47
-45
-29
-48
-54
-36
-39
-46
-79
-75
-55
-49
-28
-14
-10
-41
-12
6
10
52
22
25
49
64
69
73
91
81
69
50
52
58
72
79
54
41
26
30
25
38
41
4
-1
-23
-50
-43
-58
-77
-67
-66
-63
-48
-43
-49
-49
-36
-14
14
13
1
-6
-1
1
-21
-4
7
33
43
21
25
-7
6
15
8
42
33
19
6
15
15
-15
-11
-3
-3
-40
-25
-24
-26
-20
-22
0
-19
-19
-15
-52
-149
-111
-83
48
-55
15
14
14
-31
-140
-13
-66
-7
-67
-55
-6
-48
-60
-99
-49
13
4
39
-59
-49
-52
-70
13
-4
41
41
5
17
-34
-14
-15
-1
53
41
44
30
3
9
20
37
47
49
26
6
12
11
12
5
-10
-27
-39
-47
-40
-16
-29
-54
-48
-33
-24
-14
-33
-50
-35
-33
-29
-6
-5
-23
-18
-13
-5
16
25
23
12
5
7
9
15
15
11
29
31
5
-1
2
-1
-2
-21
-33
-13
7
6
-2
-8
4
14
12
12
0
-14
-4
15
38
51
24
3
10
2
3
24
26
23
9
-17
-5
22
24
21
9
-13
-1
18
17
7
-19
-39
-27
-19
-21
-17
-15
-11
-11
-24
-16
4
-7
-41
-55
-33
-3
17
23
24
21
27
36
26
42
23
-76
-105
-8
104
85
77
211
191
50
-43
-48
-14
-141
-112
45
84
99
53
56
55
14
33
50
66
50
-4
-23
-7
6
48
95
116
128
108
81
59
25
8
15
34
53
60
49
40
39
57
76
74
55
30
15
16
23
26
25
27
43
68
83
76
48
20
4
5
31
78
114
109
64
15
-1
12
28
31
26
41
42
26
17
9
11
40
26
-9
2
-12
-14
-26
-23
-21
6
16
1
20
9
12
35
-112
-209
-105
-55
64
102
389
271
190
113
-79
-97
-321
-247
-125
-70
23
156
221
99
93
89
-58
-78
-109
-79
-132
-104
-70
-53
17
7
89
108
112
81
3
-30
-86
-78
-81
-37
13
36
78
72
75
45
-8
-13
-46
-56
-44
-27
-28
-61
-25
3
-11
23
45
35
-23
-41
-21
-51
-40
-11
15
-5
27
21
7
27
42
16
25
50
42
27
3
-1
-20
-32
-20
-17
6
-24
-40
-21
-4
-27
-20
-32
-51
-45
-55
-38
-26
-8
-6
-15
13
21
26
25
27
17
2
-7
-8
-7
1
52
69
46
13
-11
-7
-2
-14
-2
6
15
-6
0
9
9
32
24
3
-47
-66
-54
-32
-21
-15
-25
-18
-9
-18
7
19
6
12
4
8
-5
-9
-11
-10
-11
4
10
7
-13
-1
-1
18
17
15
-4
-4
-2
23
30
34
25
-2
2
3
17
24
29
32
14
0
9
6
0
10
1
-5
-6
-20
-8
-11
-15
2
12
1
-24
-34
-24
-2
2
-14
-28
-38
-47
-55
-48
-33
-24
-24
-33
-37
-34
-33
-30
-25
-14
-1
-14
-2
15
-14
-8
4
4
-1
-21
-4
19
16
14
15
39
48
23
21
-7
-14
-1
30
13
7
14
0
-20
-25
10
-1
-24
-6
-15
18
13
25
15
-10
-26
-30
13
35
15
15
0
10
33
24
14
25
49
54
35
28
23
-8
-5
9
10
4
21
15
-10
5
17
15
-2
-9
-32
-27
-12
15
23
28
26
20
25
2
27
37
22
48
38
38
43
42
38
36
61
76
66
43
29
23
21
42
43
47
36
10
25
30
28
32
31
45
33
37
59
40
45
59
42
41
42
31
16
-19
-25
-15
-11
-10
-33
-30
-24
-43
-16
-10
-33
-44
-56
-27
-16
-31
-27
-43
-61
-61
-73
-72
-51
-52
-63
-36
-44
-53
-39
-52
-55
-42
-32
-47
-38
-52
-43
-54
-37
-42
-35
-33
-24
-22
-31
-40
-33
-11
-32
-20
-11
-18
-51
-34
-37
-41
-57
-47
-45
-27
-23
-47
-22
-11
-3
-22
-18
-13
-35
-4
3
9
4
39
18
28
12
7
16
-8
15
26
9
29
14
-7
-31
-9
9
2
24
10
-8
-16
-22
-17
-25
-15
-35
-22
-33
-18
-12
-5
-23
-11
-1
2
21
25
37
24
21
51
40
49
33
15
9
31
21
17
11
24
1
-7
-11
-24
-4
11
-12
-1
18
8
-8
-5
-20
-17
-2
18
10
-17
0
-7
3
16
1
16
12
-10
-7
18
26
22
-6
17
-3
-32
-32
-47
-57
-55
-15
-11
-61
-30
-32
-51
-22
-5
-1
-22
-26
-6
-19
-26
-27
-24
-20
-8
0
-26
-10
23
19
2
1
14
6
-11
0
-5
-18
-6
-24
-16
-29
-34
-22
-18
-24
-13
-18
-6
0
10
27
1
8
-1
3
0
-8
9
-11
-27
-22
-6
8
3
-22
-17
-13
-23
-40
-23
-12
-16
-15
-48
-41
-57
-49
-29
-26
-16
-14
-4
-3
1
15
28
15
14
25
9
29
29
17
16
6
24
22
7
-7
-18
-15
-15
-5
-5
-22
-26
-12
-4
1
-2
-3
-15
-33
-39
-42
-39
-35
-17
-21
-12
-18
-27
-35
-30
-30
-25
-18
-26
-26
-27
-41
-19
-9
-11
10
4
-12
2
14
13
20
18
11
24
22
24
41
42
25
16
21
9
-1
12
37
45
42
43
42
24
30
24
39
25
7
-6
-17
12
2
6
-3
4
4
-2
-18
-8
4
19
2
-15
-42
-25
-24
-23
-14
-20
8
20
14
15
23
5
7
-9
4
-6
-2
8
-5
0
3
-9
-9
-21
-15
-16
-31
-22
-2
-15
-33
-24
-30
-34
-15
-13
-8
-2
-10
-3
9
-18
-15
-9
-25
-2
10
25
25
21
6
16
34
18
34
20
42
33
37
33
41
35
10
-1
7
29
28
39
12
12
4
6
11
21
-13
-27
-10
-16
-12
1
16
13
5
18
6
-3
-2
-2
-7
1
-10
-22
-14
-16
-4
-1
1
2
-9
-4
-2
-4
-5
-9
2
12
3
23
27
-4
-15
-24
-19
-36
-43
-27
-35
-20
-4
-2
6
15
26
32
38
44
49
54
59
59
58
59
55
50
48
44
39
37
35
34
32
32
33
33
36
37
37
38
34
33
34
36
38
39
32
28
22
14
15
22
37
41
36
29
22
16
35
77
84
70
48
21
55
-3
29
-5
49
65
46
84
65
70
3
79
70
483
597
929
661
632
194
-333
-425
-425
97
-2
386
623
956
1150
1147
1387
1011
626
-39
38
140
461
562
719
601
110
-294
-621
-528
-630
-376
-274
-213
-472
-789
-426
-188
688
670
1207
667
610
127
174
181
-8
225
-64
156
-205
16
-242
-381
-469
-584
-345
-463
-193
-376
-305
-415
-451
-407
-514
-325
-350
98
176
533
426
409
58
-112
-428
-286
-295
162
211
572
367
115
-172
-480
-608
-698
-392
-268
-152
-193
-250
-706
-828
-712
-353
-656
-189
17
19
-324
-130
-183
-322
-395
-129
186
-106
-44
220
-78
-150
-512
30
-292
-182
-17
-80
-195
-542
-308
1
-124
-8
-182
85
-282
-339
-186
142
-105
-126
103
-160
-263
-759
-102
-406
333
404
447
-100
-573
-340
-393
-380
-253
11
-99
-404
-237
191
-227
-502
-409
23
-250
404
463
135
-425
-687
7
-189
125
21
-80
-407
-338
414
195
46
-439
-244
-283
148
513
151
-86
-276
-394
-333
-279
-93
-84
-147
-264
6
34
-322
190
-211
133
33
69
134
121
342
-223
335
-265
225
-394
734
103
570
-197
128
-192
4
295
705
69
-78
296
-32
414
-173
439
-287
344
-251
662
309
264
-305
-260
170
78
358
597
560
-99
-140
121
-63
-65
328
1487
-59
47
14
121
-156
-277
974
-33
180
-594
301
-208
82
335
513
-131
441
-112
35
68
278
168
-347
148
186
-107
-94
7
19
-365
6
210
453
-500
400
-730
92
-353
443
105
372
343
-588
104
-638
319
-680
303
24
37
197
-152
92
-45
-156
225
511
-124
265
406
-14
12
-567
-236
-449
60
358
739
488
-309
-69
-432
-45
-106
599
339
-216
23
-779
-201
-525
303
187
-465
131
-350
355
10
229
-63
-72
305
309
452
-244
68
-669
-487
-23
321
-430
-12
-397
-892
93
173
273
283
-607
285
121
-337
-253
403
-497
-307
-342
101
7
-81
-474
197
434
-157
905
-24
-13
-332
88
104
-416
92
136
-313
-256
62
122
417
-76
112
57
173
-407
600
101
-432
461
-297
-120
-358
6
-64
444
-136
72
493
-464
480
-356
510
-67
249
418
-88
352
-249
-17
-195
72
500
136
50
-14
276
-207
132
-23
5
-462
-85
301
-30
78
-610
164
-637
362
-115
590
-467
-205
-44
-266
-97
-221
473
-657
56
-251
442
-588
-73
-449
-351
-468
-404
558
-501
446
-301
643
-337
27
115
77
-27
40
269
-479
-84
-767
-55
-3
303
111
123
151
-28
-158
-15
124
9
-40
683
-200
656
-570
148
-584
206
93
-95
-321
43
-184
-458
-184
385
-10
-26
230
310
-100
-189
-141
-273
-442
55
468
-405
588
-451
483
-644
1123
173
244
-166
-163
466
-855
843
39
-173
-715
259
117
-233
47
492
141
-40
-33
565
-602
-685
-167
-238
-64
150
333
-271
-524
-13
417
303
-71
671
-341
81
-491
595
-105
-417
50
-244
34
-71
192
255
-699
379
-301
383
-149
700
-277
503
-507
570
38
-328
-204
-22
-46
-198
763
131
289
-273
133
-121
-146
331
479
196
-96
169
-40
-309
465
432
120
1
388
-189
61
-217
255
149
107
304
388
225
218
-202
-153
-137
-48
328
96
-40
390
-244
-143
-438
145
-168
271
-521
285
-236
-191
-197
60
479
-168
53
-68
-132
-459
-63
-55
-331
254
-56
368
145
255
-176
-501
-284
-55
-27
155
395
-153
305
-316
179
-63
-49
255
577
-157
-169
230
-635
-336
-385
291
-455
218
0
329
-491
-225
-90
-15
-104
332
297
-213
-260
-44
-215
-306
211
77
-241
382
779
234
-67
426
250
-210
396
391
165
342
-669
618
-496
120
-211
304
-71
-242
283
-385
11
-768
145
-70
245
10
134
-99
-523
-370
0
50
221
83
396
117
33
131
111
-73
293
788
-280
173
46
105
-303
291
-217
528
-312
291
549
87
192
-62
391
-238
238
717
-612
897
-619
756
-563
-56
-129
100
21
-296
363
78
215
-495
723
-249
-429
318
252
-28
123
373
226
-350
-33
474
147
-137
388
121
303
-564
927
-480
773
-741
1154
-137
626
-167
471
-222
-299
-33
457
161
103
123
140
41
-262
144
491
-353
334
10
663
-195
-305
211
7
19
26
957
-109
638
-584
716
-148
-140
61
452
107
108
409
128
5
-33
43
390
-126
518
325
-14
36
-291
-239
-422
-225
-165
473
-292
72
-246
67
-403
345
-65
236
170
211
281
36
174
-647
38
-425
613
-55
272
156
221
-744
95
-38
51
-226
-233
325
-449
-104
-227
-41
100
-62
335
358
273
315
-586
304
-461
336
-75
444
646
-12
156
42
-87
-726
221
-224
78
-110
-174
122
-274
-427
188
377
-689
868
-73
-83
-14
197
383
-155
392
-38
99
-84
309
456
-148
320
226
390
-105
574
-291
151
-700
435
-410
88
-65
-111
-216
-592
40
-102
96
446
76
223
46
-274
538
-348
315
-179
440
177
134
360
-260
-535
-636
-136
-232
-29
158
-100
-463
-122
-499
453
-352
62
391
116
-152
-39
13
-22
-690
-164
50
-10
-175
57
459
-194
-487
283
455
72
-267
-44
457
-956
92
-169
441
-884
-177
-177
-84
22
-604
468
-635
249
-129
362
-16
-360
34
-52
-274
-171
6
113
98
-97
205
-432
-195
-368
-135
-197
-259
274
329
137
115
129
37
161
-463
383
-395
193
-104
-367
379
-380
-80
-520
385
20
293
-289
82
-264
-586
-672
275
-145
252
-459
194
9
60
313
11
102
-281
-223
-193
258
-199
122
-178
-83
45
315
380
-511
167
-580
-67
-720
304
-20
-135
183
169
327
-415
98
19
-129
-214
665
-390
-277
-312
257
-450
-574
15
261
-308
-590
329
-7
-279
-513
292
-545
234
-491
752
-593
-40
-509
-138
-326
-87
207
-426
162
-129
423
51
-93
616
-879
-143
-6
660
-257
-96
489
-251
-132
-349
534
157
-124
-81
779
-376
267
211
-224
-535
-105
89
-310
115
317
258
-168
-97
202
814
-545
292
49
-1
-122
100
494
180
271
-278
172
-53
-114
-312
-280
89
-234
-201
34
235
-245
-13
112
407
-200
192
156
-154
-553
186
-109
-140
-381
368
-318
-350
-505
472
-34
-332
222
801
-603
337
129
318
-321
-791
455
-385
-173
-578
800
-144
-574
106
448
-108
-443
531
210
122
-329
666
-289
-238
-194
486
229
29
382
23
101
-446
763
-64
268
167
233
-501
-187
-253
-359
458
-143
276
-273
367
-407
50
-387
415
-518
42
48
105
-209
-166
685
-396
357
-525
271
-107
-43
-32
806
-504
154
-286
-100
-45
-344
314
-408
52
-22
-76
88
-398
625
-523
229
-227
261
-222
-311
24
-175
-180
-81
240
-420
-12
224
-286
-243
-146
-289
-187
-163
191
175
76
-29
79
155
-59
177
73
-16
-79
-2
165
314
-39
206
387
-156
445
-273
123
-67
-224
-73
381
56
-223
165
-183
50
-132
118
142
447
-141
38
397
-86
280
205
433
-377
540
-553
315
-389
-417
-39
-348
239
-297
639
-162
-5
174
425
81
-199
-466
16
97
-605
31
203
-167
-421
149
461
101
-139
48
679
-34
-378
975
-295
82
-46
306
145
-274
242
109
-12
-363
-179
118
-72
-180
145
-431
-49
-419
-400
69
-191
90
36
-215
346
-213
-1
330
169
391
67
260
-121
-412
-290
157
-282
-117
-502
89
-84
-397
392
38
-189
-242
-223
847
-327
246
60
-24
-146
19
143
-213
-166
-215
112
-63
331
170
-31
-53
335
-97
48
14
-180
-120
-151
260
-450
-237
-500
5
-36
146
186
183
-545
-84
128
-302
401
-334
538
-450
449
-282
364
-581
56
139
-350
-12
-182
120
-955
-75
-225
752
-672
562
-108
172
-624
236
152
-401
285
-231
567
-433
325
-316
342
-198
204
-71
-119
60
52
350
119
424
118
-3
-16
46
-259
261
-126
96
-183
69
-282
85
-315
360
-246
-124
20
-310
161
-274
-99
-16
-413
290
-644
404
-459
-128
26
89
-218
-336
123
-518
318
-13
668
178
331
-146
-147
-156
-226
-322
107
-139
-364
197
-680
98
-455
139
-178
320
-75
363
-311
-28
318
-40
-153
107
235
47
-562
409
-272
-26
-420
390
105
-275
342
141
305
-425
252
120
-10
158
142
635
-356
202
-373
-298
279
-277
-95
45
10
394
-138
182
337
190
-327
-20
287
-182
73
-146
262
-274
189
105
214
68
-242
406
-18
-99
438
-469
284
-423
738
-93
367
38
152
104
-514
671
-210
381
-559
616
-215
268
-48
-339
88
-597
-55
-272
148
-216
241
78
-29
346
16
297
-217
405
-372
-304
48
-519
462
-561
926
-357
535
-629
-13
235
-359
602
-664
720
-610
496
-130
-280
365
-381
774
-581
905
-41
145
-237
40
409
-384
9
99
673
-977
203
145
217
-139
151
567
-159
-255
-566
444
-393
-72
-95
508
-307
176
-32
-97
87
245
210
385
111
183
450
-207
240
-86
334
-152
149
314
-141
165
-248
163
3
-200
117
244
-95
-354
149
75
172
-88
268
581
27
92
96
306
116
-129
426
-114
296
-46
445
-97
-33
-133
-179
75
-402
587
34
291
-74
79
32
-393
372
54
-13
353
-61
291
53
237
411
201
-596
506
27
-47
-76
-494
129
-648
485
-332
270
79
-323
470
-255
394
-294
626
-306
498
-108
435
126
100
-197
44
146
-28
148
44
499
-515
284
110
595
-442
124
-183
-140
243
-559
629
-493
141
-172
-125
18
437
-53
-126
100
-110
97
-581
82
-20
-572
112
-135
193
-538
328
-210
65
-157
243
120
-445
-115
-64
217
-367
-128
225
48
-92
164
741
-185
212
-128
23
50
-418
102
113
-134
-48
-111
138
-522
138
-144
130
-278
33
29
-324
-117
-248
-181
-261
-119
-266
220
-319
-61
-82
-202
-62
-238
-39
394
187
212
-207
-371
288
-243
278
-265
198
-332
141
-226
244
68
-97
-139
-110
203
-177
300
-401
202
-338
35
-141
-6
-92
-617
330
-257
301
-746
54
-533
-505
-118
-336
251
-376
450
-217
-75
-163
44
99
-335
257
175
343
-289
-12
100
-512
288
-631
372
-169
657
-203
22
5
-496
40
-421
349
-366
357
-355
35
-109
-26
-243
107
140
-175
225
21
-57
652
-257
430
-119
-134
-96
-238
222
130
444
-107
90
-79
-308
67
38
405
-164
161
72
-264
162
-16
15
14
15
124
-85
-186
107
84
38
-8
312
555
-7
-99
196
-245
-249
-320
-168
180
-201
414
-166
247
-30
27
-131
-310
66
-473
66
-266
147
17
-193
74
-568
536
32
368
2
319
-282
-138
114
-61
161
-181
444
-553
102
-404
335
32
-431
526
-112
236
-353
160
-105
-115
275
51
220
-82
-18
181
-46
132
-49
103
-306
-163
323
18
75
-447
151
-92
-48
-69
219
-159
-256
-39
-5
126
300
135
149
-74
313
-299
200
90
-140
461
-171
57
-110
-30
-148
226
-72
248
86
-73
241
304
185
220
290
246
-288
-110
95
115
237
-20
239
97
-57
113
-363
252
-369
281
-223
428
-64
454
-428
44
-66
-167
568
-348
441
-415
180
-402
123
-136
-14
259
-274
97
-252
131
-278
108
-323
351
216
327
-152
-140
-381
-239
281
-410
255
-212
434
-387
386
-429
-157
142
-472
301
-187
355
-151
318
-437
695
-181
457
96
253
202
-114
112
-199
364
-256
214
-426
198
-356
-169
360
7
178
137
127
-152
-45
-591
-253
219
-109
12
40
79
37
-198
-5
-49
193
-460
138
-107
154
-223
144
-70
-166
380
-62
344
-12
-17
12
-74
179
-124
105
-125
-112
-22
-49
245
-281
570
-416
455
-66
356
-32
56
16
122
323
-163
-68
88
-14
-85
77
-304
209
-136
23
201
-68
232
-120
32
-479
37
37
210
-171
79
88
215
42
78
77
-244
280
-327
209
-359
391
-257
111
-94
216
63
-101
-169
-96
-189
-444
329
-413
267
48
18
-53
77
-5
-211
47
-379
455
-55
-157
168
237
171
73
191
159
-66
422
14
343
-36
-116
-1
-123
-197
-40
9
-91
92
-337
-177
-76
135
177
-28
214
-122
98
-18
124
-32
-25
76
-139
-184
-20
97
-55
-96
67
-46
-10
13
245
208
-33
213
88
-393
-141
102
120
63
9
182
-105
64
-90
206
278
305
-214
90
498
-187
182
185
298
-56
-211
258
-94
-86
40
-67
142
-344
-47
-91
-118
271
229
190
-83
-202
-76
135
144
76
-161
209
-78
-248
89
-155
-244
-5
298
-18
-236
-141
-363
-5
-225
596
-86
336
-266
170
-89
26
76
100
169
-70
-135
45
-221
304
-422
912
-510
528
-345
494
-81
-173
150
-104
126
-395
538
-352
205
-117
-1
485
-147
395
-453
233
-165
166
223
-191
329
-532
110
-287
379
-147
-77
-35
-108
87
-238
5
-299
150
-254
47
70
52
-340
-114
149
-193
379
62
160
-249
-110
51
52
265
-110
163
-387
222
-502
305
-252
169
334
-104
340
-197
76
-190
-187
-414
109
219
-430
649
-80
352
-90
173
164
-176
489
-326
425
-113
85
81
-41
139
-65
69
75
-159
31
66
121
13
60
-69
62
100
-29
193
-341
454
-77
27
-139
166
364
-331
467
-106
338
-52
-279
94
-474
211
-421
169
-337
552
-35
-14
268
-211
109
-412
506
-74
274
-154
-231
201
-183
254
-86
-37
-133
106
201
-219
232
-74
373
-61
105
306
-270
100
-610
-117
-207
-38
-107
-373
-95
-452
416
-724
592
-654
181
-201
-223
99
-548
534
-464
441
-132
397
-218
-70
154
48
547
-506
441
-719
-188
-126
-166
209
-126
140
-467
143
-451
50
-16
-441
73
-424
303
-645
-81
-81
83
296
-390
209
-328
529
-268
59
-107
-464
175
-176
586
-462
325
-22
291
124
-118
250
-451
208
-132
41
58
-125
244
-150
-61
-323
-109
-247
-316
-182
178
82
-77
191
-357
-134
-323
41
300
-21
156
-119
189
-223
-53
41
-226
141
-194
-242
-225
-213
-100
-273
-141
-259
-161
-249
-278
139
-316
468
41
49
-12
97
-185
-126
217
-39
334
-132
500
76
-155
12
-302
244
-203
161
76
-47
-211
-292
-314
-232
22
-133
-216
73
-184
-136
25
354
-20
151
-322
60
-286
-116
-108
286
-144
242
-309
-93
-170
534
-198
138
-127
81
452
-228
527
-251
285
-971
-55
-335
-13
472
-119
489
-285
407
-495
600
-164
520
471
-45
601
-408
364
-737
243
-500
141
220
-63
199
-267
340
-60
-106
-32
152
300
87
243
56
-247
-342
-210
25
-84
274
119
-202
-78
-382
44
-110
-85
-182
-283
353
-224
630
-497
557
-156
365
-94
-82
14
-212
340
-502
524
-284
67
-199
-120
5
-135
425
-53
259
-234
252
324
-549
33
-69
391
-86
336
373
-8
35
-551
-122
234
163
246
-69
-41
-339
363
-353
-32
42
213
-84
-162
-134
-25
-167
-334
172
163
75
-45
189
-406
152
-135
-523
-13
-394
164
-195
517
80
449
-15
-122
426
2
564
-87
186
-134
235
87
-130
396
-452
179
-665
274
-107
347
-133
107
72
284
-109
-230
93
-277
-215
149
19
-159
572
-27
55
-7
550
-71
112
-215
-114
39
93
-18
24
-412
-237
319
-156
237
106
260
-27
238
49
216
18
-182
-22
-78
243
-243
369
161
-18
-275
61
176
-227
-66
-111
24
-65
-90
196
-131
724
-272
69
-220
-113
-223
11
-25
-47
54
-188
-95
-595
186
32
271
-123
29
57
-344
-163
-493
300
-17
-68
118
105
17
-181
141
-234
47
-207
151
64
1
122
-304
145
-491
207
133
-211
235
294
165
-147
288
-215
38
-99
-85
-167
-142
-124
112
-31
-14
-62
-260
-27
-126
205
-125
80
-284
286
319
44
-72
-18
218
-441
174
-9
259
-261
5
197
-418
208
-654
245
-63
21
154
-86
-73
-75
-77
-42
36
-124
-370
-243
-246
139
64
119
333
-154
429
-217
611
-384
137
-228
182
497
-254
470
-136
180
-486
385
-160
66
333
-683
505
-217
472
-252
169
-396
-131
60
-145
10
-34
-15
-197
-157
133
458
-163
211
8
-41
-156
334
246
161
123
317
218
108
294
270
122
41
-40
5
-210
282
170
97
261
-119
110
-333
218
25
253
-284
221
59
222
-44
151
-174
207
171
110
-42
-1
-113
-81
12
-139
86
351
62
-33
14
-88
-23
235
20
27
21
252
-631
-29
-385
-7
253
-241
381
148
-170
-4
-257
105
-391
149
-85
73
-248
-90
-212
-69
-40
-132
-170
-197
-84
-152
-265
359
-365
12
24
-230
-127
-379
336
230
268
205
135
-24
-7
292
-53
31
-278
452
58
8
423
60
359
-349
75
-363
-226
160
-40
186
-332
452
-77
283
10
247
279
-472
225
-687
533
-443
342
142
-121
209
-370
532
-142
805
-3
245
-153
-464
-293
-549
205
-263
126
-204
-399
110
-205
338
169
394
-454
236
-178
186
88
349
54
82
261
-189
48
-109
-46
-448
-276
-278
-104
65
274
-110
-870
-238
-73
-133
-91
275
165
-176
2
-144
59
-247
147
366
191
15
375
86
-199
34
161
-484
206
-374
-17
-429
-249
-524
-275
50
-381
357
-375
296
-388
315
-114
-2
603
-240
619
-281
85
13
251
331
-163
-22
-301
-35
-509
409
181
36
138
-113
287
-435
-40
1
172
-73
150
97
189
437
172
-1
161
251
317
17
320
269
419
195
489
215
-122
3
-343
389
31
284
-39
-309
-264
-225
490
-400
100
-257
275
51
231
-88
-54
-320
-112
-207
21
337
334
191
-227
12
197
193
206
464
-76
275
-383
-34
-275
-18
-454
-185
18
-172
207
-146
362
-168
91
-232
-370
67
-216
396
-232
-150
-151
37
-77
-329
-31
-267
293
138
426
293
-121
-305
-177
-323
313
-54
346
8
-57
114
-155
96
-308
463
-93
337
464
190
-105
17
528
-199
195
-98
109
-142
-514
-44
30
24
-338
103
-256
50
6
11
-124
-222
145
318
184
99
32
357
-129
-87
339
-349
383
17
437
-175
201
221
-83
300
-434
257
-261
281
-222
98
-122
-29
169
-185
-77
18
204
-210
307
-67
55
61
-33
12
72
304
-42
328
-182
-103
-269
-273
-96
42
397
-61
136
38
-426
-626
-669
-137
-258
-103
-16
154
-77
-211
7
257
62
148
443
-83
-189
-178
161
76
389
-50
-13
-138
59
135
52
205
203
-18
324
-285
175
-197
-382
-200
-430
119
-378
38
254
-1
184
85
47
-505
-129
-123
159
-158
509
-20
59
134
23
406
-498
-129
100
-195
79
128
130
-186
-35
75
149
74
212
-223
183
-31
245
-441
108
-14
-13
-34
-141
96
-122
104
164
404
13
169
-112
-198
-432
-75
-23
135
197
16
109
-340
-222
-292
-357
27
-68
102
-120
442
321
-25
-29
-265
173
-335
147
-216
109
-60
-279
294
-174
101
-502
-290
-140
31
12
-119
-95
99
138
-116
131
-313
-28
-287
-144
28
195
-48
175
18
15
88
-232
141
-80
-176
-61
55
-11
-8
-132
43
-68
101
-136
214
-276
57
149
96
362
242
258
-8
229
-109
43
181
-111
-217
-3
76
171
-66
-16
152
-458
-172
-175
-111
-47
87
180
165
232
-102
-409
-192
72
39
100
135
123
277
503
495
182
442
154
160
-494
-386
-145
-319
119
16
-6
-397
-241
-201
-83
27
-317
139
-130
232
-17
230
122
-34
-40
-155
353
292
227
115
9
32
-3
306
-71
193
43
279
-55
297
-18
-170
-175
-345
-223
-267
162
-316
-204
-388
-130
-144
-103
342
-265
-38
-328
9
-89
-62
-29
83
180
-363
46
-287
-134
-129
251
-20
114
57
-173
347
-541
225
-37
410
-75
-157
125
-321
-14
-302
150
-130
229
-226
204
-229
-87
-53
174
-29
20
-15
-240
-215
-104
-145
-162
-37
-282
-70
-124
-37
-7
-159
67
245
159
81
-18
240
5
139
74
91
-112
93
-78
111
304
-362
340
2
174
-304
-217
-120
-71
373
202
316
-116
29
1
57
247
-106
247
-294
322
182
-249
153
-343
273
-345
4
-50
-69
7
12
-21
-215
35
-86
-28
-215
104
82
158
-7
54
-28
33
-191
43
-64
7
157
-106
256
-98
53
-394
-47
-73
-273
211
-100
-19
-277
-118
231
-139
71
142
-201
224
44
314
-19
61
52
8
187
-134
73
-82
-79
-42
-315
285
-162
126
-179
160
58
-278
-43
-309
221
-146
226
-18
-317
39
9
136
-108
-132
42
136
298
119
159
-56
144
-203
156
-22
-57
8
-10
303
349
189
50
-36
127
-86
-66
-5
77
193
36
90
-309
120
-55
43
-16
-134
69
-105
113
-203
319
17
101
-29
318
276
-117
328
15
176
-58
108
-167
138
-93
70
-139
-210
146
174
383
63
81
-129
-51
61
79
-11
-63
-131
62
-45
127
214
-12
-36
12
-62
-184
-142
-213
132
437
45
54
15
118
-176
-76
-262
125
199
81
66
10
111
52
326
72
28
54
176
-2
-30
28
62
158
114
97
140
-36
-170
-155
-264
-342
-102
-110
-200
-62
17
14
4
-166
-208
-181
113
324
201
184
86
55
59
94
130
136
-92
242
-54
65
-14
-109
-185
-127
-58
-318
136
-439
90
-173
102
32
-74
73
-360
126
-258
108
-84
-108
-94
-149
184
-88
280
-424
226
-114
133
4
-103
124
-185
175
38
-91
-225
-219
150
-191
365
43
159
30
-17
107
237
321
-109
263
-125
218
-83
20
120
32
120
-12
196
-175
23
-33
-14
68
-113
-147
-352
-207
-134
166
-96
129
77
-143
7
-211
211
136
412
202
8
-39
-188
172
6
252
204
3
60
196
151
25
-196
-182
-83
-123
-50
85
-319
83
-196
157
-63
-56
-61
-138
127
-15
82
-220
5
208
230
131
84
-110
-30
-51
38
-163
15
154
-127
11
-251
76
-37
95
68
15
-217
-124
-60
63
271
119
-100
60
-37
186
-39
-35
-89
-107
105
17
376
-243
178
-35
60
118
-123
128
83
206
-152
234
62
-212
-142
14
196
-196
146
199
-230
201
-82
-62
-107
-46
19
-184
288
-207
250
-239
56
-26
122
570
-212
39
-313
144
-363
215
32
-132
-145
-108
-21
-219
150
-289
-180
-111
-18
-5
-109
103
-88
118
15
3
-105
-154
-33
66
-85
-74
-123
-213
-7
173
-75
5
64
236
-35
182
-60
-72
-262
-140
143
253
63
50
173
-35
-289
-110
-154
0
-177
146
14
127
-63
15
-159
-59
11
40
0
15
-6
-159
-223
-96
61
144
21
-180
-237
-59
57
169
43
147
73
51
128
-11
23
-85
51
144
7
149
-1
-43
-142
-117
91
-235
-44
-181
196
-33
184
118
17
-55
34
305
10
103
240
-76
5
-226
254
-335
-155
-63
-94
122
-76
218
-169
76
24
32
120
24
169
-81
218
64
240
131
212
84
-72
26
45
18
-38
-183
-148
-169
-103
38
11
-48
-6
-27
143
63
-48
-171
3
-56
-157
72
-192
-65
29
281
-35
193
98
96
31
-21
27
85
-9
160
-5
-101
22
-78
-96
-49
47
48
19
66
-20
54
161
71
54
78
33
-137
-128
76
-64
10
-105
180
-243
96
-8
9
-62
31
165
-132
131
137
27
-135
-57
-36
-82
31
-42
-51
-241
139
-317
53
116
39
110
-67
-190
-154
-163
145
87
29
-26
-17
-129
-63
-148
70
132
-24
98
-3
-10
-146
-16
-73
-257
34
-68
75
86
83
94
-116
114
59
122
33
-259
-22
-272
-148
17
-160
-83
-207
99
-183
-86
-111
-76
61
-198
325
35
179
-58
-26
44
31
90
75
-133
-121
-104
36
-26
-31
-261
-38
51
6
90
19
3
-14
-19
51
-12
65
-208
-74
-46
-16
133
-190
77
-228
42
-93
90
-5
23
-24
-162
135
-90
88
-118
-188
-1
60
-18
-2
-3
20
-95
122
-38
-215
-79
-33
-129
-231
-115
6
-80
-79
-135
24
-130
-115
-164
-160
-38
-115
216
-30
46
-108
-42
-180
64
112
82
-102
-111
-71
-72
-28
-17
-179
-6
-4
116
-91
-160
-38
5
175
40
122
114
-88
36
0
158
145
176
132
-148
52
-337
50
-204
74
46
71
-186
-137
106
97
81
-80
199
-264
4
-6
58
-4
-168
-8
17
-25
-59
223
-140
-2
-16
-49
-55
-30
97
-180
100
-154
79
-20
-76
-57
-72
87
66
4
118
-83
-28
-163
24
122
-26
19
83
95
-184
180
-152
-33
-122
112
97
-25
78
-43
-11
-68
55
-126
103
-85
72
16
93
27
-11
-96
-156
75
-150
160
-69
134
-45
-14
-34
-75
189
-39
36
45
178
-22
13
32
20
15
-38
134
-133
159
51
129
60
-5
108
-195
124
58
181
-9
42
-58
-73
-59
137
208
-33
100
-1
-75
-63
9
131
37
61
-200
19
-22
-11
3
-73
45
22
89
-122
135
100
240
-59
-29
-114
-256
-37
42
130
-75
-161
19
-144
126
-157
176
-58
232
113
55
81
-16
271
-174
112
-43
-99
77
-2
151
-112
97
-201
21
-49
-106
120
-258
-166
-310
-66
48
105
-81
-129
64
-87
130
54
191
11
125
71
-11
241
-176
23
1
121
84
-133
-57
-156
67
-194
47
47
-102
-104
-50
-49
-343
24
-280
57
-231
93
6
-45
132
-30
120
-178
142
10
97
111
-185
179
-116
192
143
15
-111
1
-64
-43
-23
-6
-91
-124
-37
84
-30
-82
109
210
110
121
101
-9
-51
17
170
113
10
75
-14
115
229
110
86
25
196
156
-8
121
-73
-69
17
6
27
-71
67
-23
-51
56
54
-39
-185
16
-17
-64
43
-43
-28
-6
-65
-11
74
19
-8
35
144
145
142
264
212
134
108
10
-97
6
-16
-49
114
-8
39
14
-127
35
-24
-81
-48
-34
-57
-23
212
28
-14
226
-24
-102
6
28
-20
-55
89
127
-19
34
-19
-75
-31
57
26
4
0
40
285
41
124
-18
66
-242
127
-116
37
-11
0
-65
-186
52
-40
136
-35
114
25
-10
-121
115
74
95
54
162
6
-17
105
138
28
12
21
-54
-24
-38
10
177
28
59
-38
-164
-43
52
132
156
166
12
-68
79
138
73
28
74
8
-57
44
89
-119
-82
16
-84
39
-13
-137
-39
182
171
37
-59
-221
-44
107
104
12
21
33
-90
93
26
10
98
-17
85
40
27
13
55
1
60
34
-79
-68
-14
-34
-73
183
-77
138
-2
50
-176
75
55
79
120
-25
-133
-211
-143
85
61
-95
30
41
-53
-39
26
-51
-188
194
-16
155
26
116
-91
22
14
154
21
49
114
-116
-162
-50
96
-35
-41
61
64
-9
-60
48
-152
6
-135
53
-103
52
-94
-24
-152
-4
31
-16
-56
50
127
-97
-25
-18
-110
-76
25
-28
-157
-67
-143
82
-129
165
7
-18
-133
-69
-291
-114
68
36
-117
-38
-29
-93
-81
121
-103
6
93
31
53
-58
111
-3
13
-123
158
-123
75
62
112
45
-73
-40
-22
-101
65
99
105
-8
-67
55
-52
-15
97
8
65
-100
-90
-128
-84
20
-131
-147
-71
-47
-68
24
188
-66
-41
42
-67
88
3
135
-127
223
-19
110
-5
-16
-31
42
17
46
86
-202
-67
-197
7
-12
-46
117
-193
77
-67
128
-138
11
59
62
163
211
37
-18
-74
-12
33
-37
-186
54
-279
-52
-52
128
-138
187
181
-77
-97
-145
19
-100
216
140
112
-37
91
26
-196
-34
-100
204
-102
330
61
-48
-44
-113
-28
-178
56
112
-88
-144
69
5
-143
150
173
93
10
170
-3
76
125
6
241
-21
25
-1
-21
40
-34
59
-87
70
6
4
60
-48
-10
-93
25
53
9
-8
104
99
35
42
31
109
-23
101
76
-11
15
-19
130
-31
57
162
171
118
5
111
-5
58
154
207
71
70
10
-8
-18
-90
26
-62
-118
-9
93
-118
57
99
-25
37
115
78
-18
122
48
12
43
-9
10
-56
133
5
52
-81
38
50
-62
-5
112
37
-73
-55
-198
-70
7
58
23
71
85
6
67
65
209
76
138
73
11
5
28
71
35
-4
-53
57
82
28
1
92
-30
1
202
-20
48
7
31
-6
20
19
91
-43
101
87
110
31
28
111
-92
-16
55
25
27
53
17
10
98
-86
20
58
89
19
93
102
-68
95
96
-28
-27
-66
32
3
53
155
-49
-133
61
151
102
65
131
35
-46
93
78
52
-55
118
52
11
50
-15
15
3
113
-66
41
35
-31
-72
-2
-55
-138
-37
7
-25
-46
58
58
-6
-22
121
36
-9
51
100
-33
-88
-82
-37
-39
166
121
47
-44
97
-85
75
24
16
-25
24
20
45
104
-109
-48
-66
-2
-207
35
-17
-38
-91
-93
-60
-80
-50
-19
13
39
-40
87
-24
-23
-166
-13
-115
-126
-93
-39
-38
-49
-36
-40
-51
-62
53
33
-8
29
1
-15
6
16
-84
-69
-22
112
-27
-43
56
-2
-28
-20
138
2
1
54
119
31
44
18
23
56
-88
73
-88
-17
-40
-26
-142
-72
61
-43
29
121
88
-4
64
110
118
-193
-13
29
-84
-26
23
81
-85
12
24
-25
-24
44
6
-69
-58
-62
59
-1
4
-154
-28
-44
3
104
38
67
-141
45
-19
61
33
84
60
-43
-45
-161
-167
-131
-52
-44
-11
-1
-134
-3
-203
-35
-100
-28
-94
-113
22
-44
-139
-194
34
-162
-72
-88
-53
-133
-53
77
25
-10
-71
-112
-56
-71
25
-8
-18
-181
-186
-139
-54
-130
-95
-9
-59
-131
-14
12
-98
-88
-16
-49
-30
-13
30
33
-103
-27
96
14
28
43
-22
-44
85
-70
103
-6
75
26
29
99
15
27
33
51
96
33
101
122
-7
36
-53
12
-1
70
13
-5
56
-38
40
-19
20
-85
19
-55
-45
9
-10
-9
31
49
23
-24
-30
-89
11
5
2
29
61
33
-14
2
-11
66
-88
10
-93
21
-27
-57
74
24
25
40
-85
-139
-95
-12
-96
-69
-45
-59
-150
-101
-26
-104
-124
-33
16
-103
-40
-64
-19
101
-44
40
14
-69
-152
-76
-132
-98
-84
-72
-5
-43
-37
-92
73
-33
72
-162
-70
-60
-58
-8
-54
31
-157
93
-15
-36
13
32
42
19
92
-32
-123
-91
-17
-24
-36
89
71
-143
-91
-112
-64
-114
-14
-27
-69
-45
18
-96
-125
-75
-36
-187
12
3
-124
-195
-116
-163
-237
-37
-41
-9
-128
-28
-18
-72
0
21
3
-34
95
11
-103
-24
-64
-135
3
-11
6
-76
41
23
-60
44
-28
-37
64
-36
13
80
70
-39
-18
18
-70
-38
-129
59
-146
-73
-53
-132
-85
-23
-23
-30
117
43
12
-87
91
-42
-39
37
28
31
-3
6
-46
-11
34
71
-88
94
19
243
-20
44
96
-39
87
64
49
-133
-33
8
-11
-21
0
-39
4
-18
11
25
-38
57
-1
38
-78
91
-31
-80
-23
23
5
-74
116
17
23
19
0
-102
-17
-1
-18
8
39
-23
-149
-120
-66
-28
-72
89
95
-29
97
130
23
-94
-21
-73
-54
-23
70
8
-19
136
55
51
-49
98
-19
55
59
52
80
-29
-64
-32
-22
-75
-79
12
33
-63
111
128
32
63
107
83
35
-2
-9
52
50
43
27
63
-5
67
-87
-95
59
-19
1
94
144
-67
-34
27
-28
45
75
31
-125
62
50
-3
-18
65
36
-64
104
-15
98
50
126
-31
-39
40
-2
-4
20
93
-91
-6
11
70
-17
-52
23
23
2
78
153
-9
162
113
83
-28
-52
50
7
62
98
139
-30
82
63
15
-40
-4
112
22
108
32
70
-31
1
-70
-23
-9
58
-11
-60
51
-10
4
-57
35
-103
-50
-38
1
-15
-43
32
-27
41
-44
-4
-60
-43
-13
-72
8
-82
89
-61
97
-66
29
-50
116
4
96
80
18
65
28
105
-3
102
-63
155
6
78
-19
-4
99
-73
46
-87
104
-82
5
-8
63
-2
-19
202
65
178
-2
86
-81
6
42
136
76
-14
80
-60
110
-43
92
-112
-15
-95
-13
-55
-92
-9
-178
7
-132
2
-58
66
-49
-28
116
19
58
50
104
-15
7
19
-21
-60
-1
88
18
106
-42
97
-71
45
-77
60
-34
-67
26
29
27
-146
70
-9
83
16
52
28
-106
-4
-81
75
-21
50
-36
-27
-22
11
23
-45
5
3
58
77
152
80
36
41
62
55
-21
20
-33
-10
40
82
-28
-13
-10
6
-38
13
106
33
79
17
64
35
17
-98
-43
-110
-114
44
-35
-64
-123
-3
-108
4
-25
37
39
21
99
-73
-55
-59
2
-67
47
100
43
132
-25
91
-98
25
-27
-10
42
14
52
27
227
-9
26
-128
25
81
78
187
65
56
-64
76
-34
20
8
-24
0
-1
62
-91
53
-70
29
-66
113
73
20
6
-16
9
-37
-23
-60
-152
-89
-44
28
-46
-30
-85
33
-35
15
-79
-90
-132
-81
-16
-107
70
-84
-2
-152
12
-48
-77
53
-34
35
-132
14
-77
9
-124
-103
-68
-74
103
-61
-26
-99
59
-82
-50
34
-20
-70
-113
53
-110
-29
-44
50
-38
-11
163
97
38
-11
134
0
46
88
122
60
14
96
-15
81
18
15
22
56
41
-41
39
115
143
60
27
105
29
65
3
100
55
35
-6
-8
37
-59
30
34
126
8
54
108
8
142
15
54
-24
73
84
1
29
-80
-10
48
-38
-56
-4
-1
46
3
2
63
-59
-20
16
99
-13
3
103
88
-41
-7
25
-27
0
75
-6
-73
6
73
-96
-54
70
-30
-151
-109
-33
-156
-132
-67
-69
-84
-153
-75
-86
-72
0
4
-12
-62
-42
-49
-52
-3
22
31
30
113
140
72
-6
-103
-91
-108
-50
-28
-150
-125
-46
-85
-137
39
-45
-169
-56
-60
-51
-69
110
68
-97
-30
61
65
-91
-10
-71
-104
-32
-12
-1
-80
88
-27
9
23
-5
-80
-182
20
-46
101
37
116
-27
28
-2
14
32
-62
88
-35
54
79
71
-29
-59
77
-35
43
41
99
-68
-38
33
25
21
-54
130
-35
37
67
54
12
-62
132
41
96
16
67
8
-5
-32
-87
65
-70
4
-68
17
-31
-119
-56
-75
-62
-172
-59
-33
2
-1
8
2
-119
-69
21
25
-8
6
83
5
7
131
66
37
37
79
127
21
31
30
-18
89
120
47
128
99
116
-37
14
56
27
28
45
63
34
101
-80
-47
31
74
-44
-5
149
39
-27
5
42
1
-14
43
103
15
25
-79
-12
-40
69
81
92
4
-13
8
60
37
-36
-6
-55
26
36
19
-62
-83
17
8
37
62
-84
-89
-107
-11
-23
-16
35
5
111
108
58
-157
-74
-123
17
33
107
51
-45
50
-19
-58
-112
-14
-64
-58
-36
38
-37
-39
25
-174
-43
-36
-10
-41
-135
-41
-108
-28
-109
-68
-74
-87
-28
-10
11
-93
-45
-163
-6
-92
-20
26
-76
41
-34
-46
-145
-13
-63
-90
-37
19
24
-96
-5
52
52
-41
-38
26
-11
1
19
45
37
9
-78
-40
92
-32
-4
-78
46
-116
-8
8
24
16
-83
36
-87
-21
-3
-38
5
-88
99
-52
16
-57
-71
-47
36
43
-106
23
35
-24
-16
59
48
-75
62
23
107
9
46
64
-40
133
18
40
39
158
85
-25
161
76
90
-32
78
-12
39
33
-67
-24
-28
98
-46
28
19
40
51
48
87
-5
36
-135
54
15
0
21
-53
67
108
-42
31
-8
51
29
52
11
33
-4
-6
78
-1
-18
-80
89
-36
50
-90
-36
44
-15
-8
-42
58
-54
71
-35
-18
23
-9
50
3
121
-69
-62
-102
-39
-90
-14
121
-34
-57
3
-56
9
-19
99
11
19
114
-18
1
21
17
-75
-71
175
54
75
59
125
572
743
944
563
273
-254
-479
-289
-83
258
263
-19
-149
-287
-173
-133
134
42
-89
-303
-114
-78
37
196
299
397
285
420
322
269
142
276
370
285
227
82
-9
-244
-42
-186
-191
-336
-282
-486
-356
-295
-230
-260
-222
-48
-51
-85
-105
-5
-156
-38
67
67
-31
-23
55
-52
96
60
137
-91
25
14
-73
-73
-71
56
-86
79
6
-1
-55
11
23
-67
144
87
96
-72
149
119
69
73
78
99
-23
100
102
117
29
28
39
67
231
182
85
-19
-113
-202
-133
-10
49
-1
-96
-34
38
-86
-91
-74
40
-24
9
-27
25
96
93
108
57
62
-9
-69
-37
138
139
26
-58
62
91
26
77
46
26
36
18
-39
-57
88
8
-109
4
44
0
-50
-15
10
-85
-70
2
-10
-80
-51
38
-39
-45
84
85
-17
-26
22
-65
-96
12
60
2
-44
5
4
-101
-119
-111
-77
-72
-121
-44
13
5
-38
-35
-114
-107
-89
14
-1
23
-13
-21
-21
-64
-32
27
-22
62
-6
-19
-30
71
42
-20
1
47
73
-23
