-3
-3
-5
-4
0
0
-1
-1
0
0
-1
0
2
-1
-3
0
0
-3
-5
0
1
-1
0
1
-3
-3
4
4
-3
0
5
3
-5
-4
4
6
3
1
0
0
3
5
4
-1
-3
2
6
4
2
2
0
1
4
7
8
2
-2
2
6
4
-1
0
7
6
-1
-4
5
10
7
0
3
6
0
-6
1
10
6
-2
-1
3
-1
-5
1
6
5
1
2
3
-1
-3
3
5
0
-2
1
6
5
-3
-3
5
9
1
-2
7
10
6
3
2
4
9
10
6
5
7
4
4
9
7
3
5
10
7
2
3
3
0
0
7
5
-7
-9
7
16
3
-7
2
12
5
-9
-9
4
11
0
-12
-5
10
8
-2
-2
5
7
2
0
-2
-4
0
4
1
-3
7
16
2
-12
0
14
-4
-22
-4
22
6
-23
-9
17
6
-16
-5
16
12
-5
-10
1
9
-2
-16
-7
9
7
-8
-12
3
13
-3
-12
5
17
6
-9
-5
7
4
-12
-14
0
9
5
-3
-8
3
7
-7
-9
11
18
-7
-19
10
30
-3
-29
4
34
2
-31
-2
33
13
-27
-22
18
29
-1
-22
0
21
6
-20
-12
12
14
-2
-10
5
16
-4
-19
6
25
3
-17
-2
17
13
-7
-11
11
14
-9
-12
15
21
-5
-15
5
21
0
-27
-13
20
18
-10
-7
24
19
-13
-18
4
21
11
-17
-13
21
24
0
-11
4
17
-1
-24
-2
35
22
-15
-15
11
17
-10
-14
16
30
0
-21
1
23
-2
-32
0
29
17
-16
-14
23
9
-21
-16
7
21
-3
-21
-10
19
13
-19
-9
29
28
-18
-26
20
34
-19
-39
24
46
-24
-44
31
56
-22
-54
19
57
-11
-60
-8
54
17
-59
-29
61
37
-51
-35
43
42
-24
-40
23
55
-7
-43
14
50
1
-42
8
58
-4
-53
17
59
-25
-52
26
47
-23
-53
38
68
-34
-70
25
82
-12
-81
10
84
3
-82
-5
87
24
-72
-30
76
40
-63
-37
61
49
-44
-31
33
28
-17
-21
41
49
-32
-63
28
87
-34
-87
54
89
-47
-68
61
76
-28
-75
21
88
-25
-64
12
56
-7
-62
14
43
-6
-61
18
75
-55
-62
42
46
-24
-34
25
26
-40
-29
47
45
-27
-60
37
80
-49
-95
42
100
-55
-113
58
117
-52
-116
41
103
-38
-104
22
94
-13
-99
8
105
-33
-119
22
105
-23
-92
4
81
8
-121
3
116
-18
-104
26
124
-59
-106
43
79
-18
-107
22
85
-18
-58
2
57
-24
-23
60
-21
-68
21
80
3
-113
-25
131
54
-116
-53
115
37
-92
-10
69
-5
-51
22
46
-27
-22
39
0
-43
24
34
-18
-8
-32
28
44
-94
52
119
-104
-112
132
115
-116
-94
94
121
-120
-65
101
71
-92
-77
118
103
-92
-74
62
60
-30
10
-34
-12
73
68
-52
-125
86
178
-72
-209
87
183
-20
-231
51
252
-136
-184
171
135
-146
-19
105
-10
-25
6
7
1
15
0
-82
70
87
-75
-63
71
67
0
-147
-33
188
41
-225
-69
304
47
-277
-50
252
41
-178
-38
39
136
-1
-183
-16
228
78
-245
-118
260
182
-289
-198
360
149
-335
-170
308
196
-316
-241
352
197
-234
-253
215
272
-204
-296
154
317
-186
-342
213
318
-133
-347
91
315
-9
-257
-149
318
73
-283
-73
225
104
-188
-149
175
320
-225
-407
260
351
-290
-263
291
178
-255
-223
247
225
-196
-216
34
325
29
-384
10
320
-58
-330
192
433
-288
-388
243
339
-89
-397
17
461
-34
-446
102
396
-160
-307
201
263
-149
-249
84
286
-121
-373
280
436
-376
-472
276
590
-240
-679
345
614
-378
-527
363
490
-282
-590
259
765
-281
-793
137
900
-182
-871
323
657
-85
-709
28
767
-96
-652
35
747
-164
-653
389
435
-430
-397
469
469
-475
-567
488
652
-552
-744
666
775
-881
-622
1033
448
-971
-400
847
431
-826
-280
924
-2
-825
230
652
-203
-580
161
551
-284
-458
417
426
-483
-393
602
287
-592
-326
458
489
-371
-575
337
626
-439
-462
461
222
-299
-287
357
228
-486
142
288
-342
13
227
-97
-56
74
85
-252
-59
666
-258
-676
388
663
-336
-715
279
707
-179
-849
409
738
-329
-776
584
261
-498
62
512
-404
-394
597
273
-720
-161
829
-80
-786
177
863
-166
-1107
544
962
-645
-784
681
718
-912
-284
892
13
-706
-50
651
-79
-555
258
435
-514
-99
540
-204
-423
267
350
-562
-83
662
149
-866
161
486
17
-442
-231
638
236
-500
-395
738
-64
-308
76
-2
59
16
33
55
-154
-22
227
-127
-82
-201
378
136
-289
-270
442
66
-58
-219
-189
458
-88
-149
7
123
17
12
-231
156
209
-127
-225
152
148
-12
-148
-10
6
-58
74
68
-14
-135
-124
382
307
-644
-507
963
426
-1006
-369
898
373
-937
-142
774
172
-643
-254
652
-47
-304
77
2
-101
4
375
16
-430
-259
550
515
-840
-465
870
348
-596
-379
545
501
-874
-290
770
172
-174
-629
348
752
-519
-573
416
410
-425
-129
293
381
-604
-174
200
412
218
-835
31
722
-95
-539
9
600
-357
2
-60
55
87
-193
176
259
-521
118
456
-83
-730
429
508
-567
-59
48
202
-81
59
-257
217
208
-737
258
852
-249
-850
60
722
319
-909
-504
1095
483
-946
-261
450
216
-130
-71
-348
213
340
154
-659
-148
718
293
-840
-524
883
346
-192
-777
-11
1099
-15
-917
-48
781
77
-690
156
152
72
355
-289
-675
335
877
-469
-618
321
379
-126
-301
166
145
-79
-238
-4
515
-51
-914
494
822
-730
-327
203
437
186
-600
-5
325
16
-353
206
315
-360
-35
-141
493
-77
-128
-382
425
206
-269
-227
-1
326
144
-191
-459
416
260
-253
-61
21
133
-168
163
-244
245
261
-550
68
403
-136
-93
162
-496
1
855
-10
-1024
174
781
-298
-568
357
490
-237
-508
122
153
575
-430
-634
319
706
-35
-780
64
380
132
-294
21
372
-377
-341
316
340
-183
-449
240
203
208
-20
-553
-67
1021
-354
-848
40
648
398
-438
-636
310
558
90
-669
-308
810
-25
-151
-261
211
148
-419
273
-42
-14
276
87
-665
-293
890
362
-701
-718
974
292
-879
185
253
27
108
-546
-89
930
-183
-609
-99
302
632
-259
-809
60
774
262
-859
-239
675
214
-750
220
453
-382
-325
684
-261
-269
113
335
-174
-16
-167
-112
543
-155
130
-319
117
-190
220
4
-67
-173
191
-61
48
269
-100
-120
-198
169
87
-223
846
-976
-672
1650
-294
-556
-360
643
199
-375
60
-285
261
279
-199
-139
-437
748
110
-295
-493
365
432
-218
-59
-109
-99
267
169
-484
482
-241
68
-265
40
476
-87
-393
-25
296
90
-127
-398
511
238
-816
49
850
-188
-652
150
377
177
-742
317
794
-566
-927
596
909
-539
-860
478
250
-380
556
-414
-109
427
301
-596
-53
380
-162
16
-247
-10
359
-133
-336
727
-103
-531
384
501
-439
-457
174
43
656
-573
-1017
1147
346
-278
-1219
935
873
-863
-263
360
483
-564
-210
30
523
-154
-240
116
150
379
-695
146
-74
-58
462
-856
339
332
47
-368
82
300
-436
626
-514
153
43
134
-89
-424
3
574
-64
-566
351
70
145
-135
-224
633
-521
-297
297
271
-214
79
-64
-458
358
361
-81
-951
616
753
-707
-77
7
90
-26
497
-210
-559
309
399
-139
-604
540
93
-120
-104
-269
618
-157
-393
122
517
-462
-196
207
-176
859
-1146
96
455
377
-482
-898
1211
448
-759
-469
1018
-339
-334
143
655
-769
-568
1049
83
-67
-1292
609
1019
190
-1377
93
981
-574
-394
53
858
-28
-867
59
633
-72
-599
306
486
-369
-237
291
393
-289
-625
-31
963
-383
157
-71
-492
726
-10
-1252
991
821
-921
-1062
948
1133
-800
-484
-10
541
85
-652
718
-109
-380
67
-160
536
-35
-364
-135
44
687
-318
-437
753
-219
-750
535
440
-690
-116
472
10
21
-397
-5
665
-425
-351
495
244
-274
-533
622
308
-669
-196
512
269
-315
-419
545
486
-560
-440
236
787
-1155
396
286
476
-685
-450
725
261
-462
-523
489
754
-705
-200
-301
837
-6
-460
-622
1503
-714
-554
1130
-301
-1264
1100
282
-710
321
-349
499
608
-888
-337
397
634
-428
-236
324
65
-361
-220
304
50
157
-319
-217
513
-8
-205
-388
252
521
-503
33
269
-279
193
402
-377
-535
414
143
-188
123
-120
-105
133
506
-508
-244
171
377
-40
-712
514
271
-411
-286
441
-91
522
-1348
505
860
-78
-1052
-16
1250
11
-1017
-5
381
409
-439
-417
641
-460
197
788
-1165
385
358
-1280
1202
-34
-413
-102
-399
1636
-1434
613
297
-1145
498
555
-467
231
-212
11
-197
353
169
89
-615
-287
765
214
-364
-522
359
813
-1041
-222
905
-90
-1
-550
-36
758
-218
-342
-80
855
-548
-786
1033
-20
-118
-77
-352
-118
815
409
-1608
285
1390
-559
-535
-34
900
-792
-527
1287
-723
114
-356
718
-73
-519
295
299
-276
338
-573
-329
1265
-447
-474
-637
1453
121
-1352
393
-277
2112
-1412
-1455
999
1011
516
-2243
127
1217
458
-787
-929
711
1342
-1347
-31
-13
322
1246
-1761
-480
1687
218
-1465
-439
1701
-347
-390
-247
-486
1831
-603
-1706
1174
1039
-660
-945
585
98
203
80
-581
520
-363
155
-86
-286
1290
-535
-1381
652
1082
-341
-415
-180
102
446
-521
-112
313
-214
224
-409
809
-297
-296
477
-973
1237
-944
940
-95
-825
314
-288
614
-129
-229
-557
580
369
-24
-197
-928
677
867
-1197
-102
1059
-295
-137
-1095
1871
-557
-672
807
-1169
1107
18
-788
620
-176
-189
169
-236
112
426
-304
327
-837
914
-336
-161
-252
389
307
-335
-98
-278
983
-1044
24
896
-593
173
-449
-90
1668
-757
-1545
624
1294
-1428
-35
1491
-1470
278
1222
-715
-466
-80
1009
-460
-680
1184
-203
-760
-278
430
702
-634
-597
845
233
-875
589
496
-817
-163
621
-361
260
737
-1765
-220
1387
608
-1139
-816
931
727
-194
-1215
916
401
128
-1255
-236
1150
-43
-993
559
243
535
-688
-489
862
666
-8
-2339
685
1915
0
-2571
674
2301
-1161
-503
-647
1224
187
-1398
371
810
-638
195
144
-536
596
62
143
-607
807
-1116
1410
-1122
192
207
-338
152
423
-167
-495
1345
-1513
290
895
-347
-521
198
231
-370
683
-808
321
334
-989
708
742
-349
-938
525
85
356
-843
-518
1576
-1124
820
-364
-47
1107
-1169
462
-1519
1238
332
-238
-452
806
408
-1536
-58
820
839
-574
-1014
781
575
-1125
284
143
475
-1214
1348
-528
-695
1668
-894
-409
235
-610
1213
-574
0
504
-463
-312
348
1047
-1262
-1297
1076
1483
-772
-705
-437
2095
-397
-1954
216
1326
-429
-637
921
-616
752
-499
-267
-140
632
-765
797
-494
402
-480
1132
-540
-933
713
-173
459
-1186
428
779
-500
-664
714
696
-338
-816
-687
2308
-407
-1663
1341
-1155
795
-205
937
-315
-2096
1409
961
326
-1493
-346
903
474
-276
-565
100
36
750
-1198
359
325
557
224
-2512
965
1719
531
-2598
144
1919
-1561
541
-183
762
-51
-1422
1192
327
-1229
613
709
-1379
-258
2355
-401
-889
-1851
1866
1691
-2196
-533
1044
473
-87
-936
-285
1979
-1414
-1199
2042
40
-613
-190
482
-619
464
-93
-157
564
-778
-65
-75
1396
-718
-1527
1153
1171
-729
-780
-135
1321
-689
-609
932
-72
-153
-1213
973
893
-417
-298
-64
-382
1855
-1355
-608
1037
-670
296
-950
597
266
780
-1098
-729
1776
220
-949
-1231
453
1525
198
-2093
1899
-563
-307
-483
-5
2939
-2315
-2108
2060
1366
-635
-1914
408
2129
-1371
-818
1026
153
354
-394
-1597
1592
669
-589
-2006
959
2057
-810
-1154
-555
1525
711
-1211
-1082
1681
462
-1112
-355
206
1272
-567
-1796
1476
704
280
-1908
207
1773
561
-2408
-663
1661
424
42
-2146
1695
783
-1635
264
121
1654
-1232
-1158
1324
34
788
-2123
1226
537
-1932
640
718
914
-1038
131
-482
216
982
-548
-728
-9
1304
-1179
-47
1038
-721
-660
856
-393
1130
-616
-593
1116
-250
-805
1321
-1270
15
173
829
-1178
487
493
-721
437
-596
748
200
-354
-196
-432
784
-501
-472
923
727
-2198
621
2304
-680
-1348
-1400
2203
1425
-2058
-1107
647
1907
-188
-2215
364
2327
-1447
-1889
1967
772
-1039
9
-152
138
724
59
-1068
264
538
-1035
262
713
535
-1310
-31
327
751
-445
-16
121
-266
168
-141
29
-271
726
-842
-107
-36
1371
-884
-1318
1793
295
-145
-1744
708
2059
-2048
-554
1509
414
-1631
-269
1390
475
-1403
-540
1662
-90
-356
-167
-532
706
154
-1080
501
593
-873
600
150
369
-1075
1
1042
-677
480
-960
993
-528
-619
725
290
-443
-847
673
1386
-697
-739
-912
2222
-214
-2484
2844
-60
-2140
600
741
729
-577
-650
-324
1900
-489
-1259
-301
2026
-251
-3182
1593
2584
-1696
-1527
1149
550
421
-1147
-444
837
474
-981
-656
2405
-878
-986
-406
1896
-1056
-339
1318
-1507
1659
-932
-411
848
-653
868
-1196
-982
3212
-815
-1154
-349
371
880
-703
1447
-1652
-392
877
779
-453
-1926
2175
13
-1441
644
107
793
-1562
391
1241
-577
-771
770
-844
993
-453
582
-1193
401
649
-66
-641
-792
3184
-2137
-1179
1304
-794
1839
-1306
-209
680
164
1130
-3202
1293
1631
-1216
-461
49
1004
440
-1996
-7
1448
1148
-2174
-57
696
198
-137
-1515
1652
308
-1063
-178
645
1240
-2085
-286
1144
534
297
-869
-42
1042
-1722
1706
-1018
-1760
2556
-297
-1057
1025
-850
144
671
-371
-343
468
386
-685
-27
497
-584
535
431
-1782
764
2378
-1660
-1836
566
1304
839
-1378
-492
1146
-390
-472
-360
398
496
-12
-996
721
1142
-1238
-273
-586
1713
151
-1109
-266
952
-564
1405
-1770
143
2105
-2582
576
948
-714
100
109
86
-427
630
-718
191
319
299
-530
-325
175
-227
1228
-756
11
403
118
-739
-430
521
380
-328
-193
790
-540
-388
1042
-856
218
1379
-2002
-269
1740
-986
541
282
-855
-582
674
2014
-2104
-500
916
348
312
-2153
682
1279
209
-1309
-729
2999
-555
-3165
1452
861
877
-2614
438
2508
-1374
-1194
623
1327
-798
5
-915
-130
2129
-1802
276
1327
-653
-1690
-478
4100
-2165
-738
1101
-1273
956
-549
268
-270
1008
106
-1698
1104
162
-276
-1624
1009
1671
-821
-269
-1035
415
1017
85
-1042
269
319
173
213
-908
198
862
-659
-370
612
-854
734
-246
700
-1140
1023
-33
-494
520
-852
-637
994
267
-291
-333
-168
1803
-484
-1701
-1058
3326
891
-2493
-1989
2967
1090
-3533
733
2684
467
-2443
-2394
3380
1382
-1751
-2214
2042
1305
-1611
-1153
804
1583
-50
-1348
553
262
-711
259
660
-1540
62
1767
1012
-3749
-72
3640
156
-3226
237
2385
-367
-1437
-124
1707
426
-2312
-226
552
2193
-2413
0
2945
-2492
135
-672
1884
924
-3691
537
1269
1560
-2203
-1032
2480
77
319
-3156
2660
1785
-3279
-1364
1659
1729
-1138
-425
425
814
682
-2994
355
1855
-438
433
-2078
2089
-449
-537
697
-1326
2724
-2541
-380
1561
15
-181
-1604
1792
-474
-87
13
-639
1214
-516
-304
640
-574
1631
-2506
1639
68
-1542
2299
-1823
-608
800
1058
859
-2302
1185
-560
1797
-807
-2795
1514
1311
-776
-1351
1710
1093
-1818
26
-763
1935
-331
-1598
554
994
130
-441
-893
220
1525
-683
-61
-1883
2839
1348
-2886
-981
716
1778
-1825
87
1159
-1026
701
-1500
1861
259
-1246
-187
-140
1292
-588
-136
-195
201
494
-742
-61
217
1060
-1947
-738
2456
785
-479
-3282
1449
2748
-1541
-1759
1663
207
185
-2177
549
1177
952
-622
-1108
505
438
192
-1179
38
731
861
-1445
-299
562
1260
-1279
-672
404
1468
-719
-692
488
342
-305
-1972
3111
-424
-1415
-56
1023
-631
538
-419
586
-563
195
506
-2107
3040
-2237
694
-214
777
-247
-1029
1110
-983
1300
-702
-839
1145
1542
-2447
-1459
2420
1685
-1773
-1790
1163
1299
418
-2060
89
1681
-759
-19
-382
547
-343
-485
-13
501
682
-912
-67
-691
2249
396
-2396
871
44
79
-766
-477
1325
766
-468
-25
-1863
345
3220
-3122
678
1945
-2157
-126
47
1112
179
-8
-2428
1123
2038
-1765
816
-720
-298
-362
1489
179
-614
-1117
761
146
162
137
-105
-424
252
858
-1504
1330
-687
-539
-592
1612
519
-867
384
-834
1287
-1114
-1377
2588
-1734
938
440
-1235
709
-1225
2623
-2276
1065
375
-1262
547
-1123
1648
55
-1362
-174
1309
957
-2508
673
654
329
-31
-561
632
-2002
2854
-1677
-145
-239
750
873
-1631
-77
1660
388
-1921
415
-651
1454
-1580
608
1387
-412
-1710
189
1237
522
-860
55
-587
263
243
-32
-887
-33
1932
-1344
718
-1062
1834
-1829
253
923
-631
665
-1591
1368
322
-1407
1708
-840
-463
-112
875
557
-232
-1747
300
136
1745
-227
-2565
1121
2409
-1082
-1552
1749
-1538
723
109
84
104
-1543
1612
364
-1561
633
-885
1113
434
-563
-118
166
-356
334
171
-353
-689
1539
216
-2291
624
2476
-881
-1402
341
975
-992
-191
-195
1451
428
-1153
-1335
1075
1284
-1770
-200
1705
-1104
-154
1221
-113
-1176
328
-233
-596
2057
-1207
-507
1524
-556
-318
-369
746
520
-1918
-161
2760
-1524
483
-1083
548
-258
-223
1737
-1837
102
-135
2126
-296
-1780
820
-385
-180
-924
1506
868
-124
-1055
290
-1078
873
431
-72
-107
-167
-821
534
1546
-3130
1894
-247
1317
-1300
-284
-350
1573
-157
-2053
210
1704
1641
-3152
366
880
326
-280
139
-495
-818
1214
121
896
-2279
-16
1597
-670
-89
-1070
3129
-1104
-1589
673
514
392
-1591
657
-620
1454
-935
-435
-155
1273
-22
-928
-111
450
687
-490
-1499
912
2827
-2353
-1401
890
3031
-1931
-920
164
714
-654
-567
250
1883
-1264
-778
1209
340
-1462
60
1374
378
-1514
-412
374
1160
154
-2104
309
2115
-1
-3066
1608
1390
220
-2324
31
1549
325
-1750
153
1628
-762
-910
754
597
425
-1082
227
-166
-185
421
-1697
1931
243
530
-2115
-188
2129
-674
-1257
916
736
-949
955
-1636
-367
697
1021
-603
629
-587
-886
791
1400
-366
-2555
2298
297
-380
-1291
-530
1541
1680
-3588
566
2731
-589
-2506
703
2000
-1164
485
-1788
1406
-550
2041
-3263
431
1734
-633
973
-623
258
-1336
1136
-1132
1632
-1267
992
-1499
690
426
509
6
-1841
655
869
-170
-1014
1397
-1309
612
1630
-4073
1722
1728
-460
-1274
975
339
-723
428
-1050
440
-181
1278
351
-1800
-765
2038
1068
-921
-3353
2168
2350
-1332
-2058
928
1389
-134
-940
-104
501
-934
2279
-1414
-1720
2099
-862
685
652
-459
-2327
1449
2040
-1516
-750
-275
2214
-527
-1086
-327
891
658
-1318
-2
1349
-82
-871
23
-656
1145
1783
-2509
-1114
1583
494
-201
-616
170
149
-828
1888
-353
-1241
1202
-1569
788
470
-946
1416
-1446
-474
842
356
1124
-1822
519
810
-229
-1831
789
837
639
-614
-2534
2618
633
-357
-2413
633
2140
-720
-2316
2603
-36
96
-421
-2030
1701
-33
925
-817
-508
956
-188
-253
1092
-1253
-1079
837
1068
131
-273
-662
36
-483
299
434
-346
993
-635
-482
-395
1416
249
-1018
-1563
2390
171
-678
-722
314
858
-2432
1153
768
615
-787
-178
1042
-804
162
-791
663
101
-1236
-193
1760
1043
-1169
-2012
1354
2043
-1501
-2199
2155
1977
-3426
-406
1352
1186
-254
-1181
1054
-820
696
94
-400
-528
120
-73
552
1299
-1522
141
-1159
1790
-182
-1684
805
1675
-182
-1929
-453
2209
-822
-2191
2666
-77
-1181
478
-228
707
191
480
-2846
1272
1250
-449
1945
-3888
-261
2834
1870
-3221
-1930
3257
209
-678
-601
-642
640
681
-20
-1067
376
1503
369
-2447
173
450
663
-1017
1029
602
-1553
-121
726
1247
-1507
-1057
1117
747
-932
441
1016
-1898
743
-25
1136
-34
-1583
163
982
-2725
2016
1846
-1146
117
-2376
2052
897
-1061
-978
501
788
-343
-871
236
1540
-2040
360
1573
-1226
568
-924
-181
2187
-2144
-310
1968
-491
-293
-273
-1030
1720
1236
-3276
1895
63
-362
338
-908
965
-635
292
475
-812
-92
-241
676
636
-1406
626
-492
678
-447
-482
2295
-2224
360
496
1161
-2374
-244
3471
-1926
-736
687
-650
554
1241
-1979
-563
1557
464
-1272
-1146
1728
1269
-1699
129
1293
-1714
780
-635
648
-123
-1330
2011
981
-1939
-457
524
2395
-809
-4018
2088
1588
-235
-1845
1746
-26
-654
494
-821
578
1388
-1621
-953
2502
-1647
-1677
1422
1903
-1709
-1188
1237
1064
1010
-3977
1585
1777
-1237
200
-539
-665
1266
965
-3420
2370
955
-901
-1099
989
758
117
-1303
-1436
2405
594
-1183
-1702
1910
681
-1464
1097
320
-1579
-1291
2060
1239
-509
-2124
1529
897
-2098
693
544
537
-749
-191
1006
-347
-520
532
-1597
1441
952
-2754
1731
780
-1502
699
509
-2033
1539
1701
-2971
294
1440
377
-1344
-720
421
1366
-305
-2049
1811
1489
-2483
-241
988
1155
-84
-2893
1659
691
-623
-42
29
716
-1304
454
665
-325
-614
996
-219
-2035
2381
-68
-577
-516
510
81
513
-1565
-394
2319
-1615
675
-20
-343
2369
-2937
-226
734
205
1015
-1958
2426
-1464
-1588
1134
2264
-1080
-1490
589
891
-324
-1191
1411
435
-2365
150
1463
1536
-896
-2145
1422
781
-1362
1072
-614
-56
-910
547
1339
-1601
1035
-599
-822
522
1900
-903
-1504
1504
-380
-257
37
1065
-2517
1529
667
-984
1276
-818
-647
-169
2916
-1898
-1584
1107
904
120
-1558
154
408
946
-724
-366
1005
104
-633
-199
54
5
1353
-2034
-810
2580
842
-1648
-1655
1041
1812
-871
-2058
1988
1386
-1654
-1651
1743
452
-325
161
-1929
3126
-1029
-2158
688
823
824
159
-1890
-147
2800
-1864
-543
755
370
-853
-328
1282
-106
-307
-55
-855
810
-77
-247
837
-488
-1068
1343
-635
-345
471
-577
766
-161
916
-450
-1623
1506
863
-2144
-287
3303
-536
-3384
305
2434
-236
-814
933
-479
237
-1183
-948
3571
-1170
-1953
195
2053
-1013
-209
22
-569
1156
-9
-150
-335
-1158
1291
2017
-2805
293
209
330
1275
-2255
477
1929
-1061
-335
-372
651
-40
-216
-608
-534
1791
654
-1909
-166
2014
-930
-2014
1013
2056
-189
-2297
647
836
-279
-66
-1888
819
2181
-2288
50
2244
-1619
-366
-300
376
337
841
-1194
-200
248
-934
1876
-39
-1495
307
229
-592
1933
-1001
-1455
1167
73
-170
149
303
518
-434
-673
-372
689
1272
-2037
-905
3301
-372
-439
294
-1268
1238
362
-1874
418
2220
-2064
-341
3017
-1382
-806
1329
-760
-1277
2345
635
-1951
618
639
577
-729
-741
271
654
912
-513
-593
133
636
-685
-961
639
-280
1339
427
-2240
1273
1251
-1581
-1843
605
609
1088
-1088
-149
-560
527
-563
-1631
221
354
199
-1222
-32
-460
1468
-1558
-1686
1603
-65
-914
-832
1023
-286
-576
1065
-672
-1410
1014
1162
418
-1467
779
694
-581
-203
-1261
2124
1392
-1128
204
717
2039
-294
-682
110
1550
1044
-461
760
427
773
-267
882
-211
727
793
866
-393
-645
1704
-588
-60
209
-532
956
1390
-704
-835
-45
-798
1591
-1058
-1769
2514
976
-4507
-1397
3704
-224
-1714
-2022
989
402
-2109
585
-237
-531
-749
-626
-373
-399
-446
518
-1847
-1158
687
-1052
-692
444
-936
-1018
-252
-372
-720
-794
-997
-1190
-873
-77
443
929
363
-922
-598
391
388
539
1367
1373
199
-87
1141
1747
838
135
673
1722
1340
969
1473
1351
839
-198
493
1622
574
46
1480
208
-1371
1491
439
-1249
484
1018
720
-1172
185
1218
-144
-1655
-277
1940
-673
-705
525
2012
815
-1685
-1451
2304
314
-1015
-78
2277
617
-2928
730
1426
396
-2118
-130
-260
-892
-246
-959
-561
-245
-687
-1528
85
-146
-960
-2588
-1161
-770
-356
-1609
-1708
523
-873
-3138
-1326
0
134
-2375
-2068
663
-1325
-2651
-931
-1366
-1861
-1515
-590
2427
2193
-1833
-2256
-263
1179
763
223
2500
2701
632
-240
526
2557
1553
94
2030
3500
2434
1392
1719
1534
898
523
923
1547
1800
1877
1011
-208
-683
-502
-249
649
728
201
268
-444
-930
-958
-24
626
-327
-825
-536
923
728
-1938
-1481
1382
1189
-738
554
2832
1250
-1336
-463
1961
1127
-353
1998
2242
88
-333
-1394
405
2301
-793
-220
2194
-784
-2377
25
215
-2023
-1711
-303
-502
-678
-434
-870
-2846
-2539
-1144
-1183
-430
-966
-1919
-2623
-1520
-570
-2800
-2404
-953
-1475
-2518
-2554
-1356
-1848
-3205
-3273
-2038
657
1932
65
-1242
-1624
-264
644
-235
1528
3314
3500
699
-1133
1564
2849
2407
1544
2594
4180
3516
2288
1394
2147
2022
951
1027
2119
3596
2475
290
-749
-872
107
-271
-366
1248
1055
-540
-1987
-2507
-1085
317
-524
-1464
-719
-296
-303
-651
-1546
-589
141
284
-131
23
1170
1012
362
-581
933
1607
2173
1843
1584
2217
1332
-621
587
1695
1903
1567
234
846
978
-1253
-1014
-277
-159
-465
-1494
-1046
-737
-1380
-1942
-2187
-2089
-1686
-480
-2929
-1489
-2295
-2337
-1879
-3012
-2794
-2131
131
-3193
-2986
-725
-2772
-3384
-2167
-2955
-3033
-2422
-934
2545
1113
-1927
-2734
-1462
20
458
1658
3235
2943
1220
-921
231
2638
4160
4175
2930
3324
3576
2924
2314
2185
3207
2762
2242
2256
2929
3198
1088
-512
-932
459
1621
1270
904
-25
-824
-2015
-2286
-1142
-138
-227
-1223
-1649
-1270
-1106
-1590
-1494
-810
128
-155
-954
-445
562
1444
467
-487
386
2079
3258
2262
1190
763
907
1631
1641
2558
3053
2008
567
-1125
-575
1265
1291
-493
-826
-932
-1418
-305
-1727
-2011
-1546
-2782
-1824
-1564
-1781
-2044
-3829
-4442
-2259
-2130
-3192
-2351
-2391
-1656
-2741
-5231
-3896
-1248
-1626
-2610
-2289
-4313
-5206
-2912
826
3636
1307
-2361
-3881
-2313
628
1793
3879
4585
2684
136
-1315
1842
4876
5451
4268
2895
3720
3550
3076
2887
2731
3094
2902
2700
3140
4002
3215
536
-1163
-131
1662
1824
1041
249
-554
-1617
-2510
-2131
-656
491
35
-1412
-2608
-2633
-1675
-1394
-1276
-994
-422
-375
-1535
-1403
-466
491
565
235
1980
3297
2708
1051
319
1212
1358
2109
3271
2967
2320
1204
-12
-596
391
2283
1389
-357
-696
-636
-747
-2466
-2517
-941
-1074
-1929
-2715
-3045
-2853
-2951
-3096
-3562
-2495
-641
-2935
-5545
-3704
-2055
-3935
-3010
-2489
-1362
-1692
-3777
-4961
-5233
-3547
78
3702
1788
-1764
-4915
-3411
976
2676
3348
3854
3665
1300
-1446
630
4653
6940
5136
2675
3648
4175
3550
2716
3371
4436
3439
2523
2396
3596
3725
1372
-723
-341
1731
2449
1533
292
-828
-2120
-2844
-1920
112
1405
285
-2377
-4059
-3313
-1321
-163
-325
-966
-1354
-1597
-2051
-2030
-711
653
271
-258
1112
2491
1891
586
473
1227
2317
3179
3275
2656
1765
780
-367
669
2471
2785
1631
-198
-213
-195
-606
-1491
-2043
-1055
-1149
-1992
-2821
-3027
-2827
-3448
-4449
-3075
-1322
-3130
-3888
-3640
-4534
-4316
-2930
-1713
-2402
-3260
-2241
-3151
-6451
-6178
-2478
2323
4236
482
-3736
-5487
-2499
2225
4039
4289
3574
3146
461
-2150
1341
6183
7884
5537
2503
2858
4136
4367
3482
4289
5477
4338
2636
1702
3200
3671
1805
-35
-3
2426
3064
1321
-879
-1879
-1686
-1548
-722
736
1213
-867
-3909
-4734
-2438
261
603
-1030
-2584
-2765
-2392
-1917
-926
648
1483
590
-931
-623
1507
2559
1791
415
1094
2579
2320
1423
879
1919
1978
623
785
1985
2909
1598
-764
-1627
-822
424
15
-1067
-1746
-2555
-3398
-3385
-2382
-2573
-2935
-3191
-3980
-4277
-3950
-2917
-3764
-4312
-3171
-2815
-3258
-4371
-3944
-4184
-5304
-3675
53
3534
2224
-3165
-7069
-4247
3170
5447
3949
2773
1753
178
-2221
840
7106
9861
7126
1546
724
3158
4809
5123
4974
5816
5517
3098
746
1943
4922
4601
1479
-379
1396
2868
1296
-1067
-2437
-1259
-282
-770
-791
-688
-1192
-3473
-4973
-3242
-384
581
-1375
-3572
-3783
-2705
-1821
-1100
88
818
16
-1668
-1458
1019
3027
2754
720
335
1833
2994
2472
1175
1518
1798
1768
1420
1311
2473
1932
282
-488
196
1380
730
-1243
-2294
-1702
-1192
-1751
-2646
-2999
-3511
-4303
-4481
-3722
-2534
-2824
-4414
-5200
-4228
-3562
-3806
-3620
-2929
-3905
-6825
-6238
-1497
4200
3651
-3610
-8018
-5818
2090
6449
5480
3298
613
-720
-1804
1580
8032
11118
7547
327
-1622
2459
7625
8681
6480
4804
3887
2791
1783
3034
5577
5890
2802
-233
168
2327
2429
-89
-1839
-1003
338
-56
-1457
-1802
-1494
-2291
-3651
-3366
-1166
-116
-1960
-4520
-4380
-1982
-459
-951
-1909
-1158
-630
-1046
-1478
-142
2708
2818
903
-1184
-303
2236
2819
2335
1119
1453
1572
969
1064
1550
2548
1732
41
-691
-215
589
279
-887
-1669
-1658
-2399
-3347
-3288
-2569
-1988
-3223
-4903
-4472
-3274
-3163
-4224
-5072
-4557
-3301
-2935
-3372
-5220
-7118
-4859
170
4192
1272
-5647
-8070
-3528
5151
7454
4226
630
-1239
-714
182
4530
9057
9419
4167
-1486
-33
5387
9373
8230
4460
2658
3217
3798
3798
4727
5041
3412
956
440
2249
3263
1659
-1097
-1832
24
1185
-288
-2196
-2746
-2282
-1981
-2301
-1835
-727
-1342
-3781
-5006
-3019
97
599
-1712
-3457
-2563
-558
280
159
438
806
167
-893
-472
1644
3132
2229
204
-355
1014
2323
2105
1123
612
599
510
451
853
1064
135
-1547
-2268
-1329
-362
-1307
-3054
-3583
-2776
-1945
-2959
-4265
-4488
-3571
-3061
-3675
-4014
-3111
-3282
-4600
-6978
-6158
-1200
3348
3834
-4792
-9846
-6901
3561
8822
5385
-961
-2712
-926
1214
3192
7355
9216
5236
-1117
-1644
4907
10423
8701
3142
570
2820
5295
5032
4039
4492
4422
2219
291
1528
3948
3544
236
-2010
-809
1592
1623
-857
-2798
-2289
-771
-642
-1917
-2719
-2478
-2484
-3096
-2804
-1210
-547
-2280
-4154
-3161
-194
1122
-273
-1724
-1195
100
390
236
915
1696
1045
-460
-440
1596
3079
1997
-113
-382
1046
1745
672
-339
3
529
-3
-1167
-1591
-1667
-1866
-2233
-2303
-2322
-2711
-3266
-4247
-3977
-3342
-3048
-4122
-5333
-4062
-3171
-3208
-6573
-6958
-1713
4232
3699
-6164
-11175
-6129
5601
9818
3791
-3000
-3815
39
2777
4367
7047
7345
3853
-1623
-1205
5610
11502
9496
2495
-425
2880
6789
6569
4229
3553
4206
3491
1496
1271
3089
3719
1276
-1160
-292
2176
1873
-1497
-3450
-1472
1200
455
-2670
-3993
-2443
-890
-1205
-1951
-1762
-1751
-2945
-3657
-1958
651
856
-1595
-3236
-1740
937
1476
-17
-786
330
1513
1096
342
755
1707
1410
196
-11
1334
2094
688
-1165
-1642
135
996
-21
-1565
-2293
-1480
-1645
-2367
-2801
-2902
-3010
-3882
-3888
-2882
-2489
-3555
-5482
-4473
-3402
-2695
-6296
-6757
-2253
3389
3133
-6180
-10557
-5382
6086
9371
2489
-4877
-4586
643
4652
4911
5635
4980
2925
-355
879
6615
10441
8237
1887
-71
3722
7771
7434
3425
2151
3507
4559
3229
1822
2663
3421
2024
-156
-2
1650
1270
-1657
-3236
-1016
1766
993
-2741
-4823
-3146
-486
-234
-2085
-3480
-3337
-2653
-2153
-1367
-721
-1070
-1944
-2015
-447
1061
54
-1886
-1539
960
2894
1947
-579
-1060
644
1845
1536
913
927
1045
466
11
633
1165
296
-1524
-1974
-789
126
-951
-3058
-3555
-2704
-2042
-3215
-3837
-3306
-3138
-4015
-5744
-4606
-2656
-1853
-4833
-8711
-6034
790
5856
414
-9886
-11579
-2457
9178
9079
-476
-6862
-4294
2493
5336
5640
5354
4317
1808
-624
2584
8433
10511
5962
229
1300
6218
9038
6283
2402
2375
4363
5277
3205
1693
2241
2683
1886
846
1157
1435
118
-1999
-2023
476
1878
-491
-4074
-4448
-1789
259
-547
-2809
-4002
-3531
-2346
-1031
151
-1
-2170
-4235
-3149
668
3070
1320
-2237
-3169
-545
2320
2540
738
-440
-34
774
1113
1180
1643
1755
759
-621
-577
784
1441
238
-1738
-1666
-853
-555
-1872
-3381
-2728
-2464
-2508
-3698
-4123
-3397
-3744
-4606
-4975
-3267
-2455
-3215
-6898
-9092
-4049
3373
5883
-2906
-12454
-10381
1273
11220
7153
-3479
-7901
-3162
4610
6324
4967
3968
2825
1424
789
4260
8274
8674
4498
617
2264
6381
8131
4600
1851
3468
5878
5314
1436
113
2290
4463
3448
491
-505
271
345
-813
-609
1170
1490
-1709
-5065
-4152
-60
1779
-1030
-4690
-5320
-2584
-455
-82
-1229
-3095
-3963
-3561
5
3066
2500
-1643
-5164
-2473
2820
5661
2552
-2247
-2844
105
3507
3462
1529
-148
-776
-353
508
1759
2077
626
-1785
-2620
-1061
1075
678
-2103
-4033
-3256
-1200
-1322
-3115
-4381
-3818
-3135
-3581
-3952
-3698
-2552
-4062
-5743
-7438
-4545
1136
3375
-29
-9380
-10003
-2723
8096
8590
-220
-7471
-5276
3144
7321
4950
2445
1761
2749
1773
3109
6009
7829
5623
1697
2084
5427
7604
5663
2630
2579
4718
5756
3308
676
1139
3584
4063
1969
50
-91
546
359
-163
123
569
-543
-2937
-3518
-1156
1150
288
-3300
-5079
-3658
-633
546
-418
-2427
-3924
-3386
-1267
1973
1733
-526
-3786
-2954
737
3526
2734
-692
-2641
-761
2088
3459
1621
-391
-571
443
1257
1228
926
393
-655
-1319
-676
269
-132
-1940
-3063
-2509
-1671
-1543
-2628
-3686
-3929
-3274
-3055
-3452
-3818
-4042
-3413
-3895
-4890
-6999
-4622
1538
4058
-448
-9988
-10023
-1162
8923
7615
-2744
-7780
-3189
5154
6996
2990
1243
2017
3752
2507
2361
5015
7156
5802
2204
1842
5102
7237
5066
1892
2330
5313
5817
2315
-454
948
4262
4580
1459
-1048
-504
1092
1023
-109
-221
388
-465
-2612
-3116
-824
1223
-212
-3724
-5063
-2856
-65
407
-1029
-2415
-3059
-3146
-2220
-54
1736
1009
-1760
-3361
-1679
1534
2837
1364
-548
-763
236
817
862
1318
2005
1579
-87
-1242
-361
1697
2439
832
-1451
-1981
-965
-142
-656
-1383
-1773
-2036
-2799
-3547
-2855
-1555
-1147
-2806
-4692
-4901
-3995
-2156
-1709
-3111
-5583
-7447
-2636
2323
4323
-3309
-10758
-7707
3045
11073
4765
-5963
-8419
-946
7939
7351
2729
-574
393
2928
3511
5352
5963
5885
3002
1361
3011
5878
6580
4238
1668
2430
4553
5089
2033
-246
1408
4315
3989
515
-1585
-283
1731
1556
33
-744
-746
-1430
-2375
-1773
220
931
-1512
-4510
-4806
-1126
1832
622
-3137
-5283
-2559
444
990
-1034
-2393
-1239
-734
-577
-843
262
1290
285
-940
-1258
575
1860
1372
296
-195
240
244
131
548
1230
850
-957
-2263
-1562
-104
242
-877
-2310
-2613
-2236
-2428
-2598
-1707
-1130
-1980
-4334
-5415
-3584
-270
-680
-3808
-7952
-6548
1324
5006
1943
-8583
-10617
-2924
7914
8849
-605
-8211
-5639
3388
8543
4936
241
-1270
1937
4050
4237
4086
4059
4055
2806
2768
4292
5383
4337
2128
2217
4204
5144
2968
321
584
3370
4664
2282
-1046
-1526
912
2536
1311
-798
-1268
-636
-922
-1839
-1459
92
225
-2071
-4280
-3669
-927
845
-29
-2293
-3636
-3013
-1175
393
703
-235
-1654
-2478
-1816
288
2262
2154
-89
-2041
-1490
892
2536
2132
734
-216
-379
-87
584
1439
1550
341
-1197
-1615
-576
473
352
-1061
-2169
-2140
-1399
-1349
-1902
-2316
-2149
-1902
-2335
-3266
-3350
-2318
-1873
-1878
-3806
-4620
-5774
-1350
2646
3163
-4152
-10317
-6314
3939
9782
2888
-6724
-7478
560
7530
5945
814
-700
1386
4397
3300
2681
2917
5284
4824
2507
1461
3291
5077
4145
2334
2493
4063
3709
883
-329
2072
4728
3236
-562
-2157
-58
2462
2274
-60
-1631
-1247
-489
-702
-1090
-641
-264
-1358
-3128
-3265
-1219
559
-259
-2542
-3211
-1700
-432
-798
-1431
-936
-23
-214
-1485
-1863
-103
1862
1353
-828
-1503
110
1676
1511
617
449
816
690
58
-48
689
1313
849
-510
-1468
-1016
223
408
-894
-2153
-1839
-848
-1330
-2197
-2560
-1892
-1492
-2170
-3162
-3211
-2208
-1585
-1942
-3723
-4503
-5503
-1661
2387
2884
-2852
-9407
-6572
1952
8893
4551
-5090
-7764
-1387
6734
6742
1085
-1437
594
4395
3998
1980
2046
3962
5125
3406
1560
2044
3956
4602
3551
2787
3072
2852
1087
222
2067
4596
3900
-246
-3083
-1194
2953
3973
776
-2735
-2791
-228
808
-15
-1254
-1225
-762
-1995
-2658
-2017
-189
402
-1650
-3056
-2601
-658
140
-939
-1568
-926
12
-322
-1182
-760
921
1665
462
-991
-670
1152
2131
1367
134
-152
304
628
794
1179
1346
352
-1177
-1485
31
1527
967
-1336
-2782
-2126
-635
-255
-1475
-2290
-2396
-1906
-2127
-2881
-3137
-2444
-1596
-1358
-3197
-5159
-5882
-2550
2945
2719
-1800
-9399
-7164
625
8115
5821
-3759
-7822
-2781
5425
7233
1431
-1432
21
4063
3829
1332
1896
4206
5667
3017
512
1501
4167
5386
3456
1857
2158
3036
2302
1060
1510
3160
3161
477
-1561
-363
2393
2792
31
-2337
-1669
500
835
-720
-1740
-1060
-357
-1791
-3061
-2352
-68
941
-1391
-3350
-3226
-1122
345
-484
-1114
-1141
-565
-663
-1341
-755
844
1887
940
-840
-1099
718
2418
1986
376
-143
734
1261
1016
915
1057
952
256
-363
-135
641
669
-644
-1598
-1314
-494
-811
-1819
-2234
-1888
-1365
-2119
-2613
-2845
-2486
-2469
-2600
-1966
-3092
-4042
-5743
-2998
1797
2674
-1598
-9127
-7199
809
8100
5587
-4586
-8642
-2413
6610
7912
712
-3060
-770
4417
5293
2033
1033
3061
5037
3675
1117
1383
3602
5219
3981
1895
1482
2477
2322
1735
2216
2952
2719
112
-1347
-93
2391
3270
362
-2232
-2069
134
1364
-49
-1656
-1644
-730
-1010
-2377
-2710
-1062
435
-450
-2773
-3677
-1901
333
570
-852
-1816
-1385
-564
-193
179
962
1301
399
-854
-636
1225
2747
2302
701
-77
511
1417
1742
1706
1475
833
13
-235
311
901
633
-165
-893
-1014
-882
-712
-923
-1265
-1718
-2003
-2024
-2180
-1929
-1938
-2498
-3280
-3493
-2834
-1332
-2613
-4135
-6227
-2222
1943
1745
-3870
-9038
-4341
3517
7454
1019
-7254
-6469
1483
7586
4992
-1804
-2515
1155
4936
3426
939
1978
4243
4752
2008
535
1870
4240
4961
3108
2003
1491
2095
1850
1505
2518
2961
2140
-528
-1487
681
2839
2160
-806
-1916
-503
818
-158
-1627
-1091
-14
-160
-2333
-3509
-1835
150
684
-1643
-3713
-3199
-1300
649
391
-799
-1622
-1710
-858
143
1079
1348
786
-59
-259
411
1420
1988
1873
1501
1007
534
401
972
1985
2379
1399
-111
-622
135
1048
956
-38
-583
-479
-451
-1165
-1690
-1311
-479
-528
-1713
-3348
-3749
-1876
-654
-1395
-3071
-4237
-3388
-1748
-2158
-3179
-5641
-1937
1260
1396
-3523
-8361
-4053
3160
6782
561
-7029
-5408
2315
7096
3309
-3125
-2047
2455
5825
2959
-13
1537
4198
5013
1817
163
2041
4504
4801
2082
795
1297
2359
2213
1750
2392
2657
1322
-895
-1064
1175
3044
2079
-598
-1867
-909
445
279
-704
-979
-506
-644
-1811
-2518
-1555
69
191
-1496
-2939
-2395
-676
177
-290
-769
-470
-215
-719
-1040
93
1960
2329
500
-1358
-797
1681
3223
2194
168
-380
818
1928
1785
1204
1144
1219
573
-259
-29
1152
1625
362
-1324
-1551
-465
353
-285
-1430
-2160
-1691
-1477
-2002
-2446
-2297
-1402
-1571
-2735
-4633
-4062
-1990
-529
-2401
-4727
-6387
-2524
1784
1737
-2804
-8294
-4978
1825
6477
2003
-6053
-6766
584
6726
4880
-2001
-2684
690
5091
4003
812
768
2905
4764
2792
884
1144
3293
4629
2969
1339
867
2538
2568
1796
1627
1827
2010
448
-235
469
1828
1981
61
-1305
-747
566
383
-672
-982
-409
-188
-1054
-2107
-1764
78
729
-1016
-2841
-2472
-461
986
370
-1467
-1898
-319
841
233
-427
238
1147
900
-82
-137
1251
2421
1793
314
32
1104
1958
1756
1078
670
658
736
579
412
692
896
296
-641
-857
-469
-238
-385
-864
-1424
-1803
-1725
-1760
-1726
-1673
-2022
-2491
-3051
-2826
-2355
-2225
-2885
-3315
-2919
-2733
-3439
-4718
-1554
1364
777
-4365
-8061
-2619
3324
5865
-287
-6267
-4445
2001
6226
2888
-1974
-1359
2456
4944
2166
-227
974
4543
5158
1751
-231
1106
4146
4634
2561
1117
791
2186
2282
1831
2194
2290
1664
-308
-273
1226
2563
2375
-202
-1513
-627
1091
958
-497
-963
-582
-76
-589
-1569
-1456
-78
425
-817
-2138
-2081
-690
609
528
-870
-1745
-966
268
549
259
354
572
277
-167
137
1177
1821
1283
390
428
1056
1127
894
1004
1003
709
703
781
480
182
152
44
-189
-231
-259
-555
-977
-1356
-1513
-1304
-1355
-1824
-1919
-1830
-1772
-2190
-3037
-2923
-1920
-1368
-2093
-3479
-3564
-2294
-2441
-2881
-4142
-2456
827
709
-2027
-6911
-4217
1519
5206
2469
-4780
-5912
-147
5606
4587
-1466
-2319
1087
4343
2972
-241
106
3608
5268
2520
-479
-250
3311
5604
3547
859
-102
1779
3517
2698
1818
1509
1790
978
53
1108
2259
2270
198
-1307
-202
1332
1203
-327
-879
-99
479
-240
-1407
-1360
174
1233
-172
-2505
-2619
-104
1804
648
-1871
-2376
-239
1696
1067
-864
-1255
170
1373
1116
24
-473
405
1686
1613
230
-549
288
1623
1828
698
-334
-120
671
865
496
242
89
-191
-386
-314
-222
-440
-965
-1263
-1073
-1029
-1588
-2233
-2134
-1496
-1245
-1946
-2638
-3004
-2243
-1297
-1609
-2718
-3337
-2691
-1621
-1701
-2742
-3804
-3337
267
1152
-832
-5325
-4977
106
4511
3320
-2969
-5760
-1345
4447
5108
8
-2525
-20
3602
4206
1364
96
2098
4494
3801
727
123
2697
5016
4178
1457
233
1607
3030
2560
1629
1746
2087
1327
374
719
1970
2393
1175
-366
-430
827
1467
563
-608
-581
223
331
-578
-1249
-579
567
259
-1516
-2428
-1169
640
745
-907
-2249
-1624
70
613
-273
-829
-302
239
21
-397
-178
662
1225
832
-25
-301
262
1039
1360
1046
410
-25
16
366
743
886
466
-397
-844
-412
131
-48
-627
-1015
-1090
-1085
-1253
-1537
-1544
-1330
-1579
-2134
-2460
-2268
-1892
-1682
-1825
-2490
-2744
-2358
-1826
-1842
-2316
-2560
-2691
-2879
-3316
-1206
928
263
-3671
-6081
-1941
3141
4824
-325
-5116
-3637
2609
5589
2494
-2068
-1359
2503
4662
2500
-228
649
4054
5071
2319
-363
806
4083
5345
3350
721
376
2245
3453
2787
1913
1907
1736
1024
753
1458
2303
2063
547
-567
156
1421
1242
43
-431
-22
213
-475
-1344
-968
138
242
-1189
-2416
-2081
-685
81
-364
-1403
-2169
-1518
-916
-295
79
-168
-279
-1258
-951
111
907
1387
291
-467
-487
343
1290
1360
1142
492
-26
169
813
1134
1034
537
-126
-187
279
545
99
-446
-605
-615
-836
-1185
-1301
-1033
-780
-1279
-2206
-2555
-1972
-1458
-1492
-2241
-2681
-2613
-2148
-1908
-2468
-2674
-2359
-2075
-1925
-2392
-3124
-3397
-2464
792
707
-1549
-5392
-3947
1264
4460
2681
-3269
-4842
-202
4886
5284
147
-1949
596
4275
4639
1478
772
2763
5134
3940
1226
1097
3239
5652
4130
1795
883
2219
3984
3263
2317
1590
1864
1883
1050
921
1683
2374
1520
-106
-1006
-115
1179
952
-323
-1242
-1210
-944
-995
-1063
-789
-762
-1453
-2361
-2333
-1166
-358
-776
-1931
-2687
-2053
-794
-366
-634
-713
-468
-583
-1323
-1339
400
2288
1878
-586
-2034
-518
2163
2960
1361
-364
-299
922
1565
1224
868
1018
972
118
-723
-295
1068
1472
35
-1821
-2100
-773
217
-399
-1737
-2216
-1936
-1774
-1911
-1959
-1770
-1735
-2294
-3267
-3205
-1917
-780
-1531
-3200
-3542
-2518
-1174
-1419
-2038
-2189
-2057
-2700
-2941
47
2123
1269
-2765
-4923
-1057
3888
5465
437
-4136
-1934
3738
6387
2544
-1246
30
4250
5498
2465
51
1632
5184
5363
2115
-203
1359
4780
5367
2535
67
667
2829
3568
2216
974
1149
1553
1051
252
434
1276
1271
33
-1058
-807
55
96
-657
-1076
-825
-727
-1448
-2212
-1653
-191
16
-1685
-3175
-2622
-871
34
-659
-1830
-1994
-1210
-799
-1097
-991
-57
501
-290
-1477
-1258
524
1875
1188
-581
-1170
78
1570
1669
619
-145
32
538
737
769
884
786
195
-406
-288
451
856
310
-671
-1078
-722
-335
-532
-1010
-1169
-1030
-1122
-1698
-2068
-1653
-890
-913
-1829
-2438
-2056
-1219
-906
-1190
-1878
-1928
-1232
-586
-809
-1745
-1460
-587
-54
-870
-1738
-1703
-699
1730
1722
-128
-2610
-2358
1783
4235
3429
-971
-2986
352
4326
4699
1040
-600
1308
3588
3317
1206
962
2954
4486
2802
361
367
2564
4719
3304
492
-382
1213
3330
2338
715
253
791
1366
341
-94
346
993
697
-741
-1227
-509
294
58
-811
-1290
-1050
-860
-1171
-1348
-1035
-643
-1060
-2022
-2343
-1529
-458
-413
-1427
-2291
-2062
-1120
-459
-456
-684
-873
-1172
-1391
-874
435
1259
454
-1111
-1446
10
1580
1593
446
-433
-269
524
953
957
927
676
292
-48
-185
370
1128
1022
56
-909
-913
-105
453
308
-338
-995
-1285
-1201
-624
-64
-355
-1004
-1494
-1552
-1017
-601
-524
-605
-989
-1518
-1505
-947
-368
-480
-849
-896
-1106
-756
-611
-605
-528
-1455
-772
1040
1399
-371
-2966
-1481
2253
3617
1607
-2535
-2585
1501
4499
3289
-700
-1229
1574
3683
2907
562
309
2407
3684
1949
-10
497
2870
3821
1807
-198
-42
1940
2794
1329
-43
120
1236
1223
45
-303
258
832
295
-1071
-1348
-299
438
-240
-1312
-1636
-1189
-714
-972
-1413
-1260
-895
-1261
-2082
-2091
-1078
-276
-742
-1935
-2382
-1416
-144
-100
-1089
-1579
-1020
-297
-128
-405
-539
-47
591
381
-337
-255
661
1233
949
336
163
717
1338
1254
786
666
820
867
832
818
789
732
596
381
280
351
338
163
63
62
-99
-374
-452
-328
-200
-261
-715
-1205
-990
-354
-362
-944
-1269
-1091
-748
-515
-624
-1030
-1059
-776
-713
-785
-695
-688
-686
-619
-939
-1357
-1447
-151
1150
425
-1394
-2634
-1093
1659
2415
561
-1840
-1620
627
2558
2056
-135
-518
1188
2315
1514
397
819
2232
2645
1423
-52
225
2197
3060
1765
130
-206
917
2093
1870
715
73
316
602
453
362
434
328
90
-247
-545
-455
-189
-155
-269
-507
-1035
-1453
-1186
-510
-197
-580
-1422
-1987
-1642
-750
-307
-704
-1452
-1856
-1592
-886
-348
-394
-842
-1189
-1104
-540
157
366
-39
-394
-188
352
800
915
687
512
734
1030
1034
1006
1166
1278
1192
1028
947
1088
1353
1362
1016
721
760
934
925
707
501
419
332
141
-12
-4
37
-97
-402
-719
-833
-699
-555
-704
-1076
-1238
-992
-763
-1057
-1499
-1484
-1058
-842
-1359
-1728
-1485
-985
-945
-1442
-1839
-1627
-1185
-1109
-1225
-1591
-670
-245
-699
-1731
-1772
259
1340
596
-1185
-1714
110
2012
1949
415
-439
680
1880
2074
1444
953
1428
2113
1921
1295
1109
1734
2463
2125
1157
753
1131
1730
1748
1121
592
542
629
629
673
708
389
-142
-378
-191
95
109
-286
-764
-909
-778
-722
-846
-915
-835
-922
-1238
-1414
-1286
-861
-676
-976
-1420
-1410
-1039
-707
-591
-796
-960
-557
-231
-162
10
-406
-29
290
717
677
192
710
1039
993
1199
1003
1185
1296
1300
1235
1149
1359
1423
1166
1061
1049
853
986
913
651
596
295
157
67
82
80
-340
-673
-675
-657
-767
-856
-969
-1187
-1362
-1396
-1452
-1528
-1379
-1368
-1610
-1696
-1631
-1471
-1346
-1386
-1518
-1773
-1564
-1259
-1173
-1115
-1323
-1457
-1474
-1245
-851
-757
-430
-218
-797
-884
-949
93
1082
1037
135
-621
97
1380
1924
1434
705
990
1721
2031
1770
1530
1846
2188
2002
1555
1420
1898
2350
2067
1285
904
1256
1716
1650
1147
712
660
777
635
431
553
631
236
-253
-367
-212
-22
3
-345
-804
-864
-682
-661
-763
-823
-857
-993
-1216
-1263
-997
-672
-702
-1153
-1361
-1054
-696
-546
-755
-958
-690
-427
-160
-92
-346
-124
-7
214
436
202
546
686
775
888
572
817
996
1067
1134
820
802
886
961
1064
927
700
516
494
597
717
460
51
-144
-152
114
-60
-460
-710
-814
-573
-592
-866
-1095
-1104
-1017
-1248
-1519
-1487
-1187
-963
-1158
-1751
-1952
-1303
-817
-981
-1356
-1541
-1294
-960
-932
-1063
-913
-831
-974
-978
-904
-641
-559
-363
24
-77
-316
-603
-191
910
1263
907
98
-109
993
2020
2027
1101
691
1420
2126
2162
1657
1454
1957
2383
1923
1204
1286
1939
2398
1939
933
628
1165
1659
1420
762
378
505
652
398
174
136
288
115
-433
-639
-568
-243
-317
-803
-1042
-1109
-948
-949
-1061
-1037
-1035
-1096
-1416
-1544
-1167
-790
-844
-1279
-1540
-1376
-862
-589
-821
-1141
-993
-144
-51
-399
-918
-595
601
847
494
-641
-390
737
1220
980
384
328
866
1039
944
718
822
1054
1015
505
402
713
1062
1080
395
-78
-58
302
633
270
-88
-433
-564
-351
-266
-132
-421
-807
-914
-905
-726
-624
-645
-960
-1100
-988
-1039
-1028
-859
-688
-654
-847
-1041
-1066
-746
-428
-371
-660
-929
-708
-399
-290
-591
-619
-432
-116
-260
-111
-67
-39
-118
-17
501
663
619
572
316
670
1268
1409
1045
803
1124
1494
1577
1346
1097
1204
1604
1573
1131
1062
1094
1301
1329
961
658
564
775
727
427
250
248
280
121
-47
-98
-74
-134
-382
-674
-710
-479
-361
-578
-971
-1171
-1034
-779
-742
-1026
-1243
-1076
-916
-988
-1036
-987
-869
-853
-1017
-1019
-827
-536
-536
-734
-388
-264
-185
-149
-305
193
334
388
177
-28
712
884
762
576
424
816
1032
951
725
674
973
1037
657
556
803
1010
954
489
244
431
681
654
234
17
156
84
-97
-150
-172
-99
-200
-566
-683
-432
-277
-501
-791
-803
-696
-636
-644
-792
-860
-673
-547
-695
-842
-788
-613
-533
-618
-644
-537
-464
-598
-791
-638
-265
-356
-689
-621
-408
-134
-32
-285
-542
-453
166
505
304
-7
-258
182
761
761
534
355
653
948
824
773
765
893
1171
1155
746
524
851
1203
1144
726
335
323
710
1014
681
131
40
240
401
407
139
-110
-45
31
-123
-285
-202
-40
-108
-333
-559
-629
-397
-192
-332
-582
-640
-651
-582
-508
-508
-512
-612
-688
-723
-505
-335
-350
-534
-595
-110
18
-117
-425
-383
284
604
482
-238
-331
472
968
874
281
45
434
1016
1096
661
469
660
879
751
597
557
678
931
577
204
251
412
621
306
-14
-52
23
141
-71
-273
-291
-242
-376
-484
-459
-515
-585
-650
-716
-734
-582
-623
-824
-1000
-878
-597
-634
-760
-1077
-984
-669
-695
-773
-940
-882
-773
-792
-795
-769
-827
-745
-649
-942
-754
-322
-245
-450
-876
-565
208
505
201
-409
-305
403
948
996
490
352
789
1184
1245
1023
941
1182
1433
1246
837
868
1345
1552
1213
806
726
980
1204
1069
731
566
613
627
544
478
466
387
200
4
-2
154
207
46
-228
-362
-342
-285
-358
-453
-484
-507
-591
-770
-739
-670
-541
-622
-886
-848
-751
-459
-472
-656
-783
-688
-11
58
-364
-724
-597
173
567
433
-234
-539
228
835
789
343
35
301
667
778
529
275
411
553
443
309
338
446
504
311
41
63
179
213
127
-93
-157
-175
-358
-309
-150
-242
-369
-515
-672
-636
-479
-382
-526
-730
-711
-680
-678
-652
-712
-623
-516
-844
-1036
-630
-334
-478
-682
-798
-835
-531
-203
-408
-782
-805
-429
-115
-161
-451
-543
-97
180
-3
-143
-49
321
623
610
396
315
643
984
1049
896
846
1003
1121
1221
1199
1162
1187
1157
1048
1019
1221
1239
1082
964
880
856
834
828
735
673
661
478
232
227
376
372
219
-51
-259
-197
-85
-141
-255
-362
-496
-539
-442
-399
-556
-679
-663
-690
-712
-619
-581
-715
-776
-717
-628
-538
-542
-631
-703
-514
-302
-385
-512
-513
-342
-126
-126
-330
-426
-225
17
80
-26
-161
-179
-66
150
229
142
71
43
108
198
274
243
151
128
111
182
229
134
114
186
162
21
-66
-13
120
197
88
-109
-231
-138
64
102
-113
-380
-330
-58
136
-115
-510
-423
-150
-84
-371
-506
-318
-187
-170
-393
-480
-336
-139
-107
-358
-359
-211
-127
-26
-50
-105
-70
178
265
110
177
290
376
373
350
385
492
657
576
565
686
685
678
703
753
728
704
692
619
609
706
694
500
443
487
501
498
332
197
200
287
283
100
55
25
-5
-1
-65
-141
-254
-263
-241
-253
-287
-392
-448
-439
-444
-491
-530
-534
-518
-582
-622
-602
-578
-512
-551
-607
-580
-519
-444
-439
-488
-549
-518
-395
-273
-234
-310
-342
-256
-118
-58
-97
-110
-58
31
78
43
53
140
246
257
181
191
174
220
374
362
264
111
147
380
331
134
67
190
215
16
39
89
35
15
-78
-92
-93
-91
-80
-134
-203
-272
-173
-91
-212
-315
-244
-156
-128
-98
-182
-209
-114
-62
-33
-89
-56
47
78
144
138
183
271
287
359
409
424
375
349
423
473
507
523
483
406
406
482
526
542
456
321
266
308
462
472
274
117
77
204
281
149
47
-17
-40
5
3
-18
-57
-151
-217
-180
-153
-230
-309
-311
-260
-293
-409
-399
-360
-379
-357
-408
-447
-462
-477
-332
-298
-432
-519
-429
-212
-177
-285
-404
-373
-222
-143
-136
-260
-308
-128
16
-69
-189
-162
-22
95
6
-90
47
187
120
23
120
228
160
144
233
193
180
301
258
109
141
306
378
247
56
53
279
405
192
-32
-51
60
229
201
9
-136
-72
47
-108
-174
-148
-232
-154
-62
-132
-270
-227
-70
-107
-195
-189
-188
-182
-123
-95
-95
-109
-147
-97
47
115
50
-2
35
128
229
232
129
99
224
366
355
215
195
348
436
393
344
338
364
404
385
332
349
423
416
283
203
291
365
278
153
135
201
179
67
50
18
3
40
-115
-234
-159
-99
-162
-351
-422
-288
-159
-209
-446
-537
-420
-328
-300
-403
-566
-511
-274
-274
-471
-479
-386
-324
-230
-298
-429
-333
-221
-141
-189
-263
-164
-146
-96
-121
-117
-32
-116
-72
25
46
13
-44
22
59
31
2
4
3
21
159
207
127
17
30
153
176
227
137
-1
79
191
256
112
-48
23
188
256
131
4
43
149
171
166
168
154
164
161
141
176
238
229
144
91
137
217
214
118
21
92
259
182
8
19
100
170
165
90
32
79
214
197
55
-31
53
236
178
38
37
96
131
67
45
92
114
70
57
34
28
124
78
28
-23
-10
124
85
-61
-170
-67
131
149
27
-107
-174
-53
-15
-161
-114
-178
-263
-222
-306
-286
-237
-182
-269
-392
-237
-282
-429
-313
-221
-231
-298
-350
-372
-408
-271
-172
-296
-365
-349
-282
-178
-207
-366
-377
-238
-164
-116
-90
-177
-291
-140
69
-65
-125
11
8
-35
26
91
75
104
142
130
173
224
297
349
378
335
221
294
380
398
410
393
389
376
421
412
421
419
344
354
379
363
289
306
348
280
282
251
211
220
212
198
88
70
112
74
56
39
33
-13
-44
-84
-73
12
-24
-80
-176
-179
-66
-74
-170
-255
-191
-58
-84
-205
-215
-88
-21
-127
-153
-99
-137
-78
-51
-162
-152
-50
-43
-96
-83
-137
-169
-35
-46
-204
-140
-47
-194
-252
-138
-149
-154
-54
-184
-365
-199
-119
-322
-287
-181
-315
-305
-195
-289
-304
-195
-293
-361
-179
-170
-378
-327
-165
-228
-201
-152
-246
-198
-24
15
-151
-182
-31
55
97
61
-4
64
179
179
210
338
291
161
246
431
449
354
335
359
427
514
503
455
480
519
463
467
510
482
460
442
459
431
390
355
289
339
357
278
231
215
204
158
117
32
-43
45
124
36
-87
-102
-109
-103
-74
-156
-222
-266
-209
-108
-185
-268
-306
-304
-225
-233
-343
-380
-316
-273
-256
-316
-388
-308
-154
-112
-236
-369
-321
-169
-113
-162
-241
-224
-120
-104
-139
-137
-162
-208
-181
-156
-178
-137
-69
-144
-222
-97
-35
-92
-115
-166
-187
-86
18
-83
-133
-45
-51
-74
-83
-136
-136
34
90
-47
-109
-77
74
184
100
-65
-55
180
243
126
82
78
148
267
333
267
186
242
334
342
282
282
322
404
389
209
258
400
402
365
284
242
236
265
327
286
206
213
239
235
231
194
124
119
133
118
153
154
96
52
50
92
36
-46
-6
25
5
-85
-209
-156
-24
-30
-133
-229
-239
-211
-238
-257
-271
-296
-248
-194
-269
-359
-384
-330
-317
-332
-413
-394
-283
-230
-194
-340
-421
-500
-353
-326
-237
-316
-365
-335
-405
-275
-233
-185
-297
-249
-133
-173
-161
-172
-137
-23
-62
-9
-32
-31
-2
36
130
54
82
163
175
223
176
239
296
285
288
247
312
373
373
336
345
361
373
472
421
338
323
343
377
382
375
299
285
282
226
238
323
346
281
208
170
236
275
208
144
148
174
168
118
77
123
147
135
97
-18
3
73
49
29
-63
-103
-88
-108
-26
-12
-94
-154
-208
-161
-85
-121
-172
-191
-218
-228
-245
-247
-210
-197
-244
-304
-331
-299
-239
-250
-294
-339
-367
-324
-325
-332
-334
-372
-375
-407
-402
-340
-321
-317
-394
-448
-366
-278
-252
-307
-349
-314
-264
-202
-190
-186
-129
-73
-79
-117
-54
59
145
119
32
47
147
295
320
289
242
231
365
409
430
435
409
439
448
444
445
493
518
528
534
506
472
435
439
457
437
381
319
291
354
391
322
272
258
250
220
200
181
175
119
41
75
89
111
82
-16
-56
-72
-12
-39
-111
-139
-184
-172
-179
-169
-147
-198
-236
-278
-277
-250
-260
-250
-264
-312
-352
-373
-342
-316
-354
-407
-424
-401
-394
-420
-427
-445
-442
-378
-418
-495
-472
-394
-315
-370
-383
-370
-363
-249
-268
-250
-251
-255
-188
-209
-130
-129
-76
20
-34
-7
17
85
173
178
190
183
221
315
384
407
388
386
393
405
471
519
517
496
445
415
450
493
504
471
423
396
364
342
339
336
314
255
189
203
234
194
166
145
138
92
58
86
101
114
42
-22
-23
17
102
88
36
-26
-63
-1
39
22
-14
-43
-53
-41
-13
-4
-47
-94
-88
-89
-114
-128
-151
-165
-166
-169
-208
-255
-254
-230
-253
-343
-376
-389
-364
-324
-368
-387
-433
-462
-491
-473
-382
-400
-443
-505
-510
-435
-377
-305
-351
-357
-304
-321
-280
-264
-187
-97
-100
-104
-141
-48
102
142
90
52
176
293
343
320
264
329
424
487
443
393
463
513
533
474
421
488
539
510
404
369
398
406
422
371
318
337
318
256
218
197
225
240
162
96
85
126
164
122
55
9
-4
15
19
42
59
-20
-88
-96
-88
-31
-14
-107
-173
-189
-194
-145
-106
-157
-211
-230
-244
-246
-242
-223
-200
-243
-293
-287
-285
-252
-180
-238
-358
-353
-290
-249
-255
-298
-308
-290
-317
-333
-320
-298
-250
-266
-294
-324
-298
-205
-156
-147
-236
-254
-187
-94
-6
-28
-27
-51
-5
83
140
209
207
200
169
177
258
332
368
341
307
290
306
350
406
426
364
270
242
317
386
348
272
235
235
232
234
230
213
186
131
127
111
111
146
151
100
8
29
23
49
95
56
47
-42
-55
33
106
96
4
-33
-21
54
66
8
4
-28
-18
-10
-49
-39
-46
-39
-28
-116
-160
-137
-56
-34
-151
-206
-250
-229
-179
-199
-212
-284
-291
-308
-365
-335
-338
-317
-316
-378
-402
-412
-351
-304
-349
-346
-317
-301
-280
-238
-213
-205
-177
-162
-121
-55
-33
-35
-29
-13
42
111
136
161
199
206
211
235
254
287
320
322
319
309
336
373
338
301
335
337
315
317
273
282
295
259
228
184
202
188
171
171
119
92
78
98
118
107
77
6
-17
1
38
61
8
-24
-37
-27
16
4
-41
-49
-12
-1
-34
-70
-62
-34
-23
-32
-92
-101
-52
-39
-26
-66
-142
-140
-82
-26
-39
-116
-171
-174
-129
-97
-128
-157
-178
-175
-131
-166
-221
-199
-169
-150
-176
-198
-184
-189
-198
-216
-204
-154
-140
-161
-204
-212
-154
-100
-96
-146
-156
-70
-37
-39
-43
-66
4
58
45
37
48
111
130
116
139
172
224
247
201
160
186
249
293
286
214
155
212
277
242
193
185
188
196
203
157
141
165
125
99
109
113
127
111
85
75
90
110
89
85
106
95
87
72
44
42
45
36
46
47
15
-7
-30
-29
-16
-32
-19
-46
-117
-126
-125
-114
-113
-149
-161
-155
-141
-140
-162
-194
-200
-158
-149
-146
-158
-209
-215
-217
-193
-149
-161
-195
-235
-229
-182
-175
-162
-137
-143
-129
-148
-183
-129
-64
-32
-54
-95
-91
-45
49
71
4
1
38
75
103
77
54
99
136
103
81
110
170
198
152
116
105
133
178
185
169
132
112
129
142
154
151
111
83
69
86
127
118
94
57
21
46
74
65
65
64
25
15
26
51
73
59
48
8
-2
53
71
68
57
51
37
31
63
59
65
64
4
-7
23
77
90
33
-11
-43
-31
-11
1
5
-46
-86
-82
-62
-36
-62
-97
-116
-126
-105
-86
-84
-104
-136
-173
-183
-130
-82
-104
-173
-199
-175
-140
-79
-100
-180
-217
-190
-94
-50
-92
-177
-202
-123
-38
10
-39
-132
-96
-6
43
25
-24
-4
39
73
81
52
59
68
96
131
117
117
108
88
103
136
146
124
110
113
124
131
135
133
142
139
115
110
128
133
121
111
83
99
144
119
66
42
76
103
94
85
30
29
53
0
-1
26
29
32
1
-27
-32
-11
10
-4
-33
-47
-42
-54
-77
-69
-41
-22
-50
-99
-109
-88
-68
-50
-57
-90
-102
-93
-65
-51
-72
-79
-88
-102
-86
-72
-75
-66
-77
-109
-88
-72
-93
-86
-80
-52
-26
-79
-117
-91
-20
26
-31
-80
-67
-26
17
13
-7
-1
14
32
15
-2
14
-2
18
55
39
37
15
10
34
37
64
41
12
37
27
42
60
61
61
54
85
105
74
41
59
103
120
91
52
77
110
108
93
75
93
83
51
69
91
104
87
32
26
63
80
72
47
24
3
6
47
62
33
-8
-32
-4
36
33
-13
-53
-27
12
-1
-19
-24
-20
-5
-25
-64
-52
-7
2
-40
-65
-56
-38
-39
-65
-60
-40
-65
-88
-87
-74
-69
-63
-53
-68
-85
-92
-58
-25
-56
-76
-80
-54
-25
-42
-53
-69
-46
-13
-35
-22
-27
-37
-3
3
-3
-1
16
35
7
-6
28
48
33
27
16
16
52
65
51
13
-22
2
45
62
17
-34
-24
18
37
17
-11
-13
-6
-15
-3
16
8
-2
-9
-1
32
32
14
21
40
58
59
34
19
72
123
97
32
-3
48
118
115
66
22
21
60
90
69
41
32
24
24
17
39
49
14
10
-16
-22
1
8
13
-23
-34
-32
-33
-24
-45
-35
-6
-20
-44
-55
-60
-39
-16
-27
-18
-18
-54
-56
-38
-17
-1
-18
-42
-54
-40
-23
-25
-30
-26
-31
-38
-36
-54
-58
-32
-12
-9
-15
-37
-35
-5
7
5
-5
-13
-3
14
23
25
13
8
34
26
19
27
24
31
18
30
37
26
19
4
26
36
24
-10
-14
58
66
25
-18
-29
35
52
34
-5
-42
13
29
8
26
3
-23
-18
-32
-16
14
-7
-30
-51
-40
19
23
-13
-34
-43
-8
14
5
-5
6
32
23
7
6
16
39
53
38
11
12
33
46
46
46
46
28
8
14
44
78
63
14
12
38
49
59
50
17
1
0
17
54
59
25
-3
-7
1
11
6
3
-7
-33
-29
-23
-28
-27
-19
-13
-42
-59
-55
-54
-32
-41
-59
-56
-62
-61
-52
-37
-28
-44
-72
-67
-53
-46
-11
-8
-50
-87
-72
-3
12
-22
-40
-50
-24
-4
-13
-22
-22
-11
-13
-21
-23
-9
5
-7
-16
-17
-3
6
2
25
16
-16
-5
23
55
46
0
1
27
33
47
43
43
38
17
57
66
38
45
41
62
56
54
74
46
47
66
80
80
43
38
64
76
73
55
59
63
47
41
58
76
60
39
31
34
32
18
34
42
23
4
-16
-7
4
5
7
-14
-28
-20
-31
-28
-2
-13
-43
-58
-53
-34
-25
-32
-53
-64
-51
-43
-56
-73
-82
-70
-53
-68
-97
-107
-85
-65
-76
-87
-101
-110
-108
-95
-79
-93
-103
-105
-95
-70
-84
-83
-66
-60
-38
-55
-54
-19
-10
1
-10
-6
34
34
31
37
37
60
74
86
88
69
79
93
94
103
98
110
116
81
79
95
123
154
131
81
57
86
142
150
107
83
74
80
96
84
96
99
63
55
41
48
78
64
43
-2
-13
21
19
15
2
-27
-22
-23
-33
-24
-35
-31
-29
-76
-67
-58
-61
-37
-69
-91
-75
-77
-71
-87
-84
-54
-73
-89
-94
-83
-55
-75
-96
-86
-67
-40
-47
-72
-71
-63
-63
-44
-33
-47
-55
-64
-52
-20
-23
-21
-28
-42
-19
-5
-5
-8
-19
0
18
7
-1
6
22
25
16
22
21
19
29
41
52
32
20
35
39
57
79
52
26
46
75
93
71
45
71
77
65
70
63
71
80
68
69
68
66
74
58
50
52
47
61
55
35
26
20
37
41
23
17
2
-2
21
15
4
1
-8
0
-4
-14
-6
-9
-14
-17
-30
-27
-17
-20
-25
-35
-51
-46
-29
-26
-38
-52
-58
-55
-54
-47
-34
-44
-72
-76
-59
-56
-53
-58
-61
-63
-79
-67
-46
-50
-60
-65
-64
-65
-57
-53
-55
-53
-61
-48
-36
-46
-36
-32
-30
-15
-18
-6
-4
-6
11
20
33
28
28
42
37
56
67
66
63
40
55
82
73
51
52
79
74
63
52
51
59
63
78
60
49
46
36
62
69
76
75
29
24
55
79
84
41
23
46
51
54
31
27
39
25
13
3
12
20
8
-9
-19
-8
-11
-21
-19
-31
-32
-27
-35
-36
-44
-41
-35
-43
-38
-40
-38
-32
-31
-31
-42
-29
-19
-19
-16
-29
-30
-21
-4
-9
-22
-18
-17
-10
-18
-22
-10
-17
-13
-14
-26
-19
-21
-24
-21
-20
-20
-27
-36
-36
-35
-25
-19
-30
-47
-51
-34
-22
-32
-36
-29
-26
-29
-38
-23
1
-6
-16
-12
-7
5
19
26
27
20
33
49
49
54
56
54
63
68
61
62
72
71
68
70
78
75
55
61
68
55
47
46
58
57
42
37
29
25
31
29
30
25
16
16
10
11
16
9
4
-3
-1
-4
-22
-22
-6
-1
-16
-26
-31
-36
-32
-30
-34
-48
-44
-30
-46
-56
-52
-47
-34
-45
-49
-49
-65
-50
-31
-31
-31
-40
-50
-43
-33
-27
-21
-32
-26
-22
-24
-10
-20
-25
-12
-10
-8
-1
4
2
-9
-4
12
21
19
15
17
13
15
23
16
23
31
31
26
4
7
33
33
17
0
5
22
21
16
23
23
1
9
25
35
38
16
20
26
24
39
35
38
27
15
36
35
24
28
26
31
21
20
32
25
16
11
14
25
18
10
5
2
4
4
16
15
-3
-2
12
15
8
3
7
10
-1
0
11
1
1
-2
-5
1
-18
-16
-15
-22
-14
-32
-35
-21
-34
-33
-27
-39
-41
-48
-35
-19
-47
-45
-37
-50
-31
-26
-33
-32
-48
-36
-16
-30
-29
-22
-18
-14
-27
-20
0
-7
-8
-7
-2
4
-1
8
13
5
12
10
13
24
15
21
26
19
28
25
25
36
30
35
36
26
32
35
35
36
31
30
28
19
25
37
32
26
12
15
28
28
33
23
19
27
8
22
34
16
17
9
4
12
-3
2
13
4
12
0
-14
-1
-1
1
1
0
1
-9
-7
-10
-7
4
-2
-7
-11
-8
-2
-13
-12
-10
-7
-3
-13
-10
-15
-22
-10
-10
-12
-15
-18
-14
-19
-24
-19
-13
-17
-19
-22
-24
-12
-20
-26
-17
-22
-9
-9
-24
-17
-21
-19
-11
-18
-17
-13
-16
-17
-18
-19
-14
-14
-19
-20
-15
-11
-5
-10
-19
-7
-2
-1
-8
-7
6
-1
0
3
3
12
7
13
9
10
29
21
24
29
24
44
36
29
38
38
46
41
41
54
45
42
53
53
54
47
44
51
49
47
42
35
33
46
44
37
36
25
26
25
17
21
17
11
5
-6
0
3
-10
-11
-11
-21
-24
-28
-27
-28
-43
-44
-29
-37
-44
-47
-55
-45
-41
-43
-40
-51
-51
-42
-41
-37
-41
-42
-40
-40
