41
59
50
88
76
48
12
22
-4
-26
20
-4
4
-14
67
4
6
13
49
9
30
20
-7
-41
-1
4
9
7
21
5
2
19
33
23
14
-3
-9
-10
-24
-50
-32
-12
-24
-38
4
50
18
22
24
38
-17
-31
-11
-23
-36
-7
59
-32
4
-30
8
-12
62
45
45
8
-7
16
25
24
22
-7
24
-6
-14
15
18
-2
-29
-46
-38
-70
-25
-9
-35
-49
-5
-7
-53
-20
-39
-52
-63
-8
-91
20
-33
5
-27
44
25
33
0
17
-14
20
15
28
23
33
-1
-29
-32
-23
-35
-9
-2
-19
-20
6
17
18
29
27
9
22
17
18
-15
-3
-24
-8
-2
-2
19
0
25
-53
-25
-55
-11
-62
3
5
-4
-37
-32
-5
-13
-20
21
-7
10
-34
-42
-43
-14
2
-45
-16
-6
-10
-47
17
20
20
18
47
25
-48
-35
-80
-96
26
-12
-9
-20
-18
-11
5
45
62
76
16
-22
-55
-16
-7
12
12
50
41
51
31
24
14
-2
-6
0
12
15
27
28
58
52
43
67
-13
-34
-73
-83
-86
-8
-16
18
15
13
42
-3
33
53
45
14
10
-48
-44
-26
-23
1
13
-7
-26
0
29
19
8
4
0
-2
47
65
75
46
25
5
-19
-45
-53
-8
-12
33
0
66
58
23
36
48
10
10
-10
10
6
-11
-29
-46
-31
-56
-10
-15
2
-19
-8
-18
-22
-27
10
34
28
27
25
40
30
-5
-32
-43
-59
-41
8
-20
-9
-7
38
65
45
47
-1
0
-67
-79
-29
-44
-10
26
63
52
54
45
12
20
-3
18
-2
28
28
10
51
63
56
58
74
45
10
-41
-22
-64
38
-35
9
-27
-13
-1
2
39
31
31
57
67
82
11
-4
-5
-6
0
8
58
19
52
-13
60
-10
0
-27
-8
15
-33
31
-3
25
-19
36
-11
-11
-44
-71
-21
-18
32
54
53
75
69
57
22
11
-16
-39
-21
31
40
40
43
14
-6
-13
-16
-34
-34
-23
-31
-48
-13
33
23
37
20
27
-19
-43
-2
-27
28
17
42
51
12
41
18
55
15
-8
4
-9
-4
-50
-34
-9
10
-24
-7
-1
-32
-15
-31
-12
22
-7
2
43
71
93
79
56
65
-1
-39
56
-26
36
-77
-7
17
82
49
47
12
-61
-27
-117
-41
-69
-70
-110
-62
-43
22
27
-1
9
-47
-33
-23
63
46
97
9
67
80
28
25
-7
-15
-44
-4
-4
1
-27
4
-28
54
5
131
54
5
-3
-24
2
-59
-18
-45
7
-42
27
-5
12
-23
-71
-21
-33
23
16
56
32
58
25
20
-33
-93
-110
-103
-76
-45
-49
-4
-24
-12
69
66
34
7
-45
-68
-47
-58
-58
-52
-52
12
-15
-13
-15
-41
-68
-74
-86
-36
24
10
134
78
81
6
1
-53
-95
-103
-35
-23
-34
-43
0
-12
-18
22
60
60
34
-7
-49
-62
-15
24
28
38
81
39
-14
4
-2
-40
-79
-55
-20
35
60
56
116
29
22
-7
-29
-25
-46
23
-10
-12
-76
42
1
79
54
24
30
-53
-80
-87
1
-13
-2
-34
-4
-2
9
28
24
3
-23
-42
-20
-16
59
53
43
61
35
4
-66
-56
-88
-112
-27
-19
-10
40
80
61
28
-2
-33
-37
-41
-9
1
-22
-17
-26
-25
-12
-11
-31
-48
-5
34
51
66
71
45
5
5
-37
-51
-104
-24
-46
-64
58
3
22
-16
53
9
11
-3
19
5
31
-13
-6
5
-6
-17
14
-5
28
35
33
103
64
3
51
66
28
-30
1
-15
-70
-14
12
19
-11
9
0
0
-4
3
34
-5
-3
-90
-52
-78
-5
-10
32
26
-1
-35
-89
-61
-48
-28
29
-4
84
40
84
-19
-7
-42
-61
-45
4
55
-6
-3
44
16
30
-20
72
-21
-7
-45
3
-17
-20
-16
0
-66
-26
-27
11
20
-6
-45
-33
-2
-65
15
-8
58
15
41
24
16
-3
-38
-38
-11
5
12
17
19
-1
-15
-35
-21
-4
4
-19
-20
22
-13
-29
-16
-39
-28
-62
-31
31
64
61
53
40
-13
-44
-44
-61
-46
-53
27
85
49
11
-47
42
-3
51
80
95
-76
-94
-140
-123
-57
-18
1
-10
-28
-22
-28
-19
-64
-68
-43
-32
6
66
71
6
-3
-55
-21
-111
32
-26
-47
-19
-6
26
22
123
132
110
5
-11
-10
-96
-68
-61
-19
-26
17
-5
27
-36
-8
-68
-12
13
76
65
62
21
-18
1
-4
41
31
72
-44
12
-44
6
92
97
120
55
7
-86
-45
-91
-42
10
-6
42
26
10
-20
-82
-11
-35
-5
-8
52
-77
-71
1
69
74
125
77
21
-75
-113
-55
36
79
139
79
70
51
-34
-78
-42
-9
-45
-19
-49
12
-54
-15
2
78
5
46
17
34
-12
25
-21
62
-3
16
15
-9
-39
-62
-21
2
74
93
41
89
11
-39
-62
-105
-60
-108
12
21
74
9
-11
-43
-39
74
10
78
31
72
35
13
17
-30
14
-62
57
38
-1
-46
-66
-54
-93
-32
55
60
32
-31
21
-69
-47
-57
59
31
34
23
-18
-41
-74
-93
-7
-11
24
50
29
16
10
29
-11
-26
-26
-72
17
37
32
53
8
0
10
16
-25
-16
-29
-43
-13
-15
33
45
12
43
23
-6
-56
-81
-83
-66
-18
-79
-1
-27
62
6
25
-2
-63
-53
-44
-14
-7
2
100
41
9
-26
-80
-85
-115
-38
21
25
-55
-110
-88
-110
-75
4
9
-15
13
-97
-39
-106
-84
-76
-28
25
100
95
84
55
21
31
29
18
-4
-21
-84
-95
-41
24
21
-45
-58
-144
-44
17
166
98
58
15
-48
-66
27
3
102
-24
51
10
71
46
42
73
50
42
-6
29
-48
-36
-16
27
49
49
-4
11
-28
-22
-7
97
-9
54
-56
-21
-87
-7
-95
-36
-84
-38
-1
2
130
77
54
50
26
-2
-59
-128
-75
-92
8
-28
40
-22
-34
-56
4
47
49
121
71
45
84
67
90
55
106
-22
-3
-8
40
51
151
113
158
67
-1
-149
-103
-72
13
74
125
96
-29
-102
-86
-65
31
32
81
22
-14
16
-65
-11
-10
-1
-3
50
-7
56
18
49
54
13
-24
-69
-97
-63
-65
-28
-35
23
2
-53
-52
-44
-1
13
96
68
18
-60
5
11
64
45
35
-29
-7
59
69
58
30
4
38
-18
47
-64
-26
-56
-17
34
75
115
3
37
-35
-38
-105
-12
-9
-55
58
-79
-21
1
42
26
115
48
4
18
-17
59
60
85
106
24
40
57
38
43
77
-1
-43
-36
-42
124
27
65
-66
-1
-11
-36
35
77
10
-1
71
-65
20
48
85
54
56
57
2
-5
-19
11
3
11
92
106
117
-94
-75
-70
27
31
68
104
22
-42
28
-1
-4
-4
6
11
129
118
84
74
56
12
63
102
10
22
-46
-65
-59
73
57
66
-65
-116
-90
-79
-66
-37
-9
47
42
72
97
52
-33
-64
-57
11
118
167
110
108
67
60
47
-28
11
63
49
-18
41
-22
-18
-101
-72
-94
36
11
2
33
40
84
-31
12
-33
-43
-77
-51
9
143
92
63
117
74
21
-77
-54
-112
-42
-46
34
43
-55
-64
-116
-117
-30
56
92
40
-13
-84
-117
-101
-67
35
66
122
116
46
90
84
28
-2
1
0
19
-126
-62
-146
-173
-173
-29
-37
-55
-24
-90
-80
-66
-43
-17
-10
-65
-17
-81
12
28
36
43
8
-27
6
30
-12
10
30
-114
19
29
120
14
-14
-40
-83
-29
-87
-76
-65
-41
-91
-9
22
10
-13
-2
-70
-98
-61
-55
-26
21
11
47
-8
-52
-86
-85
6
-95
-79
-127
-112
-201
-172
-140
-12
68
-106
-101
-22
-95
-1
-14
63
78
66
-27
-19
47
29
106
1
66
-22
-43
-24
62
90
49
0
-60
-82
-90
-35
96
29
23
-90
-64
-29
-193
-54
-73
-8
-52
-23
-48
-31
-41
-27
105
-26
19
3
-145
-52
-94
-42
-26
67
-69
-72
-93
-49
-81
-30
29
105
-7
33
-2
31
-11
119
67
12
-104
13
-5
-2
65
108
71
81
98
46
-5
-145
10
20
48
119
10
-135
-61
-58
-87
-22
-62
-115
-47
-21
165
96
100
154
-45
-20
1
36
-13
21
6
4
-9
-6
-24
35
-56
-38
-58
-109
-1
-126
-1
-11
75
11
20
71
-44
97
88
138
46
-70
-101
-225
-98
-184
-18
131
123
216
146
118
59
-92
-54
-27
-125
-8
-36
154
7
8
-227
-220
-124
-106
-49
-50
-52
94
197
206
204
143
-77
-165
-145
-78
-60
2
50
-46
80
122
65
121
-33
-47
-62
-44
-13
-70
-25
-77
64
161
61
43
-88
-191
-167
-109
-4
-62
-3
55
35
75
95
-110
-195
-31
-50
174
46
137
218
130
22
144
0
-119
-18
64
114
85
25
-55
-244
-155
-130
1
-21
114
-46
-27
-241
-3
-25
139
56
29
108
49
-60
-59
-58
-57
-179
127
391
460
379
209
-16
6
112
126
165
-30
-120
-196
-175
127
104
114
64
-63
-100
-246
-121
-93
-115
-48
-80
47
-42
40
139
82
125
50
90
17
145
255
211
331
273
205
142
-1
92
12
88
81
69
102
-29
138
-11
-22
-143
-18
-233
37
-138
-57
59
20
-9
-35
51
-103
-139
-7
-91
133
-82
93
-64
145
17
344
77
184
-128
-28
-115
101
63
152
16
-3
-100
-90
14
103
69
103
-31
-112
-278
-176
-87
-46
105
51
176
153
-19
-85
-215
-203
-249
14
145
110
155
-43
-43
-16
-43
170
76
80
-130
-126
-148
-178
131
-42
186
-19
102
-86
-108
-153
-89
-165
-76
23
125
277
211
45
98
-297
-227
-240
8
-15
-47
-46
-40
26
222
233
342
179
128
-4
-147
-143
-241
-96
-60
160
49
40
-16
6
-66
45
160
125
48
-56
-75
-131
-63
-65
-114
-128
-247
-269
-155
140
42
187
95
132
5
31
41
195
270
204
210
-15
24
-104
-74
-68
213
53
67
-57
-101
-252
-180
-262
-123
-35
33
24
-149
23
-269
69
-61
226
96
235
136
97
47
170
224
48
37
-43
26
43
58
291
160
21
-19
-151
-85
-170
-72
10
110
21
111
28
-31
-190
-14
-9
-56
-98
-211
25
-156
40
169
204
95
-45
-49
-63
-149
-202
-65
28
-45
-72
0
-11
-116
22
168
142
116
155
84
-93
-209
-267
-159
-51
-9
-80
12
148
93
78
183
217
-125
-234
-159
5
-61
51
-113
69
45
126
294
234
243
68
-178
-298
-297
-153
36
265
367
481
404
113
-145
-259
-337
-341
-229
-122
-37
-12
-24
68
273
246
15
-167
-323
-393
-284
-8
76
145
219
172
298
107
41
-37
-272
-191
-128
23
135
29
13
46
-162
8
-150
-152
-112
154
220
319
281
208
88
-75
37
-19
-37
-58
-96
-122
-325
-177
-4
206
363
368
211
21
-137
-211
-113
-245
-171
-162
-193
-12
218
603
589
422
226
-58
-324
-241
-88
-33
318
24
17
30
-24
48
156
274
-127
3
-271
-102
-295
-20
21
195
259
-39
106
-192
-71
-206
66
216
-61
-253
-191
-287
-207
79
67
531
181
398
22
173
-214
-269
-283
-206
-183
26
-118
-55
139
282
15
171
0
-153
-208
-307
27
-79
131
-39
147
-157
164
-263
-123
-149
-184
-31
-39
-8
137
-40
9
-273
-452
-346
-161
-145
137
-53
129
-204
-32
63
245
17
122
24
-68
37
125
132
67
-11
57
163
134
72
49
-25
175
140
287
209
-122
-293
-438
-360
-142
60
9
-25
59
35
-35
252
-55
65
-36
-23
-91
-133
-320
-343
-367
-120
77
269
306
223
105
67
-87
-171
-244
-574
-537
-372
-230
165
344
360
245
118
9
-14
-281
-58
-258
-366
-226
95
151
420
303
211
-195
-324
-389
-269
-157
-92
-29
213
360
170
294
140
143
-49
-195
-236
-240
-206
-52
346
339
319
101
20
-140
-251
-254
-283
-240
-111
193
57
156
31
107
-109
-162
-18
-88
-41
-203
-118
-147
-156
-106
-61
185
48
163
138
199
112
-22
46
-133
-127
-173
-62
57
185
240
222
0
48
-197
-261
-441
-328
-138
-188
-168
-85
251
500
407
212
-38
-160
-257
-201
-154
-156
-244
-109
63
344
406
58
-77
-169
-55
66
255
156
268
133
29
63
67
23
-92
-192
-185
-190
-7
104
437
403
400
53
-114
-361
-382
-142
145
392
237
123
-81
-10
-55
-17
-65
-107
-200
-260
-194
-32
84
-54
-222
-270
26
211
218
261
107
153
162
441
479
201
82
9
155
129
140
20
-268
-315
-315
-124
-97
92
373
342
444
274
376
10
-73
-122
-44
-51
-89
199
379
238
153
167
-66
47
-33
-10
74
-256
-140
-288
34
189
298
24
-109
-156
-199
19
-181
-128
-115
-204
-150
-143
-222
-175
-150
-182
65
229
253
246
-97
249
314
328
99
-50
-153
6
188
161
-131
-535
-393
-200
53
242
421
376
304
195
200
92
-168
-336
-409
-359
27
239
472
566
427
306
22
-76
-272
-163
-18
292
91
57
144
172
223
245
562
602
536
193
-36
-170
-195
-462
-685
-567
-265
154
448
508
550
470
132
-289
-618
-806
-726
-540
-239
235
514
527
379
99
70
13
-100
-163
-107
-74
-22
-4
2
151
95
300
243
346
424
501
113
-262
-517
-797
-1009
-869
-314
183
252
363
313
313
177
-172
-320
-532
-701
-591
-431
-66
139
255
278
197
139
-43
-73
-106
96
-1
53
-22
35
-196
-221
-55
204
279
325
373
267
57
-57
5
-268
-392
-494
-293
18
477
437
505
208
42
-101
-77
-194
-261
-518
-490
-315
-277
-384
-386
-318
-281
-173
19
67
14
50
135
170
241
103
-104
-430
-485
-467
-521
-306
-159
70
-28
3
265
291
356
151
125
-47
-199
-48
-61
-66
-307
-377
-321
-232
-150
-1
49
0
-38
-361
-404
-320
-275
-409
-206
-166
146
291
378
207
46
-154
-113
86
231
245
88
258
358
464
418
510
294
136
79
296
311
91
53
182
234
245
260
151
117
-36
27
408
457
381
359
464
391
574
515
433
156
1
-196
-114
51
300
362
366
384
332
258
93
-137
-334
-684
-780
-845
-767
-653
-908
-444
-418
-204
257
803
1303
1366
1261
837
388
-182
-606
-924
-1063
-1184
-954
-754
-648
-153
-189
15
52
-64
-280
-392
-695
-872
-1000
-1222
-1112
-1256
-1187
-930
-984
-1066
-1186
-1248
-1371
-1286
-1216
-1199
-1267
-1293
-1271
-1286
-1053
-912
-508
-1
480
1080
1440
1830
2072
2274
2515
2622
2664
2527
2204
1765
1399
1159
1042
1045
1088
1049
946
927
900
866
935
953
762
598
663
740
651
492
357
205
26
-201
-422
-528
-535
-476
-329
-17
372
691
855
920
926
849
699
417
197
-39
-260
-370
-526
-529
-496
-382
-231
-245
-224
-256
-136
-215
-395
-692
-908
-1180
-1264
-1091
-939
-810
-866
-54
-29
47
-43
-21
104
80
-672
-645
-628
-824
-798
-1031
-1325
-1500
-1645
-1622
-1655
-1757
-1920
-1910
-1852
-1843
-2110
-2543
-2812
-2854
-2766
-2724
-2552
-2091
-1481
-732
62
1042
1931
2405
2684
2976
3551
4025
4080
3836
3323
2804
2299
1934
1709
1359
833
251
-124
-184
8
287
499
541
453
368
336
332
258
79
-171
-428
-618
-705
-700
-644
-562
-470
-352
-187
26
285
577
890
1217
1534
1835
2062
2163
2108
1923
1662
1380
1101
809
543
239
-46
-211
-155
106
305
434
428
371
325
298
334
264
156
-18
-206
-400
-521
-455
-322
-116
19
101
125
61
-60
-302
-554
-836
-1095
-1310
-1520
-1654
-1648
-1526
-1374
-1200
-1057
-1059
-1271
-1549
-1920
-2357
-2677
-2847
-2822
-2773
-2713
-2703
-2832
-3046
-3309
-3417
-3265
-2975
-2846
-2705
-2307
-1569
-629
354
1532
2497
3197
3748
4327
4999
5423
5525
5096
4362
3549
2862
2220
1556
984
300
-334
-863
-900
-604
-297
-63
-76
-85
-174
-83
81
226
291
145
-63
-454
-672
-769
-757
-748
-708
-487
-302
47
395
808
1193
1546
1881
2003
2157
2235
2203
1970
1644
1406
1153
919
639
408
240
160
223
360
494
514
458
424
503
656
746
673
454
189
-39
-168
-204
-189
-190
-268
-412
-532
-565
-557
-554
-576
-622
-689
-762
-930
-1246
-1569
-1840
-2068
-2206
-2144
-1971
-1787
-1632
-1540
-1515
-1559
-1544
-1623
-1656
-1676
-1790
-1897
-2169
-2381
-2709
-3043
-3491
-4210
-4756
-4950
-4589
-4209
-3810
-3190
-2242
-1024
202
1697
3022
4010
4569
5103
5815
6391
6734
6399
5633
4604
3786
3144
2484
1874
1071
247
-649
-1057
-999
-691
-399
-392
-430
-575
-450
-290
-139
-158
-437
-858
-1467
-1768
-1861
-1698
-1579
-1433
-1127
-784
-184
472
1260
1849
2395
2915
3266
3563
3700
3778
3443
2995
2481
1948
1430
814
326
-217
-444
-423
-237
38
232
539
791
1040
1341
1663
1735
1554
1270
919
545
171
-14
-393
-833
-1041
-1100
-948
-714
-410
-264
-294
-263
-186
-69
-16
-160
-526
-1014
-1513
-1934
-2228
-2427
-2568
-2719
-2793
-2729
-2548
-2281
-2166
-2140
-2186
-2264
-2427
-2720
-2988
-3263
-3658
-4166
-4942
-5719
-6037
-5855
-5332
-5002
-4138
-3009
-1416
112
1910
3685
5012
6041
6692
7554
7988
8152
7597
6518
5313
4134
3310
2170
1294
274
-597
-1477
-1895
-1715
-1531
-1116
-1052
-865
-925
-599
-331
-198
-362
-856
-1402
-2030
-2288
-2374
-2308
-2240
-2234
-1850
-1166
-124
887
1796
2636
3372
4019
4459
4714
4758
4542
4019
3312
2602
1953
1324
631
-46
-588
-909
-996
-870
-606
-293
48
448
909
1384
1768
1930
1833
1566
1202
779
346
-97
-591
-1054
-1279
-1226
-1009
-669
-199
284
625
841
989
976
667
88
-628
-1379
-2083
-2656
-3123
-3508
-3742
-3780
-3682
-3459
-3063
-2632
-2321
-2133
-1984
-1910
-1971
-2109
-2386
-2821
-3427
-4180
-5098
-6082
-6608
-6555
-6014
-5474
-4684
-3437
-1800
66
1888
3916
5449
6761
7534
8385
8872
8996
8528
7393
6103
4702
3650
2391
1244
157
-759
-1426
-1903
-1716
-1496
-1111
-1051
-940
-894
-768
-548
-676
-931
-1481
-1832
-2329
-2587
-2729
-2707
-2683
-2509
-2033
-1284
-276
851
1902
2794
3593
4405
5060
5450
5523
5313
4775
4029
3253
2484
1625
706
-112
-723
-1086
-1180
-1109
-985
-777
-408
24
397
722
1019
1203
1235
1169
1015
792
551
258
-116
-406
-467
-408
-337
-186
59
280
424
529
583
528
307
-72
-568
-1110
-1670
-2167
-2589
-2998
-3343
-3490
-3496
-3448
-3307
-3143
-2933
-2757
-2494
-2247
-2160
-2213
-2456
-2848
-3308
-3870
-4499
-5380
-6334
-6807
-6754
-6069
-5459
-4380
-3105
-1312
565
2577
4572
6043
7254
7964
8722
9027
9009
8387
7150
5854
4467
3487
2237
1232
172
-623
-1158
-1368
-1065
-895
-545
-586
-464
-515
-361
-419
-824
-1392
-2074
-2579
-3112
-3343
-3446
-3369
-3135
-2777
-2032
-1116
81
1131
2171
3059
3893
4728
5226
5415
5199
4939
4413
3743
3034
2265
1555
802
295
-138
-272
-238
-135
25
101
309
419
613
706
668
573
309
114
-106
-243
-339
-422
-415
-343
-138
119
366
546
671
744
778
744
588
328
-13
-399
-802
-1204
-1643
-2094
-2464
-2776
-3085
-3302
-3371
-3383
-3325
-3191
-3069
-2933
-2774
-2542
-2482
-2505
-2648
-2940
-3331
-3789
-4241
-4815
-5438
-6183
-6455
-6338
-5554
-4856
-3804
-2476
-811
985
2686
4557
5931
7134
7850
8503
8733
8576
8098
7044
6021
4826
3985
2766
1714
700
37
-419
-661
-566
-599
-484
-561
-523
-588
-575
-619
-1118
-1659
-2413
-2750
-3286
-3422
-3634
-3620
-3562
-3258
-2462
-1586
-457
528
1606
2477
3362
4166
4774
5070
5036
4885
4394
3995
3421
2934
2239
1656
1101
672
391
282
254
196
151
176
237
275
210
104
-44
-143
-209
-276
-393
-507
-552
-533
-449
-258
18
277
467
631
778
870
872
778
560
224
-174
-583
-1017
-1472
-1929
-2383
-2821
-3155
-3325
-3386
-3432
-3443
-3344
-3158
-2967
-2843
-2776
-2754
-2747
-2770
-2842
-2995
-3226
-3499
-3815
-4126
-4555
-5059
-5484
-5554
-5116
-4478
-3662
-2633
-1292
193
1677
3285
4789
6042
6932
7639
8105
8209
7986
7378
6554
5564
4625
3613
2537
1584
792
218
-210
-344
-398
-436
-450
-450
-445
-529
-594
-885
-1361
-1901
-2340
-2711
-3112
-3363
-3528
-3532
-3361
-2872
-2147
-1316
-358
569
1518
2390
3272
4035
4530
4817
4847
4736
4472
4093
3596
2970
2365
1831
1353
932
667
525
397
306
347
469
529
522
478
399
300
196
50
-131
-284
-367
-401
-390
-313
-194
-74
86
307
538
699
760
729
588
357
117
-168
-552
-975
-1419
-1884
-2294
-2634
-2926
-3167
-3338
-3413
-3424
-3388
-3285
-3159
-3028
-2878
-2705
-2537
-2452
-2441
-2455
-2549
-2690
-2828
-3010
-3220
-3488
-3922
-4468
-4847
-4784
-4361
-3869
-3249
-2282
-1062
250
1681
3178
4556
5695
6606
7331
7803
7959
7786
7241
6434
5615
4775
3740
2612
1645
891
292
-118
-324
-468
-627
-708
-701
-680
-638
-661
-920
-1373
-1824
-2186
-2511
-2856
-3161
-3350
-3398
-3201
-2733
-2097
-1340
-469
433
1317
2236
3191
3995
4512
4812
4980
4972
4763
4400
3910
3317
2683
2045
1407
838
398
65
-183
-305
-286
-210
-149
-89
-12
81
221
339
327
237
152
72
-14
-97
-144
-147
-169
-204
-135
-6
74
109
107
57
-28
-180
-436
-764
-1144
-1570
-2037
-2499
-2898
-3221
-3459
-3639
-3707
-3602
-3370
-3051
-2712
-2375
-2062
-1778
-1541
-1435
-1366
-1326
-1379
-1489
-1700
-1948
-2227
-2578
-2980
-3537
-4143
-4595
-4708
-4524
-4155
-3582
-2791
-1735
-579
674
2044
3333
4469
5419
6179
6736
7022
6967
6648
6124
5468
4753
3895
2995
2142
1418
875
466
180
-2
-127
-239
-290
-296
-299
-384
-637
-1027
-1460
-1821
-2195
-2553
-2816
-3033
-3125
-3000
-2637
-2086
-1393
-617
216
1089
1959
2818
3573
4124
4472
4634
4646
4506
4201
3744
3188
2578
1960
1379
870
453
130
-86
-185
-175
-89
25
139
254
385
506
567
527
418
284
133
-44
-238
-407
-536
-622
-663
-639
-561
-471
-413
-388
-381
-407
-476
-609
-800
-1045
-1323
-1611
-1882
-2125
-2365
-2570
-2742
-2825
-2827
-2762
-2597
-2393
-2141
-1883
-1644
-1420
-1256
-1119
-1057
-1067
-1104
-1188
-1338
-1551
-1800
-2099
-2439
-2801
-3238
-3801
-4362
-4664
-4606
-4311
-3875
-3211
-2272
-1179
10
1326
2672
3859
4843
5646
6221
6543
6607
6373
5870
5259
4595
3815
2941
2114
1422
878
500
280
168
120
136
214
308
366
340
176
-162
-590
-993
-1392
-1813
-2250
-2610
-2817
-2878
-2706
-2332
-1786
-1107
-343
464
1256
2079
2856
3447
3803
3999
4032
3908
3671
3281
2786
2249
1790
1328
866
533
312
195
108
142
227
338
480
572
629
600
596
480
272
36
-200
-447
-746
-958
-1153
-1253
-1348
-1290
-1219
-1072
-882
-712
-543
-459
-326
-283
-313
-465
-665
-883
-1138
-1388
-1664
-1864
-2092
-2250
-2364
-2378
-2318
-2246
-2118
-1978
-1757
-1563
-1328
-1179
-1033
-962
-935
-974
-1114
-1283
-1483
-1742
-2054
-2408
-2757
-3178
-3668
-4100
-4301
-4216
-3982
-3594
-3014
-2116
-1110
31
1185
2348
3374
4213
4936
5394
5706
5726
5524
5133
4655
4169
3600
3048
2467
2023
1692
1537
1447
1398
1371
1288
1297
1214
1111
853
521
4
-592
-1163
-1686
-2181
-2649
-2979
-3194
-3155
-2940
-2498
-1950
-1245
-483
299
1085
1829
2500
2956
3274
3393
3428
3346
3159
2814
2402
2005
1620
1225
877
672
565
499
519
590
673
754
794
800
775
730
557
320
48
-244
-501
-755
-965
-1184
-1283
-1406
-1366
-1257
-1118
-926
-697
-456
-254
-1
142
217
160
36
-141
-394
-630
-953
-1268
-1626
-1896
-2116
-2217
-2269
-2257
-2181
-2042
-1836
-1594
-1336
-1110
-927
-796
-737
-720
-772
-934
-1126
-1364
-1636
-1889
-2173
-2481
-2805
-3161
-3555
-3933
-4161
-4155
-4010
-3624
-3097
-2321
-1477
-495
548
1566
2592
3487
4302
4841
5274
5497
5517
5363
5058
4735
4205
3724
3147
2704
2291
1983
1750
1527
1398
1235
1125
949
756
459
116
-365
-872
-1364
-1854
-2291
-2686
-2920
-3095
-3058
-2850
-2460
-1952
-1349
-617
70
842
1518
2144
2625
2923
3134
3189
3170
2983
2706
2374
2050
1720
1434
1160
1009
937
886
863
890
909
882
828
747
595
408
163
-174
-515
-774
-1008
-1240
-1408
-1502
-1535
-1463
-1304
-1095
-852
-575
-326
-135
17
130
182
115
-20
-260
-490
-772
-1079
-1348
-1632
-1793
-1969
-2018
-2013
-1927
-1791
-1601
-1409
-1175
-971
-787
-672
-592
-584
-678
-833
-1005
-1241
-1499
-1739
-1970
-2207
-2429
-2610
-2825
-3048
-3291
-3501
-3662
-3709
-3592
-3363
-2934
-2416
-1722
-985
-103
796
1716
2605
3395
4074
4553
4937
5114
5144
5029
4826
4515
4032
3561
3064
2642
2202
1867
1558
1265
1006
764
583
357
156
-141
-442
-824
-1184
-1533
-1818
-2082
-2327
-2465
-2538
-2455
-2294
-1956
-1571
-1053
-509
69
655
1214
1742
2134
2505
2759
2963
3060
3079
2989
2801
2608
2318
2020
1681
1420
1118
837
592
395
197
8
-146
-286
-397
-473
-551
-619
-655
-666
-696
-714
-708
-702
-709
-717
-714
-702
-671
-621
-576
-532
-452
-349
-261
-204
-176
-173
-198
-257
-360
-495
-649
-822
-1004
-1166
-1312
-1445
-1547
-1612
-1642
-1634
-1584
-1515
-1437
-1342
-1255
-1194
-1152
-1128
-1130
-1186
-1265
-1375
-1491
-1659
-1854
-2077
-2334
-2613
-2966
-3249
-3435
-3435
-3302
-2955
-2476
-1826
-1071
-173
728
1602
2500
3255
3925
4356
4686
4791
4704
4513
4149
3763
3223
2744
2227
1827
1538
1306
1159
1064
1000
983
997
977
937
789
550
218
-191
-620
-1100
-1518
-1959
-2282
-2499
-2605
-2507
-2288
-1874
-1418
-814
-170
450
1121
1745
2299
2686
3023
3224
3274
3172
3051
2788
2447
2061
1698
1282
913
658
457
243
96
27
-40
-128
-171
-192
-245
-324
-395
-490
-602
-719
-830
-943
-1049
-1094
-1074
-1058
-993
-843
-675
-473
-245
-64
81
216
311
334
288
219
104
-92
-323
-555
-818
-1103
-1342
-1517
-1662
-1754
-1775
-1773
-1767
-1707
-1597
-1482
-1370
-1240
-1116
-1034
-988
-1014
-1096
-1201
-1310
-1449
-1612
-1782
-1956
-2135
-2408
-2672
-2879
-2970
-2968
-2897
-2581
-2172
-1649
-1031
-319
473
1221
1996
2673
3276
3680
3976
4189
4168
4079
3905
3647
3248
2905
2556
2197
1967
1759
1637
1487
1387
1280
1166
1066
915
766
484
182
-206
-618
-1041
-1480
-1835
-2179
-2369
-2460
-2394
-2186
-1849
-1383
-872
-251
333
940
1560
2052
2487
2808
2974
3045
2998
2863
2681
2372
2065
1754
1386
1085
801
571
396
280
232
156
109
65
10
-49
-153
-232
-365
-530
-670
-849
-944
-1063
-1202
-1139
-1091
-1036
-880
-752
-562
-366
-190
-10
139
284
317
284
226
59
-118
-354
-623
-881
-1173
-1412
-1606
-1743
-1826
-1865
-1844
-1811
-1749
-1628
-1483
-1356
-1221
-1106
-1046
-1015
-995
-1021
-1103
-1185
-1273
-1364
-1503
-1642
-1778
-1945
-2094
-2332
-2537
-2683
-2711
-2631
-2458
-2113
-1697
-1165
-590
121
784
1505
2177
2765
3246
3582
3848
3947
3956
3879
3729
3449
3142
2821
2515
2245
1980
1827
1598
1425
1267
1164
1005
846
673
429
95
-274
-626
-1040
-1384
-1653
-1887
-2070
-2163
-2070
-1888
-1577
-1182
-723
-267
196
705
1174
1597
1895
2129
2256
2293
2283
2172
2024
1862
1744
1579
1399
1256
1141
1040
946
893
801
664
542
400
279
114
-58
-252
-483
-639
-793
-890
-1011
-1016
-987
-917
-841
-671
-497
-377
-242
-101
-22
26
67
67
12
-67
-165
-283
-456
-623
-763
-925
-1062
-1151
-1224
-1288
-1326
-1316
-1303
-1284
-1259
-1231
-1203
-1220
-1203
-1211
-1285
-1302
-1365
-1459
-1511
-1573
-1635
-1704
-1725
-1711
-1730
-1772
-1788
-1862
-2024
-2145
-2229
-2264
-2263
-2161
-1934
-1671
-1277
-743
-156
450
1095
1766
2370
2863
3277
3627
3831
3893
3890
3769
3533
3262
2957
2603
2250
1941
1659
1381
1132
927
744
589
451
287
84
-139
-370
-642
-923
-1150
-1372
-1597
-1722
-1744
-1723
-1615
-1415
-1173
-871
-497
-86
296
693
1070
1378
1645
1804
1926
1985
1950
1895
1809
1705
1600
1513
1415
1312
1258
1196
1083
959
856
736
588
426
257
72
-130
-341
-557
-744
-882
-992
-1095
-1164
-1167
-1115
-1018
-897
-742
-590
-429
-254
-93
30
106
166
157
108
7
-80
-209
-346
-503
-663
-848
-1028
-1179
-1301
-1410
-1487
-1536
-1557
-1566
-1524
-1466
-1410
-1356
-1307
-1262
-1253
-1229
-1227
-1214
-1229
-1224
-1236
-1259
-1286
-1333
-1400
-1521
-1657
-1851
-2038
-2188
-2220
-2184
-2063
-1858
-1558
-1149
-640
-26
575
1202
1798
2372
2820
3171
3424
3540
3590
3519
3370
3057
2770
2485
2204
1925
1691
1527
1324
1205
1102
1037
925
821
690
463
242
-26
-298
-647
-946
-1249
-1522
-1709
-1794
-1793
-1742
-1564
-1315
-991
-610
-182
225
606
975
1277
1484
1621
1715
1714
1631
1535
1414
1280
1176
1089
1021
999
990
1004
1027
1027
1016
988
919
809
667
469
257
28
-231
-463
-708
-923
-1085
-1211
-1242
-1232
-1165
-1052
-930
-736
-549
-377
-196
-69
12
50
72
41
-50
-135
-262
-435
-560
-671
-823
-974
-1102
-1181
-1260
-1349
-1353
-1310
-1281
-1273
-1224
-1185
-1149
-1072
-1064
-1076
-1052
-1053
-1042
-1060
-1066
-1050
-1050
-1068
-1119
-1177
-1301
-1426
-1579
-1843
-2103
-2282
-2415
-2509
-2492
-2297
-1999
-1624
-1185
-624
-30
561
1248
1783
2321
2760
3149
3408
3555
3599
3556
3392
3163
2920
2675
2390
2140
1947
1741
1540
1405
1283
1109
949
825
616
357
149
-101
-421
-689
-938
-1219
-1442
-1593
-1675
-1688
-1609
-1427
-1207
-930
-586
-201
177
516
873
1173
1376
1530
1600
1610
1577
1553
1530
1426
1356
1347
1338
1324
1311
1298
1282
1232
1163
1075
917
733
532
286
-24
-310
-512
-751
-929
-1034
-1143
-1196
-1166
-1071
-951
-775
-595
-435
-248
-97
8
104
151
170
191
142
49
-24
-133
-285
-417
-515
-644
-772
-875
-1008
-1127
-1174
-1213
-1264
-1281
-1272
-1217
-1218
-1223
-1154
-1125
-1061
-978
-943
-932
-917
-889
-907
-978
-1049
-1109
-1245
-1391
-1549
-1780
-2010
-2206
-2360
-2483
-2476
-2344
-2112
-1802
-1431
-911
-374
184
807
1408
1940
2356
2716
2994
3179
3293
3338
3318
3164
2959
2750
2493
2271
2089
1907
1689
1502
1358
1161
975
824
622
355
105
-145
-448
-740
-988
-1218
-1462
-1599
-1656
-1680
-1583
-1419
-1196
-930
-628
-277
70
398
728
1039
1271
1413
1522
1593
1576
1503
1403
1258
1131
1047
992
956
923
933
969
964
956
962
930
855
744
596
397
168
-47
-289
-530
-721
-898
-1025
-1067
-1065
-989
-850
-719
-520
-310
-147
-4
118
187
183
192
182
134
59
-92
-253
-436
-606
-719
-851
-968
-1066
-1147
-1216
-1260
-1236
-1228
-1193
-1139
-1081
-1024
-976
-880
-836
-791
-733
-716
-709
-752
-797
-835
-894
-1001
-1156
-1344
-1554
-1772
-2036
-2294
-2491
-2654
-2769
-2752
-2587
-2327
-1987
-1548
-1002
-427
157
771
1390
1947
2413
2778
3072
3279
3367
3398
3350
3195
3009
2824
2606
2381
2216
2053
1873
1687
1517
1370
1174
1001
820
583
326
35
-248
-545
-824
-1070
-1306
-1506
-1629
-1675
-1648
-1530
-1347
-1121
-843
-506
-163
203
574
848
1102
1295
1410
1479
1474
1406
1302
1188
1035
897
806
763
751
764
822
887
949
974
1013
1008
914
838
707
499
273
56
-162
-392
-599
-756
-881
-968
-948
-864
-777
-623
-425
-267
-110
41
131
177
191
160
66
-56
-166
-314
-493
-680
-828
-956
-1070
-1114
-1151
-1179
-1184
-1147
-1048
-1002
-918
-800
-748
-703
-664
-637
-670
-708
-744
-832
-909
-996
-1100
-1237
-1332
-1415
-1541
-1649
-1804
-1972
-2141
-2325
-2471
-2569
-2628
-2610
-2453
-2180
-1849
-1445
-950
-418
135
738
1358
1946
2454
2893
3268
3526
3700
3816
3804
3655
3456
3227
2955
2663
2380
2098
1801
1521
1278
1047
829
632
428
202
-21
-237
-487
-765
-1006
-1211
-1420
-1591
-1662
-1658
-1611
-1486
-1276
-1032
-749
-424
-80
285
649
973
1237
1426
1542
1600
1607
1544
1407
1249
1120
1005
894
770
658
628
661
689
731
796
846
868
863
830
753
612
426
229
9
-217
-407
-582
-758
-864
-889
-896
-876
-797
-683
-544
-390
-238
-115
-43
-3
16
-26
-106
-174
-274
-420
-539
-634
-736
-807
-842
-879
-908
-894
-862
-843
-821
-774
-732
-724
-715
-712
-729
-790
-843
-885
-969
-1057
-1159
-1246
-1361
-1481
-1569
-1714
-1857
-1995
-2114
-2273
-2487
-2605
-2683
-2738
-2680
-2483
-2170
-1845
-1423
-865
-300
283
914
1565
2142
2624
3063
3420
3640
3766
3805
3706
3516
3304
3089
2783
2461
2203
1929
1655
1395
1197
969
736
570
355
146
-89
-284
-531
-794
-1014
-1235
-1409
-1562
-1617
-1638
-1539
-1384
-1148
-934
-616
-264
102
422
738
1038
1266
1417
1533
1568
1529
1408
1264
1091
886
731
607
494
424
415
467
492
561
677
755
833
855
857
776
678
560
351
138
-70
-236
-443
-603
-724
-764
-829
-795
-733
-589
-455
-284
-114
6
117
204
257
247
189
135
-1
-156
-306
-456
-592
-741
-853
-938
-1045
-1079
-1105
-1135
-1113
-1083
-1032
-1006
-996
-952
-918
-894
-877
-871
-903
-956
-1002
-1076
-1190
-1314
-1441
-1620
-1813
-1975
-2166
-2382
-2575
-2738
-2839
-2853
-2797
-2626
-2312
-1912
-1461
-928
-314
307
918
1544
2131
2619
3009
3313
3518
3611
3615
3541
3345
3125
2907
2644
2395
2123
1871
1657
1455
1280
1097
921
729
539
348
114
-116
-361
-610
-860
-1105
-1278
-1430
-1523
-1523
-1464
-1330
-1147
-901
-615
-289
70
398
681
939
1169
1330
1411
1451
1441
1352
1208
1059
906
746
596
506
459
425
441
499
565
654
743
811
863
863
803
708
567
387
177
-56
-278
-482
-646
-773
-862
-871
-834
-772
-669
-543
-388
-197
-39
88
213
290
321
284
185
61
-80
-228
-405
-554
-696
-849
-954
-1079
-1154
-1156
-1149
-1080
-1009
-931
-826
-740
-660
-611
-593
-608
-656
-749
-852
-970
-1106
-1218
-1383
-1546
-1715
-1885
-2034
-2207
-2367
-2518
-2629
-2683
-2659
-2593
-2440
-2138
-1759
-1341
-868
-287
293
894
1496
2010
2502
2889
3195
3417
3511
3521
3440
3314
3114
2872
2643
2384
2134
1904
1691
1481
1276
1138
993
792
628
449
205
-32
-247
-493
-762
-995
-1172
-1334
-1471
-1498
-1436
-1353
-1181
-928
-677
-400
-73
233
522
797
1032
1205
1287
1355
1403
1392
1331
1238
1186
1111
1026
978
955
929
860
812
774
707
610
525
417
290
181
37
-127
-294
-406
-511
-639
-698
-718
-728
-720
-649
-540
-454
-333
-194
-102
-4
113
192
219
214
200
170
94
8
-95
-245
-386
-507
-638
-775
-868
-910
-975
-1055
-1074
-1098
-1143
-1139
-1113
-1092
-1057
-1010
-965
-951
-961
-961
-967
-1017
-1092
-1160
-1229
-1326
-1435
-1571
-1752
-1924
-2099
-2292
-2446
-2493
-2528
-2515
-2369
-2131
-1790
-1401
-902
-294
289
849
1441
2013
2448
2809
3131
3352
3420
3408
3341
3146
2918
2689
2467
2184
1912
1715
1499
1319
1179
1068
896
725
590
390
164
-89
-307
-567
-866
-1085
-1286
-1462
-1581
-1588
-1506
-1430
-1266
-973
-703
-413
-32
326
623
888
1137
1299
1379
1435
1428
1372
1285
1209
1138
1018
916
855
774
694
654
619
563
514
480
405
280
181
89
-63
-220
-357
-503
-625
-699
-747
-770
-772
-745
-660
-558
-444
-280
-114
-2
101
205
238
242
229
171
106
7
-78
-183
-315
-420
-544
-638
-714
-789
-853
-914
-955
-992
-1006
-1030
-1058
-1018
-1007
-1024
-992
-1002
-1026
-1031
-1052
-1074
-1143
-1215
-1288
-1405
-1529
-1646
-1768
-1939
-2111
-2272
-2430
-2513
-2502
-2449
-2320
-2049
-1683
-1267
-789
-198
408
959
1543
2075
2518
2859
3131
3338
3390
3373
3313
3135
2880
2641
2405
2160
1939
1726
1551
1386
1229
1127
1015
860
705
532
310
72
-150
-392
-687
-939
-1127
-1316
-1440
-1462
-1415
-1302
-1123
-878
-586
-285
65
435
746
1019
1232
1397
1481
1467
1427
1300
1136
987
860
762
690
662
636
643
682
713
764
788
766
748
687
549
404
256
62
-141
-332
-510
-660
-742
-758
-758
-708
-619
-503
-353
-216
-68
68
189
267
295
283
190
86
-35
-178
-305
-428
-569
-671
-717
-773
-798
-812
-817
-824
-861
-848
-837
-847
-827
-840
-860
-878
-900
-913
-970
-1042
-1116
-1188
-1254
-1333
-1409
-1501
-1625
-1746
-1856
-1971
-2085
-2204
-2322
-2390
-2387
-2334
-2230
-1992
-1642
-1277
-866
-325
246
761
1318
1860
2309
2689
2972
3192
3314
3350
3354
3232
3032
2806
2588
2370
2108
1872
1686
1500
1300
1141
974
801
645
441
234
-2
-220
-434
-670
-887
-1068
-1176
-1282
-1290
-1216
-1123
-948
-724
-448
-173
115
430
709
942
1141
1273
1315
1328
1316
1249
1124
976
866
773
666
603
605
583
567
621
675
666
660
665
609
482
358
248
58
-158
-323
-496
-627
-693
-697
-663
-632
-519
-382
-286
-113
83
212
278
319
326
287
230
131
-3
-145
-297
-435
-587
-731
-809
-883
-982
-1015
-1029
-1081
-1112
-1088
-1055
-1064
-1052
-993
-987
-1015
-1016
-1031
-1062
-1115
-1178
-1234
-1356
-1462
-1529
-1654
-1781
-1928
-2071
-2204
-2345
-2434
-2551
-2646
-2604
-2538
-2426
-2187
-1843
-1408
-934
-393
234
808
1348
1917
2417
2815
3108
3333
3459
3440
3390
3269
3073
2826
2576
2356
2071
1819
1632
1443
1245
1079
962
785
605
453
254
0
-236
-439
-683
-931
-1083
-1176
-1261
-1274
-1193
-1068
-883
-644
-377
-57
266
559
849
1071
1235
1400
1470
1435
1384
1304
1190
1078
966
865
766
686
651
629
609
620
628
618
591
537
460
332
200
62
-115
-287
-399
-476
-590
-624
-578
-525
-443
-346
-199
-70
23
147
222
236
251
244
175
56
-86
-214
-346
-498
-626
-712
-792
-878
-923
-966
-1023
-1059
-1053
-1060
-1095
-1112
-1166
-1200
-1203
-1218
-1211
-1235
-1243
-1239
-1271
-1303
-1333
-1374
-1450
-1549
-1657
-1766
-1905
-2071
-2250
-2432
-2602
-2715
-2754
-2731
-2627
-2401
-2010
-1560
-1051
-425
245
907
1496
2067
2604
3014
3342
3562
3639
3611
3531
3381
3150
2883
2621
2388
2147
1915
1749
1607
1407
1245
1108
914
720
502
266
-8
-291
-539
-800
-1038
-1222
-1327
-1380
-1361
-1192
-996
-784
-487
-171
177
545
879
1173
1381
1529
1627
1650
1603
1477
1361
1221
1044
939
864
767
691
672
669
667
676
682
668
610
535
441
322
162
-4
-170
-334
-465
-570
-611
-640
-589
-453
-378
-286
-157
-25
89
171
241
275
258
215
141
22
-83
-199
-366
-507
-598
-680
-758
-836
-911
-977
-1065
-1144
-1187
-1237
-1273
-1288
-1328
-1359
-1383
-1397
-1378
-1358
-1363
-1352
-1331
-1363
-1376
-1389
-1451
-1537
-1631
-1757
-1973
-2165
-2377
-2619
-2816
-2938
-2915
-2876
-2749
-2441
-1955
-1400
-826
-120
634
1350
1966
2576
3064
3378
3622
3714
3711
3570
3398
3156
2843
2545
2299
2121
1865
1670
1524
1454
1295
1190
1035
835
593
350
59
-317
-635
-939
-1229
-1513
-1613
-1646
-1618
-1461
-1197
-871
-502
-93
353
773
1137
1473
1718
1838
1899
1869
1748
1589
1423
1231
1017
847
769
742
729
764
849
930
988
1030
1031
963
840
685
488
223
-32
-269
-500
-691
-821
-855
-841
-755
-567
-380
-184
25
217
372
451
503
497
396
276
137
-25
-218
-400
-535
-647
-738
-793
-823
-857
-887
-920
-962
-1026
-1097
-1170
-1246
-1326
-1407
-1472
-1543
-1586
-1616
-1624
-1606
-1580
-1515
-1485
-1436
-1399
-1406
-1436
-1515
-1617
-1818
-2032
-2283
-2577
-2831
-2984
-3002
-2965
-2777
-2425
-1921
-1338
-680
104
876
1588
2213
2810
3268
3523
3697
3745
3639
3427
3229
2993
2662
2377
2195
2023
1829
1715
1669
1584
1457
1354
1205
926
598
285
-85
-529
-922
-1229
-1534
-1782
-1848
-1776
-1637
-1392
-1005
-561
-103
374
838
1232
1554
1801
1918
1931
1848
1705
1522
1280
1069
886
740
636
599
673
777
879
968
1059
1129
1160
1112
994
832
606
363
95
-146
-342
-524
-647
-715
-690
-584
-438
-253
-54
147
313
438
497
494
447
342
205
15
-200
-409
-614
-746
-845
-897
-905
-942
-956
-948
-949
-973
-1038
-1137
-1233
-1326
-1444
-1533
-1600
-1651
-1654
-1648
-1618
-1570
-1505
-1450
-1420
-1373
-1393
-1468
-1550
-1695
-1881
-2088
-2322
-2595
-2876
-3093
-3179
-3135
-3037
-2816
-2389
-1830
-1200
-505
256
1006
1671
2231
2711
3116
3335
3418
3409
3295
3124
2921
2740
2520
2298
2183
2076
1932
1817
1732
1603
1416
1201
944
577
149
-264
-685
-1097
-1465
-1753
-1941
-2046
-2016
-1816
-1535
-1197
-766
-285
174
584
976
1312
1536
1665
1710
1694
1603
1482
1335
1161
1003
915
900
895
984
1079
1163
1268
1295
1298
1215
1083
904
613
304
22
-228
-467
-641
-729
-759
-723
-624
-452
-254
-40
159
317
439
491
475
419
320
173
0
-203
-413
-525
-602
-696
-730
-713
-691
-669
-604
-586
-650
-708
-843
-1023
-1184
-1361
-1537
-1698
-1802
-1859
-1888
-1858
-1789
-1686
-1583
-1487
-1399
-1407
-1422
-1457
-1591
-1732
-1945
-2206
-2482
-2783
-3027
-3176
-3137
-2995
-2746
-2279
-1667
-987
-259
566
1385
2049
2588
3065
3401
3509
3475
3365
3191
2933
2644
2408
2184
1981
1910
1913
1871
1846
1880
1837
1648
1409
1155
773
262
-245
-731
-1241
-1699
-2019
-2239
-2346
-2261
-2015
-1657
-1229
-690
-126
381
874
1277
1585
1760
1824
1805
1673
1508
1330
1156
997
896
842
859
944
1068
1228
1349
1470
1503
1468
1388
1211
971
661
362
41
-234
-418
-526
-555
-530
-386
-228
-27
218
432
583
634
676
651
529
359
166
-43
-263
-456
-622
-738
-784
-767
-705
-661
-627
-559
-506
-534
-583
-677
-854
-1055
-1284
-1522
-1690
-1829
-1940
-1970
-1950
-1897
-1788
-1667
-1534
-1420
-1387
-1390
-1414
-1489
-1658
-1886
-2150
-2441
-2714
-3012
-3244
-3301
-3215
-2995
-2642
-2087
-1377
-632
153
1011
1858
2529
3019
3415
3664
3681
3577
3434
3170
2806
2508
2302
2087
1918
1889
1894
1829
1796
1827
1762
1556
1307
994
529
-11
-526
-1041
-1545
-1915
-2121
-2272
-2318
-2180
-1855
-1443
-1005
-459
105
578
961
1303
1566
1639
1625
1587
1469
1307
1191
1110
1013
963
997
1040
1068
1146
1266
1347
1349
1311
1242
1081
847
647
447
164
-98
-238
-327
-394
-326
-136
-5
130
359
556
683
766
828
808
644
496
331
132
-50
-254
-374
-503
-575
-559
-592
-618
-636
-615
-660
-757
-821
-945
-1109
-1260
-1387
-1563
-1733
-1783
-1775
-1756
-1696
-1573
-1458
-1383
-1304
-1225
-1214
-1281
-1384
-1552
-1790
-2028
-2232
-2442
-2713
-2939
-3106
-3260
-3292
-3155
-2860
-2504
-2014
-1327
-612
89
835
1606
2242
2697
3085
3369
3450
3405
3350
3221
2977
2759
2613
2438
2239
2158
2145
2035
1871
1754
1582
1252
876
527
116
-385
-854
-1218
-1588
-1893
-2021
-2027
-1969
-1826
-1480
-1090
-742
-308
120
438
704
976
1169
1258
1315
1346
1327
1288
1291
1290
1286
1323
1343
1324
1303
1285
1248
1159
1058
965
780
598
493
347
183
74
47
30
7
98
213
304
407
533
680
738
787
825
755
641
518
439
301
144
66
-21
-125
-205
-261
-349
-460
-581
-689
-850
-1040
-1150
-1283
-1450
-1578
-1643
-1726
-1803
-1783
-1746
-1677
-1561
-1434
-1323
-1267
-1216
-1192
-1240
-1315
-1395
-1554
-1788
-1976
-2158
-2381
-2606
-2804
-2958
-3125
-3218
-3161
-2984
-2702
-2310
-1711
-1009
-335
377
1163
1854
2376
2799
3139
3360
3364
3268
3194
3033
2813
2632
2505
2358
2239
2213
2126
1991
1861
1704
1467
1101
713
290
-203
-717
-1203
-1593
-1914
-2096
-2101
-2023
-1869
-1556
-1136
-742
-345
105
505
784
1000
1170
1234
1245
1253
1233
1186
1139
1116
1132
1171
1213
1267
1294
1262
1215
1143
1009
901
843
743
598
446
323
262
219
190
203
195
182
232
308
376
425
445
471
481
472
502
500
411
333
275
191
120
58
-34
-162
-305
-417
-529
-687
-824
-950
-1103
-1214
-1281
-1351
-1419
-1477
-1509
-1527
-1562
-1576
-1568
-1576
-1570
-1533
-1499
-1498
-1494
-1491
-1502
-1560
-1619
-1690
-1831
-1954
-2055
-2156
-2284
-2453
-2589
-2706
-2777
-2711
-2507
-2249
-1849
-1257
-614
11
679
1410
2024
2489
2870
3165
3318
3275
3183
3058
2817
2573
2419
2289
2112
1991
1951
1877
1740
1600
1438
1132
745
386
-25
-488
-939
-1288
-1588
-1842
-1904
-1830
-1705
-1495
-1143
-744
-407
-58
340
653
819
960
1105
1149
1121
1126
1147
1115
1085
1121
1165
1190
1264
1280
1204
1137
1052
971
897
826
767
664
559
485
427
375
342
352
352
321
354
398
417
450
435
410
405
406
413
373
338
320
268
187
113
55
-38
-174
-297
-393
-503
-609
-706
-836
-979
-1066
-1128
-1219
-1296
-1322
-1333
-1400
-1472
-1511
-1577
-1630
-1654
-1686
-1727
-1739
-1695
-1710
-1760
-1809
-1925
-2036
-2138
-2266
-2372
-2498
-2621
-2750
-2871
-2876
-2766
-2488
-2135
-1734
-1120
-419
244
915
1615
2221
2593
2859
3112
3231
3160
3035
2887
2680
2506
2387
2278
2150
2055
2017
1938
1755
1550
1338
1019
587
143
-284
-720
-1136
-1475
-1731
-1872
-1849
-1698
-1483
-1203
-851
-483
-146
163
461
715
886
1023
1118
1153
1168
1187
1247
1287
1314
1390
1448
1505
1555
1580
1577
1501
1401
1267
1086
891
666
459
276
130
38
-17
-6
43
86
173
285
390
502
523
515
506
441
399
328
257
200
122
62
8
-27
-53
-82
-118
-156
-211
-303
-422
-555
-686
-855
-1015
-1113
-1262
-1389
-1466
-1574
-1635
-1697
-1749
-1754
-1765
-1747
-1740
-1754
-1762
-1823
-1885
-1931
-2037
-2156
-2267
-2374
-2453
-2524
-2585
-2689
-2787
-2781
-2631
-2316
-1932
-1438
-771
-82
568
1234
1937
2507
2834
3053
3191
3202
3087
2882
2660
2397
2157
1999
1889
1808
1733
1710
1651
1499
1352
1174
883
456
16
-412
-863
-1229
-1522
-1723
-1804
-1761
-1572
-1343
-1061
-666
-296
3
320
606
792
897
961
1016
1007
971
1000
1043
1089
1165
1265
1373
1467
1572
1610
1534
1428
1304
1156
945
725
512
253
106
32
-36
-68
-61
32
116
228
376
504
552
527
526
463
422
408
355
260
121
74
54
-18
-48
-74
-152
-244
-317
-392
-517
-655
-774
-900
-1011
-1106
-1171
-1259
-1367
-1452
-1534
-1608
-1713
-1772
-1762
-1799
-1810
-1808
-1829
-1835
-1867
-1904
-1959
-2029
-2127
-2267
-2392
-2515
-2590
-2696
-2794
-2725
-2504
-2166
-1776
-1254
-621
46
713
1346
2012
2549
2823
2973
3107
3126
2982
2805
2608
2352
2115
1963
1860
1759
1667
1622
1559
1375
1174
998
697
293
-127
-534
-917
-1277
-1518
-1650
-1726
-1676
-1488
-1188
-879
-551
-175
101
325
543
717
815
846
902
928
933
960
1027
1146
1231
1366
1514
1562
1614
1614
1546
1427
1280
1163
982
752
538
374
277
169
115
112
127
163
214
326
357
352
398
378
342
322
327
293
223
186
137
103
75
65
33
-60
-157
-253
-364
-511
-661
-796
-954
-1100
-1180
-1246
-1331
-1385
-1441
-1512
-1591
-1688
-1745
-1774
-1807
-1814
-1836
-1863
-1864
-1852
-1861
-1910
-1908
-1956
-2073
-2161
-2287
-2392
-2493
-2594
-2573
-2380
-2053
-1696
-1203
-593
77
720
1308
1935
2431
2726
2873
2959
2974
2860
2704
2519
2331
2142
2024
1950
1863
1787
1716
1591
1379
1153
902
604
202
-210
-528
-864
-1142
-1310
-1404
-1414
-1368
-1213
-995
-791
-531
-251
-49
126
312
472
562
575
635
725
777
874
973
1071
1179
1276
1388
1412
1391
1370
1329
1249
1086
929
786
632
525
453
379
301
267
233
208
243
252
262
261
233
240
232
229
229
210
193
170
150
154
153
123
64
-23
-90
-179
-284
-415
-565
-667
-773
-865
-950
-1029
-1084
-1178
-1264
-1346
-1408
-1441
-1540
-1660
-1726
-1744
-1771
-1789
-1764
-1758
-1728
-1690
-1679
-1680
-1727
-1772
-1857
-1978
-2051
-2142
-2223
-2216
-2116
-1890
-1578
-1220
-736
-184
333
830
1312
1731
2033
2235
2410
2522
2518
2436
2328
2212
2103
2010
1933
1839
1725
1608
1487
1323
1112
884
625
329
-1
-286
-490
-686
-843
-935
-966
-949
-889
-747
-612
-493
-332
-173
6
161
291
439
531
618
742
862
994
1139
1258
1310
1335
1392
1450
1449
1413
1358
1238
1066
925
834
714
549
416
332
248
179
167
174
148
110
98
84
58
44
36
6
-45
-56
-16
11
-3
-18
-19
-34
-80
-120
-140
-232
-336
-450
-588
-671
-761
-857
-964
-1089
-1146
-1197
-1284
-1388
-1498
-1615
-1707
-1783
-1867
-1908
-1920
-1927
-1907
-1858
-1774
-1724
-1661
-1581
-1555
-1571
-1623
-1673
-1761
-1834
-1786
-1662
-1472
-1236
-913
-473
10
529
1023
1455
1785
1967
2094
2198
2224
2157
2033
1924
1814
1754
1758
1713
1679
1654
1583
1487
1352
1215
1019
725
412
118
-155
-376
-532
-652
-736
-741
-657
-545
-425
-276
-118
-4
66
158
257
330
362
387
439
537
716
913
1083
1187
1297
1486
1592
1609
1581
1493
1333
1113
925
791
641
475
346
280
283
319
374
417
402
370
344
282
173
60
-44
-153
-263
-310
-274
-235
-222
-167
-82
-35
-16
-25
-96
-218
-365
-517
-671
-821
-953
-1079
-1214
-1325
-1379
-1406
-1478
-1575
-1628
-1650
-1699
-1770
-1819
-1848
-1872
-1868
-1835
-1804
-1761
-1703
-1673
-1685
-1709
-1700
-1683
-1697
-1643
-1460
-1227
-972
-679
-348
45
469
863
1227
1526
1706
1822
1913
1949
1922
1835
1723
1646
1605
1582
1562
1533
1500
1443
1357
1271
1162
994
764
490
226
2
-192
-351
-478
-555
-566
-530
-446
-316
-203
-122
-15
89
174
249
287
323
386
454
596
761
888
1025
1158
1299
1428
1513
1534
1426
1281
1134
986
857
712
591
451
346
346
375
447
473
444
426
410
399
329
243
109
-71
-156
-209
-220
-157
-131
-125
-91
-25
31
40
-13
-135
-297
-467
-626
-785
-939
-1079
-1215
-1330
-1381
-1388
-1418
-1479
-1527
-1551
-1589
-1623
-1667
-1739
-1794
-1830
-1855
-1856
-1835
-1828
-1802
-1760
-1741
-1698
-1658
-1584
-1471
-1329
-1124
-921
-700
-427
-95
263
629
965
1255
1495
1656
1790
1878
1927
1896
1802
1711
1610
1556
1496
1391
1303
1200
1100
1025
930
817
687
510
338
164
13
-116
-251
-338
-408
-421
-376
-314
-205
-125
-56
35
127
244
322
385
483
577
693
802
916
1080
1189
1264
1284
1274
1245
1156
1063
910
766
630
471
400
337
304
300
295
329
355
353
311
263
223
179
139
79
43
7
-10
2
11
72
89
102
95
55
53
-29
-128
-229
-386
-528
-655
-797
-952
-1076
-1187
-1316
-1435
-1539
-1653
-1739
-1778
-1820
-1823
-1765
-1711
-1654
-1574
-1494
-1411
-1347
-1320
-1298
-1307
-1345
-1343
-1349
-1362
-1284
-1131
-925
-676
-430
-165
123
399
670
896
1049
1163
1246
1304
1341
1352
1345
1333
1318
1294
1278
1287
1277
1233
1177
1084
985
907
787
625
469
303
160
84
23
-53
-102
-123
-114
-96
-72
-38
-7
5
27
86
193
322
434
527
615
717
822
887
916
911
864
826
803
762
701
608
502
420
376
365
346
300
238
161
106
85
51
6
-40
-92
-122
-102
-71
-52
-43
-37
-26
20
70
68
38
-7
-84
-155
-203
-265
-350
-463
-601
-717
-784
-845
-949
-1082
-1224
-1371
-1487
-1574
-1668
-1734
-1750
-1746
-1703
-1614
-1512
-1417
-1328
-1249
-1190
-1140
-1096
-1077
-1073
-1058
-1011
-894
-702
-488
-272
-54
184
432
651
822
938
984
1011
1057
1074
1071
1085
1078
1059
1072
1100
1132
1149
1121
1080
1031
960
874
761
620
495
417
364
311
277
258
241
245
266
279
296
307
292
296
294
256
248
266
263
285
323
343
378
409
412
409
393
353
306
250
168
78
-3
-73
-127
-154
-151
-132
-114
-92
-63
-26
-23
-88
-169
-196
-191
-182
-177
-210
-251
-265
-283
-285
-222
-156
-107
-29
27
-3
-78
-147
-226
-298
-341
-366
-366
-340
-300
-242
-184
-163
-159
-150
-183
-250
-285
-297
-323
-327
-297
-250
-184
-122
-86
-56
-22
-1
1
-8
-27
-32
-9
35
71
112
169
230
269
287
305
318
328
353
375
378
364
341
330
327
309
297
292
289
310
340
348
341
325
296
272
258
236
201
160
139
132
128
141
150
146
163
188
193
199
199
192
187
174
156
140
119
108
112
77
45
55
47
22
-12
-9
-4
-35
-56
-44
-51
-100
-99
-92
-114
-138
-151
-126
-117
-108
-91
-73
-51
-49
-53
-67
-75
-82
-85
-98
-124
-137
-134
-137
-161
-178
-182
-167
-162
-151
-151
-146
-101
-92
-69
-70
-128
-143
-156
-202
-260
-291
-317
-329
-330
-322
-301
-290
-277
-280
-267
-241
-225
-210
-222
-224
-204
-162
-118
-107
-80
-40
-4
33
76
114
126
156
171
149
152
148
149
149
131
141
147
137
149
142
122
126
124
122
115
97
99
86
69
64
34
26
49
58
47
38
54
73
77
64
41
36
40
23
9
19
35
51
80
91
94
99
115
119
96
48
30
-6
-39
-35
-20
-12
-29
5
-27
-12
1
14
7
-37
-63
-65
-82
-94
-101
-79
-74
-60
-49
-46
-29
-42
-60
-71
-71
-81
-96
-106
-92
-95
-132
-140
-116
-92
-110
-79
-111
-111
-107
-111
-97
-85
-103
-139
-156
-215
-225
-233
-229
-203
-185
-165
-138
-95
-103
-87
-109
-87
-102
-105
-124
-98
-63
-26
-23
16
44
66
86
96
117
145
127
110
107
89
73
95
117
105
92
102
101
103
87
63
37
-23
-55
-80
-116
-157
-182
-188
-187
-160
-99
-38
-27
15
-3
-18
-50
-68
-84
-87
-98
-73
-65
-71
-52
-25
3
22
22
42
47
37
25
-3
-39
-57
-48
-24
-30
-43
-37
-29
-11
19
13
-38
-100
-165
-236
-280
-259
-200
-146
-102
-76
-77
-74
-68
-92
-122
-134
-132
-130
-156
-188
-186
-186
-192
-173
-129
-97
-114
-150
-180
-227
-234
-177
-108
-48
-16
22
99
129
94
58
-21
-157
-262
-294
-267
-229
-192
-150
-123
-112
-75
-23
9
3
-31
-33
7
49
94
139
158
189
255
331
395
401
352
297
264
249
225
179
112
20
-47
-70
-104
-160
-210
-252
-274
-258
-226
-224
-246
-241
-204
-173
-137
-111
-110
-89
-42
-19
6
56
85
97
117
113
86
68
42
2
-46
-88
-57
24
86
127
140
128
135
95
29
-24
-81
-106
-123
-86
-42
-26
13
10
-21
-40
-40
-52
-60
-27
-6
15
15
-44
-64
-65
-58
-11
-4
-19
-27
-27
-8
-8
-6
-41
-92
-119
-166
-178
-155
-156
-141
-102
-68
-54
-29
10
21
9
-13
-17
-31
-38
-41
-60
-37
-4
46
79
58
53
32
-2
-24
-27
-17
-5
31
62
95
148
170
165
152
121
75
25
-27
-32
-4
16
81
118
148
180
175
170
133
103
57
6
1
-14
-25
-37
-38
-30
-22
4
27
50
50
39
22
3
-24
-37
-30
-10
3
32
73
58
68
52
64
74
91
83
101
97
82
54
40
39
23
21
40
68
68
63
71
26
-14
-29
-48
-64
-69
-61
-41
8
52
44
40
20
9
19
27
20
18
52
61
71
84
86
83
101
44
48
53
61
34
1
-23
-40
-13
3
11
15
-1
14
48
2
-1
-15
-2
-9
-3
-18
5
12
27
21
52
59
58
40
33
37
49
59
48
36
57
83
103
108
105
113
110
97
96
80
77
91
86
97
97
100
122
123
137
139
134
145
124
92
49
4
-24
-33
-27
-23
-24
-27
-4
3
-4
18
19
32
38
15
14
18
25
43
59
83
79
93
146
143
145
155
133
115
73
58
49
21
11
-11
-19
-6
9
23
29
23
-9
-14
-38
-93
-99
-103
-111
-84
-40
-36
-20
49
58
58
81
73
79
104
114
118
130
111
84
40
-4
-22
-29
-14
-37
-27
-2
0
-2
-29
-37
-39
-28
-20
-42
-46
-47
-41
-15
5
23
51
63
79
105
116
126
119
97
66
42
22
-6
-15
-21
-26
-10
3
20
39
25
-2
-41
-83
-93
-102
-99
-49
2
35
74
103
106
95
120
142
126
101
81
70
73
92
97
76
55
49
35
6
1
13
34
45
45
41
16
-12
-43
-64
-63
-67
-57
-31
-19
-7
18
49
80
100
113
113
95
89
56
6
-2
-35
-63
-50
-55
-57
-48
-38
-29
6
31
14
8
-6
-20
-36
-45
-54
-67
-48
-20
6
38
76
97
99
105
124
130
90
44
8
-16
-32
-41
-48
-65
-41
25
70
83
59
20
1
-23
-23
-8
-3
24
19
25
55
55
43
-1
-25
-34
-48
-25
3
42
53
51
105
123
92
67
33
2
-2
-7
-17
-7
19
42
51
49
50
39
29
39
42
50
71
81
96
121
119
121
112
83
77
93
90
73
59
28
34
49
49
30
30
27
18
-6
-33
-15
-7
-53
-59
-80
-103
-120
-132
-110
-114
-126
-104
-96
-100
-43
-35
-16
-7
1
-25
-24
-29
-12
-33
-51
-17
-3
28
50
39
45
17
-5
-28
-72
-94
-116
-103
-117
-134
-109
-79
-48
-40
-21
-12
-3
-1
3
-45
-70
-107
-97
-102
-71
-75
-63
-55
-52
-33
-24
-8
1
-13
-27
-35
-46
-49
-46
-56
-59
-58
-55
-36
-20
-7
-21
-21
-34
-48
-41
-43
-22
-3
-2
-15
-12
-24
-27
-46
-69
-72
-43
-28
-10
-21
-32
-34
-42
-38
-39
-21
-6
-3
11
6
-7
-12
-6
-14
-17
-22
-20
-21
-25
6
4
10
30
21
5
15
53
43
35
48
22
2
-5
-37
-84
-102
-105
-115
-129
-124
-96
-75
-67
-60
-51
-48
-31
-20
-14
-28
-33
13
4
0
39
54
75
86
94
108
111
111
86
65
50
24
8
-3
5
13
35
71
66
50
31
12
16
25
21
0
-31
-25
-8
-14
-6
2
34
73
65
79
88
67
57
42
23
8
18
20
-3
-6
-4
21
44
42
61
64
62
62
42
25
16
-7
-44
-66
-80
-81
-58
-59
-29
-9
-26
-37
-54
-69
-100
-129
-174
-169
-176
-151
-134
-106
-53
-7
5
27
54
49
27
36
22
12
12
-9
0
-1
-22
6
5
5
-3
-12
-20
-36
-48
-53
-45
-70
-47
-60
-53
-60
-68
-92
-107
-118
-120
-132
-132
-129
-97
-70
-63
-42
-21
-24
-4
23
15
38
54
50
59
58
27
18
10
0
1
-24
-26
-20
-5
-24
-15
-33
-8
-24
-12
-21
-20
-30
-21
-43
-49
-72
-67
-78
-79
-69
-74
-68
-72
-85
-95
-96
-77
-80
-84
-84
-86
-70
-44
-11
17
47
79
110
127
120
125
103
100
53
52
21
14
22
40
85
122
158
177
174
